-53
121
302
404
474
500
483
419
353
251
194
129
118
7
-27
-48
-74
-59
-31
-39
-15
-31
-47
-197
-257
-331
-394
-417
-392
-370
-324
-268
-166
-58
130
341
469
533
579
547
491
389
305
227
163
125
27
-10
-28
-37
-21
-5
3
5
-37
-50
-184
-291
-361
-385
-425
-428
-399
-349
-275
-150
-44
123
340
471
532
561
549
494
399
313
230
148
133
22
-13
-45
-44
-69
-53
-66
-82
-108
-173
-251
-322
-417
-450
-478
-460
-402
-400
-323
-203
-44
121
308
419
525
570
547
495
407
315
233
150
148
20
-29
-46
-96
-103
-86
-81
-123
-149
-185
-263
-357
-439
-501
-518
-517
-482
-428
-343
-224
-55
113
315
470
595
627
631
595
511
402
312
219
145
116
4
-25
-33
-76
-77
-73
-93
-123
-169
-261
-327
-441
-473
-508
-492
-475
-417
-334
-220
-53
103
327
478
606
665
675
655
563
484
391
307
215
139
129
11
-30
-42
-46
-44
-82
-111
-167
-235
-315
-412
-481
-511
-528
-495
-454
-370
-273
-140
-58
133
400
555
658
699
675
659
523
446
325
255
169
117
10
-31
-45
-86
-106
-127
-146
-199
-261
-330
-425
-504
-563
-574
-556
-522
-447
-377
-284
-138
-32
169
471
603
666
692
687
613
485
404
308
217
127
66
-7
-28
-76
-133
-143
-163
-175
-236
-287
-379
-450
-556
-605
-605
-577
-536
-460
-367
-281
-125
-29
225
471
618
707
747
723
666
563
463
356
281
190
127
34
-26
-55
-98
-113
-140
-171
-225
-281
-357
-478
-527
-582
-585
-547
-493
-428
-362
-266
-125
-46
163
484
639
761
795
803
745
635
532
419
347
255
148
117
3
-25
-33
-110
-138
-165
-220
-300
-389
-460
-553
-605
-605
-605
-538
-486
-393
-313
-191
-33
126
404
586
737
806
820
771
678
571
449
350
241
148
129
-11
-28
-111
-137
-165
-197
-236
-290
-391
-471
-574
-638
-668
-641
-618
-549
-461
-362
-262
-120
-31
293
506
663
763
791
774
714
593
483
379
275
179
131
23
-34
-101
-146
-162
-206
-240
-294
-381
-459
-557
-638
-693
-668
-634
-563
-488
-413
-305
-162
-45
133
419
624
759
847
859
817
707
607
491
367
271
175
133
-12
-36
-40
-131
-151
-183
-236
-315
-390
-492
-557
-629
-661
-620
-582
-512
-412
-337
-218
-86
59
329
559
723
846
907
899
839
723
600
484
387
271
173
123
-6
-39
-86
-146
-172
-193
-255
-314
-396
-490
-605
-642
-651
-637
-584
-526
-425
-343
-239
-108
3
331
531
705
818
889
871
823
698
562
447
335
242
116
111
-25
-57
-161
-184
-221
-274
-323
-367
-466
-583
-666
-689
-700
-677
-615
-540
-435
-334
-205
-54
137
387
591
755
857
873
835
743
628
507
374
287
179
137
9
-54
-139
-182
-219
-255
-303
-365
-412
-510
-582
-667
-684
-694
-640
-575
-504
-405
-294
-158
-48
122
468
660
795
905
916
897
775
659
519
411
297
215
123
23
-30
-131
-172
-209
-255
-286
-349
-426
-513
-606
-663
-673
-647
-587
-513
-416
-314
-209
-67
101
326
555
755
884
950
931
884
778
660
518
399
293
203
123
11
-47
-139
-181
-225
-273
-310
-383
-469
-538
-635
-677
-684
-658
-605
-513
-418
-313
-215
-50
116
360
598
774
889
948
903
820
709
587
467
351
227
146
126
-25
-125
-203
-233
-271
-331
-375
-429
-527
-622
-700
-718
-719
-684
-619
-524
-412
-306
-187
-45
125
375
607
769
879
929
913
799
679
564
419
329
237
135
34
-29
-153
-235
-276
-309
-344
-391
-464
-542
-621
-668
-709
-679
-666
-566
-474
-350
-249
-111
-42
244
513
705
855
947
981
923
803
679
562
462
343
233
147
111
-27
-126
-203
-235
-271
-341
-386
-463
-553
-631
-698
-704
-678
-610
-525
-401
-299
-174
-42
110
387
617
820
963
1043
1007
919
799
661
547
419
313
209
131
-2
-50
-177
-239
-268
-313
-359
-419
-492
-605
-672
-740
-732
-710
-652
-547
-425
-323
-198
-50
129
371
603
788
931
983
987
884
770
619
503
391
271
167
137
-21
-145
-226
-284
-332
-373
-398
-474
-563
-652
-735
-765
-769
-732
-652
-549
-450
-323
-174
-47
122
403
638
831
971
995
979
883
739
587
487
357
276
155
113
-25
-145
-230
-284
-337
-377
-410
-486
-553
-639
-683
-727
-715
-678
-605
-490
-362
-262
-158
-35
117
419
675
843
978
1027
1008
921
767
658
507
401
291
167
135
-19
-41
-186
-255
-300
-357
-396
-454
-524
-617
-664
-698
-699
-636
-556
-463
-357
-236
-121
-45
148
468
731
874
1007
1059
999
905
773
630
507
393
289
173
148
-23
-161
-230
-307
-371
-400
-445
-513
-605
-668
-732
-742
-734
-665
-556
-460
-341
-238
-119
-49
119
453
667
834
951
967
930
829
715
583
467
355
239
123
9
-41
-197
-253
-325
-380
-416
-473
-522
-613
-690
-731
-761
-739
-686
-605
-491
-365
-253
-148
-48
148
419
661
847
963
981
951
863
719
602
470
372
267
150
127
-42
-178
-220
-274
-324
-369
-425
-476
-567
-648
-722
-742
-718
-677
-575
-461
-348
-261
-133
-45
119
419
667
859
1009
1035
1027
923
779
660
534
419
323
227
115
-27
-49
-208
-281
-315
-365
-410
-460
-535
-573
-684
-698
-704
-661
-574
-475
-373
-259
-135
-39
130
419
659
843
975
1047
1010
907
771
631
507
388
295
166
130
-17
-140
-208
-282
-315
-379
-428
-495
-553
-653
-702
-748
-751
-713
-641
-540
-423
-299
-185
-58
94
363
559
788
903
961
963
894
766
629
499
389
276
191
127
-33
-152
-238
-274
-343
-385
-417
-476
-550
-629
-693
-764
-782
-736
-652
-571
-459
-332
-225
-86
30
313
555
763
915
1019
1007
951
821
683
559
419
340
215
141
-1
-43
-166
-241
-281
-314
-379
-428
-482
-571
-646
-725
-732
-716
-677
-580
-460
-350
-216
-79
-28
281
527
771
928
1039
1043
1019
899
757
629
493
374
281
186
154
-23
-124
-205
-253
-299
-338
-396
-458
-547
-647
-699
-732
-723
-671
-610
-473
-364
-250
-137
-49
131
419
646
843
948
1009
987
885
753
619
486
367
272
187
119
-12
-43
-219
-276
-329
-364
-417
-453
-543
-651
-700
-748
-770
-748
-675
-579
-466
-345
-227
-97
37
340
547
755
891
953
931
879
767
622
505
397
275
195
122
-21
-44
-213
-267
-321
-348
-363
-445
-513
-605
-699
-746
-762
-748
-681
-578
-461
-361
-235
-108
-38
180
483
699
881
983
1011
947
839
719
565
463
346
251
137
116
-39
-61
-194
-269
-310
-347
-396
-445
-527
-624
-680
-716
-729
-662
-605
-492
-383
-256
-130
-45
131
419
675
859
980
1035
1014
923
757
651
531
419
297
203
123
-10
-49
-187
-236
-268
-312
-367
-432
-507
-608
-681
-725
-736
-713
-628
-535
-430
-303
-195
-61
57
313
547
746
886
970
981
902
778
655
523
405
295
191
123
13
-41
-157
-217
-297
-336
-391
-428
-498
-605
-667
-746
-774
-743
-716
-631
-508
-419
-301
-175
-44
136
419
651
825
947
963
895
803
683
555
443
351
235
163
35
-46
-161
-238
-267
-300
-359
-405
-460
-524
-638
-710
-748
-748
-675
-605
-503
-396
-291
-171
-50
130
411
611
820
949
1005
978
886
763
635
500
414
304
181
130
3
-45
-183
-238
-286
-313
-355
-393
-485
-585
-644
-703
-711
-682
-642
-515
-399
-279
-158
-53
138
371
595
811
948
995
981
915
805
671
541
419
339
226
129
-6
-41
-157
-253
-279
-330
-359
-417
-480
-567
-679
-716
-760
-716
-667
-605
-464
-351
-235
-110
-39
265
525
723
853
931
971
899
805
655
530
419
329
223
138
-7
-45
-184
-238
-297
-325
-374
-415
-503
-585
-687
-745
-766
-750
-725
-636
-526
-443
-300
-203
-29
125
419
675
855
959
991
917
811
693
575
468
350
250
143
100
-39
-140
-200
-274
-287
-337
-364
-429
-521
-605
-680
-752
-755
-698
-650
-538
-407
-290
-172
-41
134
406
645
849
979
1035
1015
911
786
628
515
403
295
203
137
4
-46
-172
-211
-279
-317
-337
-391
-472
-545
-642
-689
-716
-687
-641
-524
-413
-309
-184
-38
127
382
615
831
971
1019
999
923
782
643
523
403
308
212
127
-17
-43
-188
-263
-299
-333
-370
-428
-503
-583
-657
-742
-757
-746
-684
-573
-460
-332
-227
-85
93
321
563
767
899
975
965
899
739
613
495
379
275
171
137
-26
-67
-203
-268
-327
-357
-366
-458
-511
-587
-679
-748
-780
-750
-684
-578
-485
-375
-264
-125
-28
287
513
743
885
987
999
913
790
651
539
419
339
240
139
-7
-50
-203
-268
-321
-334
-365
-409
-487
-551
-641
-715
-732
-715
-646
-540
-433
-322
-213
-76
47
326
563
771
931
1012
995
925
815
683
553
468
375
275
160
134
-44
-159
-247
-283
-307
-347
-396
-460
-544
-628
-711
-714
-697
-646
-556
-450
-333
-210
-73
74
314
549
755
918
991
1002
917
803
671
519
419
323
219
131
-1
-44
-170
-263
-309
-336
-381
-419
-492
-581
-668
-734
-764
-737
-700
-605
-474
-353
-233
-103
-32
287
515
711
871
951
931
871
745
623
487
374
303
197
143
-12
-55
-219
-270
-302
-360
-387
-414
-473
-572
-667
-729
-759
-745
-697
-609
-486
-375
-270
-140
-44
259
539
747
916
1026
1011
931
815
671
547
419
325
234
148
20
-53
-187
-235
-282
-310
-333
-369
-460
-534
-624
-698
-735
-731
-659
-566
-476
-358
-245
-121
-33
271
506
739
919
1012
1045
979
861
741
601
475
394
278
174
138
-44
-166
-234
-268
-316
-364
-363
-437
-503
-620
-684
-725
-728
-684
-605
-485
-364
-245
-129
-57
134
499
699
877
951
999
931
833
687
537
419
326
239
142
25
-31
-185
-236
-294
-316
-368
-399
-473
-541
-636
-716
-750
-748
-730
-656
-565
-426
-326
-175
-35
117
468
681
843
811
975
931
810
661
532
419
331
225
135
-3
-34
-202
-269
-305
-342
-382
-396
-463
-530
-636
-703
-732
-746
-700
-621
-503
-387
-279
-143
-53
125
468
694
867
967
1013
950
852
699
571
465
371
275
159
145
-43
-156
-239
-268
-311
-349
-370
-428
-502
-605
-662
-713
-696
-668
-574
-473
-354
-240
-109
-34
279
531
755
919
1012
1031
997
855
713
595
469
353
259
158
117
-30
-166
-225
-284
-315
-342
-369
-428
-514
-613
-681
-748
-725
-673
-605
-501
-385
-275
-145
-34
133
505
727
883
983
987
922
807
673
539
419
335
230
123
7
-44
-184
-281
-313
-357
-373
-407
-467
-557
-653
-731
-748
-754
-705
-624
-522
-422
-297
-160
-43
122
470
707
871
955
947
869
779
655
532
419
334
227
137
10
-54
-219
-299
-349
-371
-382
-422
-475
-540
-641
-704
-727
-718
-666
-570
-459
-339
-231
-110
90
346
583
788
929
998
997
911
771
635
514
407
314
221
129
-14
-44
-190
-253
-301
-330
-348
-386
-428
-534
-617
-682
-705
-700
-622
-535
-428
-314
-181
-47
117
419
675
873
969
1025
963
875
755
586
478
379
308
213
139
-23
-33
-209
-294
-323
-330
-380
-410
-492
-571
-664
-716
-738
-716
-664
-543
-418
-298
-172
-41
142
471
675
853
970
992
917
799
665
555
419
331
227
130
20
-37
-192
-245
-300
-342
-370
-396
-455
-528
-636
-712
-764
-771
-748
-651
-543
-427
-307
-174
-37
127
467
702
863
929
955
884
801
667
531
409
309
212
123
26
-44
-155
-217
-283
-326
-364
-379
-437
-505
-583
-654
-716
-732
-700
-630
-514
-396
-253
-141
-39
251
523
727
899
975
979
923
815
675
565
453
347
271
159
106
-27
-143
-222
-248
-317
-316
-333
-391
-464
-570
-661
-694
-689
-658
-568
-465
-355
-227
-111
-33
286
531
725
889
1011
1023
921
820
675
553
415
319
228
131
52
-30
-161
-234
-293
-319
-346
-385
-428
-525
-605
-684
-734
-741
-703
-627
-517
-382
-284
-141
-64
121
499
707
859
931
953
886
763
635
529
404
307
211
116
-9
-32
-203
-273
-315
-349
-355
-391
-444
-518
-641
-694
-748
-760
-718
-633
-537
-407
-309
-182
-48
187
481
714
851
959
982
895
795
660
533
419
340
238
137
93
-42
-157
-236
-297
-332
-346
-364
-425
-505
-577
-658
-729
-748
-699
-606
-515
-382
-284
-140
-43
148
514
724
886
998
1033
963
821
697
573
463
363
275
180
129
-12
-125
-205
-270
-281
-300
-345
-400
-470
-561
-642
-705
-720
-699
-556
-476
-386
-245
-119
-42
217
507
723
895
982
995
948
819
661
539
419
339
230
122
52
-41
-158
-229
-285
-332
-346
-383
-427
-499
-605
-666
-722
-740
-716
-645
-546
-446
-307
-185
-37
83
467
692
842
921
965
903
778
643
519
399
289
205
118
-16
-47
-188
-245
-311
-346
-379
-394
-429
-499
-565
-657
-731
-748
-723
-675
-569
-453
-329
-187
-44
120
419
665
857
963
979
931
826
690
564
419
331
255
162
120
-24
-165
-223
-296
-327
-332
-370
-410
-473
-559
-658
-711
-734
-710
-631
-530
-399
-281
-140
-35
123
510
723
911
1019
1043
949
839
707
563
447
346
251
173
127
-33
-156
-229
-283
-315
-331
-367
-403
-476
-541
-642
-700
-726
-705
-645
-528
-411
-293
-172
-42
137
487
713
879
973
975
931
787
639
501
391
307
215
125
-29
-44
-172
-253
-300
-342
-396
-377
-426
-503
-587
-684
-737
-776
-755
-653
-569
-460
-329
-203
-33
148
462
679
859
931
963
884
763
633
500
383
294
208
137
1
-44
-188
-236
-301
-334
-349
-389
-428
-508
-572
-671
-708
-730
-716
-637
-537
-426
-286
-164
-44
131
505
709
891
999
1012
957
820
679
551
443
329
243
147
114
-33
-161
-229
-279
-299
-305
-332
-377
-431
-543
-638
-703
-709
-675
-605
-510
-379
-257
-125
-44
187
539
730
970
1012
1026
953
838
687
547
419
327
242
137
68
-31
-155
-223
-279
-298
-323
-353
-394
-459
-560
-658
-684
-741
-716
-659
-547
-432
-303
-173
-34
131
477
695
865
963
949
931
786
657
534
403
289
212
134
22
-45
-170
-242
-295
-338
-347
-384
-410
-473
-578
-677
-725
-763
-738
-682
-578
-469
-355
-198
-44
133
469
699
857
953
967
884
771
635
506
391
295
215
137
9
-50
-179
-239
-284
-314
-321
-351
-402
-459
-556
-651
-710
-716
-700
-641
-553
-432
-296
-170
-35
126
471
690
867
967
999
931
818
679
533
419
337
250
135
110
-25
-124
-185
-248
-276
-285
-319
-369
-425
-530
-605
-669
-698
-678
-626
-540
-424
-322
-172
-42
133
419
687
863
993
999
963
826
704
567
453
359
261
163
122
-27
-45
-205
-261
-286
-318
-334
-382
-428
-524
-620
-698
-739
-738
-689
-605
-485
-364
-215
-60
131
387
617
798
899
931
905
819
698
559
419
342
234
148
111
-23
-151
-217
-269
-313
-343
-359
-386
-456
-537
-632
-719
-753
-757
-719
-643
-537
-400
-263
-142
-54
291
545
739
883
954
919
849
705
586
463
385
259
176
121
-5
-47
-185
-247
-290
-315
-343
-362
-422
-488
-571
-668
-716
-717
-675
-613
-513
-387
-268
-140
-42
259
523
739
883
987
979
897
791
635
531
410
325
219
148
98
-28
-85
-201
-251
-266
-281
-325
-364
-427
-510
-616
-653
-694
-703
-606
-524
-389
-287
-144
-53
125
449
706
884
1010
1030
995
833
691
533
451
334
245
139
100
-33
-152
-205
-279
-298
-314
-332
-369
-450
-543
-605
-687
-713
-697
-654
-556
-444
-341
-229
-93
113
393
635
821
959
987
961
831
699
561
415
329
239
135
53
-35
-147
-255
-300
-337
-379
-363
-396
-462
-534
-630
-703
-748
-747
-694
-612
-487
-373
-257
-96
91
355
603
803
927
970
931
862
714
575
468
356
271
177
127
-13
-45
-188
-238
-298
-312
-327
-345
-413
-508
-582
-652
-695
-726
-670
-605
-484
-355
-236
-95
-17
322
564
771
919
989
991
897
793
651
531
415
327
226
142
35
-44
-157
-226
-290
-286
-316
-322
-383
-459
-549
-634
-678
-705
-667
-605
-487
-367
-238
-121
-45
275
531
727
891
995
975
905
771
635
545
417
313
200
134
11
-39
-175
-257
-288
-316
-332
-365
-405
-460
-542
-661
-703
-729
-716
-643
-545
-441
-331
-213
-43
131
419
665
833
907
931
884
775
643
513
395
315
212
131
3
-49
-186
-268
-320
-349
-358
-389
-410
-486
-553
-626
-711
-719
-723
-680
-605
-483
-350
-220
-60
117
397
635
826
931
974
915
826
687
561
419
347
259
173
116
-31
-77
-205
-279
-285
-321
-349
-375
-434
-508
-605
-695
-720
-716
-675
-562
-454
-331
-202
-47
112
403
635
823
955
1019
962
881
736
611
503
379
291
194
143
2
-57
-183
-240
-275
-301
-309
-347
-399
-486
-581
-668
-700
-698
-672
-605
-486
-359
-233
-107
-25
320
578
791
913
969
969
867
743
597
478
379
287
209
142
-12
-32
-190
-251
-298
-331
-358
-385
-428
-506
-587
-665
-738
-757
-728
-677
-556
-437
-313
-179
-41
147
500
707
867
907
929
833
734
595
469
342
271
186
141
-2
-42
-156
-229
-288
-321
-346
-361
-399
-473
-556
-662
-713
-751
-730
-659
-572
-437
-305
-172
-34
135
481
705
859
963
982
901
789
639
514
410
318
214
139
101
-43
-140
-201
-274
-280
-299
-334
-353
-412
-521
-617
-670
-703
-689
-635
-530
-423
-301
-172
-50
137
463
689
852
967
1006
948
842
695
563
458
356
259
171
105
-27
-41
-155
-220
-266
-282
-313
-343
-422
-508
-605
-662
-722
-734
-681
-582
-492
-357
-245
-73
101
372
603
779
899
957
915
826
684
551
450
351
250
165
135
-24
-44
-201
-252
-293
-315
-331
-355
-427
-477
-581
-684
-740
-738
-732
-652
-542
-417
-304
-165
-44
99
498
725
863
951
905
825
703
571
465
347
251
165
123
-12
-57
-186
-237
-272
-300
-313
-327
-377
-455
-537
-642
-712
-729
-716
-653
-555
-446
-305
-182
-50
123
499
718
867
955
971
889
779
631
513
399
308
235
147
143
116
-26
-103
-181
-226
-255
-265
-300
-399
-485
-563
-663
-687
-671
-620
-551
-444
-328
-203
-44
125
416
660
843
954
983
921
823
699
569
419
341
256
185
107
-12
-39
-183
-249
-268
-294
-300
-335
-383
-460
-559
-647
-707
-727
-706
-611
-512
-383
-241
-105
-14
330
562
747
874
927
913
811
679
532
407
319
234
153
129
-33
-44
-174
-229
-268
-298
-317
-366
-421
-469
-573
-663
-732
-758
-734
-679
-578
-464
-332
-201
-46
126
467
692
879
931
931
858
742
593
478
373
267
219
134
101
-42
-147
-194
-273
-284
-315
-321
-331
-409
-478
-605
-677
-716
-694
-680
-583
-458
-319
-201
-45
119
418
671
852
965
978
927
819
687
553
419
355
263
194
122
4
-53
-169
-229
-255
-254
-281
-325
-371
-443
-543
-624
-689
-661
-654
-566
-463
-333
-217
-75
116
355
615
811
931
985
955
838
690
549
419
359
276
178
137
-11
-54
-197
-235
-280
-302
-317
-337
-383
-453
-549
-651
-716
-725
-710
-619
-539
-413
-300
-159
-44
127
523
723
863
953
929
845
714
563
419
341
245
179
125
-7
-47
-187
-268
-301
-341
-359
-366
-392
-458
-544
-646
-702
-737
-716
-657
-534
-432
-319
-201
-44
131
469
694
855
931
931
865
747
585
471
355
291
212
127
63
-31
-136
-205
-278
-304
-305
-334
-363
-407
-511
-578
-668
-686
-684
-639
-563
-433
-309
-172
-41
131
475
692
873
963
983
931
807
661
551
407
343
274
179
147
-13
-44
-174
-245
-290
-317
-326
-332
-379
-461
-582
-642
-697
-700
-652
-556
-445
-307
-176
-43
129
453
686
866
931
962
895
768
626
498
389
297
225
143
131
-23
-141
-205
-275
-325
-319
-332
-370
-412
-496
-605
-674
-712
-719
-691
-605
-481
-351
-219
-65
116
407
641
831
891
899
847
717
599
463
351
275
215
128
49
-33
-156
-223
-293
-329
-361
-371
-373
-418
-505
-605
-667
-732
-732
-695
-605
-481
-349
-219
-61
116
407
659
835
931
931
884
765
621
506
394
299
228
148
129
-15
-37
-183
-236
-268
-284
-310
-319
-369
-455
-540
-620
-678
-679
-652
-561
-463
-349
-221
-61
114
419
647
851
971
979
931
809
686
532
419
330
257
190
119
20
-37
-140
-222
-236
-283
-300
-328
-364
-423
-517
-615
-692
-720
-669
-605
-500
-363
-239
-95
128
394
626
817
953
953
891
791
639
502
410
299
239
167
134
-27
-30
-175
-231
-264
-301
-332
-362
-399
-476
-572
-651
-697
-746
-716
-645
-550
-443
-301
-133
-15
340
585
773
899
902
867
755
628
491
387
303
223
143
125
-11
-93
-190
-233
-281
-303
-329
-351
-391
-461
-531
-635
-686
-700
-695
-630
-543
-428
-292
-134
-27
339
575
803
919
949
907
821
661
535
419
343
270
182
121
17
-35
-141
-188
-243
-253
-276
-301
-338
-422
-507
-571
-635
-672
-650
-610
-510
-395
-270
-135
-28
345
587
802
948
994
962
859
725
585
453
376
287
217
149
73
-28
-107
-202
-250
-287
-291
-310
-345
-410
-503
-610
-679
-716
-700
-653
-552
-424
-295
-179
-47
127
515
731
874
931
913
835
683
570
451
337
276
207
122
19
-41
-155
-216
-272
-305
-337
-345
-382
-455
-526
-620
-673
-732
-722
-677
-605
-498
-352
-209
-47
137
482
690
831
911
895
823
714
569
461
361
287
203
127
18
-53
-145
-207
-269
-295
-332
-342
-353
-407
-484
-559
-646
-684
-702
-653
-566
-460
-332
-207
-53
132
465
707
875
955
931
875
750
613
484
383
315
233
158
131
-6
-31
-188
-239
-266
-282
-283
-326
-373
-435
-529
-618
-668
-672
-633
-562
-445
-329
-197
-44
143
473
710
883
955
959
899
759
627
510
407
306
247
165
139
3
-41
-188
-269
-295
-319
-332
-348
-380
-460
-561
-639
-694
-706
-665
-605
-489
-373
-250
-101
127
405
641
819
913
927
867
759
606
481
372
299
211
131
99
-30
-156
-236
-284
-332
-347
-360
-377
-427
-506
-605
-668
-705
-733
-694
-621
-505
-383
-257
-105
97
377
628
789
898
931
870
755
616
483
377
309
233
127
142
-25
-63
-207
-262
-313
-348
-341
-364
-399
-449
-556
-620
-687
-683
-664
-575
-478
-354
-227
-79
138
407
655
852
959
991
913
821
660
521
410
334
258
199
147
0
-43
-169
-227
-284
-291
-318
-317
-357
-449
-514
-579
-656
-673
-642
-566
-453
-343
-220
-47
131
419
659
851
959
975
905
787
643
519
406
314
237
163
138
-14
-38
-183
-251
-297
-342
-352
-364
-413
-478
-557
-645
-680
-710
-684
-634
-505
-381
-256
-93
126
404
655
819
905
923
865
743
595
468
345
273
207
125
69
-30
-156
-219
-302
-318
-354
-364
-379
-416
-494
-569
-670
-693
-716
-680
-607
-517
-384
-237
-70
125
414
663
819
916
931
852
745
611
469
399
309
217
150
118
-31
-44
-191
-258
-289
-313
-326
-362
-398
-467
-545
-629
-667
-679
-638
-581
-463
-334
-221
-40
122
459
697
868
963
963
895
771
624
500
398
311
267
181
128
9
-50
-167
-223
-261
-284
-298
-306
-375
-459
-549
-640
-666
-694
-637
-559
-461
-333
-206
-44
135
461
702
843
949
963
867
742
596
483
391
297
182
150
115
-28
-109
-213
-261
-298
-327
-335
-361
-402
-489
-559
-643
-691
-707
-684
-605
-497
-368
-241
-60
116
419
657
805
899
885
826
701
564
447
342
279
195
135
20
-43
-154
-231
-273
-313
-338
-359
-379
-423
-492
-605
-659
-705
-701
-694
-605
-490
-363
-194
-28
147
468
699
859
923
916
833
715
593
472
358
293
222
148
127
-28
-40
-172
-254
-293
-314
-335
-346
-396
-474
-571
-632
-686
-675
-644
-562
-443
-295
-177
-44
148
515
739
907
987
979
895
751
603
487
387
310
245
165
131
-12
-33
-172
-253
-273
-305
-323
-348
-416
-476
-559
-653
-692
-684
-649
-565
-447
-309
-185
-47
155
531
743
873
921
913
851
699
571
419
351
269
203
138
25
-25
-155
-233
-276
-295
-319
-333
-376
-437
-525
-621
-693
-721
-716
-666
-574
-463
-345
-194
-45
130
487
725
855
899
886
795
657
529
418
325
257
192
131
18
-50
-174
-234
-282
-299
-335
-349
-391
-460
-539
-630
-684
-713
-700
-647
-546
-431
-305
-161
-33
299
555
783
915
977
947
819
692
547
419
340
285
206
135
41
-35
-153
-219
-254
-300
-300
-330
-365
-417
-510
-605
-668
-687
-674
-611
-517
-384
-256
-81
116
404
667
863
955
987
919
805
667
543
411
363
261
198
131
7
-41
-171
-229
-262
-280
-302
-332
-376
-461
-546
-648
-686
-712
-682
-605
-485
-375
-223
-59
117
419
661
826
919
910
821
705
579
478
357
295
225
131
114
-28
-50
-198
-254
-301
-338
-349
-377
-438
-520
-607
-688
-722
-739
-700
-618
-513
-366
-198
-48
139
468
687
852
910
879
793
659
519
409
326
244
190
126
18
-37
-172
-232
-289
-321
-327
-339
-374
-446
-529
-615
-694
-700
-686
-626
-539
-407
-287
-141
-29
356
598
803
921
959
915
789
639
503
411
331
250
180
117
-7
-41
-164
-223
-258
-294
-300
-316
-345
-422
-511
-618
-680
-693
-652
-549
-466
-337
-201
-42
138
475
692
871
979
991
883
751
590
475
375
311
245
169
141
-23
-47
-203
-248
-285
-275
-309
-327
-396
-463
-558
-640
-688
-690
-623
-561
-471
-353
-213
-38
116
503
721
885
950
915
810
667
501
402
332
250
179
146
-3
-43
-184
-242
-275
-314
-317
-347
-382
-429
-524
-619
-686
-732
-717
-659
-571
-455
-341
-176
-38
291
542
758
875
903
883
767
627
487
379
313
219
159
123
-9
-37
-177
-237
-282
-279
-295
-317
-359
-415
-522
-622
-675
-713
-687
-609
-522
-405
-273
-109
116
393
627
819
922
967
899
761
624
506
387
323
245
171
134
17
-60
-159
-205
-233
-247
-271
-293
-329
-417
-494
-578
-649
-683
-636
-556
-466
-345
-231
-58
119
461
689
873
953
975
886
771
615
489
382
308
221
148
126
-25
-54
-157
-220
-236
-251
-304
-336
-392
-460
-543
-637
-684
-709
-684
-619
-523
-392
-267
-108
125
389
639
821
931
931
859
731
579
451
345
272
197
133
69
-25
-61
-182
-239
-261
-301
-325
-339
-391
-466
-572
-665
-747
-748
-710
-646
-535
-412
-280
-109
121
401
641
826
907
905
851
729
587
468
355
287
209
137
115
-32
-45
-146
-177
-211
-237
-267
-300
-358
-437
-537
-627
-689
-718
-700
-621
-530
-419
-262
-114
81
371
613
794
929
979
931
801
675
529
419
326
254
188
130
35
-14
-33
-165
-215
-236
-255
-267
-320
-377
-484
-583
-637
-671
-667
-633
-522
-395
-269
-136
-21
339
594
809
929
983
915
819
671
507
404
323
243
175
126
3
-37
-151
-197
-236
-251
-279
-300
-339
-417
-489
-607
-684
-733
-716
-663
-556
-457
-326
-186
-38
261
529
751
881
917
895
771
614
493
385
295
212
154
128
-21
-49
-168
-209
-254
-272
-298
-321
-357
-428
-506
-628
-687
-727
-727
-666
-575
-433
-326
-181
-49
243
535
747
858
917
886
803
657
532
404
315
239
154
136
14
-41
-37
-179
-200
-236
-266
-301
-341
-399
-492
-578
-659
-698
-683
-643
-556
-437
-287
-162
-53
276
535
743
913
979
929
870
698
563
451
356
272
206
145
127
-23
-47
-175
-226
-231
-239
-262
-303
-375
-461
-572
-657
-689
-671
-633
-526
-431
-293
-166
-41
303
546
759
885
931
897
787
675
513
387
308
229
145
121
3
-27
-129
-176
-223
-263
-300
-310
-370
-417
-503
-615
-686
-726
-730
-682
-585
-459
-327
-178
-50
264
533
743
847
895
850
757
624
491
379
276
218
137
120
-37
-57
-157
-209
-265
-269
-274
-306
-353
-413
-506
-607
-683
-723
-711
-673
-557
-453
-333
-191
-29
129
511
715
867
931
906
819
667
533
419
340
261
176
116
-2
-37
-131
-177
-203
-231
-261
-273
-317
-383
-453
-555
-645
-677
-668
-623
-546
-432
-305
-160
-39
141
510
743
899
980
963
852
724
583
462
355
274
207
148
121
-21
-57
-149
-214
-235
-271
-283
-315
-373
-446
-539
-621
-694
-699
-666
-562
-452
-311
-177
-45
127
482
707
845
899
891
815
693
535
419
319
245
181
129
27
-37
-75
-173
-238
-267
-287
-303
-346
-403
-497
-605
-683
-731
-736
-684
-611
-496
-381
-236
-57
115
419
641
807
883
867
802
691
535
414
327
241
180
139
47
-23
-119
-186
-241
-278
-297
-315
-332
-397
-467
-563
-655
-693
-695
-640
-576
-473
-353
-223
-54
127
406
629
815
919
915
867
761
603
474
369
278
229
137
123
-11
-42
-140
-203
-233
-265
-261
-293
-348
-414
-511
-605
-646
-668
-637
-563
-460
-349
-203
-61
116
403
644
831
917
975
881
789
631
514
394
310
245
163
119
10
-31
-129
-185
-233
-274
-285
-306
-349
-405
-521
-616
-695
-700
-668
-605
-497
-387
-269
-98
103
346
591
771
883
913
854
739
579
459
365
282
180
139
116
-25
-54
-183
-236
-285
-290
-315
-334
-380
-440
-544
-630
-706
-728
-722
-638
-540
-417
-284
-149
-30
305
532
726
842
891
833
755
615
489
371
303
205
131
114
-7
-43
-147
-205
-239
-263
-279
-297
-346
-410
-495
-583
-659
-686
-689
-616
-517
-393
-284
-156
-30
244
543
731
874
911
897
803
665
527
411
345
254
185
131
54
-25
-42
-153
-203
-214
-235
-294
-303
-364
-441
-537
-621
-668
-658
-615
-514
-394
-274
-146
-38
153
504
713
865
923
923
826
690
559
419
339
278
195
132
95
10
-37
-157
-218
-245
-261
-280
-325
-365
-465
-567
-657
-706
-699
-682
-565
-460
-327
-203
-44
133
415
631
789
890
884
818
675
543
406
329
245
180
133
11
-28
-154
-198
-254
-276
-286
-321
-360
-405
-486
-574
-648
-720
-732
-675
-605
-492
-379
-251
-77
116
393
623
783
863
867
804
674
541
419
322
271
175
132
30
-35
-43
-167
-209
-255
-259
-281
-297
-358
-437
-526
-626
-686
-696
-684
-605
-491
-369
-236
-93
122
379
621
799
885
930
865
757
599
495
387
315
233
162
134
3
-39
-143
-181
-205
-242
-255
-267
-328
-401
-507
-584
-668
-670
-645
-578
-477
-371
-256
-108
59
357
578
775
897
931
869
761
643
505
385
320
230
160
129
-3
-38
-140
-199
-264
-257
-284
-305
-354
-432
-540
-627
-698
-716
-690
-620
-527
-398
-274
-159
-41
311
539
707
826
867
835
745
583
457
367
271
206
143
126
-15
-43
-181
-215
-261
-285
-304
-325
-366
-441
-542
-626
-686
-721
-695
-642
-547
-439
-305
-151
-37
163
531
725
863
907
874
775
641
505
391
301
243
180
121
20
-31
-114
-195
-223
-236
-268
-276
-317
-381
-476
-605
-652
-694
-677
-613
-519
-397
-295
-140
-50
318
551
739
906
931
917
823
689
549
447
354
276
197
131
113
-12
-48
-172
-206
-233
-245
-278
-313
-386
-460
-568
-650
-670
-678
-605
-523
-417
-291
-161
-38
125
495
703
852
915
895
819
694
550
419
339
259
195
126
18
-26
-142
-193
-243
-273
-283
-315
-334
-418
-492
-570
-658
-709
-709
-636
-548
-457
-329
-199
-57
147
453
673
825
899
880
783
647
513
413
295
241
163
129
4
-44
-156
-227
-255
-284
-281
-306
-354
-414
-495
-605
-681
-719
-716
-657
-555
-444
-331
-172
-44
139
483
723
851
931
916
847
695
564
419
351
283
202
143
116
-17
-53
-175
-239
-281
-289
-300
-342
-395
-492
-562
-652
-699
-668
-613
-511
-381
-241
-119
-32
309
575
763
899
979
947
839
694
567
463
361
281
213
117
94
-17
-47
-165
-233
-271
-285
-332
-347
-395
-492
-569
-675
-700
-668
-614
-507
-377
-258
-121
-33
310
551
746
867
918
886
777
633
507
398
331
231
170
122
-3
-54
-153
-220
-257
-284
-303
-333
-383
-449
-540
-627
-702
-723
-690
-645
-556
-425
-329
-197
-38
137
507
703
845
914
866
775
635
515
403
311
253
164
137
-1
-39
-161
-223
-268
-311
-332
-357
-393
-461
-524
-615
-684
-723
-689
-642
-522
-411
-276
-133
-17
340
587
795
907
931
905
789
647
515
411
333
249
176
123
19
-37
-167
-220
-237
-274
-281
-321
-370
-438
-540
-621
-667
-683
-653
-576
-490
-351
-221
-57
121
409
661
839
975
971
903
788
635
527
411
323
229
155
130
-9
-41
-171
-226
-263
-295
-302
-338
-390
-460
-556
-646
-702
-712
-655
-605
-476
-360
-218
-54
138
415
666
805
910
917
825
710
571
419
345
269
175
117
35
-28
-126
-203
-265
-307
-316
-339
-375
-435
-527
-638
-706
-738
-729
-682
-619
-477
-349
-205
-49
122
471
691
807
884
852
795
659
547
419
309
231
164
129
8
-41
-172
-187
-263
-287
-290
-318
-362
-419
-513
-605
-684
-702
-698
-639
-527
-412
-289
-141
-34
325
555
760
895
916
890
782
660
535
415
351
274
186
131
19
-30
-145
-198
-233
-245
-265
-283
-333
-401
-507
-605
-659
-680
-643
-581
-492
-385
-260
-101
115
383
641
833
951
955
893
781
643
529
418
323
243
175
139
3
-35
-161
-221
-263
-268
-275
-321
-371
-444
-542
-650
-700
-720
-668
-605
-476
-363
-238
-61
134
446
657
811
898
903
823
692
569
443
353
260
199
101
29
-32
-133
-219
-270
-296
-321
-335
-364
-430
-516
-624
-684
-720
-710
-678
-575
-473
-348
-187
-44
155
483
699
843
883
879
766
631
515
399
321
244
171
116
2
-45
-146
-182
-245
-267
-275
-307
-349
-418
-519
-605
-662
-684
-675
-609
-528
-396
-290
-136
-38
303
564
761
886
951
898
803
671
543
419
340
273
199
127
20
-28
-47
-162
-226
-241
-251
-273
-317
-391
-499
-581
-649
-652
-642
-562
-483
-353
-236
-97
123
391
611
789
883
917
865
755
627
505
407
315
237
158
133
-5
-42
-149
-213
-249
-267
-294
-317
-383
-454
-538
-637
-667
-682
-639
-577
-465
-371
-243
-75
115
404
611
782
873
867
818
705
563
419
353
265
187
123
23
-38
-137
-190
-255
-298
-303
-306
-349
-399
-487
-605
-660
-693
-682
-646
-552
-467
-347
-250
-43
115
419
635
782
863
879
798
675
552
459
357
276
203
117
42
-34
-123
-183
-233
-267
-274
-284
-318
-396
-474
-559
-646
-677
-668
-606
-507
-399
-300
-169
-44
303
532
745
867
929
911
820
683
549
457
347
274
194
131
21
-20
-44
-175
-226
-246
-253
-276
-332
-384
-480
-556
-620
-652
-652
-575
-486
-373
-243
-101
127
365
595
759
865
911
871
770
628
489
402
299
239
149
132
1
-49
-163
-237
-261
-274
-300
-316
-370
-457
-551
-621
-678
-684
-649
-579
-505
-373
-251
-85
125
410
628
786
871
871
789
681
539
419
325
239
171
125
1
-41
-157
-232
-281
-305
-304
-321
-350
-410
-499
-575
-648
-699
-696
-656
-556
-437
-332
-199
-44
131
483
673
815
886
865
808
661
538
419
340
255
183
116
30
-47
-140
-205
-251
-279
-291
-284
-349
-405
-497
-574
-651
-646
-643
-573
-478
-391
-236
-111
59
343
569
771
885
947
905
788
635
517
419
350
279
179
130
6
-44
-140
-203
-234
-266
-265
-285
-342
-414
-512
-610
-659
-662
-607
-534
-439
-345
-232
-57
116
414
634
807
899
899
839
710
551
468
365
282
207
135
25
-33
-117
-194
-245
-267
-294
-305
-329
-401
-489
-563
-652
-668
-668
-624
-539
-442
-323
-207
-44
131
471
659
789
847
835
741
619
499
386
315
231
151
122
-17
-35
-172
-235
-276
-289
-302
-329
-370
-428
-514
-606
-662
-680
-662
-607
-513
-396
-262
-105
107
371
583
765
867
863
823
707
578
470
379
308
215
130
121
-29
-44
-171
-216
-246
-247
-268
-290
-364
-424
-523
-609
-640
-636
-605
-510
-423
-298
-165
-44
242
515
711
839
899
895
821
665
551
419
377
283
245
118
90
-17
-44
-177
-217
-256
-249
-283
-330
-393
-477
-605
-637
-651
-634
-571
-493
-381
-250
-108
116
370
567
755
854
875
803
699
597
468
374
291
215
131
121
-28
-53
-175
-242
-261
-282
-293
-330
-379
-471
-553
-630
-663
-667
-626
-571
-473
-355
-231
-38
127
419
628
761
823
819
738
627
500
382
322
241
163
134
-13
-49
-145
-213
-251
-269
-287
-314
-347
-417
-492
-605
-657
-678
-665
-605
-510
-399
-282
-129
-31
309
533
713
831
883
839
745
607
485
410
323
258
162
134
-6
-44
-141
-203
-226
-248
-262
-290
-347
-417
-504
-581
-614
-620
-585
-524
-441
-332
-199
-81
129
447
665
810
903
875
830
705
584
483
391
307
217
142
107
-34
-45
-155
-222
-232
-237
-266
-300
-364
-449
-542
-617
-652
-640
-585
-511
-403
-289
-163
-44
279
503
707
823
873
842
755
611
489
390
305
234
149
132
-17
-40
-168
-239
-261
-274
-300
-335
-364
-444
-523
-620
-673
-702
-654
-610
-499
-409
-284
-138
-29
321
555
717
810
851
799
697
553
447
359
291
224
139
111
-41
-44
-199
-237
-269
-278
-298
-321
-393
-464
-542
-626
-668
-662
-619
-530
-441
-332
-201
-40
139
445
657
819
884
881
811
675
551
419
359
291
193
134
37
-38
-57
-187
-215
-238
-250
-287
-320
-387
-454
-528
-605
-624
-605
-558
-461
-375
-240
-98
9
335
549
749
886
915
882
786
643
495
404
329
266
188
131
5
-43
-161
-209
-252
-255
-279
-304
-360
-423
-521
-612
-657
-680
-624
-562
-475
-371
-239
-75
127
405
613
763
847
867
799
689
547
419
358
275
206
131
35
-27
-133
-217
-254
-276
-318
-326
-362
-427
-497
-579
-665
-697
-668
-626
-556
-451
-332
-203
-46
130
411
639
771
851
852
761
633
527
391
329
245
183
129
21
-33
-133
-210
-237
-270
-296
-323
-354
-422
-490
-568
-650
-664
-653
-583
-492
-382
-274
-129
-27
315
547
719
859
899
867
765
647
499
419
327
267
187
123
11
-42
-142
-201
-236
-251
-266
-273
-333
-397
-485
-576
-623
-638
-605
-543
-428
-338
-226
-61
116
405
609
788
883
915
851
739
605
483
404
314
232
136
122
-30
-44
-165
-220
-245
-271
-278
-323
-383
-454
-538
-631
-668
-679
-618
-533
-447
-331
-211
-42
143
415
627
755
853
867
787
660
533
419
339
263
181
139
20
-44
-155
-214
-281
-286
-305
-319
-375
-436
-522
-605
-668
-691
-662
-605
-522
-429
-321
-185
-39
139
495
699
811
865
821
747
623
485
391
306
247
173
133
3
-44
-167
-213
-268
-278
-289
-305
-348
-423
-497
-605
-631
-663
-631
-556
-455
-343
-238
-82
116
373
596
759
866
894
843
739
617
490
395
308
261
169
118
-9
-44
-140
-210
-233
-251
-249
-318
-349
-419
-507
-569
-620
-620
-556
-497
-417
-312
-178
-45
153
473
674
820
883
875
793
683
553
451
370
271
187
115
25
-44
-142
-211
-236
-283
-294
-314
-339
-411
-499
-579
-639
-669
-647
-579
-482
-400
-282
-146
-44
296
500
692
801
843
820
723
595
485
367
303
229
135
117
-34
-46
-203
-263
-297
-302
-327
-363
-386
-461
-542
-621
-684
-689
-641
-577
-474
-369
-256
-66
123
405
614
766
843
867
795
691
561
454
347
276
194
126
40
-44
-117
-186
-239
-268
-284
-293
-318
-381
-460
-551
-627
-654
-638
-566
-492
-389
-281
-156
-50
215
497
695
819
875
862
787
678
562
451
367
291
212
123
41
-17
-98
-187
-240
-249
-261
-269
-331
-391
-472
-557
-636
-646
-619
-529
-433
-332
-207
-57
115
383
592
751
862
879
826
721
577
469
383
307
227
146
131
-22
-44
-198
-241
-280
-298
-313
-334
-397
-489
-557
-631
-652
-642
-611
-525
-425
-300
-154
-45
177
471
663
795
833
803
739
596
487
383
295
218
157
116
-27
-43
-172
-253
-271
-300
-303
-339
-395
-447
-522
-614
-652
-673
-646
-573
-481
-386
-265
-107
87
347
561
725
831
858
809
698
587
484
397
306
241
153
129
-21
-42
-177
-233
-262
-267
-273
-310
-362
-443
-539
-585
-624
-622
-575
-498
-399
-276
-149
-35
134
463
669
809
881
851
803
693
579
467
407
298
225
151
116
-18
-48
-177
-217
-236
-268
-295
-332
-396
-475
-551
-605
-620
-605
-546
-466
-381
-257
-125
-18
315
547
714
826
866
826
739
611
500
399
319
251
167
123
-19
-42
-186
-236
-274
-282
-304
-345
-370
-455
-551
-617
-653
-668
-630
-541
-473
-351
-215
-45
135
379
595
738
815
825
747
651
511
409
341
247
171
125
-5
-49
-154
-257
-275
-284
-297
-330
-364
-433
-508
-587
-640
-667
-652
-605
-508
-392
-290
-129
-14
330
553
727
835
865
819
735
613
500
403
323
259
155
122
-16
-55
-176
-236
-257
-278
-272
-300
-348
-432
-515
-605
-631
-624
-579
-518
-412
-313
-175
-45
123
463
659
811
891
886
823
707
564
464
375
311
213
150
119
-13
-38
-185
-239
-266
-275
-269
-326
-379
-467
-559
-605
-631
-620
-578
-469
-374
-272
-125
-33
303
515
679
809
871
819
734
622
506
410
320
247
158
134
-14
-49
-169
-236
-273
-294
-310
-332
-374
-454
-530
-607
-646
-650
-626
-574
-468
-396
-269
-93
116
372
563
707
791
805
763
649
523
419
339
266
183
129
17
-31
-139
-203
-242
-286
-286
-326
-347
-415
-467
-534
-609
-642
-641
-605
-524
-425
-329
-175
-42
127
468
675
788
859
841
755
647
519
418
345
265
193
119
27
-40
-150
-209
-240
-284
-279
-300
-339
-387
-489
-550
-617
-621
-572
-510
-427
-342
-221
-65
116
369
583
755
859
895
851
737
607
491
414
330
250
148
142
-12
-38
-181
-233
-265
-273
-287
-325
-361
-443
-521
-585
-649
-629
-605
-543
-439
-340
-186
-50
101
419
637
779
838
826
763
653
533
419
331
259
175
120
-11
-40
-166
-230
-268
-300
-305
-307
-359
-422
-505
-605
-638
-652
-624
-572
-476
-382
-273
-159
-37
243
485
667
775
822
795
692
579
483
391
321
231
147
131
-22
-47
-178
-238
-288
-289
-305
-329
-364
-438
-501
-569
-617
-621
-605
-524
-444
-318
-194
-46
119
398
615
771
885
859
803
699
579
465
383
292
218
143
101
-38
-76
-191
-237
-262
-268
-287
-318
-366
-441
-520
-566
-605
-581
-533
-463
-364
-267
-135
-47
122
468
660
791
863
870
788
664
555
455
356
294
195
128
15
-48
-166
-247
-268
-296
-290
-305
-344
-407
-481
-563
-605
-635
-620
-556
-471
-366
-245
-122
-17
289
535
704
821
835
801
706
591
468
383
291
227
143
87
-31
-125
-214
-268
-317
-317
-337
-349
-409
-471
-545
-626
-652
-657
-609
-545
-438
-333
-236
-65
116
358
567
719
811
826
771
646
539
419
343
263
180
144
3
-26
-157
-221
-274
-285
-317
-326
-348
-410
-474
-544
-607
-639
-610
-565
-498
-376
-281
-121
-49
266
503
683
791
851
831
742
650
523
419
355
267
187
129
8
-42
-191
-214
-243
-249
-278
-300
-348
-411
-476
-542
-576
-587
-555
-496
-421
-300
-188
-54
115
387
581
735
843
848
795
721
595
487
386
301
243
155
123
-28
-44
-205
-259
-282
-300
-299
-337
-389
-467
-556
-624
-636
-626
-553
-487
-415
-317
-182
-38
128
451
624
759
834
817
737
628
506
391
335
254
147
145
-31
-42
-208
-265
-289
-319
-311
-349
-402
-463
-513
-607
-649
-666
-634
-555
-461
-373
-244
-123
35
309
529
683
771
811
774
687
582
454
371
303
225
138
127
-18
-55
-209
-241
-276
-297
-320
-330
-386
-450
-525
-587
-623
-605
-562
-481
-390
-293
-179
-29
131
419
631
770
845
843
787
675
563
473
387
305
230
139
119
-21
-137
-201
-236
-273
-265
-262
-332
-389
-450
-519
-557
-570
-558
-469
-396
-326
-218
-77
82
321
547
711
818
852
819
718
615
499
419
339
276
175
123
-21
-58
-184
-247
-271
-284
-307
-338
-386
-460
-549
-607
-645
-620
-573
-506
-412
-314
-198
-44
134
419
615
734
821
811
747
623
501
419
327
255
183
142
-16
-50
-194
-248
-297
-315
-335
-334
-386
-441
-535
-606
-642
-652
-608
-530
-453
-350
-230
-101
58
293
494
671
775
811
767
683
565
469
387
308
219
149
135
-34
-39
-203
-265
-286
-295
-312
-336
-393
-450
-527
-580
-605
-607
-556
-466
-377
-267
-159
-44
138
451
647
771
853
851
783
689
555
471
387
309
218
143
99
-41
-99
-203
-243
-268
-273
-294
-342
-394
-470
-572
-572
-605
-557
-507
-427
-332
-203
-73
89
318
532
699
795
831
803
696
586
475
399
315
242
158
119
-25
-54
-188
-249
-286
-312
-311
-337
-402
-458
-544
-605
-623
-609
-605
-508
-439
-318
-203
-47
135
387
595
737
803
793
715
627
491
407
341
251
166
131
-18
-34
-201
-274
-316
-332
-332
-360
-396
-453
-513
-573
-621
-630
-605
-550
-460
-367
-252
-121
-15
289
506
661
779
823
777
699
587
491
399
308
235
154
123
-12
-47
-207
-261
-291
-303
-299
-333
-377
-458
-519
-561
-607
-582
-540
-475
-368
-268
-156
-45
125
417
609
759
831
852
770
671
547
466
375
319
225
145
122
-28
-109
-201
-247
-276
-278
-296
-345
-421
-481
-550
-582
-587
-558
-495
-421
-319
-205
-81
103
349
539
703
789
815
791
692
591
483
367
305
227
148
131
-22
-58
-208
-261
-282
-305
-305
-363
-409
-470
-552
-605
-627
-610
-574
-514
-413
-304
-203
-44
127
394
566
715
791
773
711
631
499
404
319
256
175
135
-12
-33
-188
-253
-287
-315
-303
-334
-385
-449
-508
-605
-636
-632
-605
-540
-460
-343
-236
-105
46
298
500
679
791
818
787
709
577
478
391
317
249
161
127
-16
-45
-193
-233
-284
-284
-307
-323
-385
-451
-519
-571
-616
-586
-551
-459
-370
-266
-140
-43
147
463
694
771
851
852
799
663
567
480
377
308
223
149
107
-26
-103
-193
-251
-265
-287
-309
-309
-397
-466
-542
-586
-605
-564
-501
-444
-348
-234
-83
-35
281
500
674
787
820
803
724
599
500
398
325
235
163
137
-23
-45
-194
-269
-300
-301
-325
-350
-394
-474
-536
-605
-635
-650
-605
-526
-439
-317
-211
-44
111
366
569
683
787
799
729
618
519
403
323
250
182
127
2
-44
-163
-238
-290
-304
-307
-329
-333
-430
-506
-561
-623
-633
-605
-535
-463
-374
-247
-142
-49
226
486
655
789
821
803
715
623
511
417
340
246
165
135
-9
-45
-173
-236
-273
-284
-284
-300
-352
-410
-498
-559
-582
-605
-540
-471
-391
-291
-169
-42
123
419
641
771
842
857
794
687
529
457
382
293
215
116
30
-35
-125
-197
-247
-269
-274
-285
-343
-396
-478
-541
-605
-620
-585
-556
-462
-374
-263
-112
-22
281
489
663
779
806
783
683
577
475
377
305
227
159
143
-12
-53
-183
-264
-278
-293
-300
-341
-387
-461
-556
-620
-658
-655
-605
-540
-453
-348
-231
-79
111
342
567
707
787
795
735
633
503
413
319
271
186
141
8
-44
-145
-219
-268
-287
-302
-319
-337
-409
-488
-567
-609
-615
-605
-545
-453
-366
-267
-136
-50
143
474
643
777
809
791
715
627
505
401
331
261
180
121
10
-33
-138
-202
-218
-255
-257
-286
-332
-398
-481
-538
-578
-605
-550
-492
-409
-311
-185
-45
127
382
571
726
826
826
783
692
579
463
373
291
229
148
116
-5
-47
-158
-203
-268
-275
-285
-311
-359
-435
-519
-605
-620
-610
-551
-489
-385
-290
-165
-33
132
377
571
724
779
786
724
627
508
403
319
263
179
123
10
-30
-149
-203
-264
-274
-289
-326
-362
-428
-502
-561
-630
-635
-623
-556
-486
-397
-285
-165
-40
143
455
631
743
783
770
678
565
419
363
291
217
148
119
-31
-53
-179
-223
-268
-286
-276
-300
-353
-437
-497
-575
-620
-605
-556
-508
-401
-319
-174
-39
123
393
596
739
819
813
755
660
526
419
347
271
203
139
114
-15
-28
-173
-209
-209
-233
-245
-294
-364
-453
-515
-568
-605
-562
-515
-443
-335
-223
-93
-7
291
500
663
775
813
798
730
599
499
419
317
250
169
143
19
-44
-140
-181
-242
-258
-278
-294
-358
-427
-500
-557
-608
-612
-556
-501
-425
-315
-221
-69
99
331
527
683
761
783
727
622
535
419
343
275
207
131
43
-28
-129
-207
-268
-297
-317
-320
-354
-402
-481
-560
-611
-620
-624
-570
-492
-396
-300
-193
-45
123
409
596
723
771
775
697
594
495
387
307
244
163
126
17
-55
-162
-216
-261
-286
-291
-284
-349
-402
-466
-542
-582
-572
-563
-503
-418
-306
-215
-76
121
342
551
702
785
826
769
675
553
451
362
299
233
148
130
-5
-43
-153
-205
-231
-238
-276
-276
-339
-402
-498
-555
-585
-559
-513
-444
-355
-266
-157
-44
134
447
626
762
815
817
743
627
519
409
372
269
201
126
11
-44
-137
-201
-243
-266
-266
-284
-341
-398
-474
-538
-605
-612
-572
-508
-448
-349
-237
-125
-31
264
467
628
737
774
724
650
541
419
356
279
212
135
84
-12
-45
-188
-257
-280
-295
-311
-329
-394
-461
-547
-586
-635
-624
-574
-514
-407
-327
-200
-58
129
383
579
699
761
761
702
613
500
419
335
256
195
116
27
-28
-139
-176
-230
-253
-262
-286
-330
-395
-453
-524
-580
-605
-582
-524
-454
-349
-241
-107
-37
291
507
675
769
822
805
699
595
499
401
340
262
177
135
11
-37
-130
-174
-211
-237
-241
-281
-316
-402
-473
-535
-579
-582
-553
-492
-399
-296
-172
-49
130
377
591
718
788
799
733
643
532
419
349
276
196
118
50
-28
-41
-198
-234
-258
-254
-273
-325
-373
-489
-549
-605
-616
-613
-560
-482
-387
-295
-140
-44
122
419
613
715
767
747
671
549
454
355
278
211
126
121
-29
-45
-173
-251
-283
-295
-297
-326
-362
-433
-513
-571
-605
-610
-584
-508
-428
-324
-216
-70
101
356
519
692
755
769
715
624
511
419
343
267
203
135
116
-27
-50
-175
-237
-240
-257
-273
-300
-351
-448
-511
-573
-605
-575
-529
-450
-376
-245
-141
-29
199
486
633
753
807
803
727
613
507
419
350
276
199
163
26
-27
-33
-161
-210
-225
-236
-257
-297
-383
-466
-541
-572
-605
-541
-492
-396
-302
-201
-63
128
342
533
683
762
790
737
657
534
414
337
289
212
139
116
-12
-44
-188
-239
-252
-274
-284
-316
-379
-439
-534
-578
-621
-605
-538
-485
-394
-289
-169
-43
139
419
597
707
754
730
657
534
419
341
270
197
143
120
-34
-50
-211
-236
-263
-285
-274
-289
-347
-428
-486
-552
-613
-620
-605
-522
-420
-332
-221
-74
114
339
526
665
763
755
714
631
513
419
352
291
209
139
125
-28
-38
-166
-197
-222
-249
-267
-293
-339
-437
-506
-542
-605
-559
-516
-434
-347
-245
-122
-41
279
483
649
767
795
775
724
615
494
383
327
267
195
127
15
-28
-48
-165
-207
-231
-233
-268
-306
-372
-458
-535
-573
-583
-550
-492
-396
-318
-217
-63
115
334
527
667
759
759
723
628
531
419
340
259
205
135
54
-19
-43
-153
-210
-253
-257
-282
-311
-364
-430
-524
-570
-615
-605
-556
-492
-407
-309
-193
-44
122
384
563
679
725
724
667
569
466
371
297
227
166
121
-35
-41
-146
-186
-229
-256
-269
-294
-340
-405
-469
-545
-585
-605
-573
-524
-434
-349
-235
-117
-31
227
450
623
711
767
737
653
564
457
383
307
241
171
118
9
-39
-108
-172
-214
-233
-246
-275
-330
-379
-449
-531
-574
-561
-530
-462
-372
-284
-157
-41
125
372
563
711
803
803
752
659
553
454
361
297
229
154
103
-5
-41
-152
-201
-220
-232
-262
-280
-353
-441
-501
-551
-567
-579
-524
-460
-366
-262
-156
-41
122
413
567
707
775
751
667
593
482
395
309
237
171
121
-1
-34
-142
-200
-237
-253
-274
-306
-351
-410
-464
-549
-605
-605
-567
-524
-446
-377
-266
-140
-37
139
419
596
683
718
695
624
537
419
349
290
214
147
122
-17
-53
-179
-227
-234
-275
-287
-297
-349
-407
-478
-547
-605
-605
-550
-487
-407
-296
-209
-57
111
342
535
691
775
790
711
623
519
419
355
283
225
139
123
-28
-37
-166
-203
-231
-236
-241
-295
-348
-417
-463
-524
-565
-540
-497
-428
-335
-236
-125
-34
127
419
626
743
799
788
709
615
501
404
325
266
201
121
34
-29
-77
-193
-203
-253
-256
-265
-331
-386
-475
-532
-571
-605
-546
-489
-405
-312
-234
-95
-23
267
478
634
715
755
724
639
543
419
339
276
212
139
117
-27
-35
-195
-236
-268
-283
-300
-332
-366
-453
-524
-572
-605
-607
-582
-520
-417
-322
-213
-69
117
340
529
659
747
751
692
590
490
357
307
239
171
151
6
-39
-135
-203
-241
-253
-262
-283
-313
-387
-458
-519
-575
-605
-553
-502
-431
-331
-237
-114
-26
119
419
628
731
779
759
705
587
491
375
305
247
186
133
25
-34
-117
-193
-213
-239
-240
-263
-317
-359
-428
-505
-547
-540
-520
-460
-369
-278
-188
-58
101
306
505
660
755
789
755
657
555
468
395
317
245
163
117
-5
-59
-171
-215
-242
-253
-269
-301
-346
-415
-501
-543
-582
-605
-533
-460
-377
-279
-169
-52
123
387
571
675
735
730
675
574
475
338
311
243
181
127
3
-42
-151
-221
-267
-286
-293
-318
-347
-402
-486
-550
-605
-606
-581
-537
-478
-367
-280
-162
-41
122
419
593
714
743
718
661
545
450
352
299
222
163
122
-6
-33
-139
-205
-250
-239
-257
-290
-326
-393
-468
-539
-559
-587
-540
-494
-415
-316
-213
-82
93
323
499
653
755
785
751
658
558
419
369
306
221
163
127
3
-37
-140
-203
-220
-217
-235
-268
-323
-389
-451
-513
-553
-540
-505
-437
-362
-253
-155
-44
115
394
596
699
779
775
703
617
483
395
330
247
169
133
39
-25
-96
-185
-214
-266
-273
-290
-323
-390
-458
-534
-574
-605
-567
-520
-428
-360
-239
-127
-44
196
453
611
719
743
707
643
531
419
339
259
190
143
50
-28
-44
-182
-230
-266
-281
-293
-316
-362
-412
-500
-558
-620
-605
-576
-503
-401
-335
-222
-108
-25
276
475
619
719
737
715
614
511
419
351
283
212
121
107
-25
-59
-160
-221
-233
-246
-274
-307
-345
-422
-486
-546
-572
-557
-527
-444
-350
-253
-133
-44
117
419
597
719
767
755
693
596
503
404
338
273
198
139
67
-27
-45
-154
-203
-221
-233
-255
-306
-366
-431
-502
-543
-561
-550
-478
-399
-315
-203
-78
31
285
489
624
727
759
726
659
551
450
359
306
234
154
148
-11
-44
-154
-193
-247
-257
-271
-302
-363
-428
-492
-552
-605
-572
-552
-491
-402
-316
-194
-54
121
347
533
655
739
727
661
561
464
369
293
223
167
130
-1
-45
-129
-217
-258
-265
-273
-294
-341
-385
-462
-517
-605
-605
-605
-540
-459
-367
-267
-153
-43
117
419
606
698
755
735
650
543
419
363
293
241
163
130
5
-31
-146
-185
-221
-235
-253
-268
-327
-385
-457
-525
-555
-556
-529
-475
-391
-300
-198
-64
103
319
497
659
771
797
743
660
564
459
390
307
257
180
135
33
-37
-113
-173
-210
-198
-227
-268
-327
-398
-460
-528
-558
-567
-514
-459
-379
-274
-178
-47
117
361
559
687
737
739
692
600
494
383
327
253
178
129
20
-37
-99
-181
-227
-233
-269
-281
-306
-374
-448
-524
-557
-582
-577
-537
-460
-375
-262
-155
-40
145
367
555
670
727
707
631
549
419
350
279
211
154
128
-15
-47
-156
-205
-253
-267
-269
-299
-332
-402
-470
-540
-605
-606
-572
-508
-412
-327
-226
-94
-29
254
459
623
731
767
729
647
561
450
362
293
221
163
121
-6
-47
-150
-203
-231
-248
-262
-284
-315
-396
-471
-537
-555
-556
-501
-446
-367
-259
-165
-46
137
395
585
715
789
807
739
645
523
419
359
291
217
138
115
-12
-28
-172
-221
-225
-225
-241
-288
-348
-427
-489
-541
-553
-551
-502
-403
-347
-247
-150
-54
127
418
609
718
751
742
660
545
453
373
297
228
158
129
-9
-28
-143
-193
-234
-262
-261
-292
-332
-414
-476
-553
-579
-583
-565
-517
-448
-364
-258
-124
-30
203
457
607
699
735
691
618
487
403
308
246
175
129
33
-12
-43
-171
-237
-251
-270
-268
-307
-357
-425
-486
-553
-581
-605
-539
-462
-375
-281
-188
-50
116
356
545
695
753
763
699
613
510
403
315
254
201
138
111
-28
-47
-167
-203
-229
-237
-251
-265
-329
-411
-483
-540
-549
-551
-508
-423
-305
-219
-113
-44
127
419
626
739
799
771
707
601
483
395
317
255
195
131
50
-29
-38
-172
-203
-236
-250
-278
-307
-369
-449
-507
-556
-581
-549
-485
-399
-315
-215
-109
-37
263
478
626
709
747
713
642
525
405
353
269
199
135
131
-27
-37
-172
-225
-258
-272
-284
-303
-357
-433
-519
-605
-606
-614
-568
-497
-418
-321
-215
-65
123
347
547
667
745
726
663
575
455
372
293
228
158
135
11
-42
-133
-217
-245
-259
-274
-269
-300
-364
-424
-515
-553
-577
-555
-514
-431
-347
-224
-125
-43
127
419
615
722
775
735
670
561
447
362
293
239
175
121
11
-37
-109
-179
-203
-214
-234
-227
-274
-364
-423
-506
-537
-535
-503
-439
-364
-289
-171
-55
118
343
517
671
755
789
737
629
519
419
353
283
239
150
122
-11
-37
-157
-208
-222
-236
-268
-297
-332
-396
-477
-533
-567
-574
-515
-455
-377
-280
-160
-29
118
377
564
663
743
727
661
563
463
355
295
226
171
138
5
-31
-123
-199
-245
-266
-284
-259
-345
-396
-475
-539
-586
-605
-605
-525
-451
-396
-275
-145
-46
126
414
587
689
744
692
622
519
410
309
251
199
142
126
-5
-46
-151
-201
-234
-249
-254
-279
-329
-381
-455
-514
-550
-546
-524
-478
-390
-293
-173
-54
116
351
530
659
724
761
691
597
498
401
331
262
213
149
119
-15
-43
-143
-172
-205
-213
-220
-263
-320
-383
-453
-497
-545
-515
-469
-396
-332
-227
-115
-47
116
409
581
683
755
731
671
568
469
383
305
244
179
123
21
-21
-103
-171
-221
-225
-243
-273
-318
-366
-453
-526
-557
-556
-528
-476
-396
-318
-211
-97
-17
198
419
616
686
724
690
603
483
389
311
246
197
134
54
-40
-44
-192
-229
-258
-279
-279
-307
-370
-441
-492
-555
-580
-605
-555
-481
-396
-306
-201
-63
123
318
501
641
697
707
654
573
454
359
293
242
183
148
21
-21
-47
-167
-221
-248
-245
-262
-276
-340
-412
-481
-524
-551
-545
-487
-430
-342
-223
-27
-37
127
419
594
713
753
731
651
547
446
371
311
241
183
131
30
-19
-43
-158
-186
-214
-236
-253
-298
-360
-425
-487
-535
-531
-496
-438
-362
-285
-188
-50
116
319
502
643
715
775
695
603
503
404
331
263
211
145
101
-11
-44
-157
-210
-231
-268
-284
-312
-349
-429
-476
-528
-553
-556
-500
-438
-363
-251
-165
-57
129
371
539
662
709
697
619
531
419
342
257
185
148
130
-12
-49
-165
-231
-255
-282
-293
-318
-343
-382
-470
-534
-569
-605
-551
-492
-429
-363
-216
-119
-39
125
419
591
690
719
690
613
523
410
335
276
215
148
126
-7
-44
-156
-201
-230
-236
-254
-285
-318
-393
-453
-515
-540
-544
-505
-441
-357
-265
-150
-47
127
355
538
681
746
757
703
611
497
401
327
291
228
146
139
3
-44
-124
-182
-203
-213
-237
-273
-326
-387
-460
-524
-543
-512
-469
-407
-309
-222
-109
-28
143
404
571
699
741
719
645
539
454
350
291
219
153
134
13
-55
-147
-191
-235
-261
-263
-276
-321
-365
-444
-521
-567
-563
-539
-474
-391
-311
-203
-94
-11
259
451
599
671
692
650
579
469
379
307
245
173
123
35
-34
-66
-185
-240
-265
-289
-293
-305
-367
-403
-472
-539
-566
-539
-521
-466
-363
-271
-165
-39
121
374
563
667
723
713
649
533
419
351
309
226
171
135
20
-26
-109
-185
-210
-223
-242
-259
-287
-338
-428
-478
-524
-540
-521
-460
-373
-293
-178
-53
97
295
485
633
747
767
731
649
537
455
367
299
254
181
117
18
-32
-82
-172
-201
-213
-225
-246
-301
-367
-433
-492
-537
-533
-493
-443
-352
-281
-162
-58
114
337
521
649
739
745
699
609
478
373
305
244
187
127
87
-33
-44
-149
-214
-240
-268
-268
-284
-337
-401
-476
-540
-565
-556
-524
-462
-363
-265
-174
-69
109
323
506
633
683
687
624
542
419
355
279
207
159
133
13
-28
-141
-198
-206
-234
-262
-268
-310
-365
-433
-518
-559
-582
-561
-519
-451
-337
-252
-139
-38
143
382
563
671
715
719
655
551
419
356
305
233
148
125
23
-41
-86
-158
-209
-221
-234
-247
-285
-345
-407
-492
-522
-540
-525
-476
-375
-295
-206
-66
52
279
468
611
742
767
729
634
532
419
357
302
233
163
126
6
-45
-137
-185
-205
-220
-224
-256
-315
-369
-428
-524
-553
-555
-532
-465
-386
-296
-205
-63
105
305
495
630
693
707
671
565
463
369
283
234
177
145
20
-28
-108
-167
-218
-256
-261
-268
-300
-348
-417
-508
-541
-584
-582
-546
-481
-404
-289
-188
-69
116
298
491
607
675
675
611
543
419
335
255
210
147
131
-2
-56
-140
-190
-232
-262
-265
-279
-295
-349
-423
-492
-553
-556
-556
-510
-418
-349
-238
-129
-38
154
419
591
686
719
707
645
526
419
335
270
231
171
134
21
-29
-76
-172
-203
-231
-230
-236
-284
-361
-430
-488
-513
-521
-502
-449
-364
-270
-172
-42
117
340
511
666
737
741
702
624
517
417
333
276
214
152
134
-12
-41
-140
-165
-203
-236
-222
-283
-331
-381
-469
-513
-553
-539
-497
-448
-361
-247
-161
-50
119
375
531
646
709
694
624
545
419
347
276
219
163
122
5
-34
-140
-194
-215
-248
-247
-283
-305
-371
-446
-520
-553
-583
-551
-517
-443
-367
-269
-159
-37
139
402
563
660
691
659
596
505
397
314
271
191
129
131
-13
-44
-140
-203
-225
-246
-239
-263
-290
-364
-438
-508
-549
-537
-531
-455
-390
-287
-176
-50
103
339
503
641
723
727
675
603
501
387
334
258
207
139
126
-6
-12
-139
-182
-202
-215
-215
-247
-301
-376
-442
-492
-524
-505
-458
-385
-300
-203
-95
-13
127
453
618
703
751
717
663
527
451
367
307
244
187
142
28
-18
-38
-153
-215
-227
-232
-243
-307
-350
-442
-504
-555
-556
-532
-464
-394
-305
-202
-77
83
289
471
615
699
715
655
587
471
369
294
226
163
119
50
-34
-55
-143
-236
-236
-271
-302
-311
-360
-428
-502
-570
-584
-577
-527
-469
-369
-284
-165
-46
130
391
563
674
707
687
619
513
395
309
253
209
148
127
-12
-41
-140
-193
-213
-225
-238
-251
-276
-350
-425
-506
-540
-556
-537
-471
-398
-315
-217
-103
-22
286
474
631
703
727
693
610
503
404
318
259
215
150
136
19
-23
-103
-172
-179
-205
-223
-249
-286
-353
-416
-492
-545
-524
-493
-426
-348
-237
-153
-53
122
363
547
665
725
731
661
564
450
369
287
235
188
119
35
-22
-46
-156
-199
-223
-242
-250
-285
-343
-427
-495
-553
-585
-569
-520
-442
-350
-247
-150
-43
127
419
594
683
695
659
583
474
361
276
227
167
126
19
-29
-44
-165
-200
-239
-255
-297
-303
-337
-405
-469
-551
-584
-585
-553
-513
-431
-329
-203
-75
100
302
468
597
661
659
615
538
419
340
282
231
177
141
31
-37
-57
-155
-188
-225
-225
-239
-294
-338
-410
-486
-525
-556
-550
-490
-430
-346
-217
-140
-46
123
419
593
679
729
683
631
523
404
340
289
228
167
126
20
-28
-44
-136
-173
-183
-202
-235
-266
-339
-412
-482
-524
-537
-508
-462
-389
-289
-195
-35
126
347
547
647
692
695
658
547
419
339
288
229
157
116
30
-38
-53
-156
-203
-213
-220
-241
-288
-335
-396
-486
-552
-569
-556
-519
-449
-375
-265
-133
-44
141
419
567
643
682
637
549
419
333
267
213
151
121
33
-50
-35
-157
-188
-221
-225
-243
-273
-332
-391
-470
-523
-572
-575
-547
-497
-418
-300
-187
-53
119
338
514
615
691
675
603
532
415
335
278
211
163
127
24
-34
-43
-149
-181
-213
-210
-245
-264
-341
-410
-470
-514
-535
-524
-474
-392
-313
-203
-62
111
315
484
614
691
699
671
586
491
395
323
269
197
151
121
20
-41
-53
-138
-165
-199
-213
-241
-286
-341
-428
-493
-523
-517
-488
-431
-326
-217
-125
-42
135
419
579
671
702
674
596
491
375
298
243
197
137
123
2
-45
-122
-170
-190
-202
-224
-245
-284
-364
-447
-508
-553
-543
-524
-469
-379
-300
-175
-33
116
349
499
617
643
627
570
478
375
283
224
183
117
94
-5
-37
-124
-169
-203
-226
-236
-261
-297
-333
-419
-498
-529
-557
-539
-481
-409
-315
-209
-69
125
341
506
609
660
659
615
514
409
310
274
210
171
123
36
-16
-45
-117
-169
-182
-188
-219
-240
-301
-379
-436
-503
-524
-503
-460
-395
-294
-203
-81
65
267
457
578
673
686
662
587
478
393
323
273
229
165
132
25
-40
-55
-133
-157
-167
-185
-236
-280
-332
-412
-457
-488
-475
-478
-423
-332
-253
-159
-44
131
372
531
619
660
643
591
473
372
302
243
195
136
131
5
-37
-33
-143
-180
-203
-221
-235
-270
-353
-414
-481
-534
-540
-530
-490
-427
-321
-215
-93
82
286
419
559
628
627
567
485
383
306
242
185
133
117
2
-29
-46
-152
-190
-199
-203
-236
-267
-310
-396
-459
-521
-562
-540
-506
-443
-351
-252
-149
-49
143
395
555
635
651
646
561
471
375
308
244
195
147
128
6
-48
-85
-140
-169
-173
-181
-214
-261
-332
-405
-473
-501
-507
-486
-437
-362
-281
-173
-44
123
347
523
614
686
675
639
553
449
346
291
243
188
105
119
11
-37
-49
-153
-142
-172
-188
-213
-279
-347
-417
-481
-521
-522
-477
-419
-346
-267
-154
-44
147
391
535
628
651
626
547
455
359
299
243
179
133
116
11
-39
-117
-158
-179
-194
-206
-258
-273
-337
-414
-493
-527
-558
-549
-480
-405
-329
-234
-106
-53
255
419
535
597
607
570
484
379
323
242
200
139
139
5
-27
-38
-133
-158
-176
-197
-217
-252
-298
-374
-463
-497
-551
-524
-493
-439
-363
-269
-145
-43
133
374
519
599
654
627
567
487
385
306
243
193
141
131
35
-13
-59
-124
-134
-159
-166
-193
-250
-317
-371
-450
-503
-520
-485
-453
-365
-283
-199
-58
104
294
483
595
683
691
643
535
453
372
291
251
191
121
113
17
-13
-44
-117
-141
-157
-188
-215
-265
-335
-417
-488
-531
-529
-492
-443
-373
-300
-194
-55
129
339
490
595
660
643
577
487
394
311
259
201
119
131
3
-21
-54
-142
-161
-186
-178
-213
-266
-300
-392
-472
-530
-561
-552
-523
-463
-381
-287
-171
-39
131
356
487
596
627
598
543
445
340
265
225
162
131
67
-1
-44
-105
-161
-170
-173
-193
-221
-263
-328
-395
-464
-514
-542
-508
-490
-400
-312
-209
-108
-11
244
419
569
647
660
628
553
459
366
309
235
180
123
119
14
-29
-37
-110
-147
-153
-173
-207
-233
-299
-380
-434
-487
-504
-492
-428
-366
-286
-200
-55
116
311
483
597
671
675
639
547
419
356
306
233
180
127
127
-7
-11
-38
-127
-146
-155
-185
-217
-267
-324
-428
-483
-531
-551
-508
-447
-377
-300
-188
-53
115
318
481
585
641
647
595
483
386
299
246
193
139
127
7
-33
-55
-140
-217
-203
-215
-234
-260
-311
-395
-460
-533
-572
-571
-536
-481
-372
-300
-193
-41
119
340
485
591
637
629
569
478
363
276
219
181
121
116
-1
-31
-54
-130
-172
-172
-181
-214
-254
-295
-381
-458
-492
-527
-514
-474
-406
-341
-253
-146
-49
138
377
537
601
661
650
579
487
393
313
253
211
131
141
29
-17
-49
-98
-122
-138
-157
-181
-216
-273
-353
-427
-492
-497
-495
-435
-379
-293
-216
-125
21
262
419
567
645
665
650
563
468
363
298
235
190
145
161
16
-22
-55
-139
-155
-167
-193
-203
-261
-335
-393
-464
-519
-523
-504
-458
-380
-321
-221
-107
-29
201
419
550
611
628
597
511
391
307
265
191
161
100
16
-31
-50
-151
-159
-203
-238
-233
-259
-313
-382
-456
-510
-556
-552
-524
-460
-383
-315
-205
-69
103
295
419
579
631
643
593
493
386
315
251
175
146
119
20
-21
-50
-112
-151
-171
-185
-205
-236
-274
-353
-412
-489
-530
-524
-478
-437
-335
-251
-143
-44
126
387
523
633
681
665
602
500
404
331
271
226
180
136
84
9
-37
-30
-126
-140
-152
-185
-210
-267
-334
-409
-466
-508
-491
-433
-386
-309
-231
-133
-38
148
374
519
635
666
659
579
503
389
308
228
198
131
119
19
-31
-49
-142
-169
-191
-183
-205
-236
-300
-380
-457
-508
-540
-524
-496
-407
-330
-262
-137
-34
135
372
506
596
639
610
534
452
340
279
235
161
130
41
-28
-38
-119
-163
-187
-190
-235
-246
-284
-341
-402
-502
-518
-553
-530
-481
-415
-350
-253
-151
-45
138
383
527
627
654
634
570
475
377
307
246
191
130
133
16
-28
-54
-128
-155
-156
-191
-194
-223
-301
-377
-437
-477
-524
-502
-449
-391
-322
-216
-105
-49
143
409
553
629
679
660
599
495
399
330
283
222
158
123
49
-13
-23
-33
-134
-141
-167
-185
-231
-300
-374
-449
-499
-510
-460
-425
-370
-301
-205
-119
-44
135
395
553
627
663
638
564
469
371
294
250
185
128
119
-2
-26
-44
-140
-158
-185
-203
-226
-263
-326
-396
-476
-527
-540
-533
-476
-421
-329
-257
-149
-43
131
371
513
589
629
603
531
419
325
251
202
148
122
30
-3
-50
-113
-146
-177
-197
-197
-225
-266
-329
-382
-486
-531
-553
-526
-463
-401
-316
-234
-109
-37
137
407
543
614
647
629
553
456
363
291
237
163
143
127
19
-28
-32
-109
-137
-149
-172
-187
-236
-303
-367
-435
-491
-528
-506
-458
-358
-289
-186
-57
114
298
462
593
674
687
663
565
467
377
299
245
187
142
139
20
-13
-19
-117
-129
-133
-161
-191
-230
-294
-377
-439
-492
-522
-499
-456
-381
-314
-223
-103
-11
247
419
571
627
639
624
532
455
345
287
219
167
139
43
-21
-37
-55
-133
-151
-174
-183
-200
-268
-311
-416
-481
-533
-549
-530
-496
-413
-351
-249
-161
-39
126
363
499
589
617
587
508
418
339
267
215
126
129
39
-7
-26
-33
-119
-156
-177
-185
-221
-267
-318
-393
-455
-525
-524
-525
-460
-397
-331
-241
-126
-41
134
404
547
623
646
629
553
457
359
307
241
187
148
126
19
-25
-54
-87
-117
-143
-145
-172
-233
-276
-361
-425
-477
-492
-489
-449
-375
-300
-211
-109
-37
129
407
549
627
665
654
598
487
404
331
265
197
148
127
35
-10
-47
-57
-133
-145
-150
-184
-225
-288
-364
-437
-496
-524
-522
-466
-406
-307
-242
-137
-44
143
382
523
627
643
627
559
450
349
286
227
177
135
52
2
-43
-61
-149
-172
-183
-207
-237
-273
-317
-396
-478
-534
-550
-546
-484
-418
-353
-233
-169
-25
119
372
512
603
628
603
537
473
353
276
227
155
139
49
-10
-44
-115
-154
-156
-187
-191
-209
-239
-312
-371
-457
-508
-521
-505
-454
-376
-300
-203
-109
-34
139
377
532
635
659
649
565
477
379
309
265
211
147
119
33
-17
-53
-125
-151
-160
-171
-187
-236
-286
-357
-409
-471
-489
-473
-428
-361
-265
-203
-79
-15
244
419
569
654
675
667
582
473
373
311
258
198
135
116
7
-29
-49
-133
-160
-185
-199
-220
-267
-334
-406
-469
-519
-535
-501
-428
-371
-293
-203
-85
20
253
419
558
631
643
599
517
419
326
267
201
147
131
19
-11
-46
-136
-171
-210
-208
-226
-255
-300
-381
-445
-513
-553
-558
-524
-470
-396
-302
-205
-105
46
305
459
575
641
639
596
507
404
327
267
210
141
121
39
-12
-49
-114
-154
-175
-185
-211
-234
-285
-347
-427
-476
-524
-507
-474
-421
-345
-250
-173
-49
119
334
482
611
682
688
627
545
419
350
299
222
179
122
123
-3
-25
-38
-137
-138
-157
-169
-203
-257
-309
-400
-465
-499
-499
-460
-410
-327
-240
-170
-45
123
362
523
655
697
689
630
521
419
326
261
212
148
126
26
-15
-39
-135
-163
-200
-202
-217
-263
-294
-375
-438
-494
-528
-524
-473
-426
-347
-266
-165
-28
138
334
508
599
637
626
565
459
359
281
215
157
139
55
-10
-33
-127
-166
-193
-210
-238
-241
-276
-341
-406
-471
-518
-556
-540
-477
-416
-343
-262
-156
-37
129
367
515
615
671
643
587
483
383
301
247
187
148
125
31
-17
-44
-140
-155
-190
-191
-219
-230
-285
-365
-433
-491
-508
-476
-426
-382
-287
-197
-85
-9
262
459
595
675
715
674
598
506
402
335
259
180
158
139
41
-11
-58
-111
-142
-154
-171
-183
-271
-281
-363
-426
-484
-492
-467
-423
-334
-268
-197
-76
84
282
458
582
671
667
613
555
459
366
309
243
182
135
116
-6
-31
-95
-155
-183
-197
-217
-253
-286
-339
-428
-491
-531
-526
-520
-456
-393
-300
-211
-76
100
279
447
579
628
631
566
485
391
299
234
175
133
111
-5
-43
-108
-157
-181
-217
-213
-241
-263
-322
-353
-447
-497
-552
-541
-503
-465
-390
-297
-173
-50
118
326
485
607
665
660
605
515
404
323
244
201
142
127
35
-29
-47
-123
-166
-188
-184
-191
-235
-271
-354
-439
-489
-505
-504
-458
-381
-302
-211
-129
-41
118
402
561
663
699
659
623
508
409
330
267
203
165
133
43
-11
-37
-125
-154
-188
-196
-203
-245
-297
-368
-429
-492
-514
-489
-441
-380
-301
-221
-111
-43
137
415
569
657
679
633
564
419
353
276
216
179
118
84
-21
-48
-134
-174
-188
-220
-219
-254
-283
-364
-433
-478
-533
-529
-530
-466
-383
-299
-208
-77
21
254
419
565
635
629
585
481
407
311
235
187
131
136
19
-50
-77
-162
-173
-215
-215
-227
-268
-305
-379
-451
-504
-522
-525
-502
-429
-361
-278
-167
-38
113
331
495
611
667
659
613
500
391
307
251
203
154
129
34
-53
-50
-122
-159
-188
-195
-195
-233
-301
-359
-428
-485
-513
-495
-451
-382
-297
-199
-97
-37
145
419
567
654
720
689
622
501
407
323
265
221
154
133
25
-21
-44
-145
-181
-188
-186
-207
-237
-293
-370
-442
-493
-512
-517
-460
-382
-299
-198
-95
-37
201
419
567
630
691
643
562
467
371
287
223
158
127
58
-1
-45
-133
-165
-199
-205
-231
-252
-282
-334
-418
-490
-527
-555
-535
-467
-412
-329
-235
-123
-29
117
419
547
627
648
611
515
419
339
271
213
167
119
35
-42
-57
-145
-194
-209
-216
-221
-237
-284
-336
-425
-487
-502
-524
-510
-425
-341
-283
-188
-55
119
298
470
579
660
674
629
553
419
343
276
233
169
139
68
-6
-47
-122
-145
-169
-186
-190
-209
-258
-325
-396
-457
-485
-476
-463
-398
-328
-219
-129
-44
129
351
505
627
681
690
639
558
458
351
288
233
163
127
83
3
-29
-118
-140
-181
-184
-213
-233
-276
-364
-434
-481
-539
-504
-477
-401
-338
-268
-169
-31
131
326
495
607
659
641
579
497
386
305
261
195
153
122
13
-28
-117
-171
-186
-205
-218
-233
-272
-347
-389
-478
-526
-553
-535
-490
-428
-363
-283
-172
-53
125
345
485
599
639
607
561
463
367
281
235
161
129
91
-9
-45
-122
-167
-190
-205
-219
-235
-263
-334
-398
-459
-494
-521
-493
-461
-395
-315
-203
-104
-32
135
409
567
645
664
633
573
461
369
303
250
193
145
123
7
-25
-33
-151
-163
-179
-186
-213
-253
-321
-367
-446
-486
-492
-460
-416
-351
-262
-174
-54
75
276
461
599
666
682
650
555
463
367
291
249
181
131
128
3
-34
-137
-171
-205
-203
-221
-221
-299
-341
-421
-478
-519
-511
-491
-425
-354
-268
-165
-47
115
303
465
569
619
651
578
487
403
303
243
186
151
138
10
-30
-111
-182
-213
-235
-267
-257
-283
-337
-410
-471
-523
-545
-524
-495
-424
-339
-265
-165
-49
123
347
511
601
619
617
550
457
351
279
229
180
141
111
3
-38
-129
-165
-198
-224
-207
-233
-272
-315
-387
-456
-494
-514
-482
-442
-364
-274
-172
-49
103
293
474
603
660
671
627
522
419
354
280
233
168
135
116
-6
-34
-129
-159
-173
-183
-202
-218
-263
-334
-390
-441
-478
-470
-438
-383
-288
-214
-111
-43
122
411
553
647
675
634
590
473
363
302
243
177
126
153
18
-41
-98
-159
-193
-210
-223
-234
-289
-342
-414
-476
-519
-510
-477
-428
-345
-279
-175
-50
110
291
419
561
628
624
571
489
379
301
227
173
119
123
-13
-25
-123
-173
-207
-229
-251
-261
-273
-337
-400
-475
-508
-540
-524
-497
-423
-331
-231
-121
-49
133
385
523
623
643
641
551
451
339
255
211
178
128
56
-12
-37
-117
-173
-197
-203
-203
-239
-271
-327
-391
-459
-494
-503
-464
-417
-345
-265
-167
-59
114
326
499
609
673
679
626
532
409
340
275
238
167
116
104
-9
-29
-87
-155
-168
-175
-181
-207
-266
-332
-399
-474
-481
-476
-458
-364
-288
-203
-94
-17
142
404
547
629
659
651
561
453
353
270
223
167
121
116
-12
-37
-114
-171
-203
-203
-227
-236
-284
-345
-407
-476
-520
-530
-506
-446
-364
-276
-188
-53
111
291
458
577
630
643
569
483
371
288
215
167
133
101
-15
-48
-118
-172
-217
-222
-232
-233
-262
-329
-395
-457
-505
-537
-524
-477
-422
-361
-243
-146
-46
141
387
547
643
662
639
575
468
325
279
227
188
136
99
-5
-31
-109
-163
-175
-185
-202
-223
-251
-333
-370
-464
-487
-491
-459
-428
-338
-259
-162
-41
126
308
463
595
683
686
650
562
419
359
283
229
195
127
109
-11
-31
-97
-161
-172
-175
-183
-220
-267
-348
-415
-458
-498
-483
-443
-395
-319
-224
-111
-33
142
377
538
624
663
643
587
466
373
281
222
186
129
117
3
-35
-82
-151
-186
-206
-225
-236
-274
-332
-402
-460
-507
-524
-521
-453
-406
-306
-221
-77
-15
259
419
559
624
627
575
495
391
287
211
179
146
121
15
-30
-45
-147
-203
-205
-227
-229
-265
-296
-363
-433
-497
-540
-524
-499
-425
-347
-251
-135
-49
123
339
497
611
643
645
579
499
398
308
244
195
135
131
35
-15
-42
-138
-156
-185
-193
-206
-225
-284
-369
-451
-470
-485
-474
-410
-360
-287
-176
-73
-33
206
419
555
659
693
657
587
485
387
313
266
206
148
126
1
-29
-50
-139
-185
-201
-197
-221
-251
-300
-364
-439
-481
-491
-465
-432
-350
-268
-166
-50
126
315
487
594
667
659
595
491
391
301
231
187
143
116
24
-28
-41
-146
-190
-223
-221
-242
-263
-309
-383
-444
-517
-528
-518
-467
-418
-327
-227
-125
-47
138
357
513
594
629
597
523
419
317
229
191
131
127
33
-13
-44
-140
-173
-213
-219
-239
-263
-287
-346
-410
-476
-515
-503
-475
-412
-345
-268
-159
-53
119
294
466
593
657
675
597
515
404
315
257
202
155
133
33
-6
-49
-138
-177
-192
-209
-207
-246
-283
-348
-395
-455
-475
-476
-422
-364
-273
-173
-78
-41
119
395
543
645
687
659
602
511
387
321
244
202
161
117
31
-23
-48
-141
-163
-188
-199
-215
-257
-300
-387
-445
-492
-489
-471
-413
-339
-268
-178
-66
119
289
446
563
629
657
589
527
403
324
245
212
125
133
21
-42
-43
-146
-191
-224
-237
-236
-269
-310
-366
-439
-476
-533
-519
-490
-438
-354
-237
-156
-44
131
354
500
610
645
603
545
419
335
246
212
165
137
52
-12
-54
-138
-179
-219
-224
-226
-239
-290
-334
-412
-457
-508
-491
-487
-414
-362
-282
-157
-45
117
299
467
595
659
654
596
501
403
317
246
209
145
139
50
-9
-27
-123
-163
-175
-199
-202
-236
-288
-332
-396
-454
-478
-478
-422
-355
-276
-175
-81
-29
138
419
565
671
696
670
592
478
374
295
237
196
139
117
11
-25
-44
-140
-170
-203
-202
-213
-243
-301
-397
-444
-487
-513
-483
-417
-359
-265
-172
-50
104
299
463
577
643
639
591
503
395
309
231
195
139
133
25
-37
-41
-155
-179
-213
-217
-232
-265
-305
-377
-443
-508
-561
-537
-503
-417
-341
-236
-149
-43
129
343
502
585
626
601
531
419
341
255
214
153
137
42
-43
-44
-118
-159
-203
-203
-202
-241
-268
-325
-386
-455
-494
-488
-483
-439
-343
-280
-188
-65
92
287
453
587
661
675
623
535
411
319
267
213
173
134
65
-11
-30
-44
-138
-156
-169
-173
-201
-262
-317
-385
-430
-464
-461
-433
-366
-297
-206
-108
-35
123
379
531
626
671
675
599
496
386
319
251
191
147
136
34
-26
-47
-140
-172
-173
-210
-207
-239
-300
-365
-444
-481
-492
-491
-449
-387
-298
-193
-107
-38
133
367
523
603
633
610
532
418
323
253
195
142
135
23
-19
-45
-139
-177
-205
-235
-225
-251
-300
-346
-423
-478
-524
-522
-492
-458
-367
-279
-182
-64
104
291
471
575
630
623
548
473
357
279
227
167
125
127
19
-17
-42
-135
-172
-195
-205
-213
-247
-293
-341
-421
-477
-499
-492
-442
-370
-302
-203
-103
-40
133
374
514
624
643
631
564
474
371
288
227
185
139
119
43
-16
-49
-119
-161
-170
-162
-186
-222
-274
-342
-409
-448
-457
-440
-387
-333
-245
-153
-53
98
293
419
577
653
663
617
538
419
343
251
209
155
130
41
-12
-49
-126
-178
-193
-213
-206
-245
-300
-348
-400
-469
-502
-490
-465
-414
-332
-236
-145
-28
116
329
483
567
628
607
522
419
338
257
214
144
139
62
-1
-49
-133
-183
-222
-229
-234
-261
-270
-317
-406
-464
-518
-521
-501
-446
-384
-300
-193
-105
-31
121
382
514
586
627
583
515
399
321
244
195
148
116
55
-21
-25
-138
-174
-203
-197
-231
-261
-284
-326
-396
-459
-467
-477
-437
-377
-303
-217
-128
-53
125
315
483
597
643
665
593
503
399
307
262
212
171
138
27
-17
-42
-108
-161
-171
-181
-199
-220
-280
-335
-382
-435
-459
-430
-416
-348
-274
-174
-61
-30
123
384
532
621
642
611
553
447
340
273
229
167
142
84
-12
-33
-137
-191
-193
-220
-217
-236
-268
-332
-395
-459
-493
-503
-483
-428
-358
-268
-173
-57
111
287
419
565
617
615
555
481
353
249
207
181
120
127
15
-27
-120
-181
-201
-235
-242
-241
-266
-300
-386
-439
-495
-508
-494
-467
-407
-333
-245
-149
-44
130
356
491
601
631
610
543
458
335
274
222
162
119
115
8
-19
-49
-159
-183
-188
-201
-220
-256
-305
-375
-428
-467
-466
-460
-396
-328
-246
-157
-28
114
309
467
593
647
675
627
543
419
341
258
218
180
137
115
-5
-37
-34
-129
-157
-170
-172
-205
-263
-328
-395
-453
-478
-464
-428
-379
-300
-209
-119
-43
123
340
497
606
655
624
567
478
355
279
211
177
123
116
-2
-28
-35
-146
-175
-188
-201
-217
-258
-300
-380
-439
-492
-530
-502
-454
-396
-297
-217
-120
-41
134
373
523
589
617
575
497
385
287
214
165
126
129
20
-24
-43
-140
-170
-205
-225
-236
-237
-273
-338
-409
-462
-505
-526
-499
-427
-369
-268
-172
-43
127
315
468
577
626
630
579
475
386
293
239
181
139
135
26
-28
-43
-133
-152
-168
-172
-203
-217
-268
-332
-396
-453
-476
-476
-414
-366
-281
-187
-101
-44
135
401
544
639
687
647
596
485
381
286
257
196
148
129
34
-13
-53
-118
-141
-172
-173
-179
-226
-284
-351
-425
-457
-471
-438
-425
-359
-270
-168
-75
37
249
411
550
624
641
607
511
404
309
230
191
143
129
43
-22
-47
-115
-163
-208
-191
-205
-231
-279
-346
-399
-469
-510
-518
-485
-426
-349
-282
-173
-55
116
278
419
539
595
597
541
419
340
244
195
146
136
50
6
-39
-74
-139
-172
-202
-205
-224
-252
-298
-362
-437
-481
-493
-489
-447
-396
-301
-225
-113
-43
127
371
523
599
651
626
565
451
355
265
206
160
126
118
14
-30
-37
-131
-165
-167
-175
-209
-229
-285
-358
-429
-462
-467
-455
-386
-318
-237
-127
-46
117
313
478
606
671
661
629
533
409
340
257
217
171
126
118
0
-39
-57
-144
-158
-156
-181
-213
-245
-309
-389
-453
-478
-476
-450
-390
-302
-213
-112
-44
130
331
487
559
618
607
546
451
355
263
199
151
121
79
5
-29
-42
-150
-173
-214
-217
-251
-268
-322
-385
-443
-503
-511
-502
-450
-393
-322
-217
-130
-45
131
346
500
571
599
564
513
373
306
213
181
143
134
41
-11
-45
-138
-178
-201
-191
-220
-231
-289
-330
-393
-454
-488
-486
-476
-425
-333
-251
-140
-34
110
295
446
555
628
618
578
503
406
311
244
216
163
121
111
-5
-30
-76
-139
-168
-177
-188
-222
-267
-303
-366
-424
-463
-460
-419
-348
-282
-193
-77
-39
141
379
531
622
707
663
579
486
385
306
243
194
143
139
41
-18
-36
-139
-165
-186
-187
-217
-236
-303
-364
-441
-476
-487
-469
-433
-353
-296
-179
-73
-3
190
406
546
623
624
579
511
405
308
244
180
127
127
20
-28
-49
-140
-198
-211
-216
-221
-257
-301
-364
-437
-515
-505
-524
-502
-423
-349
-262
-165
-48
105
291
419
551
583
611
569
482
363
291
212
158
148
116
11
-25
-49
-151
-193
-213
-221
-221
-246
-284
-349
-403
-470
-478
-486
-441
-364
-293
-191
-93
-44
128
387
523
611
649
627
559
468
367
283
244
200
144
139
15
-30
-50
-137
-161
-170
-172
-187
-236
-289
-337
-422
-441
-457
-426
-382
-310
-223
-157
-30
118
319
495
603
663
675
628
523
414
335
259
195
148
135
38
-28
-54
-123
-167
-177
-201
-211
-233
-276
-358
-421
-461
-494
-498
-450
-381
-309
-232
-122
-44
117
357
497
587
629
615
526
419
329
266
212
147
137
39
-28
-37
-141
-179
-220
-237
-243
-237
-297
-343
-407
-481
-511
-534
-506
-469
-391
-309
-207
-77
-18
136
403
532
613
623
573
478
375
297
217
171
149
134
45
-14
-44
-131
-167
-199
-213
-213
-222
-278
-344
-396
-462
-497
-487
-433
-396
-297
-217
-129
-45
117
331
471
594
628
650
583
487
385
308
234
207
145
123
35
-13
-28
-145
-157
-175
-186
-187
-195
-247
-327
-397
-431
-459
-458
-411
-343
-257
-172
-77
-44
116
372
511
619
635
627
555
471
355
287
223
159
134
118
-14
-29
-82
-153
-182
-203
-203
-226
-269
-317
-377
-443
-477
-492
-477
-437
-346
-284
-181
-76
57
253
411
532
596
603
559
484
379
282
224
163
137
107
-1
-28
-74
-151
-195
-229
-235
-248
-269
-297
-367
-430
-491
-507
-508
-465
-416
-327
-250
-151
-47
127
340
482
575
622
593
533
419
355
257
205
167
131
83
-11
-26
-41
-145
-173
-179
-205
-214
-245
-279
-359
-428
-467
-476
-469
-412
-346
-257
-157
-45
114
290
419
577
631
669
619
523
419
347
265
227
213
131
122
53
-14
-45
-112
-146
-156
-173
-181
-234
-304
-354
-428
-462
-472
-438
-389
-296
-211
-133
-43
128
319
478
583
629
627
564
481
377
291
241
200
143
131
19
-27
-44
-140
-167
-175
-188
-203
-242
-278
-343
-422
-478
-504
-501
-469
-395
-324
-239
-122
-54
129
347
500
583
607
577
500
383
293
222
177
145
139
7
-33
-55
-139
-171
-203
-219
-234
-241
-274
-332
-389
-462
-499
-503
-476
-440
-368
-289
-206
-109
-42
117
390
533
591
602
565
516
403
293
242
190
139
147
36
-9
-26
-93
-157
-167
-182
-213
-207
-264
-312
-379
-422
-460
-467
-428
-389
-315
-234
-141
-50
138
339
483
593
660
647
586
503
403
323
244
222
155
122
59
8
-49
-47
-129
-150
-146
-172
-203
-246
-328
-395
-460
-481
-463
-428
-361
-271
-203
-105
-58
132
361
505
595
641
613
551
453
331
254
194
155
118
52
-14
-27
-33
-126
-173
-181
-186
-207
-251
-315
-375
-443
-502
-499
-492
-462
-386
-309
-223
-125
-50
137
363
500
571
603
563
483
393
279
213
148
153
117
4
-29
-40
-133
-172
-203
-195
-203
-230
-267
-316
-383
-463
-506
-501
-492
-423
-354
-273
-182
-76
79
265
419
547
631
627
591
521
390
311
244
201
153
119
35
-12
-39
-122
-142
-165
-163
-171
-203
-243
-301
-386
-443
-458
-460
-446
-366
-291
-213
-101
-47
117
354
515
609
667
651
599
483
372
308
247
202
162
119
49
2
-39
-47
-159
-168
-167
-187
-203
-257
-337
-396
-460
-467
-478
-415
-364
-273
-177
-101
-28
128
384
535
619
628
609
517
399
308
244
187
158
143
34
-12
-41
-117
-156
-186
-193
-215
-235
-273
-332
-380
-465
-497
-508
-478
-439
-354
-289
-190
-83
89
266
410
530
577
587
539
449
349
243
196
152
130
63
1
-23
-36
-130
-185
-198
-193
-171
-251
-300
-348
-411
-480
-502
-494
-472
-393
-314
-222
-121
-27
131
373
510
605
660
611
563
455
341
274
222
163
139
115
-7
-28
-44
-121
-150
-156
-167
-173
-217
-283
-341
-396
-457
-454
-439
-386
-325
-244
-149
-43
123
311
478
614
650
661
609
511
417
313
259
212
163
123
41
-5
-28
-47
-134
-147
-170
-170
-194
-234
-312
-391
-439
-473
-478
-428
-366
-289
-236
-127
-44
127
315
497
591
611
605
544
449
339
263
195
166
131
49
-13
-43
-106
-149
-162
-193
-203
-211
-263
-311
-364
-454
-493
-515
-497
-460
-393
-321
-233
-133
-53
118
367
501
583
598
558
482
372
275
219
175
131
130
21
-17
-49
-136
-161
-175
-174
-191
-220
-253
-310
-377
-442
-489
-470
-455
-421
-333
-259
-157
-44
119
299
455
564
633
624
567
489
372
307
239
202
143
137
31
-16
-44
-27
-138
-146
-157
-175
-203
-235
-300
-369
-414
-437
-443
-406
-341
-276
-188
-85
-31
133
404
527
615
653
630
555
419
340
273
212
175
121
116
9
-22
-27
-112
-141
-161
-163
-197
-231
-268
-364
-417
-478
-487
-467
-419
-364
-278
-201
-76
-3
193
401
536
591
621
571
469
374
287
203
147
117
112
-1
-33
-47
-109
-167
-182
-188
-210
-227
-287
-332
-414
-474
-508
-524
-497
-429
-348
-268
-181
-44
115
295
419
532
591
581
532
419
323
258
187
151
121
49
-12
-29
-50
-111
-151
-178
-186
-198
-223
-287
-370
-407
-457
-464
-482
-429
-364
-272
-177
-82
-46
125
375
505
607
623
596
531
419
340
245
212
153
121
117
18
-26
-28
-111
-123
-128
-142
-171
-218
-291
-332
-397
-458
-453
-415
-364
-300
-220
-140
-47
117
308
457
564
641
660
586
497
388
291
229
180
151
131
23
-22
-39
-76
-125
-149
-163
-179
-214
-267
-316
-393
-453
-481
-488
-438
-382
-311
-239
-139
-47
133
334
469
565
611
591
526
419
340
243
202
139
127
37
-23
-44
-117
-141
-172
-186
-211
-203
-258
-305
-375
-442
-487
-524
-487
-450
-381
-306
-210
-128
-43
131
347
489
567
585
566
498
385
289
242
211
142
131
20
-2
-50
-42
-137
-160
-157
-174
-183
-221
-268
-343
-411
-465
-468
-450
-411
-320
-253
-149
-48
119
295
419
567
629
630
583
507
405
319
251
208
148
131
84
16
-27
-42
-108
-137
-110
-140
-165
-215
-279
-319
-412
-453
-442
-410
-346
-281
-193
-118
-44
119
351
486
595
639
635
559
478
366
276
231
178
138
142
20
-31
-58
-101
-162
-172
-190
-187
-221
-259
-334
-407
-461
-478
-460
-438
-366
-283
-188
-109
-49
139
340
469
565
587
564
505
390
288
209
170
138
119
13
-22
-44
-133
-170
-177
-209
-215
-220
-276
-325
-396
-444
-504
-499
-477
-409
-353
-273
-159
-65
52
215
401
527
593
607
557
487
383
276
209
165
135
129
7
-16
-43
-108
-123
-156
-163
-175
-215
-249
-306
-381
-438
-460
-469
-422
-369
-295
-203
-108
-46
119
335
471
586
631
618
567
485
387
285
235
186
150
115
27
-9
-19
-47
-133
-140
-142
-157
-197
-247
-302
-373
-428
-451
-462
-428
-342
-269
-186
-77
-29
151
372
515
590
605
581
513
418
321
246
193
134
123
37
-26
-47
-111
-147
-171
-173
-178
-207
-247
-316
-389
-447
-494
-497
-476
-424
-357
-281
-181
-81
-12
163
387
507
565
573
529
419
329
239
177
128
103
34
-17
-49
-108
-159
-169
-200
-205
-225
-262
-281
-346
-411
-461
-485
-497
-470
-396
-321
-229
-137
-57
122
319
462
555
609
607
532
419
339
250
207
164
139
105
17
-23
-44
-141
-157
-170
-172
-181
-213
-275
-337
-396
-442
-453
-449
-398
-337
-252
-158
-37
94
273
419
577
628
657
613
532
418
319
271
212
166
116
116
10
-17
-50
-108
-139
-150
-151
-203
-239
-300
-357
-414
-458
-443
-413
-367
-289
-215
-111
-44
136
355
483
581
619
595
532
451
341
275
196
155
131
95
7
-28
-38
-137
-159
-172
-185
-199
-211
-283
-347
-425
-458
-489
-485
-447
-363
-301
-203
-119
-49
131
354
515
571
596
547
484
375
276
199
151
146
89
21
-25
-44
-123
-168
-177
-192
-206
-215
-265
-310
-377
-438
-501
-492
-466
-428
-346
-261
-145
-41
120
295
475
571
633
628
565
471
361
283
215
167
133
136
20
-17
-26
-35
-120
-141
-173
-155
-188
-246
-316
-383
-410
-463
-455
-401
-347
-266
-157
-87
35
193
403
563
646
684
651
559
459
334
274
221
176
127
147
21
-6
-39
-108
-136
-128
-159
-166
-213
-271
-341
-405
-466
-470
-441
-401
-325
-240
-157
-50
122
311
467
571
619
602
564
459
340
251
207
163
135
129
27
-32
-33
-125
-161
-167
-156
-186
-215
-264
-345
-419
-475
-485
-498
-449
-390
-321
-245
-125
-40
143
329
470
547
587
563
481
395
281
209
153
143
122
21
-15
-41
-86
-139
-160
-159
-214
-187
-250
-328
-374
-431
-475
-490
-478
-428
-365
-269
-165
-63
89
294
451
565
639
611
571
478
371
295
227
181
135
123
27
-6
-34
-53
-114
-117
-139
-146
-173
-237
-305
-374
-437
-459
-460
-428
-368
-297
-201
-108
-44
133
362
523
615
634
628
549
475
362
270
221
180
123
127
27
-10
-43
-57
-118
-151
-165
-179
-225
-275
-343
-428
-470
-498
-485
-443
-364
-288
-203
-93
-35
122
403
515
586
602
577
487
387
280
218
174
127
114
9
-34
-41
-121
-155
-178
-181
-197
-221
-268
-331
-427
-460
-530
-517
-476
-460
-374
-293
-209
-72
91
270
407
527
566
579
515
419
313
252
194
148
138
52
-11
-30
-105
-150
-151
-157
-185
-203
-236
-283
-341
-412
-478
-491
-488
-438
-373
-301
-213
-104
-55
119
349
495
583
611
599
519
419
323
246
209
148
131
81
7
-7
-44
-106
-141
-153
-178
-188
-213
-252
-327
-406
-463
-461
-451
-396
-305
-233
-131
-49
116
295
450
561
627
628
583
495
372
302
233
181
119
143
33
-13
-33
-33
-140
-170
-174
-185
-210
-242
-309
-387
-460
-492
-492
-460
-412
-307
-246
-143
-53
121
329
451
559
593
591
523
419
315
243
180
129
130
50
-12
-44
-41
-137
-181
-190
-224
-236
-269
-337
-364
-446
-503
-534
-507
-461
-393
-319
-208
-117
-41
139
357
493
570
596
565
469
383
283
211
171
136
117
26
-1
-44
-99
-129
-172
-170
-198
-203
-237
-317
-365
-438
-476
-464
-460
-396
-316
-257
-157
-45
116
285
447
563
624
641
574
515
399
307
237
203
146
117
52
-12
-30
-41
-120
-139
-143
-150
-185
-232
-294
-348
-421
-463
-459
-407
-350
-281
-176
-87
-53
131
343
498
599
645
623
579
478
377
281
225
179
138
116
20
-44
-47
-129
-159
-201
-194
-203
-223
-287
-348
-428
-469
-492
-481
-422
-372
-271
-203
-97
-38
119
367
507
579
612
583
511
411
307
237
178
122
123
25
-28
-48
-129
-188
-205
-221
-215
-250
-289
-330
-397
-464
-498
-502
-478
-439
-332
-274
-165
-44
112
291
419
553
603
596
551
487
373
281
222
171
154
137
31
-11
-33
-133
-154
-169
-182
-187
-220
-270
-321
-393
-460
-482
-455
-412
-361
-297
-202
-113
-44
137
342
500
596
654
638
587
490
397
292
232
188
159
148
42
-12
-27
-49
-133
-145
-142
-170
-201
-261
-319
-382
-444
-443
-422
-389
-329
-238
-169
-69
-31
195
394
537
613
638
628
547
419
338
265
223
157
129
59
-33
-25
-50
-159
-172
-209
-186
-194
-255
-313
-389
-429
-485
-478
-466
-429
-336
-246
-155
-53
89
259
419
535
596
595
569
481
373
272
209
165
128
79
9
-41
-45
-151
-178
-203
-219
-227
-250
-294
-355
-415
-473
-507
-487
-449
-392
-331
-246
-157
-57
123
289
418
551
591
595
551
475
354
289
213
174
131
147
15
-21
-43
-127
-159
-185
-203
-203
-231
-284
-347
-389
-443
-483
-461
-412
-361
-263
-169
-69
50
233
417
551
607
643
613
574
462
358
286
239
175
129
130
23
-7
-41
-121
-138
-167
-172
-192
-236
-284
-347
-403
-455
-461
-433
-369
-307
-234
-150
-46
95
283
450
561
628
642
587
501
385
301
235
187
148
127
14
-26
-44
-118
-156
-190
-203
-186
-215
-257
-342
-412
-458
-506
-492
-460
-391
-316
-250
-166
-49
127
293
419
500
579
595
532
419
335
246
174
135
129
39
-29
-41
-113
-151
-188
-209
-231
-218
-249
-303
-368
-437
-462
-508
-508
-460
-377
-300
-213
-105
-46
123
377
511
596
615
582
521
405
327
239
197
148
131
53
17
-31
-56
-139
-166
-146
-188
-202
-245
-291
-346
-424
-454
-460
-439
-390
-297
-233
-133
-61
117
311
471
586
641
651
607
527
414
321
251
211
163
147
135
21
-29
-48
-123
-140
-172
-172
-209
-253
-305
-359
-432
-453
-459
-439
-373
-297
-208
-108
-47
122
353
495
591
630
613
547
419
341
249
195
148
126
52
3
-29
-45
-129
-171
-191
-205
-226
-245
-310
-365
-439
-493
-506
-494
-457
-393
-288
-188
-94
-39
133
389
522
569
578
532
471
359
255
196
149
115
75
17
-25
-25
-118
-161
-173
-205
-215
-231
-280
-332
-414
-472
-501
-508
-466
-412
-341
-251
-156
-33
126
319
467
591
629
599
563
463
351
269
219
159
119
115
19
-26
-33
-41
-133
-150
-162
-178
-220
-257
-322
-396
-447
-473
-470
-418
-337
-247
-161
-67
67
242
411
567
627
641
607
537
419
351
271
219
163
131
128
39
-18
-38
-76
-135
-137
-174
-173
-220
-294
-358
-414
-475
-463
-464
-403
-327
-254
-141
-45
119
297
419
547
619
603
550
463
371
257
212
171
137
127
21
-38
-30
-107
-165
-172
-194
-199
-247
-301
-332
-413
-476
-504
-506
-486
-404
-333
-234
-227
-43
139
321
483
555
595
559
503
393
307
211
163
134
116
36
-12
-53
-44
-122
-155
-171
-214
-208
-237
-301
-365
-441
-485
-487
-481
-428
-359
-275
-193
-72
2
227
397
532
601
634
595
515
402
308
259
197
151
148
50
11
-37
-50
-119
-129
-140
-167
-187
-234
-300
-332
-428
-448
-437
-431
-371
-300
-207
-125
-55
116
355
513
627
671
653
571
487
391
297
217
180
137
116
29
-26
-19
-60
-131
-139
-151
-186
-210
-268
-325
-397
-448
-482
-466
-438
-369
-295
-199
-109
-41
140
363
502
582
616
591
514
411
294
215
178
123
131
25
-11
-28
-43
-138
-167
-178
-203
-219
-258
-325
-386
-450
-508
-524
-523
-447
-372
-294
-197
-101
-61
127
395
510
574
607
555
473
377
291
205
159
138
104
20
-10
-44
-115
-145
-157
-188
-194
-224
-253
-326
-381
-457
-470
-474
-474
-394
-322
-237
-150
-43
129
331
480
599
655
635
571
486
372
291
233
177
133
131
41
-5
-27
-44
-120
-139
-154
-151
-188
-240
-305
-362
-434
-449
-443
-401
-347
-267
-172
-53
-15
201
404
547
627
643
630
533
419
351
276
213
159
134
116
19
-17
-39
-107
-140
-159
-178
-203
-225
-284
-369
-415
-476
-496
-478
-445
-348
-270
-157
-53
116
297
419
555
596
611
567
477
367
275
203
147
123
55
10
-33
-44
-107
-166
-173
-201
-203
-241
-297
-359
-426
-468
-519
-492
-484
-412
-334
-250
-167
-50
103
289
471
564
610
595
549
462
340
255
193
147
139
52
10
-29
-53
-113
-133
-171
-188
-192
-222
-278
-349
-411
-460
-485
-475
-455
-359
-271
-182
-80
-18
126
402
539
622
643
601
543
419
339
267
212
159
126
125
25
-1
-25
-45
-109
-140
-157
-170
-201
-254
-332
-394
-448
-466
-437
-395
-335
-255
-159
-49
115
319
454
595
646
682
623
535
411
307
235
182
143
123
36
-25
-26
-55
-144
-161
-169
-193
-213
-268
-335
-398
-466
-478
-507
-469
-397
-329
-221
-137
-59
125
328
475
579
610
602
550
419
334
247
171
143
116
39
-19
-37
-119
-157
-173
-191
-209
-227
-236
-306
-386
-431
-494
-529
-508
-470
-391
-334
-221
-131
-45
126
351
495
574
615
595
531
418
340
249
199
147
126
35
6
-29
-37
-127
-157
-155
-181
-202
-238
-301
-350
-412
-473
-462
-457
-423
-343
-249
-160
-53
100
289
419
565
655
665
619
533
415
323
266
202
167
117
126
19
-13
-44
-76
-133
-169
-165
-188
-222
-299
-357
-427
-460
-460
-449
-373
-286
-190
-93
-41
131
359
491
627
657
628
564
487
355
263
191
155
119
75
17
-19
-62
-127
-159
-175
-182
-219
-241
-302
-352
-419
-477
-506
-502
-458
-391
-307
-218
-117
-31
132
354
502
587
623
595
499
383
291
217
159
127
143
-5
-34
-67
-121
-173
-205
-203
-233
-235
-284
-348
-398
-464
-497
-493
-467
-414
-353
-278
-173
-55
82
275
404
555
615
629
575
475
385
275
223
161
131
147
31
-15
-38
-57
-139
-177
-186
-190
-220
-257
-310
-379
-435
-476
-460
-427
-361
-284
-199
-101
-44
131
377
511
614
661
645
593
483
379
297
228
180
137
143
30
-10
-15
-50
-127
-140
-172
-177
-215
-262
-348
-393
-437
-471
-446
-395
-321
-241
-145
-55
103
275
419
563
617
643
601
543
405
303
225
163
127
131
27
-2
-44
-42
-142
-182
-201
-209
-225
-276
-332
-399
-460
-492
-508
-478
-422
-353
-263
-157
-46
119
297
419
553
596
603
553
419
373
243
180
136
133
42
-28
-29
-115
-150
-175
-179
-203
-213
-235
-302
-367
-429
-486
-511
-498
-454
-385
-310
-197
-117
-49
123
338
485
564
603
603
553
447
343
267
203
177
116
109
20
-21
-55
-137
-149
-157
-180
-182
-222
-268
-338
-390
-437
-478
-453
-393
-329
-241
-147
-44
98
287
450
568
639
633
624
537
419
341
243
201
165
127
123
13
-13
-50
-115
-161
-161
-169
-194
-235
-285
-351
-422
-459
-456
-444
-383
-302
-211
-138
-53
133
322
468
579
613
626
547
463
334
255
188
145
125
52
10
-39
-45
-119
-151
-183
-194
-202
-247
-298
-364
-431
-476
-503
-485
-438
-366
-305
-209
-111
-42
131
367
486
563
571
535
468
366
275
206
143
125
47
5
-30
-54
-121
-157
-179
-200
-205
-234
-260
-341
-399
-475
-487
-477
-456
-380
-321
-236
-141
-50
127
315
457
563
615
606
555
451
340
265
199
161
131
122
20
-13
-38
-62
-144
-154
-162
-178
-213
-261
-316
-413
-421
-450
-435
-387
-305
-247
-145
-53
69
227
417
537
623
630
603
539
419
346
251
207
166
132
95
3
-35
-42
-111
-140
-159
-171
-199
-234
-284
-349
-428
-471
-470
-433
-390
-301
-217
-129
-49
115
293
419
532
579
591
547
463
345
261
198
169
122
67
-1
-25
-34
-121
-153
-173
-188
-203
-231
-295
-337
-417
-473
-524
-486
-454
-370
-299
-209
-112
-42
139
337
457
555
570
567
495
403
299
212
163
134
126
49
-7
-43
-37
-142
-172
-183
-198
-203
-234
-287
-357
-397
-470
-449
-447
-385
-301
-217
-119
-41
119
281
419
535
594
611
560
490
376
289
222
167
147
137
46
-5
-33
-33
-123
-126
-153
-151
-177
-226
-268
-349
-397
-435
-416
-364
-302
-254
-166
-66
-35
127
347
483
575
627
601
547
459
357
274
214
171
145
126
23
-7
-29
-69
-122
-155
-166
-194
-233
-267
-325
-387
-428
-460
-433
-389
-335
-259
-176
-93
-45
131
339
478
549
575
564
478
379
283
187
159
127
101
20
-24
-47
-121
-165
-199
-202
-206
-236
-276
-338
-379
-443
-481
-492
-478
-434
-326
-248
-173
-74
35
115
371
478
542
543
512
419
318
247
190
139
122
63
9
-27
-33
-123
-150
-175
-182
-205
-213
-268
-321
-376
-446
-434
-446
-396
-345
-281
-172
-111
-34
116
275
414
517
569
569
526
450
350
273
201
171
139
120
38
-17
-38
-95
-127
-140
-149
-172
-205
-268
-305
-348
-398
-421
-400
-377
-303
-242
-143
-65
-43
133
319
467
522
563
555
521
419
331
247
191
151
122
116
13
-21
-63
-134
-157
-185
-172
-199
-233
-286
-338
-391
-434
-458
-412
-371
-317
-241
-158
-97
-53
117
314
419
500
523
523
459
390
293
214
166
134
133
29
-31
-50
-120
-171
-199
-207
-214
-245
-283
-322
-377
-437
-469
-461
-428
-403
-318
-239
-157
-65
-76
127
325
419
500
535
494
419
347
278
211
167
139
127
37
-11
-39
-113
-145
-178
-181
-195
-203
-239
-298
-348
-406
-413
-431
-380
-338
-267
-191
-93
-37
103
257
375
495
539
557
538
465
379
297
243
180
151
127
129
31
-24
-47
-118
-150
-140
-153
-159
-229
-284
-320
-389
-381
-396
-345
-306
-225
-167
-81
-59
123
291
399
491
551
578
539
454
334
267
213
163
150
143
29
-12
-44
-137
-161
-181
-181
-195
-220
-265
-331
-381
-418
-428
-422
-364
-297
-231
-158
-94
-35
116
260
377
473
500
500
459
369
297
228
178
134
129
36
-11
-49
-137
-182
-208
-221
-236
-248
-263
-321
-361
-413
-438
-432
-415
-344
-287
-218
-149
-57
-30
132
294
402
469
498
487
419
371
307
234
180
150
130
45
-9
-44
-125
-166
-191
-195
-193
-217
-252
-306
-358
-377
-385
-384
-347
-287
-226
-156
-74
-43
115
241
372
475
529
532
500
419
381
295
244
195
153
121
59
-5
-30
-103
-130
-161
-174
-186
-217
-241
-295
-346
-364
-381
-341
-305
-267
-187
-78
-43
19
136
287
399
478
506
491
445
373
307
235
202
148
144
46
2
-39
-115
-172
-194
-219
-222
-236
-268
-300
-333
-389
-389
-393
-373
-317
-268
-166
-118
-58
58
132
306
405
455
448
419
372
295
235
177
154
121
37
-12
-44
-130
-183
-219
-215
-230
-241
-272
-297
-329
-374
-411
-396
-376
-334
-271
-203
-141
-57
-41
116
276
387
478
473
462
407
354
283
219
183
148
116
33
-12
-50
-108
-137
-167
-172
-188
-206
-247
-307
-354
-377
-364
-362
-290
-266
-197
-127
-43
-29
115
245
360
466
484
500
475
401
338
271
219
178
127
111
9
-23
-39
-108
-137
-125
-143
-177
-217
-284
-349
-373
-361
-343
-288
-249
-218
-142
-53
-45
97
130
320
387
449
446
406
363
330
255
191
144
125
30
-14
-44
-108
-145
-141
-172
-190
-198
-267
-300
-347
-401
-368
-357
-321
-273
-234
-172
-122
-45
-27
127
243
335
377
387
377
340
276
213
159
119
52
11
-33
-25
-127
-143
-160
-201
-217
-214
-267
-323
-364
-385
-388
-361
-326
-265
-221
-156
-93
-50
27
131
255
349
395
407
403
362
313
238
180
127
122
43
-13
-15
-33
-123
-125
-125
-159
-195
-236
-268
-317
-343
-345
-318
-271
-219
-192
-131
-79
-37
55
131
254
339
376
419
407
379
325
279
222
180
130
127
15
-25
-35
-41
-97
-111
-157
-183
-217
-318
-302
-305
-316
-305
-268
-219
-174
-136
-81
-37
-12
109
155
287
338
359
355
323
288
229
169
129
117
31
-1
-41
-45
-130
-143
-156
-174
-217
-218
-284
-317
-344
-322
-298
-276
-245
-203
-146
-93
-76
-29
82
133
228
275
288
297
283
143
183
143
121
63
17
-22
-45
-108
-131
-140
-161
-172
-203
-233
-283
-301
-325
-301
-279
-222
-203
-161
-113
-74
-33
-42
11
70
123
212
259
278
289
276
247
212
161
133
127
44
-11
-31
-47
-107
-119
-157
-149
-172
-202
-220
-220
-232
-220
-210
-173
-140
-85
-47
-37
43
101
126
226
273
309
311
291
270
233
205
158
133
119
47
14
-28
-53
-86
-114
-121
-141
-169
-191
-220
-221
-223
-237
-190
-172
-143
-115
-93
-53
-43
63
115
131
193
211
241
239
218
191
155
129
139
63
11
-9
-32
-58
-120
-144
-163
-178
-203
-195
-220
-250
-245
-238
-217
-188
-182
-125
-109
-65
-44
-8
62
115
119
180
191
195
163
159
123
133
67
39
1
-41
-50
-99
-133
-177
-172
-183
-203
-220
-214
-229
-223
-215
-202
-188
-128
-117
-69
-54
-37
45
50
121
134
180
206
191
199
163
162
122
132
70
50
-1
-37
-50
-93
-108
-137
-143
-157
-165
-162
-170
-161
-158
-149
-112
-75
-42
-37
-7
43
71
114
131
130
190
209
214
199
187
159
143
129
97
31
-13
-29
-25
-93
-123
-115
-153
-140
-147
-161
-153
-172
-157
-135
-118
-98
-66
