-37
-41
-44
-28
-31
-50
-31
34
67
119
131
287
370
418
466
401
359
258
147
79
-34
-116
-141
-156
-197
-192
-215
-219
-217
-222
-231
-275
-189
-156
-114
-55
-43
-27
-6
-10
-15
-28
-17
-1
53
116
147
295
393
483
469
394
371
271
163
75
-34
-129
-170
-184
-217
-246
-262
-270
-284
-291
-282
-267
-237
-205
-147
-93
-61
-37
-47
-93
-42
-37
-47
-23
-29
36
130
130
282
393
418
459
418
343
232
141
2
-63
-159
-206
-230
-306
-281
-300
-307
-325
-329
-321
-300
-239
-203
-141
-76
-54
-43
-31
-37
-41
-30
-44
-23
27
85
132
271
367
418
487
461
475
306
154
127
-1
-46
-83
-110
-133
-185
-258
-259
-281
-290
-273
-268
-241
-193
-172
-127
-73
-41
-39
-39
-29
-35
-45
-28
37
90
126
131
277
374
418
483
491
494
400
298
180
130
-14
-42
-171
-195
-249
-285
-322
-328
-340
-314
-299
-287
-243
-198
-135
-93
-73
-43
-55
-41
-55
-44
-45
-39
45
107
148
283
350
418
493
518
487
418
311
177
145
-13
-59
-176
-221
-265
-331
-353
-394
-373
-378
-370
-307
-287
-209
-198
-145
-104
-76
-60
-70
-59
-98
-61
-76
-28
116
134
222
307
352
418
481
483
468
391
271
151
98
-42
-141
-186
-253
-294
-329
-354
-353
-367
-353
-321
-306
-238
-207
-157
-120
-72
-57
-51
-66
-59
-59
-44
-58
75
135
216
293
363
451
500
532
531
475
387
267
144
49
-23
-109
-177
-221
-279
-351
-339
-363
-341
-332
-309
-271
-220
-187
-140
-65
-56
-60
-41
-46
-78
-47
-34
23
122
127
259
315
399
468
529
537
515
477
337
245
133
-17
-31
-172
-234
-269
-321
-357
-370
-369
-354
-367
-329
-285
-238
-198
-151
-98
-76
-76
-76
-81
-81
-67
-45
-12
101
118
243
327
381
418
499
523
487
394
279
157
103
-35
-140
-210
-246
-305
-338
-385
-408
-402
-365
-365
-337
-263
-245
-182
-149
-122
-83
-70
-93
-63
-76
-41
-41
54
119
154
271
340
390
467
519
535
514
418
326
276
136
-3
-47
-157
-205
-318
-342
-355
-379
-407
-353
-390
-309
-266
-218
-163
-140
-104
-58
-49
-49
-64
-46
-9
-37
98
130
251
308
375
418
531
579
574
535
418
335
210
130
-16
-19
-165
-222
-269
-342
-380
-390
-399
-376
-354
-314
-261
-226
-167
-122
-94
-83
-85
-83
-74
-55
-57
-28
80
122
231
290
373
451
494
561
539
498
393
275
103
77
-45
-133
-206
-252
-336
-367
-410
-433
-426
-408
-377
-337
-294
-259
-204
-166
-153
-110
-97
-93
-93
-95
-15
-43
71
137
221
311
391
418
519
547
530
482
399
273
118
58
-16
-154
-208
-268
-328
-379
-414
-445
-420
-375
-341
-314
-273
-231
-171
-150
-83
-95
-37
-93
-86
-59
-38
-28
126
130
263
323
377
449
532
579
601
522
417
293
166
130
-27
-113
-173
-236
-305
-348
-379
-410
-395
-369
-341
-290
-271
-207
-163
-133
-95
-50
-69
-61
-63
-59
-67
39
103
131
279
351
409
470
542
571
562
500
402
274
137
51
-31
-153
-215
-268
-333
-395
-416
-428
-416
-392
-364
-322
-246
-236
-190
-151
-139
-104
-71
-108
-156
-77
-44
-41
98
145
259
322
403
457
531
543
521
463
345
197
183
-21
-77
-198
-266
-311
-386
-421
-445
-467
-443
-409
-364
-333
-279
-229
-178
-147
-110
-109
-121
-101
-76
-66
-29
51
127
243
291
361
418
511
563
573
525
418
315
197
154
-13
-107
-204
-256
-317
-379
-410
-402
-428
-399
-375
-331
-288
-226
-186
-137
-121
-104
-95
-81
-69
-61
-41
17
119
147
298
355
418
507
585
617
599
534
417
277
153
133
-32
-155
-204
-231
-343
-390
-416
-452
-427
-442
-380
-349
-270
-233
-172
-138
-124
-110
-97
-101
-108
-77
-51
46
139
226
307
346
418
517
561
579
561
465
347
209
130
-55
-135
-222
-273
-300
-403
-463
-491
-476
-453
-437
-394
-337
-298
-227
-197
-155
-156
-134
-127
-140
-114
-75
-37
52
131
239
319
354
457
539
595
594
532
418
291
148
121
7
-165
-204
-271
-348
-413
-473
-491
-486
-451
-412
-363
-311
-257
-198
-151
-141
-108
-101
-108
-98
-66
-34
33
107
228
319
363
455
537
591
630
566
538
404
273
155
9
-43
-163
-204
-282
-349
-402
-460
-451
-417
-389
-370
-326
-253
-204
-197
-116
-84
-79
-114
-77
-76
-37
-27
103
145
313
366
466
547
619
655
639
587
459
323
179
146
-40
-152
-200
-270
-345
-406
-476
-477
-466
-437
-394
-342
-301
-300
-190
-162
-110
-113
-122
-110
-108
-78
-42
63
139
227
340
410
507
593
647
633
553
418
314
180
122
-44
-163
-259
-268
-391
-428
-449
-518
-513
-463
-418
-370
-327
-283
-203
-175
-127
-108
-122
-134
-121
-103
-44
-35
116
244
287
377
483
564
635
635
611
491
351
219
134
-16
-118
-191
-257
-331
-396
-465
-503
-487
-460
-425
-386
-331
-274
-209
-172
-130
-119
-102
-108
-93
-98
-46
-30
138
275
377
466
533
629
692
691
598
500
363
217
137
-33
-71
-178
-249
-329
-375
-442
-493
-491
-448
-414
-352
-325
-250
-191
-154
-66
-103
-97
-103
-95
-73
-43
11
127
265
338
445
551
623
691
695
623
491
339
197
147
-23
-158
-207
-253
-342
-418
-469
-505
-491
-478
-437
-377
-332
-266
-217
-172
-143
-135
-121
-140
-134
-119
-51
-39
121
267
355
418
513
601
666
667
586
470
308
165
115
-28
-143
-213
-284
-349
-431
-499
-514
-491
-460
-430
-375
-337
-273
-229
-175
-140
-126
-119
-131
-85
-76
-29
95
137
307
418
515
611
703
727
660
551
393
240
143
5
-29
-177
-225
-284
-379
-453
-491
-488
-474
-422
-373
-334
-269
-220
-172
-127
-75
-83
-112
-108
-77
-44
-27
135
295
389
498
627
713
714
711
619
451
303
150
67
-41
-145
-209
-293
-341
-425
-487
-514
-475
-441
-407
-402
-301
-268
-201
-137
-131
-113
-104
-115
-120
-102
-38
97
137
308
418
532
630
692
709
666
519
371
198
135
-22
-138
-190
-261
-333
-401
-503
-526
-534
-505
-477
-428
-377
-300
-253
-197
-150
-140
-134
-133
-137
-135
-81
-41
121
290
363
503
591
683
753
723
607
466
291
163
20
-21
-155
-205
-252
-351
-443
-491
-515
-506
-469
-440
-364
-317
-243
-219
-145
-125
-104
-116
-124
-104
-74
-41
115
246
387
484
619
743
788
790
669
534
353
208
141
-29
-23
-162
-220
-281
-373
-456
-481
-453
-446
-437
-383
-303
-255
-209
-145
-53
-101
-106
-101
-76
-70
-33
107
141
356
418
564
698
763
796
713
579
385
239
131
-21
-31
-157
-217
-287
-373
-473
-491
-507
-475
-457
-406
-359
-305
-233
-175
-141
-127
-118
-143
-140
-124
-53
-37
138
291
417
547
663
755
770
691
565
375
209
130
-15
-104
-197
-245
-307
-381
-479
-540
-517
-491
-474
-425
-366
-310
-233
-207
-151
-126
-108
-125
-142
-97
-73
-14
122
281
393
-2140
-160
553
723
835
715
550
325
143
-13
-45
-204
-255
-330
-432
-536
-620
-634
-636
-582
-533
-478
-406
-333
-249
-189
-158
-136
-140
-142
-134
-97
-50
127
353
501
692
869
1041
1107
999
819
569
374
187
79
-37
-177
-236
-313
-397
-509
-605
-619
-606
-560
-511
-463
-391
-323
-243
-204
-155
-145
-154
-149
-130
-83
-30
133
343
511
673
865
997
1045
951
757
532
308
148
-12
-64
-185
-250
-325
-431
-534
-586
-630
-608
-567
-540
-484
-420
-338
-268
-227
-187
-181
-177
-178
-167
-115
-32
116
317
469
649
820
955
1012
921
727
494
290
137
-26
-138
-231
-269
-333
-433
-532
-613
-647
-623
-566
-549
-477
-395
-361
-251
-201
-161
-159
-161
-175
-145
-108
-44
127
357
545
719
905
1035
1051
948
723
494
257
148
-17
-145
-206
-251
-330
-425
-540
-605
-620
-583
-551
-482
-418
-350
-268
-207
-144
-137
-139
-133
-145
-122
-55
-21
147
406
587
783
981
1099
1051
890
681
418
230
131
-12
-163
-220
-253
-349
-459
-523
-578
-605
-569
-545
-493
-421
-339
-236
-198
-121
-139
-122
-147
-147
-108
-44
56
135
404
579
771
931
1027
999
838
598
363
158
3
-43
-209
-240
-289
-366
-474
-564
-631
-618
-605
-553
-504
-434
-368
-294
-215
-182
-171
-173
-172
-166
-140
-41
95
277
477
647
852
1013
1050
949
750
488
266
143
-25
-141
-205
-245
-309
-395
-491
-605
-615
-608
-573
-529
-461
-391
-313
-245
-184
-157
-145
-144
-140
-134
-75
-47
122
369
543
715
931
1059
1059
955
674
407
227
139
-30
-139
-194
-227
-299
-402
-502
-547
-574
-540
-515
-451
-400
-348
-245
-201
-149
-116
-120
-131
-127
-110
-61
-37
137
418
619
825
1011
1079
1017
837
591
365
154
35
-29
-130
-212
-261
-336
-445
-530
-586
-578
-563
-519
-479
-408
-333
-279
-209
-171
-149
-154
-172
-151
-114
-41
114
297
484
679
885
1049
1035
903
706
457
231
155
-35
-190
-233
-268
-333
-413
-521
-605
-628
-605
-566
-518
-457
-392
-316
-236
-204
-159
-145
-156
-169
-156
-101
-39
138
411
607
809
1003
1077
1003
811
578
345
189
-11
-136
-204
-233
-285
-350
-443
-528
-571
-579
-559
-509
-469
-399
-321
-250
-197
-141
-140
-140
-163
-176
-101
-73
114
335
539
723
931
1095
1091
931
706
468
246
142
-28
-154
-173
-214
-270
-364
-460
-533
-558
-535
-499
-463
-391
-337
-270
-198
-147
-121
-107
-129
-145
-126
-78
-12
153
387
555
742
931
1075
1031
858
627
378
179
107
-14
-201
-222
-263
-332
-418
-509
-583
-605
-567
-515
-437
-418
-345
-264
-200
-159
-140
-156
-167
-184
-156
-82
-41
131
418
619
803
963
1051
931
723
491
279
142
-12
-167
-173
-246
-309
-391
-461
-553
-606
-605
-550
-521
-460
-396
-313
-241
-188
-163
-151
-161
-166
-161
-130
-42
122
331
515
681
903
1044
1045
899
666
407
194
143
-45
-160
-217
-236
-334
-381
-466
-540
-577
-545
-518
-460
-393
-315
-256
-197
-61
-140
-151
-118
-126
-121
-67
-21
137
363
507
661
792
838
779
630
446
251
147
-14
-35
-133
-147
-179
-258
-322
-409
-444
-431
-411
-385
-332
-274
-209
-155
-125
-106
-106
-120
-139
-115
-108
-37
82
132
383
532
660
788
819
739
564
346
169
131
-28
-138
-178
-193
-229
-304
-370
-413
-460
-458
-427
-389
-331
-286
-221
-172
-153
-130
-140
-139
-154
-155
-115
-13
85
131
379
473
673
767
755
641
486
295
134
-11
-35
-201
-191
-209
-253
-317
-385
-466
-461
-438
-412
-367
-314
-259
-207
-151
-126
-110
-127
-140
-140
-137
-77
-45
137
291
455
605
747
826
779
630
455
245
135
-25
-29
-150
-155
-172
-233
-300
-376
-439
-453
-414
-351
-319
-267
-204
-153
-151
-95
-81
-101
-108
-110
-77
-44
37
147
379
532
687
823
833
745
563
377
195
133
-11
-121
-154
-172
-205
-261
-327
-396
-434
-418
-394
-352
-299
-245
-221
-141
-131
-122
-109
-126
-177
-137
-85
-29
59
132
373
506
650
770
782
693
535
333
143
16
-44
-155
-176
-204
-241
-305
-378
-446
-476
-466
-426
-363
-334
-277
-209
-166
-149
-138
-142
-149
-172
-162
-106
-28
63
144
389
523
687
788
790
661
499
293
142
-5
-34
-147
-93
-197
-221
-297
-382
-433
-460
-431
-396
-338
-315
-239
-189
-140
-133
-133
-125
-140
-161
-133
-76
-48
131
321
468
596
714
827
772
661
474
271
145
-11
-55
-119
-139
-168
-217
-287
-391
-399
-415
-395
-349
-309
-261
-215
-153
-103
-107
-109
-113
-116
-125
-130
-51
-39
107
331
475
611
711
820
758
606
418
215
133
-17
-33
-142
-156
-186
-237
-325
-381
-445
-444
-418
-418
-319
-291
-219
-172
-152
-133
-134
-134
-150
-145
-113
-62
-44
134
355
489
651
731
801
692
529
327
136
-1
-50
-145
-183
-190
-221
-287
-371
-452
-475
-464
-410
-377
-317
-268
-226
-203
-121
-141
-140
-155
-163
-170
-118
-42
-18
185
351
487
647
785
786
661
529
315
137
33
-25
-147
-151
-151
-190
-269
-359
-410
-442
-420
-384
-327
-278
-232
-187
-157
-136
-130
-110
-145
-127
-116
-64
-34
84
135
399
525
662
792
799
707
553
362
186
143
-20
-46
-126
-145
-185
-237
-325
-409
-440
-402
-373
-315
-268
-220
-171
-130
-118
-122
-122
-122
-150
-132
-108
-85
85
83
355
507
627
755
789
703
533
413
177
122
-10
-122
-149
-181
-215
-281
-351
-414
-443
-437
-399
-335
-284
-256
-197
-158
-151
-129
-156
-162
-142
-153
-121
-44
-38
138
307
418
551
695
756
707
566
372
209
121
-21
-140
-161
-197
-238
-269
-332
-428
-454
-457
-420
-362
-314
-252
-213
-171
-155
-151
-144
-158
-155
-154
-125
-55
-27
115
295
404
532
679
767
739
635
451
276
139
14
-44
-130
-156
-171
-233
-300
-369
-421
-429
-399
-361
-300
-249
-214
-158
-116
-109
-113
-86
-129
-151
-109
-44
-17
133
306
418
555
699
794
782
671
480
292
138
-5
-41
-114
-151
-159
-207
-283
-365
-412
-441
-394
-349
-293
-236
-193
-163
-140
-134
-135
-137
-142
-150
-124
-93
-29
91
227
343
503
621
751
739
647
470
306
147
6
-29
-125
-144
-187
-219
-295
-358
-425
-454
-428
-389
-317
-281
-240
-159
-174
-174
-159
-172
-183
-172
-161
-98
-44
98
147
350
496
627
731
737
635
484
283
110
5
-43
-136
-150
-192
-232
-284
-339
-413
-442
-411
-348
-310
-261
-221
-194
-162
-162
-127
-154
-146
-139
-131
-115
-45
89
133
343
466
609
714
745
674
532
371
180
121
-14
-37
-125
-149
-190
-230
-303
-385
-409
-400
-361
-290
-258
-209
-167
-143
-110
-125
-110
-118
-110
-113
-63
-23
83
143
358
489
635
749
771
687
559
355
181
141
-9
-63
-151
-153
-191
-248
-337
-397
-393
-406
-396
-327
-277
-226
-177
-142
-116
-133
-141
-150
-153
-147
-25
-41
-25
131
331
451
571
692
730
673
525
340
171
33
-30
-127
-167
-172
-220
-283
-350
-407
-450
-445
-418
-347
-274
-236
-219
-162
-154
-181
-133
-157
-172
-141
-104
-44
-23
139
305
418
551
690
737
675
543
355
185
139
1
-109
-154
-172
-197
-238
-298
-399
-418
-412
-374
-332
-256
-234
-189
-150
-130
-139
-143
-127
-139
-138
-77
-28
71
134
337
477
607
731
811
707
549
355
203
126
-16
-37
-46
-137
-175
-231
-326
-371
-412
-389
-355
-310
-236
-197
-180
-140
-126
-121
-138
-139
-122
-109
-76
-41
67
131
341
462
598
711
756
689
523
340
161
131
-44
-108
-147
-162
-191
-254
-337
-397
-433
-443
-380
-325
-284
-238
-209
-161
-173
-154
-154
-165
-151
-140
-55
-38
-21
126
323
411
532
675
719
659
531
346
130
51
-31
-127
-169
-198
-222
-271
-350
-417
-443
-426
-394
-340
-266
-237
-139
-170
-157
-171
-157
-158
-167
-134
-97
-44
-41
147
312
418
570
692
745
703
550
374
207
163
-22
-41
-135
-150
-193
-241
-310
-377
-422
-417
-364
-313
-261
-205
-194
-133
-129
-140
-135
-133
-127
-98
-54
-38
78
131
311
411
537
675
742
711
618
418
257
133
-1
-33
-108
-154
-166
-221
-300
-349
-338
-389
-364
-319
-250
-216
-187
-157
-141
-137
-122
-140
-146
-130
-153
-39
-26
138
285
406
517
667
753
721
590
417
242
146
-13
-38
-122
-158
-154
-243
-317
-381
-428
-433
-395
-342
-288
-250
-227
-177
-166
-155
-185
-155
-165
-156
-97
-71
-43
133
277
391
532
657
725
702
611
365
191
122
-25
-101
-155
-169
-191
-261
-339
-395
-432
-431
-394
-326
-273
-215
-189
-142
-149
-136
-140
-153
-141
-118
-125
-44
15
119
293
409
542
679
735
705
564
414
258
151
3
-50
-130
-140
-187
-220
-295
-358
-394
-396
-358
-297
-250
-197
-165
-131
-125
-121
-113
-122
-115
-114
-66
-37
89
126
341
467
585
702
755
698
581
382
198
131
-11
-21
-154
-135
-181
-242
-323
-388
-414
-411
-387
-312
-267
-204
-163
-140
-112
-154
-141
-165
-140
-114
-38
-39
51
148
275
386
519
663
747
706
575
391
187
121
-41
-61
-154
-169
-204
-261
-352
-417
-450
-456
-406
-335
-297
-253
-210
-187
-168
-157
-159
-171
-165
-152
-110
-47
52
139
278
418
555
675
703
665
533
353
166
128
-34
-77
-127
-172
-197
-267
-329
-386
-418
-427
-366
-333
-289
-215
-183
-150
-136
-122
-141
-139
-147
-110
-71
-46
49
151
355
458
602
725
755
675
553
362
180
137
-12
-39
-108
-133
-201
-238
-321
-364
-408
-393
-349
-286
-241
-181
-162
-137
-109
-116
-135
-114
-133
-108
-106
-28
87
171
363
498
639
749
737
649
484
293
137
34
-27
-78
-139
-158
-233
-293
-374
-428
-425
-399
-349
-306
-246
-204
-171
-141
-140
-149
-143
-156
-136
-110
-35
-33
121
143
299
459
560
687
713
627
469
275
121
-1
-31
-145
-172
-189
-270
-302
-367
-466
-451
-405
-341
-327
-268
-221
-201
-165
-154
-163
-168
-172
-155
-125
-80
-22
71
143
379
497
639
723
721
615
454
254
130
11
-25
-125
-141
-157
-232
-291
-314
-413
-420
-394
-346
-285
-217
-170
-109
-108
-129
-140
-157
-157
-131
-108
-43
-28
122
239
358
473
611
723
738
660
523
303
160
79
-15
-29
-109
-136
-221
-246
-363
-403
-420
-399
-337
-286
-236
-202
-157
-140
-135
-145
-82
-140
-146
-81
-23
-41
131
249
359
497
624
735
731
612
418
259
145
1
-59
-108
-135
-175
-213
-299
-362
-426
-449
-409
-364
-299
-246
-219
-187
-167
-113
-167
-172
-173
-146
-127
-82
-33
91
146
308
467
602
691
705
569
399
241
115
-13
-28
-134
-154
-172
-234
-297
-374
-431
-384
-417
-357
-300
-253
-210
-210
-152
-159
-166
-173
-145
-133
-102
-28
-21
138
257
358
487
627
715
705
601
418
257
165
-1
-39
-109
-137
-169
-197
-279
-305
-402
-405
-374
-332
-267
-242
-159
-129
-119
-130
-143
-129
-134
-110
-65
-29
49
129
277
375
499
628
723
743
643
450
285
151
57
-11
-34
-124
-161
-197
-268
-362
-418
-403
-394
-339
-282
-210
-204
-155
-146
-151
-135
-151
-151
-125
-98
-61
-26
110
144
319
418
565
691
710
649
483
303
148
34
-29
-110
-145
-172
-220
-278
-359
-431
-431
-422
-332
-301
-266
-233
-188
-175
-178
-172
-194
-169
-154
-121
-65
-31
166
137
293
418
546
662
695
635
491
313
158
73
-28
-44
-129
-161
-189
-265
-348
-402
-428
-411
-348
-295
-250
-204
-185
-157
-154
-165
-120
-142
-151
-95
-17
-37
107
129
325
446
581
691
735
650
531
334
183
144
-17
-37
-93
-142
-172
-243
-316
-365
-407
-374
-331
-273
-219
-173
-138
-141
-125
-129
-138
-140
-86
-97
-45
-22
86
129
315
411
537
691
751
673
507
369
203
122
3
-25
-125
-140
-175
-259
-301
-380
-411
-396
-362
-300
-240
-206
-171
-145
-135
-149
-138
-145
-157
-106
-61
-33
75
134
281
375
513
639
679
669
526
356
163
118
-19
-42
-157
-176
-210
-278
-325
-381
-431
-418
-371
-332
-303
-197
-222
-208
-173
-166
-172
-161
-129
-116
-76
-30
36
119
271
356
475
611
707
655
569
393
233
145
0
-25
-104
-149
-173
-215
-303
-365
-401
-392
-380
-310
-255
-210
-182
-141
-126
-137
-126
-133
-118
-93
-85
-28
50
118
263
372
467
625
723
710
587
451
351
145
39
-23
-93
-108
-137
-198
-302
-327
-396
-365
-338
-310
-245
-192
-151
-135
-122
-143
-156
-135
-110
-103
-58
-41
-17
107
115
283
418
535
675
705
625
500
327
181
122
-14
-24
-124
-155
-201
-268
-343
-384
-422
-370
-349
-304
-245
-207
-189
-178
-157
-113
-162
-165
-127
-103
-62
-1
79
147
259
387
498
599
665
598
494
335
193
112
-22
-71
-134
-184
-204
-259
-326
-405
-415
-383
-365
-311
-261
-222
-189
-155
-142
-140
-140
-138
-110
-104
-44
-41
77
110
253
341
467
603
690
639
551
386
228
132
5
-34
-109
-134
-169
-220
-303
-368
-380
-379
-332
-264
-225
-191
-159
-143
-118
-122
-116
-108
-93
-66
-28
-29
71
135
263
319
479
599
707
674
575
418
265
139
10
-12
-22
-125
-165
-204
-270
-332
-376
-362
-361
-301
-242
-203
-159
-130
-139
-146
-161
-149
-137
-86
-62
-61
-21
127
129
289
394
597
641
658
601
451
290
148
90
-29
-42
-122
-158
-221
-278
-361
-393
-429
-399
-275
-284
-274
-236
-201
-178
-172
-165
-151
-134
-131
-104
-65
-33
57
121
206
319
418
577
628
615
504
359
209
147
5
-28
-109
-157
-201
-239
-323
-386
-364
-381
-357
-315
-255
-231
-183
-167
-159
-139
-140
-136
-108
-93
-65
-30
27
122
129
299
418
554
658
655
597
451
279
151
97
-25
-35
-122
-121
-189
-274
-311
-364
-371
-348
-300
-246
-185
-169
-134
-121
-109
-116
-110
-104
-85
-34
-30
86
110
146
276
404
515
612
675
607
494
311
186
142
-11
-47
-104
-153
-189
-242
-327
-385
-407
-389
-333
-287
-249
-197
-177
-151
-146
-140
-130
-120
-85
-76
-33
-44
57
101
153
339
418
579
625
617
507
345
191
135
-17
-25
-139
-170
-197
-263
-337
-385
-415
-454
-365
-322
-278
-267
-175
-163
-155
-127
-113
-121
-114
-73
-63
-37
45
95
137
283
404
525
615
615
551
407
267
147
39
-27
-29
-134
-171
-215
-262
-332
-386
-385
-375
-313
-272
-222
-194
-156
-130
-107
-116
-116
-83
-76
-41
-46
43
115
146
302
406
533
641
673
615
457
317
175
132
57
-43
-98
-133
-159
-251
-303
-365
-369
-350
-310
-270
-210
-153
-119
-121
-139
-118
-120
-109
-93
-53
-28
1
95
148
266
379
551
626
655
595
469
323
169
127
-14
-32
-109
-143
-200
-273
-342
-395
-429
-387
-342
-285
-291
-206
-149
-151
-142
-131
-116
-125
-137
-93
-48
-38
74
130
244
359
491
595
595
555
418
281
137
50
-55
-41
-137
-159
-221
-270
-353
-390
-412
-397
-345
-290
-294
-205
-159
-147
-147
-140
-116
-106
-108
-79
-40
-29
84
147
261
391
484
611
627
577
418
309
167
148
-8
-37
-120
-121
-203
-257
-332
-376
-394
-381
-342
-271
-221
-183
-147
-122
-98
-98
-96
-69
-57
-48
-38
51
101
130
291
403
532
631
639
610
467
319
187
129
5
-26
-82
-140
-185
-246
-337
-373
-382
-354
-343
-278
-233
-172
-133
-126
-104
-122
-108
-113
-93
-66
-31
-25
84
122
259
368
483
579
629
570
418
308
178
135
-12
-44
-98
-169
-209
-273
-363
-394
-427
-403
-365
-317
-279
-219
-189
-173
-151
-146
-149
-137
-125
-76
-53
-43
74
122
261
393
515
579
601
547
404
276
142
46
-12
-41
-130
-173
-220
-277
-351
-396
-418
-396
-347
-287
-239
-187
-143
-143
-114
-122
-109
-102
-97
-77
-42
3
114
135
289
399
523
609
643
547
418
295
151
127
-10
-31
-101
-134
-185
-263
-329
-361
-386
-351
-300
-261
-205
-167
-124
-103
-93
-82
-97
-74
-65
-44
-43
34
102
122
315
418
532
611
673
564
418
291
154
104
-11
-29
-145
-141
-205
-268
-350
-391
-388
-379
-314
-283
-225
-178
-145
-122
-114
-108
-110
-110
-87
-74
-25
-12
116
147
338
446
535
607
597
498
361
213
141
11
-28
-65
-145
-175
-251
-326
-381
-428
-428
-395
-334
-286
-221
-193
-157
-140
-149
-115
-134
-125
-97
-58
-17
-13
116
149
323
418
545
615
591
506
358
210
130
13
-33
-51
-122
-157
-230
-303
-369
-413
-395
-364
-309
-268
-221
-167
-132
-114
-108
-104
-98
-93
-61
-44
-44
83
131
263
351
467
587
643
619
529
390
245
137
86
-7
-35
-108
-144
-221
-284
-300
-384
-367
-331
-298
-246
-181
-115
-100
-101
-107
-97
-75
-83
-61
-41
-29
82
112
245
331
418
563
629
597
531
382
230
122
57
-15
-27
-118
-172
-213
-313
-364
-417
-401
-370
-281
-264
-219
-172
-179
-137
-109
-114
-45
-108
-61
-44
-54
71
129
135
289
394
519
579
574
501
372
219
147
19
-15
-55
-142
-190
-251
-320
-366
-411
-434
-383
-316
-269
-209
-172
-156
-140
-136
-140
-108
-106
-75
-44
-41
35
101
134
263
372
506
596
607
575
418
295
170
122
1
-44
-115
-137
-189
-275
-333
-395
-399
-365
-315
-257
-236
-178
-141
-102
-78
-85
-102
-80
-61
-25
-15
69
116
139
291
391
503
596
634
593
479
336
201
148
25
-26
-37
-122
-186
-251
-316
-370
-396
-361
-307
-268
-217
-172
-122
-110
-116
-98
-125
-31
-59
-93
-76
-23
75
129
197
323
418
539
596
607
511
357
228
137
23
-12
-30
-140
-172
-241
-302
-353
-407
-393
-353
-311
-270
-229
-181
-156
-145
-120
-135
-135
-103
-77
-55
-45
52
109
149
277
389
491
551
579
479
355
219
141
26
-33
-26
-133
-194
-220
-300
-363
-405
-406
-364
-323
-257
-221
-167
-140
-124
-113
-122
-125
-101
-78
-57
-43
41
110
135
265
362
475
567
605
553
418
310
191
116
19
-28
-49
-146
-177
-258
-311
-373
-385
-346
-308
-250
-204
-172
-125
-110
-82
-82
-85
-65
-55
-21
-50
52
107
146
270
355
467
547
619
577
485
356
217
133
27
-13
-44
-135
-179
-240
-304
-364
-376
-375
-333
-198
-238
-188
-153
-128
-113
-119
-119
-108
-102
-63
-46
-24
58
114
139
287
375
499
569
569
489
394
229
187
6
-18
-42
-139
-193
-239
-304
-377
-411
-400
-394
-293
-294
-233
-186
-158
-143
-146
-139
-131
-97
-103
-59
-25
41
91
125
249
340
458
542
585
538
417
287
155
134
-8
-28
-129
-165
-210
-262
-303
-383
-394
-369
-321
-274
-220
-172
-163
-113
-121
-120
-95
-93
-77
-54
-57
33
98
127
259
343
467
560
615
579
491
341
234
142
29
-27
-47
-98
-156
-213
-312
-351
-361
-333
-312
-249
-225
-169
-138
-96
-101
-113
-81
-77
-71
-39
-24
37
91
133
212
293
410
529
596
587
505
379
262
147
49
-26
-28
-121
-158
-219
-293
-354
-394
-382
-346
-306
-221
-209
-166
-140
-143
-121
-125
-133
-113
-103
-56
-27
17
98
141
244
339
455
543
565
502
400
271
155
61
-26
-43
-138
-182
-222
-283
-350
-397
-401
-389
-319
-271
-230
-198
-162
-156
-137
-122
-119
-107
-79
-41
-30
21
84
141
213
307
417
551
590
558
467
331
202
127
17
-26
-98
-134
-175
-226
-300
-366
-381
-361
-321
-252
-220
-106
-139
-116
-107
-13
-108
-82
-59
-27
-44
51
113
154
255
345
453
549
609
587
491
375
246
150
128
27
-20
-97
-145
-221
-282
-348
-363
-349
-316
-282
-220
-181
-141
-126
-108
-101
-103
-95
-76
-65
-41
-19
70
98
133
272
374
494
563
579
535
353
257
147
135
-13
-31
-125
-157
-220
-297
-356
-395
-394
-375
-321
-270
-236
-176
-154
-147
-139
-143
-140
-127
-106
-54
-44
-26
70
135
227
325
418
534
577
535
418
298
163
139
-41
-46
-113
-149
-197
-256
-342
-385
-395
-373
-327
-278
-239
-205
-150
-127
-110
-122
-108
-106
-101
-60
-18
-35
67
119
129
277
399
501
553
597
561
407
278
163
122
-13
-27
-95
-143
-205
-265
-325
-364
-349
-333
-294
-221
-189
-149
-113
-82
-77
-93
-66
-59
-53
-38
-12
67
136
131
292
403
507
579
603
519
417
281
174
163
27
-33
-85
-155
-197
-257
-315
-418
-369
-348
-305
-252
-216
-154
-125
-98
-108
-125
-116
-102
-81
-51
-42
19
97
119
239
315
418
554
587
541
454
299
185
143
-1
-47
-125
-113
-194
-271
-352
-384
-405
-393
-353
-305
-249
-204
-167
-145
-135
-135
-122
-130
-87
-77
-40
-18
70
119
137
322
418
539
568
545
446
319
197
103
-6
-44
-102
-141
-197
-242
-310
-355
-391
-380
-348
-300
-239
-171
-125
-126
-98
-108
-101
-94
-83
-65
-37
-33
63
115
121
262
373
499
564
602
537
411
293
177
135
7
-27
-34
-127
-189
-236
-321
-373
-363
-338
-297
-236
-172
-151
-114
-76
-85
-108
-93
-80
-55
-37
-28
59
119
130
243
357
487
577
615
549
418
308
169
138
-5
-28
-78
-143
-197
-269
-393
-371
-382
-364
-332
-282
-233
-204
-137
-122
-126
-116
-101
-107
-77
-53
-44
-27
79
127
213
319
418
517
567
527
418
302
154
145
47
-35
-129
-156
-216
-278
-338
-390
-410
-390
-329
-291
-251
-189
-156
-134
-137
-137
-121
-108
-104
-70
-44
-41
15
139
210
309
413
523
579
563
458
330
209
133
22
-19
-44
-134
-172
-248
-319
-367
-387
-365
-347
-282
-266
-172
-130
-109
-93
-85
-83
-78
-76
-61
-23
-23
98
126
245
323
418
547
623
596
494
366
243
141
134
-15
-49
-121
-149
-204
-284
-351
-332
-371
-345
-285
-234
-185
-144
-122
-110
-97
-103
-107
-79
-76
-12
-28
52
113
131
295
385
510
571
579
523
374
242
131
31
-28
-42
-122
-177
-225
-300
-371
-402
-412
-378
-326
-278
-233
-157
-141
-124
-140
-156
-155
-156
-133
-78
-58
-42
74
122
249
302
457
522
563
491
377
251
148
20
-22
-54
-135
-173
-228
-300
-358
-402
-418
-383
-331
-274
-226
-182
-155
-135
-128
-140
-133
-113
-101
-57
-44
-13
89
122
250
359
466
555
598
547
418
290
163
141
11
-30
-108
-146
-177
-253
-319
-366
-387
-364
-302
-225
-190
-167
-114
-95
-76
-79
-69
-98
-61
-53
-25
54
118
148
293
359
509
593
596
549
418
295
177
91
4
-31
-59
-140
-194
-252
-311
-382
-371
-346
-311
-268
-203
-155
-129
-109
-93
-114
-104
-106
-79
-55
-44
20
91
116
245
351
462
573
587
553
418
287
163
131
-10
-38
-102
-149
-196
-266
-337
-395
-417
-393
-345
-309
-239
-187
-151
-139
-125
-127
-116
-127
-106
-57
-37
-23
91
143
277
383
499
567
585
515
404
265
139
165
-19
-39
-108
-156
-221
-284
-345
-390
-385
-371
-326
-259
-213
-156
-104
-129
-103
-110
-110
-97
-75
-59
-30
20
89
127
262
358
469
564
598
551
446
291
163
139
-1
-30
-41
-124
-185
-256
-303
-345
-359
-353
-322
-252
-197
-163
-131
-55
-82
-93
-79
-106
-77
-44
-44
3
101
130
265
377
483
569
575
537
418
290
179
134
-11
-47
-81
-122
-191
-265
-325
-385
-392
-373
-329
-265
-231
-174
-133
-129
-108
-130
-119
-122
-104
-85
-34
-17
52
115
165
291
409
519
559
532
459
319
180
138
17
-47
-110
-168
-189
-250
-329
-381
-412
-391
-373
-241
-258
-207
-138
-121
-103
-119
-122
-125
-97
-93
-39
-25
67
125
234
313
445
541
585
553
444
308
207
131
15
-29
-44
-127
-169
-234
-315
-338
-370
-375
-332
-290
-225
-162
-127
-116
-93
-109
-81
-109
-78
-48
-46
-23
86
135
261
367
470
575
611
597
500
357
227
139
45
-26
-31
-133
-166
-261
-288
-337
-367
-380
-342
-297
-236
-187
-125
-98
-94
-93
-110
-108
-96
-75
-43
-39
69
145
243
333
418
535
579
550
467
351
201
146
25
-15
-44
-110
-187
-258
-298
-350
-409
-394
-360
-319
-248
-190
-158
-136
-129
-126
-129
-125
-125
-104
-69
-41
-5
107
134
283
391
490
564
562
467
369
214
131
9
-25
-102
-140
-189
-233
-300
-367
-421
-325
-369
-331
-261
-203
-157
-141
-114
-137
-135
-127
-102
-81
-46
-42
73
116
221
329
418
535
586
577
504
365
231
136
58
-27
-35
-118
-161
-221
-282
-330
-387
-364
-341
-281
-229
-177
-125
-93
-66
-65
-75
-93
-76
-58
-45
-28
70
127
190
299
399
500
585
595
564
450
292
149
141
20
-39
-17
-145
-209
-249
-330
-390
-389
-363
-315
-255
-204
-153
-118
-104
-103
-110
-108
-103
-86
-49
-38
43
122
147
267
377
489
571
590
533
415
275
152
135
-17
-39
-109
-156
-222
-295
-345
-394
-459
-391
-334
-295
-229
-188
-153
-140
-146
-140
-125
-133
-108
-59
-39
-39
65
131
210
341
454
539
626
529
418
286
197
135
-9
-43
-95
-157
-215
-265
-332
-379
-395
-387
-348
-284
-221
-170
-127
-108
-106
-108
-108
-104
-83
-47
-69
-13
89
131
244
311
418
537
532
583
489
371
221
144
42
-7
-11
-101
-155
-215
-286
-343
-364
-348
-319
-284
-217
-163
-133
-95
-87
-86
-93
-98
-73
-42
-93
14
83
126
228
325
403
511
576
590
531
387
271
148
149
-23
-39
-121
-169
-220
-294
-341
-410
-377
-346
-318
-241
-209
-153
-140
-129
-110
-118
-110
-103
-75
-51
-44
35
89
139
266
329
473
532
564
515
389
244
128
45
-29
-44
-135
-189
-237
-288
-359
-412
-414
-390
-347
-300
-229
-187
-159
-139
-118
-116
-137
-122
-101
-73
-41
-27
79
127
227
339
403
469
547
543
470
270
207
110
18
-37
-107
-145
-193
-258
-319
-364
-390
-395
-322
-290
-240
-185
-143
-119
-104
-102
-109
-98
-85
-31
-49
57
91
118
231
315
418
523
595
579
505
392
283
148
121
27
-42
-133
-155
-217
-253
-331
-371
-332
-330
-359
-236
-172
-139
-109
-108
-93
-116
-140
-69
-93
-41
-34
77
104
138
244
372
467
553
571
531
418
282
166
146
-15
-39
-106
-159
-215
-282
-337
-367
-395
-370
-335
-279
-231
-190
-145
-127
-137
-116
-133
-109
-103
-73
-27
-18
84
139
230
308
418
523
549
519
418
276
163
134
-21
-39
-122
-184
-227
-278
-338
-394
-377
-393
-345
-290
-230
-172
-121
-127
-116
-122
-131
-122
-103
-65
-42
-18
61
139
143
283
345
485
578
557
499
367
241
145
68
-25
-29
-129
-168
-210
-282
-328
-326
-369
-331
-288
-234
-205
-167
-110
-95
-101
-102
-79
-58
-51
-28
31
67
118
185
307
371
483
555
596
531
418
314
165
135
-12
-45
-93
-146
-183
-263
-329
-367
-381
-381
-316
-250
-209
-170
-122
-140
-110
-116
-104
-101
-69
23
-29
45
95
134
222
310
407
519
564
532
465
278
189
136
3
-34
-104
-169
-197
-242
-321
-364
-391
-395
-364
-310
-257
-204
-181
-158
-149
-149
-135
-126
-116
-81
-53
-25
52
115
133
254
347
473
533
547
470
372
242
131
36
-17
-43
-154
-174
-230
-293
-350
-392
-330
-361
-327
-273
-217
-172
-139
-118
-125
-113
-121
-98
-75
-47
-45
53
119
127
245
329
418
529
574
547
381
335
206
135
-28
-33
-39
-122
-167
-218
-284
-343
-341
-343
-310
-268
-204
-162
-129
-98
-101
-102
-137
-107
-39
-28
-41
33
97
135
228
307
383
492
569
564
505
401
276
155
135
-12
-41
-112
-151
-204
-245
-336
-366
-382
-348
-293
-261
-206
-154
-135
-118
-116
-134
-129
-106
-77
-55
-27
36
84
131
226
308
409
501
559
529
418
279
159
126
-3
-44
-134
-169
-218
-254
-339
-381
-406
-385
-353
-310
-255
-194
-177
-147
-126
-143
-135
-119
-98
-75
-39
-39
67
119
149
286
367
484
559
546
490
351
222
145
25
-11
-29
-122
-169
-202
-295
-374
-389
-392
-341
-295
-245
-204
-150
-134
-108
-122
-108
-65
-86
-44
-45
-31
57
116
135
270
341
453
564
597
565
465
317
193
133
36
-11
-39
-154
-179
-245
-306
-349
-365
-347
-317
-263
-218
-173
-126
-126
-93
-106
-108
-101
-82
-43
-34
31
87
129
239
319
416
521
565
566
480
344
221
110
49
-28
-44
-130
-176
-244
-301
-364
-381
-383
-348
-298
-253
-213
-167
-127
-110
-141
-139
-125
-131
-101
-63
-42
45
89
122
159
288
401
514
535
509
404
267
150
119
-6
-21
-122
-161
-217
-268
-332
-380
-402
-380
-343
-282
-241
-172
-159
-151
-140
-140
-127
-104
-102
-66
-34
-13
73
127
226
291
405
499
553
545
473
363
218
133
43
-9
-21
-116
-156
-215
-286
-338
-363
-350
-330
-273
-221
-149
-131
-103
-95
-95
-97
-97
-74
-49
-29
-7
77
132
183
277
367
466
547
582
555
450
302
185
139
10
-22
-41
-109
-189
-252
-303
-358
-376
-360
-332
-252
-218
-178
-156
-134
-115
-110
-116
-107
-93
-43
-38
20
97
125
237
307
418
497
587
534
418
311
222
146
14
-29
-125
-141
-181
-251
-318
-364
-395
-395
-348
-294
-262
-214
-185
-149
-151
-137
-122
-140
-137
-85
-45
-33
31
113
163
245
367
451
511
535
491
391
255
148
80
-12
-34
-139
-169
-225
-277
-326
-322
-394
-364
-320
-275
-222
-188
-147
-113
-110
-119
-126
-106
-76
-23
-47
52
98
122
230
310
406
507
561
543
483
358
239
144
42
-13
-44
-113
-157
-209
-271
-322
-353
-303
-307
-270
-218
-172
-140
-101
-110
-104
-110
-102
-74
-74
-39
-24
94
122
241
307
394
483
531
553
500
390
274
160
127
-1
-39
-108
-163
-205
-277
-330
-367
-371
-334
-295
-241
-198
-171
-133
-110
-138
-114
-127
-110
-104
-39
-33
-17
67
139
233
319
409
489
551
509
418
308
181
131
-5
-49
-118
-162
-209
-268
-321
-369
-392
-375
-345
-297
-245
-203
-167
-130
-120
-139
-138
-116
-103
-81
-56
-26
57
115
148
259
355
468
527
549
505
371
244
153
83
-12
-38
-121
-149
-213
-266
-325
-365
-367
-323
-278
-281
-201
-170
-135
-140
-120
-104
-133
-101
-54
-68
-23
143
134
147
277
399
470
547
579
543
418
299
187
138
24
-18
-33
-124
-167
-284
-314
-330
-351
-357
-300
-262
-205
-172
-129
-113
-108
-95
-97
-79
-79
-44
-30
36
90
131
234
309
406
519
563
532
465
311
198
122
21
-45
-39
-141
-181
-234
-296
-362
-390
-395
-330
-290
-237
-200
-172
-140
-138
-140
-140
-137
-120
-96
-57
-60
35
100
146
233
340
418
517
523
468
362
227
146
54
-42
-32
-140
-172
-220
-288
-353
-387
-389
-352
-321
-268
-205
-165
-139
-141
-135
-135
-131
-98
-79
-44
-44
34
73
131
241
308
418
515
599
543
453
305
214
131
1
-21
-31
-134
-167
-219
-295
-338
-357
-349
-302
-269
-205
-155
-136
-116
-93
-106
-79
-73
-53
-31
-63
59
103
148
239
298
389
507
561
565
510
372
259
151
139
-9
-22
-125
-167
-198
-268
-326
-383
-358
-335
-301
-238
-198
-143
-137
-108
-107
-124
-108
-81
-67
-41
-23
55
103
133
245
330
418
499
559
505
418
291
167
130
-6
-26
-125
-167
-215
-256
-314
-383
-401
-365
-330
-332
-251
-197
-169
-150
-140
-171
-131
-165
-104
-79
-50
-29
67
109
140
276
355
459
532
525
467
359
221
133
45
-22
-28
-138
-177
-232
-282
-338
-354
-366
-334
-304
-253
-204
-147
-139
-116
-137
-108
-113
-82
-71
-31
-37
54
102
122
244
314
418
515
555
559
458
340
219
131
33
-29
-31
-116
-169
-206
-268
-322
-333
-345
-311
-241
-213
-172
-125
-108
-95
-119
-76
-57
-71
-44
-31
41
79
135
202
273
363
485
547
569
518
404
261
161
128
-3
-63
-93
-153
-193
-313
-313
-369
-374
-337
-306
-246
-207
-173
-125
-142
-126
-122
-135
-113
-93
-60
-30
27
107
127
221
297
401
499
547
531
418
318
180
134
5
-44
-109
-158
-205
-265
-326
-367
-392
-385
-347
-279
-253
-215
-177
-154
-141
-142
-140
-114
-107
-57
-43
-17
67
122
135
296
371
474
535
546
507
384
271
146
63
-12
-41
-126
-166
-205
-274
-317
-349
-363
-332
-289
-233
-198
-158
-166
-121
-121
-122
-101
-67
-44
-34
-13
81
143
122
263
339
418
537
579
571
483
342
226
133
52
-12
-44
-122
-166
-225
-270
-323
-360
-345
-312
-259
-202
-161
-140
-109
-104
-106
-125
-108
-70
-41
-39
36
75
116
131
265
363
461
538
561
517
410
286
169
138
-17
-46
-124
-161
-226
-259
-332
-350
-362
-360
-319
-271
-236
-191
-157
-134
-133
-130
-129
-118
-85
-46
-44
-29
55
100
146
263
355
481
533
531
453
343
222
139
11
-32
-96
-155
-197
-231
-300
-335
-392
-383
-337
-300
-249
-204
-170
-143
-140
-133
-127
-113
-97
-58
-54
-12
70
110
132
222
318
418
521
563
553
450
323
182
131
11
-27
-109
-152
-172
-236
-295
-346
-342
-347
-315
-259
-204
-175
-128
-108
-107
-93
-81
-61
-44
-33
-12
59
98
122
241
298
383
501
583
579
506
387
257
139
131
-18
-44
-127
-158
-196
-269
-332
-371
-361
-332
-295
-250
-202
-169
-131
-121
-133
-124
-107
-75
-59
-42
-19
49
96
148
147
274
384
487
559
543
468
340
187
122
-18
-28
-127
-172
-206
-249
-321
-377
-384
-397
-366
-329
-278
-233
-204
-153
-134
-152
-134
-118
-85
-57
-31
-28
47
107
130
233
319
390
533
559
515
410
275
158
131
-21
-30
-152
-181
-221
-266
-314
-356
-382
-353
-332
-282
-227
-193
-155
-130
-116
-121
-110
-104
-59
-28
-39
47
87
115
130
255
338
443
547
583
543
415
281
161
115
-12
-23
-116
-157
-197
-242
-298
-339
-355
-306
-296
-249
-208
-185
-141
-122
-93
-141
-98
-76
-49
-33
-29
63
98
122
243
309
411
521
585
563
481
337
212
137
16
-29
-108
-156
-195
-236
-300
-364
-381
-373
-343
-286
-251
-245
-182
-149
-137
-137
-129
-121
-93
-53
-45
-18
65
103
139
215
323
417
507
551
517
397
264
219
30
-29
-125
-157
-190
-230
-284
-345
-395
-378
-376
-337
-296
-229
-209
-169
-149
-138
-135
-173
-122
-93
-46
-41
35
83
129
126
259
363
483
555
579
492
389
267
131
26
-43
-114
-154
-147
-220
-270
-332
-380
-367
-341
-284
-259
-204
-157
-115
-116
-113
-98
-98
-65
-50
-56
43
95
116
139
234
322
418
547
625
596
503
367
233
147
23
-34
-73
-119
-157
-233
-284
-339
-364
-341
-313
-277
-218
-183
-154
-127
-113
-109
-106
-78
-59
-33
-42
47
71
126
146
245
339
418
534
571
539
418
310
166
148
-25
-39
-129
-190
-221
-258
-319
-366
-401
-382
-343
-295
-246
-209
-177
-156
-141
-142
-125
-114
-83
-55
-33
-15
57
106
126
237
323
449
532
583
506
379
242
150
39
-22
-98
-167
-189
-222
-325
-331
-374
-393
-354
-314
-271
-231
-193
-159
-121
-113
-109
-110
-108
-44
-21
-13
51
101
130
238
307
403
503
596
570
484
355
219
138
33
-23
-49
-127
-175
-209
-286
-254
-369
-406
-319
-269
-215
-173
-146
-110
-109
-97
-83
-85
-46
-44
-18
43
91
129
219
291
361
475
585
601
547
418
297
159
119
-14
-47
-139
-170
-204
-273
-333
-364
-370
-350
-319
-267
-203
-181
-139
-116
-129
-140
-116
-87
-71
-31
-33
52
95
135
134
265
354
468
563
571
502
354
308
146
3
-33
-132
-170
-210
-245
-268
-371
-395
-392
-375
-332
-281
-231
-204
-161
-140
-133
-131
-110
-101
-62
-42
-11
51
100
135
221
301
401
531
570
543
418
271
163
132
-12
-29
-139
-175
-198
-277
-319
-364
-379
-369
-327
-271
-220
-237
-153
-137
-125
-103
-97
-81
-53
-28
-30
46
83
139
155
291
362
468
579
603
538
418
279
158
141
-13
-33
-130
-155
-187
-261
-346
-333
-372
-323
-282
-255
-202
-145
-141
-108
-155
-103
-77
-77
-53
-23
20
52
84
135
207
283
389
519
595
585
488
361
213
131
6
-29
-140
-148
-177
-225
-284
-345
-385
-378
-347
-299
-245
-217
-185
-146
-122
-133
-129
-113
-106
-69
-33
-30
35
75
135
115
276
351
484
565
535
451
307
161
147
-14
-39
-141
-177
-193
-254
-328
-342
-389
-370
-335
-302
-268
-217
-197
-107
-135
-135
-127
-110
-87
-129
-25
-59
49
98
127
239
308
459
526
671
545
418
294
167
127
-9
-33
-125
-158
-193
-250
-303
-364
-374
-362
-293
-263
-220
-178
-155
-115
-115
-118
-102
-57
-57
-37
-21
51
95
131
163
287
369
494
582
599
523
391
255
135
94
-25
-27
-110
-197
-204
-294
-321
-350
-350
-332
-293
-250
-205
-151
-144
-108
-120
-104
-108
-39
-70
-35
-44
55
98
141
229
291
385
575
565
567
458
321
193
135
5
-71
-133
-159
-190
-238
-307
-376
-384
-371
-345
-313
-257
-221
-189
-172
-157
-140
-145
-104
-85
-76
-46
-44
31
35
138
226
313
405
499
564
519
411
275
153
129
-28
-44
-133
-170
-183
-241
-325
-360
-373
-364
-331
-287
-234
-201
-154
-142
-125
-127
-106
-85
-59
-33
-41
27
89
151
210
291
387
491
569
595
494
391
244
139
51
-25
-37
-132
-155
-187
-269
-300
-347
-334
-314
-287
-233
-177
-130
-116
-107
-103
-107
-76
-71
-33
-42
47
101
127
149
273
339
418
549
591
562
453
298
179
148
3
-29
-101
-169
-178
-243
-295
-350
-367
-258
-311
-310
-236
-191
-161
-131
-126
-128
-109
-98
-98
-70
-39
-18
71
130
148
271
369
479
536
558
493
329
212
148
14
-33
-127
-162
-192
-293
-301
-355
-373
-387
-364
-318
-280
-226
-188
-155
-154
-156
-143
-122
-103
-70
-45
-29
22
98
141
227
311
418
518
571
545
418
325
195
155
52
-44
-121
-156
-185
-236
-279
-348
-327
-363
-317
-274
-219
-189
-143
-129
-50
-108
-97
-93
-58
-37
-44
43
96
142
230
283
391
506
585
603
547
418
276
167
147
-11
-38
-108
-119
-172
-233
-305
-344
-349
-306
-271
-290
-215
-138
-140
-113
-108
-93
-97
-42
-31
-47
-44
53
107
139
251
378
417
565
575
547
477
331
185
134
15
-30
-103
-153
-191
-238
-310
-325
-361
-353
-321
-275
-252
-203
-172
-151
-133
-133
-119
-118
-93
-74
-44
-62
43
116
148
245
340
418
526
507
484
365
239
133
21
-45
-110
-149
-205
-219
-281
-353
-373
-385
-350
-313
-254
-225
-181
-149
-149
-125
-137
-118
-129
-103
-51
-45
25
91
148
255
354
446
535
566
523
417
273
153
137
-12
-37
-110
-141
-200
-254
-299
-341
-312
-339
-296
-242
-198
-162
-93
-108
-119
-84
-101
-70
-53
-29
-25
57
110
133
258
339
418
519
579
563
474
341
245
148
21
-21
-29
-127
-178
-222
-274
-331
-341
-341
-346
-269
-220
-174
-139
-125
-119
-109
-42
-102
-50
-31
-43
-12
61
116
225
308
401
483
563
561
481
346
212
134
30
-21
-35
-146
-185
-240
-293
-365
-362
-373
-349
-315
-268
-209
-221
-169
-172
-143
-140
-139
-109
-94
-42
-43
30
116
151
267
355
418
535
555
418
376
246
131
37
-25
-37
-138
-179
-209
-298
-349
-390
-379
-351
-318
-262
-217
-174
-144
-108
-121
-113
-110
-97
-76
-43
-44
63
115
135
251
358
462
533
573
533
418
291
183
147
10
-25
-65
-150
-167
-249
-281
-367
-337
-329
-292
-249
-189
-169
-110
-101
-103
-102
-98
-71
-59
-42
-33
122
98
142
234
327
418
519
573
555
500
363
221
133
26
-58
-30
-140
-175
-207
-282
-332
-359
-349
-337
-278
-239
-185
-154
-139
-119
-107
-116
-108
-93
-5
-27
-35
59
147
143
261
367
418
523
539
494
385
242
143
36
-26
-43
-146
-194
-216
-300
-371
-377
-371
-364
-320
-269
-245
-215
-157
-141
-133
-122
-116
-108
-98
-45
-25
21
83
122
239
342
418
513
551
502
418
289
177
147
-29
-39
-118
-150
-192
-248
-330
-355
-412
-332
-371
-268
-215
-174
-142
-134
-110
-93
-93
-77
-67
-45
-39
38
85
131
222
323
450
545
589
555
491
355
218
144
126
-23
-44
-109
-172
-207
-280
-329
-346
-349
-286
-251
-216
-183
-161
-121
-98
-110
-102
-82
-57
-67
-38
-22
51
122
151
302
363
485
615
547
485
387
254
150
77
-21
-43
-125
-191
-225
-297
-336
-374
-359
-329
-293
-259
-198
-175
-143
-133
-133
-138
-137
-120
-94
-77
-28
15
82
141
230
339
449
499
531
489
378
261
148
127
-27
-38
-146
-172
-241
-284
-332
-364
-389
-377
-316
-281
-238
-189
-155
-133
-128
-137
-125
-108
-93
-69
-35
29
78
131
234
315
418
521
555
503
418
287
197
122
23
-12
-39
-98
-200
-257
-316
-361
-357
-327
-309
-255
-209
-151
-147
-130
-101
-97
-97
-70
-55
-44
-31
51
97
137
229
311
407
507
561
567
487
311
249
151
127
-27
-42
-114
-159
-207
-293
-329
-353
-346
-332
-273
-242
-198
-156
-135
-120
-110
-118
-122
-93
-62
-33
-15
81
122
210
379
418
467
536
561
457
325
222
103
30
-26
-42
-146
-197
-255
-317
-391
-393
-380
-332
-239
-268
-213
-182
-165
-140
-157
-140
-147
-115
-95
-66
-40
-25
84
147
243
345
418
515
539
483
371
234
131
86
-12
-25
-134
-163
-220
-284
-343
-385
-370
-359
-314
-254
-230
-173
-193
-130
-43
-121
-125
-98
-93
-61
-53
33
82
133
257
347
444
515
507
518
406
311
189
146
36
-28
-44
-152
-165
-239
-287
-337
-341
-320
-300
-239
-192
-158
-125
-113
-125
-104
-106
-96
-55
-40
-45
58
68
133
232
327
418
522
567
547
468
347
214
137
26
-19
-30
-122
-171
-236
-318
-334
-359
-349
-303
-262
-161
-183
-115
-127
-98
-125
-116
-93
-97
-57
-12
-18
66
115
131
275
347
467
517
539
451
363
240
145
37
-41
-29
-140
-222
-248
-307
-349
-374
-373
-356
-322
-294
-205
-167
-160
-143
-142
-171
-128
-114
-82
-39
-35
42
86
116
243
347
453
527
533
459
378
305
171
149
-1
-14
-113
-165
-204
-265
-319
-355
-369
-333
-295
-294
-206
-161
-140
-130
-104
-109
-106
-85
-48
-23
-39
54
110
107
249
340
462
547
571
533
455
338
222
135
55
-15
-34
-119
-161
-219
-283
-325
-325
-330
-284
-237
-197
-174
-134
-106
-93
-97
-85
-98
-94
-44
-29
17
75
122
213
308
391
500
555
559
483
347
243
89
116
-3
-37
-122
-161
-221
-295
-346
-369
-358
-335
-297
-242
-206
-149
-144
-136
-130
-134
-113
-106
-82
-39
-35
30
106
127
229
340
418
502
529
485
387
274
147
126
-25
-44
-122
-173
-206
-299
-343
-371
-383
-358
-325
-268
-225
-178
-155
-134
-125
-114
-125
-113
-81
-57
-33
1
84
122
243
303
411
498
568
539
464
330
227
138
43
-28
-31
-116
-186
-233
-296
-335
-389
-332
-302
-257
-219
-167
-106
-114
-109
-82
-103
-93
-49
-44
-38
34
89
122
147
277
367
473
559
573
551
445
294
195
136
32
-14
-31
-156
-210
-245
-300
-333
-351
-332
-290
-241
-204
-175
-136
-126
-112
-107
-104
-77
-76
-43
-35
26
91
122
209
307
418
514
566
537
454
379
227
151
20
-28
-43
-146
-190
-258
-307
-361
-390
-364
-337
-297
-254
-200
-179
-149
-140
-140
-144
-126
-107
-83
-54
-27
38
100
135
212
355
418
526
562
515
383
283
169
138
48
-12
-155
-175
-218
-267
-348
-361
-426
-341
-301
-249
-207
-174
-145
-122
-141
-116
-110
-77
-73
-49
-25
38
88
133
133
295
451
503
587
564
500
393
270
175
131
-3
-28
-129
-172
-209
-258
-321
-332
-339
-261
-246
-209
-178
-134
-113
-94
-103
-102
-82
-76
-41
-45
-5
79
115
135
265
356
461
592
585
543
463
339
215
148
36
-17
-33
-161
-204
-259
-320
-349
-358
-343
-297
-253
-206
-172
-143
-125
-110
-121
-108
-101
-93
-49
-13
-23
59
103
143
263
373
481
538
559
500
375
249
147
67
-21
-35
-134
-209
-265
-305
-358
-394
-379
-352
-311
-273
-233
-185
-142
-145
-143
-122
-114
-121
-102
-61
-30
-17
89
128
226
291
418
500
554
539
465
347
228
145
32
-17
-42
-141
-186
-237
-303
-362
-364
-357
-309
-279
-245
-192
-69
-145
-110
-114
-103
-93
-66
-50
-18
17
74
135
131
281
373
483
562
600
547
418
345
226
134
27
-35
-38
-135
-182
-236
-309
-341
-339
-375
-287
-254
-193
-175
-137
-108
-113
-97
-93
-95
-66
-38
-26
46
81
134
209
311
404
531
585
577
485
366
249
149
63
-3
-29
-126
-189
-237
-300
-361
-381
-381
-321
-291
-236
-205
-169
-145
-141
-129
-127
-121
-101
-93
-74
-15
-37
75
120
148
287
404
513
551
521
418
315
197
136
-13
-30
-110
-184
-233
-263
-323
-366
-415
-357
-332
-283
-253
-202
-174
-158
-134
-137
-150
-108
-103
-67
-30
-43
57
116
122
286
387
509
571
562
527
387
269
159
122
3
-44
-122
-177
-213
-271
-332
-357
-366
-329
-274
-231
-193
-171
-113
-112
-94
-101
-106
-31
-58
-29
-31
62
113
121
259
335
418
549
607
569
493
389
241
121
56
-6
-33
-149
-192
-246
-300
-364
-374
-346
-318
-267
-233
-173
-159
-133
-122
-110
-108
-93
-79
-102
-37
-38
61
109
131
233
340
449
531
579
529
418
299
169
141
-7
-44
-127
-174
-221
-309
-333
-368
-378
-367
-334
-289
-254
-207
-172
-156
-155
-140
-141
-116
-124
-80
-58
-17
43
107
116
246
366
474
531
550
493
401
251
165
129
-17
-42
-152
-174
-229
-289
-339
-379
-364
-349
-301
-277
-233
-178
-151
-140
-116
-110
-121
-98
-75
-45
-29
83
98
115
257
340
451
539
595
563
463
346
219
141
38
-12
-29
-122
-189
-245
-284
-334
-353
-343
-304
-255
-209
-157
-145
-139
-86
-116
-103
-93
-63
-51
-44
-12
66
151
141
276
378
481
563
575
515
418
302
192
129
19
-33
-115
-166
-217
-261
-325
-364
-375
-345
-311
-251
-206
-177
-143
-129
-112
-116
-124
-108
-95
-74
-27
-50
67
130
161
296
403
513
561
546
467
342
209
138
20
-39
-113
-160
-219
-269
-335
-377
-403
-401
-337
-300
-255
-221
-177
-145
-133
-151
-139
-136
-108
-85
-42
-44
36
100
119
239
343
467
545
571
531
451
303
193
147
25
-10
-109
-152
-213
-269
-350
-386
-379
-373
-311
-300
-220
-175
-127
-128
-106
-110
-107
-97
-70
-42
-27
20
104
119
239
328
418
531
596
599
511
409
291
198
131
19
-39
-122
-156
-210
-281
-335
-357
-343
-321
-277
-239
-192
-150
-134
-109
-98
-116
-107
-73
-76
-50
-37
27
86
136
233
303
415
505
564
569
487
371
249
148
131
-19
-41
-158
-204
-266
-349
-369
-396
-379
-359
-300
-273
-207
-175
-141
-133
-130
-140
-122
-125
-95
-44
-45
-24
82
128
212
303
418
532
570
527
418
308
198
149
6
-41
-124
-166
-205
-301
-349
-380
-391
-379
-336
-306
-253
-194
-161
-151
-140
-136
-127
-113
-81
-75
-42
-32
43
119
153
259
340
418
553
587
547
418
319
210
146
33
-21
-42
-158
-204
-269
-341
-365
-370
-355
-300
-251
-215
-172
-146
-109
-97
-93
-75
-76
-59
-43
-45
33
91
121
197
297
376
514
581
597
546
461
297
203
142
19
-13
-53
-149
-202
-268
-332
-380
-377
-349
-315
-268
-229
-191
-155
-127
-137
-125
-112
-119
-93
-51
-39
7
77
130
194
295
404
507
567
569
492
361
254
145
59
-21
-23
-145
-186
-266
-327
-380
-403
-408
-367
-330
-285
-246
-206
-172
-151
-140
-156
-145
-134
-113
-63
-25
-34
77
133
212
311
417
507
560
532
469
356
239
129
41
-16
-44
-165
-213
-279
-335
-364
-411
-381
-332
-300
-254
-214
-167
-149
-146
-121
-82
-107
-81
-62
-41
-25
64
110
135
239
334
453
534
595
554
499
371
228
150
128
-7
-41
-130
-171
-245
-300
-364
-368
-366
-325
-266
-233
-200
-162
-138
-110
-116
-127
-127
-108
-50
-21
-28
63
121
147
277
371
469
563
599
563
458
314
198
135
17
-35
-126
-166
-219
-285
-341
-393
-394
-370
-343
-283
-252
-193
-166
-150
-139
-143
-153
-151
-127
-79
-45
-43
47
119
135
287
386
470
561
558
494
382
218
148
116
-25
-28
-145
-189
-254
-298
-382
-392
-417
-379
-332
-297
-254
-197
-173
-141
-151
-141
-143
-137
-106
-76
-43
-37
86
139
228
305
415
545
595
564
513
385
263
148
133
-16
-47
-140
-170
-242
-305
-349
-377
-348
-332
-278
-230
-202
-159
-133
-121
-103
-93
-82
-78
-58
-33
-25
57
122
146
276
366
467
579
609
599
519
394
271
162
146
3
-18
-118
-188
-233
-303
-351
-367
-367
-311
-276
-226
-179
-172
-125
-109
-119
-113
-113
-106
-61
-46
-33
70
116
122
288
378
489
561
599
564
455
325
198
150
20
-22
-122
-184
-215
-285
-343
-394
-409
-391
-348
-307
-249
-207
-178
-166
-156
-169
-150
-146
-122
-108
-55
-43
51
130
142
275
384
505
552
559
470
367
253
148
59
-21
-44
-155
-205
-266
-326
-366
-395
-409
-374
-329
-284
-226
-190
-167
-142
-137
-130
-118
-134
-98
-66
-33
-27
104
137
259
355
467
547
593
565
483
357
253
135
119
-1
-26
-127
-183
-246
-305
-364
-377
-357
-300
-263
-213
-169
-139
-113
-102
-87
-110
-77
-79
-57
-29
41
90
120
231
305
402
531
582
610
553
451
314
203
141
25
-13
-42
-157
-222
-274
-323
-376
-370
-366
-301
-280
-220
-179
-145
-130
-116
-154
-121
-108
-107
-73
-28
-9
81
132
213
308
404
507
566
567
491
387
257
163
125
-12
-37
-151
-204
-270
-332
-374
-415
-418
-374
-345
-282
-234
-188
-171
-156
-138
-122
-145
-121
-63
-63
-23
-18
83
139
198
310
418
519
571
562
483
355
229
143
35
-27
-45
-138
-197
-268
-319
-381
-383
-380
-334
-294
-264
-202
-170
-140
-129
-125
-108
-119
-103
-75
-44
-35
84
122
155
281
374
491
579
619
559
467
355
228
137
56
-23
-21
-142
-193
-270
-329
-348
-364
-353
-294
-267
-219
-172
-140
-122
-108
-107
-108
-102
-93
-67
-54
-18
75
130
175
283
387
491
561
603
531
418
322
197
135
10
-33
-110
-165
-231
-281
-353
-387
-368
-364
-323
-278
-233
-203
-145
-158
-166
-140
-144
-133
-109
-63
-41
-29
35
116
147
294
450
491
555
555
475
354
258
147
52
-21
-23
-151
-206
-263
-336
-365
-405
-404
-360
-316
-278
-233
-183
-169
-149
-138
-159
-135
-113
-76
-61
-41
6
95
137
257
333
465
547
595
571
468
351
227
133
68
-30
-44
-138
-205
-255
-331
-361
-373
-364
-332
-282
-240
-198
-149
-125
-104
-97
-94
-93
-69
-125
-174
-125
-49
57
127
251
381
498
595
623
561
455
306
277
139
19
-26
-79
-159
-222
-279
-350
-346
-370
-333
-297
-261
-236
-172
-149
-119
-104
-104
-108
-113
-71
-47
-41
-23
62
121
147
261
373
466
545
601
501
483
251
184
135
3
-33
-125
-142
-236
-314
-368
-395
-397
-394
-348
-300
-268
-220
-189
-167
-140
-149
-139
-134
-108
-80
-43
-33
51
115
147
291
387
487
549
537
484
372
255
165
131
-27
-28
-148
-198
-234
-306
-375
-395
-399
-367
-312
-265
-238
-195
-157
-133
-140
-122
-122
-113
-85
-44
9
41
106
143
291
361
474
553
566
543
455
331
212
131
39
-15
-44
-140
-171
-246
-300
-342
-365
-345
-315
-258
-245
-178
-127
-119
-95
-98
-109
-107
-95
-57
-43
20
82
128
243
315
415
507
561
585
507
405
276
169
138
17
-42
-107
-177
-236
-300
-364
-395
-389
-358
-318
-265
-231
-179
-153
-143
-133
-126
-125
-108
-97
-73
-26
13
70
149
175
299
391
487
529
519
418
341
226
145
19
-17
-44
-151
-218
-266
-349
-393
-405
-412
-379
-350
-293
-236
-174
-136
-154
-156
-129
-128
-116
-106
-58
-44
7
100
133
244
336
455
529
553
507
418
303
201
138
20
-12
-33
-153
-202
-284
-335
-394
-399
-377
-333
-297
-288
-193
-103
-124
-125
-108
-106
-103
-86
-72
-74
17
94
143
230
317
404
500
543
566
526
418
298
195
134
15
-12
-57
-145
-208
-291
-342
-368
-348
-338
-312
-249
-213
-167
-140
-125
-108
-96
-101
-109
-93
-53
-32
37
116
144
246
340
459
515
563
527
450
340
222
146
65
-16
-47
-133
-205
-255
-335
-371
-394
-401
-352
-317
-266
-204
-181
-144
-139
-121
-126
-137
-133
-120
-69
-31
7
106
146
251
355
453
521
515
467
371
273
113
122
5
-27
-156
-170
-234
-310
-370
-399
-396
-385
-347
-274
-234
-177
-151
-130
-166
-146
-137
-122
-127
-45
-35
39
97
139
259
346
418
521
535
519
446
335
219
131
43
-21
-39
-138
-194
-255
-343
-364
-383
-367
-326
-279
-237
-181
-172
-115
-93
-83
-93
-93
-75
-65
-38
-19
93
138
238
319
418
507
555
550
503
410
276
180
116
20
-19
-41
-141
-219
-277
-357
-373
-390
-348
-300
-257
-201
-167
-136
-131
-110
-109
-108
-120
-98
-69
-29
-31
101
135
234
349
413
475
523
507
418
323
229
137
52
-24
-28
-154
-220
-258
-332
-389
-422
-412
-359
-336
-287
-229
-204
-181
-149
-157
-140
-154
-127
-102
-61
-44
52
126
149
279
370
467
518
529
468
356
265
161
118
-9
-26
-108
-174
-239
-297
-359
-394
-384
-350
-330
-271
-252
-164
-141
-138
-126
-125
-119
-101
-71
-57
-32
52
118
143
289
387
467
533
547
510
418
326
212
131
31
2
-21
-129
-178
-246
-315
-364
-361
-345
-300
-253
-209
-143
-122
-97
-87
-76
-108
-86
-70
-59
-26
34
116
135
258
340
418
527
535
523
463
337
239
135
137
-5
-21
-110
-170
-241
-310
-364
-373
-381
-337
-290
-243
-207
-169
-140
-125
-125
-135
-131
-113
-77
-54
-43
58
129
138
276
383
483
527
523
418
342
218
141
95
-9
-42
-143
-198
-234
-300
-389
-375
-393
-380
-341
-279
-233
-194
-169
-78
-114
-142
-129
-135
-108
-73
-37
-25
103
148
255
342
418
499
518
485
401
308
194
158
25
-25
-30
-155
-198
-257
-334
-365
-375
-363
-324
-272
-236
-182
-139
-125
-98
-114
-116
-115
-102
-65
-18
-26
91
128
267
363
456
534
555
538
483
381
270
167
145
8
-25
-37
-157
-221
-278
-332
-337
-364
-346
-306
-233
-172
-137
-101
-116
-108
-108
-108
-93
-77
-43
-33
69
131
183
281
385
457
539
532
482
371
251
179
128
16
-25
-62
-147
-265
-291
-337
-381
-389
-360
-321
-281
-224
-185
-158
-141
-136
-135
-142
-140
-129
-81
-38
-43
91
139
271
346
418
500
519
458
377
259
132
131
11
-28
-97
-140
-209
-285
-349
-378
-405
-365
-341
-282
-233
-172
-141
-126
-113
-126
-133
-114
-97
-59
-34
-26
69
121
241
308
450
494
531
503
457
330
229
139
115
-1
-41
-106
-155
-237
-336
-345
-364
-364
-325
-270
-233
-182
-128
-101
-76
-79
-72
-101
-76
-53
-37
-18
94
119
222
315
397
497
527
547
449
397
262
179
131
30
-28
-43
-139
-186
-266
-334
-365
-374
-348
-299
-245
-203
-154
-121
-108
-87
-98
-102
-114
-93
-74
-24
26
113
155
245
353
418
474
535
490
403
298
187
147
23
-23
-38
-83
-194
-258
-339
-395
-396
-391
-364
-300
-246
-203
-167
-146
-140
-154
-143
-155
-115
-77
-44
-25
67
107
182
318
418
497
515
451
411
313
205
138
51
24
-27
-137
-177
-278
-318
-365
-394
-361
-337
-300
-215
-188
-134
-116
-97
-104
-109
-110
-104
-76
-42
-33
78
118
148
299
397
486
533
501
483
375
278
185
143
43
-12
-43
-130
-221
-257
-314
-339
-341
-321
-284
-226
-177
-122
-110
-76
-93
-104
-81
-86
-61
-61
-41
67
134
141
311
411
491
551
539
482
391
290
194
151
54
-17
-31
-140
-190
-269
-319
-377
-381
-347
-321
-265
-221
-157
-125
-104
-136
-108
-124
-104
-121
-80
-28
-28
83
129
218
314
394
475
523
490
409
297
193
134
21
-5
-44
-137
-195
-252
-320
-375
-389
-383
-355
-315
-269
-204
-184
-140
-116
-118
-149
-136
-125
-93
-49
-23
53
130
149
289
387
458
499
513
453
359
250
163
145
20
-29
-30
-119
-209
-303
-338
-353
-348
-333
-287
-253
-209
-159
-115
-109
-107
-108
-109
-97
-71
-30
-12
70
131
219
312
417
511
555
547
515
406
308
206
145
40
-5
-28
-107
-182
-253
-309
-341
-334
-331
-299
-238
-197
-137
-106
-93
-76
-83
-107
-86
-86
-72
-35
-69
98
134
262
346
407
489
515
507
418
339
225
151
131
-12
-31
-116
-170
-239
-301
-353
-365
-386
-338
-293
-252
-201
-158
-127
-110
-49
-134
-121
-125
-110
-69
-45
-5
110
148
241
339
418
501
520
451
355
241
153
131
4
-44
-108
-153
-224
-284
-357
-390
-386
-360
-311
-258
-203
-154
-97
-110
-113
-115
-116
-122
-116
-71
-29
7
98
142
245
321
410
507
531
487
406
322
221
135
97
-12
-29
-110
-172
-231
-335
-349
-328
-349
-311
-270
-225
-173
-129
-104
-85
-77
-82
-94
-76
-42
-35
34
104
132
271
344
449
519
505
527
470
347
244
161
147
17
-25
-44
-145
-209
-234
-346
-383
-345
-333
-281
-231
-190
-153
-109
-94
-112
-133
-110
-69
-66
-59
-41
57
113
132
293
381
484
521
521
418
354
241
157
138
-11
-41
-74
-151
-218
-291
-361
-381
-399
-406
-332
-253
-220
-175
-156
-130
-120
-127
-153
-116
-125
-82
-33
-69
90
141
234
307
418
475
502
458
379
287
183
107
31
7
-27
-116
-191
-249
-320
-348
-386
-394
-332
-278
-231
-185
-125
-108
-82
-95
-109
-76
-103
-76
-45
-57
75
138
241
305
414
491
531
512
446
351
250
155
139
20
-22
-28
-122
-169
-263
-238
-337
-314
-315
-268
-209
-167
-114
-33
-112
-65
-109
-104
-85
-74
-53
-43
69
146
175
297
379
450
532
503
478
394
298
183
142
46
-17
-28
-126
-178
-253
-319
-361
-367
-354
-321
-265
-220
-182
-127
-108
-140
-113
-136
-120
-102
-71
-42
-44
89
127
246
335
418
499
529
470
379
259
169
133
21
-15
-44
-142
-191
-269
-344
-375
-384
-367
-361
-297
-237
-193
-166
-127
-85
-108
-110
-128
-124
-98
-56
-30
63
134
227
317
407
477
507
510
451
334
227
139
133
14
-12
-23
-140
-213
-282
-337
-363
-351
-337
-279
-237
-182
-140
-103
-93
-102
-76
-108
-103
-93
-33
-28
63
127
186
305
394
494
538
547
467
407
282
207
148
54
1
-42
-110
-161
-239
-312
-345
-346
-332
-311
-253
-198
-162
-109
-108
-96
-83
-109
-107
-76
-53
-28
-9
110
183
262
341
446
510
530
499
415
321
212
137
34
-10
-33
-107
-165
-229
-304
-358
-374
-364
-328
-300
-245
-173
-158
-137
-135
-122
-125
-162
-145
-129
-76
-40
52
122
218
305
418
485
507
486
404
308
197
121
31
-11
-39
-129
-167
-262
-303
-359
-395
-377
-341
-285
-249
-158
-149
-125
-113
-109
-125
-133
-109
-104
-44
-24
77
130
222
335
418
494
519
519
457
342
226
148
110
3
-28
-38
-140
-231
-277
-371
-358
-366
-311
-270
-230
-175
-108
-76
-63
-75
-60
-65
-71
-69
-54
-42
59
122
135
287
375
466
519
532
491
414
323
213
147
113
-3
-34
-98
-150
-234
-284
-348
-354
-342
-300
-269
-217
-162
-125
-107
-93
-93
-110
-82
-107
-69
-39
-28
86
133
243
329
446
485
519
499
409
305
198
137
34
-28
-29
-125
-165
-239
-306
-358
-394
-377
-357
-303
-249
-204
-197
-138
-65
-140
-134
-140
-125
-116
-77
-34
-22
121
148
273
366
418
475
501
451
355
240
163
141
14
-29
-38
-146
-197
-269
-342
-365
-378
-357
-325
-275
-204
-169
-138
-109
-80
-108
-109
-112
-104
-56
-43
-10
104
122
257
347
418
505
535
500
418
340
227
159
131
7
-29
-30
-146
-209
-283
-326
-342
-332
-310
-257
-205
-150
-107
-60
-74
-71
-82
-101
-59
-80
-49
-41
73
126
145
278
359
446
511
527
485
418
297
186
135
33
-21
-47
-125
-189
-251
-303
-359
-378
-345
-339
-261
-226
-178
-140
-113
-118
-125
-126
-116
-107
-72
-39
-50
39
131
207
315
387
474
535
474
399
291
207
131
35
-25
-26
-121
-167
-241
-325
-353
-379
-378
-351
-315
-261
-204
-197
-114
-118
-141
-133
-140
-141
-108
-75
-33
2
98
143
276
355
449
498
515
451
372
279
176
139
21
-21
-44
-124
-193
-259
-315
-348
-353
-302
-322
-254
-198
-159
-113
-116
-82
-93
-78
-104
-76
-73
-38
-36
69
122
233
314
387
459
521
539
485
396
295
197
148
31
-25
-34
-103
-141
-249
-298
-335
-364
-335
-290
-249
-209
-162
-110
-109
-110
-103
-121
-120
-95
-69
-48
15
110
135
248
341
418
501
523
489
418
331
239
147
69
3
-29
-114
-177
-237
-295
-341
-367
-366
-337
-289
-255
-203
-149
-135
-116
-108
-135
-140
-136
-125
-93
-40
-33
84
131
237
314
399
481
507
463
372
271
180
122
7
-19
-43
-136
-187
-245
-322
-364
-383
-364
-325
-277
-233
-193
-147
-124
-102
-125
-127
-124
-108
-76
-41
-29
79
129
233
305
394
470
515
517
418
355
243
148
131
4
-25
-42
-140
-189
-262
-309
-348
-348
-316
-281
-236
-181
-139
-107
-75
-71
-76
-75
-83
-75
-44
-13
55
110
136
271
342
411
499
559
502
418
330
233
151
106
-11
-39
-93
-156
-204
-282
-329
-351
-343
-329
-282
-237
-191
-141
-112
-103
-101
-141
-108
-108
-93
-37
-37
51
127
177
307
399
491
515
498
418
333
227
137
57
-8
-44
-110
-150
-216
-284
-357
-375
-383
-349
-317
-262
-215
-163
-146
-127
-116
-116
-120
-119
-110
-85
-44
-32
52
122
207
276
367
445
492
491
415
335
234
145
110
11
-12
-107
-134
-193
-275
-332
-367
-351
-333
-313
-254
-203
-145
-125
-108
-121
-112
-113
-109
-85
-70
-41
27
115
135
277
376
467
532
532
487
418
306
210
135
113
15
-12
-41
-139
-204
-280
-327
-332
-325
-289
-258
-239
-151
-113
-94
-77
-71
-93
-108
-76
-69
-44
-27
71
119
178
302
388
457
508
534
467
369
265
174
116
29
-21
-25
-137
-188
-269
-329
-359
-359
-348
-311
-258
-219
-169
-126
-103
-110
-121
-140
-128
-108
-93
-37
-31
83
133
271
353
418
485
492
449
369
265
150
136
0
-37
-82
-131
-197
-253
-331
-365
-374
-365
-339
-302
-233
-201
-147
-107
-106
-108
-107
-119
-116
-98
-65
-44
38
115
133
293
354
418
487
503
466
343
276
181
129
37
-22
-47
-135
-201
-236
-316
-349
-359
-341
-301
-255
-219
-157
-116
-97
-87
-98
-103
-108
-119
-63
-65
39
116
143
274
363
466
521
538
529
418
361
239
148
141
17
-40
-28
-139
-200
-271
-309
-283
-343
-337
-268
-220
-157
-134
-108
-82
-77
-77
-108
-109
-76
-54
-25
49
115
126
279
351
449
491
519
475
386
271
183
139
15
-25
-49
-133
-178
-245
-314
-362
-373
-349
-331
-289
-234
-191
-142
-127
-121
-137
-139
-139
-131
-93
-72
-45
40
109
136
285
393
457
506
483
418
318
196
135
52
-11
-14
-98
-151
-230
-268
-329
-364
-363
-351
-294
-245
-203
-135
-130
-110
-12
-108
-126
-108
-104
-74
-31
3
98
125
244
330
410
483
519
483
411
308
215
137
87
5
-27
-55
-150
-197
-270
-300
-332
-326
-302
-262
-219
-170
-124
-101
-76
-78
-97
-81
-93
-65
-28
-25
79
134
230
319
418
483
522
530
454
371
261
161
131
20
-28
-33
-131
-172
-254
-309
-332
-353
-341
-291
-238
-189
-146
-116
-96
-78
-104
-121
-108
-93
-82
-35
-11
91
131
231
291
387
468
498
498
397
319
202
143
17
-17
-39
-137
-171
-236
-303
-344
-379
-378
-336
-300
-265
-215
-159
-131
-125
-127
-125
-130
-124
-110
-79
-30
54
103
146
287
369
418
484
483
418
317
251
163
122
18
-33
-43
-145
-197
-262
-311
-357
-358
-341
-300
-245
-209
-155
-122
-85
-81
-115
-93
-109
-93
-57
-44
-34
90
119
226
295
384
467
505
515
453
354
263
161
159
24
-25
-37
-121
-172
-245
-284
-329
-341
-303
-271
-233
-177
-129
-93
-98
-109
-108
-118
-110
-59
-39
-37
65
137
139
279
379
459
500
523
475
372
262
155
135
20
-21
-31
-133
-181
-242
-297
-333
-354
-343
-310
-253
-205
-171
-126
-129
-121
-108
-122
-133
-97
-75
-44
-31
81
139
153
294
358
455
492
463
399
278
195
147
18
-10
-43
-161
-159
-237
-297
-331
-370
-379
-338
-289
-238
-197
-167
-129
-109
-108
-142
-142
-129
-114
-69
-25
7
98
147
251
339
418
499
492
481
387
279
191
137
25
-18
-37
-127
-172
-233
-302
-332
-336
-337
-306
-252
-210
-159
-129
-84
-71
-69
-107
-109
-85
-69
-44
-24
98
135
233
304
363
467
510
537
485
387
302
201
134
47
19
-21
-102
-165
-221
-282
-348
-341
-327
-297
-246
-210
-158
-128
-81
-98
-102
-122
-107
-98
-59
-41
-13
98
116
244
323
415
494
514
487
407
309
214
136
35
-17
-44
-124
-156
-245
-295
-331
-353
-357
-326
-289
-241
-175
-161
-136
-112
-122
-127
-151
-127
-95
-97
-39
-38
104
113
245
334
407
478
489
418
358
251
171
134
43
-15
-56
-135
-183
-233
-300
-347
-364
-353
-315
-270
-221
-169
-134
-106
-110
-120
-119
-122
-140
-51
-47
-29
79
178
171
343
459
522
612
503
403
334
210
137
46
-1
-31
-80
-139
-207
-270
-315
-316
-309
-298
-249
-181
-139
-101
-59
-54
-79
-87
-76
-82
-53
-29
-8
72
145
238
296
372
470
511
534
485
377
270
182
141
10
-10
-45
-129
-162
-225
-281
-327
-332
-325
-285
-242
-190
-142
-110
-157
-107
-116
-122
-133
-115
-76
-41
-40
100
143
218
319
403
483
500
482
397
307
193
100
36
-67
-48
-139
-166
-222
-300
-354
-373
-367
-345
-299
-229
-201
-158
-128
-104
-109
-121
-157
-147
-116
-73
-42
-19
104
142
263
321
372
470
489
467
363
280
173
127
11
-13
-31
-136
-171
-220
-287
-349
-348
-334
-293
-259
-209
-158
-126
-108
-87
-122
-127
-122
-106
-77
-44
-18
85
133
233
315
405
491
530
519
418
354
240
143
137
21
-27
-31
-127
-182
-248
-300
-309
-334
-300
-268
-222
-159
-129
-103
-83
-108
-121
-114
-75
-77
-45
-35
47
100
142
276
356
418
499
511
466
372
263
171
131
9
-16
-49
-122
-173
-239
-300
-343
-364
-345
-314
-271
-215
-150
-139
-108
-127
-129
-135
-140
-134
-109
-62
-73
49
116
143
286
367
418
494
467
394
287
181
141
41
-22
-40
-135
-162
-194
-297
-349
-369
-365
-348
-213
-241
-179
-165
-129
-118
-116
-137
-125
-116
-108
-59
-38
31
102
137
339
351
418
500
500
482
375
283
173
137
29
-33
-30
-115
-173
-229
-289
-325
-339
-330
-301
-236
-191
-161
-129
-76
-103
-79
-93
-97
-81
-63
-41
-25
95
129
214
301
389
473
507
515
487
387
275
163
139
20
-32
-25
-112
-169
-221
-277
-316
-334
-299
-297
-245
-204
-157
-109
-102
-109
-163
-122
-109
-101
-66
-28
27
104
131
257
347
450
478
515
457
385
229
175
144
19
-21
-29
-140
-181
-229
-305
-348
-362
-349
-332
-278
-241
-190
-151
-134
-115
-133
-145
-172
-145
-108
-63
53
46
115
130
263
347
418
479
494
463
343
225
143
71
-21
-34
-107
-149
-197
-257
-314
-348
-351
-347
-288
-253
-201
-155
-82
-108
-115
-135
-108
-121
-116
-46
-44
14
100
129
256
353
449
494
527
491
402
308
198
145
35
-11
-28
-81
-149
-181
-266
-299
-304
-295
-269
-241
-172
-140
-108
-77
-77
-73
-93
-83
-74
-76
-39
-9
74
127
134
283
372
450
522
515
481
375
258
167
137
20
-14
-41
-109
-155
-229
-283
-325
-345
-320
-288
-234
-189
-165
-114
-98
-107
-94
-104
-114
-119
-80
-43
-28
84
137
233
320
394
418
491
480
404
297
190
147
18
-12
-38
-157
-181
-241
-287
-323
-348
-349
-318
-270
-255
-181
-142
-121
-107
-139
-137
-133
-130
-81
-53
-44
58
97
153
239
371
418
499
503
451
358
267
146
127
-11
-30
-57
-137
-159
-234
-287
-331
-349
-325
-294
-241
-201
-145
-108
-93
-81
-98
-116
-110
-82
-53
-28
11
94
127
229
318
391
483
510
511
418
346
239
148
131
21
-28
-34
-126
-185
-294
-287
-353
-329
-293
-236
-225
-167
-132
-112
-74
-79
-110
-110
-98
-86
-41
-44
27
110
137
283
355
418
498
509
483
394
294
181
133
20
-28
-23
-137
-171
-231
-304
-331
-348
-332
-318
-268
-237
-167
-133
-116
-119
-140
-134
-125
-113
-93
-58
-44
39
119
137
295
358
418
484
487
410
305
210
130
19
-28
-31
-109
-165
-229
-270
-335
-359
-349
-326
-268
-255
-198
-161
-127
-102
-108
-110
-125
-130
-82
-81
-37
-21
98
134
229
311
387
418
487
467
323
295
206
122
25
1
-40
-113
-152
-219
-263
-313
-322
-317
-295
-241
-191
-160
-114
-82
-71
-97
-104
-108
-79
-39
-33
45
109
127
212
347
418
479
514
521
452
343
257
116
143
-12
-18
-93
-140
-185
-254
-268
-316
-312
-314
-268
-214
-171
-130
-101
-84
-104
-102
-125
-108
-95
-71
-28
-7
84
137
214
315
394
467
500
479
399
294
179
139
20
-12
-40
-138
-181
-251
-299
-333
-349
-364
-322
-286
-251
-194
-157
-127
-131
-126
-140
-140
-121
-103
-71
-29
33
137
130
257
347
418
499
497
409
323
221
137
53
-21
-37
-107
-151
-189
-266
-318
-342
-341
-321
-283
-231
-174
-140
-95
-95
-82
-98
-108
-110
-103
-66
-26
-21
85
131
243
302
448
481
506
499
403
311
209
127
53
-17
-21
-93
-139
-184
-257
-287
-306
-302
-281
-236
-197
-149
-107
-67
-61
-84
-93
-101
-93
-49
-29
-27
74
133
226
314
394
472
529
510
418
339
230
139
115
-3
-26
-53
-116
-189
-245
-322
-335
-333
-300
-265
-225
-172
-133
-116
-97
-98
-104
-130
-125
-151
-74
-44
-13
89
127
205
271
403
468
486
418
355
254
148
127
-10
-40
-97
-155
-203
-269
-329
-401
-361
-341
-318
-268
-229
-178
-141
-116
-102
-121
-133
-138
-108
-80
-76
-45
63
95
221
323
418
497
504
473
383
291
179
127
18
-17
-44
-79
-161
-219
-287
-332
-339
-341
-286
-253
-186
-143
-104
-93
-69
-75
-97
-101
-79
-62
-40
-28
71
118
171
307
393
468
529
549
464
347
327
185
143
17
-17
-37
-130
-179
-240
-275
-314
-349
-289
-253
-230
-174
-171
-140
-79
-93
-104
-96
-108
-76
-63
-12
67
109
145
303
375
467
531
451
418
349
244
162
116
-19
-33
-109
-144
-194
-257
-258
-326
-350
-325
-284
-232
-191
-143
-98
-113
-109
-137
-94
-122
-101
-93
-30
-30
82
121
194
309
385
466
483
418
342
263
141
143
-14
-44
-98
-157
-203
-236
-307
-332
-395
-333
-300
-265
-198
-165
-57
-97
-76
-95
-109
-108
-125
-93
-63
-33
53
112
138
271
369
454
493
492
399
340
242
143
122
-7
-44
-77
-134
-187
-253
-314
-329
-296
-313
-243
-221
-155
-108
-80
-76
-93
-58
-98
-94
-73
-37
-44
85
142
150
234
372
479
518
523
463
377
293
181
134
24
2
-25
-157
-162
-249
-313
-341
-323
-316
-281
-204
-172
-149
-81
-59
-85
-93
-118
-133
-81
-65
-22
-25
80
107
149
323
363
481
490
454
417
323
210
137
39
-25
-29
-118
-171
-207
-285
-317
-353
-394
-331
-300
-245
-97
-145
-137
-127
-134
-134
-140
-138
-74
-63
-46
33
74
135
257
343
465
473
467
404
319
215
154
57
-13
-44
-119
-142
-204
-267
-311
-334
-343
-279
-275
-253
-200
-122
-119
-98
-93
-108
-122
-110
-95
-70
-43
-12
91
98
275
315
410
468
494
492
418
311
207
131
21
-3
-31
-93
-135
-184
-245
-300
-321
-289
-245
-236
-183
-125
-121
-22
-78
-76
-113
-102
-106
-44
15
15
75
127
245
314
411
483
529
500
418
340
225
147
126
-21
-25
-107
-149
-202
-238
-312
-337
-322
-297
-266
-215
-167
-159
-96
-80
-83
-114
-119
-119
-93
-107
-45
-35
71
116
259
323
375
401
473
461
369
271
171
131
1
-43
-108
-172
-241
-277
-319
-333
-381
-349
-310
-281
-215
-134
-135
-127
-133
-140
-134
-125
-110
-79
-49
-29
47
98
146
295
379
474
521
503
464
278
206
129
40
-23
-39
-114
-153
-201
-261
-321
-337
-302
-298
-258
-213
-147
-122
-93
-73
-110
-106
-81
-95
-51
-38
-28
75
74
127
267
357
462
514
535
478
399
301
207
147
30
-29
-45
-115
-204
-221
-281
-319
-302
-281
-265
-221
-192
-134
-79
-67
-77
-82
-93
-101
-81
-71
-37
31
107
127
265
321
414
497
519
498
404
291
257
133
-23
-19
-33
-133
-172
-236
-302
-291
-347
-353
-310
-274
-220
-167
-152
-86
-103
-101
-138
-147
-86
-96
-51
15
6
81
148
195
341
390
463
483
403
341
254
151
135
-1
-43
-129
-215
-204
-256
-314
-330
-337
-323
-297
-245
-201
-106
-113
-98
-109
-116
-122
-149
-104
-70
-33
-13
91
121
131
285
387
467
515
499
418
308
210
79
38
-12
-35
-119
-163
-161
-265
-300
-327
-317
-279
-241
-193
-140
-124
-125
-76
-37
-94
-94
-76
-78
-44
129
86
143
221
356
381
485
515
479
445
362
243
127
127
20
-29
-61
-133
-175
-239
-285
-325
-326
-270
-221
-218
-154
-108
-97
-60
-37
-128
-149
-86
-76
-76
-35
31
84
131
150
299
394
454
487
487
397
291
189
144
27
-21
148
278
107
-183
-289
-321
-333
-332
-309
-254
-234
-179
-157
-130
-109
-132
-140
-119
-53
-98
-45
-33
36
119
137
228
363
418
479
475
418
322
227
139
75
-18
-42
-104
-155
-204
-252
-300
-313
-286
-371
-314
-197
-189
-159
-109
-94
-83
-133
-104
-71
-81
-44
-41
45
121
207
187
338
418
564
505
475
407
308
195
130
23
-12
-45
-67
-125
-179
-253
-273
-319
-233
-251
-229
-129
-122
-93
-76
-76
-76
-98
-79
-54
-61
-17
-37
87
90
139
259
372
459
494
450
403
355
271
173
148
-13
-28
-45
-140
-187
-233
-284
-310
-354
-313
-278
-222
-187
-137
-104
-108
-104
-121
-106
-119
-108
-66
-43
-18
65
129
139
279
367
461
521
449
401
287
155
115
-26
-28
-140
-155
-209
-258
-281
-333
-348
-332
-301
-262
-259
-161
-138
-103
-86
-106
-116
-122
-95
-44
-33
-42
9
104
89
226
287
418
538
470
418
357
293
162
150
-2
-33
-95
-138
-189
-261
-332
-301
-300
-331
-221
-147
-175
-150
-104
-97
-80
-74
-79
-81
-65
-45
-44
-5
98
143
218
295
401
458
507
511
457
345
245
203
134
-8
-28
-103
-145
-209
-246
-277
-300
-306
-281
-236
-189
-134
-108
-85
-73
-62
-93
-93
-77
-53
-43
-30
54
97
147
200
358
418
480
418
459
387
276
167
131
27
-28
-39
-133
-204
-297
-303
-359
-329
-315
-284
-241
-168
-205
-119
-149
-63
-63
-129
-130
-94
-69
-37
-44
57
82
116
234
310
451
484
474
391
362
209
148
-2
-25
-44
-108
-154
-218
-268
-326
-337
-332
-300
-270
-222
-189
-145
-121
-106
-101
-83
-108
-97
-77
-45
-44
47
88
126
195
297
373
519
500
483
387
306
202
135
20
-28
-18
-108
-156
-214
-271
-309
-305
-293
-263
-241
-183
-134
-87
-82
-71
-76
-73
-98
-49
-75
-79
39
90
180
137
245
384
469
493
523
418
357
245
148
143
3
-27
-129
-140
-189
-243
-300
-295
-294
-293
-204
-140
-161
-130
-127
-44
-51
-63
-125
-72
-43
-53
-49
31
38
147
103
245
355
459
483
472
357
303
181
145
23
-37
-106
-161
-175
-219
-299
-345
-347
-342
-309
-295
-278
-172
-121
-114
-106
-140
-126
-110
-126
-86
-44
31
-9
90
141
278
353
394
470
467
411
338
225
151
107
-12
-41
-127
-201
-193
-261
-297
-334
-331
-300
-261
-233
-181
-126
-81
-104
-76
-97
-74
-54
-74
-7
-21
86
98
167
209
303
378
463
498
542
451
310
279
178
42
-17
-32
-103
-154
-209
-233
-286
-293
-239
-268
-249
-203
-202
-110
-65
-65
-76
-69
-96
-57
-60
-21
22
79
116
131
263
356
455
491
499
418
345
249
150
116
-12
-23
-107
-141
-207
-249
-295
-335
-319
-293
-248
-209
-205
-133
-110
-94
-96
-93
-110
-102
-113
-102
-23
-24
81
122
129
259
334
403
457
418
391
285
198
142
8
-27
-104
-147
-190
-226
-284
-333
-338
-309
-347
-251
-266
-184
-131
-116
-119
-61
-134
-125
-84
-61
-51
-43
71
91
115
293
329
418
510
485
418
346
248
143
116
-16
-35
-104
-203
-245
-286
-290
-318
-309
-281
-259
-213
-221
-143
-79
-65
-76
-79
-71
-109
-62
-38
-44
116
171
153
233
365
410
499
518
489
410
303
218
131
46
-21
-37
-109
-167
-222
-240
-305
-300
-289
-221
-155
-179
-135
-95
-101
-33
-77
-95
-93
-87
-55
-57
21
80
122
143
274
357
453
494
467
409
330
226
139
36
-27
-44
-121
-159
-213
-259
-309
-339
-330
-304
-284
-233
-179
-113
-134
-118
-115
-139
-127
-106
-82
-73
-42
25
71
139
215
305
378
468
390
396
303
225
148
20
-28
-44
-127
-170
-209
-277
-315
-349
-332
-240
-257
-203
-175
-133
-97
-93
-73
-102
-95
-86
-77
-37
-37
37
69
116
130
267
372
418
468
451
394
283
171
139
38
-5
-28
-116
-181
-213
-242
-299
-309
-286
-263
-209
-171
-124
-109
-77
-65
-70
-74
-77
-71
-34
-55
55
87
138
187
305
379
475
575
475
418
309
227
133
36
-10
-48
-108
-169
-201
-277
-301
-311
-257
-299
-238
-197
-156
-127
-54
-103
-94
-113
-96
-83
-58
-19
-15
75
107
146
266
345
445
468
473
407
285
215
148
36
-38
-26
-139
-191
-225
-284
-318
-355
-335
-305
-263
-236
-173
-151
-119
-106
-116
-130
-119
-114
-101
-54
-45
34
71
129
133
278
377
418
418
400
337
239
148
119
-12
-32
-115
-143
-193
-250
-299
-325
-326
-302
-279
-236
-193
-145
-135
-94
-98
-108
-109
-106
-81
-59
-54
66
103
137
230
329
417
489
492
418
347
263
170
116
21
-22
-34
-140
-174
-214
-253
-295
-302
-277
-233
-202
-167
-108
-76
-61
-55
-69
-63
-70
-75
-44
-37
49
98
147
209
289
397
463
496
456
371
291
177
148
26
-31
-46
-101
-157
-206
-274
-315
-319
-302
-293
-233
-174
-129
-121
-104
-102
-108
-116
-101
-79
-45
-33
6
81
116
139
294
387
463
483
418
361
262
159
136
-12
-31
-106
-122
-190
-238
-300
-315
-335
-330
-301
-243
-194
-158
-110
-93
-79
-79
-93
-95
-70
-44
-44
-12
64
127
131
265
341
418
483
463
397
298
205
134
43
1
-42
-101
-121
-181
-243
-287
-307
-309
-278
-222
-197
-162
-108
-59
-79
-77
-73
-76
-56
-25
-31
58
119
130
218
313
404
497
514
492
385
299
195
149
41
-17
-37
-85
-131
-209
-268
-293
-287
-295
-257
-205
-162
-125
-94
-67
-65
-69
-81
-82
-66
-54
-37
37
87
141
144
283
367
418
459
446
372
267
159
130
3
-18
-33
-130
-167
-222
-278
-311
-321
-321
-271
-238
-204
-145
-116
-78
-81
-113
-109
-98
-103
-75
-31
-18
83
129
143
270
351
418
446
409
333
245
158
127
-1
-29
-114
-127
-170
-240
-294
-316
-328
-307
-284
-234
-186
-149
-85
-75
-75
-94
-109
-104
-71
-46
-43
31
87
115
163
287
374
451
470
418
372
261
180
134
15
-17
-54
-101
-143
-122
-243
-284
-295
-281
-253
-202
-161
-124
-85
-49
-50
-76
-47
-34
-34
-39
52
89
122
137
242
329
418
485
487
418
353
255
151
113
5
-21
-28
-107
-162
-209
-250
-302
-300
-289
-237
-204
-143
-42
-83
-62
-76
-58
-65
-44
-41
-3
17
84
115
131
245
331
408
418
454
382
297
180
116
18
-23
-52
-116
-149
-184
-253
-300
-329
-331
-302
-257
-221
-157
-135
-113
-103
-116
-115
-115
-95
-70
-29
-14
79
97
122
255
367
405
449
407
303
257
165
166
3
-25
-17
49
7
-40
-122
-233
-263
-293
-279
-224
-183
-138
-100
-65
-74
-74
-95
-86
-43
-25
-39
59
95
131
194
314
392
418
466
404
327
243
148
149
15
-15
-59
-108
-149
-193
-241
-268
-282
-273
-233
-198
-145
-97
-62
-50
-63
-58
-61
-46
-44
-33
51
104
135
151
256
354
418
467
449
391
298
215
147
27
-17
-42
-73
-118
-165
-250
-268
-314
-301
-275
-237
-187
-135
-104
-67
-57
-81
-96
-79
-47
-110
-34
61
81
121
143
277
358
418
418
394
323
221
143
122
-12
-28
-101
-125
-172
-229
-282
-317
-332
-325
-283
-220
-181
-142
-82
-85
-103
-73
-98
-76
-31
-17
15
65
104
148
233
314
383
417
404
361
267
190
143
23
-17
-29
-108
-121
-183
-237
-285
-305
-294
-255
-219
-176
-138
-82
-78
-69
-61
-58
-70
-41
-37
23
71
115
147
227
314
393
418
418
394
326
230
180
139
39
-15
-47
-30
-116
-198
-236
-285
-297
-268
-233
-172
-153
-107
-60
-55
-62
-50
-44
-37
-21
29
53
104
131
177
267
351
402
411
358
340
249
166
127
27
-23
-28
-85
-139
-194
-246
-300
-319
-293
-281
-230
-177
-134
-118
-76
-76
-93
-77
-103
-46
-33
39
78
110
129
197
275
342
345
381
330
245
180
128
31
-11
-25
-114
-157
-190
-253
-299
-333
-313
-307
-282
-215
-177
-145
-98
-76
-65
-61
-44
-38
-17
22
65
121
131
212
283
350
405
385
343
283
193
127
95
21
-16
-54
-94
-161
-218
-277
-300
-300
-270
-238
-201
-155
-120
-108
-65
-41
-60
-44
-29
-8
36
81
116
143
245
321
386
418
418
377
317
242
174
143
56
-13
-33
-62
-153
-207
-254
-265
-304
-285
-242
-220
-171
-121
-98
-75
-49
-75
-53
-46
-26
49
67
98
135
207
277
315
394
399
366
319
225
175
137
20
-26
-42
-133
-151
-229
-283
-301
-327
-333
-268
-258
-204
-170
-143
-118
-108
-98
-76
-61
-42
-29
14
58
112
151
237
259
291
304
302
242
203
122
147
52
31
-27
-58
-101
-145
-206
-236
-271
-246
-233
-206
-190
-165
-140
-114
-115
-85
-76
-59
-29
-43
39
84
110
127
139
212
270
308
308
308
254
189
126
50
-14
-35
-72
-79
-102
-129
-200
-218
-207
-189
-150
-106
-53
-44
-17
23
11
14
-1
33
59
91
115
146
213
225
277
276
291
289
282
215
209
174
153
131
39
-15
-31
-25
-129
-181
-206
-190
-172
-162
-159
-147
-137
-110
-93
-66
-44
-46
-43
-5
52
98
128
139
219
244
278
250
231
229
191
179
122
100
33
-6
-29
-101
-155
-175
-207
-224
-208
-225
-209
-204
-143
-122
-124
-125
-97
-159
-64
-29
-29
63
102
131
125
204
207
195
212
195
187
159
148
131
52
-1
-11
-13
-116
-155
-181
-195
-189
-203
-202
-176
-170
-145
-141
-120
-97
-81
-43
-27
-34
35
83
107
132
149
212
230
221
222
227
194
181
148
142
65
2
-21
-41
-109
-141
-160
-166
-187
-172
-161
-145
-130
-109
-86
-61
-38
-35
38
71
116
122
119
183
207
216
229
230
231
200
161
139
131
53
26
-2
-24
-43
-93
-137
-157
-178
-178
-172
-165
-129
-121
-101
-65
-44
-73
-29
25
75
104
110
135
131
183
167
163
186
151
129
126
71
51
23
-5
-35
-44
-104
-141
-151
-167
-190
-203
-188
-172
-172
-148
-118
-95
-76
-31
-41
63
55
98
122
116
122
112
145
149
131
131
127
69
35
18
-5
-25
-31
-77
-113
-140
-158
-162
-152
-156
-139
-131
-108
-108
-71
-44
-33
-17
35
83
88
104
116
139
131
125
121
159
139
141
127
77
61
30
24
-6
-12
-31
-29
-76
-107
-116
-108
-108
-110
-103
-80
-83
-35
-28
33
71
98
150
121
107
122
133
146
147
145
146
131
89
65
51
35
20
18
-15
-17
-44
-25
-81
-102
-125
-122
-107
-98
-94
-54
-39
-37
-45
23
9
63
34
96
107
104
104
112
122
98
87
82
67
38
37
11
9
15
-38
-43
-97
-102
-97
-122
-106
-119
-93
-87
-107
-77
-76
-50
-32
-29
23
20
41
37
50
63
71
79
63
51
59
34
33
37
3
-1
100
3
-11
-21
-27
-37
-30
-59
-58
-69
-55
-73
-67
-51
-17
-25
-22
18
31
57
56
86
80
75
98
67
59
61
69
62
37
36
21
11
24
27
14
3
-3
-12
-37
-44
-44
-28
-10
-2
-23
-5
-12
-9
9
41
47
67
94
87
91
67
84
79
58
67
73
75
67
55
33
38
-3
-6
-1
-22
5
-22
-29
-44
-38
-22
-25
-17
-23
13
17
19
20
23
46
46
35
39
52
23
46
52
63
59
27
33
31
23
17
6
33
-7
-69
-28
-14
-28
-28
-35
-23
-23
-12
11
-12
25
35
14
20
27
7
36
31
52
45
35
33
50
78
34
31
38
43
22
25
-2
-17
-17
-11
-44
-28
-29
-34
-26
-1
-9
20
18
33
39
1
32
11
34
37
35
31
29
45
27
20
29
18
20
21
27
63
1
9
26
5
23
-5
20
23
35
23
39
33
42
67
41
108
45
51
34
31
35
33
47
52
42
41
39
36
37
43
46
31
20
19
29
13
20
-1
-5
-5
19
20
25
-2
20
21
-17
-1
9
-6
6
19
20
17
20
23
-5
20
14
15
15
2
15
47
14
-27
0
11
7
-9
-6
8
-7
4
