-173
-44
115
307
481
579
650
660
667
691
641
454
147
-69
-492
-668
-780
-843
-726
-451
-173
-35
126
147
183
141
15
-141
-269
-309
-268
-198
-131
-66
-39
53
97
98
86
81
65
69
45
43
90
127
374
564
755
881
819
549
143
-344
-703
-922
-1050
-988
-711
-330
-39
132
367
371
308
149
-17
-255
-365
-396
-333
-227
-102
-42
123
131
213
196
165
137
129
86
107
130
290
447
607
794
889
755
410
130
-444
-754
-953
-1054
-941
-620
-241
-37
243
329
339
254
144
-33
-293
-392
-393
-313
-207
-77
-26
127
235
257
227
174
147
97
85
116
133
329
511
715
895
884
618
213
-205
-662
-924
-1091
-1104
-855
-492
-117
131
283
333
294
173
-6
-238
-389
-428
-402
-303
-179
-45
91
142
239
234
183
135
139
80
103
131
279
463
648
867
931
755
395
26
-535
-856
-1081
-1165
-1004
-663
-275
-26
195
347
355
261
143
-40
-311
-412
-414
-341
-236
-103
-29
131
256
291
271
212
148
148
131
119
193
379
579
797
979
931
634
199
-245
-683
-971
-1132
-1124
-851
-461
-104
117
319
372
339
207
116
-207
-348
-393
-366
-282
-156
-37
117
222
267
262
225
159
139
120
116
135
308
482
673
887
981
817
447
143
-473
-827
-1057
-1187
-1068
-730
-347
-44
145
309
350
276
133
-42
-299
-399
-412
-344
-250
-123
-37
125
222
246
231
170
143
133
111
131
221
383
585
787
959
884
595
163
-311
-721
-1008
-1193
-1180
-895
-510
-140
91
270
341
313
175
-12
-239
-372
-416
-391
-300
-174
-37
103
135
262
247
211
155
135
132
127
143
323
502
707
915
995
793
410
122
-514
-860
-1094
-1206
-1039
-695
-290
-43
135
347
372
283
143
-28
-285
-381
-385
-300
-192
-53
64
139
261
267
231
191
143
139
139
143
274
419
617
831
1030
995
679
234
-45
-657
-970
-1180
-1183
-923
-518
-145
106
287
371
353
226
130
-200
-337
-391
-370
-270
-172
-40
98
132
241
229
182
165
150
149
163
219
340
515
713
923
1013
803
419
119
-524
-877
-1139
-1257
-1093
-725
-320
-45
135
325
358
257
131
-38
-318
-412
-402
-335
-221
-94
-43
129
215
227
195
167
137
143
139
142
266
419
626
859
1047
950
625
160
-329
-750
-1050
-1242
-1210
-895
-492
-123
118
308
372
346
195
5
-241
-372
-404
-356
-252
-140
-37
116
158
233
206
200
163
162
165
186
262
389
598
803
1027
1043
756
315
-28
-620
-942
-1176
-1232
-980
-605
-204
-18
286
383
378
270
142
-42
-337
-396
-378
-310
-204
-61
97
221
315
333
278
218
180
151
127
174
296
483
699
918
1002
803
411
126
-515
-877
-1132
-1228
-1068
-716
-322
-31
139
331
366
271
138
-44
-300
-399
-418
-361
-236
-117
-29
147
287
319
283
222
170
143
135
127
259
415
630
851
947
795
419
127
-478
-842
-1106
-1232
-1105
-778
-382
-49
138
308
347
283
143
-33
-277
-395
-421
-374
-263
-129
-52
143
282
319
302
247
197
162
163
180
279
451
658
865
959
789
419
138
-476
-827
-1098
-1200
-1058
-719
-332
-40
129
330
365
307
148
-28
-268
-366
-388
-332
-221
-94
-29
137
311
351
311
272
218
182
180
215
313
494
695
905
963
763
381
17
-507
-865
-1108
-1190
-1015
-668
-282
-37
145
346
362
276
138
-38
-285
-386
-389
-326
-219
-77
-26
148
301
323
286
227
185
151
149
196
308
482
675
891
921
695
307
-37
-565
-905
-1132
-1201
-1004
-652
-273
-37
135
320
335
244
131
-31
-326
-410
-402
-332
-225
-94
-26
134
281
309
276
221
169
135
135
194
297
485
707
898
922
683
291
-40
-605
-914
-1147
-1207
-984
-625
-237
-37
145
339
346
258
139
-44
-317
-395
-374
-300
-191
-42
107
244
313
322
280
231
191
165
162
198
319
499
715
910
931
714
337
-26
-545
-876
-1100
-1176
-981
-627
-246
-37
134
340
370
265
143
-30
-291
-363
-358
-300
-188
-51
100
229
317
331
290
241
183
159
155
199
306
494
699
905
931
719
345
-22
-538
-887
-1119
-1207
-1009
-652
-289
-34
139
303
341
251
127
-39
-313
-384
-379
-313
-221
-79
-16
130
279
315
281
231
204
171
159
195
301
468
669
853
884
675
291
-42
-588
-920
-1147
-1218
-1010
-643
-278
-39
137
307
339
245
137
-44
-311
-385
-377
-306
-208
-70
94
138
286
323
287
244
207
162
180
212
307
467
645
851
895
713
335
-30
-517
-844
-1084
-1175
-995
-646
-283
-39
135
308
343
265
131
-29
-269
-338
-332
-266
-173
-47
105
182
308
327
293
248
213
181
177
203
286
461
643
855
955
778
419
131
-438
-793
-1046
-1189
-1058
-716
-357
-46
122
291
355
291
137
-33
-251
-335
-349
-303
-217
-98
-30
139
279
307
289
243
212
182
171
180
259
390
575
776
895
792
489
135
-378
-737
-1014
-1192
-1107
-812
-435
-127
38
211
315
282
144
-25
-245
-337
-339
-307
-239
-140
-33
126
235
276
273
258
206
163
143
135
155
311
475
687
870
881
641
263
-43
-605
-908
-1132
-1180
-955
-605
-236
-40
135
315
323
224
145
-30
-286
-338
-309
-254
-154
-40
120
139
272
277
245
215
211
180
183
217
291
419
615
811
903
751
419
139
-422
-759
-1011
-1165
-1033
-713
-335
-48
128
291
347
291
144
-25
-234
-309
-317
-265
-187
-69
-22
134
264
289
263
235
212
183
159
175
221
339
500
687
869
856
631
259
-34
-605
-901
-1132
-1168
-929
-576
-223
-39
138
307
315
219
131
-101
-300
-348
-320
-268
-163
-51
73
139
235
244
219
194
187
162
145
174
255
384
532
734
865
771
490
138
-397
-745
-1032
-1202
-1135
-828
-441
-105
107
257
331
291
153
-18
-233
-332
-348
-305
-221
-115
-29
133
227
261
237
212
198
180
155
146
180
279
419
601
803
899
777
462
134
-428
-785
-1052
-1196
-1071
-748
-352
-35
131
313
372
307
151
-19
-236
-320
-341
-273
-181
-71
-23
143
271
305
276
253
231
219
183
187
227
313
469
634
837
884
703
353
-17
-524
-854
-1100
-1195
-1003
-648
-275
-34
129
323
351
263
135
-37
-279
-348
-342
-269
-171
-58
67
138
259
261
241
211
212
187
180
187
243
340
481
663
823
827
596
199
-217
-654
-958
-1174
-1192
-924
-556
-206
-40
134
311
307
191
99
-201
-327
-365
-335
-266
-163
-33
120
133
258
248
219
211
199
179
175
193
261
369
513
699
843
788
525
137
-346
-716
-994
-1185
-1136
-844
-459
-120
85
261
336
307
181
-6
-204
-313
-334
-303
-227
-113
-44
133
244
267
273
255
244
227
207
199
223
308
419
571
755
884
773
465
139
-411
-759
-1022
-1170
-1061
-741
-354
-53
125
279
345
289
147
-29
-236
-322
-313
-273
-201
-81
-33
127
225
263
259
251
265
247
219
207
243
308
419
577
755
830
690
347
-16
-508
-835
-1068
-1178
-1023
-681
-305
-42
153
273
319
246
145
-33
-268
-338
-348
-290
-200
-94
-34
131
205
231
227
217
235
231
213
212
227
299
405
561
738
791
618
273
-33
-567
-877
-1102
-1166
-977
-620
-263
-28
141
283
308
239
131
-31
-268
-325
-313
-269
-186
-73
-30
133
223
239
244
253
258
246
223
239
279
351
478
646
819
811
590
195
-231
-641
-930
-1134
-1134
-876
-503
-150
7
245
327
319
212
134
-47
-284
-310
-284
-223
-149
-37
96
144
239
251
263
270
277
263
244
251
281
369
497
663
835
795
553
151
-305
-684
-958
-1157
-1130
-842
-469
-131
98
248
331
308
185
67
-188
-293
-317
-284
-229
-145
-42
69
145
206
217
229
247
267
248
241
244
291
375
499
675
815
738
458
139
-414
-768
-1052
-1215
-1120
-812
-428
-101
120
248
313
279
155
-12
-225
-316
-334
-303
-238
-149
-44
69
135
197
225
241
263
282
274
270
280
315
415
549
737
807
673
342
-13
-501
-838
-1093
-1192
-1023
-683
-302
-42
135
299
325
255
137
-29
-235
-298
-290
-250
-178
-79
-31
129
131
219
227
255
267
280
273
267
276
337
419
591
765
851
709
377
30
-493
-844
-1087
-1196
-1008
-657
-289
-29
135
319
357
274
139
-28
-234
-293
-306
-261
-188
-81
-37
118
146
214
218
239
245
247
241
234
245
311
415
561
757
849
711
379
71
-503
-847
-1105
-1228
-1046
-705
-330
-29
147
299
331
258
135
-31
-243
-318
-319
-270
-198
-115
-29
97
139
148
181
193
212
223
214
212
241
291
377
502
707
847
763
483
147
-400
-771
-1052
-1228
-1130
-803
-421
-80
117
279
345
293
174
-10
-195
-287
-316
-281
-230
-133
-38
79
127
210
229
222
243
244
227
217
214
257
355
483
663
838
859
634
241
-34
-613
-938
-1158
-1164
-896
-512
-150
99
283
363
343
243
139
-42
-245
-284
-265
-205
-125
-44
61
123
202
213
218
232
241
241
227
230
266
308
419
570
775
881
730
378
78
-492
-828
-1082
-1196
-1017
-672
-277
-35
134
318
350
273
142
-21
-239
-297
-296
-268
-187
-105
-43
111
127
149
180
206
207
218
207
198
227
279
356
505
695
843
786
507
136
-379
-755
-1040
-1227
-1148
-828
-441
-107
118
270
334
291
163
-12
-197
-298
-302
-284
-220
-147
-49
3
123
137
177
203
210
227
207
195
196
237
307
419
611
811
875
699
323
-29
-551
-889
-1142
-1225
-1002
-637
-239
-29
145
341
363
271
136
-35
-236
-297
-286
-239
-175
-71
-40
117
138
215
226
244
244
243
228
212
231
287
372
515
718
873
827
527
135
-355
-738
-1010
-1199
-1138
-812
-418
-85
123
289
358
308
185
9
-186
-286
-297
-283
-226
-143
-53
19
128
141
195
195
209
215
213
195
209
237
315
419
639
821
863
665
277
-38
-620
-946
-1177
-1225
-994
-626
-241
-35
141
312
326
226
143
-38
-282
-315
-302
-268
-194
-115
-39
71
126
139
171
198
217
211
195
180
187
247
355
521
725
867
811
511
131
-398
-784
-1062
-1250
-1164
-809
-418
-83
123
294
362
311
173
-18
-200
-295
-311
-273
-222
-140
-37
87
126
196
200
205
203
205
176
169
183
232
323
459
633
847
931
762
379
-3
-535
-892
-1132
-1227
-1030
-659
-268
-29
175
355
379
289
135
-19
-236
-300
-301
-268
-185
-93
-26
115
139
191
197
189
197
181
154
148
158
222
320
469
691
895
914
662
245
-43
-651
-981
-1203
-1228
-961
-557
-181
-11
275
363
359
223
127
-125
-293
-332
-325
-263
-182
-93
-44
114
133
144
155
145
151
133
135
116
119
223
339
505
715
916
875
597
155
-329
-730
-1031
-1244
-1212
-895
-492
-114
123
283
379
339
203
75
-189
-305
-333
-303
-253
-165
-70
-12
138
137
187
171
165
155
133
135
117
139
277
414
599
835
988
877
531
135
-426
-807
-1082
-1248
-1123
-775
-347
-30
139
351
404
335
180
-12
-220
-294
-299
-257
-195
-118
-34
84
129
136
193
207
207
191
178
147
139
191
306
455
670
899
991
785
387
-25
-563
-930
-1180
-1248
-1036
-652
-229
-33
278
374
391
273
133
-44
-275
-327
-323
-277
-206
-107
-35
115
135
163
159
161
151
135
129
125
133
246
365
547
783
963
903
599
143
-364
-775
-1079
-1288
-1225
-889
-457
-93
125
320
383
346
195
5
-220
-331
-346
-316
-263
-169
-75
-37
117
138
165
180
187
171
151
131
133
147
279
451
663
911
1003
819
419
-3
-557
-934
-1180
-1282
-1067
-673
-258
-28
276
387
405
306
145
-32
-262
-337
-330
-268
-182
-79
-23
129
136
207
197
184
170
163
143
142
180
269
404
583
833
1035
974
661
185
-317
-747
-1066
-1261
-1222
-904
-458
-76
133
351
418
379
223
117
-204
-312
-333
-299
-247
-172
-70
-26
122
138
180
195
211
195
159
132
150
219
340
509
707
961
1007
755
319
-38
-667
-1009
-1240
-1295
-1047
-629
-210
-25
291
379
371
247
137
-86
-322
-367
-361
-307
-220
-107
-23
123
130
194
187
181
169
139
133
129
134
289
419
619
867
1009
887
515
133
-485
-888
-1182
-1333
-1194
-820
-377
-35
141
367
419
339
163
-26
-247
-335
-347
-317
-243
-141
-40
84
138
202
207
206
210
202
170
163
195
294
419
613
841
1065
999
667
180
-342
-766
-1088
-1292
-1253
-913
-471
-81
131
361
419
386
219
127
-195
-311
-334
-317
-252
-177
-61
-12
137
212
215
229
229
219
179
163
175
247
372
547
770
1015
1044
773
320
-44
-694
-1052
-1283
-1324
-1045
-612
-193
52
308
409
395
259
135
-70
-320
-364
-357
-301
-217
-111
-37
120
134
191
199
199
195
156
142
142
197
307
468
663
916
1073
891
490
131
-543
-961
-1233
-1372
-1218
-807
-349
-37
148
378
419
310
147
-35
-289
-366
-354
-303
-233
-142
-39
83
119
146
182
203
223
207
174
163
191
293
419
619
875
1089
1039
691
181
-358
-818
-1158
-1338
-1292
-949
-492
-78
135
379
465
391
231
130
-205
-326
-347
-313
-250
-159
-49
51
139
206
227
235
230
227
193
162
167
231
356
534
763
1023
1131
891
450
31
-605
-1003
-1258
-1356
-1148
-724
-275
-31
308
419
419
311
137
-44
-291
-359
-347
-305
-235
-140
-26
111
142
201
221
221
218
195
146
136
180
267
419
627
877
1095
1001
637
139
-412
-858
-1189
-1371
-1306
-948
-486
-83
133
351
419
361
193
-13
-241
-362
-370
-333
-268
-193
-94
-29
125
143
187
194
223
212
163
151
165
235
371
549
789
1055
1105
811
323
-42
-717
-1081
-1324
-1362
-1068
-645
-197
113
351
419
419
279
131
-42
-322
-361
-358
-300
-210
-96
-31
133
214
258
259
251
239
207
167
177
226
339
507
719
997
1127
931
511
133
-540
-945
-1241
-1368
-1178
-774
-303
-29
292
407
451
347
155
-31
-267
-348
-339
-300
-230
-146
-39
94
132
215
227
235
235
229
178
165
193
276
419
627
884
1107
1025
667
161
-392
-846
-1180
-1378
-1304
-945
-488
-74
139
367
419
352
197
-15
-250
-364
-385
-362
-299
-211
-93
-35
133
135
218
237
244
235
199
163
181
259
387
564
802
1012
1011
707
222
-325
-796
-1139
-1355
-1336
-1020
-566
-147
123
352
419
375
241
125
-198
-347
-379
-364
-297
-202
-79
-38
127
195
229
263
263
245
215
193
197
259
371
559
793
1044
1063
756
295
-44
-703
-1070
-1308
-1324
-1014
-584
-153
120
347
451
419
273
137
-44
-304
-349
-335
-283
-204
-107
-33
117
147
244
283
297
281
255
211
212
267
375
547
778
1018
1051
747
283
-44
-716
-1084
-1324
-1324
-1015
-605
-156
117
346
419
391
262
139
-174
-332
-377
-361
-323
-231
-107
-39
127
130
238
250
264
237
217
181
180
234
351
523
755
999
1001
721
266
-125
-742
-1118
-1352
-1362
-1044
-617
-182
94
327
419
385
256
134
-181
-333
-384
-379
-315
-236
-111
-34
125
133
226
246
263
244
230
191
209
263
378
547
763
1017
999
705
235
-282
-752
-1111
-1354
-1326
-981
-544
-123
135
375
463
418
251
142
-188
-322
-364
-364
-298
-201
-73
-25
133
222
274
293
309
293
259
244
245
298
415
591
818
1041
963
629
148
-386
-828
-1158
-1348
-1252
-892
-446
-51
131
379
451
382
213
33
-213
-334
-377
-348
-285
-181
-65
1
129
231
255
283
278
263
222
211
212
283
398
591
843
1035
916
543
143
-464
-883
-1201
-1375
-1228
-846
-410
-44
131
365
419
335
163
-25
-262
-377
-412
-387
-305
-197
-53
58
147
241
259
276
276
243
219
211
231
294
419
627
849
963
782
395
-13
-565
-954
-1235
-1330
-1106
-718
-293
-33
217
374
397
303
145
-29
-269
-346
-364
-326
-261
-161
-33
101
135
274
291
307
307
288
251
256
276
372
510
723
947
947
675
241
-136
-685
-1030
-1268
-1255
-927
-538
-140
127
326
413
387
257
134
-31
-272
-332
-337
-297
-225
-102
-37
129
228
277
320
327
313
270
243
245
277
395
553
774
948
851
532
129
-414
-809
-1126
-1292
-1179
-829
-415
-53
138
325
387
325
174
-15
-225
-339
-372
-343
-279
-172
-69
-12
128
235
257
275
276
274
243
229
228
293
415
599
807
870
691
309
-39
-607
-960
-1224
-1289
-1052
-668
-253
-28
142
345
363
247
133
-37
-268
-342
-354
-315
-255
-153
-40
98
143
255
292
310
313
306
290
277
311
393
547
747
883
769
455
127
-453
-814
-1088
-1246
-1103
-747
-345
-43
138
313
366
308
162
-16
-189
-275
-287
-283
-241
-176
-57
-19
125
186
262
326
351
342
307
283
295
363
485
667
856
867
629
228
-137
-667
-981
-1210
-1195
-903
-509
-149
104
287
367
355
227
129
-33
-268
-316
-311
-290
-203
-107
-42
115
142
231
259
286
289
276
251
251
282
371
522
727
863
759
462
135
-438
-810
-1094
-1255
-1111
-773
-382
-55
129
295
351
289
148
-21
-210
-295
-327
-311
-284
-206
-103
-31
109
134
211
283
295
287
253
243
267
329
466
651
835
837
599
203
-238
-679
-994
-1210
-1191
-897
-499
-147
99
276
353
335
212
138
-34
-268
-313
-300
-271
-204
-93
-29
115
139
225
258
291
295
259
244
245
293
403
551
771
903
790
465
137
-409
-786
-1072
-1216
-1063
-688
-319
-33
100
347
388
319
162
-14
-193
-285
-303
-281
-233
-146
-40
51
127
187
233
259
282
282
257
238
239
286
419
622
825
884
675
281
-33
-605
-932
-1168
-1208
-944
-553
-192
-29
270
355
347
233
139
-31
-273
-329
-337
-298
-236
-122
-39
99
145
200
223
234
239
219
196
203
231
315
483
683
859
813
539
146
-347
-726
-1050
-1238
-1163
-828
-437
-93
143
307
372
323
180
6
-185
-291
-320
-290
-255
-181
-71
-38
99
130
127
202
227
245
215
207
223
261
347
522
751
931
870
579
138
-363
-744
-1056
-1244
-1135
-791
-377
-30
131
359
417
343
203
17
-187
-282
-297
-271
-231
-156
-70
-42
123
142
215
241
279
271
230
201
195
229
335
499
724
929
901
619
191
-293
-710
-1036
-1236
-1160
-834
-424
-65
130
345
404
347
212
61
-191
-294
-322
-309
-265
-170
-72
-33
119
126
197
191
210
207
173
148
161
206
302
447
643
879
917
707
287
-43
-636
-984
-1216
-1258
-978
-578
-186
46
294
387
365
241
133
-45
-317
-357
-347
-281
-207
-98
-40
111
133
178
165
177
183
175
151
143
163
245
372
567
802
951
835
473
138
-453
-846
-1135
-1260
-1087
-734
-299
-31
215
387
409
317
151
-19
-236
-330
-339
-297
-229
-123
-31
106
137
213
211
199
214
205
177
167
179
250
352
518
743
931
923
643
199
-270
-709
-1002
-1212
-1164
-844
-429
-64
127
350
406
359
223
129
-171
-307
-335
-320
-247
-167
-61
-12
134
213
219
225
212
205
168
155
148
186
277
419
629
853
927
729
347
-34
-582
-930
-1180
-1228
-988
-605
-203
-29
286
369
385
246
139
-39
-281
-355
-358
-307
-236
-127
-31
116
145
195
193
189
189
175
138
138
167
247
388
558
779
907
785
419
138
-483
-860
-1130
-1244
-1076
-711
-313
-33
138
363
390
291
140
-28
-231
-329
-333
-313
-253
-155
-45
67
132
215
235
248
248
230
194
176
186
248
372
542
782
922
839
513
129
-395
-787
-1068
-1212
-1077
-735
-331
-43
148
367
395
325
170
-17
-207
-306
-332
-300
-238
-134
-40
113
141
223
241
246
246
251
218
196
212
267
379
529
757
914
821
515
139
-399
-780
-1072
-1228
-1102
-773
-374
-37
148
340
379
307
169
-12
-211
-316
-350
-327
-268
-172
-59
-6
143
212
231
239
244
229
201
171
179
233
338
506
712
884
807
531
143
-407
-797
-1089
-1247
-1163
-818
-412
-57
134
323
371
302
163
-10
-222
-334
-350
-332
-269
-189
-70
-26
123
135
211
248
272
265
223
211
218
279
383
546
762
911
788
485
142
-460
-828
-1100
-1232
-1091
-745
-332
-28
146
345
385
294
159
-12
-218
-313
-331
-317
-263
-156
-39
83
137
244
287
302
309
286
247
233
244
313
447
617
853
919
735
358
-29
-562
-903
-1150
-1223
-988
-619
-217
-22
275
363
359
267
148
-31
-274
-335
-332
-268
-194
-105
-35
116
143
217
227
246
259
247
207
195
212
291
419
617
851
907
711
335
-31
-613
-955
-1200
-1260
-1015
-622
-215
-26
283
359
370
248
137
-40
-283
-349
-349
-306
-245
-150
-42
63
127
142
227
244
255
239
219
201
231
335
485
690
899
887
629
191
-295
-721
-1036
-1241
-1212
-882
-490
-107
127
327
372
336
197
125
-188
-313
-354
-336
-268
-182
-65
-34
127
138
229
240
261
261
239
212
205
261
387
555
788
963
863
553
139
-379
-801
-1084
-1259
-1118
-769
-357
-29
133
377
419
340
183
-1
-209
-309
-311
-293
-248
-178
-71
-44
123
148
219
267
297
276
218
187
207
283
419
611
835
961
777
417
119
-519
-899
-1166
-1240
-1017
-647
-245
-34
283
379
387
275
134
-29
-293
-379
-369
-310
-226
-115
-34
131
147
212
194
189
180
163
131
131
185
276
415
599
835
914
734
358
-21
-555
-923
-1180
-1258
-1018
-630
-230
-38
291
372
375
263
138
-38
-309
-372
-364
-299
-205
-94
-30
119
130
195
191
189
194
189
165
177
203
302
451
670
884
916
714
319
-40
-576
-926
-1168
-1209
-950
-554
-162
115
327
407
383
262
142
-37
-287
-337
-325
-254
-181
-73
-37
123
227
247
243
244
229
218
185
183
229
323
489
705
919
915
665
244
-44
-634
-967
-1180
-1161
-853
-459
-101
132
338
404
367
227
131
-149
-290
-316
-300
-262
-197
-97
-40
115
139
181
213
239
235
197
170
195
254
363
539
754
930
841
535
138
-385
-770
-1067
-1212
-1100
-750
-364
-40
149
354
381
305
153
-28
-255
-354
-375
-358
-267
-159
-42
31
133
194
219
206
207
191
179
161
162
245
361
564
793
899
756
419
123
-483
-844
-1100
-1212
-1014
-650
-241
-35
254
372
383
277
133
-39
-279
-346
-348
-307
-217
-112
-28
109
141
201
211
210
211
207
187
189
238
327
483
687
895
899
672
257
-31
-609
-934
-1162
-1136
-860
-463
-107
127
331
405
372
239
123
-120
-300
-341
-332
-264
-173
-57
-26
125
138
212
211
206
203
203
183
202
250
358
537
751
899
806
507
139
-379
-763
-1052
-1206
-1072
-736
-332
-35
139
354
395
308
150
-35
-241
-333
-358
-332
-268
-172
-51
-11
131
143
177
199
193
197
182
174
209
283
408
606
829
873
682
308
-31
-579
-908
-1164
-1199
-947
-556
-180
15
290
387
358
244
138
-42
-310
-358
-349
-304
-207
-106
-38
117
139
215
222
222
217
212
181
180
226
315
479
689
873
838
583
180
-257
-665
-972
-1177
-1110
-796
-402
-53
139
346
400
358
210
120
-168
-283
-311
-309
-255
-188
-76
-31
133
133
217
246
264
267
246
222
244
310
419
597
819
895
734
368
13
-497
-844
-1096
-1172
-949
-605
-209
-23
276
357
378
267
131
-34
-274
-349
-337
-300
-227
-117
-33
104
135
202
198
213
215
212
195
186
219
298
419
633
823
840
619
221
-40
-632
-955
-1167
-1178
-883
-505
-150
106
287
371
331
211
127
-191
-330
-377
-354
-300
-225
-113
-28
113
136
207
215
241
244
230
212
202
246
355
519
715
843
756
469
135
-399
-774
-1042
-1193
-1056
-716
-330
-29
139
341
378
291
152
-17
-215
-318
-341
-307
-241
-141
-44
74
125
208
215
230
251
255
241
234
245
302
419
595
807
884
738
385
86
-487
-834
-1095
-1184
-956
-605
-210
-26
276
375
385
282
133
-34
-261
-332
-330
-285
-205
-120
-35
110
139
207
213
235
259
244
227
231
239
318
446
625
821
852
651
255
-42
-615
-930
-1162
-1185
-911
-524
-142
83
291
361
347
229
132
-109
-311
-362
-348
-287
-208
-110
-30
94
122
139
185
212
234
238
226
229
246
327
473
662
833
811
555
143
-332
-716
-1008
-1196
-1135
-822
-422
-74
132
308
367
323
191
33
-201
-307
-347
-335
-301
-230
-114
-37
103
137
230
259
287
289
271
247
251
312
405
571
787
883
731
379
25
-493
-834
-1078
-1196
-974
-614
-218
-28
267
363
372
295
143
-33
-261
-337
-343
-289
-201
-75
-43
112
128
212
222
231
255
258
263
259
271
341
467
641
839
851
619
227
-40
-622
-930
-1164
-1158
-874
-489
-131
120
296
363
347
227
131
-139
-310
-361
-343
-267
-191
-79
-33
116
137
181
196
211
243
247
221
229
271
350
505
703
846
756
471
130
-414
-792
-1056
-1225
-1090
-749
-351
-42
139
311
371
293
146
-28
-246
-364
-370
-333
-268
-168
-65
-16
131
143
207
212
229
244
231
218
221
279
403
585
783
851
674
311
-28
-550
-874
-1127
-1180
-930
-569
-193
-23
275
363
367
267
133
-42
-274
-344
-341
-298
-221
-117
-31
127
131
239
247
259
255
248
223
206
235
331
483
682
859
843
606
195
-197
-645
-943
-1147
-1110
-812
-430
-69
139
323
387
355
226
131
-149
-303
-343
-327
-267
-173
-62
-15
131
143
218
219
218
217
218
205
213
267
356
517
715
847
756
467
135
-396
-771
-1037
-1185
-1048
-713
-327
-28
134
327
372
291
150
-28
-237
-353
-371
-343
-274
-169
-47
65
127
181
195
177
178
168
159
147
185
263
371
546
757
881
747
400
132
-470
-818
-1068
-1186
-1014
-652
-268
-29
227
352
375
287
139
-35
-266
-349
-364
-331
-238
-142
-39
91
140
222
227
214
222
225
191
180
203
279
419
623
825
887
691
323
-30
-547
-875
-1096
-1139
-902
-526
-150
119
326
403
387
267
133
-42
-272
-339
-343
-296
-222
-99
-37
131
187
231
237
229
218
191
169
179
209
299
419
633
835
879
651
267
-42
-605
-908
-1130
-1150
-865
-487
-105
133
319
398
357
229
143
-81
-317
-364
-363
-296
-207
-103
-31
135
141
198
181
169
165
146
137
136
181
283
419
626
837
867
655
257
-42
-630
-944
-1164
-1175
-904
-517
-135
130
303
384
346
229
134
-118
-313
-369
-378
-326
-222
-107
-40
111
138
201
196
183
177
149
147
162
207
293
419
634
852
889
675
288
-34
-585
-922
-1130
-1166
-910
-509
-120
129
337
407
382
256
135
-45
-301
-363
-345
-284
-206
-97
-35
131
228
253
251
229
212
193
163
153
205
287
419
639
847
899
715
335
-17
-556
-898
-1099
-1164
-913
-536
-140
129
335
413
387
273
134
-44
-301
-355
-353
-288
-204
-94
-37
130
138
217
214
199
180
162
148
125
177
263
395
569
787
877
723
368
-17
-534
-875
-1109
-1185
-974
-617
-204
-19
291
367
363
262
130
-43
-299
-381
-369
-322
-236
-114
-37
111
143
183
163
145
147
139
135
123
139
247
372
550
754
882
763
446
137
-460
-817
-1068
-1195
-1029
-668
-268
-39
289
376
393
303
135
-23
-246
-344
-353
-330
-257
-163
-51
62
126
213
234
226
230
207
177
166
187
267
398
591
794
889
751
409
116
-476
-819
-1053
-1148
-951
-585
-185
30
319
404
404
305
139
-38
-259
-342
-355
-299
-211
-114
-25
115
137
226
223
229
201
187
163
146
171
244
372
563
771
881
747
405
126
-465
-819
-1068
-1168
-984
-620
-229
-28
293
375
383
290
135
-40
-284
-363
-363
-322
-231
-129
-34
116
135
186
155
148
148
145
116
106
136
230
354
518
717
849
779
472
134
-423
-780
-1036
-1174
-1044
-700
-293
-30
229
371
386
297
136
-26
-245
-364
-372
-332
-252
-154
-47
78
131
210
203
183
171
169
138
137
143
235
355
529
735
867
775
483
137
-392
-737
-991
-1137
-998
-664
-268
-40
276
375
399
319
163
-21
-229
-318
-338
-297
-232
-136
-32
101
137
228
228
213
217
213
180
171
174
243
355
521
713
849
757
473
145
-371
-735
-988
-1122
-988
-665
-265
-39
267
372
385
313
151
-26
-236
-334
-349
-310
-241
-139
-33
94
135
187
194
180
170
165
145
138
159
235
343
515
699
843
750
446
131
-411
-759
-1019
-1148
-1008
-667
-279
-43
151
351
362
279
138
-31
-258
-337
-355
-337
-283
-182
-61
1
134
143
198
182
187
163
134
139
139
243
341
515
709
852
763
457
135
-414
-752
-1006
-1132
-1004
-652
-248
-34
283
374
378
295
143
-29
-251
-345
-344
-301
-227
-123
-35
102
142
199
197
202
185
183
163
166
185
247
359
515
727
859
785
487
131
-364
-713
-979
-1100
-978
-646
-247
-28
275
375
389
309
159
-26
-236
-325
-339
-300
-235
-145
-40
84
137
211
223
214
211
193
166
144
162
229
341
486
683
819
735
449
139
-385
-725
-971
-1099
-970
-652
-267
-29
158
345
366
279
131
-23
-256
-348
-355
-309
-247
-154
-45
50
127
142
163
163
159
168
139
139
139
227
331
475
675
793
689
409
137
-414
-742
-972
-1087
-958
-631
-245
-43
169
345
349
271
145
-26
-251
-338
-332
-300
-236
-127
-33
90
143
195
179
154
147
148
139
143
173
257
355
507
679
787
721
457
146
-364
-691
-919
-1042
-929
-605
-237
-22
263
360
370
303
150
-21
-208
-284
-299
-287
-236
-167
-53
-22
126
155
239
265
254
227
185
183
187
275
375
525
697
775
629
335
-17
-458
-754
-967
-1030
-844
-492
-151
99
281
359
338
231
139
-35
-268
-331
-319
-279
-217
-107
-33
111
139
199
189
163
147
146
148
127
133
235
354
501
671
757
646
362
116
-442
-764
-972
-1065
-905
-580
-215
-33
245
337
331
243
130
-33
-273
-338
-338
-295
-227
-143
-29
89
129
142
158
171
180
171
167
155
203
278
397
539
698
745
583
255
-34
-522
-802
-991
-1018
-801
-454
-107
123
294
352
331
235
131
-28
-270
-323
-297
-254
-186
-94
-42
120
151
213
203
189
194
187
159
163
210
306
419
591
747
766
578
228
-34
-533
-806
-994
-1004
-755
-405
-65
127
322
374
331
219
132
-33
-269
-318
-309
-268
-187
-77
-38
117
137
181
191
197
212
180
183
187
244
311
447
603
729
683
419
145
-339
-654
-894
-1046
-940
-648
-283
-40
138
298
340
263
138
-26
-225
-316
-342
-316
-263
-176
-76
-29
116
139
175
177
171
165
155
137
148
211
303
419
603
724
661
406
133
-361
-683
-923
-1044
-930
-620
-257
-37
135
320
335
265
146
-14
-226
-300
-317
-297
-237
-166
-50
47
128
206
214
185
181
177
162
144
163
235
347
486
667
755
675
387
134
-370
-690
-906
-1012
-881
-561
-193
-22
270
340
362
279
148
-26
-217
-293
-300
-271
-222
-128
-43
81
143
145
198
199
225
230
212
215
241
294
399
543
692
719
549
210
-39
-533
-798
-1002
-988
-745
-398
-74
123
277
339
303
203
130
-57
-256
-284
-284
-274
-234
-156
-40
74
122
141
199
227
221
185
148
148
185
269
382
539
693
702
503
163
-236
-605
-859
-1020
-1003
-743
-379
-51
139
295
331
292
180
7
-177
-302
-331
-327
-278
-199
-107
-34
99
146
136
195
209
232
227
219
211
255
323
450
607
707
619
353
137
-391
-684
-905
-1013
-873
-550
-210
-39
155
315
323
261
138
-21
-215
-278
-291
-273
-223
-133
-34
84
131
211
211
212
229
223
201
196
213
271
368
499
671
741
627
335
20
-429
-721
-924
-1004
-830
-492
-152
46
277
340
340
248
139
-37
-233
-305
-301
-270
-211
-129
-31
86
131
171
185
185
202
199
185
177
215
283
375
514
679
719
563
244
-34
-524
-790
-988
-1015
-807
-458
-114
111
273
311
299
195
137
-37
-283
-334
-334
-299
-235
-125
-43
89
137
147
179
171
180
193
173
169
209
276
387
533
675
694
507
183
-53
-566
-830
-1003
-994
-748
-396
-63
133
295
335
304
199
145
-28
-266
-279
-287
-267
-236
-146
-44
67
129
135
228
271
287
244
222
221
267
340
458
626
747
667
406
139
-361
-668
-891
-1017
-882
-571
-209
-40
219
334
343
276
145
-12
-209
-281
-293
-273
-214
-144
-47
13
118
142
189
194
212
213
195
186
197
241
320
457
619
731
691
449
131
-336
-653
-899
-1032
-928
-623
-263
-38
142
319
340
274
137
-13
-217
-316
-334
-309
-253
-172
-73
-30
123
139
167
163
177
185
163
153
173
225
310
419
606
703
648
402
135
-368
-684
-915
-1039
-947
-626
-268
-38
133
315
335
265
134
-17
-229
-309
-329
-290
-240
-170
-78
-26
117
139
181
175
180
183
171
147
155
215
311
450
619
742
711
479
135
-303
-638
-890
-1026
-940
-654
-282
-33
146
340
357
308
179
7
-188
-282
-313
-282
-233
-153
-58
-25
118
131
189
197
214
235
217
202
206
260
341
477
643
752
663
403
127
-365
-682
-904
-1020
-887
-567
-211
-37
243
339
346
270
142
-21
-230
-299
-311
-278
-221
-151
-62
-12
126
137
180
179
189
189
174
148
162
212
310
419
619
735
675
419
130
-369
-695
-929
-1053
-940
-636
-263
-29
139
323
347
266
137
-15
-223
-316
-335
-330
-284
-194
-93
-40
116
135
209
199
195
171
154
145
165
219
322
474
634
726
643
367
130
-399
-712
-924
-1036
-890
-550
-194
-31
238
327
330
250
139
-29
-229
-315
-312
-279
-233
-140
-39
74
132
195
195
196
202
194
178
163
180
246
339
513
689
773
675
387
133
-388
-704
-923
-1027
-863
-541
-186
-12
282
355
361
279
134
-29
-221
-300
-313
-282
-229
-135
-44
90
133
191
202
195
197
193
175
155
165
238
355
503
667
763
643
350
91
-438
-750
-956
-1041
-876
-539
-175
-12
276
341
331
257
137
-38
-269
-347
-346
-312
-247
-155
-49
70
136
148
179
166
177
154
137
137
143
217
315
483
661
745
639
356
116
-438
-738
-966
-1063
-903
-569
-204
-25
265
340
339
258
148
-37
-257
-342
-346
-309
-238
-152
-25
91
137
195
187
189
186
182
159
151
185
254
370
532
707
788
651
338
-12
-460
-780
-974
-1046
-847
-502
-149
120
313
369
361
269
137
-40
-255
-320
-327
-277
-210
-124
-31
118
122
203
202
207
212
200
182
174
212
291
401
559
738
787
624
288
-39
-520
-812
-1004
-1040
-827
-464
-110
123
307
362
339
232
134
-42
-283
-354
-345
-300
-221
-114
-30
113
131
195
195
169
185
163
148
143
180
271
383
534
707
755
603
269
-44
-540
-844
-1018
-1078
-844
-494
-138
116
291
339
327
228
139
-44
-300
-362
-343
-300
-225
-130
-37
99
137
155
163
176
174
163
159
148
179
247
372
518
697
783
671
344
-17
-485
-796
-1003
-1068
-877
-540
-163
94
306
374
357
267
136
-43
-270
-343
-343
-294
-209
-120
-37
114
146
205
199
189
195
173
169
166
206
289
391
547
717
821
701
375
127
-441
-757
-971
-1058
-892
-556
-169
52
299
372
372
269
133
-29
-257
-341
-333
-287
-219
-129
-40
91
137
195
173
163
178
179
165
149
182
275
381
529
695
803
703
391
131
-440
-780
-988
-1088
-924
-605
-215
-31
286
343
340
250
133
-37
-284
-364
-375
-332
-254
-156
-46
63
130
167
167
171
163
148
137
132
135
219
334
481
662
787
711
419
137
-390
-729
-962
-1081
-961
-644
-253
-39
227
354
363
282
145
-24
-230
-302
-313
-286
-261
-191
-109
-31
118
148
177
212
230
223
180
147
163
239
355
501
670
815
759
502
131
-339
-686
-924
-1062
-948
-652
-268
-28
281
372
390
309
162
-21
-206
-332
-334
-312
-239
-154
-53
53
127
211
195
181
174
161
149
146
151
219
323
463
619
783
779
575
197
-57
-605
-877
-1044
-1020
-752
-369
-49
131
333
379
323
195
117
-185
-330
-357
-346
-291
-205
-106
-30
117
142
179
162
149
154
143
135
129
133
288
408
574
731
755
583
229
-37
-575
-870
-1039
-1052
-803
-433
-97
136
315
363
329
208
123
-147
-307
-350
-348
-295
-219
-122
-38
115
143
189
171
168
160
141
130
131
131
279
385
539
723
789
660
329
-23
-476
-782
-978
-1036
-851
-505
-133
129
323
383
359
257
141
-29
-264
-332
-323
-270
-207
-120
-39
109
141
200
207
174
163
148
139
129
174
251
374
529
719
819
724
419
139
-386
-716
-941
-1040
-915
-586
-204
-25
306
375
387
293
145
-26
-235
-325
-318
-279
-236
-183
-93
-44
97
135
139
179
208
215
181
141
134
222
344
490
666
763
683
399
129
-410
-734
-956
-1052
-908
-574
-219
-30
283
355
354
254
141
-35
-265
-349
-353
-313
-263
-169
-71
-31
127
148
177
163
148
139
133
86
101
142
303
455
629
775
745
501
143
-303
-652
-905
-1033
-986
-679
-294
-33
137
358
387
323
180
-6
-219
-330
-341
-311
-252
-172
-76
-28
131
131
199
179
175
154
148
145
138
135
302
449
617
782
786
589
215
-38
-563
-839
-991
-983
-716
-343
-43
143
369
410
357
221
135
-144
-293
-337
-317
-241
-177
-81
-29
115
142
180
181
163
161
135
143
130
137
259
403
581
751
777
601
259
-44
-524
-813
-998
-1003
-771
-414
-57
143
340
375
351
227
142
-97
-308
-348
-333
-289
-223
-135
-35
84
127
130
154
148
146
131
135
89
116
143
340
507
689
755
631
323
-21
-460
-769
-963
-1022
-842
-490
-138
147
313
372
357
244
132
-39
-238
-337
-345
-285
-219
-138
-35
80
131
147
180
161
148
131
127
103
122
134
335
482
659
775
705
419
133
-336
-661
-889
-988
-891
-572
-199
-17
308
390
390
309
158
-21
-219
-318
-325
-285
-219
-140
-31
68
133
195
184
178
163
147
139
135
131
191
309
463
619
771
738
513
146
-267
-615
-862
-995
-940
-662
-288
-37
151
355
384
315
171
1
-202
-317
-346
-311
-273
-193
-94
-31
101
130
181
174
148
143
133
110
99
131
259
399
559
723
745
553
203
-43
-575
-838
-1004
-1009
-748
-379
-44
141
331
361
319
195
115
-182
-320
-362
-341
-295
-213
-122
-30
83
137
166
163
165
143
135
137
107
131
248
382
546
726
771
607
272
-28
-511
-791
-972
-1004
-786
-423
-65
122
340
385
351
244
133
-31
-284
-334
-313
-268
-213
-117
-35
94
146
201
191
180
179
177
154
148
182
259
391
547
730
775
627
299
-28
-478
-766
-942
-995
-783
-426
-81
133
327
391
359
243
131
-40
-285
-335
-318
-279
-211
-135
-32
99
137
189
181
183
183
163
143
137
174
247
370
529
694
759
601
276
-37
-492
-793
-974
-1024
-820
-476
-103
131
308
355
340
231
137
-44
-300
-355
-341
-309
-241
-153
-44
33
123
132
163
163
148
143
137
129
133
227
357
506
682
756
617
308
-28
-485
-785
-964
-1028
-838
-492
-133
126
317
371
351
241
141
-45
-283
-341
-347
-301
-222
-140
-35
80
133
183
179
171
171
163
139
134
171
244
372
526
699
774
634
338
-1
-454
-748
-940
-1004
-818
-466
-114
133
329
404
370
266
131
-28
-261
-325
-332
-294
-218
-127
-31
90
130
199
197
194
185
180
149
149
179
248
369
531
705
759
623
309
-26
-465
-752
-955
-1018
-812
-464
-117
126
311
371
355
244
137
-40
-272
-337
-346
-302
-236
-150
-51
-12
116
145
165
167
163
159
146
137
143
232
355
521
686
747
585
267
-38
-513
-806
-995
-1041
-812
-460
-107
126
319
362
347
226
138
-25
-299
-353
-362
-320
-245
-140
-33
71
131
161
187
180
167
149
138
145
151
244
371
532
698
769
602
279
-37
-503
-785
-970
-1007
-789
-441
-76
133
331
385
371
255
138
-42
-259
-298
-287
-246
-223
-175
-94
-30
116
141
187
235
270
258
211
174
193
289
419
595
755
783
591
229
-39
-571
-846
-1020
-988
-718
-359
-43
139
371
404
347
215
127
-155
-301
-349
-332
-288
-209
-117
-30
94
141
179
183
183
178
155
148
135
180
276
405
581
755
774
579
207
-38
-578
-869
-1043
-1047
-780
-401
-53
137
337
383
354
212
118
-186
-325
-364
-363
-311
-230
-153
-45
71
131
135
178
178
180
155
133
137
169
270
415
591
759
766
561
191
-83
-605
-888
-1042
-1033
-747
-364
-38
142
359
399
339
203
127
-175
-325
-372
-363
-298
-203
-107
-37
127
143
212
207
195
181
159
138
139
211
313
475
647
809
779
555
183
-222
-608
-875
-1032
-987
-710
-322
-30
150
383
407
351
211
123
-172
-310
-353
-345
-295
-201
-93
-46
119
133
224
209
197
180
155
150
153
202
313
468
665
819
766
515
133
-300
-677
-924
-1068
-990
-682
-300
-30
208
372
390
315
181
-12
-219
-345
-383
-354
-300
-205
-109
-32
109
139
186
189
174
171
144
132
134
207
323
487
682
795
693
407
137
-414
-748
-972
-1075
-942
-613
-226
-40
291
374
385
290
148
-26
-251
-337
-339
-293
-245
-202
-141
-44
43
122
136
194
240
259
223
171
162
238
379
559
752
815
671
342
-17
-497
-824
-1018
-1055
-834
-460
-93
133
369
419
409
276
135
-37
-269
-338
-345
-299
-225
-133
-38
94
142
211
211
199
203
179
149
137
177
270
407
577
769
835
663
323
-23
-503
-810
-1003
-1052
-833
-470
-101
141
358
419
391
275
139
-33
-287
-361
-364
-313
-239
-140
-43
87
130
194
201
177
169
136
145
123
120
238
387
575
763
811
657
306
-40
-537
-853
-1044
-1087
-844
-475
-103
123
342
403
371
241
132
-44
-318
-381
-379
-345
-261
-159
-45
78
142
198
189
193
173
150
135
143
143
274
419
617
795
799
595
197
-114
-608
-900
-1063
-1037
-754
-364
-29
145
386
419
369
238
137
-183
-319
-364
-348
-300
-213
-113
-31
119
141
215
208
208
200
159
147
147
212
337
503
706
855
819
547
147
-297
-663
-934
-1070
-991
-670
-265
-40
311
419
419
365
199
3
-224
-347
-369
-354
-289
-189
-74
-28
134
207
217
215
185
165
148
139
143
228
357
545
743
859
755
455
138
-424
-759
-1005
-1110
-965
-613
-205
-11
335
419
417
309
139
-31
-288
-382
-406
-365
-293
-189
-67
-18
126
150
189
185
163
141
143
86
117
150
355
539
754
859
727
407
134
-455
-796
-1043
-1138
-955
-609
-185
84
339
419
419
308
137
-39
-300
-393
-412
-376
-288
-177
-44
79
134
211
218
198
181
151
139
139
135
256
417
605
815
883
707
340
-22
-520
-854
-1052
-1100
-870
-486
-79
147
401
466
419
295
142
-39
-302
-375
-374
-332
-245
-137
-40
117
143
243
231
217
189
159
142
137
155
285
469
653
849
873
648
273
-40
-608
-906
-1087
-1092
-803
-431
-44
147
404
468
407
254
142
-174
-347
-396
-391
-333
-255
-135
-33
109
137
205
212
209
178
146
127
123
145
298
467
667
847
823
564
163
-307
-690
-972
-1132
-1079
-752
-360
-28
180
397
419
359
195
-1
-238
-374
-422
-406
-335
-238
-109
-44
127
134
213
202
183
174
138
146
125
141
335
511
719
859
803
509
135
-367
-743
-999
-1130
-1025
-683
-267
-40
331
419
447
353
180
-23
-241
-364
-390
-372
-300
-185
-71
-13
139
218
235
222
197
180
138
138
180
251
405
582
791
915
787
451
134
-437
-782
-1023
-1120
-961
-583
-189
117
371
457
455
335
151
-12
-272
-377
-391
-364
-286
-165
-44
84
146
214
217
191
174
155
137
128
139
250
401
594
807
889
727
372
-6
-513
-854
-1068
-1155
-934
-549
-145
123
363
419
406
286
137
-38
-333
-412
-413
-370
-294
-172
-51
67
139
189
185
180
153
138
142
99
120
259
419
607
815
879
675
291
-40
-581
-900
-1100
-1136
-875
-488
-86
143
389
451
409
275
130
-37
-333
-396
-393
-346
-265
-140
-37
115
130
223
213
202
180
145
130
135
135
291
453
660
851
865
650
271
-39
-605
-906
-1082
-1074
-785
-394
-30
139
417
477
415
264
135
-105
-326
-386
-374
-320
-225
-111
-40
126
133
228
212
199
173
145
138
137
143
318
483
687
879
866
599
187
-243
-650
-934
-1102
-1055
-759
-341
-29
244
405
450
382
225
119
-221
-364
-401
-393
-322
-241
-114
-30
125
143
209
208
179
155
139
135
106
141
306
485
696
843
766
473
139
-374
-731
-1004
-1134
-1007
-679
-268
-51
303
387
415
340
163
-15
-268
-377
-401
-385
-322
-215
-93
-37
127
183
213
201
184
166
134
134
129
155
343
534
738
849
724
405
135
-437
-775
-1002
-1091
-923
-572
-173
119
347
419
419
329
152
-29
-272
-351
-378
-348
-284
-155
-40
97
137
245
235
213
197
163
145
130
135
255
401
597
791
859
691
351
-21
-492
-810
-1028
-1068
-847
-473
-94
127
377
419
416
291
133
-30
-289
-381
-385
-339
-261
-147
-31
116
131
229
215
191
163
147
133
94
125
255
417
611
799
803
597
231
-44
-605
-882
-1066
-1054
-790
-408
-50
138
370
419
372
243
135
-175
-342
-397
-399
-351
-259
-142
-43
116
135
212
212
198
170
133
137
110
137
287
459
648
813
743
489
137
-341
-687
-940
-1077
-988
-667
-283
-37
299
399
419
340
187
-12
-225
-339
-377
-363
-301
-219
-81
-33
133
203
231
230
195
183
142
135
130
143
339
518
723
851
763
463
134
-368
-707
-947
-1062
-930
-577
-191
81
341
451
447
341
171
-18
-234
-349
-374
-342
-277
-175
-50
48
131
215
231
211
193
165
134
134
139
227
374
553
745
823
670
342
-13
-479
-796
-1015
-1066
-865
-485
-112
123
359
419
403
279
139
-39
-300
-370
-375
-345
-279
-185
-53
-7
135
189
206
197
171
134
135
87
116
139
371
561
771
806
627
267
-43
-556
-863
-1050
-1083
-827
-444
-77
129
371
419
398
259
132
-40
-329
-386
-393
-346
-261
-150
-39
105
146
211
207
186
163
146
134
120
133
276
419
619
803
795
589
211
-76
-605
-883
-1046
-1010
-732
-337
-29
163
404
459
402
245
135
-126
-323
-359
-363
-325
-236
-113
-40
122
197
245
241
231
206
161
143
131
215
333
495
703
855
789
483
142
-351
-716
-957
-1090
-972
-623
-226
-25
320
419
455
353
181
-12
-250
-368
-396
-369
-301
-199
-76
-29
128
179
213
203
195
167
146
133
134
229
362
549
747
827
671
338
-13
-512
-828
-1046
-1104
-898
-522
-140
126
345
419
405
281
136
-39
-311
-370
-367
-332
-300
-231
-129
-29
111
142
209
229
247
219
149
135
139
263
419
622
811
820
609
215
-51
-631
-918
-1100
-1052
-774
-361
-44
138
409
464
394
248
136
-192
-343
-391
-384
-320
-235
-117
-39
120
218
243
235
219
195
161
135
136
136
308
475
685
851
835
575
182
-255
-641
-920
-1074
-1004
-702
-300
-29
308
419
469
389
239
131
-201
-332
-376
-377
-300
-217
-81
-31
131
231
243
226
203
174
139
133
122
141
337
511
707
861
799
526
130
-346
-708
-977
-1103
-1001
-670
-257
-37
330
419
451
359
189
-17
-261
-381
-412
-381
-300
-210
-81
-28
129
151
197
183
163
142
137
78
102
139
311
489
682
851
795
515
137
-350
-707
-972
-1110
-1020
-694
-275
-30
320
419
451
357
203
-5
-236
-381
-398
-379
-305
-203
-77
-37
138
209
222
206
170
139
143
89
107
142
308
487
692
865
819
559
158
-290
-658
-931
-1083
-1011
-684
-287
-28
331
451
482
405
230
127
-213
-337
-374
-358
-294
-200
-81
-32
130
223
229
213
197
163
135
125
116
129
308
485
693
877
837
578
178
-268
-651
-933
-1068
-1016
-699
-301
-35
294
419
471
385
225
120
-226
-358
-398
-382
-326
-218
-94
-43
130
213
225
202
178
139
139
55
81
123
279
459
647
817
775
534
149
-304
-670
-936
-1079
-1036
-732
-325
-38
219
399
419
357
209
22
-237
-371
-427
-402
-337
-236
-107
-39
129
208
225
213
171
147
147
67
99
142
320
490
703
834
756
473
129
-377
-723
-958
-1094
-969
-631
-234
-31
318
419
419
346
180
-22
-238
-364
-400
-379
-300
-186
-50
57
135
246
245
227
195
155
131
131
130
239
391
585
791
859
691
339
-23
-501
-810
-1014
-1065
-844
-470
-86
139
374
458
418
299
137
-29
-305
-396
-398
-347
-267
-149
-28
116
211
251
235
211
174
135
131
105
141
277
455
671
811
789
535
148
-301
-678
-936
-1087
-1019
-716
-330
-40
201
391
419
357
199
15
-233
-386
-428
-412
-359
-239
-119
-39
131
211
223
199
179
144
142
87
114
143
355
561
752
820
663
320
-22
-513
-830
-1034
-1089
-876
-507
-125
130
358
417
386
287
129
-49
-313
-418
-419
-367
-289
-161
-34
116
129
246
233
211
165
139
133
116
143
313
487
689
846
788
521
143
-324
-681
-934
-1074
-991
-671
-270
-33
318
419
461
375
212
52
-219
-363
-400
-383
-317
-204
-68
-16
136
244
257
235
201
167
139
135
139
279
419
623
807
835
633
254
-43
-573
-877
-1064
-1063
-804
-416
-62
131
375
451
394
259
134
-73
-342
-409
-407
-364
-269
-140
-44
123
189
244
227
195
179
139
135
116
135
350
543
737
825
691
355
10
-492
-830
-1045
-1121
-926
-556
-172
116
331
417
401
294
148
-38
-299
-386
-396
-383
-303
-245
-110
-45
131
212
243
251
244
187
134
147
143
331
515
719
847
756
454
123
-408
-764
-1004
-1104
-944
-614
-217
-22
346
419
455
354
175
-19
-263
-371
-396
-377
-301
-199
-61
38
143
241
257
248
225
187
163
147
189
310
483
679
849
821
583
195
-235
-650
-924
-1078
-1022
-732
-332
-28
283
419
466
395
226
137
-203
-353
-401
-394
-327
-233
-106
-29
131
233
246
233
213
175
138
134
138
248
399
603
815
861
690
315
-28
-546
-866
-1067
-1127
-882
-505
-110
135
371
419
407
274
134
-31
-347
-422
-441
-381
-294
-162
-37
113
135
227
212
199
166
135
143
116
141
331
523
738
881
771
457
137
-419
-780
-1040
-1152
-1003
-641
-221
-12
340
419
449
341
163
-14
-293
-397
-423
-391
-299
-188
-64
78
134
226
243
217
203
169
143
146
175
307
487
690
870
859
611
196
-236
-652
-937
-1108
-1052
-748
-334
-29
303
451
483
419
247
129
-188
-332
-379
-372
-327
-239
-118
-26
122
143
235
247
237
212
151
131
153
258
419
611
831
919
725
352
-18
-529
-863
-1072
-1120
-889
-492
-103
141
395
467
419
295
133
-29
-326
-410
-409
-374
-291
-163
-40
111
143
230
241
203
180
146
123
103
132
303
499
685
865
799
501
136
-378
-748
-992
-1132
-1036
-685
-280
-40
307
415
419
347
179
-15
-265
-393
-415
-399
-329
-220
-86
-29
133
212
223
218
186
152
143
136
127
258
419
639
839
855
643
261
-37
-605
-908
-1078
-1078
-802
-409
-44
136
417
468
419
274
142
-50
-335
-387
-381
-329
-234
-106
-44
126
226
243
231
212
180
148
139
137
202
353
534
742
891
825
523
143
-353
-730
-974
-1100
-976
-625
-226
-11
353
458
466
367
194
-18
-250
-374
-401
-374
-289
-204
-60
43
131
230
244
219
195
161
134
139
135
251
410
606
790
835
639
276
-40
-564
-863
-1066
-1073
-818
-443
-61
143
383
419
391
254
129
-125
-339
-412
-417
-362
-268
-154
-29
104
142
225
207
185
161
139
125
107
137
319
511
699
835
750
467
143
-396
-757
-981
-1100
-981
-629
-219
-23
327
419
419
340
154
-23
-258
-359
-365
-332
-295
-221
-127
-28
116
131
223
239
247
234
179
148
159
274
419
634
818
843
643
277
-33
-581
-891
-1052
-1036
-775
-389
-39
139
419
475
419
259
143
-93
-323
-383
-376
-317
-237
-103
-40
120
201
239
238
219
185
147
131
132
142
323
495
697
866
815
546
146
-331
-693
-956
-1088
-1011
-684
-294
-40
323
419
458
361
195
-5
-238
-371
-407
-379
-327
-225
-97
-33
126
208
227
203
180
139
141
87
115
136
355
543
754
855
725
372
40
-509
-828
-1040
-1130
-924
-556
-154
117
357
419
411
299
131
-43
-318
-407
-419
-364
-293
-173
-46
87
116
227
233
212
175
151
130
103
123
262
419
627
799
841
618
239
-28
-606
-899
-1062
-1052
-780
-393
-40
135
407
466
404
262
134
-120
-331
-379
-366
-320
-221
-112
-33
119
171
231
229
215
180
163
138
134
225
358
528
724
869
788
489
131
-379
-718
-981
-1087
-967
-630
-220
-18
355
419
459
354
174
-13
-255
-353
-353
-315
-268
-204
-140
-24
75
131
201
213
243
247
203
161
162
255
406
601
788
790
599
241
-40
-615
-895
-1084
-1068
-787
-396
-40
135
391
419
375
226
123
-205
-362
-408
-391
-353
-263
-140
-38
117
131
219
217
191
176
133
127
99
143
291
459
648
817
775
521
139
-316
-687
-942
-1076
-1003
-688
-285
-35
303
406
419
361
187
0
-235
-362
-381
-359
-299
-204
-77
-26
127
212
221
207
186
159
130
127
120
137
340
523
726
853
771
467
133
-372
-709
-947
-1054
-928
-579
-194
90
343
457
457
349
169
-17
-241
-349
-372
-337
-274
-177
-49
53
135
229
227
212
185
153
139
100
130
138
363
546
738
852
723
389
119
-459
-780
-994
-1068
-897
-529
-140
123
371
419
418
306
133
-37
-293
-389
-395
-346
-284
-169
-53
50
143
198
203
185
152
128
122
75
100
139
362
539
735
803
647
313
-26
-522
-829
-1022
-1067
-844
-472
-86
123
369
419
399
269
133
-47
-305
-358
-362
-313
-268
-172
-69
-25
129
141
201
211
203
177
145
135
127
262
419
601
766
785
583
212
-46
-605
-869
-1024
-1002
-716
-336
-40
229
417
445
387
230
137
-172
-317
-365
-338
-274
-208
-94
-40
125
141
221
209
193
173
145
143
117
131
279
455
634
811
803
579
205
-141
-617
-866
-1027
-995
-716
-306
-38
276
419
449
371
221
117
-195
-327
-387
-353
-309
-213
-107
-44
125
148
220
203
180
149
134
79
91
139
293
453
633
787
756
514
138
-310
-684
-924
-1055
-988
-684
-298
-44
272
387
417
340
175
-14
-241
-367
-396
-379
-318
-223
-101
-44
118
138
219
206
165
139
138
69
85
137
295
468
657
795
727
467
137
-357
-685
-934
-1040
-942
-630
-234
-23
322
418
419
347
170
-26
-239
-363
-372
-356
-271
-177
-61
-12
137
228
229
213
187
154
147
146
117
143
345
515
710
835
725
419
130
-382
-715
-944
-1035
-908
-552
-156
115
355
450
419
333
156
-17
-257
-353
-369
-337
-269
-153
-40
74
145
234
229
214
195
162
135
133
123
147
359
527
723
811
679
372
65
-463
-783
-987
-1054
-870
-511
-129
131
355
419
395
274
143
-40
-302
-397
-406
-364
-281
-171
-44
85
148
227
218
187
163
136
135
94
120
183
383
567
743
776
574
218
-43
-572
-869
-1032
-1036
-782
-407
-50
138
371
410
372
235
131
-159
-342
-396
-393
-343
-240
-125
-33
135
148
244
223
201
169
147
139
122
137
297
468
651
811
766
511
141
-315
-670
-905
-1041
-955
-638
-247
-37
319
419
446
370
203
19
-214
-339
-379
-358
-282
-189
-59
26
135
239
260
238
202
178
134
144
139
186
354
531
718
815
695
386
135
-426
-744
-963
-1037
-868
-522
-146
128
347
415
419
294
137
-31
-282
-370
-387
-347
-267
-158
-40
87
143
224
219
191
154
134
135
77
116
130
353
533
723
791
634
319
-25
-494
-796
-1004
-1052
-856
-487
-119
130
353
405
386
275
150
-40
-311
-395
-398
-353
-270
-155
-26
102
136
235
215
187
159
141
118
81
111
168
385
581
766
788
595
245
-40
-537
-831
-1004
-1008
-764
-393
-43
143
372
419
387
255
133
-39
-309
-363
-364
-316
-214
-102
-29
126
210
243
234
197
175
142
137
107
134
261
404
607
777
811
627
276
-33
-523
-812
-988
-997
-754
-374
-39
129
398
449
391
251
147
-39
-310
-364
-369
-319
-223
-107
-38
118
148
239
231
187
163
133
143
106
135
275
419
609
759
745
532
179
-236
-615
-876
-1024
-986
-700
-331
-30
139
387
404
339
196
31
-214
-358
-396
-390
-327
-221
-107
-30
126
137
215
191
163
144
138
80
89
138
283
451
629
763
707
449
135
-341
-690
-927
-1045
-940
-629
-241
-40
290
390
403
320
169
-10
-241
-351
-377
-354
-283
-185
-69
-20
135
217
227
206
175
148
133
129
117
144
330
502
695
803
697
419
138
-390
-709
-928
-1019
-884
-540
-171
112
346
419
419
308
167
-21
-247
-338
-366
-337
-263
-158
-40
94
139
241
238
213
183
153
139
128
123
131
347
525
707
803
667
371
126
-435
-735
-954
-1025
-856
-502
-140
123
329
407
403
283
133
-33
-271
-367
-391
-345
-275
-169
-40
88
131
217
225
203
169
134
127
84
115
127
343
519
694
738
589
277
-30
-517
-804
-1003
-1016
-811
-453
-93
127
334
395
362
238
139
-32
-313
-372
-389
-352
-265
-152
-26
99
147
215
229
195
162
139
133
100
136
253
407
579
735
731
527
174
-176
-605
-856
-998
-971
-686
-319
-34
143
385
407
360
221
133
-172
-318
-359
-349
-289
-204
-94
-30
139
218
250
234
206
181
150
135
146
131
308
466
651
771
723
467
138
-302
-652
-872
-999
-921
-617
-248
-25
293
402
414
337
180
-9
-206
-316
-331
-320
-287
-229
-127
-39
116
131
213
235
235
205
148
131
113
137
313
494
659
752
660
362
129
-430
-747
-954
-1019
-853
-522
-158
102
323
387
379
263
143
-37
-286
-367
-383
-338
-283
-175
-65
-13
131
135
203
194
163
148
145
93
116
143
337
501
667
733
599
287
-16
-490
-779
-965
-1000
-801
-454
-107
115
347
403
375
262
143
-37
-287
-371
-366
-332
-250
-139
-29
116
143
226
227
203
181
148
135
115
119
259
398
575
724
771
595
267
-38
-528
-794
-966
-972
-748
-379
-44
127
372
414
378
251
141
-42
-290
-353
-358
-303
-217
-104
-25
127
133
231
224
199
171
147
146
134
139
265
419
575
731
731
537
201
-38
-585
-841
-986
-959
-701
-338
-31
142
370
404
345
207
123
-166
-301
-353
-364
-342
-268
-161
-43
88
137
201
233
227
196
139
148
109
149
303
467
629
735
643
359
135
-428
-749
-946
-1034
-876
-556
-183
-13
310
382
379
271
143
-37
-278
-372
-377
-351
-278
-167
-48
17
125
199
212
195
166
147
148
119
123
137
358
530
709
771
616
308
-15
-478
-780
-972
-1013
-812
-450
-79
133
375
419
403
282
130
-37
-281
-364
-359
-320
-236
-125
-35
120
131
234
227
218
187
163
139
141
177
302
455
627
778
738
515
149
-268
-610
-870
-1004
-943
-652
-277
-31
278
393
417
358
212
43
-207
-347
-374
-357
-300
-209
-97
-40
128
199
227
211
189
151
131
119
116
137
331
499
675
778
661
355
117
-457
-769
-954
-1044
-876
-524
-150
120
325
393
388
275
142
-43
-293
-392
-387
-363
-282
-184
-60
19
139
211
213
189
167
147
141
97
120
247
393
579
738
738
531
178
-167
-605
-856
-1004
-972
-690
-327
-37
139
379
419
361
212
127
-186
-309
-342
-301
-257
-215
-142
-55
-21
126
182
212
235
261
218
179
155
212
359
543
707
766
627
325
11
-451
-758
-954
-985
-768
-421
-73
141
374
419
410
279
139
-29
-275
-337
-347
-306
-233
-127
-42
131
139
241
266
177
155
131
138
97
131
246
404
570
738
738
555
212
-42
-551
-812
-963
-957
-709
-349
-30
143
375
410
361
214
130
-147
-329
-382
-371
-311
-232
-111
-39
117
132
225
209
180
148
136
83
83
122
263
419
611
742
675
419
139
-346
-670
-900
-1004
-904
-577
-223
-26
308
385
395
310
163
-22
-247
-353
-381
-346
-279
-169
-50
-14
127
215
213
206
175
159
142
123
129
139
359
531
692
743
586
267
-28
-489
-776
-939
-966
-679
-433
-44
148
372
419
389
262
131
-29
-289
-353
-352
-298
-215
-113
-28
126
163
234
227
209
177
137
139
99
127
275
419
603
749
723
501
159
-240
-605
-844
-971
-904
-626
-269
-31
270
387
406
349
189
51
-204
-337
-387
-353
-300
-198
-75
-44
131
218
212
207
179
147
138
99
113
134
319
490
651
723
574
282
-26
-471
-758
-942
-972
-790
-460
-109
116
323
381
372
244
139
-44
-295
-377
-387
-338
-263
-155
-37
100
131
227
206
183
147
139
129
81
126
265
404
585
723
692
455
148
-287
-620
-858
-978
-912
-620
-261
-37
271
387
403
340
182
15
-209
-337
-374
-357
-281
-189
-72
-26
143
241
248
218
185
153
143
139
135
167
355
531
699
752
610
309
-18
-447
-738
-924
-956
-750
-410
-50
135
361
411
395
269
137
-43
-284
-364
-358
-309
-225
-114
-39
119
135
236
219
206
177
137
127
120
143
287
419
619
725
657
403
141
-344
-668
-876
-985
-874
-556
-198
-28
293
382
397
306
151
-23
-254
-362
-386
-364
-287
-182
-70
-17
126
215
217
187
150
135
109
63
101
142
367
537
693
719
543
212
-31
-540
-825
-974
-972
-735
-377
-42
133
358
389
363
225
143
-107
-324
-370
-384
-326
-225
-109
-33
127
226
243
217
191
159
131
126
100
139
291
462
641
745
661
398
135
-365
-663
-874
-972
-844
-520
-154
117
327
404
405
322
155
-22
-236
-332
-351
-313
-238
-149
-40
111
139
244
247
213
187
151
131
94
122
137
372
547
715
747
575
273
-31
-492
-779
-938
-956
-732
-379
-39
135
372
404
375
254
143
-32
-309
-382
-375
-315
-226
-112
-26
129
177
233
207
180
158
148
126
99
131
291
458
627
725
627
361
134
-396
-703
-908
-1002
-856
-524
-171
51
299
381
379
285
139
-37
-268
-369
-395
-361
-282
-169
-53
83
143
233
219
185
148
131
129
84
109
142
371
546
695
712
537
203
-26
-537
-798
-954
-940
-700
-345
-37
139
363
407
366
231
139
-69
-318
-369
-358
-301
-205
-93
-32
135
263
260
239
209
162
147
134
113
136
307
468
643
747
653
391
137
-362
-658
-874
-954
-819
-508
-150
111
327
406
417
317
151
-25
-243
-343
-370
-355
-261
-149
-34
100
143
244
244
212
178
143
135
125
123
231
389
563
709
687
490
149
-209
-581
-833
-973
-917
-663
-297
-26
139
357
391
325
189
30
-205
-346
-390
-379
-322
-220
-106
-39
130
217
227
208
173
147
142
72
104
146
313
497
646
713
577
270
-26
-485
-762
-934
-981
-790
-443
-93
126
323
379
378
274
128
-28
-300
-376
-383
-341
-241
-140
-44
120
171
247
245
202
174
143
139
116
131
286
419
619
721
660
414
131
-315
-645
-859
-950
-852
-530
-189
-11
308
394
406
331
179
-17
-218
-338
-361
-330
-261
-167
-33
103
137
258
255
244
203
174
139
148
139
231
383
554
718
701
519
195
-29
-538
-796
-943
-930
-682
-329
-37
137
372
405
350
222
133
-156
-319
-378
-370
-313
-226
-99
-30
132
230
238
223
193
169
139
123
97
134
311
473
629
711
587
299
-12
-447
-748
-926
-983
-807
-476
-127
119
303
377
361
257
130
-38
-289
-371
-393
-341
-265
-158
-40
98
139
238
224
205
160
139
138
101
129
263
415
567
703
665
419
131
-284
-620
-842
-962
-894
-613
-250
-43
251
376
399
337
184
19
-203
-333
-366
-350
-281
-171
-53
52
143
247
263
234
207
174
148
138
147
223
353
515
675
724
587
293
-21
-445
-726
-902
-942
-742
-399
-65
133
353
404
374
262
137
-37
-277
-351
-355
-306
-231
-117
-28
118
203
244
245
207
166
156
131
111
127
277
405
599
711
661
419
148
-300
-640
-860
-981
-898
-613
-253
-35
241
372
385
308
163
-22
-231
-350
-396
-366
-295
-204
-76
-26
130
212
217
207
179
151
138
98
119
136
335
490
647
679
539
241
-26
-499
-780
-940
-956
-758
-415
-73
133
337
375
356
244
142
-35
-295
-374
-364
-320
-236
-123
-39
122
202
247
227
206
174
148
142
98
129
273
416
576
707
689
493
155
-220
-586
-812
-943
-892
-626
-271
-37
244
387
407
359
207
128
-169
-323
-369
-344
-273
-173
-58
17
138
241
259
222
191
163
131
135
142
133
323
481
643
741
639
372
142
-374
-687
-888
-983
-845
-525
-171
77
311
384
391
289
147
-21
-254
-363
-394
-345
-271
-153
-35
99
133
227
227
198
163
150
145
84
101
137
339
496
651
707
567
270
-30
-492
-771
-951
-977
-799
-451
-107
129
319
374
369
234
137
-34
-284
-361
-391
-354
-268
-159
-45
90
145
244
256
223
175
143
139
110
139
267
403
579
707
667
419
150
-299
-619
-843
-957
-898
-619
-248
-30
275
375
390
329
191
25
-195
-330
-363
-334
-282
-177
-62
22
133
255
263
235
214
182
143
142
131
127
331
494
648
743
646
369
135
-393
-686
-893
-971
-821
-507
-144
127
336
401
400
304
148
-34
-241
-350
-372
-329
-251
-153
-37
102
131
235
239
215
181
149
133
128
126
205
367
519
673
703
549
234
-40
-515
-790
-943
-965
-743
-401
-71
135
331
372
339
218
131
-51
-322
-395
-376
-322
-231
-125
-40
117
139
231
209
195
148
142
133
97
131
261
405
562
687
657
419
143
-290
-633
-858
-970
-908
-634
-282
-44
131
361
386
315
167
-1
-220
-350
-381
-342
-270
-156
-47
40
125
229
243
215
187
175
138
148
138
217
341
499
647
723
602
310
35
-427
-717
-897
-945
-778
-453
-102
127
336
401
389
283
147
-28
-256
-354
-346
-299
-221
-107
-35
120
229
251
237
214
180
151
137
123
131
251
383
539
679
699
549
223
-39
-512
-782
-928
-944
-722
-368
-31
137
359
391
347
234
123
-77
-316
-386
-363
-307
-208
-94
-33
126
211
225
201
180
145
127
126
84
131
259
399
547
661
615
397
143
-325
-639
-856
-967
-884
-613
-253
-25
139
343
349
294
146
-21
-235
-354
-386
-353
-281
-169
-57
47
132
223
225
198
174
148
146
78
120
133
315
467
599
675
585
319
110
-412
-703
-880
-937
-780
-485
-131
118
309
371
361
279
138
-26
-255
-357
-361
-306
-224
-109
-32
127
203
261
243
206
167
137
138
111
119
213
359
501
643
687
563
259
-24
-449
-719
-882
-899
-734
-427
-81
133
340
386
355
244
143
-37
-268
-359
-349
-295
-204
-101
-29
125
185
231
212
180
152
131
129
84
120
131
347
493
629
650
513
215
-39
-492
-742
-901
-908
-716
-389
-67
139
311
361
327
209
137
-50
-305
-379
-364
-306
-223
-107
-37
123
145
218
191
166
135
143
74
84
125
239
379
527
651
627
419
130
-258
-559
-804
-923
-876
-627
-283
-31
135
341
366
322
181
33
-179
-319
-358
-329
-262
-169
-46
23
138
229
244
208
178
147
145
100
107
131
291
405
563
675
650
451
135
-237
-564
-783
-902
-843
-581
-245
-30
259
363
386
329
187
37
-186
-319
-357
-315
-240
-154
-38
88
139
259
244
217
167
137
149
83
90
131
283
419
581
679
611
387
142
-323
-627
-834
-921
-834
-543
-204
-25
273
356
367
283
150
-21
-238
-350
-377
-332
-264
-150
-28
84
137
215
214
180
150
145
94
65
85
122
290
419
569
643
559
309
129
-396
-680
-860
-913
-795
-506
-165
19
291
351
350
257
148
-33
-256
-364
-361
-319
-234
-135
-40
105
139
222
217
191
148
136
122
81
107
143
318
468
603
671
573
315
100
-399
-680
-849
-903
-763
-455
-114
127
327
386
371
273
134
-26
-243
-342
-343
-291
-211
-106
-37
129
212
255
228
197
166
143
127
78
115
139
326
459
595
666
591
340
126
-383
-661
-830
-887
-762
-476
-143
118
303
374
359
270
137
-29
-243
-343
-354
-305
-225
-119
-34
115
135
232
209
187
148
137
120
67
97
131
295
419
567
634
546
307
122
-391
-684
-860
-907
-780
-502
-159
17
281
347
329
235
142
-44
-265
-361
-370
-309
-236
-135
-39
98
133
222
201
171
135
133
75
70
93
122
299
447
564
643
558
326
127
-383
-655
-834
-884
-780
-492
-159
57
297
366
351
273
146
-28
-236
-330
-347
-299
-210
-109
-31
129
134
244
231
191
174
139
138
84
109
144
299
451
583
661
587
374
133
-315
-617
-796
-852
-764
-507
-172
-7
295
381
372
293
145
-12
-207
-326
-337
-297
-221
-118
-45
115
135
241
227
203
170
147
131
81
101
138
289
419
549
623
554
342
131
-346
-629
-808
-881
-779
-522
-193
-29
261
339
339
259
135
-31
-235
-344
-364
-319
-241
-140
-37
85
138
211
198
163
148
138
86
66
90
130
289
419
561
627
530
279
6
-412
-678
-842
-877
-762
-465
-140
87
285
340
334
233
133
-29
-255
-345
-344
-290
-212
-103
-31
116
142
233
215
189
162
142
131
81
129
135
340
479
599
641
515
248
-25
-438
-699
-844
-860
-685
-393
-61
127
331
374
351
235
138
-33
-265
-335
-325
-267
-181
-69
-26
133
227
244
227
197
161
137
135
114
139
244
367
499
611
614
462
179
-45
-486
-729
-844
-835
-633
-317
-34
133
323
355
313
199
131
-107
-301
-357
-329
-268
-173
-69
-28
129
212
215
191
158
141
145
69
87
123
231
372
511
599
579
387
139
-287
-605
-795
-889
-840
-585
-271
-40
148
323
331
282
155
-12
-217
-332
-364
-337
-264
-163
-50
57
134
212
212
183
162
136
144
81
91
131
270
404
531
611
543
326
137
-335
-619
-796
-853
-762
-492
-189
-25
270
341
343
255
142
-24
-227
-318
-337
-286
-204
-101
-39
116
191
244
233
193
175
129
127
119
116
145
327
458
584
631
527
291
100
-372
-640
-805
-843
-711
-431
-113
127
307
367
345
244
138
-36
-245
-329
-330
-270
-201
-74
-30
130
212
227
215
183
148
139
135
83
123
142
333
468
564
585
449
183
-40
-476
-711
-839
-828
-650
-354
-50
139
303
329
291
191
120
-109
-293
-354
-335
-278
-203
-73
-34
129
146
210
186
153
137
134
67
72
120
207
365
490
571
546
367
135
-251
-556
-747
-840
-794
-564
-268
-29
148
319
338
278
163
17
-156
-285
-338
-326
-274
-173
-50
-12
129
243
257
227
180
139
147
103
117
146
309
449
563
609
497
259
-16
-386
-630
-764
-802
-675
-396
-86
120
308
359
339
251
135
-30
-234
-317
-315
-270
-184
-83
-25
131
229
253
241
198
155
144
137
91
119
174
363
483
591
567
419
147
-38
-483
-698
-809
-780
-584
-299
-25
143
320
345
299
180
118
-133
-289
-337
-315
-257
-169
-51
-17
136
212
217
200
158
137
127
69
75
123
227
361
479
559
506
318
131
-305
-575
-766
-833
-758
-513
-204
-31
131
311
325
257
133
-37
-224
-322
-348
-302
-235
-131
-37
93
139
219
213
192
151
139
120
84
114
137
298
443
547
579
455
203
-30
-424
-655
-789
-800
-630
-351
-60
130
313
353
324
225
135
-42
-251
-329
-310
-245
-172
-53
-28
127
230
248
227
193
149
135
131
84
131
231
367
503
595
581
409
148
-39
-492
-703
-803
-759
-547
-258
-31
131
341
349
301
180
69
-149
-285
-334
-313
-236
-156
-31
84
136
225
234
201
159
139
136
79
84
127
275
399
533
583
496
275
81
-359
-621
-783
-844
-711
-451
-149
10
263
323
315
227
146
-36
-248
-348
-348
-302
-225
-120
-42
110
131
219
211
169
146
135
67
52
100
143
294
419
546
564
457
199
-28
-428
-677
-799
-807
-652
-372
-63
127
298
341
315
214
136
-29
-265
-338
-332
-268
-185
-76
-38
120
227
239
211
175
148
135
127
94
126
241
371
500
581
558
393
133
-135
-502
-693
-796
-757
-530
-227
-31
129
343
363
303
175
73
-147
-281
-320
-300
-235
-129
-37
84
137
217
244
203
170
141
137
79
93
127
258
383
507
583
532
355
143
-277
-554
-732
-808
-743
-494
-205
-40
153
327
327
258
140
-14
-215
-317
-345
-300
-237
-126
-43
84
139
212
196
167
141
132
75
57
84
127
258
383
507
551
468
245
-15
-379
-629
-784
-817
-699
-430
-140
75
261
319
297
217
138
-44
-251
-345
-332
-289
-205
-99
-32
116
131
228
203
179
145
128
85
70
116
133
323
451
550
563
419
181
-44
-445
-678
-796
-784
-620
-315
-44
131
310
343
315
213
133
-35
-261
-316
-303
-237
-154
-44
48
138
227
243
222
189
155
135
145
116
141
261
379
501
575
527
349
137
-247
-538
-726
-808
-738
-513
-220
-30
127
337
340
277
148
-15
-189
-305
-336
-293
-225
-128
-39
89
141
227
212
178
149
137
123
71
91
127
271
399
510
571
499
270
81
-352
-630
-792
-836
-726
-465
-161
-19
243
313
307
233
145
-31
-248
-341
-341
-299
-217
-125
-37
100
148
212
194
176
143
137
111
63
115
137
307
419
545
564
419
182
-34
-465
-686
-812
-812
-639
-353
-55
131
295
340
309
202
127
-42
-268
-313
-309
-251
-159
-61
-19
143
215
225
209
181
149
137
131
110
139
262
371
503
591
562
383
139
-206
-515
-713
-800
-748
-535
-236
-37
134
340
350
290
166
20
-167
-282
-318
-277
-220
-133
-33
97
141
227
221
200
175
155
142
133
127
142
290
419
537
591
503
275
87
-364
-625
-800
-844
-725
-449
-139
73
276
337
320
234
143
-38
-267
-342
-338
-290
-209
-105
-29
113
132
201
197
177
141
135
117
87
118
143
315
419
555
553
403
147
-57
-505
-738
-844
-824
-621
-319
-40
123
297
327
279
167
26
-172
-295
-347
-306
-255
-162
-55
-21
137
206
211
199
169
143
137
120
110
131
261
402
535
601
546
345
134
-299
-577
-763
-843
-751
-508
-197
-26
261
351
347
283
146
-12
-203
-301
-323
-275
-200
-99
-25
113
133
228
219
206
174
143
137
143
131
148
307
419
561
619
521
282
11
-390
-644
-799
-846
-706
-423
-107
122
296
347
325
243
145
-45
-253
-322
-317
-271
-189
-93
-42
119
138
214
203
180
147
134
141
93
127
133
339
469
570
570
419
148
-53
-524
-745
-863
-838
-637
-333
-46
135
295
329
289
163
20
-172
-307
-363
-331
-263
-169
-70
-28
127
177
212
191
161
137
141
67
73
116
243
372
500
600
563
372
127
-271
-559
-761
-844
-800
-556
-253
-43
136
327
342
286
159
-2
-189
-301
-323
-295
-214
-120
-39
102
136
223
225
193
163
142
145
123
116
131
295
419
546
627
564
347
137
-299
-570
-764
-827
-743
-481
-183
-26
264
347
343
271
146
-12
-193
-300
-319
-279
-202
-98
-39
107
144
219
209
195
163
126
145
100
114
134
310
419
550
595
497
250
-17
-411
-655
-812
-844
-715
-428
-129
97
272
331
313
215
136
-37
-263
-342
-345
-289
-204
-106
-44
115
134
211
189
162
135
135
75
83
109
137
308
419
555
575
463
196
-37
-460
-697
-841
-844
-684
-382
-76
122
287
342
305
201
142
-42
-266
-331
-320
-262
-179
-66
-37
126
155
219
199
173
142
135
119
102
122
243
357
495
584
587
419
159
-47
-487
-718
-821
-795
-605
-296
-44
136
329
351
311
195
134
-35
-271
-315
-295
-229
-139
-44
81
147
229
235
212
187
147
147
118
105
130
273
387
532
611
565
372
147
-265
-556
-759
-837
-780
-550
-234
-42
134
331
340
279
151
-15
-187
-310
-341
-300
-230
-134
-33
84
133
213
211
187
148
131
122
74
99
129
273
387
519
599
533
327
139
-332
-620
-796
-876
-784
-525
-214
-40
142
308
319
255
145
-24
-225
-327
-348
-311
-223
-135
-40
90
147
211
209
179
151
131
127
73
107
123
289
407
534
587
511
291
126
-354
-629
-780
-844
-736
-467
-172
-25
279
343
330
246
131
-26
-219
-302
-306
-274
-194
-81
-34
129
145
228
215
193
160
142
137
106
127
143
325
447
567
621
527
292
131
-366
-629
-780
-828
-706
-422
-125
116
290
341
333
247
143
-18
-222
-311
-320
-268
-181
-77
-39
126
131
230
206
185
150
131
133
83
103
139
307
419
547
597
497
263
-25
-406
-667
-812
-844
-712
-445
-137
84
274
329
299
212
143
-38
-263
-341
-343
-290
-199
-93
-38
109
139
203
191
150
139
129
67
62
102
148
294
419
544
596
495
267
-9
-396
-668
-818
-851
-719
-458
-135
89
278
310
309
215
139
-37
-239
-330
-322
-275
-185
-77
-34
122
133
223
211
187
148
143
131
87
116
135
323
455
563
609
500
263
-17
-395
-631
-793
-824
-681
-396
-103
116
308
350
339
239
135
-28
-231
-300
-304
-245
-167
-55
-31
120
193
234
209
173
153
139
122
85
119
134
315
419
561
597
499
269
-5
-391
-646
-795
-823
-700
-431
-119
106
277
326
311
227
139
-34
-241
-326
-318
-270
-194
-86
-44
116
138
202
195
169
142
135
69
58
81
133
287
409
521
566
475
263
-12
-395
-653
-800
-842
-721
-453
-143
8
263
320
302
227
135
-33
-236
-323
-332
-277
-188
-101
-33
117
146
209
202
165
139
148
74
74
105
137
290
409
537
595
513
286
120
-354
-605
-775
-822
-707
-450
-140
63
287
340
327
241
139
-26
-189
-279
-310
-287
-210
-107
-30
109
131
255
251
212
166
130
141
99
130
137
308
419
547
595
499
276
90
-358
-611
-766
-803
-684
-405
-125
100
283
339
329
235
123
-35
-225
-306
-313
-265
-184
-97
-31
120
135
223
211
178
147
127
63
63
87
125
266
372
510
567
502
307
143
-330
-605
-757
-807
-737
-492
-193
-26
144
308
304
223
138
-32
-227
-312
-332
-290
-221
-125
-45
84
135
193
189
163
131
138
69
68
89
125
259
379
501
561
483
276
120
-338
-605
-763
-812
-716
-461
-169
-24
237
326
315
245
135
-23
-213
-299
-313
-280
-199
-106
-40
117
133
222
214
189
156
133
134
77
103
139
291
408
531
577
499
290
131
-323
-570
-737
-783
-675
-424
-137
84
270
339
326
244
133
-17
-201
-285
-300
-266
-173
-76
-31
126
146
241
209
181
153
139
130
84
107
134
291
419
519
551
451
233
-25
-371
-634
-759
-788
-664
-411
-123
99
263
308
295
211
131
-31
-233
-318
-341
-290
-200
-107
-25
102
143
226
201
169
133
127
71
71
91
136
279
410
517
531
411
183
-39
-426
-652
-791
-787
-648
-370
-94
120
275
313
286
205
145
-44
-237
-310
-313
-254
-173
-85
-40
127
129
217
206
171
141
147
80
81
116
137
307
419
531
561
453
210
-25
-403
-634
-758
-763
-621
-351
-62
123
297
339
317
219
135
-30
-209
-281
-283
-221
-155
-56
-15
133
212
231
212
186
150
135
127
91
124
135
305
415
529
564
468
250
-13
-364
-606
-729
-770
-647
-391
-107
116
276
320
303
214
134
-31
-225
-296
-293
-254
-178
-78
-37
123
133
209
195
166
145
135
69
63
87
130
279
385
487
537
462
244
-17
-372
-623
-748
-808
-694
-430
-151
-15
233
305
288
212
135
-30
-226
-316
-317
-270
-199
-107
-44
90
143
207
195
167
143
139
66
61
87
127
244
374
473
539
490
303
138
-284
-554
-721
-771
-705
-470
-187
-25
138
313
317
254
149
-21
-172
-281
-297
-263
-197
-101
-30
99
147
212
214
189
169
131
139
84
107
131
259
372
483
562
527
351
139
-238
-502
-686
-752
-710
-495
-219
-40
148
310
318
259
151
3
-155
-269
-300
-273
-205
-120
-39
75
131
212
207
191
148
137
123
68
79
127
219
343
457
534
523
363
148
-162
-486
-698
-780
-748
-558
-293
-37
130
281
298
257
148
-5
-162
-297
-333
-302
-240
-162
-63
-25
123
131
191
167
135
139
71
52
52
99
141
301
406
505
531
403
152
-39
-437
-667
-778
-762
-615
-341
-62
130
279
302
275
179
135
-43
-252
-300
-299
-235
-162
-44
-25
127
131
212
203
159
141
147
101
88
118
141
308
419
537
539
419
189
-35
-411
-648
-755
-752
-605
-319
-44
137
297
339
305
212
135
-42
-231
-285
-277
-229
-150
-50
-14
123
209
213
209
180
146
135
94
84
119
129
311
419
527
547
446
212
-26
-406
-625
-757
-766
-634
-369
-97
131
277
313
290
191
131
-35
-241
-310
-298
-248
-171
-67
-33
122
134
198
177
149
145
138
71
67
103
138
297
399
499
515
389
163
-31
-456
-682
-795
-796
-634
-355
-76
122
263
295
276
170
116
-43
-259
-315
-298
-239
-167
-71
-38
122
127
207
183
163
134
137
69
68
103
135
308
419
521
542
406
180
-38
-433
-663
-796
-764
-611
-338
-53
131
286
331
286
189
127
-40
-246
-294
-279
-225
-139
-33
53
127
207
225
199
179
151
133
134
102
137
239
340
469
564
555
390
146
-42
-476
-679
-785
-764
-558
-281
-40
147
311
326
295
171
61
-93
-262
-299
-289
-220
-139
-43
70
131
207
194
179
163
137
138
75
94
136
247
355
467
543
510
337
138
-268
-536
-732
-809
-750
-533
-243
-28
135
291
302
244
145
-23
-197
-288
-315
-291
-215
-128
-33
78
131
177
184
167
142
142
83
59
97
131
244
359
470
535
473
282
131
-331
-605
-755
-794
-716
-473
-187
-28
117
297
289
259
126
-24
-206
-290
-289
-255
-183
-79
-40
115
135
218
197
182
154
137
131
85
116
133
294
409
526
563
465
231
-21
-364
-605
-745
-761
-630
-357
-85
120
286
325
308
217
127
-37
-222
-281
-269
-229
-152
-45
-2
131
207
218
207
180
161
131
137
99
129
169
320
419
531
513
386
146
-38
-458
-668
-766
-748
-566
-305
-37
129
286
306
263
158
29
-119
-267
-311
-281
-221
-117
-49
50
135
137
197
175
151
143
137
71
79
133
135
339
419
523
483
295
131
-293
-547
-728
-790
-729
-503
-234
-29
131
282
298
229
135
-11
-201
-284
-295
-259
-198
-109
-35
98
139
207
201
180
144
139
131
84
114
135
263
371
483
532
450
254
36
-337
-565
-734
-766
-655
-411
-137
56
259
319
313
232
141
-22
-197
-268
-268
-211
-145
-52
-21
126
141
222
213
193
161
134
142
101
125
138
318
419
531
543
415
181
-34
-422
-636
-743
-748
-572
-318
-44
131
287
315
283
187
133
-37
-239
-285
-273
-222
-138
-42
62
123
145
211
195
166
145
142
75
96
123
133
323
419
514
494
342
151
-213
-489
-697
-777
-743
-550
-279
-37
123
276
294
243
142
-5
-175
-281
-304
-277
-215
-123
-40
63
118
143
194
178
145
148
122
75
79
127
210
335
419
500
455
295
135
-254
-508
-693
-752
-684
-485
-224
-34
135
288
297
229
138
-10
-161
-256
-273
-236
-189
-93
-37
105
133
207
211
186
151
134
138
103
117
142
265
377
470
507
451
276
131
-287
-524
-684
-733
-648
-421
-153
-14
146
308
297
233
134
-33
-191
-258
-266
-221
-158
-71
-40
114
137
212
191
183
155
130
133
89
122
141
276
372
479
499
399
181
-29
-388
-606
-731
-741
-620
-370
-101
116
237
285
273
180
131
-45
-236
-290
-282
-232
-156
-59
-34
117
127
180
178
145
139
133
65
57
97
138
283
378
475
474
345
138
-28
-442
-652
-744
-726
-571
-313
-53
133
257
273
244
147
9
-46
-247
-284
-265
-204
-120
-37
52
131
139
195
187
162
134
139
101
88
129
201
311
406
490
483
333
135
-81
-453
-637
-711
-676
-504
-240
-39
141
294
303
259
155
11
-42
-229
-254
-229
-169
-79
-31
110
142
199
209
187
167
148
136
135
113
134
247
340
419
507
467
311
133
-236
-481
-650
-723
-659
-463
-214
-25
130
279
294
233
135
-15
-159
-241
-268
-239
-175
-79
-33
89
126
162
175
163
147
139
133
75
101
135
239
342
419
479
398
214
-21
-335
-564
-701
-732
-647
-417
-165
-28
139
269
253
191
143
-35
-221
-278
-274
-237
-155
-77
-44
99
135
142
173
158
139
123
122
97
115
139
277
372
459
455
331
139
-44
-417
-615
-719
-700
-543
-297
-53
119
259
290
244
155
39
-29
-219
-261
-245
-183
-110
-42
70
130
139
199
189
181
155
134
138
127
134
231
311
419
487
462
309
144
-206
-460
-633
-703
-652
-456
-211
-39
138
277
286
229
134
-12
-159
-238
-258
-223
-156
-81
-40
100
134
187
193
183
166
143
137
123
119
138
248
342
419
474
403
217
-6
-326
-546
-686
-722
-632
-412
-153
-40
144
262
261
189
139
-44
-210
-263
-268
-226
-165
-70
-32
107
129
139
170
159
148
133
99
85
110
139
259
355
419
467
359
155
-34
-390
-605
-714
-723
-575
-358
-111
89
181
276
248
161
125
-39
-210
-262
-241
-201
-120
-37
15
120
138
180
181
165
153
138
133
117
135
191
302
404
483
483
343
133
-40
-415
-605
-695
-684
-525
-278
-35
129
275
303
255
161
117
-33
-206
-233
-221
-168
-85
-33
87
134
170
199
199
183
155
137
133
138
142
257
343
447
502
449
276
126
-266
-502
-658
-716
-638
-445
-172
-39
134
279
283
203
129
-21
-171
-241
-248
-222
-166
-71
-33
99
139
182
179
165
142
148
84
71
94
123
230
335
419
483
419
241
129
-303
-535
-685
-736
-659
-453
-201
-26
129
267
271
195
131
-29
-186
-256
-258
-225
-171
-77
-31
99
133
141
180
162
148
139
127
91
104
135
241
334
419
463
398
221
36
-300
-540
-661
-701
-605
-397
-154
-34
138
276
261
199
131
-30
-172
-230
-229
-193
-129
-44
-22
118
141
209
189
179
159
134
147
116
122
141
272
361
447
483
401
227
-12
-313
-523
-650
-685
-581
-372
-133
-6
139
287
275
195
142
-29
-179
-241
-238
-199
-118
-44
-15
120
134
183
180
151
141
135
120
96
115
139
258
347
419
451
355
177
-30
-370
-561
-690
-697
-585
-367
-117
1
139
248
231
154
91
-35
-221
-262
-255
-205
-141
-45
-25
112
126
131
159
142
134
131
79
85
115
141
262
351
419
419
318
132
-42
-418
-610
-702
-684
-540
-312
-61
123
229
267
232
147
18
-44
-215
-251
-236
-187
-107
-39
74
118
135
197
180
147
147
130
75
87
116
133
287
375
458
463
347
147
-37
-392
-605
-672
-663
-513
-301
-42
125
248
278
255
161
106
-45
-194
-230
-207
-163
-93
-30
73
125
142
181
183
179
127
133
110
101
130
148
292
385
451
419
295
134
-156
-438
-618
-696
-652
-490
-253
-33
131
244
259
221
138
-13
-138
-237
-255
-235
-174
-105
-42
63
127
138
154
148
147
148
87
84
103
120
135
292
379
419
379
231
67
-298
-521
-670
-722
-651
-454
-217
-33
127
250
245
185
139
-26
-181
-253
-259
-222
-167
-76
-33
85
127
127
167
163
139
132
94
84
112
133
255
340
419
463
379
187
-33
-342
-555
-671
-700
-605
-376
-129
-12
139
282
274
184
134
-37
-189
-241
-233
-193
-120
-40
25
123
136
195
189
177
154
142
143
123
133
148
291
374
447
459
349
147
-34
-387
-585
-687
-678
-538
-303
-62
120
245
277
245
150
70
-42
-213
-236
-234
-175
-103
-34
53
114
141
179
165
155
126
143
99
105
132
231
319
407
458
405
244
117
-287
-515
-678
-729
-658
-463
-213
-35
130
251
251
191
141
-29
-189
-267
-287
-245
-176
-97
-42
75
126
143
169
153
146
135
77
90
110
134
248
351
419
459
365
163
-35
-378
-605
-710
-720
-605
-372
-107
50
159
274
250
171
129
-39
-204
-253
-245
-207
-156
-47
-13
117
130
187
183
163
140
139
126
97
133
159
307
391
489
478
361
148
-31
-407
-605
-681
-681
-530
-294
-47
127
271
295
260
163
131
-34
-205
-247
-233
-172
-110
-42
80
127
135
191
180
163
139
131
131
115
135
243
339
419
485
419
262
134
-284
-522
-684
-727
-667
-460
-201
-38
138
275
276
214
132
-19
-181
-264
-283
-237
-172
-97
-31
87
125
135
177
156
133
130
69
73
105
143
257
355
419
483
388
187
-28
-376
-605
-726
-750
-637
-399
-126
-12
148
276
271
173
127
-33
-213
-275
-279
-222
-156
-57
-26
116
147
187
183
163
143
138
87
77
119
137
293
399
483
487
355
148
-42
-412
-618
-714
-690
-529
-300
-53
120
275
307
271
184
139
-35
-204
-256
-237
-181
-104
-38
74
125
206
212
191
169
145
137
85
106
120
231
323
419
499
483
342
145
-45
-428
-620
-703
-679
-515
-268
-33
133
276
299
251
155
35
-32
-237
-268
-245
-194
-114
-43
70
129
149
193
168
138
143
87
67
85
123
134
307
393
467
419
293
133
-233
-483
-652
-721
-687
-507
-250
-40
126
250
263
214
131
-14
-156
-254
-282
-239
-200
-112
-39
70
133
133
179
158
131
142
63
52
74
129
162
319
418
475
419
283
133
-258
-505
-663
-714
-666
-460
-204
-28
145
273
279
225
123
-12
-158
-248
-261
-231
-165
-76
-38
116
147
201
199
178
145
136
132
81
103
129
259
357
454
497
419
275
139
-270
-504
-652
-700
-626
-410
-158
-33
133
293
293
229
128
-19
-167
-243
-253
-220
-141
-53
-26
117
138
203
185
163
143
142
115
86
115
131
272
372
454
473
377
185
-26
-375
-579
-686
-710
-605
-364
-111
62
135
273
254
166
129
-29
-225
-279
-268
-234
-155
-61
-32
110
131
168
153
131
129
66
53
62
101
139
276
372
458
461
340
134
-42
-433
-631
-723
-714
-551
-326
-69
122
233
257
233
150
14
-39
-237
-268
-258
-206
-127
-42
69
123
133
191
170
145
139
111
65
85
127
198
331
419
485
465
319
131
-236
-473
-634
-707
-652
-475
-218
-28
135
287
291
251
144
-5
-93
-227
-253
-219
-156
-71
-38
111
139
208
207
180
148
139
137
81
105
133
255
353
455
490
419
253
125
-300
-524
-671
-707
-627
-427
-165
-34
139
282
275
206
143
-21
-189
-253
-258
-230
-160
-58
-26
103
135
183
179
151
130
132
71
77
97
135
267
367
451
463
353
135
-43
-428
-625
-719
-722
-579
-334
-81
111
207
270
234
143
17
-44
-241
-279
-268
-217
-130
-37
39
123
144
179
166
143
142
83
65
71
119
135
307
408
470
446
302
139
-223
-476
-646
-722
-673
-495
-239
-42
141
267
281
235
131
-7
-141
-234
-259
-236
-159
-74
-33
101
148
223
207
183
148
141
133
96
116
145
267
370
453
503
419
247
116
-305
-524
-653
-697
-605
-401
-153
-30
137
283
276
207
135
-30
-173
-227
-241
-198
-140
-46
-26
128
138
195
191
163
132
129
77
81
116
135
258
366
419
471
387
194
-25
-349
-556
-691
-709
-606
-391
-150
-28
131
259
244
159
126
-38
-213
-262
-261
-215
-144
-55
-31
99
129
134
153
139
145
78
53
69
107
139
270
357
447
454
353
156
-34
-410
-605
-715
-706
-570
-358
-101
84
139
266
233
148
57
-48
-206
-247
-234
-187
-111
-35
62
123
142
189
175
150
131
139
83
94
133
145
310
404
475
478
351
131
-37
-409
-605
-688
-671
-528
-299
-50
122
259
283
250
161
109
-37
-189
-221
-204
-153
-69
-44
81
130
131
197
182
154
142
135
86
116
135
244
330
419
483
451
308
136
-191
-463
-627
-692
-665
-495
-261
-33
119
244
260
211
134
-14
-127
-229
-236
-213
-156
-77
-30
89
123
135
175
152
127
137
75
80
99
131
229
330
403
451
395
239
123
-273
-512
-668
-714
-654
-473
-246
-31
134
239
239
179
137
-23
-165
-229
-237
-217
-144
-63
-38
91
120
147
165
161
135
131
91
94
116
143
270
351
419
451
389
214
0
-301
-526
-652
-686
-605
-409
-171
-33
139
247
241
177
143
-19
-155
-205
-209
-178
-107
-29
65
123
133
186
186
163
147
110
138
107
133
213
307
389
463
468
372
195
-26
-335
-530
-638
-655
-578
-377
-138
-26
145
251
231
163
139
-33
-171
-201
-204
-161
-99
-42
52
115
135
139
169
143
141
125
83
93
134
135
278
371
419
419
330
149
-39
-370
-566
-670
-669
-575
-367
-138
-29
135
227
203
131
7
-45
-195
-236
-236
-174
-107
-33
11
102
135
131
148
134
126
70
62
85
120
139
277
369
419
417
323
142
-44
-383
-573
-668
-674
-556
-357
-120
-25
143
241
211
146
22
-42
-175
-204
-205
-156
-81
-28
78
123
129
181
173
147
147
133
88
111
133
239
327
413
481
449
323
144
-40
-396
-577
-662
-640
-497
-275
-50
117
241
251
217
146
18
-40
-181
-211
-185
-136
-61
-33
99
125
145
185
166
139
139
91
84
99
135
257
334
407
457
419
299
138
-44
-419
-605
-666
-645
-502
-300
-74
111
147
230
195
129
7
-45
-193
-234
-209
-155
-63
-29
78
123
141
143
139
142
107
59
52
74
123
143
293
371
419
403
294
147
-37
-383
-559
-669
-660
-538
-333
-114
-23
123
212
191
138
15
-44
-193
-215
-209
-156
-77
-46
61
116
135
137
155
127
135
69
67
86
131
138
289
356
419
413
339
159
-23
-319
-509
-619
-621
-537
-339
-127
-29
135
229
219
151
133
-29
-146
-189
-181
-133
-71
-30
74
120
146
179
177
154
136
129
93
99
126
134
283
366
419
419
325
163
-26
-318
-496
-605
-605
-514
-338
-125
-35
143
217
212
148
81
-35
-169
-197
-195
-145
-77
-30
67
122
139
148
153
134
130
67
59
78
116
131
263
337
398
382
299
148
-37
-336
-514
-619
-620
-522
-338
-145
-34
125
203
178
145
11
-44
-175
-204
-204
-156
-81
-38
53
110
141
139
141
135
89
63
62
77
116
129
261
335
383
377
283
134
-40
-351
-518
-605
-586
-475
-301
-80
34
135
213
185
141
19
-43
-165
-199
-173
-133
-58
-38
89
117
135
155
156
133
128
84
81
91
123
171
279
353
403
387
280
137
-42
-315
-474
-548
-547
-468
-286
-75
51
145
207
181
131
33
-37
-138
-172
-149
-107
-53
-37
77
117
129
167
149
134
127
72
66
86
116
134
258
319
363
357
266
135
-43
-332
-488
-566
-572
-467
-289
-96
-17
146
195
160
137
7
-35
-169
-189
-175
-126
-70
-25
62
107
132
143
131
98
80
52
57
69
113
135
235
308
341
329
234
142
-40
-351
-492
-560
-556
-447
-277
-85
-22
130
139
153
138
-3
-32
-166
-175
-161
-113
-51
-39
69
129
145
131
143
146
89
74
66
84
117
142
244
306
356
347
273
142
-26
-289
-438
-522
-524
-443
-284
-107
-43
129
199
163
135
40
-30
-109
-152
-138
-96
-40
-40
83
134
143
167
148
139
135
85
73
84
116
139
244
309
339
340
279
163
-25
-258
-413
-507
-515
-458
-316
-140
-38
116
134
156
131
29
-26
-113
-153
-155
-112
-70
-29
46
98
126
133
135
131
99
63
59
71
94
123
147
261
293
307
261
134
-26
-248
-409
-510
-524
-476
-351
-191
-25
91
131
135
97
34
-21
-135
-159
-162
-141
-74
7
-9
75
114
123
135
122
91
85
88
81
96
134
151
262
307
308
255
147
-17
-236
-396
-487
-508
-460
-331
-161
-37
98
127
142
135
52
-9
-44
-133
-125
-103
-55
-39
61
107
139
141
148
143
130
131
87
101
120
139
234
287
322
339
275
169
-1
-219
-378
-465
-492
-445
-329
-165
-47
105
135
139
132
53
-12
-45
-113
-130
-109
-63
-44
32
94
127
135
142
137
125
99
84
142
107
133
212
259
296
308
259
149
-25
-226
-393
-478
-514
-461
-345
-185
-42
73
118
127
78
21
-28
-93
-150
-146
-120
-76
-47
-15
66
94
119
131
116
99
87
84
91
113
120
182
247
289
295
222
139
-28
-257
-400
-483
-505
-444
-327
-168
-31
74
126
119
87
26
-22
-31
-141
-134
-103
-48
-35
50
85
127
139
134
142
138
105
103
105
117
131
239
281
307
305
245
141
-18
-230
-366
-441
-467
-426
-315
-155
-31
89
129
133
127
60
-7
-37
-107
-110
-85
-44
-39
52
97
120
134
148
145
134
145
133
126
117
183
247
279
309
294
203
134
-33
-275
-406
-486
-485
-424
-284
-139
-42
64
97
107
83
30
-21
-44
-109
-117
-97
-49
-39
25
83
115
127
137
133
110
102
100
116
131
134
238
271
279
257
163
84
-145
-329
-437
-493
-495
-417
-282
-130
-37
63
70
77
53
2
-26
-39
-93
-105
-70
