13
10
2
4
12
7
10
5
11
-5
1
2
-7
7
9
2
-1
2
-7
-9
4
-2
-17
-9
-12
-2
-15
-22
-11
-13
-16
-13
-19
-13
-21
-21
-19
-25
-33
-15
-27
-15
-29
-23
-24
-28
-19
-21
-18
-29
-23
-28
-25
-23
-28
-24
-24
-21
-27
-28
-26
-33
-34
-43
-41
-30
-31
-24
-40
-37
-30
-39
-34
-18
-25
-21
-19
-13
-27
-31
-15
-13
-26
-25
-13
-15
-14
-12
-12
-13
-9
-10
-12
-12
-3
-14
-14
-11
-2
-6
-15
-2
-1
-12
-3
-9
-11
-11
-15
-5
-7
7
-5
4
-6
3
-1
2
-3
-3
7
4
1
-3
3
3
9
2
12
17
11
3
11
15
15
11
18
15
11
8
9
14
10
2
10
-4
-1
1
-3
-7
-9
-2
-11
-12
-12
-12
-10
-12
-12
-6
-12
-6
-17
-13
-7
-12
-14
-9
-12
-6
-13
-28
-15
-19
-18
-12
-28
-15
-17
-38
-30
-28
-21
-37
-29
-37
-30
-29
-44
-28
-25
-29
-22
-28
-28
-21
-25
-29
-30
-17
-24
-21
-14
-25
-25
-19
-19
-12
-25
-13
-13
-28
-21
-23
-28
-29
-21
-17
-27
-18
-14
-12
-9
-2
-5
-7
-5
5
1
1
1
2
-2
-5
-5
0
1
3
6
-11
4
-8
-11
-9
-9
-7
-8
2
-6
-3
-1
0
-7
5
5
3
10
6
15
20
31
32
27
20
22
23
26
33
18
18
21
15
17
9
3
9
-1
5
5
2
-10
-9
-12
-11
3
-12
-12
-6
-12
-12
-11
-8
-9
-6
-9
-7
3
3
1
-12
10
9
13
11
-7
-15
-19
-5
-6
-18
-12
-6
-21
-13
-21
-25
-46
-28
-37
-34
-37
-44
-37
-34
-29
-29
-13
-23
-25
-28
-25
-8
-12
-12
-9
-11
-2
-6
-15
-12
-17
-13
-11
1
-19
-14
-27
-15
-31
-33
-45
-42
-44
-37
-41
-38
-44
-37
-28
-21
-2
-9
-1
4
3
27
37
26
39
42
45
46
38
38
35
40
38
26
20
6
-2
-8
-19
-14
-29
-29
-30
-45
-45
-41
-38
-37
-34
-34
-6
7
27
31
38
54
69
67
71
83
90
84
84
93
90
81
86
75
53
35
25
5
-22
-33
-44
-98
-121
-122
-133
-133
-125
-114
-97
-69
-62
-44
-29
-29
10
33
46
75
86
109
116
131
135
183
209
249
281
311
276
191
131
-30
-205
-284
-359
-385
-382
-357
-309
-238
-193
-154
-108
-78
-46
-44
-38
-60
-76
-93
-78
-79
-65
-28
-32
54
130
235
338
419
531
579
551
402
194
24
-160
-297
-370
-405
-382
-330
-262
-177
-120
-69
-43
-13
29
35
35
14
-12
-30
-43
-44
-56
-50
-43
-38
-28
-7
-5
-18
-38
-30
-38
-27
-13
-13
11
19
21
9
3
3
31
-13
-19
3
23
4
20
38
59
68
86
84
84
86
79
84
84
74
78
67
67
54
43
27
18
3
-9
-28
-17
-43
-44
-54
-57
-54
-51
-46
-35
-44
-37
-11
15
27
43
54
67
65
65
73
69
79
79
53
65
50
35
20
3
-1
-27
-41
-82
-113
-141
-156
-169
-167
-160
-151
-144
-140
-119
-76
-73
-50
-33
-43
13
42
52
74
90
106
125
147
229
295
381
471
531
474
328
151
-22
-232
-337
-407
-439
-413
-355
-296
-209
-153
-97
-57
-31
-41
-10
-15
-29
-41
-135
-149
-146
-144
-127
-103
-65
-27
-27
39
71
104
129
139
232
319
401
519
617
635
503
375
142
-41
-266
-337
-396
-411
-366
-293
-215
-146
-81
-33
-25
33
37
41
10
-12
-23
-35
-106
-117
-111
-121
-93
-60
-42
-53
-16
7
11
15
21
46
75
106
135
250
350
477
578
600
521
337
175
-28
-284
-384
-427
-457
-425
-361
-272
-200
-117
-87
-45
-39
-5
0
-7
-13
-37
-98
-127
-155
-157
-159
-141
-109
-97
-54
-34
-28
1
18
49
83
133
228
335
458
577
641
590
419
244
135
-255
-381
-445
-469
-472
-389
-309
-215
-135
-73
-42
-25
21
23
4
-21
-39
-93
-130
-145
-161
-156
-140
-135
-93
-45
-29
-7
39
67
90
127
139
293
399
522
649
707
635
463
219
116
-197
-284
-439
-495
-457
-365
-282
-202
-121
-41
-29
27
52
57
43
1
-33
-30
-108
-143
-166
-159
-142
-125
-95
-50
-39
-39
36
49
90
127
143
291
401
520
651
730
689
520
283
137
-187
-275
-429
-523
-504
-399
-331
-245
-171
-98
-41
-39
21
20
10
-30
-32
-102
-125
-157
-193
-202
-193
-172
-141
-109
-76
-38
-33
-13
50
87
132
247
350
478
611
719
695
547
323
135
-29
-334
-382
-465
-534
-461
-357
-277
-193
-129
-67
-29
-29
4
3
-12
-25
-39
-118
-144
-169
-178
-185
-154
-125
-101
-53
-37
-27
52
73
116
131
275
379
515
661
766
738
571
323
135
-35
-313
-401
-439
-510
-472
-360
-240
-177
-111
-62
-27
22
46
20
14
-32
-43
-77
-122
-157
-169
-172
-159
-124
-73
-44
-28
43
84
119
135
242
313
419
564
724
818
747
552
275
121
-209
-333
-457
-427
-466
-475
-373
-241
-171
-124
-54
-41
-27
20
3
-14
-38
-109
-134
-166
-194
-203
-197
-177
-140
-108
-62
-39
29
87
125
137
281
393
542
694
811
766
569
308
130
-230
-376
-453
-522
-435
-443
-427
-328
-203
-145
-109
-75
-41
-37
-7
-15
-39
-44
-122
-159
-189
-215
-210
-200
-154
-122
-53
-34
39
106
127
247
340
468
619
790
871
788
567
269
49
-267
-401
-473
-476
-485
-322
-332
-304
-181
-86
-54
-57
-39
-37
7
-23
-38
-69
-109
-172
-198
-204
-203
-190
-125
-58
-34
39
87
135
232
325
419
552
695
855
885
746
483
177
-33
-314
-443
-497
-473
-457
-295
-286
-264
-174
-77
-48
-54
-46
-30
-33
-31
-41
-109
-150
-197
-213
-226
-215
-193
-144
-82
-41
-30
79
122
211
334
451
596
763
887
842
647
347
137
-230
-414
-527
-567
-521
-465
-315
-219
-271
-207
-117
-65
-79
-77
-53
-44
-93
-118
-139
-176
-231
-261
-267
-226
-183
-118
-62
-42
66
127
191
319
419
563
751
894
899
711
419
133
-39
-363
-499
-567
-540
-443
-362
-190
-146
-187
-125
-45
-34
-33
-53
-28
-35
-106
-129
-163
-202
-234
-236
-222
-181
-131
-56
-45
89
122
226
322
419
547
724
899
949
787
506
211
-25
-316
-453
-535
-549
-460
-319
-273
-77
-105
-131
-54
-32
-13
-21
-44
-62
-79
-125
-156
-187
-231
-248
-245
-202
-154
-85
-44
58
122
177
308
409
539
691
851
911
775
535
194
-23
-332
-474
-550
-583
-526
-407
-281
-185
-49
-146
-117
-61
-37
-29
-76
-103
-95
-134
-158
-186
-223
-265
-276
-241
-194
-137
-70
-41
65
119
219
341
468
615
790
916
847
628
310
131
-271
-431
-539
-605
-565
-450
-303
-223
-61
-34
-117
-72
-33
-5
-33
-37
-75
-82
-137
-167
-204
-221
-255
-242
-199
-142
-81
-44
56
115
179
308
419
587
746
923
948
766
477
163
-44
-357
-477
-553
-565
-491
-357
-215
-142
-34
-26
-60
-31
20
-3
-14
-31
-43
-87
-133
-161
-203
-236
-245
-221
-173
-125
-71
-35
93
145
278
387
523
679
865
981
889
631
297
117
-279
-444
-546
-605
-541
-449
-303
-183
-122
-35
-33
-76
-44
-29
-26
-44
-93
-79
-140
-181
-219
-243
-269
-282
-237
-187
-122
-66
-12
109
139
306
419
575
743
916
907
733
419
137
-87
-401
-524
-606
-605
-524
-394
-239
-162
-53
-27
-40
-51
-44
-23
-35
-93
-87
-106
-149
-187
-209
-239
-261
-255
-207
-153
-93
-33
59
131
234
363
525
679
866
1027
928
690
346
135
-263
-447
-552
-585
-550
-462
-301
-181
-115
-28
39
-28
-28
11
-7
-39
-108
-101
-109
-151
-199
-222
-241
-253
-225
-143
-76
-54
70
132
274
378
507
661
866
1059
990
747
419
133
-215
-414
-529
-605
-581
-489
-357
-217
-93
-77
-12
-17
-15
-3
20
-27
-112
-140
-137
-183
-221
-245
-268
-270
-249
-190
-124
-59
-25
109
147
326
459
601
775
970
993
785
475
148
-53
-430
-556
-605
-620
-541
-412
-268
-157
-85
-33
25
-33
-42
-28
-43
-108
-139
-137
-157
-199
-258
-277
-294
-298
-235
-153
-80
-37
84
137
290
402
535
690
884
1014
894
623
287
1
-319
-483
-574
-620
-572
-460
-327
-181
-49
-50
78
-9
-34
-31
-12
-37
-106
-119
-118
-164
-199
-242
-265
-270
-251
-198
-103
-33
46
121
243
361
500
651
851
1067
1059
823
486
148
-37
-410
-551
-607
-605
-514
-376
-241
-115
-54
-26
77
-11
-21
-16
-25
-39
-122
-109
-145
-200
-267
-286
-300
-280
-235
-165
-65
-28
103
140
325
458
603
788
991
1027
832
522
163
-39
-411
-536
-627
-637
-559
-455
-299
-164
-53
-82
-17
-7
-37
-35
-44
-114
-170
-185
-177
-221
-277
-325
-316
-309
-273
-206
-111
-37
58
135
279
411
553
740
959
1057
892
582
234
-28
-375
-529
-631
-651
-584
-469
-319
-172
-56
-77
-39
39
-43
-40
-29
-29
-117
-144
-129
-160
-223
-279
-291
-302
-268
-236
-136
-42
-22
135
245
371
530
698
931
1114
1031
726
375
134
-273
-466
-605
-632
-586
-487
-350
-205
-82
-31
-26
101
11
-9
11
-12
-45
-141
-156
-155
-204
-249
-284
-289
-283
-251
-155
-76
-34
84
144
298
419
570
755
987
1081
894
583
226
-39
-384
-527
-622
-645
-570
-455
-302
-171
-44
-71
-25
29
-10
-23
-22
-34
-139
-159
-155
-193
-247
-300
-327
-332
-305
-251
-157
-61
-38
118
145
355
504
675
915
1086
970
671
312
27
-332
-522
-622
-666
-620
-508
-353
-215
-108
-39
-29
106
-12
-5
-12
-9
-33
-137
-149
-162
-219
-273
-314
-321
-305
-268
-185
-117
-34
64
143
293
402
592
795
1043
1140
931
613
245
-22
-359
-524
-620
-638
-563
-453
-294
-149
-38
-30
103
97
19
18
15
-13
-37
-122
-114
-147
-185
-238
-253
-279
-268
-236
-171
-79
-40
93
148
315
457
617
838
1075
1135
899
564
181
-43
-399
-541
-620
-635
-557
-419
-270
-135
-43
-27
90
102
20
11
7
-11
-95
-147
-143
-181
-245
-296
-327
-331
-300
-250
-172
-93
-43
117
139
350
504
675
907
1120
1051
755
391
141
-278
-487
-614
-665
-642
-534
-391
-242
-114
-40
-15
118
46
10
9
58
-15
-44
-133
-169
-230
-275
-301
-343
-345
-315
-249
-174
-86
-37
102
138
345
502
675
931
1173
1123
820
469
130
-232
-456
-572
-642
-620
-524
-381
-219
-106
-39
34
127
132
35
31
46
-3
-26
-143
-171
-219
-295
-333
-350
-333
-282
-216
-109
-24
89
147
314
455
601
802
1045
1199
1034
711
327
67
-325
-501
-605
-638
-576
-472
-330
-186
-54
-31
31
125
129
15
22
20
-26
-33
-151
-170
-235
-293
-334
-357
-342
-307
-249
-154
-60
-43
122
244
374
534
731
994
1187
1077
759
387
133
-301
-506
-623
-684
-644
-526
-383
-236
-95
-33
4
116
64
-9
-9
-9
-44
-166
-204
-209
-269
-327
-374
-375
-341
-299
-221
-129
-41
93
139
335
483
630
831
1099
1155
918
569
179
-44
-412
-557
-642
-661
-578
-452
-293
-165
-44
-22
46
122
37
7
13
20
-29
-145
-194
-215
-278
-336
-349
-336
-303
-242
-147
-44
-13
125
265
399
555
740
1003
1230
1155
839
468
135
-236
-465
-605
-654
-626
-522
-380
-231
-100
-31
31
109
127
21
19
21
-31
-133
-200
-221
-266
-333
-374
-365
-318
-239
-150
-39
78
142
304
457
617
803
1083
1206
1059
719
315
3
-359
-542
-654
-700
-643
-509
-367
-210
-106
-38
15
74
131
-9
-12
-27
-25
-194
-268
-289
-330
-383
-402
-375
-302
-211
-117
-29
116
142
334
497
666
903
1171
1195
931
563
163
-39
-442
-605
-690
-684
-605
-468
-309
-174
-67
-32
6
121
51
-11
-27
-37
-138
-221
-282
-309
-362
-394
-378
-301
-209
-109
-29
116
242
363
500
660
866
1146
1267
1057
687
283
-21
-386
-559
-669
-690
-611
-488
-322
-189
-76
-39
36
84
148
-18
-27
-45
-117
-189
-239
-249
-295
-333
-330
-280
-179
-76
-37
127
279
411
559
724
994
1235
1266
918
535
137
-226
-473
-626
-710
-705
-605
-439
-284
-172
-74
-28
-10
99
54
-28
-102
-119
-169
-239
-293
-316
-323
-355
-348
-275
-160
-50
32
145
343
477
619
811
1091
1227
1051
711
314
-15
-375
-572
-694
-736
-678
-539
-401
-249
-141
-61
-28
-14
93
-23
-66
-109
-140
-226
-281
-305
-316
-350
-355
-303
-204
-93
-31
121
301
447
599
786
1050
1279
1183
835
419
133
-285
-502
-641
-718
-683
-556
-417
-269
-141
-44
-43
-10
109
50
-30
-54
-112
-191
-267
-316
-317
-350
-357
-300
-203
-78
-31
131
308
419
579
742
981
1225
1275
1003
619
212
-33
-426
-605
-681
-679
-605
-448
-301
-181
-62
-34
-21
88
52
-23
-33
-66
-154
-242
-309
-320
-352
-393
-362
-258
-140
-29
121
263
387
529
675
881
1155
1269
1049
691
287
-28
-386
-579
-691
-727
-666
-538
-386
-245
-134
-59
-37
-33
85
-27
-137
-153
-160
-232
-270
-296
-318
-369
-367
-309
-187
-76
-40
139
318
465
603
786
1051
1227
1140
802
417
137
-311
-523
-661
-718
-683
-570
-439
-283
-158
-76
-29
-46
87
-28
-125
-129
-146
-213
-258
-290
-301
-343
-350
-289
-178
-44
17
129
359
503
661
837
1123
1299
1155
795
389
139
-303
-522
-651
-699
-653
-538
-395
-265
-141
-50
-41
-34
111
-16
-78
-121
-117
-187
-239
-277
-284
-326
-328
-285
-162
-39
83
139
388
531
660
842
1141
1331
1159
798
379
130
-339
-538
-670
-714
-659
-540
-412
-267
-143
-66
-34
-35
73
-34
-137
-153
-171
-242
-254
-278
-314
-350
-361
-285
-183
-65
-13
141
375
515
651
834
1122
1279
1123
759
369
130
-363
-563
-680
-727
-683
-556
-411
-268
-169
-69
-71
-34
27
-37
-140
-144
-173
-234
-283
-309
-315
-358
-350
-285
-173
-49
95
215
407
547
686
883
1163
1330
1123
747
340
61
-350
-558
-668
-700
-646
-522
-374
-231
-125
-39
-76
-44
19
-27
-117
-122
-173
-235
-273
-279
-316
-353
-322
-242
-109
-42
118
317
475
611
766
980
1211
1331
1089
703
297
-21
-381
-549
-658
-680
-605
-478
-332
-205
-121
-35
-65
54
-15
-130
-130
-125
-197
-230
-273
-277
-322
-354
-316
-223
-97
-24
148
345
498
609
771
994
1237
1306
993
587
170
-44
-450
-605
-689
-700
-620
-498
-345
-232
-125
-73
-73
-12
-37
-155
-146
-143
-206
-250
-268
-293
-361
-376
-343
-235
-108
-36
138
346
491
643
803
1059
1299
1257
915
519
134
-226
-501
-631
-705
-706
-611
-476
-332
-206
-108
-95
-46
25
-40
-139
-122
-130
-187
-232
-263
-300
-354
-358
-299
-190
-54
99
263
419
579
723
916
1219
1383
1239
816
391
146
-323
-533
-657
-699
-658
-547
-401
-259
-155
-59
-97
-33
19
-38
-127
-96
-122
-171
-226
-236
-289
-343
-332
-257
-136
-27
133
327
483
613
763
979
1250
1395
1122
724
295
-14
-391
-570
-689
-727
-654
-533
-379
-245
-139
-44
-109
-33
-13
-134
-153
-121
-172
-230
-282
-289
-339
-381
-338
-237
-99
-37
142
350
523
650
821
1107
1347
1251
890
486
139
-281
-510
-657
-744
-727
-633
-491
-341
-219
-131
-65
-99
-29
-45
-156
-167
-155
-217
-268
-302
-317
-367
-370
-294
-179
-44
129
291
469
619
766
987
1219
1323
1059
660
243
-38
-427
-617
-701
-716
-647
-506
-365
-234
-137
-44
-37
-39
1
-77
-142
-134
-161
-226
-273
-298
-328
-348
-331
-237
-93
-27
130
386
545
679
852
1121
1359
1274
907
513
143
-247
-486
-613
-691
-670
-571
-433
-274
-164
-76
-34
-48
95
-23
-124
-146
-149
-216
-267
-294
-303
-346
-335
-284
-159
-30
127
291
446
579
725
931
1206
1287
1027
649
248
-30
-414
-605
-710
-724
-652
-531
-363
-245
-134
-57
-108
-44
-6
-125
-158
-155
-203
-263
-305
-315
-346
-371
-359
-268
-133
-37
122
291
419
575
718
931
1195
1239
931
564
185
-49
-449
-609
-716
-714
-642
-489
-335
-209
-109
-108
-46
53
-39
-133
-125
-139
-204
-247
-269
-278
-342
-365
-322
-226
-97
-43
129
335
475
610
771
998
1227
1183
881
514
136
-200
-461
-611
-685
-684
-605
-434
-299
-161
-75
-77
-35
29
-42
-95
-81
-140
-193
-238
-241
-283
-326
-327
-277
-184
-71
-28
148
353
481
627
787
1031
1235
1175
859
485
139
-238
-475
-620
-697
-677
-571
-434
-293
-154
-81
-85
31
-11
-32
-105
-99
-166
-230
-255
-250
-307
-359
-357
-304
-207
-97
-31
131
297
419
571
714
931
1179
1127
847
490
135
-218
-470
-618
-706
-701
-606
-460
-315
-173
-129
-101
51
-34
-30
-76
-74
-159
-217
-253
-254
-307
-360
-363
-322
-257
-144
-39
109
199
355
485
629
790
1042
1172
1015
695
319
79
-331
-513
-638
-680
-623
-504
-357
-219
-140
-98
50
-7
-29
-35
-30
-41
-142
-191
-194
-253
-309
-345
-325
-281
-213
-106
-37
121
273
385
523
657
866
1134
1215
981
649
274
-18
-354
-519
-636
-635
-572
-455
-301
-193
-133
-33
54
-23
-18
3
-15
-43
-140
-161
-191
-247
-315
-332
-319
-310
-231
-113
-30
114
215
362
506
655
831
1065
1155
963
632
257
-25
-363
-540
-647
-657
-607
-476
-335
-219
-154
-32
-10
-32
-45
-37
-40
-43
-158
-173
-230
-284
-335
-365
-363
-332
-251
-129
-41
121
232
372
517
661
858
1091
1107
868
545
166
-38
-398
-572
-655
-652
-557
-427
-315
-209
-85
25
-21
-34
-41
3
-15
-44
-128
-143
-205
-267
-301
-326
-327
-287
-205
-105
-43
125
217
361
483
623
803
1049
1143
955
635
257
-17
-330
-508
-605
-625
-556
-437
-313
-236
-35
-7
-33
-27
35
22
-12
-29
-83
-111
-172
-235
-274
-301
-315
-300
-229
-129
-38
96
141
345
478
597
776
1027
1173
1027
711
355
135
-288
-476
-605
-645
-583
-475
-362
-277
-43
-44
-73
-50
-34
10
-22
-41
-99
-140
-202
-261
-295
-343
-363
-332
-268
-167
-56
-6
145
309
419
547
703
914
1087
1003
731
387
138
-255
-459
-586
-653
-620
-527
-395
-306
-77
-71
-105
-62
-34
1
-18
-39
-41
-118
-190
-238
-284
-331
-360
-337
-277
-179
-74
-29
142
283
401
528
667
859
1091
1094
861
535
179
-37
-380
-518
-619
-620
-539
-427
-332
-101
-108
-105
-54
-37
25
-1
-12
-14
-37
-139
-194
-251
-296
-338
-339
-295
-208
-111
-31
119
261
383
500
623
783
1018
1147
1024
714
359
134
-262
-442
-550
-620
-573
-474
-382
-173
-93
-127
-73
-38
20
5
-17
-27
-39
-137
-174
-229
-269
-334
-347
-311
-237
-151
-34
85
135
335
452
575
722
948
1103
996
709
385
143
-275
-462
-574
-636
-620
-527
-405
-241
-105
-145
-111
-45
-29
-12
-17
-37
-83
-145
-209
-261
-302
-345
-373
-342
-272
-173
-58
10
133
311
419
568
719
916
1113
1044
766
419
143
-226
-425
-553
-639
-608
-530
-396
-295
-71
-111
-108
-57
-41
4
-15
-23
-33
-108
-179
-236
-285
-337
-361
-345
-265
-156
-29
101
148
359
469
591
745
963
1135
1062
785
449
131
-209
-427
-540
-624
-578
-485
-365
-277
-75
-37
-75
-42
-44
27
7
-28
-36
-117
-175
-229
-287
-325
-337
-318
-238
-122
-38
119
271
399
507
642
802
1019
1119
981
675
315
131
-306
-482
-605
-640
-605
-476
-369
-266
-105
-37
-76
-61
-45
5
-20
-43
-142
-172
-245
-300
-343
-363
-357
-314
-221
-98
-37
133
287
401
519
643
810
1022
1065
873
567
215
-42
-373
-526
-620
-654
-582
-460
-349
-245
-81
-26
-43
-67
-41
9
-27
-41
-122
-175
-253
-322
-357
-369
-349
-300
-203
-54
59
134
350
477
596
735
927
1107
1059
805
478
145
-45
-414
-556
-620
-613
-526
-401
-298
-178
-54
38
-25
-35
-28
14
-28
-108
-161
-199
-261
-301
-336
-321
-295
-230
-119
-35
127
273
399
519
635
786
999
1131
1022
743
397
142
-241
-448
-586
-638
-606
-508
-379
-251
-174
-27
15
-37
-29
-32
-33
-104
-171
-179
-213
-257
-321
-345
-331
-297
-226
-98
-43
139
302
419
573
688
866
1047
1059
842
538
187
-31
-379
-540
-648
-648
-605
-465
-342
-213
-161
-33
-10
-41
-73
-50
-78
-157
-213
-231
-247
-303
-334
-342
-310
-249
-154
-30
119
244
367
511
632
758
949
1073
994
714
376
139
-262
-460
-605
-652
-606
-511
-383
-270
-156
-81
42
-21
-38
-40
-41
-72
-159
-189
-213
-265
-314
-331
-313
-267
-178
-53
84
133
350
490
615
738
931
1131
1090
827
504
155
-39
-386
-540
-623
-610
-540
-411
-285
-203
-108
-44
50
-23
-31
-37
-44
-130
-187
-200
-229
-295
-320
-300
-251
-191
-77
-14
139
331
451
563
687
853
1044
1077
884
569
217
-33
-358
-530
-631
-649
-580
-477
-338
-240
-137
-59
54
-15
-44
-76
-81
-159
-236
-237
-229
-277
-329
-327
-300
-245
-159
-38
121
247
369
491
601
731
926
1051
961
691
350
132
-269
-465
-608
-658
-626
-542
-397
-285
-179
-139
-35
-3
-44
-101
-73
-137
-193
-234
-225
-254
-300
-318
-294
-240
-160
-49
80
134
353
486
606
724
915
1094
1061
829
499
150
-41
-407
-551
-626
-639
-561
-444
-299
-213
-108
-37
78
-6
-34
-39
-39
-162
-221
-226
-236
-283
-314
-290
-236
-171
-58
23
143
350
469
595
714
885
1082
1099
894
575
231
-22
-350
-508
-610
-634
-572
-460
-339
-236
-140
-62
62
-21
-43
-41
-41
-133
-215
-256
-275
-329
-362
-346
-300
-226
-119
-29
131
291
404
535
663
803
980
1064
911
630
292
46
-312
-501
-630
-657
-616
-521
-379
-291
-172
-125
-44
20
-37
-109
-108
-149
-213
-250
-244
-269
-325
-339
-300
-253
-157
-43
84
139
340
459
575
693
875
1043
1027
803
497
154
-37
-376
-539
-628
-620
-550
-445
-307
-204
-149
-27
14
-41
-74
-38
-76
-157
-204
-203
-241
-297
-329
-313
-274
-225
-114
-39
129
287
411
547
667
803
994
1076
962
683
340
129
-253
-443
-565
-607
-563
-489
-363
-258
-130
-95
-28
-15
-37
-31
-38
-108
-149
-197
-198
-237
-290
-306
-281
-247
-172
-46
62
148
315
453
563
693
841
1015
1042
834
535
193
-34
-369
-529
-619
-638
-565
-476
-324
-219
-186
-32
-11
-42
-104
-51
-78
-158
-194
-194
-245
-310
-334
-337
-313
-268
-177
-53
84
134
350
468
577
707
881
1012
948
699
383
143
-241
-446
-581
-646
-614
-538
-430
-298
-187
-142
-37
-30
-86
-78
-54
-109
-161
-185
-175
-236
-300
-319
-305
-279
-213
-93
-37
127
277
401
519
631
777
952
1019
883
619
276
36
-284
-462
-574
-615
-576
-485
-346
-229
-183
-37
23
-39
-49
-42
-34
-39
-130
-140
-177
-249
-299
-306
-288
-237
-183
-59
23
141
317
419
535
649
790
991
1039
868
615
277
62
-289
-463
-584
-615
-559
-481
-347
-243
-187
-30
-6
-42
-69
-39
-38
-113
-157
-167
-210
-282
-329
-333
-321
-281
-183
-97
-32
131
261
383
490
611
756
927
1007
859
592
261
-18
-311
-476
-605
-629
-605
-511
-363
-271
-204
-45
-27
-98
-75
-39
-46
-106
-149
-169
-199
-286
-330
-343
-344
-314
-232
-124
-38
118
251
357
483
607
725
905
1017
931
679
362
135
-237
-430
-560
-608
-605
-504
-363
-265
-215
-32
-21
-38
-58
-44
-29
-31
-118
-121
-169
-236
-299
-318
-317
-299
-236
-125
-67
103
141
347
469
587
714
887
994
994
756
459
135
-43
-379
-522
-605
-582
-511
-391
-281
-211
-49
-5
-34
-44
-39
-29
-34
-103
-119
-149
-223
-273
-299
-313
-317
-284
-194
-74
-44
131
274
372
484
607
747
923
985
866
598
274
46
-290
-472
-587
-620
-605
-501
-387
-281
-173
-37
-93
-103
-65
-42
-54
-119
-137
-143
-213
-281
-310
-320
-334
-322
-258
-159
-57
20
137
308
414
527
643
815
961
946
747
451
146
-37
-378
-525
-614
-605
-553
-429
-325
-261
-62
-45
-97
-65
-39
-31
-39
-93
-102
-140
-210
-261
-299
-311
-307
-265
-170
-69
-29
100
275
379
500
623
773
953
1009
875
611
287
111
-284
-443
-558
-611
-606
-471
-370
-251
-155
-43
-25
-69
-45
-33
-18
-43
-93
-103
-159
-222
-280
-300
-302
-284
-207
-106
-38
111
145
343
459
571
691
849
1005
957
689
419
130
-44
-393
-535
-608
-609
-534
-414
-318
-254
-53
-39
-108
-85
-16
-29
-33
-109
-115
-155
-221
-284
-331
-331
-332
-284
-191
-76
-44
131
276
387
506
623
763
931
961
792
517
202
-23
-342
-507
-605
-621
-581
-504
-384
-284
-159
-35
-121
-102
-64
-59
-33
-101
-105
-133
-199
-267
-313
-335
-331
-297
-207
-105
-43
127
258
370
484
593
747
923
1034
903
643
346
131
-238
-434
-556
-610
-586
-510
-396
-282
-216
-40
-31
-95
-73
-43
-27
-45
-102
-108
-160
-236
-293
-302
-297
-268
-213
-101
-38
117
232
359
471
596
729
905
1042
961
729
417
135
-121
-396
-533
-605
-605
-534
-407
-317
-238
-76
-44
-106
-93
-48
-36
-81
-97
-117
-142
-205
-270
-301
-306
-315
-261
-160
-62
-14
135
299
407
515
635
790
931
967
795
518
194
-9
-342
-508
-610
-628
-605
-491
-399
-290
-197
-40
-133
-129
-83
-42
-66
-101
-135
-141
-215
-284
-330
-327
-331
-297
-204
-85
-33
122
250
383
499
641
766
949
1007
851
579
247
-26
-322
-470
-576
-624
-605
-502
-380
-274
-200
-35
-37
-101
-76
-43
-33
-42
-114
-118
-174
-242
-293
-315
-300
-283
-189
-79
-44
134
271
402
515
642
829
962
1013
871
613
306
129
-257
-464
-557
-605
-571
-493
-366
-268
-204
-42
-24
-43
-69
-29
-35
-39
-95
-108
-153
-226
-284
-300
-293
-267
-210
-95
-34
122
259
374
494
618
771
946
1030
889
627
299
127
-283
-475
-605
-639
-606
-535
-398
-293
-234
-66
-46
-128
-108
-46
-28
-82
-117
-134
-167
-245
-306
-329
-327
-300
-241
-142
-42
83
134
318
419
563
695
871
970
911
673
358
135
-236
-443
-569
-626
-618
-559
-427
-322
-255
-108
-44
-113
-104
-45
-41
-43
-108
-109
-140
-255
-278
-307
-313
-312
-251
-150
-31
148
139
318
419
564
701
883
1022
989
743
419
147
-40
-382
-541
-613
-605
-545
-439
-331
-236
-121
-40
-41
-76
-39
-26
-23
-37
-62
-81
-172
-243
-284
-290
-285
-253
-158
-34
-1
129
295
411
531
666
847
1006
1027
855
564
226
-23
-329
-491
-605
-620
-605
-490
-367
-271
-198
-38
-33
-112
-32
-37
-43
-42
-97
-104
-172
-248
-285
-313
-317
-299
-219
-108
-45
112
143
354
470
580
731
916
1022
883
623
299
122
-281
-465
-605
-652
-634
-568
-414
-317
-268
-70
-67
-131
-101
-50
-43
-76
-106
-108
-155
-223
-291
-323
-323
-313
-250
-153
-43
7
131
291
419
553
692
863
1012
986
766
478
149
-40
-372
-519
-608
-620
-556
-404
-349
-250
-133
-44
-58
-84
-39
-43
-41
-48
-93
-115
-173
-240
-294
-249
-307
-268
-174
-74
-38
127
283
418
531
667
827
1019
1063
898
615
323
37
-289
-461
-574
-618
-586
-497
-383
-271
-206
-35
-42
-106
-67
-37
-58
-33
-87
-97
-158
-232
-289
-314
-365
-300
-226
-125
-38
117
131
349
474
585
745
931
1059
963
691
372
90
-239
-443
-563
-647
-624
-558
-426
-293
-255
-106
-33
-125
-109
-50
-39
-33
-109
-117
-156
-238
-300
-332
-334
-316
-262
-156
-51
32
134
293
419
566
714
901
1059
1003
738
459
147
-33
-382
-524
-618
-605
-558
-437
-338
-247
-152
-37
-38
-79
-37
-30
-14
-41
-67
-87
-161
-251
-294
-294
-280
-241
-147
-35
86
138
325
465
585
816
905
1089
1071
851
558
229
-26
-229
-478
-575
-615
-540
-460
-333
-242
-262
-37
-13
-34
-41
-38
1
-28
-23
-86
-146
-221
-277
-300
-301
-268
-187
-83
-31
131
259
378
511
655
858
1022
1051
875
575
259
-17
-317
-430
-619
-667
-635
-554
-416
-300
-274
-77
-98
-140
-103
-37
-44
-93
-139
-135
-181
-259
-326
-346
-346
-321
-250
-129
-39
84
142
325
451
583
740
916
1013
891
623
302
122
-280
-480
-677
-668
-640
-569
-446
-349
-282
-150
-30
-124
-129
-54
-42
-34
-85
-106
-114
-181
-249
-301
-313
-322
-268
-163
-93
-21
138
310
419
567
722
903
1115
1057
851
537
198
-31
-332
-494
-605
-605
-564
-461
-357
-265
-184
-39
-31
-86
-30
-31
-12
-15
-27
-44
-142
-223
-262
-283
-293
-247
-161
-59
82
122
282
419
550
689
866
1059
1161
931
651
307
134
-247
-449
-568
-619
-581
-509
-389
-284
-237
-58
-34
-105
-73
-31
-7
-18
-31
-57
-113
-150
-268
-310
-315
-302
-236
-140
-37
54
142
327
465
598
743
951
1067
946
724
395
138
-204
-417
-568
-652
-626
-605
-478
-363
-293
-193
-46
-140
-128
-71
-33
-39
-93
-109
-122
-199
-270
-327
-335
-334
-281
-203
-75
-37
54
257
395
539
683
871
1035
1025
823
529
211
-37
-350
-515
-619
-650
-605
-507
-376
-273
-221
-38
-44
-108
-53
-35
-6
-34
-37
-78
-145
-218
-279
-297
-300
-289
-210
-106
-42
90
139
339
465
625
785
977
1063
975
707
393
139
-172
-401
-537
-605
-605
-540
-414
-331
-235
-122
-29
-67
-62
-44
3
-28
-29
-44
-77
-157
-230
-283
-294
-300
-255
-175
-69
-33
131
305
407
539
683
868
1027
1031
822
532
200
-34
-332
-498
-615
-626
-587
-522
-381
-295
-238
-53
-121
-122
-62
-86
-32
-39
-83
-83
-150
-231
-297
-316
-335
-321
-249
-162
-54
-27
129
281
398
537
683
885
1013
963
745
452
131
-45
-378
-533
-620
-624
-573
-472
-376
-303
-175
-53
-127
-93
-41
-31
-17
-37
-58
-81
-159
-235
-283
-363
-313
-277
-198
-114
-32
102
143
343
490
629
799
999
1063
918
649
322
141
-243
-430
-571
-613
-605
-524
-412
-310
-274
-81
-65
-98
-53
-40
18
-12
-28
-39
-75
-159
-232
-274
-289
-274
-236
-154
-53
-12
122
277
394
515
667
842
1031
1019
829
547
226
-29
-310
-483
-605
-620
-579
-503
-391
-310
-232
-58
-117
-122
-65
-41
-25
-29
-81
-62
-140
-225
-281
-300
-313
-301
-236
-141
-46
-37
137
289
419
564
724
903
1017
931
703
393
131
-209
-423
-568
-645
-636
-579
-463
-373
-319
-142
-93
-141
-106
-37
-39
-49
-35
-75
-98
-167
-238
-284
-315
-317
-287
-206
-117
-29
105
134
342
469
611
769
978
1041
899
642
323
129
-243
-432
-556
-605
-585
-516
-413
-250
-257
-66
-113
-118
-66
-35
-10
-24
-33
-43
-93
-161
-211
-241
-279
-281
-241
-157
-67
-33
111
179
339
459
615
795
983
1055
911
651
341
122
-217
-405
-535
-605
-578
-512
-426
-327
-213
-81
-145
-125
-45
-43
-11
-23
-27
-37
-108
-172
-218
-274
-300
-304
-256
-200
-108
-31
113
137
340
470
612
785
955
1015
851
599
276
103
-263
-439
-564
-620
-605
-519
-442
-382
-207
-122
-179
-141
-66
-29
-43
-50
-58
-77
-134
-204
-251
-289
-317
-316
-262
-185
-98
-44
104
139
349
486
643
825
1011
1022
850
565
245
-12
-285
-463
-575
-620
-605
-483
-399
-345
-157
-121
-153
-108
-33
-30
-12
-33
-34
-31
-109
-176
-237
-270
-297
-297
-229
-156
-62
-34
135
265
379
525
660
839
1022
1027
841
573
262
66
-268
-440
-531
-577
-556
-453
-363
-332
-131
-140
-143
-93
-44
-7
7
-16
-28
-28
-86
-175
-225
-271
-300
-306
-226
-159
-65
-23
130
263
375
507
655
831
981
1002
811
539
229
-28
-300
-461
-571
-618
-578
-493
-407
-332
-154
-189
-186
-121
-41
-29
-44
-42
-41
-77
-140
-175
-234
-284
-319
-305
-249
-178
-93
-33
127
219
363
490
635
807
967
963
787
507
197
-38
-327
-487
-605
-620
-579
-499
-426
-318
-167
-225
-184
-106
-41
-28
-26
-18
-26
-37
-121
-183
-229
-276
-303
-272
-219
-141
-50
-11
135
289
407
550
698
879
1022
994
779
500
191
-33
-325
-486
-564
-605
-546
-482
-401
-268
-143
-204
-157
-62
-33
-13
-10
10
-2
-41
-118
-161
-210
-261
-283
-249
-193
-113
-37
90
134
311
453
583
743
923
1057
970
737
419
143
-35
-363
-508
-587
-605
-540
-438
-404
-245
-162
-194
-154
-66
-27
-37
-37
-37
-30
-61
-158
-213
-257
-295
-315
-293
-203
-127
-45
90
148
327
452
591
759
951
1027
891
651
339
143
-241
-433
-551
-617
-616
-536
-445
-423
-217
-204
-207
-161
-69
-41
-28
-28
-30
-44
-134
-172
-231
-272
-309
-309
-247
-174
-80
-42
119
266
386
539
660
873
1022
1012
818
532
217
-24
-329
-476
-559
-605
-558
-463
-389
-349
-172
-130
-169
-97
-28
-28
-5
-17
-43
-34
-117
-181
-226
-266
-271
-254
-193
-102
-40
109
133
342
473
613
781
963
1059
955
718
402
142
-37
-381
-498
-562
-605
-503
-427
-383
-221
-140
-197
-143
-49
-42
-29
-14
-11
-25
-42
-147
-198
-249
-284
-287
-234
-181
-101
-42
99
147
346
474
611
783
959
1016
874
622
307
127
-249
-434
-540
-614
-613
-520
-472
-375
-261
-137
-196
-156
-77
-34
-38
-43
-78
-76
-135
-177
-235
-281
-299
-300
-239
-158
-77
-29
125
241
373
513
653
820
994
970
787
515
211
-28
-313
-485
-571
-605
-568
-474
-385
-350
-154
-165
-181
-111
-39
-31
-21
-37
-27
-38
-114
-165
-203
-242
-272
-257
-204
-145
-59
-28
133
241
375
521
659
863
1015
1015
827
565
247
-12
-254
-427
-535
-579
-556
-464
-365
-337
-161
-135
-157
-109
-30
-22
-5
-33
-23
-33
-125
-159
-217
-248
-271
-254
-190
-125
-56
-29
129
276
399
542
703
879
1013
963
743
469
161
-44
-348
-493
-583
-609
-558
-471
-369
-350
-152
-153
-172
-122
-43
-39
-37
-54
-64
-81
-156
-194
-250
-276
-302
-279
-219
-141
-59
-28
129
275
405
549
717
918
1027
927
695
413
145
-31
-382
-533
-616
-619
-570
-469
-382
-350
-165
-115
-156
-113
-29
-29
-43
-29
-70
-69
-157
-213
-242
-268
-275
-245
-167
-105
-28
90
138
343
487
641
826
994
1039
866
605
291
121
-251
-437
-562
-605
-583
-524
-414
-327
-289
-81
-135
-122
-68
-29
-13
-23
-27
-28
-39
-161
-221
-251
-263
-258
-194
-122
-43
70
133
314
451
585
731
926
1044
970
738
451
148
-41
-354
-511
-605
-620
-566
-491
-380
-297
-263
-70
-113
-115
-58
-42
-44
-38
-95
-101
-157
-221
-263
-282
-289
-269
-202
-120
-44
88
129
338
469
615
788
967
1009
859
603
299
131
-239
-444
-570
-651
-619
-558
-461
-342
-345
-145
-156
-168
-113
-40
-40
-71
-95
-93
-131
-194
-245
-285
-297
-290
-253
-168
-77
-37
113
243
387
533
694
887
1044
994
803
515
199
-22
-319
-478
-585
-605
-583
-514
-412
-326
-281
-125
-76
-125
-75
-29
-23
-17
-44
-93
-127
-198
-257
-265
-267
-249
-204
-108
-26
84
139
370
527
681
853
1044
1067
915
643
321
139
-236
-422
-540
-618
-607
-524
-437
-337
-269
-171
-44
-111
-93
-29
-13
-21
-42
-101
-118
-190
-261
-287
-294
-279
-234
-145
-45
-12
133
297
449
599
779
967
1043
916
707
379
135
-143
-396
-542
-639
-641
-586
-497
-397
-291
-297
-86
-108
-130
-84
-38
-37
-76
-135
-130
-183
-262
-316
-318
-305
-266
-193
-93
-42
117
257
404
561
725
918
1045
966
737
461
141
-33
-357
-517
-610
-651
-586
-509
-392
-268
-277
-106
-65
-114
-86
-28
-31
-39
-117
-109
-149
-209
-265
-278
-282
-262
-197
-104
-36
106
197
395
547
714
914
1075
1043
835
547
231
-10
-284
-475
-584
-633
-605
-517
-417
-299
-250
-151
-29
-93
-62
-31
11
-26
-41
-93
-115
-181
-254
-275
-287
-269
-202
-117
-44
105
139
353
507
660
851
1043
1067
894
619
301
136
-254
-433
-563
-631
-621
-541
-463
-361
-268
-232
-46
-121
-109
-56
-37
-28
-95
-121
-139
-202
-270
-297
-301
-300
-249
-166
-59
-26
119
293
419
582
751
931
1022
920
686
372
139
-157
-409
-546
-634
-643
-582
-491
-369
-265
-267
-74
-101
-131
-93
-33
-42
-60
-125
-125
-171
-245
-285
-295
-298
-268
-189
-93
-33
99
139
365
518
681
868
1059
1047
853
575
262
27
-278
-450
-575
-620
-587
-515
-427
-287
-268
-143
-41
-127
-106
-38
-34
-41
-93
-109
-125
-187
-241
-276
-272
-261
-200
-122
-44
67
143
331
491
654
807
1045
1099
970
701
387
139
-127
-389
-540
-623
-614
-543
-465
-338
-269
-245
-51
-105
-103
-58
-34
-29
-41
-128
-125
-198
-263
-306
-316
-300
-269
-179
-67
-34
137
291
459
615
795
998
1078
959
692
376
142
-206
-419
-556
-649
-651
-585
-485
-367
-271
-285
-103
-93
-141
-109
-39
-46
-101
-144
-138
-183
-242
-310
-332
-319
-289
-218
-106
-42
111
157
397
552
738
946
1077
1035
807
511
187
-41
-319
-491
-606
-649
-605
-508
-427
-294
-267
-125
-34
-99
-82
-44
-22
-23
-108
-134
-149
-225
-290
-317
-313
-278
-209
-108
-48
113
244
404
578
759
996
1143
1107
879
578
228
-13
-289
-460
-583
-622
-583
-496
-407
-300
-226
-170
-33
-37
-76
-41
-22
-27
-42
-118
-140
-208
-283
-302
-307
-282
-225
-122
-33
103
175
395
564
749
970
1136
1099
872
567
226
-17
-303
-484
-605
-655
-625
-534
-427
-319
-226
-232
-31
-41
-109
-65
-29
-41
-106
-156
-163
-219
-301
-333
-325
-301
-255
-173
-61
-24
133
329
507
693
899
1095
1102
894
595
275
52
-286
-463
-605
-652
-638
-561
-449
-347
-235
-251
-66
-35
-93
-62
-33
-32
-95
-141
-156
-204
-283
-332
-336
-309
-250
-159
-38
95
139
386
563
751
985
1171
1140
903
603
263
-17
-289
-469
-605
-650
-620
-540
-426
-331
-213
-217
-42
-33
-37
-59
-43
-27
-37
-125
-139
-200
-277
-313
-294
-270
-211
-121
-38
125
263
419
587
769
1003
1171
1122
885
561
238
-13
-298
-469
-605
-635
-613
-527
-423
-331
-204
-204
-70
-37
-74
-72
-38
-31
-109
-154
-169
-213
-291
-332
-321
-285
-219
-141
-43
89
145
353
511
683
891
1075
1077
883
585
267
15
-284
-469
-605
-662
-645
-605
-460
-363
-263
-236
-106
-34
-113
-85
-30
-25
-113
-159
-172
-219
-303
-357
-341
-297
-237
-151
-37
103
148
391
570
751
970
1147
1131
885
571
243
-22
-305
-471
-607
-643
-623
-530
-427
-329
-231
-194
-75
-37
-54
-62
-37
-37
-111
-158
-179
-213
-300
-335
-321
-274
-204
-99
-31
129
302
461
647
835
1077
1217
1107
834
514
187
-33
-333
-524
-605
-618
-605
-497
-401
-312
-237
-159
-78
-30
-30
-58
-37
-28
-108
-167
-209
-253
-325
-355
-337
-270
-189
-74
-23
149
346
507
691
871
1141
1179
983
687
355
134
-231
-426
-582
-652
-659
-605
-508
-401
-314
-226
-193
-51
-31
-93
-77
-46
-93
-157
-204
-249
-299
-369
-382
-334
-259
-147
-38
111
250
418
583
787
1047
1171
1087
820
503
171
-37
-363
-528
-645
-652
-620
-530
-438
-338
-267
-167
-150
-34
-11
-44
-67
-35
-93
-177
-232
-269
-314
-347
-338
-265
-165
-57
54
134
374
533
719
954
1171
1175
983
663
331
148
-250
-431
-572
-642
-626
-556
-463
-401
-283
-191
-143
-39
23
-28
-39
-33
-45
-131
-200
-250
-285
-327
-332
-290
-200
-101
-29
137
331
478
641
866
1115
1231
1115
826
487
151
-43
-375
-540
-630
-660
-616
-527
-433
-350
-258
-169
-153
-30
-23
-28
-79
-39
-105
-197
-258
-298
-336
-374
-350
-273
-169
-45
78
187
409
577
773
1030
1187
1123
863
547
200
-37
-346
-537
-652
-684
-650
-562
-477
-389
-301
-215
-157
-66
-18
-49
-99
-73
-85
-176
-249
-297
-326
-369
-363
-274
-166
-46
66
142
399
563
756
1009
1215
1203
963
627
273
2
-299
-482
-608
-652
-644
-568
-475
-385
-301
-226
-141
-76
-12
-14
-42
-71
-71
-143
-223
-286
-314
-359
-343
-278
-173
-45
73
143
419
595
794
1059
1269
1243
994
655
303
131
-268
-455
-605
-652
-620
-556
-468
-371
-284
-224
-141
-101
-25
-21
-44
-76
-73
-147
-219
-289
-329
-358
-358
-297
-181
-57
-10
133
388
564
747
996
1219
1211
963
643
291
122
-283
-477
-611
-682
-666
-605
-501
-400
-332
-247
-172
-142
-37
-40
-113
-109
-106
-156
-257
-329
-363
-395
-391
-323
-198
-78
-21
145
387
539
724
980
1194
1203
959
641
291
66
-278
-461
-609
-673
-659
-583
-491
-395
-315
-236
-154
-145
-29
-25
-99
-109
-86
-141
-248
-314
-333
-359
-341
-272
-158
-31
90
240
419
601
788
1043
1239
1247
931
582
244
-18
-311
-486
-620
-647
-625
-555
-455
-359
-275
-205
-113
-96
-16
-5
-39
-77
-54
-139
-226
-299
-310
-333
-332
-251
-133
-39
115
289
443
615
803
1071
1251
1243
923
583
247
-24
-317
-497
-627
-666
-637
-562
-461
-370
-290
-219
-140
-122
-28
-28
-125
-108
-93
-181
-268
-337
-360
-376
-362
-284
-142
-27
122
290
464
627
821
1086
1237
1155
870
535
180
-43
-369
-550
-663
-684
-653
-567
-470
-393
-310
-226
-143
-121
-41
-28
-95
-105
-78
-173
-274
-332
-355
-369
-350
-281
-159
-38
119
287
459
639
846
1119
1269
1175
887
547
194
-31
-329
-516
-636
-665
-621
-540
-443
-349
-287
-204
-120
-93
-25
-17
-35
-85
-75
-161
-267
-331
-333
-363
-335
-245
-117
-31
119
299
483
665
887
1185
1335
1236
886
539
212
-29
-335
-511
-610
-639
-605
-521
-419
-336
-268
-178
-125
-75
57
-17
-31
-76
-86
-174
-268
-330
-346
-369
-336
-253
-113
-28
139
318
485
659
894
1167
1279
1123
816
461
154
-42
-384
-556
-655
-661
-616
-540
-437
-350
-279
-197
-139
-76
-27
-37
-108
-109
-108
-207
-311
-359
-375
-394
-359
-268
-134
-28
128
327
511
695
929
1187
1277
1056
738
387
138
-211
-426
-573
-664
-652
-605
-506
-409
-332
-250
-172
-122
-42
31
-32
-98
-85
-106
-208
-306
-334
-362
-365
-327
-204
-67
69
148
404
575
771
1035
1236
1251
1003
671
310
127
-259
-458
-586
-649
-615
-544
-452
-367
-286
-205
-109
-101
-30
35
-29
-53
-61
-118
-231
-310
-343
-344
-333
-269
-154
-31
121
279
447
639
825
1099
1293
1238
931
567
242
-12
-304
-476
-613
-652
-623
-539
-438
-346
-269
-197
-113
-117
-29
-12
-86
-108
-85
-172
-269
-321
-341
-370
-369
-297
-153
-38
106
251
419
614
821
1095
1218
1163
857
531
181
-28
-342
-525
-641
-668
-629
-551
-440
-349
-265
-187
-125
-117
-33
-31
-108
-114
-112
-181
-258
-330
-347
-369
-349
-287
-158
-28
98
143
419
596
799
1103
1257
1187
903
571
230
-23
-307
-485
-605
-625
-605
-525
-435
-330
-249
-178
-98
-86
-28
-14
-35
-77
-65
-169
-236
-314
-321
-353
-359
-275
-146
-41
99
228
419
609
821
1108
1311
1251
951
610
255
1
-278
-459
-605
-621
-579
-517
-419
-317
-234
-159
-76
-76
-25
-10
-30
-95
-76
-150
-236
-305
-331
-352
-352
-297
-175
-44
87
148
391
562
743
1007
1235
1236
985
643
307
127
-264
-446
-581
-645
-621
-560
-465
-362
-275
-204
-118
-131
-29
-12
-60
-117
-97
-160
-236
-322
-350
-375
-380
-332
-225
-83
-39
131
315
483
675
918
1173
1239
1041
725
383
129
-162
-402
-555
-625
-636
-571
-478
-399
-298
-230
-143
-105
-34
25
-28
-85
-83
-113
-193
-278
-319
-342
-358
-317
-221
-101
-27
134
331
495
673
911
1187
1297
1139
809
471
131
-35
-365
-521
-626
-620
-567
-480
-381
-299
-219
-143
-85
-31
75
-17
-44
-61
-78
-159
-249
-295
-314
-337
-313
-232
-105
-31
122
291
463
643
842
1140
1283
1167
871
531
200
-33
-326
-493
-619
-631
-586
-511
-421
-327
-251
-168
-105
-81
-21
-29
-85
-103
-109
-184
-236
-317
-322
-366
-349
-270
-155
-29
101
232
413
569
766
1042
1209
1129
854
550
228
-21
-318
-497
-615
-650
-618
-552
-452
-347
-275
-197
-108
-113
-29
-27
-97
-109
-106
-162
-232
-317
-326
-353
-339
-287
-181
-59
-13
127
357
529
705
955
1215
1265
1017
707
362
137
-210
-400
-543
-617
-605
-546
-439
-363
-285
-184
-111
-106
-34
20
-35
-85
-74
-117
-203
-271
-299
-326
-343
-301
-198
-65
-29
139
333
503
686
946
1211
1307
1115
790
449
131
-42
-358
-515
-605
-609
-543
-465
-366
-275
-202
-108
-53
-59
35
-14
-33
-97
-98
-173
-258
-319
-325
-341
-326
-242
-122
-42
115
271
449
613
842
1151
1271
1139
842
502
168
-37
-335
-522
-623
-641
-605
-511
-421
-330
-238
-156
-73
-81
-31
-15
-115
-125
-122
-193
-265
-318
-341
-363
-352
-295
-165
-31
69
134
378
534
738
999
1205
1137
891
570
243
-23
-295
-474
-587
-636
-615
-537
-450
-350
-268
-189
-106
-81
-39
19
-35
-108
-97
-131
-215
-297
-320
-338
-332
-285
-194
-67
-37
131
335
504
694
955
1206
1259
1047
714
379
134
-187
-412
-540
-620
-615
-551
-457
-365
-285
-197
-109
-61
-34
77
-29
-43
-86
-93
-181
-254
-300
-307
-327
-299
-213
-93
-33
130
299
463
633
865
1139
1274
1127
818
482
151
-41
-346
-520
-620
-626
-572
-497
-412
-316
-232
-145
-70
-85
-39
-14
-40
-120
-120
-171
-247
-317
-332
-335
-338
-265
-146
-44
75
139
371
542
714
1002
1195
1147
916
590
254
-13
-311
-478
-608
-652
-627
-556
-466
-366
-283
-198
-118
-102
-44
3
-32
-127
-109
-145
-239
-304
-326
-338
-350
-299
-205
-75
-25
131
341
511
692
950
1179
1236
1029
713
356
131
-215
-413
-556
-621
-613
-549
-459
-360
-279
-190
-121
-44
-62
52
-18
-101
-125
-113
-185
-268
-318
-314
-317
-274
-194
-77
-39
132
311
481
649
866
1139
1283
1127
831
507
175
-37
-322
-478
-583
-605
-554
-475
-395
-295
-219
-149
-76
-64
-43
20
-29
-106
-109
-157
-225
-300
-317
-327
-313
-250
-145
-44
87
147
372
535
730
975
1195
1174
931
626
289
125
-266
-453
-579
-627
-609
-539
-457
-367
-279
-215
-145
-93
-45
21
-41
-113
-121
-140
-229
-294
-327
-329
-346
-300
-234
-114
-28
100
244
414
575
790
1059
1202
1078
825
485
163
-23
-345
-508
-613
-620
-605
-510
-425
-327
-245
-169
-83
-76
-31
8
-29
-104
-93
-156
-236
-285
-300
-309
-306
-257
-156
-42
69
131
379
555
747
1007
1225
1201
975
635
292
128
-249
-431
-556
-614
-605
-539
-439
-342
-245
-170
-108
-42
-29
79
-25
-38
-77
-108
-191
-270
-303
-302
-317
-255
-172
-61
17
139
347
515
695
923
1155
1217
1022
731
395
129
-140
-386
-521
-611
-608
-552
-477
-387
-290
-221
-150
-66
-71
-29
-9
-34
-109
-104
-187
-261
-312
-321
-332
-314
-237
-125
-45
111
148
395
592
783
1039
1193
1109
842
525
187
-39
-333
-497
-614
-645
-607
-540
-442
-348
-270
-187
-98
-85
-37
10
-41
-118
-111
-154
-231
-311
-300
-328
-332
-265
-170
-58
-13
139
355
515
691
915
1139
1172
994
683
355
145
-189
-405
-534
-605
-605
-550
-461
-370
-274
-218
-138
-66
-44
68
-10
-27
-81
-105
-175
-253
-287
-293
-309
-279
-204
-81
-44
131
294
459
627
827
1091
1239
1145
866
539
215
-25
-303
-465
-570
-611
-563
-491
-413
-323
-239
-149
-69
-60
-30
6
-29
-97
-79
-149
-231
-280
-299
-321
-311
-241
-143
-42
83
139
372
543
731
979
1169
1167
931
623
306
130
-266
-446
-571
-615
-606
-547
-465
-363
-294
-211
-140
-93
-44
46
-23
-109
-120
-129
-229
-294
-331
-321
-333
-283
-204
-79
-29
125
318
473
639
847
1108
1177
1017
747
414
136
-44
-362
-527
-606
-608
-556
-477
-391
-303
-221
-153
-76
-61
37
-14
-30
-93
-74
-159
-236
-280
-295
-315
-290
-221
-122
-37
106
237
419
595
789
1027
1233
1159
891
564
249
-8
-268
-438
-556
-605
-563
-495
-411
-313
-219
-153
-75
-41
-34
54
-31
-35
-60
-93
-179
-241
-257
-284
-289
-257
-147
-58
-22
131
331
500
682
894
1135
1193
1027
723
401
138
-38
-370
-521
-605
-605
-556
-475
-386
-287
-222
-145
-62
-61
21
-12
-33
-98
-83
-165
-245
-301
-300
-321
-300
-225
-114
-37
98
139
361
539
731
961
1155
1115
870
578
261
-9
-278
-453
-577
-632
-609
-535
-450
-361
-273
-204
-118
-76
-42
27
-38
-98
-81
-121
-221
-287
-299
-307
-305
-264
-172
-57
39
142
363
521
699
931
1161
1191
996
687
353
136
-204
-400
-537
-584
-605
-535
-449
-357
-265
-199
-118
-51
-44
69
-15
-41
-70
-77
-158
-219
-269
-280
-284
-254
-173
-73
-28
127
268
419
586
771
998
1199
1159
920
598
275
115
-253
-433
-554
-582
-570
-507
-409
-327
-243
-170
-83
-76
-37
20
-30
-69
-73
-121
-204
-274
-285
-306
-309
-249
-157
-60
-14
133
330
488
662
887
1129
1187
994
703
372
133
-193
-396
-542
-611
-613
-563
-469
-396
-301
-225
-149
-74
-83
-38
-13
-111
-127
-109
-192
-257
-317
-317
-315
-274
-200
-81
-32
127
282
446
611
802
1051
1182
1069
810
485
163
-39
-332
-491
-582
-605
-563
-497
-407
-326
-225
-156
-87
-76
-38
14
-34
-111
-102
-140
-230
-286
-284
-273
-268
-197
-83
-41
125
266
419
609
801
1047
1227
1151
885
564
245
-13
-286
-465
-572
-605
-553
-497
-411
-314
-223
-145
-79
-35
-30
62
-23
-105
-109
-117
-219
-287
-301
-284
-268
-208
-81
-43
116
286
419
596
747
994
1161
1114
866
559
241
-26
-281
-458
-605
-611
-581
-518
-429
-362
-268
-185
-135
-61
-73
-37
-25
-127
-139
-139
-225
-313
-332
-323
-293
-234
-147
-33
99
139
369
534
691
903
1107
1107
917
619
297
133
-251
-449
-568
-622
-613
-550
-474
-373
-288
-226
-150
-82
-101
-32
-14
-118
-133
-122
-205
-287
-329
-301
-291
-235
-134
-29
116
170
385
549
729
959
1160
1155
931
627
303
135
-245
-427
-555
-609
-581
-522
-433
-354
-267
-199
-135
-53
-59
-42
27
-27
-129
-122
-173
-265
-317
-298
-241
-198
-112
-37
127
263
404
567
738
946
1140
1167
980
687
350
135
-204
-397
-536
-581
-578
-524
-447
-353
-284
-215
-141
-69
-54
-27
19
-39
-129
-124
-178
-284
-332
-314
-274
-236
-137
-26
118
228
381
535
709
931
1147
1127
929
633
302
131
-248
-442
-566
-622
-605
-540
-461
-367
-300
-225
-156
-93
-78
-41
-26
-111
-159
-163
-203
-298
-354
-349
-302
-245
-156
-39
119
250
398
565
747
961
1139
1115
894
603
267
13
-278
-460
-580
-620
-605
-526
-439
-334
-261
-185
-144
-81
-59
-27
16
-37
-150
-155
-169
-274
-333
-325
-284
-219
-108
-39
122
293
414
565
751
980
1146
1131
918
614
278
125
-251
-439
-559
-585
-540
-497
-419
-315
-237
-169
-101
-45
-46
-34
21
-28
-136
-146
-187
-268
-330
-320
-257
-205
-103
-29
143
303
419
577
763
994
1143
1091
866
583
251
-11
-284
-460
-567
-619
-582
-525
-442
-341
-265
-193
-130
-65
-41
-48
-42
-40
-161
-187
-215
-300
-348
-346
-270
-217
-114
-30
135
291
419
569
747
960
1091
1050
836
532
212
-28
-319
-491
-605
-626
-605
-526
-449
-353
-263
-204
-145
-76
-43
-53
-33
-43
-166
-185
-205
-295
-334
-330
-268
-189
-93
-28
132
299
419
597
795
1039
1179
1110
866
550
215
-24
-299
-469
-605
-613
-577
-499
-414
-332
-258
-186
-119
-57
-29
-29
43
-23
-134
-158
-205
-285
-342
-325
-249
-163
-45
85
147
367
500
643
842
1087
1173
1055
807
498
179
-23
-326
-491
-586
-605
-550
-491
-396
-316
-235
-169
-109
-46
-44
-41
20
-44
-147
-175
-217
-317
-353
-328
-255
-183
-66
-28
137
331
489
623
789
1012
1119
1012
776
475
169
-44
-343
-506
-605
-625
-586
-518
-423
-348
-279
-206
-141
-76
-75
-35
-53
-153
-173
-204
-251
-333
-362
-326
-269
-197
-69
-11
142
343
475
623
786
1014
1087
983
729
419
148
-40
-363
-513
-605
-605
-556
-491
-406
-314
-245
-172
-109
-62
-44
-44
-26
-44
-161
-175
-219
-301
-332
-298
-231
-151
-38
95
132
347
475
623
807
1019
1127
1013
776
482
171
-29
-326
-485
-605
-605
-553
-476
-391
-310
-236
-173
-106
-41
-39
-34
0
-39
-128
-149
-219
-301
-321
-297
-239
-162
-54
53
148
340
489
645
831
1047
1141
1022
759
447
147
-37
-359
-514
-605
-615
-567
-501
-413
-327
-255
-189
-120
-65
-73
-44
-19
-131
-161
-186
-257
-338
-357
-303
-231
-149
-44
117
239
371
499
678
898
1079
1055
875
601
277
97
-262
-446
-576
-627
-613
-545
-457
-381
-294
-217
-161
-98
-46
-69
-43
-44
-143
-169
-190
-273
-332
-337
-255
-190
-85
-33
133
302
419
543
727
951
1115
1067
863
575
254
-1
-269
-442
-559
-588
-556
-504
-423
-332
-266
-187
-117
-58
-54
-28
5
-35
-121
-135
-187
-279
-303
-285
-236
-170
-58
37
134
342
487
631
821
1051
1170
1090
839
520
219
-27
-300
-462
-563
-582
-553
-480
-396
-307
-236
-172
-104
-45
-34
-29
15
-33
-141
-168
-217
-300
-324
-300
-236
-171
-50
62
147
343
466
603
790
998
1099
993
763
457
151
-28
-337
-503
-605
-605
-566
-491
-404
-321
-262
-194
-131
-69
-51
-37
7
-57
-166
-179
-232
-332
-347
-313
-249
-191
-76
-21
130
293
419
575
755
978
1083
1011
775
475
161
-42
-334
-490
-586
-605
-565
-491
-402
-322
-247
-185
-117
-51
-57
-12
-15
-117
-130
-135
-221
-299
-325
-271
-236
-158
-44
59
143
307
447
587
766
987
1099
1015
771
484
165
-25
-307
-449
-559
-583
-544
-470
-381
-295
-213
-140
-76
-34
-43
56
-41
-102
-111
-128
-223
-293
-286
-259
-250
-170
-50
53
133
303
419
581
753
961
1091
1022
803
512
187
-21
-300
-459
-556
-605
-556
-491
-410
-319
-248
-174
-109
-74
-37
31
-39
-108
-122
-140
-242
-316
-321
-287
-278
-204
-95
-41
119
226
372
499
647
847
1017
1011
821
555
247
21
-263
-442
-555
-605
-605
-521
-439
-355
-284
-205
-129
-73
-45
52
-35
-112
-111
-122
-223
-288
-302
-298
-281
-222
-122
-27
114
141
354
500
651
833
1019
1059
907
657
350
147
-172
-382
-524
-579
-570
-516
-438
-357
-279
-200
-119
-59
-38
67
-19
-44
-86
-81
-190
-258
-282
-268
-253
-217
-117
-28
113
136
347
482
627
821
1045
1109
973
723
404
139
-37
-342
-485
-556
-568
-513
-446
-350
-282
-190
-115
-57
-45
49
-16
-39
-95
-73
-175
-267
-295
-290
-279
-235
-156
-31
66
145
299
419
579
770
965
1083
954
724
414
145
-37
-342
-494
-573
-605
-540
-469
-373
-300
-223
-162
-73
-65
-17
-15
-105
-112
-103
-205
-279
-311
-302
-305
-268
-179
-65
-28
134
263
402
551
725
931
1074
987
783
495
180
-41
-309
-476
-565
-605
-545
-478
-396
-299
-216
-145
-61
-75
-28
-12
-29
-106
-77
-156
-237
-290
-273
-277
-241
-173
-71
-25
127
275
398
555
723
931
1083
1044
833
531
239
-12
-266
-440
-546
-562
-540
-464
-362
-294
-206
-131
-60
-51
-25
37
-33
-33
-59
-127
-219
-281
-277
-278
-261
-186
-67
-37
131
258
387
537
693
899
1079
1055
887
597
281
125
-234
-421
-543
-581
-558
-503
-427
-333
-245
-176
-93
-76
-31
18
-42
-106
-106
-151
-225
-300
-307
-313
-285
-224
-124
-18
89
145
339
484
651
875
1059
1049
866
587
277
127
-249
-431
-568
-608
-605
-524
-444
-350
-273
-204
-122
-46
-33
68
-33
-109
-108
-131
-215
-300
-313
-287
-287
-222
-125
-39
102
148
350
497
656
885
1069
1067
907
619
308
142
-236
-423
-540
-605
-563
-513
-427
-330
-253
-173
-106
-39
-26
85
-29
-43
-101
-106
-204
-269
-299
-302
-282
-217
-117
-27
114
131
356
491
650
857
1066
1123
969
693
368
139
-44
-371
-509
-577
-565
-501
-427
-347
-257
-189
-115
-53
-31
62
-22
-46
-93
-109
-206
-275
-300
-289
-299
-249
-157
-40
31
138
302
457
609
823
1033
1099
949
681
358
129
-186
-391
-550
-615
-605
-545
-460
-373
-280
-204
-140
-61
-69
-22
-15
-62
-140
-108
-206
-290
-334
-311
-303
-274
-177
-62
-29
122
256
401
551
751
979
1079
967
749
458
155
-39
-345
-491
-605
-605
-549
-476
-387
-289
-219
-145
-60
-58
-17
1
-37
-106
-83
-172
-249
-302
-295
-284
-261
-178
-71
-21
137
279
419
565
738
955
1091
1030
795
515
202
-25
-296
-461
-556
-571
-524
-453
-354
-273
-200
-122
-50
-39
-15
54
-26
-38
-60
-117
-211
-274
-263
-269
-257
-191
-103
-33
102
125
366
501
690
899
1089
1076
894
603
294
138
-242
-427
-546
-605
-570
-510
-422
-332
-250
-173
-93
-60
-44
49
-28
-95
-97
-121
-231
-297
-321
-311
-298
-236
-140
-28
86
139
326
458
647
873
1055
1045
862
595
286
119
-257
-449
-575
-617
-581
-519
-426
-332
-254
-162
-103
-44
-41
82
-33
-97
-105
-108
-202
-278
-303
-297
-274
-232
-139
-39
70
134
281
418
564
751
955
1067
983
745
450
161
-27
-315
-475
-557
-572
-534
-450
-355
-281
-204
-118
-50
-29
89
-14
-37
-43
-57
-157
-225
-271
-268
-284
-265
-190
-81
-39
119
211
375
513
675
910
1139
1091
897
627
306
136
-221
-402
-538
-577
-546
-488
-406
-313
-238
-151
-76
-43
-37
56
-19
-80
-85
-125
-216
-284
-297
-300
-294
-247
-156
-39
4
134
291
419
586
771
991
1075
931
691
385
138
-45
-380
-526
-611
-577
-540
-460
-374
-278
-209
-141
-75
-54
53
-21
-97
-109
-118
-211
-290
-335
-332
-333
-287
-208
-109
-33
101
125
356
511
687
907
1066
1033
827
547
225
-23
-298
-462
-583
-605
-556
-491
-394
-302
-231
-144
-49
-72
-27
15
-35
-78
-59
-141
-230
-295
-293
-298
-290
-239
-136
-44
83
134
323
452
600
795
1007
1067
949
691
395
133
-33
-363
-504
-558
-549
-494
-414
-321
-239
-157
-79
-43
-37
97
-18
-45
-62
-78
-178
-243
-297
-299
-293
-265
-198
-85
-37
130
242
379
520
683
894
1075
1051
850
567
262
21
-259
-446
-567
-605
-570
-498
-416
-319
-236
-159
-76
-76
-13
-7
-37
-77
-105
-157
-239
-309
-318
-332
-319
-266
-163
-59
-19
131
307
419
595
790
1013
1067
915
659
342
135
-213
-413
-541
-606
-605
-540
-451
-350
-281
-191
-115
-59
-42
61
-18
-42
-76
-86
-198
-274
-304
-293
-320
-270
-199
-95
-17
119
239
372
519
699
916
1099
1047
834
547
234
-17
-265
-445
-560
-605
-540
-482
-383
-287
-213
-140
-44
-27
84
-9
-37
-42
-41
-131
-204
-266
-262
-289
-286
-223
-135
-44
-12
159
297
419
564
763
994
1111
1025
803
487
183
-25
-299
-474
-561
-570
-527
-456
-367
-279
-200
-122
-57
-38
99
-24
-33
-37
-26
-149
-236
-287
-284
-320
-305
-240
-153
-51
-19
127
283
419
595
807
1043
1076
951
666
356
135
-194
-394
-543
-605
-605
-545
-461
-363
-273
-203
-115
-105
-37
16
-54
-53
-49
-109
-209
-285
-301
-331
-349
-307
-229
-125
-28
90
148
355
532
707
948
1099
1044
829
531
219
-18
-297
-464
-565
-605
-551
-487
-386
-310
-219
-138
-46
-44
97
-7
-44
-46
-43
-125
-209
-284
-288
-307
-298
-249
-165
-65
-24
137
290
419
583
787
1031
1123
999
731
419
147
-37
-352
-493
-555
-550
-504
-423
-330
-239
-145
-75
-58
-38
59
-16
-30
-29
-41
-159
-225
-271
-290
-310
-284
-215
-119
-28
84
147
347
473
645
887
1083
1099
886
619
295
119
-245
-443
-563
-605
-573
-499
-422
-323
-235
-152
-97
-59
77
-15
-45
-49
-39
-134
-205
-277
-289
-332
-345
-297
-206
-114
-13
87
137
340
501
695
931
1076
1017
788
493
191
-29
-326
-489
-605
-606
-565
-477
-392
-305
-205
-117
-105
-37
19
-45
-42
-27
-30
-158
-221
-261
-299
-333
-314
-257
-171
-73
-40
121
289
419
596
829
1051
1119
978
701
376
137
-46
-382
-529
-587
-569
-510
-434
-322
-239
-162
-76
-59
-34
62
-21
-26
-43
-38
-152
-232
-265
-285
-301
-279
-204
-106
-44
109
145
365
517
692
927
1123
1083
885
602
266
105
-253
-446
-559
-605
-549
-485
-397
-300
-207
-125
-106
-40
41
-27
-33
-39
-33
-145
-213
-266
-294
-330
-332
-285
-200
-105
-34
130
259
391
533
755
994
1103
1003
766
457
149
-38
-354
-526
-605
-610
-551
-476
-393
-300
-209
-114
-115
-38
-11
-37
-62
-43
-106
-169
-239
-255
-303
-327
-309
-259
-189
-117
-44
125
243
385
550
753
996
1115
1009
776
466
163
-39
-348
-500
-575
-585
-537
-448
-358
-269
-185
-99
-82
-24
9
-29
-41
-33
-41
-149
-225
-258
-289
-311
-302
-234
-170
-71
-29
135
289
419
590
807
1044
1143
1019
755
419
145
-39
-331
-499
-572
-572
-511
-433
-339
-236
-158
-121
-31
52
-27
-27
5
-13
-44
-151
-202
-241
-300
-320
-300
-234
-161
-61
-41
131
289
411
591
795
1024
1087
977
719
407
139
-30
-376
-525
-605
-605
-542
-460
-353
-273
-177
-115
-44
52
-27
-44
-41
-37
-122
-198
-266
-293
-329
-345
-332
-250
-161
-71
-28
131
295
447
625
857
1082
1087
889
625
308
135
-249
-439
-559
-631
-572
-509
-427
-323
-241
-156
-122
-28
39
-37
-43
-30
-29
-133
-204
-254
-293
-337
-333
-294
-206
-113
-37
114
175
359
509
713
955
1119
1077
866
555
247
-10
-274
-455
-558
-586
-557
-482
-391
-300
-202
-117
-108
-23
-5
-37
-31
-2
-29
-133
-202
-231
-273
-316
-313
-253
-175
-97
-31
125
276
402
564
766
1003
1123
1043
807
500
185
-33
-329
-498
-605
-610
-555
-473
-388
-284
-189
-143
-43
27
-30
-61
-27
-37
-134
-197
-254
-286
-333
-363
-346
-268
-187
-97
-31
125
273
407
582
803
1019
1091
949
689
379
139
-161
-400
-557
-636
-627
-561
-469
-380
-285
-202
-162
-44
6
-26
-93
-53
-66
-154
-215
-265
-307
-342
-357
-322
-240
-165
-61
-14
137
343
497
679
916
1099
1087
868
595
266
49
-266
-461
-567
-617
-579
-507
-417
-318
-223
-140
-120
-31
-25
-76
-46
-33
-93
-154
-221
-248
-302
-333
-327
-270
-189
-98
-37
116
235
386
537
743
981
1123
1071
852
555
239
-11
-289
-460
-567
-605
-557
-486
-384
-297
-200
-173
-54
-11
-41
-54
-27
-37
-109
-171
-211
-258
-310
-353
-328
-272
-199
-102
-33
117
226
385
551
756
991
1107
1029
779
478
163
-35
-333
-508
-605
-613
-575
-494
-396
-306
-206
-194
-41
-27
-106
-75
-37
-62
-137
-204
-248
-300
-353
-383
-343
-291
-213
-108
-39
131
279
408
587
807
1013
1076
963
706
388
141
-54
-388
-540
-620
-610
-554
-462
-371
-278
-200
-149
-38
-44
-93
-44
-33
-28
-135
-198
-223
-275
-334
-341
-314
-238
-158
-44
38
134
315
468
643
885
1097
1122
957
679
359
131
-189
-396
-535
-605
-571
-524
-443
-333
-225
-194
-41
2
-44
-46
-28
-8
-42
-129
-176
-219
-283
-326
-343
-274
-213
-134
-43
111
135
371
539
734
987
1140
1091
871
539
263
0
-289
-469
-575
-620
-567
-489
-402
-326
-213
-187
-37
-43
-105
-54
-39
-29
-119
-172
-217
-274
-341
-363
-342
-288
-213
-109
-31
117
229
383
553
763
994
1094
990
751
451
141
-39
-363
-528
-607
-620
-575
-486
-393
-294
-259
-115
-27
-130
-95
-30
-27
-108
-146
-190
-236
-305
-347
-365
-328
-263
-172
-46
-5
143
321
483
661
884
1079
1095
949
660
343
143
-208
-412
-526
-605
-566
-512
-433
-329
-235
-193
-31
-34
-83
-48
-28
-37
-62
-140
-170
-237
-286
-313
-311
-279
-204
-97
-37
116
248
379
537
727
979
1173
1143
920
623
295
138
-241
-422
-540
-605
-540
-475
-386
-284
-226
-99
-37
-34
-69
-37
16
-26
-44
-144
-174
-251
-303
-332
-305
-265
-193
-82
-30
127
281
419
602
803
1043
1159
1063
805
497
180
-41
-321
-491
-565
-585
-525
-447
-345
-239
-215
-39
-42
-76
-65
-41
-6
-44
-118
-156
-208
-270
-329
-332
-312
-257
-173
-61
-22
135
298
455
613
835
1049
1143
1037
771
465
147
-29
-353
-511
-586
-585
-531
-445
-343
-237
-181
-42
-106
-122
-61
-27
-26
-27
-150
-163
-223
-295
-330
-335
-319
-269
-181
-60
-15
138
317
477
628
833
1041
1107
975
707
387
147
-38
-382
-526
-587
-567
-519
-406
-284
-258
-69
-125
-157
-109
-39
-30
-28
-61
-139
-173
-229
-297
-332
-335
-331
-267
-157
-49
86
132
347
499
660
865
1062
1103
931
657
342
139
-197
-407
-540
-605
-569
-490
-388
-281
-216
-104
-202
-172
-69
-41
-41
-98
-133
-133
-184
-241
-300
-334
-336
-297
-226
-108
-38
119
226
383
521
687
905
1067
1065
873
606
277
127
-258
-419
-554
-584
-543
-460
-333
-319
-149
-121
-189
-150
-41
-34
-60
-93
-108
-121
-177
-248
-300
-319
-320
-261
-176
-72
-39
131
299
419
593
766
1019
1151
1097
855
555
237
-21
-284
-464
-556
-556
-503
-401
-361
-226
-122
-202
-168
-69
-39
-33
-53
-74
-76
-121
-187
-251
-301
-304
-297
-219
-129
-35
115
139
363
494
629
842
1067
1169
1059
795
469
155
-31
-338
-497
-554
-556
-489
-405
-356
-158
-174
-219
-161
-75
-61
-58
-78
-81
-105
-130
-218
-251
-307
-334
-300
-236
-139
-41
93
145
341
497
611
816
1030
1077
979
714
399
146
-25
-354
-500
-569
-555
-517
-438
-318
-198
-284
-245
-158
-99
-93
-93
-103
-101
-122
-171
-224
-280
-313
-333
-306
-224
-125
-28
122
199
385
519
674
894
1087
1115
927
649
319
147
-222
-401
-530
-562
-556
-449
-391
-230
-198
-236
-187
-82
-46
-34
-44
-45
-62
-103
-157
-215
-283
-331
-314
-270
-181
-69
-29
132
307
419
563
753
982
1149
1119
899
601
293
127
-231
-401
-506
-558
-524
-414
-361
-192
-229
-236
-155
-67
-44
-38
-37
-50
-60
-82
-156
-231
-284
-329
-313
-251
-160
-66
-22
127
307
419
564
743
978
1118
1083
847
547
229
-13
-279
-460
-541
-605
-544
-443
-379
-204
-238
-261
-178
-88
-76
-76
-67
-77
-99
-135
-197
-265
-323
-353
-330
-255
-178
-66
-29
139
295
419
563
738
963
1091
1019
782
474
163
-35
-330
-465
-566
-605
-523
-429
-363
-206
-251
-255
-167
-76
-76
-62
-72
-73
-95
-138
-191
-261
-310
-320
-293
-229
-133
-44
109
143
344
472
623
823
1051
1145
1027
758
449
146
-39
-342
-482
-556
-569
-491
-401
-303
-190
-256
-215
-108
-49
-66
-53
-44
-54
-76
-119
-172
-251
-306
-300
-269
-190
-106
-34
130
276
387
507
657
878
1076
1155
1003
724
405
147
-30
-354
-491
-561
-546
-473
-396
-290
-210
-265
-229
-141
-76
-54
-71
-71
-76
-108
-151
-223
-278
-358
-335
-278
-185
-79
-33
133
270
397
535
697
917
1099
1095
894
610
274
106
-253
-426
-547
-605
-547
-462
-410
-265
-234
-268
-226
-140
-102
-79
-76
-85
-99
-133
-184
-253
-327
-332
-332
-268
-181
-62
-18
145
314
419
565
747
983
1139
1097
875
564
251
6
-284
-459
-562
-605
-574
-426
-342
-204
-239
-237
-156
-76
-72
-74
-61
-61
-86
-121
-171
-243
-303
-328
-287
-268
-95
-39
119
226
361
499
641
852
1089
1170
1059
811
490
177
-31
-311
-462
-556
-534
-450
-411
-254
-217
-243
-213
-125
-62
-54
-59
-45
-71
-85
-137
-203
-273
-332
-330
-273
-191
-102
-39
134
291
407
531
667
866
1108
1140
979
691
353
142
-204
-393
-524
-579
-546
-475
-383
-243
-300
-266
-198
-81
-106
-54
-77
-73
-113
-129
-175
-245
-318
-357
-343
-290
-204
-96
-41
134
276
401
534
738
913
1107
1099
915
627
293
135
-236
-432
-559
-569
-519
-485
-325
-300
-315
-259
-145
-93
-95
-69
-49
-69
-95
-115
-172
-256
-321
-339
-317
-254
-157
-44
97
139
343
462
591
759
983
1135
1107
870
566
247
-3
-263
-457
-553
-522
-508
-397
-301
-327
-287
-189
-115
-85
-53
-44
-44
-39
-74
-105
-161
-249
-311
-321
-293
-225
-140
-38
109
180
363
487
607
790
1022
1163
1091
851
545
207
-25
-311
-496
-561
-565
-486
-379
-414
-363
-256
-173
-142
-109
-78
-65
-73
-81
-109
-140
-204
-287
-335
-348
-323
-249
-135
-37
119
256
362
483
623
816
1033
1119
1044
788
455
145
-41
-378
-513
-582
-550
-463
-495
-425
-329
-225
-177
-149
-106
-73
-50
-66
-82
-106
-171
-237
-297
-349
-357
-318
-218
-93
-28
137
291
411
533
671
873
1074
1158
1025
738
419
129
-43
-353
-507
-530
-491
-533
-463
-363
-270
-223
-165
-109
-71
-45
-31
-45
-41
-106
-159
-229
-303
-332
-318
-267
-181
-73
-22
139
315
419
559
714
931
1163
1226
1075
756
414
145
-36
-387
-460
-561
-583
-538
-421
-316
-247
-193
-129
-76
-44
-40
-44
-31
-108
-139
-202
-266
-302
-332
-331
-282
-181
-62
-19
147
307
414
537
692
899
1127
1155
994
687
362
147
-187
-424
-493
-556
-608
-555
-427
-333
-275
-225
-156
-114
-76
-60
-57
-72
-109
-150
-200
-268
-331
-348
-346
-290
-204
-82
-42
120
276
401
529
673
891
1099
1163
994
725
397
131
-172
-348
-530
-626
-615
-510
-423
-339
-257
-189
-129
-77
-48
-34
-31
-73
-108
-133
-202
-249
-302
-314
-315
-266
-174
-54
-23
139
312
419
543
689
884
1111
1177
1025
756
419
155
-34
-336
-462
-607
-605
-509
-401
-333
-241
-166
-134
-74
-44
-40
-42
-37
-41
-111
-162
-226
-284
-322
-321
-268
-178
-79
-31
122
291
388
519
657
839
1104
1154
1063
816
503
181
-43
-299
-482
-620
-634
-543
-469
-369
-301
-225
-167
-122
-69
-53
-41
-62
-105
-131
-187
-251
-299
-332
-338
-300
-229
-121
-42
119
256
363
491
628
815
1043
1130
1027
790
468
155
-27
-379
-474
-611
-637
-581
-461
-374
-291
-226
-162
-109
-81
-49
-44
-70
-109
-143
-187
-259
-303
-345
-329
-285
-185
-80
-31
128
273
387
503
655
863
1108
1183
1057
805
483
159
-43
-362
-474
-605
-609
-538
-426
-332
-258
-199
-125
-77
-57
-38
-40
-37
-71
-117
-168
-229
-280
-313
-300
-269
-172
-49
11
149
320
419
547
692
899
1127
1187
1065
792
453
146
-44
-365
-497
-534
-583
-537
-437
-322
-259
-204
-141
-98
-62
-51
-46
-53
-75
-125
-137
-315
-294
-396
-343
-288
-190
-69
-18
146
299
418
531
675
889
1030
1201
1011
785
402
143
-159
-396
-546
-554
-581
-565
-476
-347
-281
-213
-175
-130
-93
-69
-73
-78
-109
-151
-199
-253
-302
-353
-349
-297
-205
-93
-42
134
273
393
527
659
871
1073
1157
1019
771
459
139
-43
-349
-511
-605
-520
-507
-481
-393
-276
-209
-149
-109
-76
-54
-43
-54
-69
-108
-158
-223
-276
-322
-329
-283
-200
-81
-35
128
291
404
517
663
873
1123
1204
1075
809
489
155
-29
-330
-500
-512
-517
-518
-472
-345
-258
-203
-146
-105
-58
-39
-37
-42
-62
-93
-161
-231
-287
-325
-343
-298
-203
-83
-46
137
291
405
523
660
859
1089
1171
1039
768
419
118
-44
-350
-543
-540
-565
-571
-491
-358
-278
-221
-167
-114
-79
-69
-67
-81
-108
-140
-197
-274
-339
-363
-357
-300
-226
-111
-42
119
273
372
486
625
803
1045
1159
1026
779
447
143
-42
-363
-510
-551
-627
-605
-490
-367
-298
-242
-178
-139
-97
-62
-61
-69
-105
-130
-172
-236
-322
-331
-339
-300
-203
-105
-39
133
253
373
499
626
818
1063
1173
1103
835
523
179
-38
-317
-503
-537
-556
-576
-506
-373
-284
-217
-155
-108
-66
-46
-40
-45
-76
-109
-156
-217
-283
-309
-317
-284
-205
-93
-42
128
276
419
504
626
788
1038
1191
1123
899
579
228
-17
-279
-491
-524
-582
-605
-529
-386
-300
-247
-197
-136
-79
-60
-42
-44
-64
-109
-160
-235
-298
-346
-354
-335
-263
-158
-40
103
139
347
466
581
745
978
1163
1122
902
577
259
-16
-303
-488
-620
-544
-605
-558
-461
-332
-253
-205
-166
-105
-76
-58
-54
-76
-114
-158
-230
-299
-348
-383
-353
-270
-170
-44
93
148
343
470
579
755
994
1171
1139
917
610
271
42
-279
-463
-605
-521
-506
-524
-446
-309
-223
-173
-127
-108
-62
-51
-44
-62
-73
-140
-208
-279
-332
-354
-334
-257
-155
-39
116
244
371
487
625
771
1039
1205
1179
946
631
293
139
-268
-442
-540
-605
-419
-445
-427
-348
-230
-172
-130
-111
-66
-41
-39
-56
-74
-125
-204
-273
-329
-363
-348
-289
-170
-44
85
136
350
468
599
761
999
1181
1155
929
601
261
-9
-287
-465
-571
-617
-540
-379
-430
-379
-284
-173
-152
-129
-108
-81
-76
-103
-108
-150
-236
-317
-359
-382
-363
-300
-175
-44
69
147
339
457
585
743
994
1167
1147
931
607
247
-19
-301
-491
-579
-551
-578
-354
-348
-359
-283
-155
-109
-106
-108
-74
-62
-78
-106
-131
-223
-283
-332
-348
-335
-270
-161
-37
129
273
402
525
659
842
1107
1238
1159
875
533
203
-33
-339
-504
-577
-538
-539
-349
-254
-295
-263
-154
-93
-76
-71
-69
-54
-59
-76
-109
-171
-242
-319
-330
-311
-230
-157
-31
131
265
401
515
643
839
1091
1231
1155
930
561
211
-26
-349
-490
-605
-563
-546
-386
-255
-327
-297
-194
-119
-108
-95
-93
-78
-85
-109
-150
-209
-281
-350
-363
-344
-264
-165
-31
116
239
382
497
602
792
1051
1195
1109
850
489
163
-38
-370
-534
-620
-605
-552
-430
-251
-313
-300
-208
-125
-111
-108
-108
-81
-93
-106
-140
-211
-293
-348
-363
-339
-268
-165
-28
118
295
404
535
659
842
1091
1227
1131
866
532
191
-40
-337
-491
-605
-563
-539
-397
-241
-301
-283
-198
-109
-108
-95
-87
-62
-75
-82
-122
-178
-249
-307
-331
-300
-230
-120
-33
134
283
419
549
687
879
1123
1247
1131
879
527
181
-35
-331
-499
-585
-556
-527
-399
-236
-300
-296
-204
-113
-103
-83
-67
-50
-57
-77
-108
-173
-269
-332
-339
-316
-253
-140
-37
122
289
419
551
683
903
1130
1185
1035
747
409
125
-155
-399
-551
-605
-569
-527
-370
-267
-336
-327
-213
-133
-120
-112
-86
-76
-82
-106
-147
-217
-302
-363
-363
-317
-229
-109
-41
135
315
459
595
738
946
1139
1142
966
659
325
135
-239
-434
-550
-577
-536
-498
-309
-295
-331
-288
-189
-125
-108
-85
-44
-46
-49
-74
-151
-221
-293
-337
-332
-268
-174
-57
93
135
372
503
629
813
1031
1194
1119
891
589
244
-2
-268
-444
-524
-556
-484
-435
-253
-313
-317
-245
-141
-109
-97
-65
-38
-34
-31
-73
-153
-236
-295
-326
-300
-236
-130
-31
135
323
465
591
714
899
1107
1141
996
738
391
133
-42
-374
-494
-582
-561
-475
-396
-284
-350
-333
-267
-172
-137
-109
-83
-62
-70
-93
-143
-209
-281
-316
-315
-257
-181
-59
26
137
357
487
601
766
963
1076
1011
790
507
207
-28
-282
-437
-540
-586
-523
-460
-373
-297
-354
-325
-248
-156
-119
-105
-69
-59
-59
-103
-160
-234
-283
-294
-254
-169
-70
-30
135
302
419
573
738
931
1074
1050
871
605
309
139
-183
-376
-486
-547
-526
-460
-414
-327
-279
-317
-275
-185
-117
-70
-54
-46
-44
-62
-133
-177
-219
-238
-226
-161
-81
-35
131
283
419
559
691
845
1015
1035
907
687
407
134
-27
-293
-435
-508
-524
-470
-401
-382
-253
-299
-303
-241
-149
-108
-85
-75
-57
-76
-125
-165
-207
-236
-239
-169
-121
-33
101
143
367
500
631
788
931
979
852
673
402
148
-34
-280
-427
-497
-539
-512
-465
-410
-348
-255
-305
-289
-215
-139
-117
-111
-101
-79
-122
-161
-193
-209
-222
-197
-120
-37
85
139
340
465
590
743
868
911
835
663
419
171
-15
-239
-382
-444
-497
-490
-440
-385
-347
-236
-285
-287
-221
-130
-103
-86
-93
-66
-86
-131
-157
-163
-169
-143
-76
-33
109
133
343
475
579
725
851
899
841
683
451
213
37
-193
-325
-414
-463
-447
-412
-366
-332
-232
-231
-261
-232
-140
-97
-93
-97
-77
-93
-119
-121
-133
-112
-97
-58
-6
134
259
379
504
611
735
835
842
747
581
347
146
-18
-231
-348
-423
-444
-455
-413
-355
-348
-231
-264
-289
-254
-168
-139
-127
-119
-106
-108
-134
-137
-122
-114
-103
-62
-28
115
244
371
475
573
675
755
755
670
531
311
142
-35
-205
-325
-397
-426
-452
-412
-353
-348
-234
-270
-310
-270
-177
-151
-140
-140
-109
-103
-106
-103
-93
-75
-51
-34
89
135
292
401
483
571
675
743
725
645
500
305
147
-23
-185
-294
-350
-375
-366
-382
-310
-315
-186
-249
-295
-264
-175
-170
-133
-135
-96
-76
-56
-53
-33
-41
-1
66
125
226
310
399
484
554
613
661
649
587
469
311
163
18
-42
-223
-284
-325
-330
-325
-305
-315
-183
-226
-287
-275
-191
-167
-159
-141
-108
-83
-75
-65
-46
-27
-34
49
125
145
276
349
405
471
518
541
543
506
419
319
180
135
-18
-181
-245
-293
-314
-317
-302
-300
-272
-172
-273
-297
-268
-183
-191
-193
-165
-130
-131
-115
-86
-49
