106
110
116
94
75
43
-9
-29
-95
-157
-191
-217
-213
-204
-188
-173
-170
-126
-106
-69
-25
-26
57
116
145
300
406
539
609
596
506
343
165
5
-156
-270
-367
-396
-351
-300
-209
-118
-37
-22
69
83
85
42
-10
-37
-81
-106
-111
-103
-93
-77
-65
-29
-28
-26
-9
-5
-23
-34
-19
-23
-55
-53
-54
-43
-35
-24
-28
1
9
-3
14
-10
-12
-26
-25
-61
-81
-71
-81
-85
-82
-81
-61
-46
-43
-26
-11
52
95
111
134
146
152
229
287
347
419
451
394
279
159
21
-25
-236
-309
-346
-339
-313
-258
-190
-119
-57
-38
-12
-6
-10
-26
-111
-154
-215
-241
-242
-239
-220
-188
-133
-53
-37
82
139
305
419
546
659
706
640
497
287
143
-29
-204
-322
-373
-371
-321
-249
-166
-76
-27
55
99
99
84
20
-12
-31
-135
-141
-169
-179
-179
-179
-171
-140
-112
-76
-47
-30
-27
46
79
116
187
358
499
619
697
683
545
370
179
-6
-202
-346
-411
-434
-411
-335
-239
-169
-53
-17
52
72
47
-5
-28
-133
-182
-206
-235
-261
-253
-244
-222
-175
-143
-113
-73
-28
-13
114
148
318
450
595
710
694
597
419
230
144
-102
-299
-409
-432
-412
-358
-283
-194
-93
-35
30
79
80
29
-3
-28
-140
-172
-213
-244
-250
-239
-220
-177
-145
-93
-60
-29
39
106
137
307
417
555
696
770
719
587
390
158
-3
-192
-329
-419
-442
-386
-291
-227
-132
-44
-26
83
91
69
35
-12
-41
-150
-185
-235
-238
-236
-229
-181
-151
-113
-59
-18
-22
91
145
276
379
526
671
771
759
657
481
257
148
-58
-315
-425
-466
-441
-386
-314
-218
-129
-47
-28
49
52
7
-23
-114
-157
-210
-258
-286
-284
-279
-254
-223
-170
-129
-74
-18
54
119
133
336
451
586
722
769
691
547
325
135
-39
-283
-412
-493
-485
-440
-378
-273
-173
-83
-26
-12
18
-8
-26
-93
-163
-213
-243
-286
-290
-291
-268
-220
-182
-123
-57
-29
80
145
244
355
495
628
763
789
739
596
386
161
-13
-238
-387
-451
-458
-421
-345
-264
-165
-93
-22
26
37
33
-11
-29
-128
-181
-232
-251
-280
-263
-237
-199
-142
-94
-33
-12
100
147
283
377
500
628
775
839
795
659
419
197
-11
-218
-371
-460
-475
-433
-368
-282
-204
-97
-22
-26
36
11
-9
-22
-161
-207
-244
-278
-309
-298
-273
-241
-172
-125
-50
-31
97
139
276
372
483
619
753
818
761
627
400
167
-23
-249
-405
-497
-515
-484
-395
-324
-220
-133
-71
-33
-21
-18
-28
-119
-163
-237
-268
-295
-319
-321
-300
-254
-197
-123
-45
-29
114
142
287
393
491
631
783
820
763
642
419
202
-5
-206
-362
-457
-481
-448
-377
-299
-221
-113
-35
-17
37
23
-22
-31
-150
-204
-247
-272
-300
-277
-262
-213
-157
-97
-27
-13
134
138
314
410
545
679
822
903
849
709
487
243
123
-203
-345
-457
-474
-454
-373
-300
-200
-117
-28
-31
37
17
-13
-26
-134
-186
-223
-277
-307
-300
-268
-217
-165
-86
-33
-25
122
149
289
402
505
647
774
855
831
693
470
212
15
-213
-376
-489
-503
-488
-412
-333
-239
-143
-64
-28
-27
-11
-26
-110
-156
-226
-283
-323
-349
-313
-298
-252
-204
-114
-62
-37
119
141
315
417
516
650
761
847
803
660
419
198
6
-235
-376
-485
-489
-466
-413
-309
-236
-145
-54
-21
-18
11
-27
-33
-172
-205
-271
-305
-309
-311
-284
-229
-166
-85
-43
67
148
265
367
483
594
730
858
899
819
649
386
161
-11
-254
-406
-475
-476
-435
-359
-279
-189
-79
-34
-6
38
20
-12
-32
-141
-208
-258
-298
-316
-299
-253
-204
-147
-70
-31
101
143
261
375
494
595
756
884
903
817
640
383
155
-25
-282
-427
-505
-506
-457
-395
-295
-204
-126
-28
-22
26
-7
-31
-135
-204
-254
-293
-342
-358
-336
-293
-244
-172
-105
-39
62
122
235
331
419
546
683
821
889
803
626
381
162
-18
-298
-444
-523
-526
-481
-412
-338
-229
-138
-51
-28
-13
-6
-26
-119
-177
-247
-295
-327
-357
-331
-301
-244
-187
-94
-26
79
141
258
341
461
582
711
871
887
820
635
403
153
-27
-285
-427
-483
-526
-467
-374
-299
-197
-117
-42
-11
26
2
-33
-98
-166
-236
-268
-318
-323
-322
-300
-235
-151
-71
-31
91
146
259
355
467
582
715
855
916
835
657
405
171
-2
-268
-411
-503
-514
-476
-401
-309
-225
-139
-57
-29
-12
-6
-33
-125
-189
-253
-297
-351
-357
-364
-319
-268
-197
-125
-43
-13
133
244
340
449
557
699
850
873
819
627
374
143
-25
-310
-462
-530
-556
-517
-427
-343
-238
-153
-77
-44
-37
-27
-95
-150
-229
-272
-339
-355
-363
-362
-332
-272
-204
-113
-33
7
151
246
359
461
563
711
843
873
788
596
346
145
-25
-315
-460
-526
-524
-473
-401
-318
-207
-130
-53
-24
-9
-5
-44
-123
-189
-258
-315
-349
-346
-329
-297
-231
-177
-76
-29
102
139
279
387
497
603
771
895
906
820
623
367
147
-28
-303
-439
-511
-508
-466
-387
-306
-193
-117
-29
-26
20
-11
-31
-142
-204
-255
-311
-332
-347
-332
-298
-227
-168
-77
-29
98
146
270
372
510
619
791
887
894
773
571
307
145
-171
-378
-498
-542
-529
-479
-406
-311
-221
-117
-54
-26
-38
-35
-114
-172
-222
-295
-352
-365
-386
-367
-321
-261
-185
-93
-21
89
143
280
371
475
601
762
867
831
739
526
277
141
-177
-353
-492
-546
-527
-473
-394
-298
-204
-121
-38
-25
-12
-8
-31
-153
-220
-268
-328
-342
-361
-339
-293
-221
-149
-54
-27
147
163
314
419
530
671
806
923
885
771
547
298
138
-176
-380
-492
-525
-506
-448
-350
-258
-175
-75
-31
53
37
-2
-44
-153
-217
-267
-310
-346
-357
-341
-291
-225
-149
-79
-29
147
238
330
419
543
663
832
915
895
756
537
279
139
-185
-365
-494
-532
-524
-461
-381
-289
-206
-97
-38
-30
3
-21
-23
-169
-236
-285
-346
-378
-392
-360
-314
-254
-172
-76
-33
123
134
314
418
533
643
811
894
851
711
484
229
4
-236
-411
-514
-553
-540
-473
-396
-303
-217
-121
-30
-21
-29
-21
-134
-181
-236
-289
-332
-354
-370
-343
-300
-223
-152
-64
-21
138
259
346
467
565
698
865
913
875
710
455
205
-6
-246
-421
-499
-547
-495
-433
-359
-265
-167
-70
-23
-12
20
-10
-28
-161
-229
-268
-323
-345
-332
-330
-258
-193
-106
-33
85
137
291
401
485
589
735
885
931
880
699
467
191
-13
-261
-412
-505
-540
-508
-427
-353
-247
-150
-71
-17
-15
25
-12
-63
-190
-261
-313
-353
-361
-369
-334
-281
-212
-134
-35
4
131
274
365
483
595
751
873
916
824
619
375
153
-42
-306
-477
-555
-546
-518
-429
-365
-250
-156
-75
-19
-34
-15
-42
-140
-204
-265
-333
-361
-371
-383
-342
-299
-212
-120
-29
79
143
297
407
495
629
763
901
915
815
617
368
141
-28
-319
-477
-531
-536
-481
-393
-318
-234
-150
-37
-44
37
11
-16
-78
-194
-253
-301
-334
-353
-346
-314
-237
-167
-67
-28
131
244
372
475
575
719
871
959
899
759
543
287
145
-166
-355
-479
-521
-497
-429
-362
-270
-169
-71
-12
-17
37
18
-28
-135
-184
-270
-300
-341
-348
-316
-284
-212
-155
-76
-33
137
228
345
461
547
711
835
923
867
719
483
219
6
-237
-399
-503
-552
-517
-460
-373
-270
-185
-103
-27
-13
20
-19
-23
-142
-225
-289
-357
-367
-375
-370
-330
-226
-151
-69
-34
133
227
345
419
547
691
850
899
838
675
419
190
-14
-265
-423
-518
-553
-522
-456
-362
-267
-175
-97
-31
-43
21
-16
-32
-167
-210
-273
-313
-357
-331
-323
-266
-204
-134
-51
-26
144
247
372
479
593
722
881
963
883
697
467
201
-7
-258
-407
-513
-524
-492
-441
-334
-236
-142
-70
-25
49
49
18
-37
-130
-205
-279
-317
-341
-345
-322
-277
-193
-93
-17
106
158
303
399
500
623
783
911
914
825
635
371
143
-27
-305
-460
-535
-538
-470
-431
-317
-238
-150
-58
-33
-12
6
-21
-106
-165
-236
-293
-338
-363
-347
-336
-289
-199
-118
-24
63
147
291
379
477
610
757
882
885
799
607
330
143
-37
-348
-492
-549
-541
-499
-431
-349
-253
-162
-69
-31
-26
8
-25
-117
-189
-236
-288
-349
-350
-346
-309
-243
-174
-71
-38
116
143
311
413
532
651
803
913
887
758
555
287
146
-134
-347
-478
-527
-512
-469
-396
-290
-203
-125
-44
-33
43
21
-7
-18
-151
-224
-273
-305
-315
-300
-278
-219
-147
-25
-18
135
259
345
451
545
683
840
931
899
763
547
287
139
-173
-365
-491
-524
-511
-453
-370
-299
-203
-122
-41
-34
22
5
-21
-123
-182
-244
-285
-334
-346
-341
-284
-221
-159
-76
-18
133
179
341
419
533
650
793
879
843
707
487
229
68
-217
-396
-515
-540
-527
-479
-402
-322
-229
-149
-59
-26
-41
-34
-21
-147
-205
-265
-299
-346
-348
-336
-292
-226
-151
-60
-22
114
150
315
402
529
649
794
879
849
705
491
242
79
-194
-380
-482
-552
-519
-459
-395
-323
-201
-122
-42
-26
25
4
-15
-101
-172
-231
-279
-325
-317
-311
-267
-193
-119
-27
67
143
263
351
419
535
679
826
930
867
725
495
262
145
-182
-365
-469
-504
-488
-427
-374
-286
-186
-105
-43
-29
25
6
-15
-37
-156
-231
-270
-317
-322
-310
-268
-204
-117
-34
47
137
249
347
419
539
678
806
884
850
692
475
219
27
-205
-395
-502
-531
-521
-470
-396
-319
-224
-140
-55
-37
-28
-18
-33
-129
-182
-257
-295
-335
-338
-330
-283
-225
-142
-50
-15
143
250
329
419
547
675
803
851
809
659
417
178
-5
-247
-415
-505
-537
-513
-444
-379
-300
-210
-111
-38
-28
-16
-9
-33
-126
-191
-230
-295
-317
-318
-297
-246
-157
-95
-27
110
148
291
381
467
562
707
823
885
819
649
414
178
-5
-231
-386
-477
-519
-476
-411
-347
-253
-189
-106
-43
-13
23
9
-37
-93
-161
-217
-246
-285
-295
-261
-206
-145
-73
-27
112
145
277
373
475
564
713
852
879
810
647
404
165
-5
-249
-396
-503
-521
-497
-451
-371
-295
-204
-118
-44
-23
-14
-24
-30
-129
-201
-253
-295
-310
-321
-301
-236
-187
-109
-28
99
159
283
374
468
564
703
815
835
749
565
342
139
-42
-313
-449
-530
-525
-497
-445
-394
-284
-205
-117
-61
-24
-19
-18
-111
-158
-204
-263
-297
-300
-297
-269
-223
-147
-61
-18
135
137
311
407
510
625
759
875
867
757
555
315
138
-17
-312
-450
-502
-502
-466
-405
-330
-246
-157
-93
-10
-37
3
-13
-33
-133
-187
-236
-268
-283
-277
-229
-189
-126
-29
2
121
249
354
447
518
632
793
895
887
759
559
335
178
-45
-300
-431
-494
-498
-475
-378
-325
-239
-142
-65
-27
-25
14
-14
-13
-141
-194
-254
-315
-295
-282
-258
-213
-141
-47
-25
127
144
305
395
497
603
742
853
855
731
539
290
133
-22
-341
-447
-510
-525
-476
-412
-335
-263
-175
-101
-26
-23
-16
-29
-111
-168
-231
-268
-294
-320
-305
-264
-220
-141
-58
-34
117
153
301
403
494
622
751
841
823
707
511
276
143
-108
-348
-461
-494
-499
-453
-392
-320
-246
-156
-45
-39
-11
19
-6
-42
-139
-182
-229
-257
-286
-272
-241
-178
-118
-50
-25
142
243
323
406
509
639
779
885
867
747
539
293
153
-29
-308
-419
-477
-487
-429
-374
-300
-237
-139
-50
-28
11
11
-2
-38
-139
-173
-231
-270
-271
-266
-247
-190
-122
-51
-37
113
143
293
372
475
595
721
820
815
709
531
310
143
-35
-332
-460
-527
-513
-489
-422
-355
-266
-181
-97
-43
-18
-27
-32
-103
-150
-209
-249
-300
-314
-303
-284
-219
-153
-70
-22
81
143
247
343
447
551
701
803
787
691
499
279
147
-28
-341
-467
-526
-530
-475
-427
-357
-267
-185
-98
-31
-31
-19
-29
-44
-134
-189
-230
-268
-291
-300
-247
-213
-157
-73
-32
113
135
298
372
463
565
699
803
829
727
549
339
150
-37
-271
-404
-460
-477
-444
-397
-331
-244
-163
-76
-25
-23
36
-3
-13
-109
-163
-213
-244
-253
-253
-231
-198
-140
-75
-31
87
143
259
355
419
527
683
801
821
767
607
394
177
-9
-242
-393
-476
-509
-476
-417
-357
-290
-204
-125
-45
-37
-11
-9
-28
-121
-175
-210
-255
-281
-278
-270
-225
-175
-119
-29
-27
120
148
295
401
494
628
757
788
739
597
402
163
-10
-257
-399
-489
-526
-495
-447
-384
-318
-218
-136
-76
-27
-44
-23
-31
-101
-167
-204
-253
-281
-287
-280
-221
-172
-105
-28
-15
127
139
307
399
501
630
767
820
801
659
468
219
119
-191
-364
-445
-492
-473
-435
-365
-289
-203
-121
-45
-35
10
-2
-16
-29
-145
-191
-234
-258
-262
-244
-204
-151
-93
-30
79
137
226
323
405
503
639
769
854
819
702
495
261
149
-108
-325
-439
-492
-492
-435
-390
-310
-221
-142
-59
-41
-12
-12
-25
-79
-140
-203
-240
-263
-295
-261
-233
-190
-131
-57
-26
116
143
274
363
471
582
723
803
787
680
485
247
143
-119
-332
-456
-511
-496
-460
-427
-335
-268
-174
-93
-43
-25
-21
-78
-125
-169
-221
-254
-279
-309
-287
-236
-204
-138
-66
-37
89
133
258
347
454
563
724
793
790
711
515
295
147
-38
-299
-432
-499
-493
-460
-406
-335
-255
-161
-80
-44
-25
-11
-15
-41
-154
-204
-240
-268
-257
-278
-236
-177
-119
-41
-13
144
149
287
383
477
611
756
855
826
718
518
299
147
-44
-298
-422
-461
-492
-449
-370
-314
-233
-149
-70
-33
-25
5
-12
-28
-131
-204
-231
-241
-269
-255
-225
-186
-119
-49
-5
117
155
276
359
459
565
715
795
787
675
505
285
151
-27
-330
-446
-492
-507
-476
-422
-343
-279
-182
-106
-58
-19
-44
-74
-106
-169
-213
-264
-301
-306
-277
-268
-220
-145
-93
-22
79
125
209
334
418
517
675
775
788
699
511
307
138
-29
-307
-444
-502
-518
-492
-427
-354
-288
-204
-122
-53
-21
-11
-63
-108
-159
-197
-215
-268
-268
-268
-239
-204
-140
-58
-29
102
147
272
359
468
593
735
825
819
702
522
293
150
-23
-306
-440
-488
-492
-453
-392
-311
-235
-157
-79
-32
-18
-1
-28
-29
-137
-184
-224
-235
-249
-251
-218
-169
-103
-35
-40
115
143
254
342
419
562
725
821
827
713
533
305
142
-21
-293
-427
-498
-505
-481
-427
-363
-277
-197
-111
-59
-44
-24
-40
-102
-177
-206
-257
-279
-284
-291
-254
-204
-149
-71
-24
86
131
264
357
449
590
727
775
773
651
451
229
116
-189
-367
-471
-514
-509
-480
-411
-350
-266
-170
-111
-47
-40
-54
-85
-131
-181
-234
-255
-287
-281
-264
-236
-174
-95
-22
-18
139
148
309
387
502
661
793
831
775
637
415
186
23
-204
-367
-441
-483
-464
-413
-386
-302
-211
-143
-74
-34
-29
-35
-76
-131
-172
-217
-241
-279
-263
-241
-201
-146
-61
-33
95
143
269
364
455
571
727
855
871
771
608
371
155
-12
-247
-380
-471
-501
-477
-427
-354
-277
-199
-125
-50
-25
-39
-43
-93
-153
-204
-243
-279
-274
-296
-277
-213
-157
-85
-25
95
143
274
371
467
615
747
835
803
679
471
261
146
-76
-346
-444
-503
-503
-461
-422
-364
-288
-201
-125
-58
-49
-60
-106
-167
-206
-238
-284
-317
-317
-300
-252
-191
-146
-54
-38
134
135
334
419
547
711
839
842
763
579
367
147
-7
-252
-399
-487
-502
-475
-424
-364
-300
-213
-143
-85
-34
-12
-50
-98
-149
-191
-231
-269
-291
-283
-258
-200
-138
-59
-13
117
148
310
411
531
670
819
884
855
695
500
257
158
-45
-305
-406
-459
-466
-411
-371
-300
-236
-153
-76
-43
-35
-29
-79
-130
-177
-225
-241
-273
-269
-268
-215
-150
-94
-31
97
154
293
402
511
660
827
884
863
695
486
266
154
-76
-342
-444
-492
-491
-453
-398
-347
-262
-177
-103
-65
-30
-58
-101
-131
-193
-236
-294
-312
-330
-309
-267
-221
-137
-49
-13
133
244
347
461
601
767
855
858
723
543
312
143
-27
-309
-425
-492
-492
-462
-414
-363
-277
-203
-142
-76
-57
-58
-94
-140
-171
-223
-277
-300
-307
-297
-252
-204
-127
-33
5
138
263
387
489
639
815
917
901
798
590
340
134
-33
-273
-399
-462
-483
-427
-390
-330
-259
-172
-97
-47
-38
-37
-37
-109
-166
-181
-236
-261
-282
-271
-241
-188
-108
-33
95
143
293
394
513
658
834
946
948
794
570
343
139
-31
-274
-396
-476
-475
-439
-396
-342
-269
-202
-114
-53
-25
-54
-83
-123
-186
-230
-270
-305
-325
-316
-274
-226
-149
-42
-6
167
279
399
529
675
854
931
886
739
519
281
145
-108
-357
-461
-515
-503
-457
-403
-344
-269
-191
-136
-93
-58
-74
-127
-157
-209
-253
-303
-345
-348
-332
-269
-220
-139
-21
90
147
319
419
559
735
904
958
914
695
485
243
139
-204
-364
-460
-504
-475
-443
-375
-301
-235
-162
-98
-63
-33
-53
-106
-144
-206
-237
-284
-321
-310
-297
-253
-185
-79
-27
134
277
403
515
663
847
989
1003
871
675
405
175
-12
-251
-398
-463
-475
-443
-396
-329
-258
-194
-108
-71
-25
-11
-77
-113
-171
-215
-263
-300
-307
-330
-289
-233
-156
-57
-29
145
283
399
521
694
868
971
946
771
557
299
147
-22
-333
-458
-513
-507
-469
-398
-344
-277
-166
-140
-58
-59
-95
-126
-178
-217
-269
-302
-349
-367
-332
-300
-237
-163
-47
14
155
321
419
565
751
906
931
877
697
450
215
6
-204
-385
-471
-502
-494
-429
-375
-320
-241
-169
-78
-65
-56
-84
-120
-172
-202
-255
-283
-316
-317
-307
-264
-173
-103
-35
146
247
376
484
638
839
983
1012
903
681
419
174
3
-236
-393
-465
-483
-445
-391
-332
-259
-182
-119
-66
-24
-37
-69
-98
-165
-225
-261
-283
-305
-300
-285
-225
-129
-33
71
147
334
475
599
779
961
1039
975
767
535
273
145
-146
-348
-460
-492
-469
-422
-364
-301
-221
-143
-93
-61
-33
-76
-121
-167
-204
-248
-295
-332
-341
-331
-282
-221
-111
-21
110
155
354
475
610
820
969
995
911
679
419
207
-11
-236
-406
-487
-508
-460
-427
-363
-300
-227
-152
-75
-65
-49
-77
-137
-166
-218
-279
-305
-341
-329
-317
-255
-182
-93
-12
131
260
375
516
673
867
1014
1003
884
661
407
177
-11
-253
-395
-458
-461
-427
-378
-334
-241
-175
-105
-51
-37
-33
-61
-118
-161
-210
-268
-283
-326
-327
-271
-225
-131
-28
85
148
327
455
596
778
978
1051
1019
850
595
343
159
-27
-299
-413
-462
-454
-405
-355
-287
-201
-134
-76
-18
-27
-30
-65
-129
-179
-236
-273
-304
-338
-332
-270
-221
-133
-27
79
149
336
459
585
769
955
1027
951
793
536
267
133
-126
-358
-445
-489
-460
-421
-383
-290
-225
-151
-75
-31
-27
-49
-122
-153
-220
-267
-294
-329
-357
-353
-289
-211
-135
-25
97
145
345
471
611
821
983
1019
931
723
466
234
139
-209
-370
-464
-476
-460
-396
-348
-266
-182
-125
-47
-23
-28
-22
-103
-146
-197
-241
-289
-332
-331
-307
-244
-179
-69
-33
147
274
369
503
665
855
1011
1067
931
724
475
244
143
-217
-363
-441
-461
-427
-381
-332
-242
-156
-93
-33
-21
5
-25
-21
-125
-189
-243
-296
-325
-332
-305
-258
-186
-82
-41
142
263
375
501
667
867
1026
1045
931
707
419
195
0
-235
-410
-489
-491
-453
-415
-333
-263
-189
-106
-47
-39
-43
-75
-125
-171
-241
-287
-334
-359
-364
-338
-282
-182
-101
-21
127
147
340
458
625
835
999
1012
871
643
392
173
-27
-281
-441
-494
-524
-480
-426
-348
-276
-189
-117
-57
-29
-29
-76
-141
-187
-232
-282
-336
-363
-361
-332
-270
-202
-109
-25
117
155
343
486
643
851
981
1017
913
723
461
223
5
-238
-402
-479
-481
-463
-392
-348
-262
-172
-93
-33
-35
-17
-28
-113
-145
-193
-267
-316
-326
-331
-321
-265
-172
-87
-21
135
231
355
468
628
865
989
1059
931
707
468
216
62
-219
-381
-470
-482
-460
-409
-348
-267
-173
-95
-37
-17
-27
-30
-102
-154
-207
-271
-330
-354
-364
-343
-310
-226
-141
-12
95
129
321
419
591
793
955
1031
931
723
473
231
130
-215
-394
-469
-492
-494
-438
-375
-307
-204
-140
-69
-44
-26
-75
-128
-173
-218
-285
-327
-364
-368
-365
-316
-223
-167
-29
-5
120
271
399
513
721
899
991
923
783
543
291
144
-37
-325
-447
-493
-471
-419
-369
-313
-209
-138
-73
-33
-26
-24
-15
-129
-187
-233
-306
-312
-349
-336
-300
-253
-157
-49
-33
133
287
386
503
692
898
1023
1027
891
642
390
164
-12
-271
-385
-450
-460
-422
-364
-295
-230
-123
-66
-32
-31
-10
-33
-109
-151
-221
-274
-315
-338
-353
-297
-236
-171
-72
-35
129
163
348
467
643
853
1003
1011
907
663
406
182
-20
-257
-421
-479
-493
-458
-396
-334
-257
-173
-103
-41
-25
-45
-65
-120
-189
-237
-303
-322
-370
-364
-332
-300
-219
-122
-29
116
141
315
419
585
783
953
978
899
695
457
232
95
-219
-387
-461
-504
-467
-418
-358
-273
-200
-125
-56
-41
-41
-28
-93
-139
-205
-246
-285
-332
-347
-334
-289
-213
-135
-27
105
148
311
419
565
770
957
1041
973
791
551
277
153
-30
-331
-434
-471
-449
-399
-358
-266
-189
-119
-46
-25
-16
-17
-22
-119
-156
-224
-277
-303
-316
-316
-269
-209
-118
-35
90
139
333
419
575
757
953
1055
1013
826
579
323
148
-27
-333
-447
-481
-470
-430
-364
-296
-211
-129
-54
-25
-26
-22
-82
-140
-187
-248
-296
-315
-355
-336
-300
-235
-156
-73
-23
131
265
375
501
675
867
978
978
833
603
339
147
-28
-301
-438
-485
-493
-460
-414
-349
-268
-174
-106
-45
-27
-32
-93
-135
-172
-237
-290
-326
-349
-361
-322
-268
-190
-106
-37
109
147
324
419
567
762
917
993
929
738
494
269
155
-181
-351
-445
-479
-457
-401
-361
-281
-201
-117
-51
-34
-32
-25
-87
-133
-182
-250
-290
-318
-332
-330
-265
-204
-121
-21
96
135
315
419
551
743
951
1027
1011
843
596
327
143
-28
-300
-414
-460
-441
-412
-354
-294
-207
-137
-69
-44
-37
-29
-70
-125
-173
-225
-263
-327
-332
-336
-300
-230
-160
-62
-27
135
243
341
473
628
821
967
962
853
632
389
181
-7
-273
-427
-471
-482
-459
-419
-361
-277
-195
-129
-59
-39
-43
-78
-137
-185
-229
-271
-317
-363
-365
-347
-293
-208
-109
-33
99
151
309
415
563
751
917
983
916
726
483
237
143
-193
-374
-460
-485
-472
-417
-365
-301
-215
-140
-71
-33
-18
-22
-108
-130
-182
-241
-284
-321
-341
-332
-268
-216
-131
-33
93
148
308
419
553
724
915
1000
990
811
568
331
139
-29
-313
-412
-448
-448
-430
-357
-291
-204
-131
-65
-29
-15
-2
-27
-103
-163
-213
-263
-301
-319
-315
-287
-220
-156
-59
-3
142
263
363
487
639
821
979
975
866
661
408
197
-9
-253
-396
-469
-467
-444
-386
-327
-269
-174
-109
-53
-29
-23
-76
-120
-172
-199
-273
-304
-336
-353
-331
-279
-207
-135
-29
78
145
274
379
507
667
847
963
923
771
559
339
139
-37
-300
-415
-474
-481
-449
-390
-330
-235
-153
-95
-53
-27
-23
-75
-122
-174
-228
-249
-300
-311
-302
-291
-220
-145
-58
-12
139
243
361
471
630
811
979
1018
930
715
487
255
151
-181
-338
-412
-446
-412
-364
-302
-230
-149
-76
-33
-14
17
-9
-37
-106
-149
-193
-242
-281
-294
-282
-231
-163
-93
-37
135
145
315
419
551
722
913
1015
951
823
587
339
159
-28
-285
-409
-449
-443
-410
-350
-293
-221
-146
-93
-57
-28
-43
-102
-125
-161
-213
-270
-318
-332
-332
-300
-267
-191
-102
-12
95
144
301
407
538
731
863
931
867
673
450
221
116
-203
-365
-463
-492
-476
-437
-393
-315
-229
-167
-105
-61
-66
-78
-126
-159
-204
-256
-305
-332
-351
-345
-302
-236
-172
-55
-29
132
141
331
419
597
762
895
916
821
647
399
195
7
-210
-365
-438
-466
-437
-382
-320
-237
-158
-103
-31
-29
-23
-22
-31
-123
-165
-230
-267
-301
-303
-290
-233
-171
-104
-17
104
151
303
419
533
724
899
999
975
803
587
351
153
-27
-249
-390
-449
-427
-391
-330
-274
-211
-110
-44
-19
-5
-12
-24
-83
-133
-189
-221
-278
-287
-300
-279
-221
-157
-77
-22
123
158
295
383
509
691
863
967
902
755
518
291
147
-26
-326
-427
-468
-465
-414
-361
-300
-231
-140
-81
-33
-33
-53
-108
-141
-177
-223
-281
-316
-329
-339
-293
-242
-172
-101
-24
100
163
289
404
526
723
867
899
839
643
419
212
68
-215
-363
-446
-469
-434
-401
-351
-283
-205
-140
-77
-38
-26
-39
-82
-137
-181
-239
-281
-317
-326
-307
-241
-196
-137
-39
-13
135
251
355
453
597
788
915
931
835
655
419
207
62
-198
-358
-427
-431
-425
-364
-300
-230
-161
-81
-34
-35
-12
-27
-31
-135
-169
-219
-255
-293
-295
-283
-221
-152
-85
-39
111
157
290
359
477
657
825
916
915
751
539
346
171
-21
-281
-395
-460
-453
-418
-364
-305
-235
-157
-78
-41
-35
-37
-80
-126
-159
-213
-253
-300
-332
-320
-287
-242
-169
-99
-28
75
149
276
365
478
665
819
883
846
707
506
276
147
-39
-326
-418
-474
-467
-413
-375
-319
-231
-162
-102
-63
-46
-53
-101
-126
-187
-229
-269
-299
-322
-310
-274
-222
-158
-70
-34
103
135
291
404
532
724
865
926
875
699
487
263
146
-29
-332
-419
-457
-432
-390
-322
-267
-197
-117
-55
-41
-26
-25
-77
-125
-163
-209
-250
-299
-289
-287
-257
-199
-127
-30
70
123
274
359
451
597
777
911
931
831
647
418
212
42
-206
-351
-443
-435
-426
-364
-299
-253
-168
-108
-58
-39
-27
-62
-78
-145
-200
-223
-278
-314
-307
-310
-257
-204
-129
-50
-11
134
231
331
419
593
767
873
859
770
564
346
163
-29
-263
-387
-455
-453
-441
-389
-334
-268
-186
-122
-74
-44
-62
-122
-141
-175
-233
-273
-305
-332
-332
-308
-247
-197
-113
-28
13
130
213
309
419
566
755
875
875
785
582
383
180
2
-241
-376
-423
-444
-413
-364
-299
-234
-154
-124
-60
-33
-29
-41
-103
-145
-193
-236
-274
-297
-305
-287
-246
-176
-108
-18
23
147
223
326
445
591
755
899
931
835
629
414
206
89
-203
-345
-418
-442
-402
-363
-283
-222
-149
-105
-43
-12
-23
-19
-106
-124
-167
-235
-267
-289
-305
-287
-238
-175
-121
-26
41
131
230
341
419
587
761
867
883
789
597
372
149
-12
-239
-383
-465
-460
-424
-364
-315
-258
-177
-106
-67
-37
-64
-76
-133
-158
-213
-254
-300
-318
-336
-297
-270
-204
-113
-29
-11
143
175
318
419
595
786
875
859
742
533
307
133
-31
-287
-396
-462
-449
-414
-371
-301
-243
-165
-108
-50
-43
-28
-67
-112
-156
-195
-251
-271
-300
-300
-272
-229
-177
-75
-31
83
147
255
339
453
596
769
867
879
767
575
357
162
-12
-225
-376
-426
-427
-396
-342
-299
-221
-156
-73
-38
-28
-28
-35
-33
-105
-154
-204
-244
-273
-269
-251
-217
-175
-101
-23
61
139
229
327
419
571
751
867
884
803
611
377
175
23
-220
-370
-440
-449
-427
-353
-326
-246
-172
-93
-55
-38
-16
-72
-115
-141
-186
-242
-263
-299
-303
-298
-243
-203
-136
-49
-29
120
148
279
394
543
707
841
852
756
574
367
163
-17
-239
-385
-457
-447
-419
-378
-332
-268
-201
-127
-77
-58
-40
-61
-111
-140
-172
-227
-268
-290
-303
-286
-242
-216
-143
-51
-15
109
139
274
359
486
673
803
866
820
655
449
244
159
-13
-289
-397
-431
-423
-364
-319
-253
-170
-108
-59
-29
-12
-22
-28
-103
-140
-190
-231
-265
-279
-238
-221
-186
-135
-45
-19
113
162
266
371
469
643
795
890
870
739
523
321
139
-17
-265
-369
-429
-417
-363
-323
-262
-203
-129
-44
-37
-39
-23
-38
-101
-139
-187
-241
-268
-298
-293
-249
-219
-171
-94
-29
57
141
213
315
419
601
757
831
835
703
507
298
146
-49
-273
-399
-453
-451
-412
-354
-299
-236
-153
-82
-53
-39
-53
-85
-111
-166
-199
-255
-278
-297
-300
-284
-234
-171
-110
-29
-21
123
147
283
398
559
735
843
851
739
562
362
159
8
-213
-350
-425
-427
-387
-335
-287
-236
-151
-76
-30
-31
-22
-29
-57
-108
-146
-181
-236
-263
-279
-259
-228
-185
-108
-43
-23
116
152
290
354
483
666
815
863
825
683
489
284
153
-33
-267
-369
-409
-390
-354
-301
-240
-173
-97
-41
-21
-16
-12
-27
-85
-134
-186
-235
-262
-262
-268
-234
-204
-156
-75
-23
68
148
234
318
419
591
747
843
841
727
523
315
133
-38
-261
-374
-435
-435
-380
-345
-293
-221
-158
-85
-54
-38
-48
-93
-105
-140
-189
-235
-268
-309
-312
-267
-233
-198
-133
-59
-30
101
139
277
353
507
687
809
835
750
589
372
169
-11
-205
-354
-412
-431
-418
-351
-309
-258
-169
-110
-47
-34
-24
-41
-85
-118
-153
-207
-251
-277
-305
-271
-239
-191
-126
-45
-22
121
142
282
358
498
695
805
867
795
642
457
240
149
-45
-289
-393
-413
-386
-344
-301
-241
-170
-111
-43
-41
-22
-15
-28
-93
-120
-182
-215
-253
-273
-269
-235
-185
-134
-44
-14
99
141
266
342
481
639
793
863
823
682
482
276
138
-44
-297
-398
-429
-422
-382
-313
-271
-203
-140
-94
-50
-29
-44
-79
-97
-142
-200
-235
-288
-290
-306
-267
-235
-169
-93
-44
65
129
212
307
411
582
751
826
795
662
479
263
137
-30
-293
-396
-433
-434
-396
-343
-297
-237
-158
-102
-58
-38
-45
-76
-94
-143
-194
-230
-249
-306
-295
-270
-226
-182
-106
-27
62
131
218
335
414
577
746
833
835
727
555
349
148
-28
-224
-348
-403
-417
-375
-323
-263
-221
-138
-76
-50
-25
-25
-27
-81
-121
-156
-201
-251
-266
-269
-244
-190
-156
-87
-28
84
148
259
355
475
626
797
875
843
747
532
308
137
-13
-242
-349
-402
-396
-361
-317
-264
-207
-140
-76
-54
-37
-45
-78
-98
-139
-182
-221
-253
-269
-288
-277
-236
-175
-108
-41
-4
138
151
291
387
532
727
815
823
729
547
340
148
-2
-225
-347
-423
-427
-416
-364
-312
-255
-175
-130
-81
-55
-72
-73
-118
-133
-176
-242
-266
-284
-306
-271
-246
-213
-146
-64
-37
96
157
279
377
523
699
815
839
739
569
375
181
15
-186
-323
-409
-405
-379
-328
-297
-236
-162
-103
-63
-32
-22
-57
-93
-111
-156
-199
-238
-258
-280
-267
-225
-175
-113
-44
-11
114
133
311
405
555
739
863
875
811
626
419
233
138
-181
-322
-389
-401
-373
-332
-295
-226
-169
-106
-47
-26
-34
-43
-77
-117
-159
-198
-250
-279
-283
-281
-234
-177
-109
-38
4
126
147
297
415
561
725
822
859
743
567
347
163
-16
-213
-355
-423
-427
-396
-359
-299
-246
-165
-109
-72
-61
-61
-102
-123
-139
-185
-230
-277
-285
-303
-287
-269
-207
-138
-54
-23
102
151
276
378
531
725
811
833
724
533
335
155
-21
-226
-343
-412
-409
-377
-355
-300
-223
-174
-123
-76
-49
-49
-71
-105
-135
-165
-215
-236
-280
-294
-260
-220
-167
-98
-34
56
125
235
327
449
599
763
863
863
727
549
349
169
-9
-219
-352
-390
-387
-350
-314
-264
-206
-143
-76
-33
-12
-38
-47
-99
-117
-162
-205
-236
-283
-257
-238
-204
-141
-75
-27
83
130
233
321
451
603
781
850
839
699
525
331
142
-27
-251
-350
-412
-417
-371
-319
-287
-219
-167
-108
-75
-57
-66
-106
-117
-155
-192
-254
-261
-305
-287
-268
-239
-167
-106
-45
33
147
155
311
413
587
755
820
817
665
471
277
143
-44
-285
-389
-427
-435
-378
-341
-289
-239
-190
-129
-74
-75
-85
-97
-127
-153
-193
-241
-273
-299
-285
-266
-223
-156
-95
-11
87
135
244
340
462
639
803
871
819
692
491
283
141
-29
-268
-357
-402
-381
-355
-322
-268
-199
-137
-83
-54
-44
-43
-77
-101
-145
-185
-215
-249
-261
-261
-221
-174
-108
-34
-5
126
155
323
415
553
753
863
903
787
603
406
218
131
-175
-293
-391
-396
-381
-334
-294
-237
-182
-119
-65
-54
-47
-69
-111
-134
-186
-221
-258
-282
-293
-273
-239
-191
-113
-34
-17
131
147
303
407
577
738
841
846
739
545
336
154
-26
-257
-377
-421
-425
-396
-362
-323
-251
-176
-140
-108
-77
-96
-122
-146
-174
-206
-262
-278
-300
-303
-284
-250
-177
-97
-41
96
148
251
330
466
613
763
841
820
683
470
276
147
-44
-254
-351
-412
-396
-353
-318
-286
-210
-147
-104
-57
-66
-61
-85
-126
-145
-198
-236
-259
-277
-269
-247
-198
-140
-58
-27
118
134
276
377
507
692
831
881
823
654
483
274
138
-12
-258
-358
-406
-381
-321
-288
-265
-189
-138
-93
-55
-47
-48
-93
-111
-156
-209
-246
-271
-291
-268
-253
-192
-117
-37
3
139
150
308
395
564
727
845
839
742
552
347
179
-5
-204
-332
-394
-417
-383
-342
-311
-257
-193
-137
-108
-71
-77
-108
-112
-142
-200
-236
-291
-305
-302
-288
-240
-182
-138
-50
-23
105
133
323
405
575
729
803
817
692
503
307
153
-18
-252
-361
-383
-399
-389
-331
-300
-242
-181
-133
-93
-50
-80
-86
-123
-146
-184
-230
-266
-289
-283
-251
-218
-142
-75
-17
99
147
274
374
499
675
817
883
807
657
453
250
146
-14
-298
-353
-406
-377
-334
-284
-231
-174
-141
-93
-50
-33
-65
-97
-106
-140
-187
-219
-249
-274
-259
-225
-192
-112
-35
10
134
241
340
449
601
771
873
871
753
551
336
147
-13
-209
-331
-406
-382
-370
-327
-284
-236
-178
-117
-98
-76
-69
-94
-123
-155
-182
-237
-290
-300
-303
-284
-234
-172
-108
-23
81
133
235
347
468
638
788
842
802
655
449
272
148
-34
-277
-378
-427
-425
-377
-331
-282
-234
-172
-137
-85
-77
-95
-117
-138
-169
-226
-266
-284
-287
-299
-265
-209
-136
-50
-25
106
147
308
415
564
743
855
863
763
567
373
180
15
-199
-319
-378
-395
-353
-327
-287
-244
-181
-134
-79
-58
-50
-77
-93
-133
-170
-216
-246
-261
-271
-253
-215
-155
-74
-43
91
139
286
375
500
663
822
894
852
721
503
305
143
-30
-236
-354
-397
-379
-353
-301
-269
-220
-141
-106
-81
-70
-76
-105
-126
-165
-213
-251
-274
-295
-295
-257
-211
-157
-69
-29
110
147
277
374
523
693
825
847
773
593
391
195
123
-188
-317
-392
-421
-402
-354
-316
-273
-223
-178
-123
-101
-77
-106
-151
-148
-205
-239
-287
-296
-322
-305
-266
-207
-140
-49
-23
122
141
311
419
595
755
855
826
715
501
313
147
-23
-240
-361
-411
-389
-357
-331
-287
-220
-165
-121
-79
-75
-71
-83
-125
-156
-181
-231
-253
-286
-294
-256
-204
-156
-75
-28
100
138
263
371
507
683
827
875
833
665
469
270
147
-13
-247
-346
-375
-374
-341
-290
-253
-190
-139
-98
-59
-63
-69
-97
-125
-166
-199
-249
-282
-293
-273
-229
-201
-126
-44
-28
117
147
309
411
582
756
835
846
755
564
350
169
-12
-217
-354
-395
-410
-388
-338
-302
-258
-197
-155
-110
-75
-98
-110
-138
-167
-184
-232
-276
-293
-311
-296
-237
-194
-122
-32
37
147
240
330
419
635
787
827
790
650
419
249
148
-37
-279
-377
-402
-405
-365
-319
-284
-213
-172
-117
-95
-77
-82
-108
-142
-167
-209
-254
-300
-301
-295
-263
-213
-154
-53
-27
118
146
314
419
585
766
863
869
775
582
379
191
30
-182
-300
-380
-392
-355
-313
-273
-231
-172
-125
-66
-33
-55
-78
-118
-131
-162
-205
-246
-268
-274
-263
-223
-141
-75
-38
94
132
276
355
503
671
823
889
835
675
473
277
155
-21
-259
-364
-396
-379
-348
-306
-268
-217
-156
-106
-82
-74
-83
-113
-155
-177
-207
-257
-290
-305
-279
-252
-195
-140
-44
-34
114
155
295
397
563
742
823
835
739
538
345
157
-12
-220
-341
-396
-414
-377
-365
-311
-261
-195
-154
-131
-93
-101
-125
-127
-170
-204
-261
-279
-309
-305
-294
-251
-189
-129
-39
7
123
159
311
419
601
775
843
835
699
500
304
133
-26
-233
-345
-389
-387
-353
-318
-265
-217
-169
-117
-75
-44
-67
-82
-108
-141
-182
-223
-241
-284
-268
-256
-188
-157
-61
-27
100
154
265
369
515
707
847
884
835
651
450
244
141
-39
-274
-356
-380
-361
-343
-284
-253
-187
-149
-108
-76
-54
-80
-101
-135
-169
-215
-247
-289
-294
-285
-258
-201
-129
-47
-25
118
139
291
391
564
754
851
846
723
533
347
158
-14
-237
-334
-393
-396
-380
-334
-293
-249
-193
-147
-121
-82
-95
-115
-149
-170
-198
-240
-286
-322
-327
-310
-252
-202
-127
-29
-28
121
152
319
446
628
778
841
803
658
455
261
147
-27
-277
-364
-397
-396
-349
-318
-279
-226
-147
-101
-81
-73
-76
-105
-123
-159
-210
-242
-262
-284
-285
-246
-199
-130
-61
-30
115
155
277
377
528
723
854
884
807
623
419
239
145
-27
-271
-336
-389
-350
-321
-281
-236
-169
-125
-76
-40
-44
-69
-76
-117
-134
-190
-225
-264
-274
-271
-229
-186
-127
-58
-27
106
143
278
363
531
719
835
867
756
594
389
213
119
-156
-291
-364
-401
-364
-341
-288
-236
-204
-143
-105
-81
-63
-110
-141
-165
-197
-236
-270
-285
-313
-298
-251
-199
-140
-48
-23
110
157
299
403
567
724
807
788
693
503
307
155
-25
-236
-345
-394
-398
-369
-321
-293
-236
-182
-129
-101
-79
-93
-111
-130
-161
-190
-239
-253
-299
-301
-261
-219
-161
-115
-38
59
138
187
315
455
618
785
867
839
692
506
299
131
-31
-232
-333
-360
-353
-339
-293
-264
-229
-134
-93
-53
-49
-58
-95
-108
-139
-179
-205
-237
-252
-243
-231
-190
-137
-71
-29
89
138
249
331
469
659
788
857
815
682
489
299
149
-15
-231
-328
-371
-343
-332
-291
-238
-197
-141
-97
-71
-47
-66
-80
-115
-153
-189
-240
-268
-288
-285
-258
-205
-163
-101
-30
69
129
223
319
419
629
771
827
791
647
449
251
143
-28
-263
-358
-398
-371
-348
-305
-273
-203
-155
-123
-77
-76
-96
-108
-140
-161
-204
-246
-281
-298
-290
-259
-199
-172
-95
-29
62
130
201
311
468
639
788
835
807
642
465
270
147
-34
-218
-318
-353
-365
-329
-296
-241
-195
-125
-81
-49
-45
-76
-93
-103
-140
-182
-217
-242
-263
-263
-232
-198
-139
-71
-33
89
146
266
353
483
679
838
891
834
663
479
287
157
-15
-229
-325
-350
-332
-302
-259
-229
-172
-114
-66
-30
-45
-58
-102
-108
-137
-188
-229
-254
-276
-274
-233
-197
-140
-79
-36
67
123
237
323
449
663
779
839
789
627
450
261
151
-29
-242
-334
-377
-363
-331
-295
-250
-203
-140
-108
-93
-70
-97
-126
-143
-185
-219
-249
-273
-313
-287
-258
-221
-146
-69
-39
55
136
158
309
474
655
788
820
759
613
403
227
133
-43
-284
-355
-385
-351
-336
-287
-243
-182
-140
-81
-72
-55
-76
-105
-134
-140
-189
-223
-253
-277
-278
-246
-191
-137
-59
-38
85
131
247
322
489
658
809
849
795
640
461
276
148
-28
-230
-306
-354
-347
-306
-255
-207
-149
-129
-73
-50
-32
-63
-81
-97
-146
-176
-199
-244
-257
-266
-242
-199
-147
-69
-13
69
133
207
322
451
629
788
843
787
643
449
263
147
-37
-252
-332
-377
-374
-338
-305
-254
-211
-149
-108
-79
-81
-85
-111
-140
-170
-205
-241
-278
-305
-300
-266
-227
-166
-98
-39
-3
130
138
297
419
611
752
791
770
615
419
249
158
-27
-269
-362
-396
-382
-355
-325
-284
-222
-166
-127
-95
-76
-106
-118
-140
-159
-205
-236
-267
-289
-289
-269
-205
-165
-108
-29
84
138
235
326
467
660
799
850
788
638
419
288
147
-28
-243
-325
-367
-342
-307
-264
-229
-192
-138
-69
-44
-46
-67
-85
-108
-128
-171
-218
-239
-259
-249
-213
-175
-118
-43
-46
97
126
244
330
447
630
795
845
807
666
479
279
149
-23
-224
-319
-348
-347
-332
-301
-266
-200
-149
-102
-93
-69
-95
-108
-135
-142
-182
-226
-268
-289
-274
-261
-229
-169
-120
-29
-29
113
148
291
418
595
735
798
793
645
455
276
142
-19
-235
-331
-385
-379
-349
-316
-284
-236
-165
-134
-97
-79
-109
-117
-133
-172
-194
-231
-261
-287
-289
-261
-220
-181
-105
-12
-26
115
142
267
379
569
713
802
789
675
499
313
149
-15
-201
-302
-355
-346
-332
-300
-257
-205
-154
-109
-62
-73
-53
-73
-97
-123
-166
-182
-237
-255
-262
-237
-204
-161
-94
-41
15
119
149
286
401
577
755
846
839
725
549
353
177
20
-161
-274
-341
-329
-314
-289
-259
-189
-145
-106
-69
-60
-59
-83
-105
-123
-162
-194
-240
-249
-267
-249
-236
-175
-129
-44
-14
83
131
238
313
483
657
778
806
727
590
391
210
143
-23
-274
-345
-361
-351
-326
-300
-262
-177
-145
-111
-95
-74
-101
-130
-155
-171
-204
-255
-283
-310
-300
-268
-222
-169
-98
-28
79
135
179
307
455
647
771
806
743
579
404
231
147
-12
-281
-352
-365
-364
-321
-274
-234
-184
-138
-105
-77
-75
-94
-108
-117
-159
-194
-206
-250
-274
-268
-236
-186
-141
-71
-33
74
131
219
321
451
635
787
835
803
659
468
276
133
-26
-210
-297
-329
-332
-289
-249
-234
-173
-122
-65
-62
-44
-58
-73
-76
-125
-161
-191
-229
-261
-256
-230
-188
-151
-73
-28
59
135
138
295
398
597
745
830
791
661
475
279
138
-27
-213
-321
-352
-351
-332
-300
-263
-211
-157
-117
-94
-60
-76
-102
-121
-147
-182
-216
-269
-297
-300
-270
-242
-181
-139
-43
-41
103
147
274
371
539
705
788
763
655
471
298
153
-21
-215
-318
-363
-357
-343
-313
-262
-220
-159
-125
-74
-63
-85
-109
-130
-140
-173
-203
-241
-270
-271
-262
-213
-158
-124
-29
-29
103
139
274
363
546
702
807
819
722
547
363
184
82
-129
-269
-338
-349
-330
-285
-266
-217
-155
-106
-61
-61
-50
-50
-93
-109
-156
-172
-208
-233
-239
-236
-199
-157
-98
-48
-38
106
148
266
353
503
683
806
838
763
585
403
241
138
-23
-243
-314
-341
-314
-294
-267
-236
-187
-130
-101
-65
-72
-105
-127
-127
-161
-193
-211
-262
-279
-265
-242
-205
-149
-64
-35
67
135
151
302
419
609
747
794
755
611
407
243
144
-34
-258
-315
-357
-365
-330
-295
-277
-205
-159
-129
-83
-108
-115
-121
-141
-186
-202
-239
-269
-287
-279
-267
-203
-166
-108
-43
20
139
148
303
419
603
767
803
770
638
449
286
157
-29
-216
-304
-332
-339
-303
-274
-241
-191
-140
-93
-57
-49
-64
-99
-103
-137
-156
-205
-229
-249
-257
-234
-193
-149
-94
-34
63
122
148
279
405
579
749
829
835
714
532
355
189
2
-167
-284
-326
-313
-302
-263
-244
-193
-154
-121
-64
-69
-75
-93
-119
-126
-172
-203
-234
-268
-277
-263
-230
-189
-129
-57
-31
110
148
259
356
543
723
801
815
711
529
313
174
-9
-191
-282
-362
-358
-343
-305
-281
-237
-182
-125
-105
-85
-108
-114
-131
-157
-187
-221
-255
-289
-310
-279
-247
-204
-145
-66
-25
84
126
228
338
495
683
776
789
702
555
346
191
39
-168
-279
-334
-359
-322
-295
-287
-215
-193
-119
-97
-60
-65
-93
-118
-141
-151
-199
-232
-259
-268
-243
-220
-182
-112
-45
-33
111
142
265
326
506
683
801
847
775
597
402
261
147
-32
-248
-312
-329
-309
-270
-241
-210
-153
-118
-75
-42
-53
-81
-93
-106
-138
-182
-227
-249
-268
-265
-235
-182
-136
-76
-21
67
139
191
303
451
651
763
821
764
607
419
257
147
-43
-237
-326
-364
-327
-301
-289
-255
-193
-141
-117
-82
-82
-106
-126
-128
-161
-216
-239
-284
-303
-300
-268
-219
-163
-109
-22
59
131
148
287
413
599
723
775
731
578
399
241
145
-35
-248
-331
-349
-349
-326
-294
-254
-198
-155
-115
-78
-86
-108
-122
-134
-151
-190
-229
-261
-271
-266
-251
-207
-167
-109
-30
-10
127
147
294
405
595
755
819
801
675
489
301
155
-19
-215
-365
-334
-329
-289
-321
-236
-198
-142
-81
-56
-45
-69
-86
-109
-121
-151
-173
-231
-259
-266
-234
-198
-158
-103
-23
2
123
154
291
393
564
735
819
815
679
507
321
153
-15
-198
-289
-334
-349
-313
-288
-255
-213
-159
-125
-85
-74
-106
-118
-134
-155
-198
-234
-268
-284
-295
-268
-235
-203
-141
-62
-33
106
143
248
342
523
691
787
786
675
479
305
147
-11
-195
-315
-364
-362
-348
-316
-294
-246
-189
-142
-122
-95
-110
-113
-156
-169
-186
-236
-262
-273
-284
-268
-233
-205
-140
-149
-19
81
137
175
353
523
707
823
827
729
543
354
181
23
-161
-287
-344
-334
-336
-300
-274
-221
-173
-130
-77
-57
-65
-85
-103
-127
-153
-172
-204
-249
-264
-265
-215
-174
-131
-42
-32
90
162
267
356
531
723
833
863
761
591
401
228
134
-27
-253
-326
-346
-307
-273
-269
-229
-172
-108
-87
-59
-76
-76
-95
-121
-143
-192
-236
-280
-298
-287
-252
-210
-149
-67
-34
71
135
231
323
491
691
795
811
731
563
370
199
137
-137
-284
-349
-355
-346
-321
-300
-265
-190
-146
-113
-97
-106
-114
-138
-156
-182
-223
-265
-287
-311
-300
-253
-220
-168
-85
-29
69
126
227
331
500
695
813
823
737
553
358
201
83
-141
-278
-328
-350
-331
-306
-268
-236
-174
-117
-99
-57
-77
-105
-122
-114
-135
-185
-218
-268
-284
-257
-229
-182
-114
-47
-25
85
151
259
363
539
723
849
855
763
565
379
230
148
-35
-251
-302
-311
-299
-284
-265
-219
-151
-96
-78
-41
-53
-80
-103
-117
-141
-182
-210
-261
-270
-246
-204
-175
-134
-59
-55
74
139
260
335
514
707
842
839
763
579
373
211
138
-45
-282
-345
-351
-332
-315
-295
-246
-192
-139
-102
-67
-75
-105
-123
-138
-173
-209
-243
-284
-303
-284
-243
-213
-172
-76
-28
75
130
159
308
483
667
787
826
731
570
372
203
148
-105
-268
-332
-339
-333
-323
-284
-233
-186
-130
-106
-86
-87
-114
-130
-135
-172
-199
-235
-269
-294
-277
-235
-204
-124
-76
-34
84
159
248
357
516
739
854
875
763
587
404
218
141
-32
-255
-323
-326
-309
-284
-257
-229
-169
-122
-71
-61
-41
-94
-101
-118
-147
-174
-209
-265
-270
-264
-220
-172
-119
-35
-34
82
129
285
370
563
751
867
871
739
567
386
206
145
-60
-267
-326
-332
-305
-294
-273
-217
-175
-117
-81
-76
-77
-110
-130
-140
-172
-202
-254
-293
-300
-291
-239
-202
-142
-74
-29
83
148
244
343
533
721
826
827
747
547
355
195
35
-157
-278
-350
-357
-336
-319
-301
-258
-201
-152
-110
-101
-114
-124
-141
-156
-193
-218
-268
-303
-305
-303
-240
-198
-140
-61
-27
100
155
278
379
587
759
871
851
730
547
347
182
-2
-178
-273
-298
-325
-303
-290
-254
-222
-157
-113
-58
-50
-69
-108
-85
-129
-166
-194
-237
-255
-293
-273
-220
-161
-93
-28
74
127
228
314
450
638
819
884
878
728
539
345
177
10
-172
-270
-314
-309
-300
-253
-251
-201
-140
-97
-69
-63
-93
-94
-126
-124
-166
-211
-254
-283
-300
-274
-232
-202
-127
-39
-27
122
147
299
419
626
788
867
832
697
498
303
148
-14
-217
-306
-353
-350
-319
-300
-279
-225
-170
-114
-93
-97
-101
-122
-141
-156
-221
-234
-284
-326
-335
-284
-257
-197
-146
-45
-33
116
147
291
419
645
815
861
819
683
471
293
151
-28
-222
-315
-338
-333
-319
-284
-254
-209
-156
-109
-66
-66
-93
-110
-133
-125
-182
-218
-262
-291
-285
-254
-210
-177
-108
-21
51
121
231
327
485
657
835
906
841
675
498
315
148
3
-217
-295
-314
-315
-283
-257
-233
-181
-140
-94
-49
-51
-83
-93
-108
-137
-181
-220
-250
-276
-300
-257
-213
-169
-85
-31
59
139
229
321
483
667
811
867
821
643
419
261
143
-38
-246
-335
-364
-339
-322
-300
-266
-218
-169
-111
-93
-82
-113
-133
-140
-157
-194
-256
-300
-322
-318
-284
-244
-204
-125
-59
-21
119
158
289
455
640
789
851
783
618
415
246
143
-29
-253
-342
-367
-361
-332
-315
-270
-204
-154
-108
-86
-81
-102
-120
-135
-172
-191
-233
-266
-309
-283
-267
-233
-172
-106
-29
29
134
150
304
462
675
811
881
835
667
474
293
144
-21
-223
-322
-345
-336
-300
-268
-249
-172
-138
-85
-33
-44
-65
-86
-108
-134
-162
-193
-237
-286
-277
-252
-215
-167
-99
-25
75
145
228
329
475
659
827
875
839
687
523
307
145
-19
-206
-300
-339
-334
-291
-293
-258
-197
-142
-105
-95
-58
-98
-108
-133
-165
-198
-221
-257
-296
-300
-285
-243
-186
-117
-44
-31
99
150
265
407
602
760
851
837
699
499
304
155
-28
-209
-321
-365
-371
-336
-315
-284
-211
-171
-127
-101
-76
-76
-109
-130
-141
-179
-219
-256
-297
-309
-282
-236
-182
-149
-54
-19
99
126
244
351
555
739
857
879
762
559
377
208
139
-141
-287
-331
-333
-306
-288
-258
-215
-149
-97
-65
-46
-71
-85
-108
-117
-146
-202
-215
-260
-288
-270
-236
-189
-131
-49
-39
81
133
255
359
503
713
859
907
823
651
468
295
135
-28
-215
-315
-315
-313
-293
-264
-213
-166
-112
-71
-41
-44
-66
-85
-125
-151
-179
-223
-268
-271
-290
-246
-220
-173
-105
-39
-7
111
126
276
404
628
775
853
817
670
469
289
148
-19
-218
-319
-350
-342
-334
-293
-244
-205
-153
-111
-93
-82
-106
-117
-129
-167
-202
-239
-271
-314
-300
-289
-260
-216
-139
-61
-12
83
138
259
375
565
750
853
847
727
531
347
167
-10
-198
-300
-351
-347
-318
-277
-243
-189
-137
-108
-62
-44
-61
-87
-101
-127
-172
-201
-227
-277
-278
-262
-239
-182
-133
-73
-42
75
123
228
345
521
715
823
866
789
619
419
255
138
-29
-241
-287
-321
-293
-262
-237
-201
-151
-76
-46
-27
-27
-55
-95
-94
-133
-160
-215
-235
-261
-263
-254
-213
-154
-98
-33
-21
103
142
278
373
579
742
831
820
692
507
339
163
5
-190
-289
-355
-341
-311
-280
-236
-187
-149
-95
-57
-45
-73
-95
-138
-140
-161
-210
-247
-281
-306
-274
-258
-235
-156
-121
-37
-17
117
149
293
463
656
771
807
757
603
403
246
149
-41
-261
-319
-353
-321
-299
-274
-217
-171
-121
-93
-49
-63
-75
-101
-111
-146
-169
-213
-231
-269
-278
-241
-230
-174
-127
-63
-19
83
139
246
346
535
719
835
853
747
565
387
219
137
-58
-253
-311
-325
-284
-244
-230
-177
-121
-55
-54
-26
-32
-57
-73
-76
-118
-147
-192
-233
-246
-251
-220
-185
-141
-75
-28
64
117
150
309
457
647
782
854
799
631
458
276
147
-12
-240
-309
-345
-318
-301
-250
-220
-157
-109
-73
-63
-61
-82
-95
-129
-123
-174
-182
-233
-268
-259
-263
-235
-198
-144
-93
-26
40
119
139
331
514
695
794
811
715
547
363
189
33
-179
-273
-342
-352
-339
-300
-264
-207
-145
-110
-81
-54
-60
-102
-113
-119
-154
-179
-196
-242
-273
-265
-251
-204
-182
-108
-33
-67
105
139
265
404
611
788
843
819
675
499
323
151
-2
-192
-294
-335
-326
-290
-265
-225
-163
-106
-57
-18
-29
-37
-76
-93
-121
-128
-172
-194
-236
-247
-236
-190
-161
-101
-39
-12
80
130
218
321
481
673
819
841
795
628
447
257
147
-43
-226
-306
-332
-300
-286
-239
-201
-141
-83
-59
-44
-35
-70
-94
-117
-133
-171
-204
-222
-249
-263
-241
-236
-178
-134
-70
-26
-3
103
145
283
449
643
779
823
751
591
417
247
147
-15
-265
-345
-363
-353
-332
-285
-242
-178
-123
-93
-61
-72
-104
-109
-145
-173
-205
-230
-268
-294
-297
-273
-236
-197
-140
-63
-37
84
131
251
359
564
743
819
810
707
523
330
163
-5
-181
-300
-336
-336
-318
-204
-217
-186
-137
-71
-28
-23
-43
-72
-103
-119
-154
-165
-203
-254
-269
-262
-242
-173
-141
-80
-44
62
147
143
294
449
651
787
865
825
681
484
301
145
-27
-211
-297
-328
-322
-285
-253
-211
-153
-102
-53
-29
-21
-57
-85
-101
-125
-146
-185
-223
-250
-273
-257
-229
-179
-121
-69
-37
54
130
148
315
488
692
799
843
756
579
394
222
147
-44
-277
-332
-349
-342
-294
-265
-222
-181
-121
1
-61
-57
-85
-121
-146
-178
-201
-228
-267
-292
-297
-268
-238
-193
-135
-54
-30
57
135
180
357
529
707
798
802
699
522
329
161
-3
-175
-300
-343
-350
-332
-287
-239
-203
-145
-83
-64
-41
-45
-79
-105
-103
-141
-193
-204
-264
-267
-261
-215
-203
-140
-76
-25
55
128
151
303
447
626
698
863
814
663
479
291
142
-13
-204
-300
-317
-315
-287
-238
-201
-139
-97
-44
-27
-28
-26
-76
-67
-110
-134
-186
-209
-246
-253
-239
-217
-177
-126
-48
-39
87
135
239
340
564
707
821
859
782
599
408
255
148
-27
-270
-355
-346
-335
-303
-254
-221
-165
-102
-71
-44
-67
-79
-119
-131
-156
-186
-222
-254
-284
-284
-268
-220
-194
-126
-41
-31
82
147
251
371
547
722
811
819
675
514
308
153
-13
-220
-331
-369
-371
-340
-297
-265
-206
-141
-98
-43
-57
-61
-104
-109
-143
-160
-201
-251
-265
-284
-268
-237
-193
-144
-66
-28
70
135
215
327
499
691
811
857
783
625
419
244
139
-34
-261
-321
-333
-313
-297
-263
-211
-147
-93
-63
-33
-14
-60
-76
-82
-110
-140
-171
-215
-236
-231
-236
-219
-169
-125
-58
-27
97
150
212
323
475
661
815
851
779
623
449
267
134
-33
-265
-328
-350
-331
-300
-253
-206
-151
-104
-55
-45
-47
-78
-105
-123
-149
-187
-229
-253
-299
-270
-259
-176
-194
-133
-55
-21
79
141
234
341
527
707
806
799
694
521
336
165
-10
-201
-315
-368
-364
-332
-305
-239
-215
-151
-121
-83
-62
-73
-121
-109
-141
-165
-199
-242
-273
-273
-268
-249
-213
-157
-120
-47
-29
86
139
249
387
589
753
847
839
703
511
334
170
-19
-202
-307
-346
-332
-290
-268
-229
-171
-122
-69
-46
-27
-43
-67
-99
-106
-143
-189
-222
-261
-263
-242
-210
-171
-119
-44
-23
101
142
263
340
514
706
833
851
802
606
419
243
135
-14
-246
-300
-327
-318
-278
-250
-205
-140
-102
-63
-29
-28
-57
-76
-106
-129
-142
-209
-251
-274
-273
-249
-233
-174
-118
-59
-37
84
137
251
360
564
731
799
815
698
529
346
91
-5
-201
-300
-363
-373
-327
-309
-259
-205
-155
-49
-153
-61
-98
-123
-137
-147
-172
-217
-246
-282
-305
-293
-253
-222
-159
-108
-23
-39
110
135
291
419
627
771
833
691
619
457
346
147
-25
-252
-346
-364
-331
-297
-268
-229
-172
-108
-66
-45
-44
-57
-59
-84
-106
-149
-189
-230
-265
-269
-236
-205
-172
-122
-61
-17
83
135
241
334
499
705
819
867
850
628
419
244
134
-44
-238
-314
-343
-307
-274
-235
-173
-119
-76
-38
-34
-27
-34
-73
-87
-126
-159
-209
-246
-265
-261
-237
-204
-151
-102
-18
-35
105
148
267
387
609
747
833
818
689
507
307
148
-15
-205
-327
-363
-343
-331
-298
-235
-192
-139
-105
-65
-47
-58
-93
-112
-135
-170
-198
-230
-281
-301
-279
-263
-225
-178
-106
-49
-18
116
150
261
418
625
755
816
755
615
419
258
153
-28
-272
-332
-373
-361
-311
-281
-217
-157
-120
-79
-35
-47
-57
-73
-101
-159
-157
-216
-271
-282
-274
-264
-205
-172
-101
-46
-30
50
139
263
382
555
729
835
819
729
555
359
195
24
-174
-291
-329
-349
-309
-265
-219
-172
-128
-85
-43
-30
-26
-44
-78
-99
-140
-149
-195
-226
-251
-236
-162
-190
-155
-153
-18
-23
109
115
255
377
591
751
843
857
713
523
347
167
-12
-204
-311
-349
-359
-320
-289
-242
-186
-125
-95
-49
-43
-70
-103
-109
-131
-160
-203
-242
-268
-268
-284
-261
-220
-174
-110
-41
-27
83
134
254
386
564
727
806
775
628
470
285
171
-31
-249
-300
-380
-358
-325
-299
-253
-182
-130
-97
-71
-56
-95
-98
-119
-129
-172
-201
-217
-259
-298
-277
-221
-199
-150
-81
-22
46
130
147
307
472
661
795
847
767
639
447
262
131
-44
-236
-319
-344
-314
-285
-242
-190
-135
-81
-49
-23
-33
-48
-76
-79
-123
-143
-188
-221
-255
-242
-223
-188
-147
-106
-50
-23
111
149
274
367
554
727
847
847
741
554
370
208
131
-170
-267
-332
-336
-300
-271
-236
-192
-141
-80
-62
-44
-57
-77
-97
-135
-158
-185
-219
-239
-268
-277
-257
-221
-181
-108
-55
-37
95
143
244
404
594
746
803
867
663
471
251
145
-34
-236
-330
-364
-357
-367
-297
-239
-201
-141
-133
-97
-47
-106
-117
-133
-149
-173
-218
-238
-264
-281
-274
-241
-201
-150
-73
-24
42
157
143
322
513
675
819
823
761
596
415
233
134
-44
-272
-332
-345
-313
-281
-254
-208
-140
-103
-67
-37
-56
-61
-97
-117
-122
-173
-203
-231
-267
-257
-236
-200
-149
-111
-41
-9
127
147
273
393
595
771
859
869
727
548
370
181
11
-172
-274
-335
-327
-300
-271
-217
-158
-125
-93
-126
-37
-44
-75
-113
-127
-139
-204
-197
-265
-286
-232
-243
-201
-149
-78
-41
54
137
210
343
511
699
819
859
762
590
395
209
139
-134
-299
-350
-359
-335
-302
-268
-222
-174
-125
-79
-76
-85
-97
-135
-154
-182
-204
-239
-269
-313
-297
-271
-236
-193
-119
-57
-21
106
141
271
407
611
759
847
783
631
419
274
138
-33
-254
-346
-334
-344
-319
-257
-248
-192
-127
-86
-79
-73
-77
-119
-102
-155
-163
-217
-238
-268
-286
-257
-225
-175
-126
-41
-15
105
131
239
395
571
755
857
873
763
565
373
182
75
-165
-274
-342
-339
-310
-254
-227
-188
-125
-85
-41
-35
-53
-59
-93
-109
-141
-194
-200
-265
-271
-273
-236
-194
-158
-93
-30
54
141
145
310
487
691
819
841
787
603
419
259
135
-21
-270
-345
-368
-353
-318
-285
-229
-187
-135
-103
-84
-140
-103
-123
-139
-165
-202
-225
-273
-285
-295
-273
-255
-203
-137
-60
-23
100
131
281
419
633
787
823
795
643
419
250
149
-44
-268
-354
-317
-364
-331
-298
-238
-197
-140
-109
-63
-102
-83
-108
-120
-153
-185
-218
-256
-281
-284
-265
-249
-193
-140
-57
-21
85
139
250
372
591
703
852
850
693
559
357
180
7
-185
-286
-332
-346
-320
-274
-253
-174
-133
-95
-50
-35
-39
-61
-108
-116
-151
-181
-218
-241
-259
-238
-230
-186
-125
-69
-29
81
147
255
355
535
727
853
867
779
595
397
228
155
-81
-289
-345
-344
-332
-293
-267
-215
-80
-106
-76
-65
-67
-82
-115
-137
-177
-209
-246
-269
-289
-288
-251
-225
-201
-126
-44
-34
99
143
289
419
735
799
849
781
638
419
247
149
-31
-269
-352
-379
-381
-342
-310
-256
-199
-157
-108
-83
-95
-111
-139
-156
-184
-204
-229
-268
-277
-295
-262
-235
-192
-126
-63
-12
84
138
259
372
590
756
835
835
699
521
334
155
0
-225
-329
-365
-347
-367
-284
-236
-191
-143
-108
-53
-56
-54
-97
-110
-128
-172
-204
-234
-268
-271
-254
-220
-177
-125
-48
-12
90
133
259
389
619
756
865
887
751
586
395
207
127
-172
-289
-361
-338
-328
-284
-250
-204
-149
-113
-68
-57
-73
-103
-128
-154
-175
-188
-235
-250
-291
-280
-249
-256
-173
-98
-43
-9
115
149
308
479
683
811
854
783
619
406
229
137
-44
-297
-347
-386
-375
-330
-301
-244
-191
-133
-119
-76
-95
-138
-129
-154
-181
-222
-267
-274
-301
-325
-287
-243
-209
-138
-49
-33
99
145
276
407
617
777
859
843
690
495
288
144
-17
-236
-318
-380
-359
-332
-283
-231
-178
-141
-83
-62
-61
-70
-115
-130
-157
-173
-204
-229
-274
-278
-254
-206
-172
-121
-50
-11
101
141
282
411
617
791
907
907
763
595
389
212
111
-127
-274
-330
-323
-249
-238
-193
-174
-117
-63
-39
-30
-23
-65
-85
-111
-146
-170
-219
-235
-262
-241
-204
-156
-101
-39
-28
101
139
267
373
575
759
875
884
803
596
375
212
131
-155
-293
-353
-349
-330
-304
-271
-209
-171
-113
-77
-65
-73
-99
-124
-145
-172
-213
-259
-284
-310
-300
-271
-222
-178
-108
-30
-1
116
148
327
513
695
827
843
739
559
361
175
-1
-190
-330
-396
-414
-369
-327
-303
-253
-189
-140
-119
-86
-101
-121
-130
-166
-191
-193
-277
-285
-309
-300
-268
-218
-159
-108
-23
19
143
173
331
497
695
819
865
787
607
419
237
147
-37
-284
-349
-362
-321
-303
-281
-220
-181
-119
-55
-38
-66
-77
-103
-115
-146
-175
-213
-253
-270
-267
-219
-198
-135
-53
-28
93
139
274
367
555
761
863
897
803
619
419
231
148
-23
-274
-332
-361
-331
-299
-269
-225
-172
-121
-81
-79
-81
-103
-131
-150
-182
-207
-246
-279
-303
-283
-250
-199
-149
-74
-28
78
143
244
358
538
759
863
887
767
609
372
211
33
-171
-321
-363
-390
-357
-314
-300
-237
-184
-130
-97
-82
-93
-129
-149
-153
-181
-229
-237
-309
-279
-302
-243
-213
-172
-73
-44
71
138
258
376
560
755
883
884
771
577
372
191
53
-173
-293
-364
-364
-319
-311
-274
-221
-169
-109
-79
-58
-75
-110
-121
-143
-165
-213
-254
-271
-285
-263
-229
-184
-121
-37
-22
117
147
314
419
633
827
931
915
771
586
371
180
-26
-205
-359
-364
-353
-323
-297
-244
-198
-142
-97
-66
-66
-78
-97
-115
-155
-179
-213
-247
-266
-263
-274
-283
-204
-113
-36
-21
111
147
295
419
633
783
866
875
739
511
345
167
-12
-246
-336
-364
-385
-355
-309
-277
-225
-165
-114
-93
-77
-108
-111
-137
-189
-215
-251
-284
-315
-322
-288
-259
-199
-135
-47
-38
90
133
287
419
639
803
891
859
714
521
319
142
-23
-236
-347
-368
-363
-334
-303
-252
-193
-140
-104
-77
-69
-102
-119
-126
-157
-194
-202
-262
-281
-300
-246
-149
-173
-128
-41
-14
131
143
313
473
675
833
927
877
724
529
349
163
-26
-233
-306
-329
-333
-298
-268
-234
-181
-125
-95
-55
-65
-75
-117
-113
-175
-172
-204
-294
-282
-283
-268
-219
-181
-111
-45
-21
109
142
285
447
635
815
907
899
711
510
315
148
-26
-241
-345
-382
-359
-342
-303
-265
-203
-135
-110
-103
-93
-115
-138
-161
-194
-215
-254
-283
-303
-325
-273
-253
-211
-141
-69
-27
95
147
283
419
643
823
889
849
670
467
276
147
-41
-282
-345
-390
-364
-353
-373
-249
-199
-145
-108
-54
-74
-109
-113
-145
-173
-204
-225
-266
-286
-293
-278
-237
-173
-111
-26
-21
127
185
310
475
687
841
1018
775
689
487
287
137
-58
-274
-325
-352
-347
-311
-289
-226
-173
-109
-73
-29
-28
-59
-139
-127
-149
-186
-209
-281
-280
-274
-255
-204
-154
-78
-14
81
122
267
345
495
707
877
906
854
673
474
283
151
-25
-261
-332
-367
-354
-314
-268
-268
-182
-139
-93
-59
-69
-111
-124
-157
-176
-202
-241
-287
-300
-294
-274
-241
-166
-123
-51
-21
91
135
274
418
563
779
879
831
681
474
276
148
-27
-248
-362
-450
-391
-357
-338
-306
-203
-161
-123
-79
-75
-106
-141
-150
-172
-217
-229
-270
-305
-314
-268
-229
-178
-113
-41
-33
116
116
308
449
661
821
879
819
675
499
283
146
-32
-257
-327
-373
-363
-310
-289
-235
-173
-138
-76
-51
-59
-76
-103
-127
-158
-193
-221
-264
-269
-291
-267
-225
-182
-109
-25
2
135
212
327
497
693
847
909
813
698
489
302
147
-39
-238
-311
-362
-332
-297
-281
-244
-172
-130
-76
-55
-58
-97
-123
-149
-163
-181
-220
-236
-284
-181
-274
-234
-197
-125
-49
-35
113
147
279
497
615
783
831
815
675
481
287
151
-45
-250
-345
-396
-359
-348
-300
-262
-215
-149
-118
-86
-87
-113
-118
-165
-185
-217
-251
-269
-302
-300
-274
-236
-206
-139
-77
-19
66
193
236
399
611
787
831
809
679
491
287
135
-28
-241
-334
-363
-365
-333
-279
-252
-172
-126
-83
-62
-53
-66
-105
-133
-149
-165
-204
-233
-258
-269
-254
-225
-189
-120
-62
-38
78
123
240
371
603
763
877
867
755
567
372
202
25
-172
-265
-321
-336
-311
-280
-236
-190
-142
-83
-43
-23
-58
-93
-108
-133
-169
-188
-229
-263
-267
-262
-204
-118
-141
-74
-29
77
133
205
369
547
791
825
859
756
559
371
199
10
-186
-297
-357
-371
-332
-302
-255
-234
-157
-117
-73
-42
-77
-109
-117
-159
-179
-206
-255
-272
-294
-280
-244
-204
-157
-113
-30
-19
106
151
291
471
689
809
835
742
549
363
202
117
-169
-293
-371
-379
-341
-325
-285
-213
-172
-119
-81
-66
23
-98
-125
-130
-203
-197
-235
-255
-280
-254
-220
-204
-165
-86
-29
-6
115
139
293
445
654
803
859
818
645
454
273
136
-25
-269
-309
-327
-367
-286
-269
-236
-169
-121
-57
-26
-43
-75
-93
-113
-140
-171
-194
-219
-250
-252
-213
-185
-143
-113
-37
-26
102
145
261
404
613
774
852
851
707
502
310
150
-19
-208
-303
-335
-342
-318
-301
-247
-204
-137
-97
-54
-57
-76
-111
-129
-149
-188
-207
-243
-263
-289
-274
-236
-217
-134
-76
-44
35
117
151
323
519
709
819
821
723
549
355
187
20
-191
-307
-359
-364
-347
-323
-287
-229
-185
-127
-93
-69
-70
-111
-135
-144
-182
-215
-234
-257
-285
-262
-269
-213
-150
-108
-23
83
109
143
334
466
673
771
853
763
643
419
243
129
-13
-246
-321
-336
-322
-298
-278
-227
-155
-105
-71
-37
-51
-77
-101
-122
-144
-172
-204
-229
-274
-250
-221
-172
-125
-95
-29
-17
117
154
263
419
617
783
852
803
683
521
342
155
-14
-204
-301
-322
-316
-300
-299
-246
-190
-129
-93
-58
-60
-81
-79
-123
-141
-173
-204
-237
-266
-281
-247
-234
-180
-128
-74
-12
66
163
148
340
555
731
815
739
691
558
346
165
-28
-204
-300
-347
-347
-328
-302
-273
-229
-192
-138
-86
-79
-93
-137
-138
-161
-172
-213
-220
-267
-284
-282
-250
-204
-112
-103
-41
-35
113
154
287
457
647
789
827
757
597
409
235
127
-83
-251
-321
-343
-329
-299
-271
-237
-174
-125
-77
-59
-65
-76
-108
-119
-142
-172
-203
-238
-238
-248
-157
-200
-175
-99
-29
-21
73
141
235
351
536
710
820
831
725
536
373
207
135
-39
-247
-236
-316
-285
-273
-233
-261
-143
-96
-69
-44
-47
-78
-103
-121
-150
-189
-219
-236
-257
-235
-211
-172
-126
-79
-14
-18
106
151
255
403
611
755
815
774
628
419
273
147
-33
-221
-300
-333
-315
-305
-285
-239
-215
-153
-108
-99
-103
-105
-143
-137
-171
-268
-223
-268
-273
-284
-261
-238
-198
-167
-97
-50
-31
94
142
265
419
623
759
826
747
585
394
215
141
-19
-249
-326
-336
-330
-318
-284
-236
-202
-140
-93
-82
-75
-114
-109
-125
-153
-172
-172
-215
-274
-256
-237
-205
-169
-122
-51
-37
84
127
180
327
532
713
799
819
729
547
356
202
84
-61
-253
-331
-306
-285
-295
-239
-200
-140
-99
-55
-43
-45
-62
-78
-119
-157
-156
-196
-237
-236
-241
-205
-165
-133
-61
-29
31
123
135
286
419
648
771
834
761
614
446
271
149
-22
-231
-297
-332
-323
-300
-277
-233
-193
-133
-95
-75
-72
-87
-121
-129
-140
-177
-205
-241
-269
-274
-248
-221
-189
-140
-77
-27
-11
121
150
302
455
655
753
783
679
527
343
195
27
-95
-241
-333
-361
-320
-301
-279
-246
-189
-81
-97
-69
-82
-125
-117
-140
-172
-185
-227
-246
-266
-262
-253
-193
-157
-123
-66
-30
91
149
253
371
551
735
791
807
643
491
263
136
-7
-165
-298
-332
-330
-287
-290
-251
-195
-156
-113
-65
-61
-69
-97
-118
-139
-160
-201
-222
-229
-236
-230
-204
-140
-120
-65
-40
75
131
133
292
419
628
759
809
757
603
419
260
147
-14
-201
-273
-319
-304
-293
-273
-239
-189
-133
-97
-79
-73
-81
-114
-114
-150
-184
-210
-235
-251
-262
-181
-199
-170
-129
-76
-29
-11
116
125
271
419
615
739
779
721
559
385
227
129
-29
-251
-332
-341
-325
-316
-285
-259
-157
-150
-127
-105
-93
-113
-129
-140
-165
-193
-232
-259
-238
-296
-258
-221
-163
-113
-37
-34
74
141
147
304
489
673
759
761
671
518
331
174
35
-130
-253
-323
-301
-304
-319
-220
-204
-137
-93
-85
-55
-72
-86
-101
-119
-146
-172
-192
-206
-242
-158
-194
-174
-119
-80
-10
-29
100
123
217
359
547
731
803
807
687
529
341
195
116
-44
-239
-286
-303
-279
-265
-254
-201
-153
-105
-49
-12
-57
-80
-78
-115
-135
-173
-204
-247
-246
-242
-229
-182
-143
-103
-23
-18
84
131
135
363
535
703
777
753
623
459
273
141
-27
-199
-276
-318
-313
-345
-274
-271
-202
-154
-108
-85
-76
-85
-119
-133
-151
-187
-219
-236
-277
-269
-261
-233
-187
-141
-95
-35
-43
111
131
265
416
615
725
766
699
551
391
225
137
-25
-235
-268
-316
-299
-284
-268
-241
-181
-137
-101
-70
-61
-97
-106
-98
-142
-163
-204
-222
-237
-227
-221
-179
-147
-109
-50
-14
51
106
145
340
498
663
785
811
703
555
386
225
159
-34
-217
-268
-274
-279
-263
-227
-175
-153
-106
-53
-53
-54
-57
-70
-108
-137
-166
-198
-209
-226
-219
-206
-167
-125
-65
-51
-40
52
119
170
311
499
643
757
769
660
498
331
171
59
-119
-236
-299
-303
-305
-294
-258
-229
-172
-141
-93
-55
-76
-97
-139
-140
-159
-201
-219
-247
-269
-242
-236
-204
-171
-117
-59
-32
26
103
159
329
507
667
746
731
623
419
286
147
-8
-200
-248
-300
-325
-300
-293
-257
-205
-154
-129
-76
-69
-97
-95
-118
-149
-176
-186
-219
-227
-253
-210
-197
-165
-123
-82
-28
-23
110
151
243
390
586
718
781
751
619
451
278
143
-12
-177
-249
-284
-285
-273
-264
-215
-172
-120
-78
-47
-48
-61
-54
-76
-114
-141
-165
-201
-267
-221
-204
-182
-133
-101
-78
-23
-12
102
147
244
403
587
739
791
747
607
419
273
148
-11
-181
-261
-295
-288
-272
-267
-236
-198
-137
-106
-101
-76
-85
-108
-119
-155
-172
-190
-236
-246
-259
-226
-211
-161
-131
-81
-51
-21
75
134
231
379
585
695
747
699
581
403
249
148
-37
-221
-295
-317
-307
-300
-284
-256
-213
-161
-125
-81
-93
-106
-117
-140
-149
-163
-204
-236
-268
-244
-229
-221
-169
-111
-49
-27
52
132
142
313
495
667
769
777
655
494
355
190
147
-27
-221
-271
-278
-269
-263
-253
-213
-153
-103
-71
-70
-74
-77
-106
-118
-130
-172
-189
-215
-227
-229
-199
-155
-114
-65
6
-18
95
134
239
389
551
691
783
785
643
485
308
209
15
-137
-242
-278
-284
-263
-286
-233
-192
-146
-137
-73
-63
-80
-102
-109
-140
-165
-203
-221
-250
-253
-222
-219
-172
-139
-79
-39
-44
82
147
257
401
579
709
755
709
549
365
209
146
-40
-222
-273
-318
-315
-300
-284
-267
-220
-172
-147
-110
-108
-109
-140
-145
-177
-182
-222
-242
-262
-264
-238
-204
-165
-111
-74
-38
47
134
149
323
499
671
760
746
639
467
312
165
8
-149
-236
-283
-302
-277
-270
-241
-197
-166
-123
-101
-78
-93
-97
-114
-121
-158
-182
-204
-213
-238
-235
-197
-170
-114
-70
-35
39
118
148
265
419
603
719
777
727
582
419
274
159
-2
-181
-246
-274
-263
-243
-261
-230
-185
-129
-108
-62
-69
-77
-82
-109
-127
-167
-194
-202
-258
-236
-221
-181
-149
-117
-62
-37
53
121
147
295
468
651
759
747
659
506
349
173
81
-42
-236
-295
-301
-300
-290
-279
-239
-202
-135
-126
-108
-113
-109
-140
-149
-198
-215
-236
-263
-268
-264
-233
-204
-157
-109
-57
-24
79
127
180
375
575
695
745
702
561
392
247
133
-21
-193
-283
-300
-305
-284
-273
-253
-204
-157
-129
-105
-104
-108
-109
-125
-140
-159
-193
-236
-229
-237
-225
-182
-136
-105
-37
-30
58
123
143
321
507
663
751
751
661
507
343
185
132
-22
-221
-261
-269
-265
-266
-251
-211
-155
-122
-85
-54
-66
-75
-93
-106
-133
-158
-198
-215
-232
-235
-195
-158
-121
-71
-28
-12
99
137
259
395
593
719
755
709
567
391
253
149
-9
-187
-253
-270
-287
-268
-274
-261
-204
-155
-126
-93
-80
-108
-115
-140
-158
-189
-204
-236
-265
-262
-241
-210
-173
-139
-47
-13
18
105
148
307
483
643
717
715
615
455
291
161
1
-140
-235
-300
-307
-291
-300
-283
-238
-198
-147
-123
-103
-108
-111
-137
-149
-174
-189
-231
-240
-263
-229
-208
-172
-150
-76
-25
-12
105
163
273
419
584
722
747
702
561
399
243
129
-15
-174
-236
-273
-274
-266
-253
-234
-176
-141
-119
-85
-66
-76
-66
-101
-121
-146
-171
-203
-211
-213
-204
-171
-140
-81
-17
-16
95
149
211
326
506
669
759
755
659
500
341
201
129
-27
-204
-268
-278
-281
-283
-261
-203
-172
-140
-95
-69
-108
-121
-113
-145
-165
-200
-222
-236
-251
-237
-220
-160
-151
-82
-39
-27
95
139
291
419
591
714
740
675
523
336
205
147
-23
-220
-268
-304
-293
-300
-299
-263
-211
-173
-124
-112
-113
-124
-140
-154
-161
-194
-206
-244
-262
-248
-218
-202
-146
-95
-53
-21
75
116
235
371
547
667
745
679
589
405
276
148
-2
-163
-239
-278
-278
-283
-281
-251
-219
-144
-98
-93
-76
-81
-140
-102
-124
-135
-210
-198
-219
-225
-202
-167
-128
-77
-37
-29
90
123
227
339
511
695
753
761
666
483
336
195
157
-11
-195
-237
-244
-253
-249
-257
-220
-161
-139
-101
-76
-102
-77
-101
-141
-145
-182
-200
-236
-230
-218
-201
-185
-155
-73
-17
50
111
143
267
451
611
714
739
675
521
335
233
137
-28
-198
-268
-299
-289
-297
-280
-262
-219
-156
-140
-96
-102
-115
-110
-149
-174
-194
-236
-257
-270
-271
-229
-204
-158
-106
-59
-37
69
123
136
335
519
660
738
691
587
419
291
147
-5
-151
-230
-281
-289
-286
-259
-253
-230
-167
-139
-105
-75
-79
-96
-129
-134
-144
-177
-204
-221
-217
-205
-184
-140
-99
-49
-34
36
125
142
283
419
627
739
769
691
549
399
249
149
-12
-182
-236
-256
-278
-255
-229
-223
-187
-117
-76
-95
-74
-61
-72
-113
-134
-156
-175
-215
-218
-217
-199
-160
-117
-76
-28
-21
94
137
251
394
571
706
767
723
597
405
281
164
-18
-167
-246
-268
-274
-268
-269
-266
-231
-182
-141
-96
-103
-102
-105
-133
-150
-174
-207
-236
-256
-254
-227
-188
-174
-125
-57
-28
67
123
149
331
507
662
731
719
611
419
285
153
5
-140
-233
-270
-281
-299
-285
-273
-238
-195
-144
-104
-103
-86
-110
-106
-134
-182
-175
-204
-218
-221
-222
-198
-165
-133
-64
-25
31
115
147
266
418
603
735
770
699
559
402
254
148
-14
-172
-201
-202
-215
-253
-267
-236
-203
-149
-93
-65
-62
-78
-81
-98
-126
-140
-169
-197
-221
-219
-185
-155
-121
-73
-29
49
116
146
251
387
558
714
753
725
617
451
291
146
-7
-141
-235
-263
-266
-263
-272
-243
-222
-172
-138
-85
-95
-96
-97
-128
-140
-158
-209
-237
-244
-250
-215
-189
-158
-123
-44
-31
71
136
139
319
502
640
734
725
595
449
291
161
21
-23
-225
-268
-304
-283
-299
-284
-264
-213
-157
-125
-108
-108
-130
-117
-134
-157
-187
-202
-223
-238
-225
-201
-169
-137
-81
-45
-29
83
147
241
402
575
693
738
710
571
401
255
149
-9
-150
-217
-282
-264
-263
-263
-250
-203
-156
-122
-93
-75
-78
-81
-104
-119
-123
-167
-189
-206
-231
-194
-154
-128
-77
-44
-38
77
135
148
321
503
655
755
766
692
532
386
205
147
-21
-185
-236
-268
-239
-248
-258
-227
-175
-143
-93
-81
-77
-85
-94
-124
-142
-171
-203
-203
-239
-227
-217
-173
-127
-43
-44
-22
94
138
251
403
585
692
735
685
557
418
243
143
-18
-175
-242
-282
-293
-277
-296
-271
-227
-182
-159
-117
-106
-113
-119
-142
-159
-194
-217
-221
-257
-258
-232
-202
-178
-108
-61
-19
63
129
145
350
542
683
747
715
585
447
276
145
-3
-124
-220
-257
-274
-266
-254
-266
-231
-172
-126
-103
-95
-81
-110
-111
-133
-155
-176
-171
-191
-237
-191
-165
-133
-82
-44
-38
79
129
170
323
500
667
756
769
660
515
347
213
151
-21
-158
-229
-234
-268
-248
-253
-222
-172
-140
-108
-69
-65
-77
-77
-101
-130
-156
-187
-210
-249
-207
-197
-156
-121
-77
-35
20
111
145
291
419
609
727
743
673
532
355
228
148
-29
-188
-255
-273
-273
-283
-274
-249
-220
-162
-122
-106
-106
-121
-136
-147
-165
-177
-221
-251
-250
-246
-221
-181
-151
-104
-57
-29
91
143
249
395
575
698
736
671
522
367
226
135
-25
-193
-255
-285
-268
-274
-287
-273
-210
-181
-138
-106
-103
-108
-125
-114
-140
-167
-190
-230
-238
-236
-204
-172
-142
-83
-27
-17
89
147
276
419
619
745
809
722
564
395
247
134
-18
-161
-221
-247
-266
-268
-254
-239
-182
-136
-108
-85
-61
-63
-93
-106
-130
-165
-189
-217
-221
-209
-213
-166
-140
-74
-37
47
115
149
276
419
596
723
754
722
564
419
272
142
-24
-145
-239
-285
-273
-285
-273
-277
-220
-187
-145
-109
-94
-106
-101
-126
-140
-178
-212
-253
-267
-268
-237
-204
-159
-117
-65
-45
74
131
242
374
596
689
729
691
591
419
256
129
-7
-195
-252
-316
-300
-301
-281
-284
-257
-217
-155
-125
-99
-113
-131
-118
-156
-181
-224
-236
-278
-266
-229
-197
-172
-121
-44
-41
53
138
251
378
582
711
755
713
578
419
278
151
-12
-125
-215
-261
-268
-277
-262
-250
-209
-171
-139
-97
-78
-96
-85
-103
-137
-156
-198
-215
-234
-236
-204
-178
-122
-58
-28
58
123
150
277
419
598
745
803
724
579
419
277
139
-22
-151
-199
-257
-268
-284
-274
-243
-213
-158
-127
-98
-81
-94
-103
-140
-150
-172
-189
-221
-261
-270
-234
-191
-159
-102
-47
-16
79
125
227
384
555
692
762
703
570
411
264
149
-18
-161
-239
-273
-284
-293
-289
-290
-243
-215
-155
-137
-117
-125
-127
-147
-142
-114
-221
-242
-255
-258
-239
-199
-165
-109
-42
-44
82
138
244
379
566
713
741
696
563
399
266
145
-13
-159
-236
-268
-271
-268
-271
-259
-241
-185
-146
-110
-76
-95
-95
-106
-135
-161
-191
-221
-227
-216
-216
-201
-151
-77
17
35
128
148
296
469
611
735
789
715
564
407
274
159
3
-121
-205
-221
-249
-249
-249
-232
-217
-156
-111
-85
-59
-86
-93
-86
-126
-132
-198
-220
-279
-217
-221
-190
-151
-77
-46
66
142
147
277
449
599
724
755
681
523
372
243
153
-21
-173
-236
-268
-269
-273
-282
-240
-235
-185
-163
-140
-113
-117
-114
-119
-149
-181
-213
-231
-267
-262
-242
-190
-167
-114
-45
-45
84
148
271
417
609
699
745
667
523
355
218
153
-28
-189
-253
-278
-274
-269
-268
-281
-221
-158
-140
-121
-115
-81
-129
-115
-146
-162
-199
-230
-236
-242
-217
-165
-143
-83
-16
-5
137
135
294
450
628
742
751
683
523
372
243
145
-6
-162
-207
-244
-268
-241
-261
-233
-203
-141
-109
-85
-53
-77
-81
-79
-109
-140
-181
-198
-218
-206
-204
-167
-119
-58
-29
63
134
148
307
455
622
727
783
688
547
361
240
137
-13
-182
-304
-271
-253
-274
-281
-258
-230
-179
-136
-103
-108
-121
-119
-141
-145
-175
-219
-236
-249
-251
-205
-190
-141
-80
-23
-15
105
141
276
419
595
706
731
631
499
333
209
133
-33
-193
-249
-285
-263
-294
-284
-294
-231
-191
-156
-112
-110
-127
-125
-130
-156
-177
-202
-233
-243
-241
-217
-164
-140
-76
-33
35
115
149
293
471
611
737
743
673
484
347
227
149
-23
-172
-232
-242
-253
-256
-271
-233
-194
-162
-122
-94
-77
-71
-82
-98
-121
-157
-182
-206
-224
-221
-177
-158
-114
-54
-17
75
126
150
341
475
629
753
763
675
534
371
239
141
-25
-156
-223
-254
-244
-251
-270
-232
-204
-154
-113
-106
-97
-86
-98
-115
-134
-157
-195
-221
-236
-226
-213
-172
-122
-76
-44
37
115
143
315
469
651
725
723
627
471
339
179
135
-30
-194
-259
-255
-285
-290
-284
-278
-226
-170
-117
-108
-125
-109
-124
-145
-175
-192
-204
-241
-255
-255
-217
-177
-140
-69
-39
52
134
147
340
522
675
735
727
596
455
305
177
36
-28
-195
-227
-231
-261
-268
-244
-221
-205
-140
-106
-94
-77
-85
-82
-109
-137
-155
-202
-220
-231
-204
-193
-151
-85
-41
-15
97
149
255
379
562
702
756
755
615
454
322
175
131
-33
-156
-191
-233
-237
-247
-236
-211
-167
-139
-102
-106
-74
-95
-94
-121
-126
-162
-197
-195
-206
-181
-175
-161
-106
-54
-17
66
119
123
343
513
660
738
723
603
453
311
163
50
-23
-200
-252
-280
-252
-257
-270
-243
-195
-160
-125
-97
-101
-95
-121
-140
-151
-159
-222
-229
-242
-230
-217
-163
-145
-77
-44
-8
116
151
336
495
631
703
695
603
449
276
181
41
-31
-202
-240
-256
-270
-274
-282
-256
-202
-162
-129
-95
-103
-109
-106
-129
-168
-182
-205
-222
-223
-237
-197
-168
-129
-76
-44
83
153
250
383
547
690
751
711
587
419
291
164
30
-25
-203
-218
-235
-238
-251
-242
-209
-169
-113
-86
-71
-53
-79
-69
-105
-113
-141
-182
-204
-220
-190
-172
-157
-101
-35
-28
85
139
249
382
561
691
755
707
571
419
279
143
-2
-38
-193
-241
-253
-269
-274
-265
-222
-187
-140
-111
-95
-101
-108
-120
-138
-156
-197
-221
-243
-251
-226
-187
-171
-106
-30
-23
89
145
255
403
568
670
693
639
497
340
227
146
-15
-153
-234
-262
-278
-284
-273
-268
-238
-197
-162
-125
-108
-126
-130
-139
-136
-175
-210
-220
-244
-253
-213
-188
-146
-111
-36
4
113
163
287
473
625
723
733
649
489
347
223
145
-11
-170
-220
-228
-255
-259
-263
-248
-185
-157
-140
-82
-76
-61
-65
-103
-118
-150
-171
-203
-206
-215
-197
-145
-123
-85
-42
36
120
147
279
419
613
715
755
692
532
370
244
148
2
-133
-201
-236
-242
-265
-259
-244
-191
-163
-123
-86
-76
-97
-77
-77
-117
-145
-179
-213
-230
-234
-206
-189
-151
-101
-31
-33
91
148
258
405
585
711
723
660
515
359
223
149
-12
-169
-204
-267
-268
-313
-281
-273
-229
-182
-155
-119
-117
-117
-115
-106
-142
-172
-206
-237
-248
-264
-236
-205
-158
-109
-75
-29
62
131
243
393
574
675
713
643
499
363
228
144
-21
-162
-204
-248
-260
-239
-277
-244
-216
-166
-113
-95
-93
-63
-61
-76
-97
-130
-159
-201
-221
-218
-182
-158
-172
-82
-37
-26
87
146
227
381
555
692
751
699
582
419
277
161
23
-33
-178
-211
-236
-236
-235
-241
-188
-159
-111
-72
-58
-73
-49
-77
-79
-154
-158
-175
-226
-220
-204
-172
-147
-108
-45
-33
65
121
143
319
505
627
705
687
564
419
293
167
30
-27
-203
-237
-251
-262
-283
-282
-247
-209
-171
-118
-111
-110
-106
-97
-117
-140
-172
-204
-231
-248
-247
-211
-172
-149
-81
-41
-28
86
135
283
471
618
691
687
579
419
299
169
52
-39
-185
-242
-257
-268
-271
-273
-247
-205
-157
-113
-109
-85
-101
-93
-108
-121
-143
-181
-221
-221
-225
-197
-171
-130
-75
-34
-13
87
136
259
419
595
705
719
647
511
355
241
141
-41
-130
-204
-225
-251
-231
-268
-240
-198
-149
-117
-76
-53
-62
-67
-78
-101
-130
-161
-202
-195
-194
-172
-140
-121
-56
-28
-7
115
148
288
415
577
681
697
619
495
363
231
142
-33
-140
-197
-246
-262
-281
-273
-261
-240
-188
-140
-108
-106
-103
-85
-108
-133
-157
-179
-236
-227
-212
-213
-182
-143
-108
-56
-23
66
123
138
385
546
658
692
627
500
360
226
143
-13
-162
-221
-252
-284
-271
-300
-281
-237
-198
-154
-125
-103
-118
-101
-110
-140
-142
-169
-209
-222
-221
-205
-191
-160
-125
-54
-22
54
122
142
342
513
655
715
675
567
419
291
157
36
-50
-182
-213
-230
-251
-263
-262
-221
-215
-124
-95
-65
-75
-76
-83
-77
-113
-149
-173
-203
-213
-181
-172
-129
-86
-37
-18
83
142
217
355
521
671
737
706
587
451
318
193
131
-28
-172
-182
-230
-236
-250
-254
-211
-179
-140
-106
-78
-76
-81
-81
-113
-137
-156
-221
-215
-226
-230
-190
-170
-125
-54
-38
-8
106
146
307
475
616
699
683
587
419
301
167
106
-37
-172
-219
-243
-261
-263
-268
-253
-205
-161
-135
-113
-109
-106
-121
-122
-146
-178
-219
-236
-252
-236
-193
-167
-125
-85
-23
-45
87
143
283
462
607
677
691
616
474
326
211
170
-28
-137
-213
-234
-236
-263
-272
-240
-197
-161
-113
-68
-76
-79
-74
-113
-106
-139
-169
-178
-210
-207
-173
-162
-122
-54
-23
47
114
148
308
457
618
713
730
654
507
382
257
135
-5
-93
-177
-201
-223
-236
-236
-224
-182
-149
-109
-81
-75
-62
-76
-81
-108
-137
-159
-204
-216
-204
-179
-165
-113
-71
-33
-21
87
146
233
379
564
680
719
651
519
371
244
155
-12
-123
-197
-236
-248
-244
-268
-254
-231
-182
-140
-154
-109
-106
-122
-120
-138
-158
-201
-209
-240
-243
-203
-182
-162
-125
-46
-41
70
138
232
372
561
667
689
634
517
374
243
150
-11
-137
-207
-231
-242
-248
-258
-258
-221
-185
-140
-103
-96
-83
-75
-106
-95
-141
-162
-203
-215
-211
-186
-161
-129
-85
-29
-28
71
129
191
353
533
670
741
724
597
465
311
195
138
-21
-146
-204
-221
-236
-235
-244
-212
-153
-134
-62
-73
-60
-44
-69
-97
-111
-138
-161
-181
-193
-199
-140
-142
-77
-41
-22
70
117
148
293
463
603
693
705
613
475
342
213
148
-23
-146
-169
-215
-239
-247
-256
-233
-207
-166
-127
-93
-82
-76
-108
-122
-139
-159
-195
-210
-234
-222
-193
-177
-140
-101
-47
-26
87
134
249
391
577
651
695
629
485
311
218
147
-25
-143
-210
-247
-250
-258
-294
-258
-230
-187
-150
-103
-104
-113
-95
-113
-118
-162
-170
-207
-213
-223
-204
-179
-138
-108
-45
-23
43
111
148
326
478
617
751
694
606
463
323
203
142
-25
-159
-202
-238
-247
-250
-255
-219
-167
-114
-85
-65
-55
-63
-74
-93
-111
-139
-155
-172
-181
-198
-146
-141
-111
-69
-29
-25
87
133
244
387
559
687
707
661
547
393
276
155
17
-33
-178
-213
-236
-237
-254
-239
-218
-160
-127
-108
-70
-79
-103
-97
-125
-155
-171
-190
-204
-220
-204
-189
-162
-125
-77
-25
-28
91
154
257
410
575
663
687
609
495
323
234
142
-19
-135
-220
-229
-271
-270
-269
-262
-223
-187
-137
-110
-108
-111
-108
-118
-143
-163
-171
-202
-218
-209
-204
-178
-143
-102
-76
-26
-41
94
123
266
419
601
691
719
618
483
328
215
147
-9
-145
-204
-226
-237
-253
-236
-217
-181
-121
-85
-57
-73
-69
-75
-81
-106
-140
-145
-193
-194
-189
-167
-145
-119
-85
-29
-28
58
145
157
330
521
671
722
715
596
473
314
182
154
-23
-145
-185
-204
-223
-233
-229
-189
-145
-111
-76
-69
-55
-71
-76
-81
-115
-129
-157
-202
-181
-190
-171
-142
-125
-81
-39
-17
93
139
254
406
582
679
721
655
518
372
244
142
-21
-127
-184
-223
-254
-249
-244
-241
-203
-155
-121
-102
-72
-102
-118
-109
-128
-143
-174
-213
-229
-238
-211
-190
-155
-117
-67
-43
-29
91
139
257
419
579
689
703
633
486
355
221
136
-13
-133
-193
-225
-221
-249
-249
-233
-172
-140
-105
-64
-75
-59
-65
-94
-109
-139
-166
-178
-209
-197
-174
-149
-101
-54
-25
-22
103
127
222
357
523
651
740
698
596
419
310
180
146
-28
-140
-195
-215
-199
-219
-203
-172
-125
-118
-70
-53
-55
-62
-56
-59
-112
-137
-138
-172
-199
-184
-175
-143
-108
-44
-35
-15
89
133
246
395
576
692
737
667
548
391
265
148
-9
-40
-175
-221
-241
-239
-252
-242
-204
-158
-135
-99
-83
-111
-104
-121
-129
-162
-175
-213
-235
-233
-229
-197
-114
-118
-80
-45
-15
109
121
263
419
595
675
691
617
481
323
180
141
-35
-173
-229
-261
-268
-267
-266
-227
-185
-143
-108
-99
-93
-96
-117
-114
-123
-172
-195
-216
-211
-204
-197
-152
-117
-71
-26
-33
71
130
153
353
559
660
739
710
603
419
308
212
103
-27
-154
-201
-232
-229
-223
-218
-187
-153
-119
-65
-61
-49
-76
-76
-76
-110
-134
-169
-194
-181
-189
-169
-127
-93
-42
-9
34
100
135
266
419
591
692
723
660
539
386
244
138
-12
-108
-198
-224
-237
-261
-256
-241
-201
-156
-125
-105
-83
-85
-104
-114
-130
-159
-163
-215
-226
-236
-205
-171
-140
-105
-49
-28
34
94
139
259
419
582
694
686
613
463
310
182
146
-35
-193
-226
-251
-266
-269
-282
-235
-200
-154
-120
-96
-123
-110
-109
-121
-137
-172
-184
-204
-231
-211
-213
-197
-139
-106
-43
-28
46
106
135
325
515
666
729
714
594
453
315
180
133
-27
-175
-213
-226
-231
-236
-233
-208
-151
-118
-76
-60
-69
-77
-97
-98
-128
-167
-181
-205
-217
-189
-166
-126
-109
-44
-25
59
127
148
291
473
618
723
735
663
527
378
244
149
-7
-137
-206
-240
-236
-246
-238
-213
-174
-126
-113
-77
-69
-95
-103
-109
-120
-155
-172
-193
-220
-202
-195
-173
-162
-93
-45
-28
-13
99
151
296
471
627
692
711
615
468
322
180
135
-28
-181
-237
-254
-268
-281
-265
-241
-174
-145
-108
-93
-106
-98
-109
-131
-155
-184
-206
-218
-243
-233
-204
-169
-159
-108
-51
-28
51
116
142
339
527
658
715
675
566
403
274
137
1
-110
-205
-247
-249
-263
-255
-223
-203
-142
-121
-75
-61
-83
-95
-97
-109
-136
-166
-201
-204
-220
-189
-173
-144
-106
-59
-13
42
115
146
296
484
659
739
751
655
510
369
244
147
-26
-141
-191
-229
-239
-236
-234
-197
-156
-123
-76
-67
-60
-64
-78
-97
-121
-158
-177
-203
-220
-218
-185
-167
-139
-85
-49
-43
80
127
158
357
535
679
726
693
571
411
274
145
-2
-137
-209
-255
-252
-267
-263
-246
-213
-165
-134
-108
-75
-95
-119
-106
-140
-173
-187
-213
-250
-252
-241
-202
-172
-141
-77
-27
-28
100
126
277
458
603
699
715
613
478
335
193
138
-25
-199
-249
-261
-269
-262
-267
-236
-186
-139
-108
-86
-78
-97
-93
-118
-133
-172
-182
-204
-218
-211
-201
-155
-117
-66
-21
-13
105
138
265
419
603
730
758
675
549
387
255
139
-19
-145
-194
-243
-237
-236
-250
-225
-189
-133
-79
-74
-53
-46
-74
-93
-97
-126
-151
-182
-213
-197
-179
-155
-135
-73
-31
-33
63
120
146
319
494
669
743
731
639
491
339
202
138
-27
-178
-238
-269
-258
-265
-250
-241
-199
-147
-117
-76
-93
-103
-109
-130
-146
-188
-210
-234
-238
-231
-215
-165
-129
-78
-29
-26
84
132
235
404
569
691
727
650
522
369
233
145
-18
-173
-242
-268
-277
-280
-268
-247
-221
-170
-127
-106
-106
-112
-131
-121
-140
-174
-199
-229
-236
-241
-201
-172
-129
-73
-39
-37
84
135
227
382
551
693
746
708
593
419
299
162
11
-25
-182
-221
-239
-235
-247
-233
-193
-167
-109
-76
-58
-76
-76
-85
-93
-121
-157
-175
-205
-202
-193
-155
-124
-76
-27
-27
52
125
141
325
491
662
767
785
691
532
358
241
159
-26
-172
-229
-249
-255
-254
-246
-233
-173
-130
-106
-76
-83
-97
-97
-110
-144
-172
-204
-213
-240
-230
-197
-170
-135
-70
-27
-18
83
129
258
419
613
722
739
675
515
373
238
148
-14
-172
-241
-268
-284
-282
-279
-242
-218
-178
-135
-113
-108
-113
-125
-125
-156
-173
-207
-240
-241
-246
-229
-172
-151
-102
-39
-27
55
139
148
373
545
673
731
718
573
419
295
161
2
-44
-189
-246
-254
-253
-263
-244
-192
-156
-118
-86
-82
-81
-76
-83
-114
-137
-162
-189
-211
-204
-199
-169
-139
-85
-43
-26
62
136
151
339
505
673
767
777
691
528
382
233
150
-39
-166
-209
-241
-253
-258
-236
-213
-172
-134
-101
-81
-76
-98
-108
-105
-118
-157
-186
-204
-217
-209
-179
-148
-135
-65
-31
-25
73
131
250
389
569
707
757
713
579
413
265
123
1
-149
-221
-263
-266
-268
-271
-248
-207
-177
-130
-105
-86
-106
-117
-140
-137
-169
-198
-221
-255
-269
-222
-207
-165
-130
-65
-44
50
116
147
335
521
667
756
736
597
455
302
169
36
-33
-217
-268
-265
-277
-268
-253
-231
-165
-138
-121
-93
-93
-108
-95
-110
-145
-162
-201
-206
-220
-213
-172
-139
-108
-61
-33
51
110
151
276
461
619
751
788
706
558
409
267
157
-10
-140
-215
-220
-253
-233
-236
-221
-163
-133
-79
-79
-70
-82
-83
-65
-123
-138
-172
-197
-217
-204
-167
-165
-130
-83
-34
-25
81
139
160
369
549
699
779
755
633
467
319
203
27
-99
-225
-263
-284
-274
-269
-251
-220
-177
-145
-131
-93
-95
-127
-140
-130
-172
-201
-209
-251
-255
-229
-203
-155
-122
-58
-34
49
117
146
340
531
681
741
724
616
455
292
167
13
-119
-222
-269
-283
-281
-281
-261
-230
-193
-150
-135
-109
-103
-103
-108
-122
-157
-182
-220
-233
-224
-229
-201
-169
-121
-63
-28
59
116
133
323
525
692
775
795
691
523
371
225
145
-33
-182
-247
-266
-261
-256
-238
-223
-179
-122
-108
-66
-70
-82
-105
-101
-141
-156
-189
-205
-219
-206
-172
-140
-106
-37
-23
85
119
150
335
495
667
779
783
695
549
379
243
137
-28
-160
-247
-268
-261
-280
-274
-247
-182
-146
-115
-76
-101
-106
-104
-101
-138
-162
-204
-236
-244
-243
-223
-182
-129
-79
-37
15
111
137
281
462
639
741
779
679
534
377
239
159
-24
-195
-266
-269
-300
-293
-287
-259
-236
-172
-145
-137
-121
-123
-117
-125
-153
-187
-205
-229
-251
-249
-210
-191
-134
-77
-28
-7
102
150
274
467
645
750
776
723
571
409
266
146
-15
-172
-234
-268
-262
-269
-266
-223
-197
-149
-122
-98
-73
-106
-106
-109
-114
-145
-188
-209
-223
-218
-194
-157
-126
-43
-44
84
139
190
323
523
675
790
823
731
577
411
263
143
-14
-149
-223
-249
-259
-250
-249
-225
-173
-135
-108
-93
-79
-87
-93
-113
-118
-162
-189
-199
-226
-226
-193
-143
-134
-75
-35
30
99
142
276
474
643
761
793
695
547
391
239
131
-28
-195
-261
-283
-283
-281
-268
-256
-217
-172
-143
-105
-93
-126
-115
-128
-154
-182
-208
-236
-263
-257
-224
-194
-149
-82
-27
-30
84
122
247
419
617
731
763
707
565
413
261
148
-27
-172
-236
-264
-278
-285
-270
-247
-205
-157
-128
-98
-99
-95
-98
-113
-122
-147
-175
-225
-236
-229
-204
-168
-131
-80
-39
3
111
137
283
419
633
762
799
747
626
419
299
148
-9
-141
-213
-247
-251
-243
-239
-230
-177
-140
-106
-76
-73
-76
-81
-83
-108
-131
-173
-197
-219
-210
-194
-167
-129
-95
-30
-9
95
131
247
402
582
747
807
743
628
479
291
149
-7
-140
-213
-268
-274
-277
-281
-256
-235
-182
-141
-121
-98
-108
-120
-113
-134
-152
-199
-239
-252
-241
-239
-203
-168
-108
-44
-27
83
153
273
418
595
704
782
731
575
419
267
142
-13
-156
-244
-285
-281
-293
-268
-262
-204
-191
-137
-108
-109
-108
-109
-115
-137
-165
-204
-231
-253
-237
-219
-172
-134
-71
-34
-13
114
143
278
419
617
751
805
759
611
451
301
154
-9
-149
-225
-277
-263
-266
-257
-225
-205
-157
-105
-106
-97
-83
-96
-98
-117
-137
-161
-204
-205
-225
-187
-153
-120
-47
-24
55
119
158
278
419
629
775
811
755
618
455
308
148
-9
-143
-222
-261
-274
-280
-268
-261
-203
-171
-142
-112
-97
-113
-115
-109
-133
-169
-202
-233
-251
-237
-225
-199
-149
-106
-38
-23
97
148
276
466
635
771
787
715
563
401
243
150
-27
-195
-266
-284
-287
-289
-286
-272
-220
-199
-168
-137
-135
-140
-133
-133
-162
-182
-229
-242
-261
-247
-220
-186
-145
-79
-30
-7
111
148
283
475
659
774
811
706
567
404
263
146
-27
-177
-244
-284
-281
-265
-261
-242
-198
-157
-127
-105
-93
-102
-83
-125
-127
-157
-177
-229
-234
-220
-177
-169
-108
-50
-34
73
143
241
353
553
721
823
827
723
553
383
237
158
-53
-189
-258
-262
-247
-265
-244
-207
-185
-140
-113
-95
-95
-94
-103
-125
-139
-169
-195
-235
-247
-222
-201
-165
-108
-45
-25
77
135
235
378
547
707
787
778
655
484
340
179
62
-33
-218
-258
-273
-283
-270
-286
-253
-205
-159
-143
-133
-129
-123
-130
-135
-174
-190
-236
-268
-279
-263
-221
-182
-138
-69
-19
62
127
145
355
559
723
802
777
650
497
336
180
20
-76
-229
-273
-284
-277
-265
-269
-233
-204
-150
-130
-117
-115
-108
-108
-134
-154
-197
-213
-236
-238
-215
-182
-141
-80
-21
-27
85
139
227
375
555
723
805
795
678
532
369
207
146
-28
-202
-244
-267
-263
-262
-251
-226
-167
-129
-103
-85
-94
-79
-79
-109
-143
-166
-215
-238
-236
-232
-188
-159
-106
-39
-39
91
138
266
411
599
741
815
771
640
474
318
147
-10
-166
-235
-279
-299
-283
-287
-270
-236
-191
-153
-137
-129
-121
-123
-123
-158
-181
-207
-235
-263
-268
-253
-209
-170
-121
-58
-23
78
138
227
382
567
725
783
741
603
419
273
151
-7
-172
-262
-300
-304
-303
-304
-278
-247
-195
-146
-127
-110
-111
-130
-126
-150
-172
-210
-239
-265
-250
-233
-191
-154
-81
-28
-5
106
127
257
405
602
729
817
771
629
467
304
162
-12
-153
-222
-256
-284
-284
-269
-242
-223
-162
-129
-108
-106
-97
-99
-117
-127
-156
-185
-211
-236
-223
-209
-172
-118
-75
-13
-1
113
141
267
386
585
739
815
787
655
500
319
180
27
-82
-225
-266
-290
-294
-279
-265
-231
-186
-155
-109
-122
-108
-135
-134
-142
-153
-197
-217
-251
-241
-221
-201
-167
-111
-45
-24
82
135
147
355
543
698
795
771
649
471
328
155
-3
-155
-250
-297
-302
-300
-288
-285
-268
-211
-171
-145
-114
-129
-118
-123
-138
-172
-187
-236
-248
-257
-231
-203
-156
-106
-26
-27
102
143
249
374
587
735
820
791
650
499
342
178
62
-21
-199
-247
-252
-249
-247
-247
-189
-145
-121
-97
-77
-93
-81
-111
-106
-134
-163
-190
-210
-213
-198
-140
-161
-65
-26
-10
121
151
274
395
587
757
821
815
697
519
345
195
123
-30
-207
-256
-262
-244
-263
-244
-213
-179
-140
-114
-106
-103
-106
-111
-122
-149
-185
-216
-240
-263
-229
-193
-150
-119
-61
-28
73
126
145
311
487
657
754
753
646
491
319
171
43
-33
-230
-280
-301
-318
-311
-281
-258
-228
-194
-154
-134
-131
-140
-145
-155
-173
-210
-241
-268
-282
-284
-231
-186
-153
-87
-23
-21
90
146
263
419
628
743
783
703
546
378
255
127
-23
-191
-263
-284
-293
-270
-277
-265
-208
-153
-118
-109
-78
-109
-102
-97
-135
-153
-189
-206
-237
-213
-201
-158
-106
-62
-37
51
116
153
276
451
647
778
843
784
639
463
320
150
-13
-142
-217
-268
-270
-257
-250
-235
-184
-145
-106
-80
-51
-77
-66
-101
-102
-133
-175
-205
-229
-231
-204
-165
-110
-63
-28
70
127
147
289
419
623
777
815
764
609
451
283
147
-12
-159
-238
-254
-279
-268
-270
-241
-229
-182
-147
-108
-119
-128
-127
-117
-125
-155
-191
-233
-258
-266
-234
-204
-166
-114
-35
-26
75
139
178
356
549
685
759
730
595
419
294
154
-12
-156
-249
-300
-300
-288
-287
-265
-228
-204
-153
-113
-113
-119
-113
-118
-140
-170
-182
-220
-242
-261
-229
-197
-152
-102
-43
-25
70
127
163
342
522
706
787
809
693
535
361
215
145
-27
-198
-254
-271
-272
-253
-250
-209
-165
-143
-108
-77
-83
-95
-95
-114
-125
-150
-195
-219
-223
-213
-169
-146
-98
-27
-13
94
138
223
331
515
711
811
810
727
549
389
248
137
-28
-190
-246
-257
-277
-257
-262
-236
-181
-150
-125
-83
-108
-93
-109
-108
-143
-188
-209
-224
-253
-243
-213
-181
-138
-71
-27
14
121
133
278
459
635
763
789
723
567
373
244
147
-21
-221
-263
-300
-316
-299
-287
-270
-246
-193
-165
-129
-123
-127
-122
-118
-154
-182
-220
-237
-239
-240
-216
-181
-134
-98
-28
-12
84
141
243
398
591
735
795
753
615
451
295
155
-5
-156
-236
-273
-279
-285
-270
-241
-201
-172
-135
-106
-105
-95
-110
-110
-106
-155
-173
-209
-239
-242
-213
-173
-140
-78
-39
-18
87
133
238
359
531
694
811
818
703
541
383
237
142
-33
-201
-253
-273
-274
-274
-240
-225
-189
-138
-117
-81
-108
-97
-99
-108
-129
-161
-202
-222
-238
-223
-203
-165
-140
-61
-31
36
93
142
267
419
626
742
779
719
575
403
247
134
-30
-189
-259
-289
-282
-300
-293
-263
-234
-172
-156
-128
-125
-126
-113
-127
-146
-179
-195
-237
-267
-265
-231
-188
-160
-106
-44
-24
53
123
151
307
497
663
763
777
655
484
341
187
127
-29
-213
-278
-286
-287
-281
-251
-233
-182
-140
-119
-76
-76
-103
-98
-101
-134
-150
-185
-209
-233
-204
-186
-156
-113
-73
-42
6
70
159
263
374
590
711
789
755
651
489
331
187
26
-38
-203
-242
-270
-255
-254
-241
-204
-156
-108
-75
-62
-65
-70
-86
-108
-129
-155
-193
-225
-235
-210
-172
-134
-93
-44
-23
72
115
148
283
419
607
729
783
703
564
386
263
149
-7
-173
-254
-286
-284
-289
-274
-258
-204
-162
-137
-106
-103
-113
-125
-114
-145
-168
-187
-250
-249
-257
-213
-201
-149
-108
-44
-31
-1
84
151
255
462
621
749
758
660
501
321
202
139
-44
-220
-271
-300
-315
-289
-283
-250
-190
-161
-113
-98
-95
-108
-102
-108
-129
-165
-191
-206
-238
-235
-199
-151
-137
-80
-41
-14
81
133
143
329
538
683
761
759
651
491
325
177
50
-31
-201
-252
-263
-278
-270
-244
-204
-143
-122
-78
-66
-69
-78
-63
-98
-122
-151
-173
-207
-210
-178
-161
-138
-94
-30
-28
70
118
149
255
415
582
739
771
739
577
417
250
127
-23
-173
-230
-272
-290
-278
-271
-262
-213
-172
-133
-108
-106
-108
-106
-111
-140
-156
-177
-202
-221
-233
-211
-186
-149
-109
-65
-41
24
102
135
274
449
625
733
737
659
505
355
199
137
-24
-221
-298
-307
-317
-300
-298
-269
-213
-181
-139
-120
-118
-106
-123
-135
-146
-167
-193
-223
-240
-241
-213
-157
-129
-71
-34
-17
83
129
151
350
553
683
783
741
626
451
303
163
1
-131
-225
-262
-284
-278
-268
-253
-220
-184
-129
-106
-72
-76
-78
-103
-106
-129
-161
-172
-207
-215
-204
-162
-133
-63
-27
-16
84
135
147
306
475
653
762
788
711
555
387
239
151
-28
-187
-255
-269
-271
-268
-250
-238
-205
-153
-120
-97
-102
-93
-93
-108
-127
-151
-172
-215
-222
-221
-177
-169
-137
-95
-40
-31
79
125
151
338
515
681
759
724
623
419
289
153
-7
-166
-244
-295
-312
-300
-301
-290
-237
-188
-165
-130
-108
-110
-130
-110
-126
-157
-185
-230
-256
-257
-233
-204
-159
-115
-53
-23
33
113
133
244
419
594
727
756
697
555
378
254
139
-13
-177
-236
-268
-274
-270
-268
-255
-197
-165
-133
-102
-80
-103
-83
-93
-114
-139
-182
-182
-213
-204
-184
-161
-114
-70
-29
-12
73
139
141
322
511
667
766
771
692
537
363
225
147
-27
-173
-238
-254
-257
-274
-258
-220
-185
-159
-119
-76
-82
-73
-81
-93
-120
-125
-167
-220
-231
-217
-177
-162
-140
-69
-28
-13
78
127
147
355
535
693
751
723
601
419
289
155
1
-154
-234
-272
-282
-285
-293
-293
-265
-209
-165
-129
-106
-108
-113
-111
-139
-140
-182
-207
-241
-236
-236
-199
-170
-108
-62
-28
37
100
134
274
463
625
738
739
650
499
341
193
135
-31
-202
-266
-297
-285
-306
-282
-255
-209
-161
-139
-103
-86
-87
-102
-103
-122
-153
-182
-204
-231
-225
-177
-149
-105
-57
-45
45
105
139
244
372
563
712
798
787
611
449
315
171
15
-21
-202
-237
-261
-270
-268
-236
-205
-170
-125
-102
-69
-75
-75
-76
-93
-104
-126
-160
-190
-218
-188
-172
-145
-77
-38
-37
58
125
134
287
419
627
739
771
703
545
372
243
153
-34
-189
-244
-271
-281
-282
-287
-273
-222
-182
-150
-105
-87
-117
-113
-93
-123
-149
-169
-205
-234
-218
-204
-169
-140
-95
-44
-27
52
111
153
288
468
611
713
738
640
467
334
181
53
-28
-217
-284
-300
-306
-304
-300
-282
-227
-171
-135
-114
-109
-117
-106
-102
-131
-166
-188
-216
-237
-227
-204
-150
-124
-46
-33
53
114
136
255
404
593
721
773
715
579
403
271
153
-11
-153
-241
-267
-272
-274
-273
-255
-213
-155
-138
-110
-93
-77
-78
-93
-74
-121
-159
-179
-204
-203
-177
-145
-115
-58
-34
30
87
144
212
338
513
679
773
755
655
499
334
206
131
-44
-204
-259
-271
-294
-271
-268
-265
-191
-154
-149
-113
-125
-93
-108
-108
-137
-154
-201
-211
-246
-222
-182
-169
-121
-93
-42
-28
91
127
148
350
531
665
739
697
567
407
263
148
-15
-171
-250
-305
-301
-311
-331
-297
-267
-213
-187
-149
-140
-115
-101
-111
-117
-165
-181
-208
-225
-234
-215
-172
-152
-110
-51
-37
57
106
149
265
419
607
723
739
661
515
371
228
139
-43
-181
-241
-254
-279
-273
-276
-259
-215
-169
-135
-108
-70
-103
-79
-93
-121
-142
-161
-191
-189
-201
-168
-142
-105
-37
-25
43
123
148
258
372
553
699
767
757
627
475
333
182
69
-23
-204
-261
-270
-261
-270
-267
-232
-190
-143
-127
-106
-76
-99
-95
-106
-126
-153
-192
-209
-222
-213
-172
-140
-106
-44
-34
52
125
143
274
419
611
713
739
650
495
344
186
140
-27
-187
-250
-283
-297
-288
-287
-269
-225
-193
-154
-139
-133
-127
-118
-140
-135
-156
-189
-216
-247
-229
-207
-186
-149
-105
-27
-42
85
126
212
356
562
689
747
725
579
417
276
163
-10
-140
-220
-268
-280
-268
-278
-277
-239
-167
-145
-117
-99
-113
-103
-86
-93
-111
-145
-172
-198
-204
-204
-157
-133
-61
-29
-29
83
131
131
313
497
655
747
771
675
535
379
223
153
-33
-172
-225
-262
-261
-250
-243
-220
-197
-154
-121
-74
-73
-77
-71
-86
-98
-139
-172
-204
-211
-197
-166
-138
-81
-37
-30
69
123
150
291
449
611
713
756
671
527
388
255
148
-12
-172
-241
-265
-274
-286
-274
-264
-221
-189
-149
-119
-129
-114
-117
-108
-121
-147
-173
-205
-221
-220
-207
-173
-150
-105
-21
-31
61
123
135
328
499
647
731
707
601
451
308
158
1
-61
-209
-251
-274
-282
-297
-269
-251
-202
-167
-149
-111
-121
-99
-105
-113
-114
-137
-176
-217
-209
-191
-172
-123
-97
-44
-11
57
118
147
274
454
625
717
763
675
543
383
249
143
-18
-156
-213
-238
-251
-258
-249
-235
-188
-159
-114
-93
-86
-76
-74
-80
-79
-123
-157
-172
-187
-191
-169
-133
-109
-38
-27
58
111
147
249
379
578
711
771
711
595
419
281
155
-13
-150
-215
-247
-265
-295
-269
-267
-247
-204
-154
-129
-99
-114
-109
-108
-115
-134
-158
-191
-207
-231
-197
-182
-140
-103
-41
-37
52
121
143
293
483
623
715
707
614
467
334
181
85
-36
-222
-266
-294
-283
-301
-304
-271
-234
-177
-153
-119
-117
-127
-97
-108
-118
-163
-188
-234
-234
-203
-191
-143
-106
-57
-21
49
106
143
279
419
611
723
747
660
529
371
240
161
-9
-147
-209
-244
-267
-267
-267
-241
-220
-177
-154
-120
-106
-108
-95
-85
-108
-125
-149
-170
-189
-200
-173
-140
-83
-53
-22
52
106
155
259
369
553
710
771
731
615
465
319
163
30
-34
-181
-225
-264
-277
-284
-262
-254
-203
-164
-130
-109
-111
-93
-101
-105
-130
-165
-192
-207
-236
-205
-175
-140
-93
-43
-15
69
115
159
299
468
609
699
710
617
470
322
185
146
-31
-185
-249
-278
-289
-280
-291
-300
-243
-197
-153
-159
-156
-136
-128
-119
-156
-171
-199
-231
-221
-223
-194
-148
-135
-66
-11
-10
117
144
265
419
599
699
723
660
502
352
231
153
-19
-166
-236
-246
-267
-284
-284
-269
-236
-192
-141
-117
-108
-108
-81
-83
-109
-123
-171
-191
-192
-204
-171
-135
-103
-44
-41
75
135
143
295
471
614
741
785
691
546
404
257
158
-12
-130
-204
-217
-239
-257
-253
-242
-222
-172
-140
-111
-108
-106
-95
-95
-79
-125
-156
-186
-197
-198
-173
-150
-119
-61
-27
52
97
146
255
383
566
694
743
695
564
393
276
153
2
-141
-220
-261
-270
-283
-298
-287
-256
-213
-177
-154
-141
-123
-135
-108
-116
-136
-172
-205
-221
-217
-197
-157
-141
-93
-46
-27
87
127
143
359
527
643
723
675
549
399
265
147
-5
-139
-230
-266
-253
-273
-285
-283
-256
-207
-178
-141
-113
-133
-122
-85
-108
-122
-142
-169
-193
-197
-150
-151
-125
-81
-19
-22
89
144
212
347
532
681
747
731
612
467
323
180
135
-25
-186
-231
-255
-268
-258
-244
-253
-207
-165
-111
-85
-79
-85
-82
-95
-105
-124
-156
-172
-185
-167
-153
-109
-53
-25
-17
97
131
212
335
507
661
723
715
603
471
322
194
145
-27
-182
-238
-265
-273
-278
-287
-267
-220
-201
-170
-137
-137
-122
-125
-104
-115
-152
-174
-193
-205
-204
-178
-170
-125
-62
-30
35
111
143
283
419
596
687
693
628
467
309
182
132
-25
-185
-244
-269
-279
-298
-306
-278
-257
-209
-174
-167
-146
-140
-117
-113
-133
-157
-166
-187
-206
-202
-189
-167
-122
-61
-31
31
106
142
291
457
605
705
725
647
500
369
235
158
-14
-171
-198
-247
-266
-274
-267
-265
-226
-200
-140
-133
-113
-109
-97
-98
-83
-117
-141
-156
-182
-171
-163
-133
-76
-44
-30
98
147
148
293
419
607
711
731
667
531
371
246
147
-8
-138
-195
-234
-242
-262
-263
-266
-234
-209
-176
-144
-115
-132
-121
-110
-125
-133
-167
-177
-202
-189
-175
-157
-121
-63
-39
-31
91
145
235
372
534
650
671
642
507
378
257
155
-17
-157
-219
-242
-273
-284
-302
-297
-282
-234
-210
-201
-176
-169
-159
-149
-130
-154
-182
-199
-204
-205
-209
-172
-142
-95
-33
-13
99
148
235
351
529
629
683
650
535
391
274
155
-7
-28
-193
-222
-235
-258
-273
-279
-268
-221
-182
-182
-151
-138
-123
-123
-99
-128
-133
-140
-181
-157
-163
-142
-119
-70
-30
-15
103
145
272
362
551
655
710
691
575
419
327
185
137
-39
-137
-186
-216
-231
-220
-262
-240
-215
-182
-172
-155
-142
-130
-111
-125
-142
-149
-146
-161
-158
-143
-133
-95
-54
-21
69
117
153
262
379
532
623
671
607
515
397
261
139
-6
-22
-165
-213
-231
-247
-285
-298
-277
-263
-236
-217
-197
-172
-157
-139
-159
-157
-170
-184
-191
-178
-155
-153
-110
-43
-29
57
123
148
257
394
519
617
619
564
473
347
242
143
3
-31
-158
-207
-230
-265
-285
-285
-281
-258
-225
-201
-200
-167
-172
-143
-156
-154
-161
-166
-170
-135
-110
-63
-31
-19
84
121
142
239
341
467
555
619
607
535
419
324
231
141
20
-38
-136
-197
-208
-250
-269
-270
-263
-243
-209
-184
-182
-178
-146
-142
-145
-150
-146
-141
-141
-129
-78
-35
-38
68
130
137
244
347
419
534
599
599
547
474
355
244
138
20
-28
-141
-193
-218
-254
-282
-307
-297
-274
-263
-244
-226
-220
-203
-179
-170
-172
-159
-159
-140
-122
-103
-46
-34
30
91
123
148
243
339
411
487
523
503
455
372
289
182
143
9
-30
-146
-185
-236
-261
-279
-287
-289
-284
-284
-287
-263
-237
-223
-218
-202
-190
-177
-169
-138
-85
-49
-21
27
94
145
151
237
293
385
471
500
513
473
405
354
259
165
144
-6
-37
-101
-159
-199
-235
-251
-269
-272
-257
-268
-281
-247
-236
-219
-193
-188
-186
-157
-135
-84
-43
-30
57
116
142
207
247
296
355
419
481
491
494
419
375
291
211
158
42
-11
-30
-129
-153
-210
-221
-239
-253
-257
-259
-263
-262
-243
-238
-204
-201
-188
-155
-125
-85
-50
-28
-41
71
105
139
139
222
273
327
386
403
415
405
363
294
247
167
134
16
-23
-43
-128
-186
-229
-241
-277
-295
-300
-298
-284
-299
-258
-253
-221
-219
-172
-150
-129
-105
-53
-25
-27
67
106
134
144
211
254
290
341
356
365
360
315
277
218
163
148
46
-9
-17
-103
-149
-162
-200
-204
-235
-253
-250
-248
-244
-207
-195
-177
-151
-125
-114
-83
-48
-21
-17
34
52
94
130
143
203
238
249
261
291
297
308
302
278
224
195
160
147
84
19
-13
-33
-125
-141
-156
-170
-197
-203
-193
-227
-215
-215
-203
-168
-125
-81
-73
-56
-12
-29
3
58
86
95
133
131
148
181
206
206
213
227
230
235
222
199
166
148
129
69
19
-25
-30
-115
-151
-151
-193
-218
-247
-241
-241
-238
-236
-222
-191
-161
-137
-117
-78
-46
-26
-12
47
52
77
106
116
137
151
146
181
163
162
159
121
146
145
102
69
36
-11
-15
-25
-73
-79
-119
-156
-173
-181
-177
-181
-172
-177
-179
-155
-119
-82
-78
-59
-41
-34
-17
66
103
115
129
139
145
148
165
155
163
153
161
148
148
138
131
116
84
39
11
-13
-29
-76
-87
-117
-129
-138
-134
-123
-129
-125
-119
-134
-111
-76
-29
-39
1
27
65
59
57
67
77
87
116
123
129
134
131
115
116
111
119
89
102
97
67
51
33
8
-13
-31
-93
-103
-108
-106
-106
-108
-102
-125
-127
-146
-125
-112
-74
-44
-26
-29
-13
4
35
36
38
47
38
59
88
94
90
90
98
73
59
39
38
43
52
49
55
43
15
-1
-27
-49
-77
-108
-105
-110
-125
-118
-106
-106
-79
-99
-82
-70
-47
-26
-34
10
31
31
27
37
52
52
54
71
63
88
93
94
89
84
69
61
43
57
67
74
51
35
1
15
-26
-13
-14
-21
-23
-45
-65
-57
-51
-49
-38
-28
-29
-3
20
28
51
42
67
51
50
51
55
59
81
102
116
106
98
111
94
75
71
63
63
23
23
-1
15
23
20
-9
-10
-7
-27
-27
-44
-70
-63
-54
-42
-37
-30
-12
1
20
7
31
13
10
18
34
66
51
47
55
66
67
82
84
70
68
48
35
17
1
-1
16
-21
-33
-23
-46
-81
-74
-77
-53
-47
-44
-44
-43
-30
-37
-29
-21
-12
27
21
1
1
7
29
47
39
27
46
52
75
57
49
69
61
35
32
31
7
14
-2
23
10
11
-1
-17
-12
-27
-27
-13
1
9
-12
5
4
19
2
11
25
22
49
63
54
65
58
66
62
47
50
52
74
67
69
85
103
99
86
54
51
47
35
21
20
2
-10
-16
-14
-30
-29
-43
-28
-27
-17
26
29
47
20
35
19
16
