-1
-12
0
-1
-10
-11
-5
-3
-5
21
7
5
3
4
7
5
19
18
23
11
11
20
6
6
35
13
17
21
9
20
20
25
26
20
22
24
23
20
27
35
22
24
25
19
36
35
25
22
17
30
9
20
22
11
4
14
6
17
9
7
-12
5
9
6
-6
14
-2
1
6
2
-5
-6
-1
-12
1
-1
-11
-7
5
8
6
15
-6
-21
-18
-15
-28
-28
-13
-18
-28
-13
-17
-28
-16
-12
-25
-26
-22
-16
-30
-13
-28
-13
-18
-33
-26
-26
-25
-28
-33
-21
-35
-27
-15
9
-33
-1
-19
13
-12
-28
-12
-18
-22
-25
-31
-28
-14
-14
-17
-14
-11
-21
-7
-3
-7
-14
1
11
-7
9
9
-1
0
7
3
3
7
5
2
7
13
3
11
11
7
7
8
10
11
14
18
15
11
-10
16
22
21
11
19
26
27
21
33
22
20
25
15
20
17
19
18
15
3
6
10
13
14
9
51
9
6
2
-1
-7
1
-5
0
3
1
-12
-2
-3
-10
-1
-15
-10
-11
5
-13
-12
-18
-28
-11
-15
-8
-23
-12
-17
-1
6
-7
17
-17
2
-27
-28
-28
-41
-33
-46
-43
-44
-54
-61
-65
-59
-74
-93
-73
-39
-62
-66
-50
-45
-44
52
93
91
115
103
103
75
43
7
-21
-44
-21
-22
-25
-37
-14
-28
-28
-37
-63
-101
-134
-155
-182
-187
-143
-126
-137
-122
-77
-55
-44
91
115
131
218
227
211
167
122
107
57
39
55
55
57
66
47
20
-3
-7
-23
-27
-41
-44
-43
-94
-127
-154
-156
-135
-108
-124
-118
-86
-49
-45
99
131
120
238
243
219
183
135
115
70
56
54
51
45
42
33
22
-12
-31
-43
-59
-82
-93
-140
-156
-186
-220
-206
-163
-137
-155
-138
-101
-57
-38
99
130
127
199
185
189
169
130
85
43
45
51
50
37
21
-28
-28
-49
-102
-117
-142
-172
-175
-197
-235
-253
-253
-199
-191
-162
-135
-124
-57
-25
85
120
126
209
194
210
169
129
127
91
74
65
52
32
3
-12
-24
-43
-44
-76
-118
-147
-165
-210
-231
-253
-215
-181
-165
-138
-102
-49
-35
107
133
193
227
235
215
195
143
127
139
103
82
73
66
51
20
1
-9
-30
-55
-82
-122
-151
-173
-204
-217
-185
-154
-133
-113
-76
-55
42
100
129
209
247
259
231
195
151
131
133
79
77
56
35
25
-5
-21
-28
-44
-110
-110
-124
-165
-199
-226
-246
-204
-185
-177
-140
-109
-75
-49
74
126
115
191
191
170
149
129
131
77
79
73
55
35
-2
-27
-33
-44
-47
-118
-153
-154
-195
-220
-253
-275
-273
-254
-205
-182
-143
-107
-33
-41
79
115
131
211
195
185
163
138
132
66
57
53
59
59
38
20
-16
-18
-31
-49
-111
-161
-178
-210
-248
-293
-288
-276
-215
-194
-146
-113
-61
-41
83
131
191
218
249
249
235
203
167
147
131
130
129
99
85
67
43
31
3
-11
-28
-38
-108
-140
-189
-238
-277
-305
-277
-229
-185
-145
-93
-48
-46
82
123
195
222
248
251
232
197
174
147
119
120
117
97
67
49
35
5
-12
-26
-44
-57
-141
-171
-216
-257
-294
-326
-307
-268
-204
-172
-138
-81
-37
39
102
128
183
217
225
213
182
135
131
127
85
62
41
31
15
-5
-12
-31
-41
-44
-81
-134
-170
-189
-225
-283
-317
-330
-293
-240
-217
-175
-124
-76
-37
57
137
127
191
227
229
209
187
148
144
122
113
78
63
51
39
18
-7
-8
-26
-28
-35
-60
-129
-167
-203
-241
-279
-289
-257
-214
-172
-145
-108
-44
-28
93
130
184
227
267
263
241
214
167
152
134
129
127
117
79
51
37
28
20
9
-7
-28
-53
-114
-159
-178
-239
-267
-271
-257
-204
-177
-142
-93
-44
-37
115
126
130
210
239
239
215
185
146
107
131
95
73
52
42
17
15
-12
-12
-25
-35
-33
-101
-122
-153
-204
-248
-271
-309
-297
-248
-206
-187
-143
-75
-43
52
107
123
131
215
203
191
167
138
101
61
67
55
15
18
11
-7
-12
-31
-34
-44
-49
-85
-127
-141
-173
-232
-265
-304
-287
-251
-215
-189
-137
-81
-48
57
115
131
183
226
243
215
199
155
123
130
127
86
74
41
41
52
-11
4
-12
-14
-27
-44
-42
-118
-138
-185
-232
-265
-265
-231
-173
-145
-107
-57
-33
50
130
130
191
238
247
267
235
197
151
148
133
134
119
77
53
55
28
1
-1
-12
-39
-23
-46
-111
-130
-172
-209
-239
-271
-267
-210
-165
-143
-109
-57
-54
105
118
135
197
222
225
210
169
146
127
109
84
66
49
47
20
8
-1
-34
-35
-49
-39
-99
-140
-156
-195
-213
-266
-301
-298
-264
-200
-193
-140
-96
-45
-18
106
127
123
191
203
201
147
134
129
117
79
67
43
39
23
9
-3
-28
-17
-28
-34
-33
-115
-124
-143
-185
-221
-253
-267
-241
-189
-161
-119
-71
-39
-1
102
117
115
212
231
225
203
165
137
126
120
91
86
78
51
65
41
21
15
1
-14
-31
-28
-73
-109
-128
-173
-201
-235
-229
-168
-173
-140
-76
-44
-40
84
117
127
203
225
225
213
175
141
127
123
80
110
69
54
46
23
13
3
-12
-34
-42
-44
-108
-120
-140
-183
-221
-256
-254
-215
-191
-175
-131
-85
-61
-9
103
112
117
191
197
186
181
135
126
73
57
51
33
21
5
-2
-13
-21
-35
-41
-55
-93
-117
-139
-157
-188
-245
-261
-275
-246
-193
-172
-145
-106
-53
-44
87
110
137
142
207
191
155
137
138
75
73
55
64
40
23
35
25
21
11
-7
-22
-33
-53
-93
-117
-154
-217
-231
-246
-220
-178
-157
-140
-76
-69
-21
99
127
129
195
219
210
195
163
129
131
123
93
84
75
56
52
49
41
28
20
5
-14
-25
-51
-99
-109
-158
-203
-235
-218
-173
-172
-155
-93
-44
-33
82
126
127
180
210
201
193
150
129
131
79
69
52
46
20
31
15
23
-19
-5
-25
-44
-47
-107
-133
-154
-182
-225
-261
-256
-219
-210
-174
-152
-106
-49
-28
86
93
123
117
167
151
127
133
73
47
35
33
36
15
4
5
1
-6
-17
-27
-44
-57
-105
-142
-139
-175
-205
-240
-254
-223
-203
-172
-144
-107
-55
-41
79
107
117
129
186
183
159
129
123
111
71
71
63
41
28
36
25
47
7
-8
-34
-19
-54
-94
-118
-146
-172
-205
-225
-209
-189
-159
-134
-76
-44
-7
89
122
115
187
217
213
199
166
134
131
107
85
75
83
39
52
46
36
20
14
-12
-25
-30
-47
-111
-142
-183
-205
-225
-247
-219
-195
-181
-126
-71
-47
48
90
114
120
185
192
178
148
133
101
57
66
51
23
21
-2
14
-5
1
-13
-35
-53
-57
-93
-140
-145
-179
-225
-266
-259
-221
-218
-193
-172
-124
-73
-44
55
91
107
115
122
175
135
127
117
84
54
37
35
23
9
5
3
1
-13
-22
-49
-45
-49
-109
-134
-145
-172
-206
-227
-217
-194
-174
-147
-82
-65
-50
57
115
111
127
180
202
191
155
128
129
107
79
55
69
46
50
43
37
37
23
-7
-15
-24
-47
-107
-113
-137
-172
-204
-191
-162
-174
-122
-108
-44
-42
59
115
123
120
165
202
182
164
122
132
131
84
78
72
54
41
35
43
21
11
-18
-35
-44
-42
-108
-127
-155
-186
-237
-230
-205
-201
-177
-142
-110
-57
-23
63
99
99
115
131
148
139
139
84
57
49
42
45
22
0
14
7
5
-21
-30
-39
-44
-97
-113
-155
-172
-189
-232
-238
-231
-205
-204
-171
-93
-85
-49
17
80
89
115
123
123
131
137
127
78
67
57
47
39
37
37
37
28
18
21
-17
-28
-53
-55
-123
-137
-152
-173
-203
-215
-179
-167
-156
-113
-57
-18
7
107
111
122
135
182
176
149
147
134
139
94
81
79
71
50
57
56
43
23
16
-7
-28
-43
-49
-102
-138
-152
-204
-203
-191
-181
-151
-140
-79
-69
-41
56
98
126
127
130
165
158
132
129
107
51
84
53
51
28
35
41
21
13
3
-35
-46
-44
-118
-140
-160
-177
-226
-236
-234
-204
-191
-173
-140
-77
-44
-28
70
86
97
124
129
120
123
89
57
57
35
39
30
15
10
11
14
-6
-13
-33
-45
-45
-96
-140
-149
-175
-210
-240
-234
-203
-189
-159
-140
-79
-45
-39
69
117
115
133
119
163
149
130
131
115
84
75
68
50
42
49
52
34
21
2
-28
-40
-53
-117
-123
-141
-169
-187
-194
-197
-154
-150
-108
-73
-44
27
97
119
118
126
162
178
191
161
139
129
130
128
83
65
40
43
43
40
22
2
-23
-37
-43
-53
-120
-130
-161
-206
-201
-205
-191
-171
-143
-102
-56
-44
52
84
101
111
135
159
148
147
129
112
83
69
57
46
35
23
21
1
3
-22
-44
-54
-101
-126
-152
-172
-189
-235
-243
-238
-215
-202
-165
-141
-103
-44
-33
34
69
107
123
135
119
123
117
95
75
67
51
53
15
17
13
7
-1
-25
-42
-31
-45
-98
-135
-137
-166
-201
-217
-213
-194
-186
-146
-117
-76
-54
35
78
107
111
122
165
163
149
131
129
127
115
70
62
52
52
52
35
21
11
-10
-19
-28
-44
-44
-96
-118
-161
-184
-177
-158
-145
-133
-111
-34
-41
39
90
115
115
130
149
167
148
170
148
119
123
87
47
43
42
26
40
9
1
-18
-27
-42
-54
-119
-126
-139
-178
-199
-215
-188
-185
-158
-139
-99
-54
-32
82
86
102
115
123
123
130
124
124
81
65
51
27
19
-1
5
1
-17
-30
-28
-44
-49
-106
-133
-144
-149
-190
-209
-220
-205
-199
-170
-152
-111
-60
-57
27
70
100
114
115
130
115
133
119
97
81
67
42
31
20
13
18
18
-7
-9
14
-28
-44
-44
-117
-120
-157
-183
-193
-199
-174
-153
-120
-80
-54
-41
50
85
112
115
127
177
174
171
142
133
127
122
119
75
56
54
35
47
20
23
5
-5
-31
-43
-55
-103
-140
-147
-176
-186
-161
-141
-133
-107
-47
-46
39
79
97
115
127
123
159
159
135
107
117
87
87
51
35
34
24
18
5
-9
-28
-31
-53
-100
-140
-135
-166
-197
-204
-204
-187
-178
-151
-124
-83
-47
-39
51
62
84
102
120
124
118
115
84
71
54
34
20
1
-1
-26
-6
-14
-21
-37
-43
-49
-82
-124
-142
-157
-197
-204
-213
-181
-171
-154
-120
-73
-43
-17
59
77
95
115
131
133
139
137
131
126
115
73
53
43
37
37
31
10
-28
-8
-25
-30
-35
-101
-105
-124
-159
-165
-179
-155
-143
-103
-93
-53
-37
41
79
99
112
131
115
165
165
155
147
141
132
114
74
57
49
45
26
15
-16
-11
-23
-31
-54
-108
-111
-108
-162
-165
-206
-177
-159
-124
-109
-65
-47
-26
53
85
87
102
120
123
127
131
115
131
84
94
40
31
28
20
5
-12
-25
-28
-38
-44
-95
-122
-140
-161
-185
-202
-223
-211
-191
-161
-134
-109
-66
-49
-2
41
52
94
103
110
111
99
100
84
73
59
37
23
9
22
-2
-9
-21
-22
-44
-44
-93
-114
-124
-153
-172
-194
-201
-176
-165
-140
-109
-81
-49
-51
36
47
80
101
127
118
135
127
139
123
127
126
79
52
41
39
35
19
6
-2
-10
-44
-43
-42
-93
-96
-140
-153
-161
-146
-134
-108
-85
-57
-31
-7
54
81
99
111
115
130
139
129
129
127
129
119
50
67
47
43
26
20
-2
-17
-31
-28
-45
-120
-109
-130
-161
-171
-187
-174
-153
-140
-114
-95
-65
-38
-25
50
51
102
99
111
111
107
111
103
83
75
41
20
5
1
-9
-21
-28
-38
-44
-93
-101
-131
-138
-162
-185
-221
-204
-191
-176
-157
-141
-111
-74
-43
-41
39
47
84
97
115
115
128
100
103
87
85
57
38
23
20
19
5
-6
-26
-33
-41
-37
-76
-107
-127
-150
-162
-172
-177
-145
-124
-104
-71
-51
-33
33
47
81
93
130
130
132
134
146
133
127
148
127
79
75
54
50
35
20
-5
3
-17
-32
-33
-44
-81
-109
-141
-145
-146
-130
-105
-100
-69
-39
-45
22
46
73
91
115
123
131
122
118
127
118
123
84
55
45
41
27
18
-8
-15
-33
-34
-47
-57
-109
-117
-146
-169
-174
-166
-159
-145
-120
-115
-76
-55
-50
5
42
42
69
96
105
102
105
91
84
79
52
36
20
11
2
-6
-26
-25
-37
-45
-44
-93
-129
-127
-150
-169
-176
-178
-166
-153
-129
-109
-82
-60
-46
-28
34
41
83
91
115
99
114
114
114
100
81
69
52
34
38
20
14
1
-9
-22
-23
-48
-87
-97
-114
-139
-140
-154
-140
-124
-96
-71
-33
-47
3
31
55
68
99
122
115
127
139
139
145
131
144
91
81
67
53
52
22
9
17
-13
-25
-42
-48
-93
-98
-120
-146
-150
-130
-122
-98
-81
-76
-50
-34
11
26
55
63
85
110
119
117
94
113
95
81
61
45
39
20
51
4
-17
-22
-17
-43
-53
-111
-112
-120
-165
-171
-172
-175
-153
-140
-129
-105
-76
-42
-38
-26
15
38
54
84
87
99
79
75
84
66
39
41
35
18
16
-12
-28
-18
-27
-46
-47
-109
-124
-115
-152
-146
-161
-153
-142
-95
-112
-93
-52
-37
-32
19
39
52
91
106
94
115
134
115
114
97
74
55
47
49
37
31
21
8
-11
-18
-12
-47
-49
-93
-108
-109
-117
-126
-104
-97
-66
-44
-44
-39
13
43
57
75
103
115
117
133
133
123
129
123
81
65
52
53
30
22
-1
-12
10
-28
-43
-49
-94
-108
-105
-138
-153
-151
-123
-118
-102
-78
-99
-57
-41
11
21
41
52
91
84
99
103
93
95
82
55
49
47
10
9
-12
-12
-25
-28
-43
-39
-100
-118
-126
-133
-146
-162
-166
-124
-136
-118
-101
-76
-72
-44
-38
-12
23
51
83
99
104
115
99
90
84
55
52
16
23
15
5
-15
-19
-28
-21
-39
-45
-102
-98
-109
-120
-131
-137
-130
-102
-94
-81
-57
-51
-33
20
31
46
79
103
123
118
123
129
138
135
115
82
84
63
53
43
33
10
5
-3
-7
-27
-49
-46
-73
-103
-113
-119
-117
-86
-67
-50
-54
-39
-43
22
26
52
75
100
115
113
126
131
123
115
79
69
43
34
21
16
23
-21
-16
-30
-28
-44
-76
-108
-107
-123
-147
-147
-134
-120
-108
-85
-82
-55
-44
-37
-16
17
62
67
85
95
112
99
97
85
54
49
23
19
-5
-5
-22
-39
-43
-37
-45
-94
-114
-130
-123
-140
-169
-156
-128
-120
-111
-124
-95
-69
-55
-42
-28
7
31
77
97
101
99
111
105
103
84
70
49
35
20
19
5
-7
-6
-12
-28
-37
-49
-75
-57
-102
-120
-117
-117
-98
-75
-44
-32
-37
-45
-2
31
43
66
102
120
123
139
123
147
133
133
124
89
64
52
50
18
3
-11
-8
-38
-28
-44
-76
-76
-104
-109
-115
-120
-93
-101
-49
-53
-54
-41
-39
15
19
42
71
101
107
114
111
106
107
82
75
52
43
22
13
5
-12
-27
-31
-51
-33
-105
-131
-122
-134
-147
-154
-143
-140
-123
-97
-76
-77
-59
-49
-47
-38
5
43
57
75
84
91
91
73
64
35
33
37
-2
-12
21
-28
-41
-35
-50
-43
-95
-113
-117
-124
-149
-140
-141
-113
-102
-76
-75
-46
-49
-44
-21
9
25
53
81
101
120
111
99
109
94
73
52
35
27
35
15
3
-13
-18
-22
-34
-46
-77
-76
-85
-110
-128
-105
-81
-69
-42
-34
-32
-27
7
22
31
46
63
99
114
120
129
126
128
117
73
75
53
36
26
15
1
-16
-14
-47
-34
-38
-101
-95
-114
-133
-129
-124
-102
-76
-57
-61
-48
-44
-55
-28
4
8
49
70
77
94
96
98
86
67
52
23
24
11
-3
20
-30
-41
-35
-49
-94
-113
-140
-110
-143
-156
-161
-140
-126
-106
-86
-105
-74
-59
-57
-43
-48
-18
20
62
67
74
71
75
77
55
41
27
3
6
-13
-16
-27
-37
-37
-28
-44
-77
-110
-111
-118
-129
53
38
37
22
6
-9
-11
-33
-34
-37
-28
-32
-30
-19
-10
31
85
119
131
129
115
16
-34
-44
-145
-156
-127
-70
-49
-26
26
39
20
35
21
17
19
9
4
-9
-28
-38
-43
-50
-76
-57
-63
-60
-45
-44
-45
23
75
105
114
89
23
-26
-42
-149
-182
-169
-133
-71
-51
20
33
20
33
24
20
21
10
20
-5
-11
-28
-35
-44
-45
-43
-59
-44
-44
-30
-6
27
67
113
122
131
131
27
-39
-50
-141
-154
-111
-75
-38
27
43
54
47
57
78
47
46
37
35
62
9
-12
-15
-27
-22
-10
-2
-11
18
20
33
59
115
135
139
150
127
20
-16
-45
-76
-124
-94
-45
-35
67
50
52
51
57
52
47
35
37
23
-3
-22
-31
-43
-46
-71
-39
-44
-41
-10
-1
14
71
106
115
119
117
22
-33
-42
-154
-175
-145
-85
-46
-39
20
20
26
19
17
15
-2
-6
-17
-17
-32
-45
-45
-86
-97
-73
-73
-60
-60
-44
-45
-1
67
94
101
100
51
-12
-39
-134
-173
-159
-133
-60
-46
-15
24
28
33
25
27
21
7
16
-1
-10
-35
-38
-39
-42
-46
-39
-28
-28
-19
-6
20
73
115
115
123
131
110
-9
-33
-118
-140
-122
-74
-37
33
59
65
66
67
54
52
59
37
17
22
17
-23
-20
-23
-42
-28
-14
-5
2
17
31
55
111
122
131
141
134
5
-25
-43
-141
-140
-109
-44
-37
27
35
47
54
35
33
30
23
20
18
5
-42
-37
-44
-45
-61
-53
-46
-57
-34
-26
-3
47
93
115
129
100
38
-28
-44
-141
-175
-172
-124
-81
-47
-45
14
8
20
33
9
-12
-12
-33
-25
-39
-55
-42
-72
-53
-69
-61
-61
-45
-47
-28
1
63
97
109
127
54
5
-40
-114
-155
-166
-140
-103
-49
-40
19
36
39
59
22
26
26
21
7
-4
-25
-13
-42
-34
-50
-38
-44
-44
-13
-5
18
68
131
135
133
148
133
9
-26
-44
-135
-124
-78
-46
-31
51
68
66
79
57
50
43
35
45
33
11
-9
-22
-28
-44
-37
-40
-28
-27
17
5
37
85
117
142
127
131
67
-12
-44
-134
-161
-145
-95
-55
-41
20
36
33
38
33
15
22
-1
3
-17
-23
-41
-74
-43
-73
-63
-63
-78
-48
-44
-24
20
67
111
103
118
67
-27
-38
-138
-172
-189
-150
-105
-43
-44
-10
10
-3
7
3
-2
1
-10
-1
-27
-33
-46
-34
-76
-78
-59
-42
-57
-40
-34
3
52
105
115
123
115
40
-23
-46
-144
-175
-161
-109
-61
-45
22
26
41
51
37
23
35
21
17
7
3
-20
-28
-39
-28
-28
-28
-10
-5
15
19
24
107
122
135
163
131
53
-23
-44
-112
-129
-106
-61
-82
24
62
55
51
53
37
31
36
25
20
17
15
-14
-25
-38
-54
-28
-31
-28
-14
-7
11
54
95
115
127
135
46
-25
-46
-131
-172
-157
-120
-63
-53
-23
20
22
20
13
7
-12
-11
-3
-7
-12
-27
-44
-45
-69
-63
-70
-73
-54
-34
-44
-39
51
87
99
111
63
-9
-45
-109
-172
-204
-172
-122
-74
-44
-13
16
7
6
2
10
4
1
-1
-5
10
-40
-44
-45
-54
-57
-50
-47
-44
-39
-2
48
98
123
126
134
65
-7
-37
-118
-161
-143
-107
-61
-44
20
39
53
43
45
27
32
41
33
25
24
-3
-13
-21
-25
-28
-27
-11
-11
7
20
38
83
111
115
155
147
126
-6
-41
-108
-170
-141
-93
-47
-39
35
39
45
46
39
30
33
17
19
8
1
-22
-28
-42
-41
-45
-38
-33
-39
-32
-1
41
67
112
122
123
88
-22
-45
-115
-169
-185
-147
-106
-55
-31
11
25
20
3
-6
-6
-11
-30
-13
-27
-11
-39
-42
-55
-61
-74
-57
-67
-69
-47
-42
25
75
115
103
94
42
-17
-44
-137
-177
-172
-127
-86
-54
-37
23
22
21
19
11
15
7
3
3
-12
-13
-21
-28
-28
-43
-28
-30
-43
-6
-17
36
78
115
120
144
127
66
-17
-53
-139
-145
-136
-94
-45
-5
40
55
63
57
52
39
37
34
30
26
51
14
-9
-19
-21
-12
-33
-13
5
22
27
65
99
131
138
146
131
20
-26
-47
-134
-141
-105
-65
-42
-1
35
39
31
21
35
26
25
20
13
-9
-14
-28
-31
-55
-44
-45
-41
-41
-44
-17
5
63
100
131
122
127
33
-25
-48
-166
-185
-172
-130
-66
-45
-33
-2
4
3
3
-12
-12
-7
-14
-17
-17
-35
-38
-47
-76
-59
-62
-63
-44
-41
-28
14
65
110
115
131
91
15
-11
-44
-163
-171
-149
-112
-63
-57
20
28
33
35
20
24
19
15
18
11
2
-21
-17
-9
-27
-31
-17
-21
-18
19
21
78
95
127
135
159
119
34
-25
-42
-127
-137
-114
-55
-41
32
52
73
55
59
45
46
43
51
28
23
6
-12
-18
-25
-27
-18
-6
-15
-10
17
27
77
115
117
134
123
126
-6
-51
-130
-162
-143
-108
-46
-54
13
26
26
35
31
10
17
7
15
3
-9
-13
-33
-33
-61
-49
-46
-44
-44
-43
-25
-16
48
101
115
115
81
7
-46
-81
-191
-181
-172
-130
-66
-42
-28
6
-11
10
3
-5
1
11
5
-23
-21
-31
-45
-44
-44
-45
-54
-37
-28
-45
3
34
89
120
122
131
103
13
-37
-83
-154
-163
-131
-66
-45
-27
34
33
41
39
27
27
34
30
23
19
11
-18
-22
-27
-27
-10
-14
-3
3
27
34
71
115
139
165
189
128
19
-18
-48
-114
-135
-98
-47
-44
33
24
47
31
23
34
35
35
25
37
7
-14
-25
-33
-37
-45
-35
-27
-12
6
21
26
77
113
120
126
127
23
-26
-45
-157
-169
-146
-96
-57
-44
10
15
6
17
3
1
6
-12
-5
-11
-23
-44
-47
-50
-77
-76
-67
-62
-55
-44
-53
-21
49
95
110
106
63
-3
-53
-124
-172
-204
-166
-146
-74
-36
-30
10
7
15
1
-7
-12
-9
-14
-17
-30
-50
-46
-54
-62
-49
-48
-59
-44
-44
-2
37
93
115
115
126
119
11
-28
-47
-145
-145
-124
-76
-41
-1
35
36
45
31
28
27
22
6
11
2
-6
-26
-28
-33
-22
-26
-23
-12
3
20
33
59
84
150
159
148
130
19
-21
-75
-144
-154
-112
-69
-41
15
27
39
35
-7
12
20
14
19
28
-12
-28
-49
-43
-78
-101
-51
-54
-46
-44
-12
-5
42
85
120
138
115
51
-15
-44
-154
-172
-168
-140
-93
-49
-45
-5
9
-1
-4
-17
-11
-14
-28
-25
-33
-39
-49
-78
-93
-98
-74
-75
-54
-44
-44
-46
23
70
112
113
115
52
-12
-53
-150
-186
-174
-138
-95
-45
-39
11
34
21
-5
17
20
19
4
1
-12
-33
-30
-43
-44
-45
-44
-44
-30
-5
10
35
84
119
127
169
139
129
24
-35
-122
-157
-133
-98
-54
-40
30
54
51
55
75
41
35
35
20
35
0
-1
-18
-28
-28
-15
-10
-12
-2
18
13
46
95
123
127
162
135
115
-19
-44
-128
-154
-137
-102
-46
-39
20
24
27
25
20
22
20
8
6
-11
-23
-33
-44
-42
-61
-51
-44
-44
-43
-27
-27
27
83
113
119
122
115
6
-37
-140
-185
-193
-171
-110
-66
-45
-28
9
-5
-2
-1
-9
-12
-18
-28
-32
-43
-44
-63
-73
-72
-53
-46
-42
-45
-44
-11
19
66
103
115
122
101
31
-30
-42
-140
-173
-133
-101
-53
-47
17
23
27
20
13
20
13
-2
2
-13
-19
-28
-76
-38
-43
-38
-28
-19
-7
17
25
73
115
129
129
158
120
34
-25
-47
-137
-138
-103
-61
-28
27
51
61
52
51
41
43
31
18
-9
5
-11
-25
-7
-41
-38
-37
-9
-19
4
11
22
55
98
122
134
148
129
20
-33
-44
-150
-154
-137
-94
-47
-43
13
20
14
20
15
11
-6
2
-15
-21
-38
-46
-61
-57
-61
-44
-51
-49
-53
-43
-9
33
83
115
118
133
52
-13
-18
-157
-187
-183
-159
-117
-53
-43
-38
5
-1
6
-1
-1
-7
-8
-14
-27
-45
-23
-41
-76
-61
-45
-47
-44
-23
10
19
53
111
117
135
137
123
7
-33
-124
-157
-155
-108
-71
-34
-38
31
35
30
35
48
31
19
14
8
-6
-11
-26
-44
-21
-27
-13
-7
-5
19
27
43
85
130
120
180
151
143
13
-53
-37
-149
-123
-95
-43
-39
9
20
31
30
27
24
37
20
4
5
-11
-26
-14
-44
-44
-41
-39
-28
-13
3
20
27
64
101
127
113
139
113
-10
-42
-139
-154
-161
-97
-78
-46
-43
-1
9
6
-1
-10
-7
-15
-10
-12
-22
-31
-44
-57
-73
-61
-57
-47
-45
-53
-28
-5
34
77
111
119
124
61
-6
-37
-133
-175
-145
-142
-77
-69
-28
-9
3
13
14
17
17
-5
-5
-8
-25
-31
-45
-34
-49
-44
-37
-14
-15
7
15
20
56
102
123
129
163
120
20
-22
-37
-150
-143
-103
-73
-47
-21
35
35
31
38
52
46
31
31
34
7
-7
-26
-5
-31
-26
-9
-14
8
31
37
43
69
114
135
139
154
134
18
-26
-44
-134
-140
-122
-69
-43
-46
20
14
27
20
19
38
11
2
-13
-21
-28
-33
-46
-49
-49
-51
-38
-28
-25
-5
-1
20
81
107
119
124
114
19
-22
-44
-157
-194
-189
-127
-81
-44
-45
-23
-12
7
-12
-10
-12
-23
-34
-45
-50
-44
-101
-76
-77
-57
-74
-51
-43
-14
5
15
63
107
124
129
110
23
-30
-47
-157
-169
-158
-124
-70
-44
9
25
20
27
7
19
20
9
6
-11
-28
-28
-38
-47
-43
-44
-32
-9
-6
10
17
31
75
113
137
145
149
127
19
-28
-44
-135
-143
-107
-54
-49
23
52
39
47
50
47
34
38
20
4
-15
-18
-26
-44
-44
-42
-31
-13
-10
20
25
47
65
107
118
129
151
126
27
-28
-76
-156
-166
-134
-87
-49
-56
14
22
9
17
14
13
3
3
-10
-22
-41
-42
-77
-77
-74
-76
-55
-44
-46
-31
3
22
52
100
119
119
75
-23
-46
-134
-177
-193
-177
-129
-78
-44
-44
2
7
-2
-1
-9
-15
-14
-28
-34
-37
-31
-74
-77
-73
-65
-43
-79
-53
-17
-1
31
67
115
119
120
134
73
-23
-47
-124
-169
-156
-109
-67
-33
15
36
43
51
21
26
22
17
9
2
-12
-25
-37
-44
-43
-55
-27
-6
18
33
39
69
113
129
163
180
150
131
3
-28
-65
-138
-117
-85
-34
-44
25
42
25
39
33
22
22
9
16
-9
-23
-26
-50
-44
-44
-33
-37
-30
-17
-12
17
35
62
102
122
131
123
127
-10
-49
-139
-167
-161
-130
-78
-69
-53
1
2
11
7
2
-15
-10
-23
-21
-43
-46
-103
-93
-93
-82
-63
-57
-47
-47
-37
-21
36
80
102
131
129
64
-9
-43
-140
-172
-172
-149
-101
-50
-47
-12
-10
3
3
-8
-1
-5
-12
-25
-27
-43
-42
-73
-68
-59
-51
-38
-33
-5
12
23
52
98
127
134
153
119
47
-15
-42
-140
-153
-129
-83
-33
-44
30
42
47
43
31
23
27
17
6
-2
-15
-33
-45
-44
-55
-35
-3
5
20
39
65
84
110
123
166
169
131
129
-12
-44
-113
-145
-129
-93
-51
-45
8
31
17
14
20
17
11
79
-10
-14
-50
-39
-69
-74
-78
-59
-41
-30
-27
3
-1
27
63
107
129
119
128
100
-19
-42
-165
-185
-185
-145
-107
-55
-43
-42
-7
-6
-14
-14
-23
-22
-42
-49
-45
-103
-107
-109
-98
-81
-69
-55
-33
-41
-6
20
53
111
131
138
133
129
-2
-41
-140
-172
-165
-140
-97
-59
-44
6
14
5
18
11
14
-1
-9
-22
-39
-34
-51
-70
-62
-57
-44
-44
-12
6
35
35
74
115
120
203
171
146
128
-21
-49
-135
-151
-109
-76
-44
-31
-55
37
21
35
22
47
50
26
19
-35
-31
-42
-44
-95
-73
-42
-44
-6
15
35
39
48
101
134
174
175
134
107
-22
-46
-170
-172
-155
-119
-57
-38
-27
9
6
7
20
1
-7
-14
-28
-57
-44
-81
-80
-93
-77
-44
-53
-55
-45
4
17
31
90
118
129
158
119
99
-19
-54
-165
-193
-183
-140
-102
-56
-49
-47
-15
-22
-25
-15
-12
-12
-27
-37
-44
-108
-107
-124
-109
-76
-44
-41
-44
3
20
50
90
119
126
171
145
138
-8
-43
-140
-172
-160
-123
-71
-42
-44
-6
11
17
8
18
7
11
-8
-19
-24
-39
-45
-62
-70
-46
-37
7
7
22
43
67
95
123
178
213
206
148
147
-12
-41
-135
-153
-122
-73
-51
-28
20
27
23
20
11
23
11
7
-9
-14
-28
-49
-37
-73
-63
-43
-39
-3
16
31
28
63
100
123
123
178
139
123
-6
-44
-135
-151
-166
-122
-79
-46
-49
-26
2
-11
-9
-12
-13
-12
-45
-28
-44
-76
-94
-93
-97
-80
-55
-44
-49
-24
7
26
63
98
115
132
140
131
11
-36
-115
-184
-183
-151
-117
-69
-28
-43
-14
-23
-6
-10
3
-9
-18
-26
-28
-49
-79
-77
-76
-62
-47
-44
-2
22
33
51
69
115
130
182
180
143
131
-15
-44
-140
-163
-129
-96
-51
-42
11
16
27
38
20
23
36
20
10
1
-22
-28
-43
-39
-35
-39
6
20
37
52
62
75
110
122
190
203
169
129
30
-16
-63
-157
-156
-126
-73
-37
-30
6
19
21
4
23
19
10
-12
-17
-28
-44
-39
-71
-64
-59
-44
-44
-6
5
30
35
69
115
127
180
163
126
20
-33
-122
-172
-189
-155
-124
-78
-47
-47
-34
-21
-13
-12
-28
-13
-12
-26
-42
-57
-95
-101
-103
-65
-57
-42
-33
-13
18
26
56
101
131
133
159
135
43
-28
-44
-156
-189
-161
-97
-78
-46
-43
-18
-11
-3
1
-6
5
-5
-12
-24
-40
-32
-44
-48
-46
-47
-35
14
21
35
43
85
135
123
195
203
161
133
10
-39
-120
-142
-141
-94
-41
-27
14
22
20
15
23
23
55
36
41
1
-16
-32
-30
-41
-44
-42
-37
20
25
51
85
84
114
127
175
197
165
122
11
-41
-131
-165
-142
-113
-78
-48
-44
-27
13
-1
1
-1
1
1
-17
-28
-39
-51
-81
-77
-77
-57
-46
-38
-5
14
20
35
61
111
124
164
159
120
17
-39
-143
-189
-197
-162
-133
-81
-50
-39
-56
-41
-31
-26
-15
-21
-33
-39
-44
-31
-83
-76
-77
-63
-38
-53
-28
6
22
35
69
115
124
178
175
133
127
-12
-45
-155
-176
-151
-110
-65
-42
-44
-1
9
27
7
15
11
9
0
-17
-23
-43
-44
-45
-46
-44
-12
18
42
53
75
97
115
183
205
271
167
135
9
-28
-120
-157
-124
-101
-43
-28
3
15
19
24
11
-2
5
9
-9
-12
-22
-45
-37
-41
-57
-43
-28
2
23
33
39
47
113
120
185
195
167
134
15
-44
-141
-178
-175
-137
-93
-60
-38
-40
-25
-18
-28
-19
-13
-19
-23
-48
-44
-53
-95
-95
-85
-76
-48
-35
-38
2
21
20
52
84
123
135
138
131
20
-37
-122
-186
-187
-160
-95
-93
-54
-43
-45
-33
3
-15
-9
-12
-42
-26
-28
-44
-38
-77
-71
-70
-38
-54
-37
20
27
46
73
115
139
193
192
148
131
-2
-37
-135
-162
-143
-114
-61
-53
-27
-7
5
17
19
20
18
15
25
-12
-22
-40
-45
-43
-43
-24
3
23
41
52
67
67
107
129
189
213
197
129
65
-31
-44
-156
-169
-134
-81
-49
-39
-27
-1
2
-3
20
10
17
-12
-11
-27
-42
-41
-76
-65
-50
-44
-31
10
14
35
20
50
107
124
165
171
127
115
-28
-50
-169
-197
-177
-139
-103
-63
-49
-39
-44
-46
-61
-13
-13
-25
-17
-34
-39
-107
-111
-108
-95
-28
-54
-41
-30
15
16
48
85
100
127
175
105
131
-28
-44
-159
-186
-173
-140
-78
-49
-47
-53
-9
-5
3
-2
-1
-5
-14
-18
-19
-30
-53
-73
-67
-34
-44
20
35
43
49
51
88
106
123
199
193
148
130
-11
-44
-127
-151
-130
-93
-53
-43
3
7
15
13
19
23
20
20
7
-12
-27
-39
-43
-40
-28
-40
-11
19
31
35
53
84
123
133
203
212
171
120
-6
-45
-147
-166
-152
-119
-69
-43
-47
-23
-2
-12
-5
-9
-11
-12
-14
-33
-28
-69
-98
-85
-98
-61
-45
-49
-37
16
24
36
72
118
129
165
136
124
1
-43
-154
-192
-183
-165
-126
-83
-61
-53
-46
-42
-44
-22
-33
-42
-28
-46
-45
-71
-106
-103
-79
-81
-57
-41
-32
3
16
37
55
130
126
193
171
117
41
-28
-49
-151
-157
-133
-95
-53
-69
4
-15
-8
-5
3
0
1
-5
-12
-27
-31
-46
-76
-71
-43
-47
15
38
52
65
75
100
118
195
214
207
171
129
15
-37
-76
-129
-115
-85
-53
-44
-1
6
15
-21
9
11
10
3
-11
-13
-35
-44
-47
-43
-47
-44
-28
17
28
42
38
75
103
123
198
203
164
119
-3
-45
-140
-172
-158
-117
-76
-49
-37
-44
-28
11
-13
-28
-23
-27
-25
-25
-45
-101
-117
-102
-93
-69
-47
-49
-30
11
20
27
79
115
124
167
153
122
5
-43
-141
-178
-182
-154
-108
-64
-46
-45
-43
-31
-30
-31
3
-16
-8
-25
-45
-57
-96
-115
-101
-57
-34
-35
13
7
38
46
91
115
197
205
197
131
124
-28
-38
-143
-155
-126
-93
-54
-44
-18
7
3
3
3
11
15
9
-6
-23
-31
-41
-38
-33
-63
-46
5
35
48
55
79
107
129
209
212
205
158
133
2
-49
-141
-161
-140
-103
-59
-45
-33
-9
10
-5
-25
-8
-21
-12
-26
-43
-42
-26
-54
-79
-60
-42
-42
-6
16
20
35
59
107
123
190
185
165
127
-7
-41
-149
-175
-171
-138
-107
-61
-45
-43
-44
-53
-41
-41
-37
-37
-42
-43
-82
-106
-109
-108
-109
-72
-44
-46
-27
20
34
35
95
117
127
228
161
129
7
-44
-134
-173
-173
-153
-99
-76
-46
-44
-37
-15
-16
-23
-14
-17
-19
-28
-44
-41
-67
-77
-54
-45
-53
-7
25
33
47
39
89
119
207
226
213
159
141
2
-44
-137
-154
-136
-81
-44
-44
7
11
15
15
10
7
15
-11
-6
-13
-47
-41
-50
-50
-45
-37
34
20
37
52
69
91
123
129
219
217
183
135
19
-49
-134
-171
-157
-117
-76
-55
-41
-49
-26
-23
-28
-12
-5
-7
-21
-27
-37
-105
-106
-101
-78
-45
-47
-12
9
23
35
51
111
133
183
184
163
155
-5
-42
-167
-198
-186
-150
-108
-85
-59
-44
-33
-50
-43
-51
-53
-38
-44
-57
-82
-77
-119
-77
-81
-57
-47
-42
-2
19
35
51
100
115
193
209
183
138
36
-28
-45
-157
-163
-151
-107
-57
-57
-49
-28
-23
-13
-11
-7
-5
-15
-14
-31
-37
-49
-47
-53
-44
-51
13
36
71
69
79
115
129
211
240
219
164
131
1
-40
-122
-139
-131
-85
-43
-31
-10
-2
-2
9
-2
9
-2
-5
-12
-23
-39
-44
-44
-60
-43
-51
7
25
33
53
59
99
123
209
222
222
163
118
6
-31
-141
-186
-162
-117
-87
-46
-42
-46
-47
-27
-25
-28
-27
-23
-21
-53
-54
-94
-110
-108
-85
-62
-60
-44
-12
21
-7
59
115
120
182
189
142
129
-28
-47
-168
-202
-181
-140
-94
-55
-42
-44
-39
-45
-33
-15
-41
-35
-28
-47
-45
-82
-83
-79
-82
-38
-43
6
34
42
43
83
97
124
219
213
175
131
18
-28
-129
-153
-155
-120
-73
-45
-35
-28
-15
-11
-2
-11
-7
-5
-12
-12
-54
-39
-44
-43
-44
-31
11
4
41
57
73
91
131
178
234
219
217
141
114
-23
-47
-149
-156
-126
-93
-44
-46
-33
-14
-2
-6
-14
-21
-12
-27
-17
-27
-30
-45
-79
-47
-54
-45
-23
23
52
43
71
97
123
194
215
185
137
85
-23
-67
-175
-189
-156
-129
-94
-74
-49
-55
-46
-44
-43
-50
-45
-55
-61
-46
-95
-103
-109
-93
-93
-59
-34
-43
12
3
22
71
115
127
213
191
147
124
-25
-51
-172
-197
-171
-123
-77
-63
-45
-44
-40
-27
-25
-15
-3
-28
-28
-37
-39
-44
-65
-69
-53
-44
-34
21
45
42
52
84
113
175
215
217
186
131
10
-33
-110
-149
-137
-108
-61
-39
-44
-6
-9
-1
-11
5
15
6
7
13
-28
-35
-41
-39
-49
-44
16
15
82
79
69
97
135
206
227
229
180
138
33
-28
-133
-166
-155
-113
-75
-54
-39
-47
-39
-26
-16
-28
-14
-14
-28
-39
-43
-53
-77
-77
-79
-48
-45
-27
8
28
37
59
98
126
187
199
175
132
21
-38
-141
-199
-194
-175
-133
-93
-65
-62
-65
-61
-61
-60
-50
-63
-49
-81
-76
-98
-97
-93
-69
-53
-37
-28
-9
33
34
43
82
118
126
213
194
138
131
-26
-44
-153
-182
-170
-130
-76
-43
-43
-43
-44
-27
-22
-12
-26
1
-30
-45
-45
-56
-106
-57
-46
-45
10
22
49
66
83
102
118
216
243
235
193
147
19
-30
-108
-144
-141
-102
-66
-47
-38
-26
-19
1
-6
3
-61
-12
-12
-27
-38
-31
-44
-65
-47
-47
11
18
49
55
63
79
109
126
192
225
179
131
23
-22
-129
-169
-170
-141
-117
-70
-51
-51
-53
-49
-44
-37
-51
-34
-37
-45
-57
-76
-76
-101
-76
-50
-44
-41
3
17
9
33
81
95
135
193
169
135
11
-34
-150
-196
-193
-174
-140
-93
-81
-53
-43
-57
-50
-49
-38
-43
-44
-44
-61
-83
-94
-98
-85
-47
-44
-47
5
27
43
55
94
123
206
227
213
163
127
-9
-45
-145
-162
-153
-123
-85
-43
-46
-37
-27
-25
-22
-15
-17
-1
-12
-17
-28
-42
-45
-44
-44
-13
26
37
55
61
74
101
119
209
229
237
198
163
70
-28
-45
-140
-145
-119
-71
-44
-38
-44
-31
-18
-19
-23
-21
-12
-25
-28
-45
-57
-38
-69
-47
-43
-28
15
31
39
47
74
114
114
216
217
180
127
15
-39
-140
-177
-181
-155
-111
-76
-63
-59
-59
-56
-59
-50
-59
-49
-57
-73
-83
-63
-113
-101
-94
-57
-41
-39
2
36
30
51
87
120
174
201
180
147
20
-37
-108
-177
-187
-165
-124
-75
-67
-53
-47
-42
-44
-44
-33
-25
-41
-49
-33
-53
-61
-76
-43
-19
-39
35
35
50
57
89
119
133
241
241
221
161
131
-3
-39
-140
-156
-120
-97
-49
-43
-44
-23
-12
-14
9
7
-2
5
-5
-8
-24
-21
-39
-44
-28
-7
35
53
59
79
81
99
128
155
235
235
186
130
27
-18
-46
-156
-158
-123
-76
-54
-44
-45
-44
-62
-28
-34
-25
-28
-31
-33
-41
-44
-76
-59
-59
-44
-41
1
20
35
41
52
95
120
185
199
179
127
42
-30
-126
-181
-197
-173
-138
-106
-85
-71
-62
-42
-44
-51
-47
-44
-46
-66
-76
-93
-94
-98
-76
-49
-45
-45
19
23
36
47
83
120
122
203
196
151
115
-12
-41
-146
-170
-163
-129
-85
-67
-34
-43
-42
-28
-30
-20
-23
-18
-25
-33
-33
-55
-34
-49
-51
-55
-7
33
46
63
75
111
129
195
243
232
211
131
115
-28
-46
-138
-124
-108
-71
-44
-39
-45
-12
-7
-3
-14
5
-11
-14
-17
-27
-37
-40
-44
-46
-37
-44
37
44
51
57
67
101
124
211
223
195
148
122
4
-44
-162
-177
-128
-108
-74
-55
-44
-46
-45
-46
-34
-46
-41
-44
-38
-40
-59
-94
-93
-81
-65
-44
-37
-2
22
46
32
49
102
137
190
187
147
135
-15
-50
-166
-204
-178
-153
-114
-61
-45
-69
-44
-44
-55
-37
-44
-39
-44
-46
-69
-79
-105
-74
-66
-44
-44
-12
25
35
43
49
90
131
185
212
206
137
122
-27
-44
-154
-149
-142
-108
-66
-42
-46
-33
-28
-13
-23
-17
-7
-11
-12
-23
-39
-44
-37
-37
-44
2
25
53
71
79
73
101
118
203
235
240
196
114
37
-28
-41
-156
-149
-123
-80
-63
-44
-45
-44
-17
-14
-28
-22
-27
-28
-25
-37
-41
-41
-60
-55
-37
-39
13
35
39
49
65
107
110
182
199
195
137
101
-27
-46
-158
-177
-161
-133
-108
-87
-65
-57
-62
-47
-69
-57
-45
-44
-63
-70
-85
-110
-105
-82
-65
-49
-49
-38
-11
19
37
49
87
137
193
207
183
134
3
-49
-146
-189
-177
-137
-109
-81
-55
-49
-66
-59
-49
-45
-42
-30
-33
-26
-44
-51
-70
-78
-67
-41
-47
8
31
52
66
67
131
130
199
228
209
150
133
-11
-66
-137
-155
-122
-107
-65
-39
-44
-35
-11
-18
-13
-10
-6
-9
-11
-14
-30
-33
-34
-41
-39
-1
30
38
52
66
71
129
129
138
223
223
192
127
31
-30
-63
-157
-151
-136
-94
-61
-45
-42
-47
-41
-47
-42
-28
-28
-37
-42
-44
-51
-73
-97
-62
-33
-44
-11
-6
38
41
23
101
117
191
288
179
129
23
-37
-130
-181
-179
-173
-136
-108
-85
-76
-79
-66
-69
-61
-59
-65
-61
-57
-74
-93
-105
-93
-77
-50
-44
-57
7
25
39
17
87
114
119
215
203
147
131
-12
-39
-129
-173
-166
-123
-93
-62
-45
-37
-39
-39
-39
-38
-41
-26
-22
-28
-44
-44
-54
-49
-34
-40
18
38
47
69
78
99
123
206
239
239
207
150
126
-33
-53
-139
-133
-111
-60
-54
-12
-42
-39
-27
-27
-8
-2
-9
-13
-31
-41
-44
-77
-86
-49
-53
-23
31
52
57
74
79
123
135
227
235
199
143
51
-34
-109
-169
-170
-143
-101
-77
-53
-57
-59
-61
-48
-59
-39
-46
-44
-46
-71
-78
-94
-97
-76
-69
-37
-44
1
20
22
33
57
119
130
212
180
137
115
-25
-53
-182
-192
-175
-149
-115
-76
-64
-73
-69
-63
-48
-53
-45
-42
-44
-61
-76
-81
-85
-83
-66
-35
-40
20
36
51
57
79
103
134
212
229
180
129
31
-28
-120
-165
-156
-109
-82
-69
-53
-51
-38
-44
-37
-37
-23
-11
-14
-28
-28
-37
-45
-73
-63
-27
19
38
52
74
93
110
135
213
245
253
221
137
130
-15
-43
-145
-147
-127
-93
-75
-45
-42
-44
-45
-28
-25
-13
-26
-25
-28
-44
-45
-72
-63
-56
-46
-43
2
30
41
52
55
95
131
212
239
212
139
131
-13
-49
-175
-173
-167
-126
-108
-80
-59
-77
-73
-61
-51
-57
-57
-53
-69
-73
-85
-108
-109
-102
-76
-54
-49
-26
7
33
42
57
99
124
207
202
178
123
10
-34
-141
-178
-175
-159
-117
-81
-62
-57
-59
-63
-55
-44
-42
-24
-25
-34
-34
-98
-86
-76
-62
-46
-47
17
45
67
66
84
124
163
239
257
225
163
126
-19
-49
-140
-149
-124
-79
-57
-44
-42
-23
-12
-14
-13
-12
-12
-11
-23
-28
-30
-49
-39
-41
-12
13
33
52
69
67
89
115
117
238
259
263
178
123
8
-42
-137
-145
-146
-93
-78
-57
-46
-44
-47
-43
-35
-44
-33
-41
-35
-44
-41
-82
-83
-76
-57
-47
-33
20
39
47
48
97
120
120
215
227
175
127
30
-57
-161
-187
-197
-166
-135
-108
-78
-81
-73
-53
-59
-57
-63
-61
-65
-76
-102
-106
-108
-100
-73
-49
-32
-31
17
17
50
63
115
138
227
235
211
142
120
-22
-44
-170
-176
-151
-120
-83
-71
-57
-55
-53
-46
-43
-45
-28
-11
-17
-41
-44
-107
-75
-76
-44
-45
35
52
82
81
101
127
195
253
283
246
180
117
7
-33
-137
-146
-137
-95
-64
-53
-33
-49
-41
-19
-25
-13
0
-13
-17
-28
-43
-47
-62
-61
-43
-37
3
30
49
62
66
94
115
212
243
247
203
124
33
-28
-142
-173
-154
-145
-109
-85
-75
-69
-70
-57
-46
-61
-51
-39
-65
-60
-86
-108
-109
-93
-77
-70
-53
-39
13
31
39
51
102
129
197
212
183
134
-2
-42
-137
-185
-178
-171
-142
-122
-76
-82
-73
-73
-69
-69
-60
-37
-62
-67
-76
-79
-106
-93
-81
-49
-49
-28
11
23
42
52
101
123
214
235
231
175
130
5
-27
-140
-167
-151
-122
-85
-66
-43
-63
-39
-14
-34
-28
-14
-27
-28
-34
-43
-51
-70
-57
-47
-33
20
41
60
89
87
115
131
239
261
256
226
135
111
-28
-48
-156
-155
-124
-97
-74
-45
-43
-44
-51
-47
-51
-23
-43
-28
-37
-35
-44
-76
-78
-55
-43
-46
6
33
49
55
81
126
143
234
235
219
127
71
-28
-101
-172
-179
-169
-127
-109
-81
-73
-77
-78
-76
-64
-54
-69
-61
-75
-93
-103
-112
-99
-77
-70
-40
-45
-3
3
39
52
79
137
191
218
212
162
127
-12
-28
-157
-183
-178
-155
-141
-93
-74
-76
-63
-70
-54
-44
-33
-44
-44
-44
-75
-79
-77
-71
-49
-42
-5
20
47
52
71
97
130
212
248
248
211
138
107
-23
-54
-149
-141
-122
-81
-63
-47
-43
-60
-45
-40
-28
-12
-11
-28
-21
-31
-44
-42
-44
-45
-44
15
19
53
75
75
115
124
203
248
265
212
162
131
-12
-44
-147
-154
-140
-93
-69
-65
-49
-55
-53
-47
-44
-40
-47
-46
-61
-71
-93
-81
-80
-70
-53
-44
-27
25
49
59
70
120
135
193
239
207
142
129
-17
-68
-167
-187
-169
-151
-129
-108
-82
-96
-82
-75
-70
-69
-63
-76
-76
-95
-106
-109
-97
-93
-75
-44
-50
11
31
40
55
84
113
159
235
225
179
137
22
-39
-127
-165
-159
-131
-106
-93
-69
-61
-64
-59
-61
-48
-43
-40
-59
-47
-46
-81
-75
-76
-57
-41
-23
30
42
57
67
93
122
212
256
267
235
169
134
-23
-47
-136
-138
-124
-86
-64
-55
-32
-44
-51
-28
-28
-2
-1
-7
-44
-41
-43
-85
-82
-69
-47
-37
31
39
69
81
110
131
215
246
298
220
151
124
-17
-42
-140
-157
-134
-94
-82
-62
-45
-48
-53
-59
-59
-50
-54
-67
-57
-77
-105
-103
-97
-76
-62
-46
-38
-5
21
39
61
105
127
215
232
207
149
117
-34
-46
-163
-198
-171
-146
-114
-93
-76
-94
-76
-53
-69
-51
-55
-55
-66
-82
-98
-107
-103
-86
-59
-41
-44
20
38
57
56
107
131
239
263
240
182
130
20
-28
-123
-156
-140
-109
-82
-56
-64
-55
-53
-42
-44
-43
-41
-26
-28
-18
-44
-40
-69
-49
-44
-45
18
48
74
84
107
112
152
219
262
277
244
163
115
-7
-44
-139
-145
-124
-94
-53
-49
-44
-42
-44
-43
-43
-37
-34
-7
-39
-49
-81
-73
-76
-67
-44
-65
3
36
36
57
70
131
181
246
259
222
149
120
-27
-49
-157
-171
-149
-128
-96
-81
-76
-77
-79
-101
-76
-66
-63
-67
-85
-108
-111
-126
-112
-97
-61
-44
-44
18
27
52
66
115
117
206
221
201
135
110
-28
-76
-170
-173
-151
-120
-108
-113
-98
-76
-77
-61
-71
-59
-44
-73
-57
-93
-156
-22
-9
-94
-46
-39
-3
25
49
55
88
127
204
244
279
254
189
128
4
-45
-140
-141
-137
-102
-69
-59
-44
-39
-55
-47
-44
-45
-27
-12
-12
-45
-33
-93
-78
-65
-38
-41
33
59
77
102
107
130
213
266
291
259
180
113
14
-41
-135
-156
-149
-108
-101
-76
-60
-54
-55
-48
-51
-61
-44
-56
-59
-71
-95
-96
-81
-76
-53
-46
-37
20
38
51
68
110
137
245
261
244
163
119
-17
-55
-172
-189
-172
-141
-119
-105
-106
-105
-97
-75
-76
-77
-71
-82
-77
-94
-113
-117
-106
-97
-63
-55
-45
7
28
42
83
114
127
243
245
240
185
135
-7
-45
-157
-172
-156
-205
-105
-85
-66
-62
-67
-76
-57
-44
-48
-44
-30
-44
-43
-112
-106
-97
-70
-46
23
43
67
83
110
131
228
299
302
285
206
120
19
-28
-109
-146
-123
-108
-71
-48
-76
-44
-51
-39
-33
-28
-27
-32
-28
-44
-44
-44
-73
-49
-46
-24
21
46
104
81
102
120
227
279
301
275
202
120
-11
-46
-151
-170
-156
-133
-99
-57
-65
-78
-66
-69
-65
-61
-45
-81
-57
-55
-93
-103
-105
-85
-56
-44
-37
16
43
51
74
114
115
229
244
228
157
118
-28
-49
-172
-197
-182
-158
-134
-108
-102
-97
-101
-109
-78
-70
-50
-69
-53
-74
-79
-120
-93
-93
-47
-45
-25
23
47
67
79
106
143
235
258
254
214
120
43
-25
-124
-170
-167
-135
-108
-62
-73
-59
-51
-49
-54
-53
-45
-57
-26
-34
-33
-44
-45
-37
-43
-21
26
39
69
95
112
141
207
273
304
309
246
154
126
-21
-57
-154
-150
-108
-85
-59
-61
-62
-93
-48
-53
-33
-37
-38
-34
-42
-38
-55
-75
-61
-44
-43
25
33
57
84
89
113
130
230
265
271
215
137
55
-34
-139
-172
-181
-162
-124
-108
-101
-93
-77
-93
-76
-69
-69
-67
-59
-76
-82
-93
-97
-79
-75
-47
-45
-18
20
39
50
83
126
183
244
247
205
124
11
-34
-153
-189
-150
-172
-140
-112
-108
-106
-98
-117
-101
-61
-49
-44
-44
-43
-108
-105
-96
-98
-45
-37
11
39
54
75
87
114
131
254
278
283
229
151
101
-28
-123
-165
-165
-138
-98
-77
-76
-66
-54
-57
-49
-37
-44
-49
-33
-28
-30
-40
-42
-41
-33
15
42
56
97
100
117
131
215
271
311
289
227
139
103
-28
-140
-155
-157
-133
-114
-81
-75
-75
-76
-76
-70
-45
-55
-39
-33
-44
-52
-93
-79
-76
-42
-44
15
36
59
75
107
120
205
263
261
243
175
113
-5
-44
-161
-198
-197
-170
-138
-111
-114
-109
-113
-105
-93
-83
-82
-82
-75
-93
-79
-103
-82
-71
-47
-57
-27
26
41
65
90
120
189
259
281
247
180
134
-22
-51
-161
-199
-193
-158
-133
-107
-103
-93
-86
-79
-75
-56
-62
-51
-47
-50
-57
-57
-47
-33
-38
15
27
53
73
99
119
136
248
294
297
262
180
133
7
-45
-143
-161
-149
-119
-93
-59
-66
-69
-60
-57
-39
-42
-28
-37
-26
-15
-28
-42
-44
-37
10
21
52
63
91
107
123
231
276
311
308
239
139
122
-44
-146
-181
-177
-153
-133
-102
-97
-93
-79
-83
-77
-61
-51
-44
-49
-26
-64
-74
-117
-61
-50
-30
4
25
55
57
85
118
165
244
262
247
170
119
-10
-44
-181
-214
-213
-172
-154
-139
-137
-127
-120
-107
-101
-81
-53
-76
-69
-93
-75
-85
-76
-59
-49
-45
-13
21
47
53
91
129
223
273
293
261
171
131
-18
-44
-182
-185
-156
-145
-108
-98
-93
-101
-94
-93
-70
-53
-50
-44
-46
-43
-48
-45
-57
-47
-51
19
37
63
84
115
110
218
282
311
303
244
148
115
-23
-48
-140
-147
-135
-104
-81
-61
-77
-69
-71
-53
-40
-43
-44
-43
-13
-39
-43
-62
-61
-42
-44
16
37
52
69
90
103
178
261
298
297
227
138
30
-42
-146
-190
-178
-150
-124
-113
-111
-108
-101
-101
-79
-73
-59
-54
-60
-71
-86
-99
-98
-102
-69
-47
-49
-1
20
25
63
105
117
244
265
248
169
142
-10
-45
-172
-209
-201
-166
-123
-83
-109
-108
-101
-93
-80
-75
-61
-56
-54
-63
-78
-93
-93
-93
-49
-42
-12
38
52
73
89
120
212
273
307
283
202
139
16
-44
-159
-173
-167
-149
-94
-76
-62
-61
-53
-49
-54
-61
-49
-44
-24
-28
-43
-45
-41
-44
-34
19
50
70
85
109
119
175
262
309
331
290
203
120
7
-41
-150
-165
-150
-109
-81
-69
-59
-65
-65
-67
-57
-49
-42
-43
-28
-38
-44
-41
-57
-57
-44
-37
3
63
63
79
97
131
232
283
297
249
169
120
-27
-49
-174
-202
-189
-162
-128
-105
-109
-104
-93
-86
-79
-49
-63
-57
-65
-78
-97
-109
-96
-70
-42
-42
-33
27
50
53
98
148
182
251
276
232
155
118
-28
-124
-177
-195
-175
-146
-130
-109
-108
-98
-83
-71
-59
-33
-35
-49
-44
-53
-67
-75
-74
-50
-53
-28
33
52
74
84
113
130
244
285
298
251
179
129
-10
-50
-149
-155
-140
-109
-78
-70
-59
-49
-45
-44
-44
-28
-12
-19
-17
-26
-31
-46
-54
-50
3
27
57
78
91
101
115
148
246
303
295
262
180
133
-12
-37
-151
-156
-146
-127
-93
-75
-75
-74
-62
-65
-49
-55
-43
-44
-44
-49
-71
-76
-71
-54
-47
-44
18
27
51
75
101
123
231
276
277
247
146
117
-28
-142
-201
-202
-189
-165
-137
-124
-124
-108
-95
-93
-76
-45
-60
-65
-76
-93
-111
-111
-97
-75
-45
-44
15
23
53
63
85
117
212
258
267
228
148
146
-16
-49
-166
-182
-166
-140
-110
-93
-78
-85
-69
-57
-47
-45
-45
-42
-42
-59
-41
-62
-61
-45
-45
18
39
79
79
90
109
131
247
298
311
255
187
127
5
-44
-137
-147
-136
-113
-86
-66
-57
-55
-45
-46
-54
-33
-5
-13
-28
-41
-41
-44
-51
-19
-41
18
38
67
78
89
117
115
254
286
283
245
158
131
-25
-53
-169
-177
-151
-138
-117
-101
-97
-86
-79
-72
-67
-49
-39
-49
-57
-73
-76
-85
-76
-65
-45
-59
18
39
50
69
90
119
213
244
244
230
134
62
-62
-153
-198
-204
-193
-166
-140
-127
-123
-118
-97
-78
-81
-44
-50
-70
-55
-77
-95
-85
-76
-45
-44
-46
2
37
54
67
90
107
218
263
283
246
171
127
-14
-48
-172
-185
-166
-134
-109
-93
-77
-67
-71
-61
-53
-44
-39
-41
-61
-44
-41
-42
-37
-39
-12
20
47
75
90
101
120
131
227
273
303
267
225
130
46
-39
-142
-141
-149
-137
-106
-77
-98
-65
-67
-52
-57
-47
-51
-43
-28
-36
-44
-41
-45
-44
-43
-5
26
35
53
71
83
113
115
259
279
275
209
131
13
-39
-161
-204
-201
-171
-154
-114
-108
-111
-81
-81
-76
-76
-45
-71
-60
-57
-83
-105
-107
-95
-69
-54
-45
-10
32
38
55
86
138
216
243
243
187
119
-3
-42
-167
-211
-204
-172
-145
-130
-124
-107
-99
-97
-76
-57
-63
-51
-46
-55
-66
-76
-66
-76
-56
-50
10
28
42
67
75
139
131
251
291
290
240
148
113
-37
-107
-177
-170
-150
-117
-93
-68
-69
-61
-56
-57
-40
-53
-44
-17
-17
-27
-38
-46
-42
-31
11
41
67
70
91
103
115
126
230
291
283
261
183
131
-9
-37
-166
-172
-167
-139
-108
-82
-76
-69
-69
-57
-59
-54
-43
-44
-30
-44
-75
-93
-75
-61
-41
-41
21
34
52
63
67
122
148
251
274
248
169
139
0
-47
-189
-215
-209
-174
-141
-133
-117
-105
-105
-93
-94
-76
-66
-69
-77
-77
-77
-103
-93
-85
-59
-51
-27
22
35
73
75
117
132
241
267
248
177
133
-7
-45
-165
-197
-188
-162
-138
-108
-105
-80
-71
-71
-57
-60
-57
-44
-44
-37
-47
-53
-44
-46
-53
-34
33
36
65
68
74
115
131
259
297
308
245
169
120
-23
-51
-167
-164
-135
-105
-79
-64
-57
-43
-44
-57
-44
-28
-7
7
-5
-13
-43
-12
-44
-55
-41
19
35
52
73
84
103
129
235
282
291
267
163
131
-12
-47
-172
-205
-177
-149
-113
-96
-94
-76
-75
-65
-57
-49
-61
-53
-57
-63
-78
-93
-76
-67
-54
-37
-7
35
40
54
59
113
120
232
259
235
167
131
-27
-43
-190
-220
-210
-175
-155
-126
-120
-117
-111
-93
-114
-71
-66
-63
-45
-57
-66
-93
-76
-76
-31
-39
-39
17
42
54
69
84
127
230
276
275
227
143
117
-31
-140
-178
-189
-157
-137
-108
-83
-77
-80
-76
-43
-44
-37
-35
-13
-22
-33
-44
-44
-63
-44
-35
37
46
69
107
102
115
129
244
287
307
279
194
123
-9
-37
-145
-172
-146
-120
-93
-78
-62
-77
-57
-59
-37
-49
-54
-33
-20
-42
-31
-49
-42
-53
-63
-28
20
43
51
40
84
115
123
248
275
261
194
135
25
-57
-151
-191
-193
-173
-140
-118
-113
-99
-93
-71
-71
-77
-63
-54
-49
-61
-85
-94
-106
-97
-67
-53
-47
-15
39
37
42
59
114
131
246
263
218
142
105
-30
-145
-204
-213
-189
-161
-140
-120
-107
-99
-96
-79
-74
-59
-54
-44
-51
-44
-76
-47
-73
-64
-44
-37
24
43
62
65
84
142
151
254
291
267
207
123
23
-53
-142
-176
-162
-142
-108
-93
-76
-70
-57
-57
-44
-46
-41
-13
-7
-12
-25
-28
-45
-37
-33
13
46
52
65
82
90
115
123
263
292
306
259
158
131
-13
-44
-172
-172
-143
-135
-102
-83
-79
-83
-82
-46
-76
-41
-44
-45
-41
-48
-57
-78
-85
-54
-39
-41
20
35
57
75
83
111
127
245
267
240
163
119
-21
-42
-175
-205
-197
-172
-145
-130
-108
-126
-105
-101
-93
-83
-73
-70
-45
-66
-95
-102
-108
-75
-71
-55
-45
20
35
49
57
99
123
228
251
267
227
129
30
-33
-156
-185
-179
-172
-156
-119
-110
-96
-81
-76
-69
-63
-45
-25
-47
-21
-66
-39
-69
-49
-49
-43
11
46
64
79
91
105
119
241
279
306
267
187
123
-5
-49
-145
-170
-149
-111
-93
-73
-69
-54
-49
-45
-49
-44
-25
-33
-21
-17
-40
-41
-47
-45
-33
36
33
66
75
83
95
120
215
274
227
259
283
149
52
-45
-150
-181
-178
-152
-122
-108
-98
-85
-93
-78
-76
-73
-50
-39
-44
-49
-71
-76
-97
-61
-55
-74
-21
20
52
50
50
84
123
209
251
258
213
115
31
-35
-156
-210
-223
-204
-161
-141
-122
-133
-114
-107
-103
-80
-76
-57
-51
-56
-67
-93
-100
-93
-66
-51
-22
9
33
41
51
61
104
133
231
282
265
202
129
15
-47
-159
-197
-187
-153
-124
-108
-101
-81
-75
-70
-47
-51
-46
-33
-17
-44
-42
-39
-76
-61
-44
-26
27
55
73
93
104
118
195
263
311
295
277
170
135
-28
-48
-156
-162
-145
-108
-95
-79
-76
-69
-60
-57
-54
-26
-53
-41
-18
-40
-45
-49
-65
-34
-51
-13
31
52
57
81
86
99
207
260
279
259
179
122
-3
-44
-172
-199
-197
-157
-142
-120
-108
-113
-102
-81
-79
-70
-61
-55
-59
-76
-108
-93
-108
-93
-69
-43
-44
9
20
39
38
72
129
195
257
258
212
137
27
-39
-149
-203
-201
-195
-156
-139
-131
-124
-108
-123
-93
-72
-54
-51
-43
-54
-66
-72
-79
-85
-61
-43
-37
15
35
68
62
83
115
212
283
303
291
212
126
27
-45
-151
-175
-171
-155
-129
-107
-95
-77
-81
-64
-44
-49
-5
7
-33
-25
-49
-53
-87
-69
-42
-23
35
59
84
84
101
129
222
286
311
291
245
148
128
-21
-67
-172
-144
-149
-139
-113
-95
-93
-85
-73
-65
-66
-45
-59
-57
-59
-69
-76
-82
-77
-46
-39
-32
21
37
59
51
100
127
227
285
283
239
169
147
-28
-75
-191
-211
-188
-171
-153
-142
-139
-124
-124
-117
-97
-85
-81
-76
-76
-79
-94
-109
-120
-88
-55
-26
-31
20
53
-14
73
101
130
245
297
244
199
138
-3
-74
-168
-206
-195
-181
-149
-140
-114
-105
-108
-77
-76
-60
-57
-44
-49
-61
-78
-78
-79
-69
-41
-39
13
38
63
84
103
119
228
291
314
305
248
148
111
-31
-99
-160
-172
-136
-108
-101
-79
-77
-76
-74
-63
-45
-45
-42
-37
-44
-37
-44
-56
-53
-42
-51
20
46
71
83
87
118
151
265
307
321
262
163
123
-32
-44
-178
-189
-175
-156
-143
-124
-113
-118
-98
-93
-86
-67
-56
-63
-77
-106
-111
-108
-99
-85
-49
-45
-9
25
41
54
98
123
226
271
285
235
142
129
-33
-139
-207
-222
-197
-178
-173
-153
-143
-141
-140
-129
-108
-85
-86
-71
-69
-102
-106
-117
-109
-93
-54
-43
-31
21
47
59
84
120
206
267
298
279
203
131
20
-43
-140
-181
-181
-150
-135
-111
-108
-105
-102
-93
-73
-69
-44
-42
-45
-54
-57
-113
-75
-71
-44
-47
10
35
67
79
102
123
190
263
314
311
270
183
143
-12
-43
-158
-161
-144
-129
-114
-108
-97
-94
-93
-75
-61
-63
-44
-41
-46
-61
-77
-95
-95
-65
-45
-41
20
38
59
68
89
105
210
279
301
277
211
135
17
-47
-152
-191
-182
-166
-152
-140
-126
-133
-107
-102
-85
-79
-70
-77
-77
-93
-83
-119
-106
-94
-71
-38
-43
7
20
49
55
93
130
227
266
283
232
148
119
-32
-140
-189
-205
-173
-159
-143
-139
-124
-115
-139
-106
-95
-65
-63
-49
-73
-76
-105
-101
-78
-77
-44
-44
21
43
69
75
118
137
243
295
319
285
215
120
14
-40
-149
-183
-213
-124
-131
-108
-109
-106
-85
-57
-49
-44
-55
-5
-12
-49
-44
-69
-83
-65
-51
-1
30
71
83
103
111
123
238
295
318
276
253
155
115
-16
-131
-173
-178
-149
-129
-112
-111
-108
-105
-93
-81
-74
-49
-55
-57
-59
-85
-99
-108
-107
-70
-49
-44
15
36
47
38
85
119
222
271
287
243
165
115
-12
-44
-179
-223
-211
-187
-172
-169
-152
-143
-140
-114
-101
-95
-78
-97
-106
-111
-120
-130
-129
-110
-78
-53
-45
5
36
39
59
94
133
246
279
282
225
137
87
-25
-142
-204
-197
-171
-145
-140
-69
-172
-108
-81
-80
-61
-59
-45
-46
-57
-81
-98
-102
-80
-51
-45
2
52
61
91
95
115
120
247
297
325
293
209
129
34
-31
-129
-159
-140
-133
-97
-98
-82
-86
-76
-69
-44
-50
-41
-54
-10
-47
-41
-79
-95
-73
-57
-44
30
52
73
85
90
115
215
279
313
291
244
147
128
-35
-94
-183
-190
-164
-145
-134
-140
-126
-140
-101
-101
-81
-70
-57
-65
-94
-113
-117
-114
-105
-79
-51
-44
7
14
46
48
67
115
211
265
277
245
163
119
-19
-46
-197
-217
-211
-159
-175
-165
-154
-145
-140
-133
-118
-108
-77
-69
-76
-97
-118
-111
-118
-63
-76
-44
-37
15
45
57
78
127
136
266
307
307
257
159
130
-8
-59
-183
-198
-183
-155
-140
-119
-113
-105
-76
-74
-72
-46
-34
-49
-65
-70
-94
-79
-77
-44
-42
15
40
71
103
113
129
235
297
347
361
315
231
129
35
-38
-135
-172
-146
-140
-122
-119
-118
-113
-94
-74
-57
-62
-51
-51
-45
-44
-85
-103
-101
-74
-50
-41
16
32
70
99
113
127
240
299
319
302
223
115
71
-39
-140
-194
-178
-156
-159
-149
-111
-140
-124
-124
-108
-105
-97
-96
-93
-93
-117
-123
-113
-117
-98
-48
-41
-1
27
54
73
112
123
244
290
290
235
151
127
-28
-47
-183
-206
-185
-181
-157
-145
-158
-131
-124
-108
-111
-73
-76
-66
-69
-97
-130
-107
-108
-78
-44
-37
21
45
65
84
107
131
239
302
325
297
238
139
143
-28
-112
-151
-159
-140
-136
-105
-108
-93
-93
-73
-59
-45
-44
-37
-43
-43
-74
-82
-77
-69
-39
-53
27
41
69
102
115
143
240
305
337
327
271
175
132
-9
-45
-140
-167
-139
-138
-128
-126
-129
-117
-107
-93
-81
-65
-61
-69
-81
-109
-118
-119
-104
-76
-54
-44
15
24
57
87
119
135
261
310
309
259
187
134
-17
-51
-172
-202
-187
-172
-156
-157
-151
-140
-143
-122
-115
-119
-109
-107
-114
-129
-136
-140
-135
-117
-71
-43
-38
25
53
63
99
126
259
303
303
273
199
102
3
-54
-150
-161
-169
-154
-143
-137
-142
-140
-126
-119
-98
-73
-69
-76
-74
-101
-115
-109
-120
-85
-55
-49
-7
51
85
103
119
211
276
326
343
315
239
162
126
-17
-51
-139
-141
-122
-126
-124
-108
-101
-97
-76
-57
-54
-37
-44
-57
-93
-108
-120
-109
-75
-39
-46
21
46
59
95
119
123
243
335
355
339
270
171
134
-25
-44
-156
-162
-157
-149
-138
-140
-135
-139
-119
-108
-106
-85
-78
-97
-113
-124
-145
-137
-124
-105
-57
-49
-33
6
57
84
119
232
302
337
309
232
183
122
-28
-129
-179
-190
-188
-168
-160
-163
-167
-159
-145
-127
-103
-97
-97
-97
-119
-140
-140
-140
-130
-104
-66
-44
-27
36
70
99
135
249
308
340
335
281
199
135
-4
-41
-140
-162
-159
-155
-146
-136
-141
-124
-101
-93
-76
-63
-73
-66
-94
-99
-117
-110
-97
-70
-44
-41
17
61
84
115
124
255
317
371
372
323
232
143
127
-35
-108
-156
-151
-145
-120
-122
-118
-113
-108
-86
-83
-73
-59
-66
-71
-95
-111
-68
-118
-95
-47
-47
-28
42
67
102
119
244
301
355
351
293
210
131
15
-42
-153
-172
-165
-172
-165
-158
-158
-157
-140
-135
-113
-107
-93
-105
-115
-140
-140
-152
-140
-124
-93
-57
-38
-27
23
65
115
131
275
338
339
289
191
113
-11
-46
-166
-192
-187
-185
-165
-158
-166
-174
-149
-123
-117
-82
-77
-83
-119
-140
-147
-160
-150
-146
-76
-53
-47
36
67
114
141
251
341
379
374
325
225
139
20
-47
-135
-151
-145
-142
-137
-123
-110
-123
-109
-94
-77
-69
-73
-56
-110
-95
-106
-101
-98
-79
-53
-53
21
54
85
129
120
287
370
403
390
326
239
132
25
-44
-143
-172
-157
-153
-139
-133
-134
-123
-105
-105
-76
-102
-71
-93
-108
-122
-140
-156
-140
-124
-78
-47
-44
26
59
104
127
266
340
373
359
291
183
131
-17
-53
-161
-149
-171
-181
-157
-161
-165
-155
-141
-138
-123
-108
-113
-119
-109
-153
-172
-165
-154
-134
-94
-63
-48
5
43
88
133
265
335
372
362
292
191
129
-28
-43
-165
-185
-171
-167
-161
-165
-154
-141
-153
-119
-77
-76
-41
-69
-112
-146
-157
-154
-155
-108
-67
-43
21
52
85
120
209
318
381
407
378
307
197
120
-13
-49
-141
-140
-136
-123
-108
-119
-103
-103
-95
-76
-57
-69
-66
-65
-79
-102
-123
-123
-97
-79
-45
-43
9
52
87
115
162
283
379
415
383
310
212
133
-7
-44
-150
-170
-166
-170
-162
-149
-145
-129
-120
-108
-93
-83
-95
-97
-120
-131
-155
-166
-129
-108
-79
-44
-46
32
71
115
212
305
358
377
342
255
151
122
-28
-162
-182
-194
-177
-176
-171
-175
-172
-167
-156
-139
-117
-140
-28
-126
-149
-154
-162
-154
-141
-93
-65
-49
-34
24
75
115
227
325
373
372
353
276
170
129
-32
-95
-163
-172
-167
-157
-152
-158
-150
-140
-124
-85
-45
-46
-43
-73
-109
-145
-157
-150
-137
-78
-49
-37
25
82
117
136
293
419
419
447
371
279
165
110
-12
-66
-146
-140
-122
-134
-118
-119
-115
-117
-93
-71
-70
-81
-75
-102
-124
-155
-137
-123
-101
-63
-34
-1
43
78
110
131
281
375
419
415
353
262
126
11
-57
-162
-174
-172
-167
-165
-149
-155
-162
-157
-124
-101
-78
-79
-102
-119
-154
-174
-173
-172
-155
-111
-55
-41
2
50
103
119
291
340
402
387
295
199
130
-11
-39
-173
-206
-194
-183
-177
-181
-129
-163
-156
-129
-108
-108
-109
-132
-139
-156
-166
-167
-141
-108
-73
-44
-42
41
69
111
131
309
387
419
405
323
225
139
-7
-44
-151
-173
-170
-147
-158
-149
-149
-140
-105
-109
-78
-77
-70
-76
-79
-120
-131
-137
-117
-77
-43
-45
34
74
114
135
265
355
419
463
419
347
232
135
-9
-45
-143
-135
-156
-151
-149
-149
-141
-120
-107
-93
-76
-80
-44
-101
-115
-127
-146
-137
-135
-79
-44
-42
17
54
86
122
149
315
383
407
387
309
190
129
-28
-63
-172
-195
-188
-181
-158
-173
-177
-168
-165
-140
-109
-118
-98
-118
-137
-163
-166
-160
-161
-124
-76
-44
-45
21
63
91
138
277
372
405
374
265
201
135
-19
-55
-155
-195
-199
-190
-193
-188
-189
-171
-140
-124
-113
-101
-93
-106
-124
-140
-142
-149
-123
-95
-49
-48
25
56
81
115
124
302
382
419
407
338
223
127
17
-30
-145
-162
-161
-157
-153
-156
-141
-158
-145
-86
-27
-70
-69
-66
-97
-109
-107
-114
-93
-75
-66
-28
41
84
102
118
119
267
358
415
419
371
286
176
124
-41
-137
-177
-183
-167
-172
-155
-149
-143
-142
-128
-97
-103
-79
-83
-98
-124
-135
-130
-131
-108
-73
-46
-41
22
54
83
103
171
303
377
403
367
251
175
124
-30
-156
-188
-204
-202
-210
-202
-195
-190
-167
-157
-140
-124
-83
-104
-117
-143
-157
-165
-158
-140
-122
-63
-46
9
36
71
100
139
283
372
411
404
311
211
129
-42
-40
-168
-177
-174
-182
-177
-177
-172
-156
-138
-109
-97
-77
-72
-94
-95
-122
-139
-124
-110
-72
-49
-31
24
59
98
118
213
315
395
459
419
367
271
162
118
-31
-123
-149
-149
-142
-145
-141
-149
-130
-113
-105
-71
-61
-59
-59
-80
-109
-122
-120
-105
-44
-42
-76
36
73
101
115
129
266
355
409
419
387
289
182
124
-28
-139
-177
-183
-170
-165
-171
-175
-187
-156
-140
-113
-108
-109
-98
-107
-137
-145
-142
-140
-119
-93
-50
-41
19
49
66
113
142
283
361
391
367
301
191
143
-23
-120
-191
-204
-215
-191
-204
-204
-201
-175
-141
-135
-114
-106
-106
-107
-120
-127
-150
-145
-135
-94
-55
-39
20
43
84
122
147
301
387
419
406
338
231
127
1
-45
-153
-173
-172
-159
-156
-162
-161
-149
-120
-101
-78
-44
-73
-69
-95
-113
-120
-118
-108
-65
-44
-25
52
83
110
122
218
308
394
451
453
393
267
163
115
-28
-119
-155
-157
-149
-155
-163
-159
-144
-130
-118
-105
-76
-66
-64
-96
-111
-128
-137
-124
-85
-57
-46
9
37
77
113
133
257
338
395
415
361
276
167
154
-31
-137
-172
-174
-189
-230
-198
-236
-183
-172
-155
-130
-122
-106
-103
-115
-140
-157
-172
-156
-151
-106
-65
-43
-37
35
78
100
134
275
355
391
369
299
195
115
-17
-44
-165
-193
-179
-197
-179
-193
-186
-171
-140
-117
-113
-94
-99
-93
-108
-133
-151
-140
-120
-97
-60
-55
8
44
75
113
131
273
359
407
419
370
279
169
146
-18
-83
-155
-159
-156
-155
-161
-153
-140
-113
-101
-81
-46
-45
-57
-73
-104
-93
-37
-129
-44
-47
-33
21
51
123
103
128
223
314
389
419
385
322
217
130
6
-44
-155
-170
-162
-156
-168
-158
-162
-153
-139
-119
-101
-86
-82
-97
-108
-137
-141
-143
-124
-101
-59
-42
-24
39
63
79
117
212
308
361
383
340
244
148
97
-42
-156
-184
-189
-204
-205
-205
-186
-188
-156
-140
-141
-120
-105
-119
-133
-151
-153
-165
-156
-140
-97
-49
-44
11
51
59
100
120
265
340
379
378
308
212
118
3
-45
-157
-179
-189
-175
-170
-173
-174
-151
-138
-130
-110
-82
-76
-63
-93
-95
-131
-120
-114
-81
-51
-42
22
67
83
101
123
271
363
419
419
379
291
180
127
-13
-31
-225
-149
-140
-140
-151
-151
-143
-123
-113
-86
-62
-62
-54
-70
-105
-124
-111
-113
-95
-62
-33
1
52
79
98
105
119
297
370
418
403
335
213
131
-21
-41
-165
-179
-190
-174
-173
-178
-171
-173
-146
-143
-124
-107
-104
-94
-109
-130
-147
-149
-138
-113
-78
-47
-43
33
55
75
115
139
297
367
379
341
259
151
123
-37
-156
-197
-217
-202
-206
-204
-204
-197
-172
-149
-133
-110
-101
-101
-109
-109
-110
-145
-131
-135
-86
-54
-51
27
51
81
90
118
247
341
401
390
350
251
151
115
-37
-140
-165
-174
-173
-172
-157
-167
-153
-126
-119
-108
-70
-59
-76
-62
-75
-105
-113
-106
-76
-41
-47
31
69
99
107
111
227
310
387
419
414
340
235
139
53
-50
-140
-161
-169
-166
-171
-170
-170
-140
-140
-108
-86
-77
-63
-55
-101
-98
-119
-119
-124
-108
-56
-46
-28
35
56
83
115
167
310
384
403
369
265
175
129
-37
-146
-194
-201
-191
-189
-193
-187
-179
-172
-153
-149
-113
-113
-102
-115
-142
-130
-159
-160
-153
-115
-45
-41
-47
17
67
67
117
227
312
378
374
329
244
142
52
-44
-163
-191
-213
-193
-207
-204
-186
-182
-157
-144
-115
-98
-82
-76
-83
-108
-119
-137
-134
-133
-76
-46
-41
28
65
99
113
127
285
371
413
399
339
239
143
39
-43
-140
-167
-153
-155
-162
-157
-149
-133
-117
-107
-78
-55
-59
-45
-55
-78
-97
-97
-99
-77
-39
-38
27
59
87
87
115
149
303
377
419
394
310
217
120
-12
-55
-165
-173
-167
-173
-170
-171
-172
-149
-108
-120
-101
-94
-73
-76
-95
-111
-122
-131
-133
-97
-76
-27
-28
27
47
66
111
122
287
356
379
345
264
169
124
-31
-151
-194
-206
-194
-197
-203
-205
-203
-173
-173
-138
-127
-117
-103
-117
-133
-142
-155
-138
-122
-103
-69
-43
-27
39
63
79
114
217
309
371
373
333
235
131
122
-28
-140
-183
-181
-172
-193
-172
-172
-162
-145
-133
-115
-95
-69
-73
-65
-93
-113
-124
-108
-93
-42
-50
-21
45
79
97
115
133
291
371
419
419
340
245
151
127
-37
-124
-146
-143
-141
-150
-146
-161
-140
-129
-117
-98
-77
-73
-44
-76
-93
-105
-107
-102
-69
-55
-44
20
42
65
83
95
120
244
340
386
372
320
228
138
27
-49
-141
-187
-183
-178
-197
-185
-187
-171
-157
-129
-110
-101
-97
-87
-104
-127
-137
-149
-117
-117
-83
-53
-45
20
31
52
74
118
262
319
363
347
276
180
147
-17
-56
-179
-193
-205
-191
-199
-205
-199
-175
-158
-165
-118
-108
-97
-78
-98
-108
-135
-124
-118
-93
-57
-42
-28
43
65
75
99
131
251
343
383
372
314
223
133
8
-49
-142
-172
-173
-159
-158
-165
-149
-134
-97
-103
-78
-57
-54
-53
-57
-76
-85
-93
-76
-55
-45
-33
49
71
85
106
120
214
305
383
398
377
317
209
117
-6
-49
-152
-161
-163
-144
-160
-173
-161
-142
-129
-120
-103
-103
-72
-76
-78
-95
-110
-118
-97
-75
-50
-44
20
52
62
67
89
115
257
339
359
339
276
175
115
-12
-49
-179
-204
-193
-205
-205
-203
-194
-179
-154
-139
-134
-117
-94
-82
-105
-129
-143
-145
-124
-117
-61
-71
-47
24
47
65
91
130
255
329
359
338
269
178
130
-28
-54
-177
-186
-181
-187
-188
-185
-170
-158
-137
-109
-108
-82
-71
-53
-70
-94
-105
-110
-97
-73
-43
-44
25
66
79
91
114
127
289
363
397
362
303
211
130
-1
-41
-135
-151
-149
-152
-142
-150
-138
-117
-103
-70
-65
-45
-43
-47
-45
-63
-70
-93
-83
-66
-22
-39
35
54
84
86
107
135
277
351
379
359
295
197
131
-9
-31
-151
-172
-174
-172
-167
-172
-172
-151
-135
-123
-77
-80
-69
-79
-78
-105
-119
-124
-118
-95
-61
-47
-37
27
47
39
67
115
180
299
339
345
276
190
131
-17
-44
-172
-197
-210
-201
-199
-192
-191
-167
-141
-137
-124
-101
-86
-76
-94
-107
-112
-141
-129
-124
-78
-54
-44
20
43
54
72
122
234
325
363
355
299
207
139
18
-44
-143
-168
-159
-157
-172
-181
-155
-138
-134
-76
-111
-79
-61
-44
-57
-82
-78
-95
-76
-57
-39
-44
57
59
84
97
111
118
261
345
394
397
346
239
163
120
-44
-124
-139
-148
-151
-143
-113
-155
-142
-127
-117
-99
-73
-50
-57
-62
-76
-114
-123
-109
-85
-63
-43
-25
35
67
73
84
115
227
307
367
353
307
219
127
20
-37
-157
-177
-187
-189
-183
-181
-183
-176
-158
-145
-138
-129
-97
-101
-99
-123
-130
-147
-140
-124
-97
-51
-41
-19
37
51
71
110
195
303
351
331
286
195
127
-12
-44
-140
-187
-183
-178
-187
-204
-191
-171
-157
-137
-119
-100
-99
-76
-75
-101
-110
-111
-109
-105
-57
-37
-23
43
66
73
93
135
259
331
361
371
308
226
145
53
-34
-122
-150
-153
-154
-151
-161
-153
-147
-115
-105
-82
-57
-54
-57
-49
-45
-76
-83
-76
-65
-47
-44
34
70
85
87
129
135
277
358
375
359
303
195
135
20
-44
-106
-155
-153
-170
-173
-172
-172
-153
-149
-130
-110
-107
-81
-61
-84
-83
-110
-105
-105
-85
-46
-47
-31
31
53
65
95
131
243
308
355
323
263
180
130
-12
-55
-165
-193
-190
-186
-201
-204
-203
-194
-172
-155
-135
-123
-103
-94
-113
-145
-127
-124
-135
-97
-63
-43
-30
39
52
57
102
137
248
325
347
340
262
170
115
-28
-49
-158
-167
-159
-172
-171
-172
-169
-149
-137
-124
-112
-93
-69
-66
-60
-81
-93
-105
-72
-59
-42
-31
31
78
84
106
137
234
326
394
394
358
279
199
126
2
-43
-124
-142
-134
-139
-145
-165
-144
-142
-109
-98
-76
-59
-59
-76
-69
-82
-99
-97
-75
-57
-44
-9
41
75
90
103
130
266
340
383
372
308
219
131
37
-38
-137
-151
-157
-173
-175
-191
-183
-172
-169
-153
-135
-118
-93
-74
-86
-97
-110
-120
-112
-103
-82
-60
-44
21
39
63
80
129
228
323
378
327
276
179
127
-27
-44
-169
-194
-187
-193
-205
-204
-175
-175
-190
-135
-130
-119
-98
-76
-99
-111
-109
-115
-120
-86
-51
-44
-11
46
67
87
123
228
313
372
372
335
251
160
127
-21
-51
-142
-151
-146
-149
-160
-156
-151
-124
-126
-120
-94
-67
-55
-45
-60
-49
-70
-97
-65
-45
-44
13
59
63
102
107
214
313
384
404
373
335
230
135
52
-43
-133
-157
-147
-153
-169
-168
-157
-156
-128
-123
-111
-76
-67
-53
-76
-76
-105
-109
-110
-97
-61
-37
-19
51
57
97
131
228
322
374
371
313
225
145
115
-31
-140
-165
-160
-165
-175
-189
-198
-188
-172
-158
-152
-142
-117
-111
-82
-106
-124
-113
-122
-122
-98
-70
-44
-44
31
50
77
120
245
317
371
331
267
190
133
-10
-45
-156
-172
-177
-165
-172
-185
-183
-166
-159
-129
-131
-97
-78
-69
-74
-81
-108
-108
-114
-77
-55
-51
-14
53
73
94
115
214
305
372
393
359
278
178
131
-6
-45
-122
-129
-130
-134
-141
-140
-142
-124
-114
-102
-66
-65
-73
-49
-41
-37
-63
-70
-67
-53
-46
-30
31
59
87
101
133
251
339
372
375
323
237
151
120
-28
-44
-138
-141
-153
-162
-159
-167
-156
-147
-137
-123
-105
-76
-69
-71
-94
-102
-107
-115
-94
-79
-44
-51
25
46
68
100
134
276
338
359
319
251
155
127
-17
-44
-169
-181
-160
-179
-183
-201
-188
-175
-161
-157
-138
-120
-95
-101
-108
-105
-101
-107
-109
-99
-81
-12
-30
24
40
66
118
227
314
366
363
309
212
131
65
-27
-124
-147
-145
-143
-157
-165
-167
-162
-141
-137
-111
-59
-76
-62
-50
-59
-73
-78
-76
-70
-55
-49
-11
43
90
95
115
218
310
377
411
372
305
207
131
17
-44
-97
-122
-117
-117
-143
-150
-141
-136
-117
-105
-107
-76
-66
-51
-69
-63
-70
-71
-75
-61
-34
-42
20
57
71
99
129
234
319
371
369
310
235
139
124
-30
-95
-143
-158
-150
-165
-172
-183
-186
-160
-140
-140
-120
-107
-107
-93
-86
-108
-107
-137
-108
-70
-59
-49
5
38
57
95
126
246
337
341
319
243
155
137
-18
-44
-157
-166
-163
-172
-188
-191
-199
-188
-186
-129
-102
-83
-82
-78
-103
-107
-114
-109
-102
-76
-44
-47
14
51
69
110
145
254
341
370
371
315
222
139
117
-41
-34
-126
-133
-140
-143
-153
-143
-157
-138
-117
-113
-82
-78
-53
-51
-53
-57
-60
-55
-41
-45
11
27
65
95
105
118
155
287
359
390
372
321
212
130
21
-34
-108
-123
-140
-149
-145
-149
-159
-168
-147
-140
-108
-86
-69
-57
-63
-65
-85
-79
-76
-69
-49
-44
-5
36
70
86
119
201
291
355
359
305
244
149
126
-33
-53
-156
-166
-172
-175
-204
-199
-191
-178
-170
-163
-143
-126
-108
-101
-107
-108
-109
-107
-105
-97
-63
-39
-30
36
66
74
122
231
323
355
341
295
195
119
17
-44
-130
-169
-172
-166
-172
-178
-189
-176
-190
-141
-124
-103
-81
-74
-74
-75
-75
-75
-77
-57
-44
-40
18
43
65
100
115
120
274
347
376
346
291
202
124
39
-28
-86
-131
-136
-141
-126
-150
-156
-146
-123
-109
-81
-73
-59
-45
-45
-17
-53
-60
-59
-44
-53
-12
35
62
84
105
120
232
323
373
372
331
246
153
127
-25
-44
-156
-140
-140
-145
-164
-172
-172
-165
-158
-141
-117
-93
-76
-65
-75
-80
-95
-93
-83
-69
-53
-35
20
45
66
91
119
212
293
341
323
277
182
131
-1
-49
-145
-173
-190
-178
-192
-207
-215
-203
-181
-165
-145
-133
-108
-95
-95
-78
-107
-103
-85
-95
-63
-41
-44
21
49
59
111
131
263
338
357
327
248
155
123
-12
-54
-138
-147
-139
-143
-151
-169
-172
-158
-137
-123
-108
-79
-67
-41
-49
-69
-61
-75
-57
-54
-45
-11
32
66
82
100
133
258
345
403
379
327
238
157
127
-14
-44
-113
-123
-111
-137
-151
-165
-156
-153
-118
-101
-61
-44
-39
-44
-75
-93
-105
-93
-74
-59
-42
-30
22
65
67
107
169
301
358
371
337
251
151
143
-28
-56
-141
-151
-141
-149
-171
-175
-204
-163
-135
-146
-146
-147
-98
-93
-96
-109
-70
-108
-76
-85
-64
-46
-44
20
42
69
120
179
289
339
324
279
194
123
26
-44
-129
-159
-162
-155
-174
-187
-179
-171
-172
-159
-149
-117
-112
-85
-101
-84
-109
-106
-98
-74
-57
-41
-41
10
34
73
117
177
308
371
378
350
270
180
135
-9
-43
-117
-129
-133
-145
-157
-147
-158
-141
-126
-108
-95
-82
-57
-53
-55
-57
-71
-74
-69
-28
-44
5
46
85
99
115
147
286
372
393
363
303
212
131
55
-39
-49
-127
-120
-126
-141
-157
-156
-158
-140
-140
-118
-101
-83
-66
-85
-78
-101
-93
-78
-96
-49
-44
-33
23
51
82
122
232
310
373
372
328
231
149
119
-33
-117
-145
-170
-181
-181
-192
-203
-189
-183
-169
-154
-149
-134
-122
-117
-120
-120
-120
-124
-130
-99
-76
-44
-44
36
70
137
130
295
363
369
338
244
148
98
-27
-49
-140
-157
-151
-158
-177
-187
-200
-172
-170
-151
-124
-111
-97
-94
-98
-108
-103
-107
-85
-73
-45
-44
43
59
82
115
135
308
370
404
377
305
219
143
89
-28
-44
-111
-137
-129
-143
-165
-152
-146
-135
-123
-122
-83
-73
-53
-61
-54
-69
-73
-65
-65
-40
-59
15
55
78
105
135
267
351
398
383
322
234
163
124
-26
-49
-133
-135
-146
-157
-169
-172
-189
-178
-157
-140
-117
-112
-93
-76
-105
-103
-108
-97
-98
-82
-49
-25
-23
43
83
111
227
308
367
371
319
223
127
52
-20
-133
-156
-141
-170
-176
-198
-216
-203
-206
-183
-168
-156
-139
-108
-108
-131
-113
-107
-108
-98
-75
-44
-44
-12
47
79
103
209
305
372
379
339
257
178
127
-12
-42
-124
-142
-135
-153
-167
-193
-179
-171
-145
-140
-118
-102
-78
-59
-59
-71
-78
-78
-55
-44
-33
10
39
73
103
122
206
309
383
411
388
309
193
151
118
-21
-50
-108
-124
-124
-149
-154
-165
-165
-149
-127
-117
-93
-78
-66
-54
-59
-53
-67
-63
-53
-37
-45
1
42
75
97
130
244
311
349
367
340
239
150
133
-25
-50
-137
-155
-161
-170
-173
-197
-190
-175
-161
-147
-137
-124
-105
-93
-113
-107
-109
-119
-97
-81
-75
-44
-38
18
50
90
131
258
331
347
319
244
149
130
-13
-49
-133
-159
-160
-171
-175
-200
-189
-191
-157
-165
-149
-127
-113
-93
-86
-97
-94
-97
-85
-73
-44
-44
-21
45
95
93
118
249
327
369
363
309
223
142
123
-10
-37
-140
-137
-141
-150
-157
-172
-157
-145
-137
-111
-83
-77
-59
-49
-43
-46
-41
-47
-47
-44
-42
27
61
83
103
120
243
329
387
393
355
275
174
131
1
-48
-113
-140
-133
-143
-163
-170
-172
-172
-151
-140
-115
-85
-76
-70
-63
-69
-72
-81
-74
-55
-39
-40
18
42
65
98
118
247
333
355
343
278
187
127
3
-45
-135
-169
-162
-181
-189
-191
-205
-204
-197
-181
-159
-137
-133
-105
-93
-108
-108
-113
-110
-75
-78
-43
-39
21
55
72
105
146
279
355
341
303
223
134
83
-28
-117
-156
-169
-165
-165
-181
-193
-189
-174
-151
-167
-126
-103
-77
-76
-85
-74
-73
-69
-69
-51
-44
-5
20
67
94
119
129
282
347
373
346
287
200
123
21
-39
-103
-124
-129
-126
-140
-154
-156
-157
-154
-135
-133
-78
-71
-49
-49
-49
-54
-48
-47
-44
-44
-16
37
66
84
115
138
267
340
355
372
321
216
146
56
-28
-109
-140
-140
-157
-159
-182
-193
-175
-183
-165
-153
-124
-117
-96
-87
-79
-82
-82
-78
-79
-65
-45
-43
19
50
68
114
137
271
335
372
307
228
138
109
-33
-138
-166
-185
-172
-190
-206
-216
-210
-204
-199
-178
-138
-140
-99
-107
-98
-93
-85
-94
-77
-57
-46
-41
-1
43
67
110
133
269
343
383
339
276
177
131
-3
-44
-129
-139
-137
-162
-171
-199
-185
-174
-149
-154
-133
-105
-85
-77
-62
-59
-53
-57
-53
-55
-45
5
35
70
91
113
131
254
346
395
383
340
248
163
123
-12
-44
-129
-123
-122
-141
-156
-158
-165
-161
-158
-133
-106
-87
-55
-49
-46
-47
-71
-50
-46
-45
-45
-13
26
46
70
113
127
305
355
379
340
265
164
127
-25
-31
-138
-162
-168
-177
-193
-204
-204
-193
-176
-165
-150
-140
-85
-80
-93
-102
-83
-101
-99
-78
-61
-51
-45
-1
49
67
120
131
293
335
319
278
186
129
27
-43
-143
-161
-167
-173
-191
-207
-211
-197
-205
-183
-154
-133
-108
-76
-62
-66
-62
-61
-74
-57
-49
-45
-33
23
63
77
101
127
271
339
373
337
278
193
135
8
-33
-115
-143
-138
-137
-157
-172
-171
-162
-145
-112
-103
-85
-62
-44
-44
-44
-55
-32
-43
-41
-32
10
36
52
84
99
119
225
319
373
372
335
248
169
127
-21
-51
-137
-143
-145
-149
-149
-170
-159
-143
-142
-129
-105
-82
-70
-55
-49
-63
-69
-76
-61
-64
-44
-45
20
53
63
83
127
244
311
347
327
251
171
124
5
-44
-143
-160
-172
-171
-185
-198
-207
-205
-193
-175
-155
-138
-109
-82
-83
-93
-96
-101
-105
-94
-76
-49
-43
-33
30
47
117
129
259
327
343
310
244
147
115
-23
-38
-147
-157
-145
-159
-179
-190
-187
-175
-157
-140
-122
-93
-73
-51
-51
-49
-51
-57
-47
-50
-45
-39
22
52
59
96
115
228
322
379
371
319
244
177
131
-25
-47
-109
-120
-111
-134
-145
-160
-165
-136
-109
-87
-51
-45
-50
-44
-57
-37
-26
-51
-57
-43
-51
-3
32
52
83
118
131
279
363
383
340
291
195
130
17
-39
-105
-124
-140
-152
-167
-181
-182
-170
-155
-142
-127
-108
-79
-60
-57
-71
-67
-74
-77
-76
-61
-45
-53
7
42
52
85
120
255
323
339
302
219
148
122
-23
-45
-158
-181
-171
-181
-201
-205
-204
-175
-179
-167
-140
-123
-85
-57
-57
-65
-73
-93
-97
-73
-49
-44
-44
23
33
75
107
231
324
363
355
306
210
135
87
-41
-55
-149
-146
-169
-156
-177
-172
-170
-143
-134
-108
-93
-65
-45
-37
-41
-41
-46
-44
-44
-47
-41
15
46
77
103
124
241
323
372
388
354
279
191
133
8
-43
-83
-117
-112
-126
-149
-159
-187
-142
-135
-114
-95
-76
-57
-44
-53
-44
-44
-47
-44
-41
-39
-41
5
42
56
91
129
275
351
372
320
283
181
136
6
-41
-134
-149
-157
-167
-181
-201
-194
-187
-170
-157
-138
-111
-93
-75
-93
-74
-81
-93
-93
-79
-63
-55
-43
-27
35
57
133
197
305
329
339
279
175
133
23
-50
-127
-157
-159
-173
-185
-194
-193
-198
-172
-162
-133
-120
-93
-70
-78
-60
-69
-61
-69
-53
-53
-44
-28
35
51
85
120
212
302
369
373
322
262
163
143
-5
-45
-115
-133
-129
-153
-162
-170
-155
-146
-135
-108
-93
-61
-37
-49
-37
-25
-34
-45
-37
-26
-8
36
42
72
94
113
124
287
372
399
355
307
209
122
23
-37
-94
-135
-130
-140
-158
-189
-185
-172
-157
-155
-113
-94
-61
-50
-45
-40
-57
-49
-59
-61
-44
-38
9
36
67
84
120
237
312
359
345
285
207
131
36
-23
-126
-151
-175
-190
-195
-209
-213
-214
-189
-189
-169
-140
-113
-82
-70
-80
-74
-66
-80
-76
-61
-44
-46
-5
42
63
115
130
299
356
351
299
230
158
131
-18
-44
-150
-169
-157
-175
-205
-197
-189
-182
-156
-124
-109
-93
-59
-44
-43
-53
-44
-44
-40
-42
-14
-9
26
69
99
126
246
340
405
419
361
276
180
129
1
-42
-108
-117
-127
-147
-156
-172
-172
-165
-142
-111
-94
-62
-42
-54
-23
-26
-34
-31
-28
-33
-22
10
39
77
95
115
126
279
361
404
363
291
202
135
15
-44
-140
-155
-152
-175
-173
-201
-193
-185
-156
-151
-139
-102
-82
-49
-43
-47
-45
-62
-61
-48
-44
-45
-9
35
61
85
114
138
307
343
330
271
195
134
19
-30
-143
-173
-193
-203
-195
-221
-226
-214
-198
-175
-151
-122
-108
-69
-57
-57
-86
-63
-67
-61
-47
-44
-43
11
59
62
107
131
276
323
347
319
245
167
127
-5
-39
-129
-155
-153
-171
-175
-184
-183
-172
-145
-117
-101
-69
-47
-39
-50
-42
-31
-28
-32
-23
-1
9
33
57
99
111
129
237
313
363
372
325
247
165
133
-9
-38
-124
-141
-134
-158
-162
-161
-161
-145
-136
-115
-78
-60
-37
-39
-35
-28
-30
-39
-55
-48
-28
3
52
65
89
119
215
295
343
357
299
225
138
115
-23
-50
-156
-172
-170
-189
-218
-204
-204
-197
-162
-140
-129
-105
-79
-75
-64
-61
-55
-53
-70
-61
-47
-46
-41
27
59
83
131
230
293
321
307
243
147
131
-13
-44
-169
-172
-176
-178
-193
-213
-206
-209
-175
-172
-143
-102
-76
-57
-55
-49
-34
-46
-44
-39
-50
-12
20
43
78
99
115
130
279
344
358
309
245
151
124
-5
-43
-130
-140
-165
-159
-169
-175
-158
-146
-124
-108
-76
-57
-48
-33
-7
-13
-33
-44
-13
-6
7
28
62
83
102
144
157
278
351
369
337
273
190
115
20
-33
-124
-140
-145
-150
-172
-182
-174
-171
-158
-140
-108
-85
-61
-15
-43
-28
-44
-28
-50
-31
-28
-10
20
50
70
75
115
134
263
323
325
283
205
134
67
-35
-120
-165
-181
-193
-201
-210
-213
-214
-202
-176
-157
-86
-103
-82
-65
-66
-64
-63
-76
-69
-50
-44
-43
11
33
63
94
118
232
302
311
293
244
146
132
-27
-44
-153
-172
-177
-171
-179
-182
-187
-169
-151
-139
-127
-97
-78
-54
-43
-55
-41
-38
-37
-41
-37
-6
34
52
81
101
129
224
309
346
346
303
225
147
133
-10
-45
-115
-128
-124
-140
-163
-161
-151
-140
-124
-102
-65
-48
-39
-37
-28
-25
-17
-31
-31
-35
-13
21
47
67
85
105
137
244
307
342
319
263
195
122
21
-35
-166
-149
-156
-157
-167
-174
-174
-165
-141
-139
-126
-93
-61
-49
-44
-45
-37
-61
-66
-60
-44
-41
-30
21
42
62
72
111
225
279
306
276
203
133
72
-16
-61
-172
-178
-177
-186
-199
-204
-209
-193
-174
-157
-134
-108
-73
-49
-61
-54
-69
-73
-76
-70
-49
-42
7
37
50
84
115
130
266
311
339
271
203
133
35
-30
-41
-141
-141
-154
-156
-172
-165
-160
-139
-127
-107
-86
-57
-59
-45
-28
-28
-13
-17
-25
-11
3
35
50
84
103
127
124
258
315
358
338
287
195
134
52
-33
-39
-124
-130
-133
-145
-165
-156
-153
-124
-108
-85
-67
-42
-44
-44
-26
-37
-35
-37
-37
-28
-5
15
51
68
78
105
127
244
319
318
291
213
138
117
-27
-51
-143
-156
-173
-172
-183
-174
-175
-169
-167
-140
-120
-93
-74
-66
-63
-53
-76
-78
-73
-76
-53
-46
-30
23
41
69
118
171
272
325
283
228
149
133
-12
-57
-140
-165
-161
-170
-166
-181
-156
-172
-171
-140
-122
-103
-55
-71
-49
-44
-49
-56
-49
-44
-45
-44
14
37
62
83
118
133
246
315
327
282
227
149
120
-11
-47
-111
-129
-123
-123
-144
-141
-140
-140
-133
-107
-73
-49
-44
-41
-12
-14
-21
-28
10
-15
-1
23
46
71
103
107
124
235
294
337
323
277
190
138
83
-28
-44
-122
-140
-133
-143
-160
-157
-178
-153
-131
-108
-76
-60
-41
-56
-44
-47
-47
-45
-46
-49
-44
-37
19
39
59
87
133
225
286
311
270
229
142
122
-12
-46
-152
-168
-173
-177
-201
-177
-197
-192
-169
-157
-124
-103
-76
-71
-62
-62
-67
-81
-93
-78
-45
-42
-13
27
48
73
109
130
235
289
281
251
180
129
26
-28
-53
-150
-166
-161
-149
-172
-165
-163
-140
-139
-122
-85
-76
-44
-45
-44
-50
-44
-56
-37
-43
-28
3
26
59
86
119
135
231
296
340
311
273
186
137
57
-28
-31
-113
-118
-134
-140
-150
-142
-131
-131
-114
-93
-75
-39
-66
-28
-23
-25
-34
-44
-33
-45
-28
18
47
67
97
115
117
259
321
308
282
226
131
123
-14
-44
-124
-155
-158
-161
-171
-173
-181
-167
-130
-140
-117
-95
-69
-59
-51
-62
-63
-75
-70
-61
-52
-45
-37
22
51
74
115
127
255
279
264
215
142
130
-13
-45
-149
-175
-177
-183
-190
-199
-184
-192
-169
-155
-137
-118
-94
-71
-49
-45
-70
-67
-79
-77
-48
-41
-49
23
46
73
98
139
239
296
308
283
224
148
137
-10
-54
-126
-149
-140
-149
-156
-159
-151
-130
-144
-114
-98
-64
-57
-44
-53
-54
-26
-37
-37
-34
-16
7
37
61
86
115
135
244
299
340
336
278
212
138
115
-17
-40
-123
-133
-140
-149
-159
-156
-161
-126
-114
-103
-81
-61
-49
-44
-54
-46
-53
-44
-57
-39
-44
-12
35
51
84
105
154
229
293
310
283
225
147
124
-22
-55
-148
-158
-170
-170
-185
-162
-170
-179
-157
-151
-123
-102
-78
-66
-38
-67
-73
-75
-77
-73
-66
-44
-30
9
34
57
83
130
239
285
282
261
182
131
17
-25
-76
-151
-172
-176
-188
-193
-189
-177
-169
-149
-159
-108
-78
-54
-44
-57
-42
-44
-30
-44
-35
-38
-41
23
33
65
118
117
227
289
334
319
276
191
128
63
-28
-45
-117
-140
-140
-143
-155
-169
-153
-115
-85
-82
-45
-25
-44
-12
-18
-65
-28
-38
-28
-22
-5
20
45
73
95
117
131
270
337
347
319
257
159
131
5
-43
-126
-140
-141
-143
-161
-169
-172
-170
-149
-129
-113
-87
-59
-49
-42
-47
-69
-57
-57
-61
-47
-39
-27
33
63
79
106
134
244
283
295
266
191
131
34
-28
-107
-165
-173
-175
-189
-202
-185
-190
-178
-141
-154
-129
-107
-75
-65
-65
-67
-76
-78
-74
-49
-44
-44
-21
35
52
79
115
131
262
291
287
241
171
134
21
-28
-103
-147
-157
-162
-167
-181
-171
-162
-150
-128
-114
-93
-65
-42
-43
-54
-42
-30
-47
-44
-57
-24
15
47
63
97
94
126
257
319
341
291
255
186
123
20
-37
-66
-119
-133
-144
-157
-151
-149
-133
-137
-109
-59
-65
-47
-50
-42
-28
-31
-33
-61
-44
-25
-7
45
50
70
93
139
211
291
335
329
275
199
138
46
-28
-43
-141
-161
-165
-175
-195
-194
-188
-161
-126
-97
-79
-74
-54
-49
-57
-82
-77
-97
-70
-61
-53
-59
-37
21
40
73
110
155
275
308
291
212
141
129
-23
-33
-150
-169
-172
-181
-193
-201
-199
-183
-164
-144
-124
-105
-69
-69
-55
-55
-54
-76
-71
-61
-47
-45
-33
20
47
84
95
134
244
314
330
308
228
148
120
-5
-39
-122
-150
-153
-156
-163
-162
-159
-151
-129
-106
-93
-63
-63
-50
-30
-27
-30
-37
-37
-28
-11
7
27
67
97
168
94
202
276
335
340
306
238
152
118
-8
-53
-118
-140
-156
-153
-174
-165
-171
-144
-122
-109
-85
-63
-50
-44
-44
-44
-43
-45
-51
-53
-49
-44
6
36
63
86
115
123
229
290
307
234
190
134
37
-27
-68
-153
-174
-173
-181
-191
-190
-203
-175
-156
-142
-140
-106
-76
-74
-62
-66
-71
-70
-86
-72
-64
-39
-31
13
43
67
107
117
259
308
289
244
164
129
3
-45
-122
-150
-172
-179
-184
-188
-195
-183
-157
-141
-110
-96
-61
-44
-47
-44
-43
-37
-48
-47
-44
-33
-9
23
65
84
107
124
227
291
325
315
271
201
134
89
-23
-43
-113
-126
-134
-140
-155
-152
-140
-107
-114
-77
-55
-44
-48
6
-14
-12
-19
-30
-23
-16
5
11
47
67
95
110
123
230
275
334
323
263
183
143
19
-39
-109
-133
-149
-151
-173
-171
-172
-165
-139
-138
-111
-95
-69
-45
-47
-46
-41
-44
-56
-55
-42
-28
-42
22
39
59
84
109
103
255
291
287
232
159
138
-13
-46
-154
-174
-182
-199
-207
-204
-172
-202
-181
-155
-139
-109
-81
-62
-57
-42
-49
-51
-59
-55
-49
-45
-38
17
10
59
82
118
191
271
303
297
241
163
129
11
-34
-109
-134
-150
-154
-166
-172
-157
-156
-133
-124
-103
-93
-46
-50
-33
-22
-21
-23
-28
-43
-10
3
24
67
79
95
115
123
243
303
340
313
261
194
123
45
-18
-44
-110
-117
-133
-134
-138
-137
-122
-118
-108
-79
-63
-44
-45
-30
-11
-11
-28
-41
-41
-31
-28
6
47
63
84
103
131
231
291
305
289
232
147
127
4
-44
-108
-149
-159
-153
-165
-203
-181
-172
-150
-139
-117
-103
-77
-50
-39
-55
-57
-69
-66
-61
-61
-50
-49
-18
25
42
75
115
129
262
286
248
193
119
107
-17
-53
-146
-158
-156
-163
-175
-183
-182
-176
-149
-139
-120
-93
-81
-44
-42
-37
-61
-65
-69
-63
-49
-57
-24
26
55
83
101
127
247
311
325
295
232
145
129
-1
-38
-108
-118
-131
-147
-154
-156
-140
-129
-108
-108
-78
-47
-44
-37
-19
-17
-28
-28
-31
-31
-13
18
27
63
85
94
119
163
278
319
327
291
231
152
135
-5
-45
-117
-127
-135
-142
-157
-175
-170
-156
-110
-75
-63
-35
-27
-37
-69
-76
-79
-94
-93
-60
-47
-30
-28
31
53
69
126
149
290
319
295
253
171
131
3
-38
-120
-147
-145
-161
-173
-161
-199
-181
-184
-158
-146
-126
-110
-65
-66
-76
-76
-93
-99
-93
-59
-76
-49
-46
20
39
55
65
137
251
294
281
241
178
117
31
-23
-49
-134
-159
-152
-159
-171
-171
-167
-142
-137
-102
-93
-63
-51
-57
-41
-56
-70
-73
-76
-55
-41
-33
27
50
70
98
115
216
283
325
315
265
199
123
71
-18
-31
-97
-108
-113
-129
-149
-140
-135
-110
-101
-83
-94
-46
-43
-44
-28
-31
-42
-37
-46
-49
-44
-1
35
55
79
104
115
227
293
320
293
247
165
133
28
-38
-41
-133
-145
-141
-157
-162
-159
-170
-141
-122
-110
-102
-69
-57
-57
-55
-71
-74
-75
-77
-57
-59
-44
-18
33
51
82
131
238
279
296
275
197
120
84
-18
-39
-137
-127
-158
-183
-172
-189
-182
-165
-153
-127
-108
-86
-55
-55
-44
-53
-79
-44
-67
-61
-45
-41
-34
21
57
98
119
134
244
305
311
277
212
139
129
-12
-57
-108
-124
-133
-138
-150
-162
-160
-151
-108
-93
-76
-59
-44
-45
-44
-37
-41
-36
-42
-41
-17
18
51
71
91
105
120
223
282
331
319
282
180
147
127
-12
-22
-105
-120
-135
-140
-141
-155
-153
-143
-129
-122
-83
-70
-44
-43
-57
-28
-57
-60
-67
-63
-50
-44
-28
35
57
77
123
127
255
291
270
230
163
128
21
-28
-109
-147
-153
-153
-163
-171
-182
-187
-173
-155
-140
-134
-76
-93
-87
-79
-98
-108
-105
-101
-93
-66
-47
-44
23
39
57
107
142
259
294
261
209
142
131
-12
-45
-113
-142
-140
-158
-169
-173
-171
-157
-141
-140
-115
-108
-69
-70
-75
-53
-76
-55
-77
-65
-46
-45
-12
35
69
81
115
133
271
319
317
291
218
154
135
10
-25
-44
-86
-108
-108
-131
-136
-140
-129
-115
-124
-85
-65
-32
-41
-45
-33
-39
-49
-44
-48
-35
-11
35
65
91
113
127
218
282
307
299
283
210
142
129
3
-37
-108
-118
-127
-156
-171
-166
-147
-142
-139
-120
-105
-80
-69
-59
-61
-65
-74
-78
-70
-59
-12
-42
-44
14
43
62
107
131
259
297
275
225
153
134
3
-33
-124
-146
-154
-178
-195
-186
-193
-193
-181
-167
-165
-131
-110
-102
-76
-85
-95
-99
-99
-82
-71
-53
-38
-28
6
52
82
115
227
270
291
275
227
158
129
5
-35
-63
-124
-137
-150
-171
-165
-158
-151
-141
-119
-109
-82
-63
-49
-50
-53
-57
-57
-65
-54
-43
-47
1
38
66
89
115
199
283
337
355
309
244
182
127
20
-28
-46
-93
-108
-120
-135
-119
-151
-124
-102
-85
-65
-54
-39
-41
-44
-44
-61
-50
-50
-45
-43
-11
20
63
67
89
115
124
273
313
310
276
207
134
143
-12
-45
-103
-94
-140
-142
-153
-173
-170
-169
-140
-120
-108
-79
-61
-62
-61
-76
-83
-57
-93
-85
-62
-53
-43
17
23
47
112
123
245
281
276
230
169
148
21
-37
-80
-141
-146
-159
-174
-178
-167
-166
-153
-129
-129
-115
-81
-66
-62
3
-76
-103
-78
-154
-75
-64
-44
-14
37
57
85
124
219
283
323
302
248
180
131
35
-30
-46
-107
-112
-122
-142
-144
-142
-159
-130
-108
-81
-69
-34
-49
-41
-27
-43
-43
-47
-35
-34
-11
20
53
83
85
112
124
281
315
329
308
259
180
135
26
-33
-65
-107
-117
-108
-140
-141
-156
-142
-129
-108
-97
-93
-56
-46
-50
-46
-63
-73
-69
-69
-51
-44
-50
17
37
59
112
138
239
293
299
267
202
135
123
-5
-43
-115
-141
-143
-155
-186
-181
-193
-176
-151
-141
-126
-115
-79
-76
-71
-82
-103
-110
-103
-83
-55
-42
-41
-19
35
36
98
145
247
291
293
246
185
127
63
-23
-45
-130
-141
-142
-159
-171
-173
-172
-165
-146
-117
-106
-87
-61
-45
-53
-57
-59
-66
-62
-44
-37
-28
11
37
68
95
118
219
279
325
317
265
199
115
119
-2
-34
-41
-102
-94
-131
-140
-139
-143
-133
-114
-98
-69
-42
-61
-43
-28
-38
-44
-45
-43
-44
-30
3
30
51
73
100
120
230
299
315
298
243
179
134
34
-25
-25
-105
-113
-126
-158
-162
-167
-166
-198
-137
-114
-101
-71
-75
-60
-76
-65
-73
-75
-75
-65
-39
-47
-1
33
52
80
111
171
253
275
247
209
130
119
-11
-50
-123
-143
-133
-172
-173
-200
-197
-192
-175
-161
-145
-133
-102
-93
-94
-75
-85
-96
-76
-73
-81
-47
-45
19
39
67
104
127
255
291
281
248
189
127
103
-28
-44
-105
-122
-133
-141
-149
-157
-165
-145
-124
-114
-82
-70
-60
-45
-45
-54
-53
-77
-46
-39
-48
5
37
75
87
118
118
251
315
330
310
255
180
137
67
-15
-48
-57
-108
-113
-122
-113
-140
-130
-112
-115
-109
-78
-69
-63
-51
-44
-54
-53
-41
-55
-43
-47
2
47
61
91
113
135
243
283
295
261
203
135
119
-6
-43
-103
-134
-140
-165
-167
-166
-167
-163
-155
-142
-126
-107
-82
-63
-80
-95
-101
-98
-102
-82
-78
-49
-47
5
43
73
117
131
257
313
276
217
143
127
2
-39
-110
-154
-145
-137
-175
-172
-185
-181
-157
-169
-140
-114
-97
-85
-76
-76
-75
-85
-93
-78
-75
-49
-39
23
47
75
103
127
243
295
311
297
241
154
127
23
-31
-43
-105
-109
-129
-129
-143
-139
-137
-114
-102
-76
-65
-59
-44
-42
-43
-39
-50
-44
-51
-47
-20
28
54
84
91
129
219
305
337
331
283
212
143
139
-8
-41
-39
-108
-113
-141
-140
-151
-151
-146
-123
-106
-86
-78
-61
-57
-69
-107
-82
-95
-71
-69
-44
-42
-21
34
55
64
131
240
297
321
280
218
149
130
7
-33
-112
-151
-151
-156
-172
-187
-188
-187
-166
-159
-140
-102
-105
-108
-96
-124
-110
-128
-113
-85
-79
-72
-44
-37
51
65
103
123
244
283
292
271
195
127
83
-11
-44
-108
-135
-136
-157
-172
-172
-189
-157
-139
-117
-103
-79
-76
-73
-79
-93
-75
-85
-76
-57
-42
-42
20
50
73
111
122
263
335
337
313
263
193
133
100
-15
-39
-51
-114
-118
-133
-140
-142
-129
-134
-106
-75
-57
-50
-45
-57
-35
-47
-57
-64
-50
-35
-46
14
47
66
90
123
230
307
346
325
283
217
151
118
-18
-34
-109
-118
-140
-145
-161
-169
-172
-136
-108
-137
-101
-77
-93
-94
-98
-117
-113
-108
-109
-83
-57
-44
-46
26
52
99
130
248
305
311
281
214
134
131
-7
-50
-110
-155
-155
-172
-194
-194
-186
-183
-171
-149
-130
-111
-104
-78
-81
-93
-77
-98
-98
-78
-70
-47
-49
-13
34
66
123
149
275
327
302
290
209
154
130
-11
-37
-106
-122
-135
-153
-159
-165
-145
-130
-118
-107
-73
-74
-54
-59
-54
-70
-69
-60
-60
-59
-49
-28
17
39
82
100
129
271
336
359
334
277
212
138
117
-1
-28
-45
-126
-119
-129
-161
-149
-154
-131
-123
-101
-81
-60
-44
-48
-59
-69
-70
-73
-65
-61
-44
-37
27
52
59
111
126
261
311
322
269
231
155
131
1
-43
-108
-134
-140
-158
-174
-183
-185
-166
-140
-133
-109
-79
-81
-97
-93
-85
-99
-97
-106
-105
-69
-47
-46
-23
26
49
115
133
267
297
291
255
170
127
35
-23
-42
-111
-138
-150
-181
-187
-167
-178
-163
-150
-131
-93
-78
-74
-65
-76
-76
-77
-87
-77
-67
-55
-45
15
43
88
117
138
266
323
340
321
247
178
123
31
-37
-47
-98
-103
-123
-137
-151
-149
-128
-109
-93
-78
-66
-44
-50
-44
-33
-37
-59
-44
-47
-46
-46
18
43
79
99
130
251
310
342
330
265
219
148
123
0
-55
-39
-107
-124
-137
-157
-176
-158
-133
-126
-120
-93
-69
-63
-76
-76
-77
-83
-93
-93
-75
-53
-42
-34
30
53
98
118
265
330
317
291
222
150
123
1
-47
-118
-131
-159
-172
-179
-205
-205
-186
-159
-118
-93
-81
-102
-93
-119
-124
-140
-123
-126
-98
-82
-54
-48
-15
49
67
123
237
309
339
299
263
179
128
36
-33
-44
-108
-123
-139
-157
-137
-167
-169
-141
-137
-108
-101
-66
-60
-76
-76
-63
-77
-69
-57
-44
-34
-38
33
55
73
117
133
270
331
351
339
269
202
143
120
-15
-53
-45
-99
-106
-140
-150
-136
-140
-109
-101
-69
-61
-45
-43
-47
-44
-73
-70
-70
-61
-45
-44
-23
51
62
83
134
227
299
334
333
293
203
147
133
-5
-40
-79
-108
-127
-173
-161
-172
-183
-152
-140
-124
-93
-105
-81
-76
-77
-102
-98
-95
-95
-70
-65
-44
-49
2
28
61
122
210
281
310
292
240
163
133
13
-47
-107
-137
-157
-178
-191
-201
-198
-183
-172
-150
-120
-98
-82
-76
-76
-77
-102
-93
-102
-103
-86
-49
-47
-47
27
49
99
138
263
319
339
291
243
163
127
20
-23
-44
-109
-124
-140
-171
-168
-163
-139
-120
-103
-77
-73
-57
-43
-49
-66
-63
-75
-69
-55
-43
-44
-9
51
67
86
132
240
308
383
358
310
229
164
119
6
-34
-43
-93
-110
-133
-153
-171
-155
-140
-120
-102
-76
-59
-39
-44
-35
-63
-69
-81
-93
-71
-44
-44
-27
35
53
83
115
240
315
343
310
261
195
132
50
-38
-47
-119
-129
-153
-163
-177
-187
-172
-170
-145
-138
-111
-107
-76
-83
-94
-109
-131
-114
-109
-93
-62
-43
-49
14
34
75
119
231
290
303
279
240
154
131
17
-37
-60
-127
-139
-166
-204
-191
-180
-171
-156
-137
-114
-100
-78
-66
-76
-76
-93
-94
-80
-72
-69
-49
-31
36
59
81
124
232
311
360
347
305
227
166
131
17
-40
-45
-97
-115
-140
-143
-157
-155
-137
-111
-97
-76
-57
-47
-35
-53
-54
-54
-61
-61
-47
-42
-22
25
51
71
120
190
293
355
367
343
276
191
135
48
-17
-51
-105
-118
-136
-172
-177
-177
-177
-145
-129
-113
-108
-83
-73
-81
-86
-95
-80
-78
-95
-63
-42
-39
9
37
59
103
127
276
314
319
282
218
142
118
-17
-65
-122
-139
-157
-189
-207
-206
-209
-198
-170
-135
-135
-117
-97
-99
-111
-113
-123
-126
-115
-101
-59
-44
-54
26
54
95
133
244
303
311
294
239
167
129
23
-30
-46
-109
-110
-149
-169
-171
-181
-162
-140
-126
-79
-95
-73
-59
-60
-73
-71
-71
-78
-69
-53
-41
-21
37
52
90
115
217
294
347
351
311
263
194
134
41
-28
-41
-35
-105
-128
-151
-167
-149
-135
-123
-98
-74
-65
-55
-45
-59
-75
-63
-73
-63
-55
-42
-41
26
49
79
99
127
246
329
357
330
267
199
123
65
-22
-42
-109
-111
-140
-163
-177
-169
-176
-156
-142
-127
-108
-72
-73
-69
-78
-81
-82
-98
-93
-78
-57
-41
-47
20
35
47
113
145
274
291
276
219
134
127
98
-49
-69
-142
-143
-174
-203
-188
-204
-186
-162
-154
-127
-111
-97
-74
-76
-97
-101
-106
-107
-95
-63
-46
-43
20
46
53
100
117
258
319
311
291
239
163
127
20
-53
-39
-107
-132
-138
-162
-161
-169
-156
-134
-113
-101
-76
-55
-57
-49
-42
-59
-30
-59
-45
-43
-33
21
50
67
94
124
243
315
355
343
305
239
163
133
11
-39
-44
-113
-109
-130
-166
-156
-150
-150
-124
-120
-108
-67
-50
-55
-57
-57
-73
-75
-74
-67
-44
-49
-39
27
52
95
131
244
307
327
303
261
171
142
23
-30
-42
-127
-140
-154
-190
-192
-193
-183
-173
-161
-137
-122
-103
-107
-98
-83
-111
-108
-70
-98
-76
-70
-50
-34
22
43
78
126
239
283
293
263
211
132
122
-13
-36
-99
-138
-140
-165
-183
-192
-191
-172
-158
-156
-107
-97
-76
-61
-62
-71
-76
-99
-76
-71
-46
-48
-42
23
59
83
115
127
277
319
322
290
226
149
127
17
-27
-44
-97
-109
-140
-142
-149
-140
-137
-110
-101
-76
-49
-42
-53
-40
-28
-45
-44
-39
-45
-32
-3
17
15
61
79
126
221
290
338
314
274
209
139
129
1
-60
-48
-117
-139
-160
-171
-172
-167
-151
-133
-113
-93
-76
-61
-54
-63
-93
-86
-93
-93
-73
-60
-44
-28
20
39
71
117
213
282
308
279
219
159
120
31
-35
-47
-134
-153
-158
-186
-194
-204
-185
-174
-157
-133
-111
-99
-76
-86
-78
-111
-97
-96
-94
-76
-62
-41
-49
20
33
67
126
212
281
299
289
235
159
131
45
-28
-47
-103
-120
-149
-158
-161
-191
-167
-140
-124
-93
-79
-70
-44
-42
-44
-47
-70
-59
-67
-57
-51
-45
16
55
78
119
131
291
340
353
311
255
185
129
33
-26
-38
-49
-108
-122
-142
-141
-151
-140
-127
-105
-76
-63
-51
-50
-34
-45
-60
-60
-65
-54
-15
-39
5
30
47
73
111
130
277
315
317
280
213
124
132
2
-50
-98
-129
-139
-159
-170
-185
-181
-171
-141
-129
-108
-79
-44
-81
-93
-93
-108
-108
-107
-85
-65
-39
-47
-28
20
47
110
158
280
294
274
221
163
136
14
-25
-45
-122
-139
-149
-170
-171
-184
-182
-154
-150
-124
-107
-107
-77
-76
-85
-69
-93
-99
-77
-63
-46
-53
2
35
61
103
131
248
306
319
298
228
168
129
35
-22
-44
-105
-110
-119
-154
-156
-158
-141
-124
-108
-76
-67
-41
-34
-53
-44
-43
-44
-44
-44
-42
-37
19
52
71
87
117
179
279
339
340
308
244
170
131
31
-57
-46
-97
-117
-130
-161
-156
-153
-151
-133
-115
-108
-76
-72
-49
-76
-65
-76
-85
-83
-66
-53
-44
-28
34
54
93
117
223
286
307
294
257
179
120
42
-28
-47
-119
-142
-151
-185
-194
-205
-201
-178
-166
-144
-127
-111
-105
-99
-103
-108
-124
-105
-108
-93
-73
-37
-45
17
47
78
115
227
276
294
266
223
145
132
2
-37
-51
-124
-135
-155
-171
-174
-187
-173
-160
-138
-120
-98
-73
-51
-66
-75
-72
-76
-77
-73
-55
-47
17
45
57
84
133
212
283
314
331
287
215
162
124
20
-28
-40
-96
-113
-126
-140
-139
-145
-145
-93
-103
-76
-53
-46
-44
-49
-45
-57
-50
-44
-48
-42
-25
27
55
68
115
130
259
309
335
306
249
165
137
38
-26
-45
-107
-113
-143
-167
-176
-177
-162
-159
-149
-123
-107
-93
-81
-85
-81
-93
-77
-102
-76
-69
-53
-43
7
38
68
91
123
240
273
287
247
197
146
114
-5
-28
-112
-136
-172
-173
-192
-209
-211
-165
-188
-158
-143
-119
-87
-101
-93
-93
-98
-102
-97
-76
-72
-47
-44
15
23
61
93
131
266
302
299
263
191
138
132
-12
-37
-101
-120
-135
-154
-167
-173
-161
-152
-140
-112
-69
-70
-57
-50
-57
-42
-50
-64
-55
-47
-43
20
31
75
95
115
126
251
305
332
314
275
203
133
127
7
-19
-48
-93
-123
-139
-124
-161
-173
-140
-131
-99
-87
-65
-61
-35
-41
-55
-51
-67
-54
-44
-44
-12
22
52
70
101
126
217
279
307
273
223
149
117
25
-28
-50
-120
-133
-157
-170
-178
-191
-181
-167
-140
-133
-113
-85
-82
-95
-101
-93
-111
-102
-95
-73
-45
-49
-15
39
52
99
142
226
271
271
229
175
102
45
-49
-51
-111
-137
-145
-172
-169
-182
-185
-175
-169
-147
-124
-106
-69
-76
-74
-83
-85
-93
-77
-50
-44
-49
31
47
69
97
115
211
275
303
291
255
193
127
124
-15
-38
-41
-113
-120
-140
-156
-157
-151
-107
-124
-102
-54
-57
-41
-44
-39
-39
-51
-47
-15
-38
-28
20
53
88
101
126
215
277
327
327
289
239
171
119
23
-28
-51
-94
-106
-122
-157
-165
-178
-165
-151
-122
-108
-108
-76
-71
-75
-73
-81
-85
-76
-61
-44
-41
10
37
57
71
128
99
245
277
276
244
174
123
99
-11
-44
-113
-135
-115
-169
-156
-202
-199
-187
-182
-156
-134
-118
-107
-108
-93
-103
-105
-113
-102
-75
-44
-53
-44
25
55
83
115
219
267
292
277
213
159
120
19
-25
-43
-107
-143
-155
-159
-174
-177
-173
-154
-145
-114
-108
-80
-64
-61
-73
-75
-83
-66
-59
-50
-37
42
54
86
95
127
190
263
305
318
287
241
159
134
47
-12
-44
-44
-108
-129
-141
-139
-127
-145
-127
-124
-82
-57
-45
-37
-44
-55
-61
-59
-61
-43
-28
11
34
73
88
115
138
244
308
313
282
243
170
123
35
-26
-43
-107
-129
-142
-160
-173
-179
-172
-162
-157
-140
-105
-98
-87
-78
-85
-97
-103
-79
-65
-73
-49
-31
17
39
66
103
131
244
281
275
230
180
127
20
-25
-41
-119
-135
-171
-175
-204
-201
-205
-198
-187
-146
-139
-105
-103
-102
-81
-95
-83
-102
-107
-77
-44
-49
31
46
65
99
122
213
275
291
266
223
159
129
22
-37
-43
-106
-126
-140
-161
-169
-166
-162
-149
-122
-112
-101
-73
-69
-69
-71
-61
-60
-59
-45
-48
2
37
59
89
111
131
214
279
318
311
276
226
155
130
23
-27
-44
-46
-108
-120
-153
-162
-165
-156
-140
-120
-103
-76
-71
-59
-62
-72
-62
-71
-49
-28
-41
3
27
51
69
103
119
201
273
293
276
215
154
123
13
-26
-47
-111
-145
-147
-166
-179
-187
-204
-172
-151
-140
-134
-111
-106
-78
-97
-109
-97
-94
-93
-76
-39
-49
20
45
59
83
131
195
245
248
225
171
115
112
-12
-44
-77
-124
-139
-150
-169
-182
-189
-193
-189
-149
-120
-107
-85
-77
-65
-81
-76
-76
-66
-43
-44
-41
33
51
77
103
120
245
297
308
281
225
170
118
32
-28
-44
-95
-109
-127
-137
-142
-140
-138
-133
-109
-98
-73
-57
-57
-50
-44
-43
-44
-38
-47
-28
7
46
64
95
110
124
199
259
298
314
263
212
151
131
19
-27
-41
-106
-117
-126
-146
-172
-168
-167
-140
-130
-107
-85
-69
-63
-64
-57
-66
-44
-62
-44
-42
-44
20
51
63
79
120
131
241
267
263
219
154
120
20
-28
-44
-124
-141
-157
-172
-172
-202
-193
-183
-174
-154
-133
-109
-108
-86
-85
-98
-94
-83
-79
-61
-49
-43
21
41
57
90
123
131
243
269
251
211
166
132
7
-28
-39
-114
-124
-133
-150
-161
-157
-152
-159
-130
-108
-83
-74
-57
-49
-57
-57
-44
-61
-44
-55
-33
2
63
70
85
115
122
248
291
299
271
207
161
124
38
-17
-23
-37
-99
-102
-114
-122
-145
-133
-109
-101
-69
-70
-46
-35
-44
-45
-43
-47
-44
-39
-21
10
25
59
78
102
114
150
235
277
279
217
161
135
129
1
-28
-47
-118
-120
-133
-153
-150
-158
-163
-149
-135
-109
-103
-76
-66
-63
-63
-85
-80
-76
-49
-45
-42
-13
30
52
71
120
136
232
259
241
205
137
115
20
-28
-45
-120
-141
-161
-166
-181
-181
-177
-172
-141
-131
-111
-80
-79
-80
-78
-76
-73
-66
-76
-49
-44
-28
26
55
66
86
127
131
240
277
258
231
169
119
47
-11
-44
-53
-97
-113
-134
-166
-157
-170
-159
-140
-124
-98
-57
-37
-44
-28
-17
-23
-28
-5
19
37
53
83
99
113
117
227
273
297
282
245
185
132
105
-9
-26
-31
-105
-123
-140
-163
-174
-174
-161
-131
-118
-76
-41
-44
-42
-23
-28
-20
-25
-5
7
25
39
75
83
100
129
215
259
259
223
162
123
36
-14
-33
-105
-124
-143
-159
-172
-209
-215
-197
-181
-169
-140
-101
-76
-43
-56
-43
-35
-35
-44
-46
-28
6
31
50
70
115
127
231
234
203
163
124
53
-13
-41
-108
-123
-170
-159
-183
-197
-213
-204
-173
-153
-118
-86
-63
-47
-51
-28
-24
-14
-9
2
21
25
47
65
69
115
115
215
261
255
180
169
131
54
-7
-42
-43
-108
-129
-142
-161
-172
-153
-158
-131
-103
-71
-44
-41
5
-1
7
1
2
26
30
52
70
84
95
115
129
235
276
281
251
207
142
127
19
6
-31
-95
-119
-130
-150
-181
-176
-173
-159
-136
-105
-66
-45
-45
-37
-17
-21
-21
-13
-10
3
24
47
65
75
115
137
218
243
228
178
135
119
1
-34
-44
-133
-149
-169
-184
-200
-215
-209
-217
-172
-153
-120
-80
-62
-45
-40
-42
-44
-46
-44
-27
3
17
31
51
95
127
191
225
240
199
148
117
35
-28
-42
-105
-134
-133
-165
-176
-193
-189
-183
-169
-135
-108
-57
-37
-30
-28
-10
-12
-11
-1
19
42
48
65
78
102
117
171
244
275
263
216
149
137
25
-15
-44
-54
-101
-122
-129
-149
-171
-157
-140
-135
-86
-51
-44
-27
13
11
6
-5
5
20
37
46
62
74
100
107
129
219
273
258
225
163
131
41
-43
-44
-103
-133
-120
-153
-181
-206
-192
-166
-161
-124
-97
-57
-42
-44
-47
-25
-61
-28
-13
0
10
36
43
79
103
115
132
228
228
203
150
129
31
-14
-44
-124
-146
-165
-170
-193
-205
-219
-213
-204
-169
-142
-93
-69
-40
-44
-53
-44
-39
-44
4
-2
33
39
53
67
101
126
211
240
219
180
133
123
4
-28
-47
-105
-113
-140
-170
-188
-189
-194
-172
-140
-114
-64
-45
-45
-31
-12
-12
9
9
25
41
52
57
83
102
129
201
245
265
269
219
155
143
39
-12
-32
-41
-97
-108
-118
-160
-158
-157
-145
-118
-108
-67
-45
-43
-43
-69
-11
-2
4
23
37
61
67
86
84
123
147
225
267
244
215
150
138
24
-25
-44
-83
-120
-157
-157
-183
-198
-195
-178
-159
-145
-102
-65
-46
-42
-45
-35
-39
-23
-8
6
10
20
36
57
98
123
180
211
217
170
131
86
-2
-26
-33
-123
-156
-165
-186
-203
-204
-209
-195
-174
-145
-140
-74
-61
-39
-44
-44
-35
-27
2
15
9
35
45
59
99
123
180
227
228
191
151
130
37
-18
-43
-44
-109
-137
-150
-165
-179
-189
-171
-140
-127
-76
-50
-109
-33
-3
-18
26
15
10
31
42
52
75
95
124
129
226
257
262
225
177
131
124
3
-28
-45
-85
-115
-117
-138
-155
-169
-154
-152
-109
-81
-53
-46
-38
-7
-15
6
5
4
18
39
52
63
83
96
115
129
207
229
212
171
127
49
-7
-37
-39
-115
-124
-156
-170
-194
-204
-186
-178
-157
-140
-103
-44
-44
-46
-43
-38
-51
-39
-15
-27
14
31
49
69
95
117
123
210
180
151
130
102
67
-33
-51
-124
-143
-149
-177
-181
-199
-203
-185
-161
-126
-102
-64
-47
-45
-37
-27
-25
-12
9
11
25
27
67
91
119
129
213
238
218
179
173
134
11
-21
-46
-93
-108
-133
-149
-161
-166
-166
-138
-124
-93
-54
-46
-38
-12
5
8
11
32
38
49
53
70
98
113
119
187
207
249
227
178
146
134
26
16
-43
-53
-93
-142
-140
-156
-178
-172
-145
-129
-75
-46
-57
-45
-33
-13
-12
-10
7
43
36
45
52
63
91
115
131
223
212
183
147
143
30
-12
-33
-96
-127
-156
-166
-168
-185
-203
-197
-181
-161
-137
-97
-69
-51
-55
-51
-38
-37
-48
-20
1
20
38
37
70
115
115
191
185
175
130
120
25
-12
-37
-66
-111
-140
-160
-187
-190
-209
-191
-170
-141
-105
-69
-53
-49
-37
-25
-25
-12
-5
20
37
46
69
85
114
123
191
219
215
190
148
119
37
-12
-28
-41
-108
-113
-140
-157
-165
-159
-142
-126
-95
-55
-49
-43
11
9
9
11
23
50
50
67
86
90
115
123
173
225
244
230
160
131
107
22
-22
-47
-45
-117
-127
-141
-165
-182
-172
-166
-124
-109
-61
-38
-40
-43
-28
-13
-14
1
14
31
49
52
70
84
110
131
183
185
177
134
123
22
-7
-43
-93
-124
-155
-173
-182
-191
-204
-201
-179
-177
-137
-102
-65
-54
-51
-47
-44
-37
-28
-9
4
24
27
45
65
107
118
131
170
159
97
135
34
-17
-34
-61
-103
-127
-140
-163
-171
-188
-177
-161
-131
-93
-65
-40
-42
-33
1
4
2
17
20
41
52
65
81
103
133
191
210
203
212
133
120
7
-8
-25
-44
-67
-102
-120
-130
-139
-140
-131
-106
-85
-80
-47
-49
-26
3
-12
20
38
35
51
69
71
81
87
115
122
127
203
190
163
127
122
39
-11
-37
-44
-105
-117
-135
-140
-155
-156
-156
-135
-117
-78
-55
-54
-40
-44
-28
-18
-9
6
1
35
47
57
84
100
124
122
182
148
131
113
33
-19
-34
-44
-122
-152
-154
-183
-193
-197
-191
-178
-161
-140
-115
-81
-71
-52
-54
-43
-44
-28
3
27
89
51
35
65
98
117
143
127
148
127
127
25
-9
-43
-44
-82
-113
-133
-143
-165
-157
-158
-156
-119
-98
-81
-44
-45
-38
-59
-6
7
17
22
41
52
67
86
113
129
135
181
182
165
134
124
51
17
-17
-26
-56
-71
-93
-135
-106
-137
-137
-103
-93
-75
-53
-46
-44
-25
-13
0
-6
19
36
57
74
70
93
114
127
126
149
175
131
120
91
36
-11
-33
-39
-75
-111
-123
-139
-144
-149
-140
-133
-124
-108
-78
-69
-63
-59
-39
-37
-28
-17
5
11
33
45
53
84
109
131
123
135
115
65
22
-6
-15
-44
-128
-126
-149
-172
-181
-179
-167
-158
-153
-137
-118
-98
-94
-81
-60
-44
-49
-39
3
18
42
31
51
52
95
97
115
113
119
117
84
52
20
-13
-25
-34
-98
-108
-108
-141
-145
-130
-137
-103
-95
-66
-61
-57
-45
-37
-31
-37
4
15
33
52
75
86
106
127
127
166
149
158
134
129
69
32
3
-23
-40
-45
-103
-109
-105
-108
-97
-101
-127
-78
-81
-74
-64
-43
-55
-37
-1
20
27
52
36
54
63
91
82
101
114
115
115
99
83
63
27
-12
-28
-45
-97
-123
-122
-133
-109
-127
-120
-117
-98
-93
-93
-85
-95
-69
-49
-54
-44
-57
-41
-9
19
27
51
56
84
82
98
99
77
49
36
2
-28
-44
-60
-115
-120
-139
-140
-117
-136
-120
-129
-118
-107
-94
-97
-79
-76
-50
-51
-43
-12
-12
22
35
43
57
74
85
103
98
115
91
85
65
37
25
-18
-33
-44
-43
-78
-83
-99
-83
-83
-87
-70
-61
-54
-50
-49
-41
-43
-22
1
5
20
33
54
62
87
97
99
126
138
146
135
138
119
73
61
27
-12
-28
-37
-45
-76
-77
-76
-82
-73
-60
-73
-54
-44
-61
-44
-37
-43
-31
-12
1
20
20
33
47
55
59
67
83
89
87
98
83
59
30
10
-17
-35
-35
-61
-87
-98
-108
-107
-105
-120
-97
-99
-117
-105
-93
-81
-81
-61
-59
-54
-44
-45
-13
1
11
47
45
57
52
70
71
66
52
49
21
-13
-41
-38
-50
-101
-108
-108
-98
-108
-101
-95
-93
-95
-93
-79
-75
-66
-57
-46
-46
-44
-6
9
21
39
43
55
66
84
98
115
95
89
81
67
46
22
3
-18
-33
-33
-46
-54
-67
-54
-55
-57
-53
-47
-43
-41
-45
-38
-31
-12
9
23
30
35
46
65
67
59
87
99
103
106
103
103
84
63
50
26
-1
-26
-30
-34
-44
-42
-70
-81
-71
-79
-82
-83
-76
-85
-79
-60
-39
-49
-26
19
31
57
57
65
72
84
79
84
75
52
57
57
27
-7
-15
-39
-46
-85
-113
-127
-124
-120
-120
-124
-120
-115
-108
-101
-99
-81
-76
-52
-42
-56
-55
3
24
49
47
71
84
67
85
73
57
45
35
8
