23
46
62
-121
51
84
51
35
65
39
62
24
51
73
47
-5
57
112
39
-12
37
35
51
51
35
51
36
6
50
71
20
39
22
0
40
5
6
0
20
-30
-11
28
3
-33
-3
-204
-44
-28
-9
46
20
-67
71
54
21
-181
30
10
1
18
1
-12
1
-28
15
35
-12
-12
-15
-47
-33
-80
-40
0
-44
-237
-28
-244
-46
-35
-40
-25
-51
-44
-42
0
-31
-38
-37
-25
-22
-140
-197
-204
-161
-101
-40
-31
84
147
131
139
19
-45
-109
-99
-108
-46
-76
7
45
109
106
53
39
67
88
85
97
-67
180
294
275
310
263
308
203
183
-28
-22
-125
-166
-219
-290
-229
-182
-214
-255
-318
-302
-297
-470
-221
-220
-110
-27
27
147
309
500
725
885
823
679
455
228
135
-7
-209
-238
-169
-76
-53
-44
-63
-165
-193
-237
-277
-330
-295
-219
-170
-189
-76
-12
-28
-40
-97
-97
-114
-150
-95
-71
104
323
507
697
788
689
539
308
171
136
-34
-262
-213
-109
-12
-56
-62
-142
-217
-325
-375
-562
-407
-341
-279
-197
-161
-307
-173
-158
-157
-203
-218
-156
-156
-65
-28
85
230
481
672
759
703
517
373
247
146
-28
-184
-177
-121
-44
-40
-124
-110
-236
-295
-302
-365
-373
-318
-251
-171
-215
-111
-99
-114
-129
-184
-147
-156
-108
-44
-277
115
302
489
719
826
737
657
495
307
180
123
-45
-141
-121
-44
-30
-21
-23
-177
-236
-300
-319
-333
-272
-206
-125
-153
-103
-140
-126
-155
-138
-161
-76
-95
-25
37
153
287
455
651
806
835
735
545
367
186
81
-46
-171
-161
-93
-95
-109
-154
-221
-281
-339
-396
-428
-366
-293
-204
-160
-143
-213
-76
-217
-209
-171
-172
-152
-102
-28
-24
101
274
465
672
827
806
617
471
295
119
-22
-204
-241
-192
-154
-118
-230
-186
-272
-343
-413
-423
-394
-364
-300
-245
-204
-199
-380
-186
-194
-199
-225
-121
-108
-65
-33
63
127
298
565
739
875
822
701
497
271
147
-25
-173
-206
-161
-93
-104
-104
-193
-206
-325
-364
-418
-392
-334
-253
-202
-203
-157
-167
-169
-119
-146
-130
-79
-49
-69
0
143
278
404
635
851
947
919
727
532
318
143
23
-156
-184
-126
-108
-65
-101
-175
-289
-348
-348
-396
-402
-332
-263
-207
-186
-163
-222
-232
-194
-163
-156
-140
-137
-53
-34
95
151
401
615
774
911
883
619
513
294
155
-31
-172
-204
-180
-139
-137
-365
-268
-300
-401
-433
-469
-440
-385
-323
-268
-209
-269
-221
-265
-270
-263
-258
-207
-161
-118
-45
55
36
375
617
798
959
891
763
506
295
119
-22
-173
-218
-183
-119
-130
-206
-262
-344
-389
-405
-455
-424
-366
-268
-245
-183
-206
-252
-223
-207
-201
-193
-145
-120
-73
-39
115
151
447
628
819
1003
967
837
635
451
211
179
-29
-138
-127
-236
-93
-153
-191
-241
-331
-383
-399
-365
-323
-220
-207
-143
-182
-194
-224
-172
-190
-171
-113
-62
-50
-14
63
176
339
532
754
931
1002
903
735
528
295
-93
-19
-152
-141
-114
-85
-45
-186
-284
-343
-427
-428
-435
-403
-348
-285
-262
-236
-257
-263
-287
-241
-268
-218
-140
-108
-93
-29
107
148
419
635
866
971
915
747
532
320
103
-31
-192
-209
-171
-140
-174
-204
-215
-335
-373
-442
-556
-460
-405
-297
-223
-240
-232
-266
-273
-259
-219
-221
-151
-135
-153
-53
-140
109
309
553
779
948
983
896
714
486
265
119
-44
-212
-176
-123
-125
-131
-191
-253
-341
-405
-401
-402
-362
-294
-279
-204
-205
-215
-186
-207
-197
-172
-152
-109
-54
-46
84
147
367
563
703
987
1096
1023
679
519
355
119
-12
-99
-142
-118
-171
-69
-143
-236
-321
-369
-334
-392
-343
-329
-232
-209
-181
-220
-268
-240
-272
-243
-158
-138
-107
-59
-7
139
118
483
688
931
1091
955
777
526
318
97
-11
-189
-202
-205
-117
-151
-198
-286
-511
-434
-465
-475
-393
-367
-298
-281
-201
-248
-261
-301
-318
-293
-237
-217
-157
-93
-56
7
110
371
625
817
926
1003
811
627
419
195
-49
-54
-204
-172
-93
-130
-117
-232
-291
-373
-385
-459
-421
-371
-294
-230
-182
-201
-276
-252
-259
-238
-184
-190
-95
-74
-11
23
109
295
506
747
1011
1082
990
819
600
373
178
20
-29
-140
-159
-46
-53
-125
-225
-301
-362
-391
-346
-366
-346
-236
-204
-225
-297
-241
-219
-251
-268
-174
-140
-109
-61
-40
66
130
344
578
842
1087
1111
977
789
497
333
125
-1
-173
-172
-110
-94
-101
-157
-293
-357
-406
-431
-465
-451
-343
-311
-269
-247
-262
-315
-332
-268
-297
-220
-184
-159
-76
6
-27
134
383
629
873
1027
1013
672
614
381
155
14
-189
-183
-196
-184
-107
-124
-216
-316
-399
-417
-460
-464
-426
-335
-289
-262
-265
-285
-313
-270
-330
-262
-225
-127
-118
-29
-15
93
137
454
712
971
1108
1054
859
633
371
196
89
-53
-171
-125
-73
-67
-133
-172
-266
-354
-397
-413
-439
-344
-306
-237
-243
-227
-273
-251
-273
-224
-218
-155
-108
-38
-23
69
141
323
565
811
1043
1171
1035
883
635
407
179
67
-12
-157
-129
-51
-104
-170
-204
-278
-361
-389
-437
-389
-371
-267
-273
-194
-245
-271
-293
-295
-300
-279
-220
-129
-106
-33
-49
83
123
419
691
947
1099
1042
859
655
378
186
1
-145
-198
-141
-156
-151
-202
-242
-327
-373
-440
-458
-492
-396
-365
-295
-282
-284
-293
-277
-331
-333
-316
-184
-195
-98
-83
-45
-61
141
373
537
879
1079
1043
915
714
419
244
123
-30
-184
-167
-137
-108
-140
-178
-265
-332
-333
-449
-433
-425
-351
-300
-234
-209
-229
-254
-257
-289
-238
-203
-143
-101
-42
-59
-33
126
302
533
791
1035
1195
1115
959
651
419
211
114
-27
-131
-102
-29
-83
-113
-177
-252
-327
-389
-433
-396
-354
-279
-239
-215
-235
-214
-264
-288
-271
-234
-223
-177
-95
-63
-37
-17
133
337
565
821
1063
1111
1042
775
515
297
127
-28
-178
-173
-137
-119
-133
-173
-278
-333
-394
-398
-481
-440
-364
-325
-277
-226
-267
-268
-321
-313
-343
-292
-252
-172
-149
-73
-103
-12
115
375
585
866
1019
1041
889
719
449
215
107
-94
-207
-171
-139
-72
-167
-222
-298
-317
-413
-419
-460
-397
-344
-290
-225
-214
-221
-262
-269
-313
-271
-272
-218
-165
-108
-57
-44
14
127
391
643
883
1091
1139
1026
756
526
271
139
-21
-156
-169
-130
-96
-122
-153
-207
-306
-333
-379
-383
-344
-301
-239
-184
-194
-204
-184
-239
-236
-269
-251
-214
-168
-108
-50
-43
75
131
369
627
884
1121
1137
998
791
529
291
116
-12
-130
-151
-117
-113
-127
-172
-226
-348
-365
-481
-425
-412
-343
-287
-257
-204
-193
-273
-246
-312
-304
-283
-282
-275
-177
-140
-71
-58
85
165
419
722
913
1027
963
835
587
335
120
-17
-189
-194
-189
-129
-159
-184
-245
-373
-406
-434
-444
-406
-382
-342
-267
-223
-220
-232
-285
-273
-311
-332
-294
-235
-204
-140
-117
-37
-28
139
387
654
885
1077
1090
986
731
479
234
149
-17
-155
-161
-123
-108
-95
-194
-232
-298
-332
-377
-407
-380
-325
-243
-201
-174
-163
-186
-216
-236
-249
-246
-186
-175
-107
-59
-17
-31
147
344
453
820
1091
1155
1076
863
633
372
199
17
-33
-165
-137
-56
-102
-149
-219
-282
-344
-385
-402
-397
-332
-281
-221
-161
-172
-205
-205
-234
-282
-290
-237
-232
-175
-109
-80
-59
-35
131
369
571
822
1043
1127
969
775
495
267
136
-29
-216
-219
-172
-137
-163
-218
-267
-385
-406
-421
-446
-438
-403
-315
-252
-204
-236
-253
-291
-288
-315
-290
-311
-226
-175
-138
-87
-51
0
166
417
689
906
1073
1059
823
649
397
183
122
-27
-191
-163
-142
-99
-133
-203
-291
-300
-364
-369
-423
-368
-296
-209
-181
-156
-141
-174
-230
-261
-302
-300
-236
-192
-117
-75
-24
-11
84
346
563
758
1039
1123
1105
883
649
363
205
118
-40
-163
-106
-80
-63
-125
-239
-263
-268
-339
-364
-362
-318
-255
-204
-153
-104
-175
-182
-245
-277
-285
-273
-269
-195
-140
-51
-69
-25
126
315
541
820
1019
1077
1009
810
573
347
131
3
-140
-202
-174
-122
-138
-161
-234
-307
-355
-385
-457
-442
-366
-312
-278
-206
-188
-221
-237
-265
-325
-306
-318
-297
-236
-177
-156
-65
-44
138
281
539
755
983
1034
966
724
497
241
122
-33
-202
-202
-131
-108
-125
-178
-235
-316
-362
-394
-398
-399
-331
-271
-211
-169
-167
-172
-201
-245
-283
-275
-263
-236
-173
-110
-67
-40
-217
145
353
535
787
1043
1115
1063
849
610
354
169
20
-43
-153
-133
-50
-103
-114
-166
-229
-270
-314
-353
-364
-268
-219
-176
-109
-133
-268
-172
-168
-237
-245
-236
-205
-171
-77
-73
-29
-15
110
317
490
722
981
1105
1050
853
628
375
179
31
-235
-204
-155
-166
-155
-151
-217
-278
-284
-369
-397
-394
-348
-302
-219
-178
-151
-151
-209
-234
-302
-313
-300
-282
-241
-184
-121
-97
-57
-21
144
398
587
803
1059
1025
883
649
419
223
121
-42
-230
-234
-161
-157
-141
-207
-288
-332
-369
-415
-417
-383
-344
-234
-235
-169
-93
-153
-207
-237
-293
-310
-236
-254
-156
-130
-85
-21
-28
131
351
513
756
1038
1115
1015
905
618
373
170
19
-146
-222
-167
-124
-101
-125
-201
-247
-270
-350
-373
-346
-305
-226
-154
-85
-101
-97
-167
-195
-251
-236
-263
-223
-215
-143
-86
-44
-12
85
125
384
609
859
1076
1109
1011
809
547
277
149
-21
-167
-213
-165
-143
-134
-118
-234
-284
-310
-348
-382
-369
-338
-221
-209
-154
-124
-184
-216
-251
-300
-344
-300
-291
-251
-147
-135
-62
-44
3
145
355
579
778
967
1051
885
667
391
203
89
-95
-236
-243
-222
-170
-183
-250
-300
-355
-364
-407
-412
-408
-332
-285
-211
-156
-166
-181
-225
-219
-306
-310
-315
-270
-241
-189
-124
-47
-29
106
148
341
579
819
991
1077
916
711
486
243
150
0
-155
-193
-165
-117
-133
-130
-236
-253
-313
-332
-384
-317
-313
-226
-155
-78
-110
-102
-172
-153
-242
-245
-261
-207
-189
-113
-101
-51
-39
104
163
407
577
797
995
1069
967
747
521
334
139
0
-134
-181
-166
-140
-140
-153
-213
-254
-310
-341
-390
-359
-294
-247
-186
-140
-118
-139
-202
-213
-266
-283
-284
-273
-236
-172
-137
-78
-66
-29
110
127
490
692
885
1011
950
788
534
339
117
-24
-186
-237
-229
-172
-190
-186
-291
-317
-362
-383
-409
-364
-342
-262
-209
-147
-124
-108
-189
-189
-274
-335
-326
-274
-239
-197
-133
-69
-46
-48
119
275
463
500
851
1044
979
822
611
376
179
145
-28
-169
-184
-117
-159
-149
-219
-211
-283
-314
-327
-337
-331
-229
-183
-139
-108
-30
-112
-149
-214
-237
-282
-262
-227
-155
-125
-44
-18
3
119
227
417
597
789
975
1031
975
743
511
282
163
-12
-139
-189
-157
-131
-131
-177
-221
-266
-295
-315
-348
-332
-268
-205
-109
-122
-62
-94
-149
-204
-236
-279
-304
-278
-266
-223
-117
-108
-40
-22
93
246
479
643
827
911
917
770
591
354
175
5
-93
-198
-204
-199
-195
-169
-253
-338
-306
-373
-377
-376
-343
-287
-221
-172
-108
-125
-155
-235
-238
-296
-280
-320
-257
-236
-197
-160
-103
-93
-188
146
341
497
695
851
948
883
709
502
351
146
3
-161
-183
-189
-169
-129
-151
-232
-250
-290
-310
-333
-302
-227
-189
-113
-104
-70
-65
-75
-153
-214
-245
-254
-227
-225
-171
-110
-29
-47
91
167
295
419
643
825
990
979
926
731
542
327
186
3
-21
-141
-104
-111
-97
-172
-230
-230
-240
-283
-284
-264
-236
-169
-118
-85
-73
-76
-115
-173
-209
-219
-255
-253
-225
-158
-125
-76
-39
36
151
308
489
629
779
931
889
731
613
371
227
123
-40
-172
-172
-174
-97
-186
-213
-274
-298
-341
-577
-327
-269
-268
-195
-156
-181
-134
-151
-157
-205
-266
-283
-301
-259
-232
-201
-141
-69
-43
-33
119
289
411
419
783
887
895
754
545
339
181
116
-37
-172
-169
-166
-143
-156
-179
-229
-271
-268
-323
-287
-258
-209
-153
-115
-83
-60
-74
-125
-154
-177
-236
-249
-214
-179
-142
-113
-45
-40
77
130
329
511
681
849
931
929
759
587
404
246
132
-42
-140
-135
-79
-273
-133
-183
-220
-264
-255
-273
-253
-330
-181
-103
-93
-55
-45
-77
-106
-285
-205
-220
-221
-204
-163
-140
-111
-66
-43
68
127
327
474
611
788
797
849
714
550
355
206
115
-28
-204
-219
-150
-138
-169
-221
-268
-295
-316
-350
-312
-312
-229
-182
-111
-129
-100
-108
-155
-193
-241
-298
-275
-251
-217
-181
-129
-123
-49
-37
101
244
382
533
691
820
883
725
579
355
213
146
-30
-204
-203
-213
-141
-147
-193
-247
-270
-300
-300
-301
-283
-230
-157
-113
-94
-59
-63
-106
-156
-175
-204
-225
-220
-178
-145
-118
-28
-55
37
131
267
402
566
722
883
891
867
657
486
287
-93
6
-33
-147
-113
-127
-119
-157
-179
-220
-227
-268
-255
-268
-236
-155
-83
-76
-51
-62
-76
-103
-178
-186
-284
-241
-181
-181
-137
-85
-15
0
158
138
344
483
649
821
793
820
689
471
301
138
-28
-108
-184
-194
-140
-191
-206
-253
-269
-269
-313
-319
-302
-278
-215
-170
-130
-111
-114
-124
-189
-230
-258
-293
-276
-258
-220
-177
-114
-74
-43
-29
148
254
419
571
747
806
831
663
490
291
175
-1
-45
-204
-200
-183
-149
-181
-226
-269
-302
-298
-311
-295
-300
-215
-157
-109
-98
-101
-110
-140
-144
-230
-238
-237
-217
-184
-186
-93
-20
-27
102
139
275
419
607
756
906
866
754
569
401
241
157
-17
-123
-151
-120
-123
-142
-172
-204
-230
-245
-253
-268
-249
-172
-117
-76
-47
-129
-51
-98
-119
-165
-223
-190
-197
-173
-155
-94
-39
-43
40
139
149
394
486
645
779
849
819
646
486
302
138
-12
-109
-204
-178
-169
-181
-212
-229
-268
-298
-262
-316
-298
-282
-198
-161
-130
-109
-103
-113
-198
-221
-235
-253
-284
-240
-209
-177
-141
-121
-28
-40
122
175
371
523
675
821
814
665
447
319
155
74
15
-194
-195
-195
-182
-204
-237
-241
-293
-285
-355
-307
-289
-197
-151
-122
-79
-79
-104
-81
-140
-195
-236
-219
-189
-191
-158
-125
-44
-38
-9
101
148
323
490
607
771
811
827
679
457
339
180
149
-31
-135
-141
-125
-125
-163
-186
-216
-236
-249
-209
-235
-236
-171
-118
-67
-71
-49
-78
-98
-172
-171
-437
-209
-205
-154
-125
-81
-76
-53
54
139
285
409
537
659
763
811
713
575
411
228
170
-12
-141
-193
-238
-147
-172
-211
-264
-278
-289
-285
-316
-286
-230
-181
-115
-141
-93
-98
-106
-158
-203
-265
-258
-261
-255
-229
-190
-129
-93
-40
-33
119
195
351
513
629
725
724
649
499
291
163
126
-40
-175
-183
-175
-173
-218
-239
-277
-284
-281
-298
-283
-255
-230
-176
-146
-102
-108
-118
-133
-172
-288
-223
-236
-244
-161
-172
-154
-93
-40
-15
127
139
369
499
641
753
694
751
609
459
305
171
126
-34
-151
-121
-181
-139
-150
-207
-227
-218
-252
-227
-172
-192
-166
-94
-40
-57
-55
-34
-44
-123
-170
-219
-211
-198
-143
-117
-76
-46
-44
78
141
269
387
521
501
798
817
722
582
404
226
137
-44
-151
-150
-140
-172
-209
-242
-237
-250
-285
-270
-298
-285
-235
-258
-130
-75
-113
-161
-119
-153
-204
-251
-274
-226
-230
-202
-161
-104
-61
-255
69
119
259
415
535
687
726
761
632
457
283
147
-12
-46
-191
-272
-190
-192
-212
-236
-279
-280
-286
-290
-281
-243
-201
-156
-106
-108
-97
-80
-117
-169
-215
-219
-247
-213
-204
-158
-109
-71
-37
-11
116
217
340
515
657
775
783
691
599
483
297
163
-15
-39
-153
-141
-140
-125
-169
-171
-255
-240
-251
-227
-221
-169
-134
-79
-71
-61
-45
-76
-117
-146
-178
-279
-197
-201
-169
-109
-74
-44
-28
79
150
302
387
561
707
777
791
596
553
334
212
148
-29
-146
-181
-179
-161
-178
-236
-232
-273
-281
-307
-296
-292
-235
-172
-107
-117
-79
-73
-133
-175
-172
-273
-266
-252
-230
-205
-156
-117
-73
-28
84
139
302
419
550
672
749
707
578
419
255
130
-18
-158
-236
-221
-383
-221
-239
-300
-330
-297
-298
-312
-302
-270
-218
-160
-135
-108
-101
-117
-137
-206
-207
-257
-251
-220
-167
-170
-115
-71
-30
68
135
287
373
521
710
789
789
721
553
394
243
137
-12
-133
-172
-147
-137
-188
-205
-246
-205
-240
-248
-251
-229
-173
-107
-70
-216
-27
-59
-63
-93
-154
-172
-218
-309
-172
-146
-102
-76
-55
59
127
228
334
449
595
771
810
788
639
519
311
182
133
-33
-170
-188
-166
-217
-213
-235
-261
-284
-291
-274
-293
-254
-221
-171
-135
-108
-108
-86
-133
-154
-201
-226
-251
-230
-214
-198
-158
-110
-50
-57
83
131
292
419
595
603
710
689
592
419
251
132
-21
-167
-206
-213
-206
-183
-253
-287
-285
-316
-329
-306
-306
-274
-230
-145
-119
-204
-120
-139
-170
-155
-246
-257
-236
-206
-211
-140
-133
-53
-45
73
146
190
399
309
675
803
806
675
519
388
235
158
-37
-129
-174
-160
-156
-173
-207
-235
-254
-241
-262
-220
-218
-188
-119
-85
-59
-44
-44
-33
-78
-193
-184
-192
-205
-186
-122
-108
-58
-11
54
123
244
314
482
617
736
797
767
643
474
340
151
112
-27
-154
-178
-155
-172
-198
-264
-264
-257
-265
-302
-263
-235
-197
-175
-163
-97
-111
-97
-108
-155
-205
-236
-230
-226
-223
-203
-145
-117
-30
-45
84
130
283
410
562
667
718
705
567
419
235
116
-93
-147
-209
-240
-226
-215
-267
-300
-298
-295
-302
-309
-290
-275
-204
-156
-154
-110
-93
-111
-76
-138
-174
-201
-219
-211
-230
-172
-153
-104
-33
-35
113
142
326
419
567
710
752
703
661
484
315
165
130
-33
-143
-177
-140
-181
-251
-236
-236
-255
-285
-268
-236
-202
-143
-110
-44
-37
-73
-37
-130
-95
-166
-169
-173
-155
-140
-101
-76
-49
-15
98
109
253
346
474
639
747
789
731
597
450
315
147
-11
-29
-156
-181
-109
-167
-205
-274
-229
-260
-275
-269
-268
-215
-173
-110
-33
-111
-53
-65
-72
-129
-141
-222
-207
-220
-183
-175
-137
-113
-76
-12
76
131
298
403
582
659
695
645
529
394
251
116
-77
-150
-221
-219
-222
-227
-261
-277
-310
-291
-302
-309
-279
-246
-217
-158
-74
-106
-70
-74
-107
-103
-130
-165
-182
-220
-186
-158
-110
-73
-43
-29
121
139
283
419
542
666
729
724
641
485
359
191
147
-45
-136
-157
-165
-154
-159
-226
-220
-249
-240
-250
-234
-190
-133
-108
-40
-44
-17
-31
-44
-61
-117
-145
-172
-159
-125
-94
-28
-33
-203
73
65
207
337
450
587
722
779
730
634
473
323
147
151
-17
-197
-160
-165
-130
-382
-221
-236
-242
-271
-268
-244
-225
-186
-109
-57
-79
-70
-77
-44
-108
-135
-178
-199
-238
-283
-165
-138
-93
-38
-28
123
139
271
361
473
597
683
681
592
419
283
153
36
-40
-193
-209
-186
-227
-291
-278
-298
-284
-301
-295
-285
-241
-172
-170
-77
-97
-76
-80
-113
-125
-172
-168
-202
-202
-186
-146
-111
-94
-56
-10
116
149
283
419
571
675
469
726
608
419
286
147
138
-33
-117
-166
-143
-172
-194
-209
-236
-230
-316
-246
-217
-186
-143
-77
-71
-38
-50
-28
-35
-46
-49
-161
-121
-127
-151
-103
-53
-33
-38
75
159
249
355
468
659
751
756
693
562
419
302
169
17
-39
-198
-176
-143
-175
-192
-237
-240
-268
-267
-253
-241
-209
-136
-109
-53
-77
-73
-44
-37
-67
-115
-188
-169
-205
-202
-145
-109
-81
-28
-23
123
135
302
394
546
634
731
660
550
403
262
147
-15
-143
-182
-209
-412
-236
-284
-284
-306
-283
-288
-313
-293
-252
-194
-169
-127
-103
-104
-76
-75
-125
-175
-170
-167
-213
-158
-159
-138
-95
0
-45
107
151
275
391
532
675
753
699
641
468
315
166
175
-59
-146
-171
-176
-149
-177
-236
-236
-250
-220
-266
-227
-202
-165
-108
-60
0
-44
-44
-49
-17
-59
-107
-136
-167
-153
-120
-93
-46
-55
62
137
137
319
411
555
679
730
707
637
515
347
215
157
-6
-137
-170
-204
-170
-214
-238
-217
-263
-280
-266
-275
-249
-181
-143
-69
-76
-73
-44
-69
-109
-137
-143
-161
-192
-203
-189
-147
-125
-40
-9
84
148
238
371
497
613
692
663
559
443
257
147
21
-45
-234
-250
-246
-226
-280
-278
-316
-298
-282
-327
-268
-253
-199
-170
-129
-97
-49
-83
-35
-95
-108
-186
-198
-217
-211
-172
-113
-109
-27
-29
85
142
311
381
533
671
712
714
630
479
372
195
114
-42
-167
-186
-190
-173
-161
-219
-246
-263
-253
-261
-401
-236
-129
-108
-34
-42
-21
-29
7
-61
-94
-113
-133
-138
-140
-103
-75
-38
-21
80
148
241
318
419
584
713
770
766
663
507
353
212
97
-39
-170
-167
-123
-186
-192
-209
-260
-260
-238
-279
-237
-232
-157
-127
-62
-53
-46
-53
-70
-61
-65
-158
-178
-198
-182
-163
-161
-113
-31
-12
116
163
308
389
531
635
724
683
579
446
298
143
7
-47
-193
-236
-190
-238
-263
-290
-294
-313
-273
-325
-302
-273
-215
-169
-106
-104
-108
-112
-45
-110
-172
-204
-190
-220
-197
-171
-121
-101
-43
0
141
195
344
463
579
693
724
693
549
419
288
126
-15
-103
-177
-184
-184
-227
-269
-259
-266
-284
-298
-273
-237
-215
-127
-85
-40
-56
-43
-44
-28
-23
-113
-154
-177
-138
-95
-86
-28
-63
15
78
167
258
405
495
389
714
757
714
610
444
315
154
20
-39
-234
-156
-186
-207
-226
-267
-246
-268
-290
-294
-259
-235
-157
-139
-98
-102
-29
-58
-76
-115
-134
-179
-201
-216
-169
-193
-121
-62
-33
-12
127
148
323
415
483
667
711
658
545
411
254
136
-25
-152
-218
-232
-234
-241
-273
-271
-312
-327
-304
-319
-329
-252
-170
-145
-136
-104
-77
-101
-107
-181
-171
-204
-209
-182
-161
-141
-122
-57
-55
46
141
225
377
475
611
703
719
659
571
404
251
131
-28
-106
-184
-186
-204
-176
-204
-245
-262
-277
-268
-253
-309
-205
-130
-111
-65
-54
-12
-61
-39
-73
-99
-111
-131
-113
-123
-79
-40
-40
27
98
143
276
404
515
613
730
803
692
591
443
267
154
25
-59
-200
-186
-179
-181
-254
-260
-240
-273
-232
-285
-235
-221
-126
-130
-76
-51
-189
-77
-95
-109
-140
-179
-177
-158
-134
-137
-78
-59
-43
39
115
195
311
419
601
671
689
647
498
340
237
132
-45
-192
-236
-227
-203
-253
-270
-310
-281
-313
-310
-335
-477
-279
-209
-183
-129
-97
-76
-108
-102
-186
-183
-205
-209
-170
-141
-161
-110
-25
-33
61
115
155
336
455
589
682
719
651
566
404
251
145
-1
-141
-173
-178
-211
-182
-239
-253
-283
-253
-273
-282
-247
-230
-161
-101
-74
-47
-21
-31
-12
-49
-104
-141
-204
-139
-140
-129
-80
-39
20
101
153
278
333
499
691
731
775
692
609
415
309
130
-1
-46
-161
-181
-189
-181
-221
-236
-279
-262
-275
-300
-274
-230
-173
-129
-55
-65
-65
-66
-143
-137
-161
-182
-183
-169
-150
-127
-109
-67
-44
3
100
134
325
394
543
627
697
646
531
371
245
150
-40
-175
-220
-249
-186
-237
-268
-305
-342
-343
-300
-334
-489
-281
-213
-158
-70
-76
-106
-58
-47
-131
-184
-226
-222
-222
-182
-165
-161
-109
-113
-33
135
129
306
393
543
643
677
667
583
419
295
153
19
-33
-182
-209
-184
-195
-330
-265
-271
-257
-268
-251
-319
-237
-143
-109
-72
-71
-43
-49
-44
-108
-127
-149
-120
-141
-133
-77
-67
-24
-15
47
133
180
311
449
564
699
785
739
627
503
297
176
130
-54
-119
-165
-170
-161
-188
-229
-236
-279
-268
-290
-229
-221
-257
-126
-131
-57
-103
-101
-102
-151
-165
-169
-175
-161
-172
-140
-75
-77
-44
1
103
135
291
414
535
651
756
657
587
394
247
135
-34
-149
-237
-211
-220
-227
-236
-274
-310
-301
-310
-309
-270
-263
-183
-146
-138
-93
-81
-55
-80
-145
-184
-181
-223
-218
-207
-153
-135
-93
-49
-35
80
127
251
391
514
655
705
675
582
475
330
180
55
-24
-157
-157
-161
-209
-198
-236
-269
-254
-294
-240
-249
-219
-147
-117
-54
-73
-53
-25
-61
-77
-74
-141
-141
-134
-133
-110
-85
-34
-42
39
83
139
321
410
539
619
751
727
641
515
363
213
148
-15
-115
-147
-122
-154
-170
-196
-236
-240
-270
-275
-250
-223
-204
-146
-87
-77
-69
-57
-71
-87
-130
-152
-161
-161
-139
-156
-127
-61
-61
-7
63
139
148
321
419
547
661
674
614
486
358
207
135
-21
-190
-223
-190
-222
-280
-277
-265
-320
-284
-302
-327
-298
-242
-186
-140
-125
-77
-86
-86
-80
-130
-177
-178
-213
-191
-199
-155
-129
-45
-58
18
80
139
246
351
501
635
682
687
563
463
291
161
90
-37
-154
-178
-173
-179
-218
-232
-250
-242
-263
-263
-261
-186
-181
-101
-76
-44
-46
-45
-44
-9
-80
-109
-143
-161
-137
-60
-81
-28
-28
79
122
123
278
465
532
663
710
714
625
497
327
217
155
-35
-122
-126
-151
-163
-172
-175
-249
-243
-250
-237
-255
-217
-174
-80
-76
-53
-44
-31
-61
-59
-121
-109
-155
-129
-154
-152
-95
-75
-76
3
51
113
137
314
419
571
681
675
608
287
339
181
123
-122
-173
-215
-220
-213
-235
-245
-286
-259
-300
-282
-302
-300
-236
-198
-145
-102
-102
-69
-106
-108
-141
-172
-189
-193
-188
-171
-137
-119
-57
-29
7
135
145
298
415
557
630
667
629
555
373
242
127
-14
-119
-139
-131
-172
-215
-194
-253
-249
-249
-261
-250
-239
-199
-145
-76
-27
-31
3
-30
-138
-76
-126
-134
-80
-121
-80
-85
-40
-67
-12
67
147
163
326
399
591
707
781
741
613
486
308
167
89
-33
-146
-151
-129
-140
-174
-217
-238
-251
-251
-278
-269
-206
-115
-108
-44
-34
-17
-6
-37
-40
-96
-145
-155
-184
-161
-121
-101
-85
-29
-75
51
116
177
298
455
564
672
671
626
497
361
209
150
-40
-159
-203
-236
-206
-230
-249
-290
-281
-297
-318
-315
-298
-243
-177
-127
-133
-55
-65
-66
-113
-130
-174
-170
-146
-171
-169
-156
-95
-63
-43
-17
73
155
297
451
551
661
650
643
547
369
244
191
-3
-97
-181
-167
-184
-201
-199
-221
-247
-238
-275
-262
-236
-184
-140
-93
-47
-29
-11
-31
-25
-40
-109
-151
-154
-129
-150
-80
-62
-45
-22
59
117
245
312
419
563
665
755
722
597
469
307
169
111
-63
-129
-139
-153
-172
-172
-215
-240
-217
-251
-220
-239
-165
-146
-93
-67
-44
-33
-45
-18
-49
-109
-170
-161
-147
-140
-126
-94
-43
-44
25
31
114
148
334
419
587
641
692
614
515
319
180
127
-39
-161
-225
-214
-242
-236
-245
-293
-283
-316
-293
-330
-267
-236
-161
-137
-112
-78
-83
-61
-40
-107
-139
-186
-201
-202
-161
-177
-166
-61
-179
-19
75
148
342
389
551
641
667
622
551
375
291
146
-18
-38
-169
-179
-169
-209
-205
-263
-220
-267
-234
-255
-205
-189
-108
-96
-57
-18
-33
-40
-42
-75
-118
-132
-138
-129
-103
-95
-35
-43
21
79
115
228
339
458
585
700
722
719
589
419
288
147
39
-30
-113
-151
-147
-172
-206
-223
-225
-247
-255
-253
-230
-207
-151
-76
-62
-12
-39
-35
-22
-103
-122
-147
-144
-145
-145
-146
-104
-65
-63
-21
79
123
295
358
502
583
674
643
555
419
259
151
-10
-50
-205
-214
-216
-229
-261
-281
-302
-300
-293
-323
-293
-266
-223
-135
-139
-80
-76
-99
-97
-114
-135
-172
-186
-198
-155
-157
-113
-101
-47
-37
42
126
189
330
404
567
675
661
582
446
290
161
113
-19
-171
-186
-186
-172
-177
-223
-247
-266
-253
-287
-267
-221
-177
-140
-76
-51
-44
-25
-15
-31
-22
-98
-125
-119
-114
-97
-93
-33
-25
21
131
123
258
343
495
611
721
705
689
551
419
259
163
-25
-37
-137
-157
-172
-186
-206
-178
-229
-267
-247
-249
-242
-229
-124
-107
-61
-80
-24
-44
-61
-108
-150
-238
-161
-156
-155
-125
-97
-42
-17
14
99
135
292
415
537
643
661
603
503
375
198
155
-12
-184
-194
-183
-225
-246
-254
-255
-301
-286
-310
-321
-298
-251
-204
-170
-129
-57
-58
-101
-76
-137
-151
-316
-215
-202
-202
-166
-150
-78
-25
-17
94
155
272
404
547
654
692
611
502
362
209
141
-34
-149
-202
-171
-182
-201
-214
-249
-255
-257
-284
-255
-247
-232
-135
-109
-85
-53
-22
-44
-73
-85
-150
-145
-139
-138
-106
-38
-50
-34
23
63
126
273
361
490
630
701
719
637
535
387
227
139
-3
-114
-141
-232
-151
-172
-204
-234
-250
-268
-254
-259
-262
-204
-143
-76
-49
-76
-55
-28
-35
-61
-120
-172
-175
-138
-166
-135
-96
-44
-60
68
135
137
315
419
567
721
665
608
499
335
207
155
-33
-140
-216
-165
-198
-245
-271
-274
-287
-301
-304
-316
-285
-226
-204
-157
-102
-94
-77
-103
-117
-146
-168
-197
-177
-184
-190
-146
-130
-73
-28
-15
115
175
330
447
575
675
661
543
483
307
190
153
-12
-181
-201
-184
-202
-180
-220
-220
-255
-236
-249
-284
-221
-181
-126
-61
-74
-38
-7
-48
-85
-123
-143
-150
-151
-129
-127
-97
-40
-22
67
133
225
338
455
562
707
763
727
619
459
323
171
183
-44
-156
-157
-134
-166
-211
-179
-230
-220
-238
-229
-238
-211
-169
-109
-39
-57
-28
-28
-121
-42
-111
-145
-172
-173
-133
-140
-93
-76
-71
47
87
118
291
402
515
651
751
679
577
419
298
103
-11
-150
-202
-220
-232
-209
-221
-265
-267
-268
-287
-313
-363
-259
-184
-159
-109
-103
-80
-73
-141
-157
-177
-201
-225
-201
-204
-169
-99
-119
-70
-28
98
121
281
354
515
626
737
678
564
419
250
116
-236
-63
-183
-186
-195
-197
-205
-222
-253
-250
-268
-285
-246
-223
-203
-138
-55
-30
-55
-53
-63
-93
-119
-160
-147
-140
-140
-106
-50
-25
-171
77
117
257
350
463
609
707
651
739
635
468
318
175
114
-31
-139
-157
-258
-131
-158
-204
-234
-230
-158
-245
-240
-214
-141
-109
-62
-27
-12
-25
-43
-34
-123
-172
-190
-181
-153
-129
-71
-55
-33
33
116
133
273
401
543
634
714
692
611
457
311
178
31
-33
-191
-204
-189
-220
-268
-230
-315
-293
-294
-301
-297
-268
-230
-145
-166
-115
-125
-79
-93
-123
-166
-218
-203
-235
-358
-168
-139
-102
-45
-19
103
131
297
394
519
651
699
661
573
387
253
149
-12
-156
-147
-186
-165
-216
-221
-238
-251
-262
-246
-255
-247
-220
-169
-94
-45
-63
-193
-28
-86
-97
-113
-143
-155
-143
-115
-93
-209
-28
-12
72
142
257
255
459
589
714
751
727
611
451
293
186
27
-44
-198
-149
-138
-149
-157
-197
-180
-236
-207
-253
-237
-198
-156
-60
-37
-63
-54
-29
-42
-109
-133
-153
-161
-161
-138
-108
-65
-39
-17
77
133
258
308
474
613
694
767
635
535
372
217
135
-29
-190
-202
-218
-201
-226
-245
-255
-300
-298
-315
-306
-426
-224
-173
-153
-78
-67
-93
-102
-131
-144
-190
-198
-198
-204
-173
-127
-71
-53
-37
51
135
207
278
470
574
683
630
601
461
311
229
144
-10
-203
-203
-226
-204
-209
-235
-264
-271
-290
-273
-251
-246
-204
-312
-80
-23
-38
-46
-61
-103
-120
-138
-168
-171
-154
-123
-75
-23
-28
51
117
131
346
479
578
714
761
767
651
485
356
186
129
-28
-157
-155
-145
-154
-157
-219
-215
-230
-236
-242
-249
-177
-125
-140
-67
-44
-28
-60
-73
-114
-130
-155
-161
-153
-150
-120
-86
-40
-40
51
103
116
302
419
573
665
724
702
585
405
246
152
-11
-112
-213
-226
-205
-199
-232
-245
-283
-300
-296
-298
-274
-250
-213
-141
-125
-108
-102
-98
-140
-173
-204
-225
-242
-221
-202
-165
-131
-78
-62
5
106
151
293
419
550
681
675
628
506
340
193
130
-14
-181
-220
-211
-225
-230
-247
-245
-261
-285
-271
-284
-253
-227
-143
-101
-71
-29
-65
-76
-104
-112
-182
-194
-172
-193
-155
-124
-76
-245
-39
59
135
255
347
502
650
769
763
675
562
411
244
148
-31
-112
-157
-157
-174
-157
-186
-203
-230
-238
-265
-236
-213
-203
-137
-76
-55
-24
-31
-58
-79
-111
-150
-141
-188
-158
-145
-108
-61
-38
-27
-5
138
218
339
404
635
714
699
627
506
355
195
120
-33
-202
-214
-184
-197
-221
-232
-252
-277
-294
-309
-264
-281
-184
-159
-151
-108
-106
-76
-111
-154
-362
-216
-209
-213
-205
-177
-217
-121
-107
-23
84
138
247
342
484
615
635
675
609
467
297
157
84
-43
-220
-232
-186
-195
-236
-224
-251
-251
-268
-284
-284
-234
-221
-129
-76
-53
-27
-50
-93
-109
-125
-152
-171
-171
-142
-140
-80
-44
-51
14
95
143
279
407
511
663
763
743
639
515
369
205
144
-14
-126
-172
-130
-183
-175
-195
-199
-229
-247
-251
-232
-217
-151
-108
-57
-44
-31
-60
-62
-101
-139
-155
-220
-176
-145
-138
-80
-53
-40
-44
10
127
279
371
495
612
689
663
563
499
273
159
47
-44
-236
-232
-229
-234
-207
-242
-263
-281
-290
-300
-272
-268
-444
-156
-135
-80
-104
-103
-118
-153
-191
-218
-227
-223
-194
-155
-133
-104
-80
-17
20
123
215
333
419
565
417
663
534
407
259
163
15
-48
-204
-209
-197
-176
-203
-223
-415
-236
-249
-252
-318
-236
-172
-117
-53
-44
-66
-46
-43
-71
-127
-149
-161
-161
-143
-79
-87
-75
-46
11
97
135
265
382
505
611
771
737
626
523
391
265
135
-9
7
-140
-111
-139
-125
-170
-190
-188
-186
-224
-249
-177
-140
-93
-61
-29
5
-11
-19
-18
-130
-108
-111
-125
-115
-108
-157
-44
-46
-28
74
121
116
305
415
538
651
699
630
567
418
247
129
-12
-73
-179
-172
-182
-159
-209
-198
-238
-257
-267
-285
-257
-236
-161
-153
-79
-79
-74
-44
-104
-125
-155
-161
-191
-311
-145
-123
-97
-24
-50
-18
57
29
257
369
468
579
627
555
555
419
281
179
3
-43
-169
-203
-188
-287
-183
-209
-240
-242
-261
-250
-248
-215
-181
-108
-103
-72
-28
-65
-30
6
-37
-81
-140
-110
-131
-93
-80
-76
-37
61
80
161
221
315
419
539
662
724
647
553
417
255
186
-25
-31
-101
-134
-108
-123
-176
-194
-190
-193
-171
-209
-166
-154
-172
-49
-63
-6
-28
-19
20
-49
-49
-95
-99
-104
-77
-35
-50
-25
-28
51
116
145
257
381
546
609
639
641
522
419
291
163
83
-21
-166
-172
-198
-159
-177
-236
-203
-242
-257
-246
-268
-218
-157
-104
-78
-69
-61
-62
-181
-127
-133
-174
-189
-161
-189
-151
-101
-80
-49
-37
-71
122
161
282
381
499
404
627
564
467
310
186
129
-34
-129
-181
-192
-205
-186
-223
-444
-224
-253
-234
-204
-226
-173
-135
-76
-65
-25
-42
-30
-49
-98
-113
-250
-123
-99
-76
-61
-61
-7
-15
47
131
109
276
399
501
622
687
677
595
453
297
176
161
-37
-104
-165
-129
-148
-126
-327
-181
-197
-194
-184
-183
-147
-124
-96
-45
-30
7
-6
27
-7
-24
-104
-127
-143
-125
-120
-76
-56
-53
61
59
131
139
308
409
527
628
658
591
467
344
61
114
-34
-123
-198
-172
-182
-176
-218
-235
-235
-257
-254
-234
-342
-204
-121
-118
-79
-75
-80
-47
-35
-118
-222
-182
-205
-181
-181
-169
-140
-103
-47
-31
71
121
218
340
419
565
599
575
501
369
250
148
-54
-23
-142
-205
-193
-204
-202
-205
-270
-226
-369
-236
-204
-189
-149
-126
-76
-31
-230
-51
-22
-93
-115
-141
-125
-133
-125
-104
-236
-12
1
-35
87
114
235
308
419
564
694
663
672
531
402
244
119
7
-31
-118
-133
-135
-161
-159
-168
-177
-184
-204
-190
-186
-220
-80
-74
-24
-12
-7
-63
-14
-44
-103
-109
-131
-118
-102
-76
-59
-33
-30
20
141
122
283
378
495
549
659
609
537
419
283
89
6
-93
-171
-202
-181
-197
-223
-250
-249
-243
-257
-249
-236
-186
-167
-135
-108
-140
-96
-57
-85
-80
-141
-134
-204
-206
-180
-189
-143
-76
-75
-28
-31
99
143
306
393
515
559
581
532
417
286
157
120
-19
-173
-186
-204
-230
-214
-181
-232
-232
-229
-230
-234
-175
-157
-58
-80
-29
-76
-12
-28
-28
-76
-149
-147
-170
-141
-131
-130
-220
-39
-19
89
131
180
310
453
558
639
683
630
501
369
246
122
9
-44
-121
-149
-285
-178
-172
-169
-213
-191
-183
-203
-161
-127
-123
-44
-22
-22
-18
-28
18
-44
-74
-134
-125
-156
-137
-103
-284
-28
-44
51
135
138
275
397
486
597
629
583
489
339
227
126
15
-134
-204
-219
-246
-201
-214
-220
-236
-257
-283
-251
-255
-214
-179
-140
-97
-80
-108
-106
-95
-166
-149
-188
-213
-213
-139
-134
-131
-120
-43
-29
53
114
244
354
467
575
629
563
467
340
192
147
-23
-140
-172
-182
-184
-204
-207
-240
-255
-241
-263
-245
-220
-167
-139
-106
-73
-50
-1
-39
7
-44
-152
-138
-177
-184
-152
-109
-65
-33
-17
51
133
149
331
387
511
622
671
650
539
451
346
150
116
-17
-108
-143
-153
-157
-138
-204
-181
-220
-186
-192
-190
-169
-93
-85
-29
-28
-27
-11
-50
-28
-77
-143
-120
-167
-144
-121
-134
-46
-1
65
126
149
261
369
469
595
672
643
546
410
275
145
15
-42
-178
-204
-161
-211
-229
-263
-194
-236
-236
-250
-254
-221
-153
-137
-133
-86
-80
-71
-76
-129
-156
-190
-227
-213
-186
-150
-114
-111
-94
-33
-44
101
163
288
415
552
613
616
547
379
306
150
6
-12
-201
-206
-205
-213
-189
-201
-246
-238
-268
-249
-254
-229
-154
-107
-242
-45
-37
-31
-69
-75
-99
-173
-139
-142
-117
-119
-76
-77
-9
0
109
147
259
367
490
575
710
671
645
521
361
244
155
-12
-97
-169
-138
-169
-140
-166
-166
-186
-191
-197
-169
-159
-125
-108
25
-63
20
-19
-14
-18
-238
-155
-171
-189
-165
-129
-111
-38
-11
21
98
130
247
338
451
555
667
666
585
459
355
213
147
-35
-156
-197
-201
-221
-206
-220
-250
-281
-221
-279
-319
-171
-178
-143
-101
-63
-59
-76
-73
-138
-149
-183
-219
-209
-197
-179
-155
-108
-57
-31
30
91
115
304
417
563
643
621
539
389
276
131
22
-47
-173
-214
-206
-223
-209
-247
-262
-251
-277
-246
-236
-205
-161
-113
-95
-59
-30
-28
-77
-109
-143
-172
-168
-181
-136
-110
-107
-44
-45
40
111
130
307
373
486
627
689
655
591
463
315
184
137
-40
-139
-117
-120
-173
-172
-181
-221
-221
-193
-202
-175
-195
-107
-86
-66
-25
-45
-29
-12
-27
-47
-156
-149
-167
-125
-125
-97
-33
-25
17
113
130
276
361
500
586
660
628
571
419
131
171
51
-31
-141
-205
-214
-226
-181
-249
-232
-251
-266
-257
-221
-217
-161
-130
-101
-106
-71
-93
-101
-142
-156
-209
-226
-201
-172
-161
-143
-127
-57
-37
31
103
148
323
419
563
627
615
531
383
265
87
15
-76
-198
-223
-232
-213
-236
-257
-302
-262
-246
-236
-249
-206
-165
-106
-87
-76
-21
-59
-93
-121
-154
-169
-172
-183
-146
-133
-80
-78
-34
39
101
115
293
398
490
630
683
643
581
411
285
191
147
-45
-157
-161
-139
-172
-200
-184
-214
-181
-170
-204
-202
-142
-112
-59
3
-31
-27
-5
-12
-34
-119
-140
-172
-174
-161
-140
-60
-47
-46
79
102
137
310
385
544
628
697
659
547
407
277
126
-6
-50
-146
-217
-209
-205
-221
-254
-245
-267
-201
-246
-232
-221
-137
-103
-73
-77
-31
-44
-76
-151
-177
-221
-226
-227
-155
-181
-135
-85
-42
-38
67
151
250
359
497
595
630
627
523
358
214
126
-10
-174
-249
-245
-243
-239
-284
-278
-237
-284
-268
-249
-239
-207
-171
-95
-37
-27
-22
-74
-67
-120
-166
-156
-182
-182
-151
-95
-48
-29
-33
70
117
229
323
454
561
671
703
630
497
375
218
137
29
-38
-124
-141
-171
-177
-172
-211
-225
-200
-189
-201
-172
-146
-95
-34
-38
-37
38
7
-21
-38
-93
-159
-169
-161
-147
-110
-57
-44
80
99
158
287
373
494
599
666
665
585
477
326
213
136
-12
-197
-199
-220
-214
-225
-235
-250
-237
-235
-257
-252
-213
-177
-108
-109
-75
-53
-95
-93
-167
-169
-223
-220
-186
-204
-157
-139
-75
-45
-1
54
153
250
361
479
595
675
545
531
387
244
149
-12
-119
-203
-217
-222
-249
-271
-258
-293
-284
-274
-261
-261
-222
-172
-125
-75
-79
-58
-79
-93
-98
-167
-197
-193
-181
-157
-113
-79
-61
-42
74
129
235
331
463
565
697
675
660
534
186
263
159
0
-65
-156
-178
-183
-165
-183
-268
-237
-189
-223
-218
-188
-157
-121
-59
-40
-28
6
-12
-44
-12
-150
-189
-158
-114
-140
-101
-50
-31
47
111
117
279
341
475
605
703
659
615
515
373
209
119
-20
-153
-186
-225
-204
-204
-236
-263
-277
-254
-270
-235
-220
-189
-144
-93
-38
-76
-53
-53
-118
-139
-193
-401
-220
-178
-181
-171
-95
-121
-44
59
131
181
323
465
575
630
622
550
404
254
149
17
-39
-216
-268
-235
-235
-245
-300
-286
-277
-333
-267
-277
-249
-173
-127
-80
-63
-44
-69
-80
-113
-161
-182
-172
-171
-110
-123
-93
-44
-46
6
138
171
315
419
495
660
719
651
535
390
219
153
57
-29
-149
-188
-190
-186
-197
-230
-219
-236
-221
-225
-234
-149
-81
-42
-40
-29
-25
-6
-10
-44
-101
-160
-149
-145
-124
-95
-49
-12
43
85
134
265
367
461
615
707
692
630
530
363
203
155
12
-172
-189
-211
-209
-215
-248
-268
-246
-257
-236
-271
-230
-178
-157
-86
-99
-66
-80
-76
-141
-171
-194
-199
-198
-211
-124
-113
-93
-77
-39
51
143
158
311
419
567
611
618
553
419
290
147
-1
-40
-205
-236
-243
-237
-264
-255
-305
-297
-274
-297
-284
-245
-197
-108
-93
-96
-59
-49
-25
-79
-139
-203
-218
-195
-177
-127
-108
-28
-44
63
116
136
273
398
499
629
707
697
583
471
319
180
133
-77
-155
-197
-204
-177
-189
-215
-197
-204
-219
-235
-209
-145
-133
-35
-37
-9
-53
0
-12
-45
-108
-144
-161
-117
-127
-79
-57
-29
-22
99
131
235
319
419
579
710
714
664
554
419
275
138
-28
-158
-194
-190
-204
-205
-253
-262
-267
-230
-267
-242
-243
-203
-126
-101
-70
-61
-66
-61
-83
-175
-174
-202
-222
-174
-176
-139
-75
-46
-38
29
114
146
307
393
500
603
657
603
467
318
171
99
-44
-261
-239
-217
-268
-265
-269
-275
-283
-314
-306
-314
-266
-224
-179
-110
-80
-60
-80
-69
-127
-150
-190
-169
-204
-171
-155
-106
-71
-33
40
117
148
317
353
519
630
695
699
591
419
333
169
75
-49
-169
-215
-165
-200
-221
-236
-239
-236
-229
-249
-225
-181
-125
-76
12
-12
-22
6
5
-34
-145
-158
-176
-155
-142
-77
-33
-40
38
130
131
263
342
468
615
693
739
661
547
398
227
87
-45
-161
-182
-238
-165
-218
-251
-242
-268
-275
-278
-230
-201
-225
-139
-115
-65
-67
-63
-77
-108
-165
-221
-221
-172
-172
-151
-117
-40
-31
-45
72
169
247
346
482
610
679
627
563
414
253
133
-25
-157
-204
-261
-272
-234
-279
-289
-300
-307
-293
-314
-283
-351
-221
-131
-115
-49
-58
-67
-129
-140
-181
-213
-232
-211
-157
-129
-113
-28
-29
106
131
291
355
495
635
721
714
635
523
356
199
158
-15
-202
-213
-209
-229
-206
-229
-236
-265
-353
-273
-227
-206
-145
-107
-58
-37
-28
-34
3
-45
-131
-170
-186
-159
-140
-129
-48
-45
-3
86
142
148
320
419
567
691
741
691
587
468
306
163
-15
-22
-204
-204
-211
-220
-239
-259
-277
-283
-286
-273
-272
-236
-146
-145
-109
-62
-29
-59
-113
-159
-216
-236
-229
-215
-200
-158
-121
-33
-86
77
122
234
344
475
600
663
659
593
461
279
127
0
-29
-225
-251
-261
-232
-290
-246
-320
-294
-337
-300
-309
-267
-226
-172
-109
-65
-77
-133
-130
-139
-191
-202
-207
-182
-173
-137
-86
-38
-47
39
107
159
306
419
555
679
739
660
593
419
270
133
20
11
-204
-205
-158
-214
-235
-266
-261
-253
-247
-268
-257
-195
-140
-47
-58
-62
-44
-3
-15
-29
-157
-161
-178
-157
-168
-79
-65
-269
111
180
211
322
409
567
691
777
724
675
523
361
223
131
-15
-153
-177
-173
-189
-229
-261
-274
-255
-276
-289
-280
-229
-182
-121
-101
-83
-45
-76
-93
-159
-165
-209
-221
-201
-161
-133
-102
-46
-34
59
120
242
342
465
596
675
699
611
470
287
155
71
-44
-221
-263
-266
-239
-261
-289
-332
-287
-317
-325
-286
-282
-232
-161
-127
-113
-93
-50
-111
-184
-172
-230
-223
-240
-189
-133
-104
-69
-28
-28
123
117
310
419
575
693
751
699
567
414
283
147
-12
-12
-198
-194
-207
-219
-251
-229
-285
-268
-271
-258
-269
-218
-163
-93
-51
-31
-12
-22
-11
-44
-163
-161
-194
-140
-127
-76
-50
-30
83
123
126
311
404
547
665
788
729
707
537
372
228
143
-12
-144
-170
-169
-215
-215
-246
-255
-253
-236
-255
-266
-227
-202
-140
-108
-101
-74
-93
-61
-145
-150
-173
-206
-232
-159
-123
-103
-31
-38
-38
91
134
351
403
527
622
719
643
575
386
274
155
-44
-169
-216
-223
-226
-243
-279
-290
-284
-306
-325
-332
-295
-261
-254
-143
-98
-115
-79
-96
-127
-177
-193
-235
-190
-200
-174
-121
-79
-71
-55
43
125
228
350
449
611
689
661
627
481
339
193
94
-236
-161
-209
-172
-195
-204
-235
-253
-268
-252
-234
-251
-236
-175
-108
-69
-36
-31
-45
-57
-76
-135
-140
-172
-161
-130
-76
-55
-53
-1
68
131
215
343
468
586
745
730
707
627
468
313
165
116
3
-157
-163
-199
-394
-204
-203
-225
-276
-253
-243
-263
-186
-141
-108
-61
-22
-44
-40
-79
-156
-172
-141
-201
-157
-140
-108
-93
-59
-48
66
133
243
343
419
587
664
691
407
486
313
171
137
-30
-179
-213
-191
-222
-259
-283
-302
-305
-327
-313
-295
-274
-207
-172
-153
-109
-80
-95
-110
-137
-172
-220
-232
-217
-151
-158
-100
-101
-40
-30
104
135
236
371
537
634
671
651
567
419
254
139
5
-71
-181
-169
-194
-194
-209
-242
-251
-245
-234
-237
-207
-173
-139
-71
-54
-27
-44
-45
-69
-114
-239
-166
-150
-135
-93
-79
-15
-12
44
116
139
275
375
499
643
724
707
651
561
369
245
151
0
-63
-156
-158
-138
-161
-204
-232
-223
-252
-506
-239
-204
-161
-106
-50
-51
-48
-104
-76
-85
-145
-169
-165
-143
-157
-114
-93
-30
-23
-19
115
141
290
347
495
617
675
657
569
417
290
167
11
-19
-183
-209
-209
-201
-242
-249
-294
-255
-294
-302
-300
-257
-195
-139
-139
-106
-95
-101
-125
-134
-203
-183
-193
-198
-140
-106
-83
-65
-53
-30
135
144
293
407
515
647
675
694
522
319
225
155
-28
-108
-193
-171
-174
-186
-232
-238
-279
-245
-273
-271
-240
-235
-167
-65
-27
-24
-45
-38
-101
-76
-127
-151
-153
-139
-107
-46
-28
-15
47
122
133
266
375
468
611
739
731
672
523
401
270
100
0
-40
-157
-158
-171
-171
-175
-204
-257
-204
-250
-239
-195
-172
-125
-51
-60
-12
-59
-61
-78
-140
-146
-202
-174
-121
-118
-104
-50
-45
58
103
151
277
392
515
595
691
628
561
419
267
143
31
-6
-171
-204
-181
-229
-223
-266
-284
-291
-293
-283
-289
-262
-218
-165
-97
-93
-79
-109
-146
-154
-188
-204
-190
-171
-151
-140
-103
-69
-15
-1
81
131
276
372
507
627
682
657
547
394
265
135
-11
-40
-171
-193
-172
-171
-216
-246
-290
-278
-277
-273
-217
-182
-157
-77
-72
-45
-12
-44
-73
-109
-283
-172
-141
-121
-107
-80
-15
-49
47
100
151
247
367
473
622
714
755
675
538
402
279
143
14
-31
-140
-151
-170
-167
-204
-219
-219
-214
-311
-240
-221
-161
-102
-81
-53
-55
-44
-37
-103
-181
-209
-177
-167
-121
-111
-104
-43
-28
-53
80
126
277
355
486
596
683
680
587
453
278
151
63
-17
-204
-220
-218
-207
-226
-258
-300
-298
-311
-291
-285
-268
-219
-298
-126
-108
-97
-109
-140
-158
-209
-186
-221
-211
-157
-129
-101
-61
-31
-59
89
150
255
372
515
629
643
630
539
419
248
131
-15
-27
-190
-186
-199
-204
-224
-236
-239
-267
-277
-268
-258
-204
-146
-132
-101
-30
-25
-63
-83
-127
-149
-138
-153
-109
-115
-71
-19
3
43
88
159
298
373
490
634
717
722
687
529
371
266
161
-12
-55
-129
-135
-156
-209
-217
-219
-220
-249
-237
-302
-224
-154
-108
-76
-45
-45
-62
-44
-99
-165
-161
-172
-167
-140
-101
-81
-46
-44
69
127
151
272
403
549
661
701
629
519
372
213
158
-28
-150
-182
-204
-202
-220
-255
-262
-261
-293
-300
-298
-270
-248
-194
-146
-77
-110
-129
-135
-157
-181
-194
-215
-238
-172
-161
-121
-58
-44
-29
58
84
274
371
470
547
639
603
537
415
244
145
-28
-186
-191
-193
-204
-209
-219
-373
-269
-269
-287
-281
-284
-193
-166
-109
-107
-60
-93
-87
-78
-108
-154
-237
-166
-155
-117
-28
-33
-25
49
143
134
277
373
523
663
675
710
639
475
354
237
148
-9
-109
-156
-110
-163
-156
-204
-443
-265
-247
-268
-218
-203
-155
-103
-213
-45
-10
-37
-75
-101
-114
-165
-169
-141
-71
-99
-63
-61
-44
47
119
149
355
419
545
653
724
659
527
367
225
135
-158
-146
-301
-213
-211
-217
-209
-261
-268
-300
-337
-294
-289
-241
-189
-154
-103
-108
-45
-80
-104
-178
-219
-224
-242
-237
-179
-157
-104
-45
-80
53
87
137
308
419
565
670
647
595
458
331
167
127
-9
-150
-192
-186
-203
-202
-281
-263
-251
-268
-271
-253
-221
-188
-301
-66
-55
-42
-71
-114
-74
-150
-271
-201
-184
-139
-97
-85
-33
-35
75
123
123
314
467
578
679
731
686
577
457
271
169
54
-42
-142
-156
-158
-157
-173
-220
-221
-268
-229
-188
-218
-189
-153
-44
-58
-153
-28
-27
-30
-177
-155
-170
-173
-125
-125
-56
-57
-58
24
79
119
262
372
503
603
691
681
601
453
298
163
139
-43
-157
-186
-186
-184
-224
-288
-265
-298
-297
-289
-275
-281
-226
-154
-110
-93
-109
-135
-186
-176
-165
-203
-205
-213
-177
-156
-111
-108
-27
-49
103
139
288
382
511
625
675
619
514
336
207
127
-7
-159
-172
-215
-182
-225
-246
-261
-281
-268
-237
-274
-266
-201
-139
-106
-37
-80
-57
-59
-102
-143
-170
-186
-154
-143
-78
-65
-61
-49
15
85
123
259
391
419
597
695
722
655
532
379
239
119
-27
-96
-173
-144
-145
-167
-188
-222
-229
-247
-243
-246
-177
-169
-153
-103
-81
-55
-53
-21
-70
-109
-143
-149
-118
-103
-123
-79
-51
-35
96
106
148
293
387
507
643
693
705
562
419
308
163
35
-12
-181
-198
-172
-191
-240
-236
-282
-219
-301
-294
-285
-227
-209
-151
-101
-94
-102
-75
-140
-154
-223
-213
-234
-165
-167
-149
-117
-44
-55
-45
89
148
289
367
531
613
647
597
475
369
176
211
-21
-159
-215
-205
-215
-220
-234
-267
-274
-295
-293
-293
-245
-141
-151
-83
-93
-47
-71
-75
-129
-135
-172
-170
-163
-107
-137
-76
-33
6
51
155
163
293
369
513
647
717
693
599
419
338
184
51
-25
-114
-154
-143
-166
-172
-197
-286
-214
-236
-194
-191
-170
-133
-55
-28
-46
1
-42
-63
-115
-108
-126
-142
-123
-76
-78
-31
-44
-12
99
143
230
367
465
590
692
682
617
503
344
242
155
-27
-151
-145
-186
-181
-184
-207
-265
-284
-273
-297
-266
-219
-195
-96
-111
-81
-86
-44
-108
-146
-166
-173
-217
-179
-190
-139
-140
-45
-53
0
71
147
265
365
479
589
658
630
543
387
250
174
-6
-157
-207
-220
-219
-216
-234
-277
-272
-368
-280
-244
-285
-207
-146
-107
-70
-76
-95
-50
-86
-131
-158
-144
-168
-121
-133
-45
-57
-27
-17
88
167
281
369
503
614
714
691
639
509
306
207
158
-7
-109
-157
-123
-158
-190
-169
-206
-230
-175
-220
-218
-184
-141
-104
-55
-60
19
-50
-35
-94
-107
-113
-125
-127
-115
-86
-23
-40
11
75
137
222
337
483
551
679
739
643
553
383
263
131
11
-43
-198
-181
-204
-175
-213
-245
-246
-257
-284
-295
-243
-188
-158
-119
-94
-93
-98
-123
-139
-178
-161
-194
-176
-159
-150
-145
-77
-50
-33
57
160
272
359
490
607
667
663
534
393
258
157
-12
-143
-225
-221
-230
-241
-250
-241
-290
-254
-302
-282
-275
-207
-192
-108
-113
-44
-77
-101
-111
-153
-181
-186
-190
-155
-111
-101
-44
-37
-29
81
155
292
366
533
645
739
730
638
506
373
186
116
0
-222
-158
-153
-167
-181
-193
-211
-234
-261
-246
-194
-189
-136
-125
-44
-53
-114
-11
-61
-103
-145
-166
-215
-125
-103
-93
-46
-27
55
107
149
295
379
503
643
719
775
655
519
361
166
133
-17
-161
-181
-202
-156
-197
-236
-282
-274
-253
-277
-284
-266
-205
-122
-121
-59
-93
-95
-130
-153
-178
-216
-197
-173
-165
-117
-106
-59
-40
22
130
175
322
419
583
689
675
609
479
330
180
160
-70
-146
-221
-195
-215
-220
-267
-298
-290
-314
-311
-300
-286
-243
-163
-76
-101
-76
-97
-122
-133
-151
-169
-177
-186
-127
-101
-106
-31
-211
67
0
225
325
467
607
695
763
679
545
387
254
146
-12
-119
-172
-171
-155
-172
-206
-219
-220
-230
-268
-242
-213
-156
-108
-61
-35
-42
-27
-59
-93
-130
-143
-157
-119
-109
-121
-50
-12
25
148
148
342
475
514
640
727
755
667
543
313
217
191
-19
-124
-184
-170
-192
-207
-227
-237
-249
-245
-278
-285
-230
-192
-109
-175
-93
-45
-97
-113
-170
-177
-204
-225
-197
-133
-117
-94
-42
-31
80
123
227
335
479
611
675
675
615
473
281
156
25
-58
-206
-318
-236
-197
-232
-269
-277
-301
-300
-302
-312
-247
-241
-184
-134
-117
-112
-146
-134
-200
-220
-236
-219
-171
-155
-118
-99
-67
-29
84
111
309
407
567
637
724
722
629
486
359
177
103
-28
-155
-184
-194
-174
-196
-220
-255
-265
-253
-262
-250
-200
-167
-110
-30
-25
-58
-76
-93
-131
-172
-157
-169
-161
-107
-84
-45
-31
47
116
161
298
419
539
711
754
760
641
509
325
212
123
-6
-147
-170
-173
-369
-189
-232
-220
-246
-284
-305
-291
-197
-186
-157
-125
-108
-63
-114
-153
-155
-206
-217
-204
-194
-157
-112
-61
-3
-17
84
111
273
367
513
626
691
643
533
390
232
122
-33
-135
-232
-221
-248
-223
-252
-274
-319
-319
-298
-310
-295
-267
-207
-139
-129
-104
-245
-108
-236
-176
-204
-216
-226
-161
-130
-115
-77
-76
-28
86
137
273
379
503
643
707
713
619
500
344
194
131
-34
-172
-173
-177
-172
-186
-202
-234
-237
-225
-257
-237
-193
-157
-103
-44
-59
-42
-44
-79
-95
-142
-149
-136
-119
-76
-118
-48
1
85
117
259
353
459
557
719
786
725
659
465
331
184
143
-31
-108
-204
-161
-159
-149
-232
-245
-236
-250
-261
-237
-197
-108
-117
-93
-65
-43
-93
-81
-157
-195
-198
-186
-184
-161
-108
-61
-39
-44
84
111
241
305
490
643
703
667
564
577
263
131
-77
-123
-250
-243
-236
-223
-279
-271
-327
-315
-298
-302
-315
-294
-226
-123
-123
-99
-94
-138
-149
-186
-205
-213
-209
-205
-167
-139
-97
-77
-31
51
135
251
371
463
622
679
699
597
458
321
165
143
-40
-151
-207
-186
-202
-181
-236
-246
-257
-245
-298
-219
-204
-137
-94
-65
-60
-43
-57
-73
-133
-117
-145
-149
-121
-62
-65
7
-39
87
116
142
297
399
515
645
759
795
665
529
399
244
123
-12
-77
-151
-140
-159
-172
-188
-223
-186
-236
-225
-239
-194
-155
-77
-96
-12
-77
-5
-66
-111
-146
-172
-184
-143
-110
-112
-50
-220
-35
71
121
227
331
450
585
695
703
675
495
351
214
158
-25
-186
-213
-222
-215
-207
-277
-264
-284
-268
-321
-284
-259
-215
-201
-60
-63
-62
-137
-125
-126
-133
-203
-192
-178
-141
-108
-86
-73
-15
-23
118
143
320
415
543
654
703
651
546
411
251
132
-12
-33
-167
-172
-145
-197
-184
-249
-253
-241
-242
-232
-171
-174
-141
-77
-43
-23
-38
-71
-106
-102
-135
-153
-127
-94
-60
-40
-5
20
91
125
211
335
451
579
709
756
721
622
450
311
180
150
-6
-130
-135
-141
-146
-167
-195
-182
-206
-209
-241
-199
-161
-109
-55
-44
-19
-55
-22
-106
-117
-156
-163
-157
-117
-108
-94
-50
-33
9
89
139
282
342
485
599
659
646
596
419
329
161
117
-53
-173
-207
-181
-209
-219
-266
-273
-277
-284
-284
-253
-241
-182
-131
-114
-110
-95
-93
-139
-178
-203
-203
-189
-142
-151
-127
-61
-33
-37
40
135
225
327
419
579
679
634
561
467
293
212
146
-31
-149
-145
-193
-161
-204
-234
-250
-246
-280
-203
-236
-195
-130
-86
-50
-17
-44
-25
-80
-50
-121
-137
-157
-107
-109
-53
-27
-21
25
95
131
212
337
411
514
655
703
675
583
455
308
195
133
-12
-119
-125
-137
-157
-199
-204
-214
-227
-226
-202
-189
-150
-122
-127
-49
-34
-55
-93
-81
-94
-144
-125
-120
-140
-104
-43
-54
-7
37
107
154
247
338
479
570
603
633
575
459
311
186
115
-37
-127
-215
-171
-203
-195
-234
-236
-261
-255
-278
-283
-262
-186
-169
-85
-76
-79
-110
-98
-161
-190
-199
-186
-189
-123
-107
-77
-83
-17
25
111
150
291
393
523
627
617
554
455
317
215
139
-21
-156
-173
-171
-181
-204
-217
-226
-230
-260
-229
-239
-205
-182
-147
-74
-53
-30
-71
-66
-104
-146
-120
-141
-133
-118
-57
-27
-43
-12
61
118
215
341
419
564
674
703
643
583
461
302
143
151
-167
-137
-113
-142
-149
-182
-211
-214
-213
-217
-206
-189
-140
-137
-71
-51
-28
-30
-71
-79
-85
-151
-157
-143
-111
-106
-46
-23
-12
46
116
159
275
340
479
593
667
649
566
419
275
143
95
-55
-339
-171
-154
-205
-209
-241
-277
-250
-273
-297
-315
-232
-186
-151
-113
-113
-73
-121
-140
-163
-204
-213
-205
-172
-157
-134
-103
-58
-27
36
119
148
313
393
531
595
379
566
467
308
165
131
-23
-148
-316
-205
-217
-206
-241
-239
-267
-237
-249
-235
-220
-173
-113
-80
-65
-47
-60
-101
-129
-171
-137
-151
-157
-81
-53
-39
-29
-5
66
127
223
329
415
513
633
692
651
532
402
276
155
27
-14
-127
-133
-125
-149
-160
-159
-203
-225
-232
-172
-159
-161
-125
-55
-53
-49
-44
-55
-103
-97
-169
-145
-124
-127
-102
-44
-18
-66
66
94
147
289
383
537
621
655
587
514
363
228
153
0
-51
-159
-177
-157
-189
-222
-238
-238
-239
-286
-247
-230
-202
-151
-104
-78
-95
-109
-101
-184
-175
-181
-189
-172
-167
-117
-121
-61
-45
-5
53
132
180
340
446
571
597
615
531
402
244
141
19
-45
-172
-230
-190
-199
-223
-225
-270
-251
-221
-268
-224
-184
-126
-97
-61
-50
-50
-76
-125
-145
-135
-161
-158
-134
-107
-76
-39
-57
33
83
114
255
323
490
593
643
667
609
486
330
227
143
-12
-144
-140
-134
-140
-161
-182
-138
-204
-201
-215
-206
-175
-140
-62
-75
-17
-44
-29
-80
-99
-129
-124
-140
-104
-97
-46
-43
-19
-1
81
133
235
327
409
561
639
667
627
515
340
191
137
-21
-140
-201
-209
-173
-199
-197
-223
-249
-269
-271
-267
-250
-172
-140
-117
-93
-72
-69
-130
-137
-182
-220
-186
-203
-153
-273
-108
-76
-43
-28
80
119
270
338
490
586
622
607
468
359
179
-12
-12
-140
-186
-209
-209
-204
-225
-284
-249
-177
-352
-181
-239
-205
-139
-76
-83
-49
-74
-110
-118
-112
-160
-156
-155
-143
-77
-72
-29
-28
84
19
227
308
419
564
659
699
634
503
399
255
139
31
-44
-236
-146
-119
-156
-76
-201
-214
-202
-221
-206
-232
-147
-98
-39
-47
3
-5
-49
-76
-104
-109
-150
-126
-50
-42
-45
-21
-21
98
104
237
298
418
534
479
667
367
500
327
207
131
-1
-55
-167
-173
-194
-198
-221
-221
-261
-236
-243
-257
-254
-198
-174
-126
-104
-73
-93
-80
-156
-140
-171
-199
-191
-171
-140
-103
-61
-1
-40
89
133
246
351
500
575
643
595
419
308
193
148
-69
-157
-234
-229
-209
-246
-232
-287
-269
-288
-278
-284
-253
-209
-136
-12
-33
-81
-70
-107
-113
-171
-157
-177
-159
-141
-85
-85
-40
-50
43
138
143
309
401
515
646
667
627
516
379
242
103
-7
-44
-159
-258
-169
-138
-193
-186
-200
-232
-203
-207
-189
-158
-104
-27
-11
-34
-44
-44
-55
-106
-127
-126
-138
-108
-53
-44
-33
0
83
135
139
308
387
510
615
691
634
559
398
244
151
-25
-39
-171
-176
-191
-182
-194
-245
-239
-251
-230
-245
-173
-217
-104
-99
-61
-93
-97
-101
-119
-126
-175
-184
-216
-163
-146
-110
-141
-57
-9
46
151
155
317
399
558
595
602
517
343
243
142
-6
-63
-198
-223
-206
-298
-245
-175
-267
-263
-252
-240
-268
-241
-183
-123
-114
-101
-76
-109
-141
-153
-182
-186
-172
-161
-156
-47
-61
-130
-43
54
129
153
293
384
502
632
661
599
503
419
243
149
-12
-72
-171
-139
-177
-170
-183
-197
-204
-219
-203
-284
-171
-232
-107
-39
-35
-31
-30
-25
-28
-93
-137
-97
-107
-94
-93
-58
-37
-7
72
91
143
257
355
471
586
651
660
551
419
313
181
179
-21
-147
-169
-151
-183
-197
-202
-236
-230
-213
-241
-229
-209
-85
-44
-53
-97
-86
-76
-76
-125
-204
-174
-174
-159
-153
-110
-263
-59
-51
35
115
161
242
323
451
523
387
570
453
276
184
138
-127
-154
-215
-225
-230
-220
-223
-271
-283
-293
-366
-267
-262
-183
-163
-137
-167
-81
-104
-95
-123
-121
-160
-153
-219
-129
-141
-97
-42
-54
-40
81
115
243
337
419
479
610
624
555
463
302
198
151
-28
-152
-191
-204
-203
-181
-204
-223
-218
-229
-186
-204
-173
-126
-70
-43
-44
-28
-40
-33
-122
-104
-141
-119
-78
-106
-101
-76
-40
36
115
115
255
339
419
537
627
660
607
467
377
214
170
-37
-95
-177
-165
-191
-167
-224
-226
-259
-254
-241
-267
-236
-158
-159
-56
-65
-56
-44
-73
-112
-151
-172
-225
-203
-158
-98
-259
-74
-42
80
80
130
251
337
399
535
591
555
498
356
222
146
-19
-151
-194
-230
-235
-294
-265
-267
-287
-304
-249
-267
-248
-223
-218
-172
-79
-81
-184
-107
-131
-157
-153
-167
-205
-156
-102
-83
-28
-24
-9
66
133
263
319
419
563
633
586
541
449
279
163
157
-23
-129
-262
-143
-192
-171
-190
-236
-216
-239
-204
-202
-181
-125
-80
-17
-33
-28
-45
-44
-86
-127
-125
-140
-101
-51
-75
-35
-27
63
51
138
259
340
478
577
635
660
625
517
363
129
156
-23
-37
-178
-181
-184
-203
-213
-253
-212
-221
-235
-247
-189
-171
-103
-50
-55
-51
-39
-80
-98
-167
-157
-181
-157
-139
-108
-98
-27
-22
73
153
193
307
377
499
607
612
550
419
318
184
129
-44
-175
-227
-220
-236
-243
-255
-309
-273
-267
-313
-268
-232
-199
-149
-117
-141
-97
-110
-110
-108
-149
-157
-183
-225
-107
-108
-76
-53
-29
79
125
159
308
414
595
595
651
399
471
339
242
151
-23
-182
-189
-169
-204
-197
-250
-220
-221
-232
-225
-206
-177
-133
-62
-47
-3
9
-18
-40
-37
-73
-104
-109
-95
-76
-46
-12
-6
47
139
146
275
358
453
527
625
667
622
531
403
276
149
40
-28
-290
-165
-172
-172
-213
-186
-268
-253
-236
-249
-201
-169
-121
-75
-57
-53
-60
-80
-109
-154
-175
-149
-181
-144
-139
-66
-69
-58
14
123
119
307
376
496
596
637
579
465
348
107
155
-5
-188
-207
-259
-232
-253
-292
-291
-287
-296
-277
-268
-258
-232
-160
-282
-86
-77
-72
-104
-140
-186
-165
-230
-155
-146
-119
-93
-62
-29
51
135
153
219
394
511
627
657
622
523
338
225
177
-78
-109
-222
-204
-201
-209
-203
-236
-225
-250
-253
-206
-189
-173
-191
-71
-44
-21
-7
-44
-127
-104
-108
-127
-104
-49
-62
-45
-83
57
86
194
255
372
465
535
643
677
655
526
404
259
169
6
-44
-145
-186
-156
-176
-198
-204
-254
-215
-232
-184
-198
-191
-125
-61
-47
-33
-65
-53
-133
-113
-161
-199
-199
-134
-171
-79
-28
37
40
146
117
279
403
494
563
653
603
335
397
275
158
-23
-44
-262
-243
-254
-223
-263
-252
-278
-286
-313
-297
-253
-218
-173
-144
-93
-106
-76
-114
-98
-143
-161
-191
-300
-155
-156
-103
-44
-23
-57
85
148
282
359
457
555
628
622
558
404
267
158
11
-55
-186
-246
-189
-268
-251
-254
-268
-264
-287
-331
-246
-158
-175
-121
-55
-70
-60
-190
-17
-79
-27
-156
-147
-272
-161
-10
-31
-97
85
131
153
318
391
382
619
691
703
635
501
323
114
180
-15
-125
-125
5
-177
-178
-184
-302
-238
-172
-217
-222
-224
-181
-135
-40
-23
-102
62
-93
-113
-157
-170
-163
-145
-125
-108
-54
-23
25
115
137
283
327
486
607
611
628
537
375
331
207
-34
20
-204
-236
-234
-271
-338
-300
-306
-354
-314
-262
-325
-249
-205
-134
-137
-83
-113
-113
-156
-201
-165
-180
-213
-236
-140
-133
-107
-55
-49
57
155
242
340
523
447
678
547
599
419
259
135
38
-53
-238
-221
-214
-274
-186
-236
-215
-170
-271
-271
-369
-286
-213
-127
-46
-74
-101
-73
-133
-131
-127
-184
-112
-93
-343
-58
-108
-29
66
119
238
385
415
467
734
710
659
585
405
255
163
198
14
-178
-204
-172
-204
-184
-180
-262
-304
-199
-272
-221
-211
-137
-66
-76
-123
-56
-95
-114
-129
-174
-163
-166
-271
-116
-94
-73
-12
-5
37
123
244
327
419
563
622
615
539
401
276
156
1
-57
-172
-278
-241
-227
-329
-381
-295
-278
-379
-302
-297
-290
-197
-186
-140
-117
-197
-74
-76
-135
-203
-217
-227
-216
-129
-108
-173
-44
-138
87
143
243
225
379
594
586
298
473
375
260
143
7
-50
-211
-261
-214
-194
-238
-232
-237
-348
-283
-304
-255
-197
-165
-154
-76
-61
-75
-57
-77
-97
-140
-153
-155
-131
-103
-127
-40
-40
62
131
135
282
368
419
595
682
699
661
517
323
243
9
-9
-29
-163
-117
-170
-253
-209
-254
-209
-219
-255
-205
-203
-171
-119
-95
-33
-30
-57
-62
-171
-138
-244
-158
-113
-79
-63
-63
-29
31
89
151
259
373
459
607
675
617
621
468
246
226
138
-39
-281
-378
-232
-298
-225
-247
-262
-205
-245
-325
-269
-204
-189
-163
-121
-97
-127
-193
-137
-190
-177
-213
-205
-172
-172
-151
-104
-6
-42
54
125
245
337
415
563
619
618
539
394
287
137
-14
-37
-204
-242
-207
-221
-218
-268
-265
-282
-261
-275
-261
-219
-248
-135
-70
-85
-76
-111
-94
-138
-171
-156
-165
-142
-125
-93
-42
-63
79
99
143
289
354
497
599
683
646
651
577
270
154
115
39
-103
-171
-15
-87
-205
-161
-215
-165
-219
-291
-209
-191
-155
-101
-63
-243
-28
-47
-71
-113
-149
-217
-229
-219
-101
-25
68
-17
18
122
167
400
367
455
609
681
686
419
461
295
203
137
-28
-161
-172
-177
-199
-225
-236
-270
-268
-440
-284
-267
-224
-172
-146
-172
-138
-186
-63
-106
-165
-197
-241
-207
-186
-216
-119
-119
-55
3
65
111
269
356
483
617
622
663
554
419
285
153
5
-9
-184
-219
-219
-250
-243
-261
-268
-271
-310
-258
-265
-313
-197
-136
-175
-115
-169
-14
-109
-203
-146
-186
-40
-161
-112
-153
-55
-17
46
103
142
277
366
498
596
722
661
595
467
263
168
103
-12
-17
-76
-127
-140
-46
-268
-317
-229
-300
-226
-204
-73
-130
-108
-49
-43
-10
-44
-30
-133
-181
-167
-133
-127
-93
-63
-46
-27
42
130
135
281
455
602
579
674
639
589
475
323
198
115
-63
-153
-205
-203
-182
-235
-241
-277
-236
-287
-247
-268
-241
-191
-172
-98
-67
-45
-98
-103
-172
-205
-245
-253
-232
-220
-155
-121
-47
-30
63
133
151
281
479
531
578
599
549
419
341
257
135
-12
-146
-236
-137
-223
-319
-279
-275
-125
-214
-293
-278
-230
-184
-160
-119
-83
-44
-107
-42
-142
-373
-268
-163
-157
-151
-97
-43
84
-28
86
125
306
329
470
577
643
671
607
490
321
244
138
-5
-106
-161
-161
-205
-172
-186
-223
-251
-245
-239
-236
-203
-125
-79
-29
-39
-44
-109
-33
-76
-109
-113
-160
-127
-131
-80
-55
-66
19
85
116
219
327
323
523
603
643
643
507
415
254
163
3
-47
-207
-137
-178
-195
-201
-289
-253
-271
-257
-225
-237
-232
-144
-86
-87
-118
-115
-80
-147
-227
-221
-193
-178
-425
-133
-139
-80
0
-28
131
139
238
355
467
553
578
566
467
347
201
150
-11
-116
-174
-188
-181
-217
-248
-284
-295
-295
-332
-266
-252
-235
-288
-140
-78
-77
-71
-96
-112
-161
-163
-175
-161
-156
-113
-57
-38
-39
-24
91
167
257
383
451
583
657
626
563
419
295
135
119
-3
-158
-156
-167
-154
-175
-189
-215
-219
-221
-239
-193
-151
-109
-98
-25
-29
-27
-28
-25
-71
-114
-141
-117
-122
-76
-46
-25
-9
45
93
137
255
329
419
561
658
661
599
498
361
215
147
-23
-37
-161
-172
-198
-155
-219
-235
-255
-246
-241
-252
-218
-156
-133
-98
-60
-39
-104
-93
-145
-167
-172
-184
-144
-123
-117
-126
-67
-46
-1
101
153
257
327
448
567
599
597
484
353
257
159
-3
-167
-211
-223
-223
-201
-237
-242
-273
-279
-288
-317
-282
-219
-127
-115
-121
-81
-93
-113
-121
-151
-173
-193
-175
-170
-77
-93
-38
-14
49
118
103
291
347
499
611
632
611
527
411
275
158
49
3
-157
-154
-143
-145
-172
-220
-236
-286
-236
-207
-191
-157
-147
-109
-47
-29
-28
-33
-76
-93
-104
-125
-140
-67
-69
-46
-25
-75
87
115
123
318
378
471
603
675
653
565
446
311
167
166
-10
-127
-161
-209
-186
-166
-235
-229
-236
-266
-263
-209
-230
-173
-99
-83
-102
-63
-72
-112
-169
-182
-192
-170
-169
-134
-108
-65
-27
-9
67
149
134
306
394
511
569
610
549
419
279
158
75
-28
-169
-227
-234
-232
-204
-300
-279
-298
-261
-336
-270
-222
-205
-176
-135
-110
-93
-85
-108
-150
-169
-200
-175
-167
-150
-106
-103
-49
-20
35
104
150
282
367
504
595
611
597
510
335
230
154
23
-28
-136
-107
-145
-142
-186
-213
-234
-239
-242
-223
-203
-169
-110
-38
-39
-12
-30
0
-28
-86
-119
-126
-101
-104
-51
-48
-18
51
75
83
179
307
403
507
627
691
643
581
418
325
150
135
-44
-117
-161
-155
-182
-186
-188
-246
-245
-174
-234
-225
-215
-149
-108
-83
-55
-51
-73
-73
-179
-139
-172
-141
-140
-93
-99
-63
-37
1
58
135
223
307
403
519
593
584
527
394
255
163
23
-58
-163
-194
-203
-206
-226
-248
-284
-287
-297
-268
-283
-234
-175
-137
-113
-136
-80
-76
-127
-141
-157
-148
-193
-181
-135
-108
-80
-1
-45
70
130
159
293
398
486
603
583
581
419
339
230
163
-18
-75
-151
-119
-138
-165
-211
-221
-205
-207
-220
-206
-182
-145
-108
-47
-50
-47
-44
-29
-66
-101
-114
-147
-125
-98
-33
-29
-31
84
118
139
232
367
417
566
596
675
611
501
379
271
159
51
-31
-87
-125
-139
-161
-209
-209
-230
-204
-229
-235
-235
-189
-125
-113
-193
-73
-55
-79
-119
-117
-173
-172
-138
-122
-76
-95
-56
-21
36
109
150
265
354
465
547
587
549
467
379
203
123
-18
-130
-195
-189
-211
-232
-271
-245
-209
-302
-284
-278
-286
-236
-173
-114
-117
-101
-102
-79
-131
-142
-156
-183
-202
-131
-156
-98
-44
-25
-22
116
138
239
327
419
533
617
595
523
402
285
149
37
-53
-145
-178
-159
-204
-201
-204
-225
-249
-221
-222
-198
-201
-131
-109
-73
-49
-37
-57
-95
-110
-113
-114
-108
-113
-220
-29
-12
9
87
139
158
297
357
486
587
661
642
563
419
286
203
135
-21
-77
-159
-150
-157
-184
-189
-219
-191
-227
-240
-236
-201
-129
-129
-54
-55
-108
-67
-79
-124
-149
-153
-141
-140
-123
-40
-57
-57
20
81
134
235
313
407
523
569
595
485
411
306
170
125
-31
-156
-200
-217
-232
-228
-284
-249
-270
-269
-293
-277
-257
-215
-161
-109
-125
-97
-121
-151
-166
-183
-203
-195
-184
-166
-113
-113
-44
-37
88
126
211
344
419
546
607
612
532
419
293
179
123
-14
-157
-157
-175
-189
-189
-236
-200
-236
-264
-232
-209
-331
-171
-119
-43
-65
-70
-77
-85
-69
-139
-172
-137
-121
-93
-59
-37
0
62
138
111
235
346
459
569
675
651
615
493
371
261
151
-11
-37
-146
-157
-146
-191
-220
-190
-238
-201
-242
-227
-218
-137
-100
-45
-47
-63
-85
-67
-133
-124
-156
-156
-156
-130
-93
-69
-33
-31
75
131
261
308
419
532
575
615
569
449
314
174
123
-49
-142
-169
-188
-178
-223
-267
-277
-300
-301
-258
-261
-236
-232
-166
-144
-113
-106
-119
-125
-149
-197
-221
-209
-201
-188
-130
-101
-80
-58
25
121
129
295
373
501
603
595
547
443
325
194
158
-29
-129
-214
-184
-189
-181
-238
-227
-236
-236
-240
-278
-209
-177
-129
-102
-69
-93
-78
-80
-95
-118
-161
-159
-144
-118
-80
-80
-18
24
98
119
251
327
403
519
619
655
628
526
393
254
147
35
-37
-140
-138
-153
-173
-194
-209
-207
-236
-242
-226
-194
-171
-93
-113
-47
-61
-49
-86
-209
-140
-117
-156
-93
-114
-77
-37
-22
-33
100
131
148
259
355
475
561
587
579
469
371
244
123
9
-37
-175
-182
-204
-209
-225
-273
-282
-251
-284
-271
-269
-213
-193
-141
-108
-86
-108
-117
-156
-174
-224
-202
-189
-152
-140
-104
-79
23
-37
127
123
244
337
451
564
579
554
457
339
218
119
-11
-35
-175
-184
-199
-181
-202
-237
-236
-268
-236
-257
-219
-230
-154
-101
-94
-76
-72
-50
-86
-127
-141
-144
-104
-113
-99
-61
-43
-47
65
119
137
309
385
483
591
610
611
547
419
293
216
155
-34
-97
-126
-151
-135
-193
-169
-216
-209
-218
-197
-217
-149
-108
-65
-44
-17
-15
-58
-85
-79
-140
-145
-135
-121
-104
-54
-47
-21
73
116
148
230
368
419
551
635
596
531
390
217
148
70
-86
-135
-198
-172
-193
-390
-237
-268
-255
-286
-253
-254
-221
-168
-154
-121
-108
-97
-112
-127
-165
-191
-229
-198
-178
-145
-115
-133
-44
-44
54
139
273
319
417
533
571
571
483
383
244
155
25
-58
-159
-250
-213
-242
-219
-201
-268
-229
-259
-237
-234
-197
-159
-94
-79
-94
-69
-71
-110
-107
-138
-129
-140
-110
-108
-44
-49
7
73
129
126
244
371
335
559
641
628
538
419
307
165
127
-30
-86
-133
-109
-125
-141
-166
-221
-201
-195
-200
-161
-161
-121
-95
-37
-42
-47
-42
-69
-108
-135
-155
-125
-98
-77
-43
-34
-15
74
123
155
276
367
451
563
617
615
515
402
267
181
7
-24
-143
-161
-193
-184
-221
-255
-262
-265
-268
-271
-257
-268
-158
-130
-104
-93
-93
-117
-155
-360
-184
-197
-188
-173
-114
-145
-63
-43
-28
104
146
258
307
451
534
529
569
486
351
227
138
-30
-44
-179
-206
-204
-218
-235
-219
-207
-245
-254
-255
-236
-200
-155
-118
-95
-63
-140
-95
-115
-165
-134
-178
-150
-140
-143
-51
-58
-11
84
145
250
322
359
562
630
647
615
502
271
243
148
19
-51
-133
-140
-153
-161
-172
-190
-191
-204
-202
-234
-181
-155
-108
-65
-50
3
-25
-50
-110
-135
-115
-135
-121
-99
-83
-18
-35
91
138
125
298
358
419
596
646
639
578
465
322
235
148
0
-106
-149
-176
-178
-202
-193
-236
-245
-255
-262
-261
-215
-186
-141
-110
-101
-93
-107
-137
-161
-175
-205
-204
-201
-145
-125
-97
-34
-12
95
130
267
355
447
527
630
578
513
347
275
123
-31
-43
-156
-173
-201
-211
-204
-220
-264
-271
-274
-262
-266
-215
-157
-115
-278
-81
-71
-117
-151
-150
-178
-174
-171
-149
-140
-50
-55
-17
84
146
213
335
390
571
650
683
628
451
377
223
116
0
-44
-145
-145
-159
-165
-193
-219
-221
-191
-197
-215
-198
-145
-108
-61
-55
-53
-34
-39
-61
-123
-138
-147
-127
-126
-58
-80
-61
59
143
133
301
363
467
587
658
670
579
459
330
218
145
-7
-141
-172
-165
-201
-226
-234
-261
-245
-266
-253
-242
-193
-150
-136
-99
-76
-75
-102
-137
-172
-186
-222
-214
-189
-123
-95
-85
-69
15
118
129
265
367
483
593
615
552
450
325
207
138
-12
-158
-268
-201
-220
-229
-236
-277
-247
-298
-313
-306
-268
-230
-171
-131
-113
-109
-98
-93
-140
-174
-170
-202
-198
-146
-109
-97
-21
-29
54
99
33
331
401
523
641
649
612
469
341
201
131
3
-67
-133
-177
-172
-174
-236
-227
-236
-270
-237
-211
-184
-157
-119
-73
-61
-63
-40
-78
-63
-130
-149
-133
-165
-111
-73
-43
-31
84
134
151
289
390
497
603
660
610
582
419
323
174
137
-43
-155
-155
-214
-217
-193
-221
-257
-255
-252
-464
-253
-224
-157
-131
-113
-110
-113
-104
-157
-145
-230
-198
-207
-169
-140
-104
-79
-44
-22
113
135
275
373
467
579
577
535
443
313
193
129
-12
-142
-209
-192
-204
-206
-257
-275
-288
-269
-317
-287
-254
-230
-181
-143
-126
-140
-181
-135
-155
-205
-216
-209
-206
-165
-131
-98
-76
-12
71
130
206
351
419
514
628
643
587
419
279
180
115
-27
-107
-135
-160
-170
-166
-192
-236
-257
-232
-230
-221
-195
-146
-107
-61
-50
-44
-53
-85
-123
-108
-140
-108
-118
-124
-66
-40
-28
67
147
212
311
394
493
627
682
682
583
419
319
213
118
-35
-108
-177
-140
-157
-188
-205
-230
-215
-229
-222
-220
-217
-159
-138
-106
-98
-118
-49
-107
-140
-197
-188
-184
-186
-161
-118
-85
-38
-43
115
153
295
355
464
563
603
575
495
354
235
137
-12
-137
-218
-219
-219
-220
-234
-295
-364
-289
-293
-286
-279
-262
-190
-171
-138
-114
-119
-153
-171
-184
-191
-202
-218
-174
-165
-107
-53
-42
-39
123
135
270
372
467
582
611
596
459
391
228
116
-9
-44
-155
-153
-177
-241
-209
-225
-230
-253
-229
-226
-221
-181
-121
-49
-59
-45
-29
-77
-107
-69
-136
-154
-125
-113
-58
-34
-15
47
83
73
246
342
419
529
628
709
615
521
419
276
180
153
-19
-101
-108
-108
-114
-177
-200
-204
-221
-232
-236
-215
-156
-130
-95
-62
-44
-12
-61
-111
-127
-133
-149
-155
-155
-98
-71
-44
-3
71
102
148
291
363
463
571
605
579
535
375
224
119
40
-46
-211
-201
-202
-201
-230
-247
-259
-252
-268
-266
-236
-217
-189
-127
-114
-137
-174
-165
-133
-80
-140
-137
-172
-142
-127
-75
-57
-40
-9
97
142
257
353
488
541
611
539
527
405
293
179
135
-25
-138
-157
-184
-189
-194
-232
-225
-217
-209
-230
-201
-167
-117
-104
-79
-22
-63
-22
-42
-109
-141
-93
-113
-109
-21
-40
3
43
67
102
245
315
402
489
545
630
651
593
482
340
197
135
-9
-28
-101
-127
-171
-139
-190
-213
-242
-204
-209
-172
-155
-117
-44
-45
-42
-51
-45
-85
-97
-109
-181
-125
-102
-103
-48
-40
-28
50
132
158
298
339
419
575
614
579
495
403
265
171
127
-43
-111
-176
-169
-199
-201
-245
-273
-174
-268
-281
-201
-217
-201
-151
-108
-107
-76
-116
-103
-161
-145
-154
-220
-140
-172
-98
-44
-40
19
99
171
251
371
419
547
583
569
503
375
251
167
150
-12
-141
-129
-172
-155
-207
-230
-221
-246
-258
-220
-193
-151
-124
-65
-101
-37
-28
-30
-59
-113
-97
-118
-123
-79
-57
-22
-33
66
109
134
207
309
394
490
613
628
611
532
404
340
183
148
-33
-97
-99
-127
-150
-129
-191
-184
-198
-207
-165
-150
-140
-110
-55
-35
-39
-45
-28
-55
-93
-80
-178
-74
-107
-65
-58
-59
-27
122
147
150
276
338
419
547
580
578
486
384
276
147
100
-69
-156
-170
-156
-177
-174
-226
-229
-264
-253
-261
-221
-209
-157
-123
-138
-184
-104
-243
-112
-153
-166
-209
-172
-127
-140
-58
-46
-24
-7
87
119
212
291
360
479
535
555
490
387
258
159
171
-40
-113
-170
-172
-170
-177
-217
-227
-220
-204
-204
-293
-167
-102
-59
-111
-59
-69
-61
-28
-85
-141
-161
-117
-101
-144
-29
-44
-21
69
134
120
262
360
468
575
619
594
535
375
301
212
145
7
-38
-98
-101
-140
-226
-156
-183
-195
-191
-203
-150
-143
-114
-54
-43
-27
-21
-31
-75
-80
-120
-113
-137
-55
-76
-17
-44
-17
71
102
134
245
327
403
526
589
559
501
367
290
174
116
-33
-110
-166
-157
-199
-194
-237
-230
-268
-263
-257
-241
-214
-173
-145
-127
-107
-144
-113
-76
-134
-189
-179
-179
-161
-156
-109
-71
-76
-31
43
103
151
135
363
465
535
537
500
356
286
87
115
-30
-154
-143
-156
-193
-178
-205
-209
-236
-232
-220
-243
-180
-173
-123
-99
-63
-69
-69
-97
-74
-107
-149
-139
-291
-108
-79
-21
-81
69
14
129
251
326
419
479
627
633
586
419
310
211
146
-14
-42
-115
-108
-119
-123
-157
-188
-209
-155
-186
-212
-156
-125
-103
-45
-12
-27
-23
-76
-108
-79
-135
-108
-103
-51
-55
-65
-45
83
114
169
281
292
414
500
595
583
474
399
261
133
80
-35
-139
-163
-171
-158
-205
-184
-241
-236
-215
-181
-215
-155
-189
-129
-117
-108
-76
-104
-126
-137
-182
-175
-181
-327
-155
-78
-85
-43
-15
66
127
137
291
393
475
547
535
489
363
239
135
47
-31
-156
-149
-170
-181
-198
-232
-414
-241
-236
-220
-207
-170
-157
-80
-60
-43
-54
-106
-111
-138
-127
-154
-168
-108
-67
-28
-23
-15
98
148
152
269
338
457
517
603
519
502
415
281
186
111
-10
-11
-93
-150
-146
-161
-171
-173
-169
-237
-209
-175
-137
-119
-44
-15
-43
-39
-33
-51
-157
-138
-117
-127
-97
-78
-38
-28
25
95
170
215
298
359
451
533
595
559
490
343
263
148
43
-25
-131
-141
-172
-156
-194
-229
-237
-268
-250
-213
-204
-192
-125
-121
-61
-97
-86
-131
-108
-153
-170
-174
-171
-142
-99
-77
-15
-37
39
118
178
261
371
457
527
532
483
341
263
154
152
-21
-125
-189
-194
-204
-251
-230
-246
-236
-229
-259
-229
-201
-202
-96
-102
-58
-37
-109
-104
-127
-137
-156
-154
-121
-74
-101
-44
-47
42
107
123
287
323
419
523
591
595
531
398
263
163
125
-40
-118
-143
-140
-129
-158
-172
-188
-186
-204
-189
-186
-332
-117
-51
-53
-29
-14
-40
-37
-94
-117
-121
-143
-77
-61
-17
-51
71
83
145
224
277
354
454
547
601
547
537
361
243
119
22
-29
-175
-153
-161
-167
-197
-237
-224
-238
-205
-229
-225
-221
-127
-104
-112
-81
-47
-112
-93
-120
-161
-181
-127
-138
-109
-71
-75
-27
36
84
135
255
338
419
511
543
500
407
315
151
106
-44
-186
-189
-200
-217
-219
-232
-274
-284
-220
-258
-251
-230
-186
-136
-74
-81
-76
-83
-80
-133
-151
-154
-140
-151
-119
-93
-63
-39
15
80
123
212
291
361
499
550
613
545
502
302
211
133
-11
-25
-156
-155
-137
-154
-151
-220
-219
-209
-184
-172
-155
-137
-54
-49
-33
-59
-46
-14
-57
-78
-80
-87
-66
-104
-59
-25
-44
40
131
152
283
355
419
554
603
578
547
450
342
166
163
-37
-155
-159
-172
-173
-161
-229
-209
-238
-257
-230
-232
-182
-184
-103
-71
-45
-25
-101
-83
-138
-152
-161
-169
-140
-102
-57
-33
-43
-12
59
126
227
255
372
467
515
516
469
347
216
171
6
-25
-165
-211
-220
-218
-237
-237
-262
-268
-268
-246
-241
-219
-156
-74
-121
-80
-123
-104
-106
-166
-173
-155
-174
-184
-76
-61
-45
-15
21
131
135
274
329
419
509
603
587
535
371
251
151
154
-23
-174
-141
-138
-184
-183
-201
-229
-224
-172
-195
-178
-171
-97
-62
-44
-53
-44
-66
-37
-77
-134
-106
-49
-65
-44
-46
-39
66
107
138
179
281
339
490
541
597
575
457
414
230
67
86
1
-140
-186
-159
-175
-184
-219
-204
-161
-227
-209
-204
-140
-107
-59
-60
-63
-63
-69
-79
-121
-142
-181
-142
-104
-104
-83
-12
-63
51
129
171
307
355
449
507
548
500
391
287
203
123
-17
-138
-209
-176
-347
-204
-235
-251
-270
-281
-267
-255
-232
-186
-145
-117
-101
-108
-108
-119
-141
-166
-167
-173
-140
-123
-93
-65
-76
-9
91
135
223
286
419
515
586
581
521
410
275
186
115
-19
-130
-179
-157
-189
-193
-214
-209
-220
-203
-229
-261
-169
-114
-55
-45
-40
-44
-44
-44
-71
-103
-117
-109
-77
-74
-19
-12
48
127
127
235
323
373
453
593
619
608
509
419
275
179
115
20
-122
-142
-146
-151
-173
-204
-203
-377
-205
-224
-190
-152
-118
-95
-65
-71
-56
-58
-93
-199
-138
-158
-139
-131
-76
-15
-22
-61
36
101
168
273
344
453
519
587
526
419
287
245
153
11
-140
-205
-230
-219
-261
-271
-246
-284
-267
-278
-283
-254
-205
-215
-102
-109
-77
-106
-101
-161
-161
-206
-201
-172
-141
-102
-103
-34
-31
95
116
154
285
356
483
567
563
534
394
306
191
94
-6
-72
-161
-186
-171
-186
-213
-181
-253
-204
-220
-194
-188
-127
-83
-79
-65
-44
-28
-37
-76
-109
-111
-125
-87
-61
-28
23
25
97
134
79
298
355
465
543
592
607
539
455
314
197
146
-25
-113
-121
-138
-181
-161
-178
-209
-186
-201
-190
-186
-179
-134
-135
-61
-45
-28
-47
-55
-71
-127
-150
-127
-102
-95
-65
-12
-29
59
67
131
229
309
419
489
571
551
479
347
239
127
11
-44
-144
-214
-232
-217
-215
-268
-271
-274
-260
-241
-263
-204
-175
-140
-109
-62
-101
-121
-125
-158
-172
-156
-172
-139
-99
-93
-12
-25
39
119
134
271
357
471
489
537
499
417
331
189
129
-29
-97
-193
-157
-181
-234
-220
-227
-247
-200
-220
-206
-217
-115
-103
-71
-31
-57
-12
-108
-85
-139
-79
-99
-126
-97
-61
-59
-38
83
116
148
276
351
419
537
591
622
531
481
311
237
142
-6
-17
-124
-157
-168
-178
-207
-204
-188
-199
-188
-184
-168
-122
-57
-44
-39
-40
-39
-71
-123
-117
-138
-135
-108
-80
-33
-44
-27
46
120
147
263
340
453
486
595
534
490
311
84
134
11
-39
-151
-217
-177
-204
-206
-249
-268
-238
-243
-257
-236
-219
-165
-156
-135
-70
-80
-117
-109
-173
-191
-188
-179
-171
-109
-85
-33
-44
27
123
142
224
351
419
500
559
482
410
331
186
132
-6
-109
-178
-204
-197
-184
-230
-229
-244
-229
-214
-224
-211
-186
-108
-95
-69
-39
-80
-95
-76
-96
-145
-131
-121
-51
-85
-34
-38
55
117
165
246
382
404
526
597
603
518
457
305
193
135
-37
-39
-103
-139
-133
-161
-157
-194
-203
-215
-205
-199
-172
-139
-83
-61
-6
-46
-37
-63
-80
-76
-114
-140
-104
-117
-67
-17
-25
62
121
147
275
308
419
499
555
539
475
378
275
145
37
-54
-157
-215
-188
-204
-271
-229
-242
-236
-266
-261
-217
-204
-160
-133
-111
-101
-113
-117
-149
-160
-169
-198
-157
-188
-147
-107
-38
-43
-230
93
149
259
348
387
529
521
513
415
317
175
174
-9
-130
-204
-205
-201
-204
-275
-285
-241
-221
-334
-265
-229
-170
-145
-50
-74
-42
-65
-67
-113
-115
-135
-143
-139
-108
-44
-51
-25
36
103
152
254
339
401
279
564
587
539
451
318
223
131
-12
-15
-134
-157
-159
-147
-171
-197
-211
-193
-197
-209
-184
-136
-76
-63
-44
-45
-76
-43
-86
-109
-117
-124
-107
-76
-29
-49
-18
67
120
147
222
313
404
523
595
555
479
367
271
134
79
-25
-137
-172
-184
-204
-189
-255
-273
-248
-195
-236
-225
-189
-172
-129
-107
-104
-110
-97
-95
-161
-197
-183
-209
-138
-147
-93
-61
-25
-17
80
129
237
340
405
514
474
538
404
243
171
119
3
-114
-181
-198
-214
-215
-236
-295
-274
-434
-265
-257
-239
-172
-144
-101
-87
-67
-73
-85
-129
-113
-140
-149
-111
-75
-71
-76
-24
51
91
159
229
347
417
538
569
581
502
419
308
212
154
-14
-79
-111
-141
-141
-175
-183
-204
-332
-186
-213
-127
-175
-136
-47
5
-40
-42
-39
-24
-75
-169
-106
-127
-213
-75
-44
-28
34
51
107
122
129
387
447
511
559
554
477
361
203
148
53
-17
-151
-198
-167
-184
-205
-242
-263
-248
-230
-266
-217
-202
-129
-104
-103
-94
-107
-101
-113
-156
-186
-173
-172
-159
-108
-117
-71
-57
-74
66
148
209
308
419
481
503
371
371
257
147
133
-12
-109
-194
-246
-201
-243
-275
-273
-253
-242
-268
-229
-257
-167
-193
-107
-111
-110
-134
-94
-171
-157
-111
-189
-117
-108
-102
-93
-46
-33
81
126
241
335
419
498
579
555
495
405
286
180
119
-14
-118
-140
-140
-147
-207
-163
-207
-219
-201
-223
-203
-155
-79
-85
-56
-75
-47
-28
-49
-76
-104
-95
-99
-102
-46
-222
-29
56
110
116
243
339
389
504
551
595
543
471
372
225
153
-9
-25
-140
-159
-144
-188
-217
-221
-189
-246
-230
-249
-221
-188
-139
-85
-69
-63
-76
-110
-129
-150
-167
-159
-174
-137
-103
-77
-93
-18
113
116
271
295
453
461
547
500
488
351
301
131
53
-61
-155
-243
-207
-235
-284
-275
-268
-263
-273
-265
-211
-223
-172
-134
-108
-141
-62
-78
-108
-156
-127
-204
-153
-57
-109
-104
-43
-34
84
135
158
243
355
457
470
561
523
419
308
216
138
-15
-69
-121
-232
-181
-174
-230
-194
-230
-221
-191
-198
-186
-161
-103
-62
-43
-44
-28
-37
-63
-81
-119
-127
-106
-98
-47
-27
22
54
110
148
276
369
419
507
654
585
579
274
310
222
134
14
-70
-183
-155
-159
-178
-204
-217
-267
-264
-254
-217
-174
-172
-79
-66
-63
-69
-80
-73
-107
-149
-199
-163
-167
-103
-37
-35
-50
61
106
130
259
331
455
521
565
527
363
308
65
134
-44
-140
-169
-221
-214
-221
-383
-215
-309
-300
-269
-267
-267
-215
-249
-149
-124
-130
-85
-99
-157
-168
-242
-179
-159
-117
-104
-65
-63
-56
1
127
151
310
394
486
406
579
461
409
308
181
149
-21
-12
-152
-161
-173
-157
-186
-221
-214
-237
-200
-205
-191
-157
-123
-58
-61
-45
-78
-76
-80
-108
-115
-106
-97
-63
-25
-47
36
83
130
235
302
373
463
564
603
611
530
419
276
159
143
-17
-45
-103
-115
-174
-159
-197
-245
-188
-232
-275
-195
-183
-153
-109
-75
-63
-59
-93
-110
-121
-123
-152
-139
-158
-178
-31
-83
-9
51
130
147
286
375
465
521
545
539
419
308
211
179
-28
-122
-167
-211
-295
-221
-286
-268
-267
-271
-252
-285
-261
-209
-204
-138
-126
-101
-112
-159
-140
-157
-178
-178
-177
-166
-135
-79
-62
-50
91
139
249
318
390
497
547
539
463
372
259
148
83
-12
-81
-167
-189
-175
-204
-236
-227
-238
-214
-229
-195
-230
-182
-115
-93
-14
-44
-99
-113
-83
-102
-110
-137
-131
-44
-33
-12
30
80
148
279
276
371
473
568
621
571
467
363
277
137
89
3
-133
-140
-141
-139
-173
-157
-190
-209
-209
-218
-216
-138
-125
-125
-76
-60
-72
-78
-94
-118
-137
-157
-154
-118
-73
-67
-51
-23
49
115
157
298
419
451
419
538
503
363
249
175
121
-24
-137
-172
-181
-161
-217
-268
-273
-268
-275
-273
-236
-222
-211
-180
-142
-117
-123
-123
-122
-125
-183
-213
-170
-199
-86
-123
-73
-19
-45
74
115
152
298
383
488
547
511
495
379
245
133
55
-14
-156
-154
-119
-150
-209
-255
-238
-251
-212
-205
-219
-220
-181
-69
-65
-93
-29
-77
-54
-83
-137
-129
-119
-109
-66
-49
-22
-21
80
148
154
275
341
457
535
597
599
505
383
293
186
131
-28
-31
-80
-121
-158
-165
-191
-236
-186
-195
-222
-174
-172
-123
-98
-44
-40
-73
-53
-83
-61
-123
-97
-125
-104
-86
-53
-43
-33
57
119
150
245
356
419
525
567
500
351
331
145
127
-15
-31
-156
-206
-225
-201
-198
-206
-252
-235
-249
-268
-235
-205
-172
-80
-99
-117
-125
-104
-125
-156
-156
-149
-165
-172
-102
-141
-18
0
53
85
161
287
335
501
547
562
419
351
292
189
139
14
-103
-153
-156
-161
-202
-204
-247
-230
-218
-215
-211
-190
-158
-161
-118
-78
-173
-66
-76
-104
-121
-142
-117
-106
-150
-44
-157
-25
67
131
148
261
314
453
532
591
593
514
419
323
180
151
19
-40
-114
-140
-140
-139
-161
-167
-225
-201
-194
-186
-135
-117
-33
-49
-34
-37
-69
-69
-15
-110
-138
-119
-129
-73
-63
-44
-1
65
85
155
255
340
419
532
597
559
485
351
267
163
87
-18
-143
-247
-161
-168
-286
-209
-212
-283
-242
-201
-354
-207
-155
-157
-73
-108
-122
-140
-138
-165
-172
-198
-186
-140
-137
-109
-49
-27
31
99
174
244
362
419
509
558
515
402
276
180
143
-21
-108
-173
-175
-207
-230
-215
-222
-253
-263
-257
-218
-241
-183
-142
-102
-78
-37
-79
-86
-108
-133
-137
-166
-173
-76
-51
-23
-31
73
99
137
266
371
451
521
603
596
542
419
297
213
186
23
-61
-137
-122
-118
-140
-184
-191
-177
-190
-178
-184
-175
-122
-49
-60
-31
-67
-75
-62
-102
-133
-114
-133
-97
-108
-22
-44
5
87
147
141
283
352
454
520
591
559
463
347
227
135
40
-37
-154
-150
-131
-165
-215
-221
-241
-259
-261
-247
-237
-204
-151
-133
-71
-80
-83
-109
-113
-157
-174
-194
-177
-126
-123
-111
-62
-33
-18
77
148
229
333
447
507
543
489
403
283
159
146
-21
-142
-184
-188
-173
-218
-238
-258
-261
-287
-266
-236
-189
-193
-172
-118
-97
-93
-104
-93
-125
-177
-155
-115
-157
-127
-76
-29
-45
43
90
145
253
311
382
498
547
554
507
414
323
200
137
-14
-47
-115
-122
-137
-147
-146
-201
-186
-214
-182
-211
-171
-130
-49
-60
-38
-55
-73
-43
-101
-98
-81
-131
-125
-93
-44
-46
-28
66
100
143
259
366
419
527
557
532
503
363
235
135
89
-53
-101
-149
-178
-158
-189
-223
-253
-252
-278
-243
-254
-202
-175
-137
-122
-121
-75
-125
-104
-139
-158
-170
-166
-147
-122
-94
-59
-54
-28
68
146
139
275
375
498
518
511
418
319
215
174
-18
1
-145
-183
-204
-157
-213
-236
-272
-242
-258
-275
-261
-221
-165
-155
-114
-63
-108
-104
-129
-115
-165
-148
-145
-93
-83
-76
-14
-37
51
117
145
235
361
463
533
547
525
419
320
203
135
9
-45
-131
-151
-229
-146
-252
-205
-222
-221
-198
-200
-183
-172
-95
-81
-49
-35
-24
-62
-191
-110
-76
-101
-76
-71
-37
-54
-27
51
103
139
238
298
347
483
573
599
531
459
310
186
135
-25
-27
-145
-139
-159
-230
-213
-218
-236
-226
-232
-268
-254
-213
-117
-101
-146
-98
-119
-127
-101
-170
-142
-156
-140
-136
-85
-28
-17
-44
69
119
145
267
343
500
503
555
447
371
229
151
7
-43
-191
-186
-198
-216
-226
-262
-265
-264
-250
-230
-243
-213
-194
-153
-133
-106
-104
-114
-111
-85
-140
-143
-139
-140
-107
-80
-55
-27
51
103
184
273
340
419
523
474
551
468
339
227
130
34
-49
-284
-121
-139
-154
-170
-204
-215
-211
-239
-217
-202
-149
-93
-60
-39
-25
-53
-77
-71
-93
-94
-111
-94
-98
-34
-24
-42
75
43
122
243
302
408
495
563
596
564
483
357
217
-63
22
-25
-122
-114
-145
-150
-202
-205
-209
-215
-195
-245
-204
-142
-140
-79
-73
-73
-78
-118
-122
-150
-151
-246
-117
-179
-76
-57
-34
-27
69
133
148
117
359
489
513
511
449
322
249
30
25
-37
-169
-197
-186
-335
-213
-251
-262
-273
-273
-270
-254
-249
-177
-337
-123
-108
-102
-104
-140
-98
-169
-191
-155
-159
-131
-70
-49
-53
18
111
136
250
313
409
523
583
564
467
372
235
135
83
-27
-101
-151
-121
-174
-201
-223
-206
-263
-245
-217
-197
-186
-71
-97
-51
-75
-59
-76
-69
-94
-99
-133
-77
-77
-250
-12
-33
43
99
133
281
355
404
514
612
579
543
419
323
214
134
1
-40
-127
-109
-150
-209
-186
-190
-220
-235
-236
-225
-193
-156
-119
-97
-65
-103
-79
-76
-141
-129
-155
-151
-138
-101
-77
-76
-54
-7
79
151
230
325
369
499
579
573
484
355
247
139
20
-17
-161
-181
-199
-205
-235
-241
-261
-284
-281
-273
-258
-265
-204
-331
-121
-70
-98
-94
-135
-157
-190
-178
-174
-139
-114
-97
-77
-39
35
77
144
271
354
457
539
373
525
405
331
223
154
9
-44
-155
-140
-154
-178
-215
-218
-249
-230
-219
-230
-204
-154
-80
-99
-46
-59
-60
-67
-95
-108
-141
-125
-103
-65
-43
-40
-34
71
131
146
263
339
419
532
601
597
547
419
355
201
129
0
-12
-111
-101
-172
-161
-209
-189
-209
-268
-204
-205
-199
-140
-124
-53
-65
-77
-63
-59
-108
-159
-134
-127
-110
-47
-79
-29
-12
53
97
161
271
340
414
514
535
561
419
338
265
143
23
-21
-140
-171
-181
-218
-221
-257
-248
-257
-253
-246
-267
-221
-201
-163
-140
-195
-117
-109
-138
-172
-204
-146
-188
-151
-133
-186
-70
-19
3
106
165
263
329
447
534
609
549
419
305
212
142
-7
-50
-140
-197
-181
-197
-209
-255
-221
-253
-239
-262
-196
-182
-147
-98
-75
-46
-76
-67
-127
-127
-157
-131
-100
-77
-53
-47
-45
40
113
175
277
315
419
511
597
613
587
467
383
212
141
23
-47
-111
-130
-139
-130
-191
-199
-238
-197
-232
-202
-200
-141
-126
-54
-61
-78
-60
-314
-107
-141
-126
-121
-133
-106
-80
-28
-28
66
120
130
224
325
397
527
591
555
465
363
251
119
65
21
-158
-169
-183
-202
-230
-235
-277
-268
-283
-265
-255
-257
-236
-179
-154
-75
-140
-141
-156
-186
-182
-172
-147
-177
-153
-76
-44
-62
-6
86
87
247
317
419
531
342
500
419
313
235
173
6
-34
-155
-170
-171
-218
-204
-230
-229
-252
-258
-255
-238
-181
-150
-111
-65
-65
-79
-76
-99
-104
-154
-147
-119
-94
-63
-51
-21
45
118
148
297
340
419
555
641
611
597
419
340
206
186
-12
-47
-123
-106
-140
-176
-177
-222
-213
-186
-204
-216
-184
-119
-115
-66
-73
-57
-69
-99
-108
-110
-140
-283
-109
-75
-55
-12
-21
80
126
116
281
365
449
559
571
573
457
313
221
125
15
-33
-160
-153
-170
-232
-236
-261
-261
-222
-277
-270
-229
-245
-161
-136
-118
-140
-138
-127
-141
-176
-183
-184
-161
-102
-108
-80
-61
-31
71
136
143
282
379
521
564
565
484
404
269
161
43
-11
-173
-201
-186
-172
-214
-237
-268
-253
-265
-257
-232
-206
-174
-80
-118
-80
-72
-104
-121
-149
-181
-125
-156
-124
-102
-47
-30
-33
83
145
223
302
361
498
574
628
591
475
351
244
161
51
-44
-101
-159
-109
-142
-169
-201
-199
-204
-203
-206
-143
-150
-109
-75
-63
-45
-55
-57
-71
-137
-133
-123
-87
-97
-44
-33
-7
79
135
143
297
365
465
523
602
583
499
371
263
145
15
-38
-127
-167
-176
-181
-229
-234
-259
-253
-236
-266
-236
-204
-179
-138
-102
-106
-109
-113
-113
-140
-154
-183
-188
-169
-102
-97
-53
-28
37
90
142
291
391
467
575
558
489
377
255
148
158
-28
-125
-173
-203
-204
-214
-240
-239
-269
-294
-254
-250
-221
-184
-150
-76
-76
-56
-76
-111
-130
-173
-177
-157
-115
-110
-61
-31
-21
45
139
243
307
379
468
579
607
591
499
398
230
123
17
-44
-139
-127
-155
-140
-171
-221
-201
-226
-209
-235
-174
-141
-108
-93
-51
-46
-76
-40
-66
-111
-114
-130
-139
-108
-40
-40
-33
10
98
114
267
348
456
586
627
627
527
405
291
148
129
-21
-149
-157
-156
-181
-186
-237
-265
-266
-249
-237
-242
-204
-174
-156
-107
-270
-141
-119
-149
-157
-186
-173
-153
-149
-117
-107
-63
-45
-11
111
142
275
359
483
561
564
471
393
261
150
131
-27
-167
-189
-201
-177
-225
-243
-281
-263
-295
-267
-287
-219
-204
-168
-145
-93
-113
-123
-95
-155
-188
-140
-172
-166
-137
-79
-78
-17
34
106
166
275
347
505
559
635
569
471
341
212
148
25
-58
-117
-134
-172
-172
-177
-220
-226
-236
-222
-232
-186
-172
-102
-76
-80
-77
-65
-71
-102
-108
-127
-124
-109
-93
-50
-63
-65
74
148
129
270
339
419
555
611
622
537
419
295
180
148
-29
-42
-115
-161
-194
-198
-253
-249
-252
-249
-239
-229
-207
-154
-156
-111
-76
-111
-112
-80
-160
-170
-172
-170
-156
-156
-101
-46
-54
-12
93
125
264
331
419
533
559
543
443
305
219
131
-11
-54
-172
-197
-221
-227
-254
-268
-279
-255
-268
-251
-300
-239
-175
-169
-141
-133
-145
-169
-147
-157
-183
-178
-161
-110
-70
-62
-38
-47
84
139
255
354
451
554
599
601
515
379
276
181
130
-23
-99
-79
-131
-159
-172
-215
-206
-218
-240
-181
-207
-151
-135
-86
-54
-44
-40
-57
-63
-77
-103
-127
-102
-103
-63
-23
-12
43
115
184
258
343
418
511
607
661
587
515
359
264
147
31
-33
-121
-124
-145
-171
-186
-223
-264
-236
-223
-202
-220
-175
-139
-109
-54
-79
-93
-125
-117
-172
-156
-157
-124
-107
-72
-93
-31
-40
65
142
219
298
394
503
560
537
498
331
267
139
-7
-38
-156
-194
-190
-218
-222
-288
-282
-298
-294
-289
-257
-241
-197
-166
-115
-104
-140
-127
-123
-159
-159
-198
-140
-140
-109
-67
-62
-9
0
84
141
289
333
449
551
595
551
455
329
235
120
25
-59
-145
-133
-147
-173
-181
-232
-230
-209
-215
-215
-199
-165
-126
-108
-58
-44
-39
-43
-65
-80
-95
-87
-79
-29
-44
-40
20
85
115
135
279
318
419
550
611
678
547
455
351
235
143
43
-25
-69
-126
-117
-159
-157
-207
-161
-199
-173
-171
-179
-121
-103
-61
-49
-49
-44
-69
-75
-129
-97
-140
-97
-49
-65
-40
-33
61
130
143
244
323
419
494
559
568
490
387
305
167
131
-19
-131
-159
-163
-166
-202
-217
-262
-272
-239
-246
-250
-242
-199
-137
-93
-104
-142
-109
-129
-129
-136
-165
-154
-138
-97
-81
-61
-42
3
84
129
245
322
387
479
547
567
510
394
273
171
151
-19
-46
-153
-153
-173
-172
-186
-203
-204
-213
-206
-181
-117
-155
-95
-77
-21
-27
-69
-76
-58
-93
-81
-76
-62
-33
-24
-17
86
90
151
202
279
356
475
566
602
571
507
419
302
199
150
-23
-28
-97
-124
-133
-122
-170
-203
-182
-173
-181
-157
-140
-111
-71
-29
-65
-6
-37
-71
-77
-113
-107
-80
-111
-49
-60
-57
35
72
102
159
275
319
411
506
522
533
419
334
225
134
25
-49
-143
-123
-165
-167
-198
-213
-223
-242
-255
-241
-211
-169
-166
-126
-77
-93
-93
-75
-121
-141
-127
-155
-137
-125
-93
-51
-27
1
49
130
142
251
306
403
449
485
490
419
313
206
136
63
-35
-108
-169
-125
-183
-171
-213
-205
-189
-161
-199
-172
-145
-97
-95
-60
-44
-23
-59
-39
-106
-107
-97
-56
-60
-31
-12
11
83
120
119
239
314
367
419
551
553
541
485
379
283
169
117
-27
-43
-93
-106
-110
-129
-153
-184
-155
-149
-161
-127
-71
-63
-43
-39
-59
-40
-29
-24
-65
-108
-119
-81
-34
-55
-31
-27
25
54
151
131
287
322
419
498
538
529
468
338
259
151
31
-12
-127
-154
-125
-161
-176
-213
-221
-234
-213
-221
-179
-207
-172
-143
-125
-95
-58
-93
-110
-154
-137
-157
-138
-130
-108
-76
-34
-40
51
73
123
201
308
367
450
494
531
419
319
209
131
6
-17
-113
-119
-150
-142
-193
-169
-193
-197
-204
-184
-173
-153
-127
-79
-66
-42
-61
-44
-76
-104
-109
-97
-65
-49
-57
3
-28
40
84
147
215
297
355
419
525
545
547
474
348
287
139
141
-12
-28
-103
-110
-118
-140
-178
-167
-179
-203
-171
-161
-127
-77
-48
-44
-39
-51
-39
-53
-60
-94
-77
-55
-40
-40
-12
-29
47
87
129
180
267
359
419
499
539
499
354
302
226
127
-6
-44
-171
-165
-140
-184
-215
-221
-234
-250
-237
-235
-215
-153
-153
-119
-120
-124
-108
-129
-97
-142
-163
-125
-161
-127
-101
-69
-45
-28
47
99
149
251
306
419
495
505
419
366
244
123
123
-31
-125
-141
-170
-166
-174
-213
-230
-194
-217
-204
-221
-207
-152
-123
-106
-66
-53
-54
-80
-97
-118
-153
-126
-76
-30
-22
-40
-20
50
109
148
241
310
394
481
527
543
309
389
308
207
134
42
-25
-101
-99
-115
-141
-175
-158
-202
-166
-186
-140
-149
-77
-77
-93
-28
-28
-43
-31
-44
-69
-93
-104
-75
-45
-27
-69
20
51
135
113
228
301
371
489
538
511
465
369
232
148
101
-29
-101
-140
-145
-158
-174
-205
-209
-217
-220
-235
-230
-172
-166
-125
-106
-93
-99
-108
-114
-77
-158
-156
-143
-156
-97
-78
-49
-17
0
85
131
197
291
371
448
490
467
385
287
176
141
-7
-45
-221
-172
-165
-189
-177
-242
-190
-234
-211
-211
-204
-169
-129
-114
-71
-94
-86
-69
-70
-107
-97
-140
-95
-78
-74
-42
-45
27
59
133
171
243
341
419
502
535
371
415
321
206
155
21
-58
-122
-134
-109
-98
-154
-174
-172
-184
-177
-157
-127
-112
-83
-45
-10
-31
-27
-39
-74
-74
-76
-93
-76
-102
-49
-37
34
75
116
113
239
309
382
483
511
527
467
391
279
170
121
9
-40
-141
-147
-123
-161
-218
-211
-209
-218
-232
-209
-166
-143
-108
-101
-76
-60
-80
-77
-155
-146
-154
-156
-129
-109
-63
-67
-39
-19
74
115
211
287
369
419
470
473
409
308
138
160
-44
-59
-170
-205
-161
-199
-227
-249
-229
-268
-232
-221
-209
-161
-183
-119
-93
-65
-58
-85
-109
-129
-313
-108
-83
-101
-53
-28
-18
-19
53
122
121
255
379
457
473
511
539
411
338
186
130
-5
-47
-149
-109
-131
-161
-154
-197
-186
-184
-184
-145
-139
-129
-80
-46
-39
-25
-35
-14
-44
-80
-107
-70
-76
-47
-31
-30
14
65
116
147
232
355
371
419
517
554
481
394
266
163
122
5
-43
-152
-138
-142
-186
-204
-205
-236
-221
-204
-221
-192
-154
-108
-94
-34
-81
-44
-71
-108
-119
-123
-125
-114
-99
-65
-45
-48
-19
66
130
147
255
343
419
399
464
398
294
212
135
21
-45
-141
-184
-163
-220
-172
-236
-237
-234
-274
-245
-220
-199
-182
-99
-104
-97
-94
-99
-80
-123
-135
-132
-118
-106
-65
-46
-53
-34
65
107
123
230
298
337
468
488
507
444
366
232
193
122
-27
-115
-135
-156
-186
-174
-186
-193
-193
-186
-174
-171
-98
-85
-29
-34
-12
-34
-44
-28
-54
-93
-76
-74
-62
-25
-23
14
67
103
148
121
245
331
419
484
567
513
449
340
235
148
57
-12
-157
-109
-122
-179
-177
-186
-229
-232
-202
-198
-157
-155
-142
-75
-263
-60
-69
-86
-97
-108
-106
-149
-83
-113
-79
-25
-12
-12
54
106
143
239
292
357
467
468
419
340
246
148
121
-28
-124
-186
-184
-230
-278
-224
-226
-266
-249
-245
-348
-206
-161
-122
-108
-113
-95
-108
-108
-113
-113
-140
-126
-127
-107
-62
-69
-29
-17
87
117
174
282
357
467
500
404
419
358
232
158
116
18
-108
-108
-149
-186
-153
-189
-201
-213
-191
-133
-159
-170
-93
-66
-61
-39
-40
-109
-30
-44
-74
-25
-75
-48
-45
-12
-22
63
80
117
121
251
344
418
498
532
531
454
366
275
165
144
-12
-24
-135
-140
-140
-184
-157
-163
-184
-186
-207
-178
-156
-337
-85
-76
-69
-58
-62
-75
-86
-141
-108
-81
-83
-80
-57
0
-37
49
101
137
226
276
351
419
459
419
389
277
202
131
-12
5
-155
-201
-193
-204
-232
-236
-267
-234
-226
-242
-214
-209
-152
-118
-119
-79
-85
-81
-110
-107
-143
-131
-163
-130
-93
-70
-31
-40
51
147
150
232
314
404
455
467
463
389
298
186
130
10
-61
-117
-142
-125
-139
-184
-171
-272
-178
-184
-191
-140
-126
-76
-85
-48
-53
-22
-58
-33
-80
-79
-77
-44
-31
-7
-31
46
85
114
153
229
309
354
449
511
529
502
383
244
191
178
33
-23
-101
-97
-153
-175
-150
-144
-165
-177
-171
-157
-157
-166
-80
-63
-49
-51
-73
-56
-61
-80
-102
-67
-93
-86
-63
-12
-66
9
103
148
139
261
305
391
419
475
419
375
255
165
134
-6
-44
-204
-191
-241
-201
-236
-237
-253
-215
-217
-218
-215
-193
-172
-108
-130
-95
-141
-108
-102
-139
-171
-139
-137
-117
-134
-70
-7
-14
43
102
154
246
313
378
419
465
419
356
261
159
127
-12
-27
-130
-145
-158
-186
-181
-141
-207
-171
-195
-161
-155
-111
-93
-80
-21
-7
-55
-51
-51
-79
-74
-65
-85
-43
-28
-192
21
83
110
125
230
276
371
378
500
549
490
403
301
207
145
35
-14
-40
-108
-125
-157
-143
-171
-143
-172
-181
-160
-135
-104
-44
-45
-44
-45
-47
-44
-37
-78
-53
-93
-93
-94
-31
-37
-43
21
99
111
163
227
282
344
414
457
419
356
276
182
176
10
-62
-145
-248
-167
-182
-193
-177
-236
-213
-215
-221
-189
-153
-158
-129
-113
-107
-93
-108
-131
-137
-159
-133
-153
-118
-83
-53
-35
-104
31
101
143
230
263
344
386
419
373
338
243
180
145
-1
-21
-137
-133
-154
-156
-204
-175
-184
-204
-201
-173
-151
-134
-135
-57
-44
-43
-33
-74
-76
-62
-93
-73
-46
-44
-43
-44
36
77
111
145
165
254
340
394
419
479
450
403
317
212
116
124
0
-29
-45
-77
-109
-127
-169
-177
-172
-149
-159
-140
-133
-120
-40
-38
-25
-44
-33
-63
-67
-93
-54
-94
-53
-39
-53
-21
50
79
141
117
222
258
313
371
419
447
353
244
167
129
36
-38
-104
-165
-157
-184
-186
-204
-232
-237
-206
-234
-191
-194
-129
-141
-108
-78
-113
-95
-138
-143
-140
-155
-107
-110
-80
-58
-103
-65
56
91
89
148
273
314
338
394
379
363
255
179
151
3
-98
-108
-171
-174
-166
-193
-204
-230
-213
-202
-183
-179
-186
-134
-80
-44
-106
-42
-17
-60
-28
-65
-107
-97
-59
-45
-35
-38
53
65
132
159
195
286
276
372
415
459
446
331
276
175
134
17
-21
-43
-61
-117
-101
-149
-147
-172
-182
-165
-149
-140
-108
-66
-49
-21
-45
-31
-54
-12
-57
-56
-70
-72
-51
-22
-46
37
67
95
155
163
255
327
371
404
379
343
298
249
143
118
-12
-33
-286
-142
-183
-184
-204
-194
-205
-203
-189
-209
-386
-169
-146
-107
-111
-107
-298
-118
-118
-110
-116
-102
-73
-114
-76
-63
-34
-12
79
119
174
243
340
327
343
339
321
260
161
163
37
-28
-39
-149
-133
-172
-172
-203
-203
-219
-211
-173
-173
-166
-151
-108
-56
-62
-57
-79
-60
-85
-99
-81
-74
-57
-76
-37
-12
67
139
117
89
234
327
342
373
419
419
368
302
237
174
131
-81
-15
-28
-77
-99
-113
-124
-139
-142
-124
-129
-127
-169
-62
-80
-55
-76
-42
-28
-59
-69
-58
-85
-65
-55
-39
-33
34
95
84
129
129
237
271
331
355
387
367
317
243
186
129
45
-12
-33
-101
-131
-184
-199
-193
-213
-189
-367
-192
-170
-153
-129
-108
-73
-76
-95
-93
-221
-125
-172
-147
-108
-104
-67
-71
-49
-34
75
90
153
180
291
298
323
310
315
251
192
150
69
-9
-54
-97
-73
-158
-145
-189
-201
-213
-214
-197
-202
-193
-144
-147
-101
-113
-57
-109
-63
-93
-117
-108
-77
-98
-43
-45
-58
43
85
145
179
257
294
333
369
383
361
297
211
219
103
129
38
-14
-35
-74
-93
-141
-193
-172
-156
-152
-95
-133
-95
-76
-40
-59
-46
-47
-50
-103
-30
-80
-93
-44
-44
-49
-12
61
67
117
195
261
293
343
363
369
340
306
250
186
158
42
21
-25
-86
-124
-150
-147
-178
-176
-140
-159
-169
-170
-120
-143
-152
-145
-189
-145
-135
-166
-133
-114
-133
-117
-80
-79
-48
-50
50
103
171
202
274
286
294
289
291
230
180
147
148
12
-23
-38
-117
-133
-123
-155
-201
-189
-229
-192
-180
-186
-155
-158
-167
-157
-120
-138
-142
-153
-152
-111
-74
-67
-50
-44
-44
51
116
148
211
270
323
341
230
308
307
301
267
199
186
155
20
-6
-7
-43
-101
-107
-151
-153
-110
-142
-121
-121
-102
-115
-93
-104
-97
-71
-95
-98
-45
-69
-37
-38
-111
22
63
84
126
155
247
283
304
323
347
337
246
186
169
14
-28
-40
-104
-78
-75
-103
-59
-93
-61
-109
-60
-108
0
-33
-15
-45
-5
-30
-255
-69
-101
-70
-71
-65
-44
-47
-29
25
80
110
161
148
191
193
190
167
201
148
127
149
51
39
-5
-12
-40
-80
-125
-108
-250
-153
-101
-155
-121
-153
-131
-154
-111
-157
-140
-145
-125
-125
-137
-119
-131
-107
-76
-45
-67
-42
37
79
95
135
146
119
202
179
211
165
169
151
166
142
67
58
42
20
22
-33
-12
-12
-5
-40
-37
-71
-25
-75
0
-28
-45
-51
-43
-62
-38
-44
-18
-9
-80
-23
-5
17
38
67
84
116
170
147
195
197
205
161
155
173
170
143
169
127
94
66
30
33
-76
3
-12
12
-11
-25
10
-40
-17
-58
-57
-49
-40
-71
-78
-73
-76
-73
-198
-47
-78
-24
-28
-44
-12
27
31
66
85
103
89
114
130
102
69
80
78
53
80
7
18
7
-14
-12
-7
-38
-6
-57
-71
-101
-302
-93
-106
-71
-59
-76
-71
-56
-117
-53
-75
-108
-75
-57
-54
-53
-5
-31
-12
10
69
43
98
62
84
71
61
101
89
81
99
71
51
43
90
33
38
36
-11
15
10
31
17
12
15
10
47
15
30
-14
36
0
5
18
27
19
40
27
-12
30
62
55
49
43
91
91
89
121
115
97
119
93
97
83
104
39
99
85
83
38
63
62
35
19
75
5
21
5
-120
14
21
-1
31
5
20
-7
-7
-17
-55
-40
7
-15
-1
-7
59
9
24
20
-11
-3
40
15
25
25
43
21
51
10
15
-12
1
0
-6
3
14
-5
3
-29
-44
-27
-29
-12
-5
-12
3
-12
-20
-53
-35
-65
-12
-50
-29
-12
-44
-19
-11
-33
-27
9
35
7
36
20
45
20
30
14
51
22
69
30
42
24
62
25
35
23
40
20
35
22
19
15
-11
36
47
22
38
40
67
19
58
27
35
12
25
27
49
59
39
42
25
49
43
33
51
53
68
73
49
63
63
68
61
40
59
47
51
25
68
47
39
37
56
47
37
47
27
31
-153
22
31
43
51
21
48
7
51
-37
10
-31
-44
-43
73
131
245
342
419
383
283
194
133
-7
-56
-78
-40
-37
92
91
55
-9
-40
-139
-184
-205
-186
-117
-76
-25
-28
11
5
-7
33
-10
20
84
106
132
275
379
419
415
363
244
137
67
-12
-33
-174
80
95
130
150
95
-11
-44
-236
-172
-146
-94
-27
-44
63
69
61
0
9
7
14
46
107
147
307
394
468
402
358
199
148
40
-39
-34
-27
50
110
131
63
50
-30
-113
-172
-205
-159
-130
-50
-37
-28
-23
0
14
-47
-34
-40
9
99
145
254
347
383
339
282
180
91
-34
0
-80
-50
-24
31
75
47
-25
-38
-186
-237
-218
-236
-169
-109
-101
-57
-11
-25
-37
-61
-42
-12
-55
78
145
267
311
346
293
235
149
15
-28
-9
-65
-59
-29
87
53
23
-39
-79
-169
-192
-214
-156
-126
-15
-40
-19
-55
-49
-9
15
0
43
103
119
247
331
369
341
283
207
127
17
-17
-44
-30
55
87
101
40
51
-25
-129
-145
-130
-117
-61
-61
-71
0
-1
18
3
0
-33
58
115
143
265
331
387
355
308
163
133
24
-44
-42
-15
9
93
51
34
-39
1
-147
-169
-199
-137
-133
-69
-53
-44
-39
-28
-19
-12
1
36
123
123
287
315
336
304
181
149
12
-28
-58
-63
-62
-1
31
-9
-21
-65
-154
-204
-209
-184
-184
-59
-66
-46
-58
-29
-22
22
21
74
116
131
262
331
323
258
163
155
25
-12
-43
-37
-15
10
53
25
-7
-17
-135
-165
-173
-140
-101
-23
-22
-30
22
31
51
35
85
133
230
297
355
394
319
267
183
171
15
-12
-14
25
15
58
21
29
-28
-5
-114
-108
-110
-69
-44
-19
-17
48
55
106
100
119
133
244
313
419
355
309
230
163
141
23
0
-14
24
43
51
36
-7
-30
-134
-158
-140
-157
-121
-69
-50
-35
37
36
67
116
117
147
263
356
326
277
209
159
83
-11
-25
-44
-34
-12
-6
25
-27
-39
-145
-175
-181
-157
-169
-112
-77
-17
-42
31
59
106
145
179
263
291
277
230
150
131
43
-11
-35
-40
-44
-7
18
-22
-31
-103
-153
-157
-186
-172
-127
-54
-25
-12
38
97
99
137
219
275
307
297
273
194
127
100
15
5
-12
14
43
33
9
-19
-79
-76
-141
-148
-135
-29
-69
-31
55
27
119
149
211
278
339
386
311
298
221
163
151
36
9
25
42
51
20
11
-11
0
-125
-159
-135
-134
-71
-34
-22
51
83
148
148
230
291
309
292
275
186
135
137
19
-12
19
-12
33
-17
-28
-30
-101
-137
-186
-173
-159
-143
-29
-57
3
55
110
127
182
227
241
242
215
149
116
20
1
-30
-34
-33
-54
-29
-19
-104
-119
-181
-141
-205
-163
-155
-108
-65
-40
27
87
123
145
242
244
219
222
142
141
30
-7
-36
17
-22
20
-38
-29
-25
-127
-158
-193
-147
-129
-117
-31
-30
20
91
148
145
267
273
266
227
180
163
75
40
51
29
49
51
43
-23
-18
-29
-108
-143
-121
-104
-61
-21
-11
80
131
130
227
259
271
259
244
149
138
146
59
35
21
63
21
14
1
-22
-37
-127
-107
-140
-189
-80
-50
0
65
99
147
170
241
250
223
192
148
100
12
23
-5
-9
0
9
-17
-34
-23
-121
-140
-197
-172
-159
-94
-44
-29
40
63
148
131
194
184
166
159
51
29
-35
-22
-38
-12
-21
0
-51
-101
-155
-166
-182
-201
-172
-129
-93
3
-39
99
135
163
183
65
147
163
36
27
-14
-21
-12
-17
0
-179
-46
-30
-117
-124
-133
-155
-127
-94
-39
-57
42
99
146
155
215
218
166
161
135
103
51
43
0
31
31
29
0
-29
-44
-117
-114
-104
-80
-66
-50
51
83
84
139
197
239
263
194
163
170
45
42
17
14
71
46
18
19
11
-25
-77
-103
-93
-60
-48
-39
3
80
150
126
212
186
184
144
163
24
14
-17
-10
-25
-9
-5
-79
-15
-28
-109
-108
-125
-109
-85
-40
-54
-77
57
98
107
134
129
180
69
40
-23
-23
-34
-31
-25
-34
-83
-38
-103
-93
-143
-176
-165
-130
-99
-29
-37
-14
33
98
114
138
139
63
49
-12
-30
-29
-33
-12
-33
-45
-70
-66
-108
-80
-134
-101
-121
-121
-93
-15
-27
73
98
110
147
107
151
113
35
21
-14
-18
-10
15
-22
-5
5
-25
-38
-60
-101
-38
-49
-58
-25
-12
51
127
123
147
195
190
131
138
51
15
11
15
-3
-30
-14
19
12
-7
-22
-17
-72
-60
-47
-58
-25
-31
98
114
141
181
151
120
145
40
15
-14
-29
-46
-24
-44
-58
-49
-21
-75
-102
-103
-101
-94
-75
-50
-44
49
101
134
148
135
73
59
31
-15
-5
-30
-42
-43
-57
-53
-69
-76
-98
-114
-127
-129
-126
-160
-61
3
-37
46
84
91
114
97
20
62
-11
-29
-44
-69
-54
-76
-37
-15
-76
-93
-104
-135
-108
-134
-108
-73
-22
-28
80
161
99
163
127
81
36
0
-14
-44
-29
-40
-55
-29
-17
-44
-25
-70
-93
-75
-65
-58
-31
-28
65
101
131
127
150
127
123
103
30
17
10
22
-12
0
-1
10
-12
-27
-33
-123
-77
-57
-57
-7
-46
31
103
126
130
161
143
168
143
57
9
-5
-19
-5
-22
12
-12
-44
-29
-44
-98
-141
-117
-49
-58
-22
