11
1
6
17
25
20
26
46
27
27
35
23
20
20
11
7
10
-5
-7
-7
-21
-13
-18
-19
-14
-13
-11
-6
9
11
19
26
21
14
17
15
5
-14
-28
-29
-43
-45
-44
-48
-44
-44
-47
-45
-46
-38
-39
-21
-1
10
23
20
16
9
-5
-12
-17
-26
-41
-53
-35
-50
-59
-63
-58
-59
-52
-41
-50
-33
-12
15
35
50
54
61
43
52
40
21
-7
-12
-28
-28
-31
-37
-42
-44
-45
-43
-44
-33
8
9
21
48
52
53
75
84
85
84
79
59
47
15
-2
-19
-26
31
-45
-49
-41
-44
-44
-25
-12
6
20
30
51
58
91
115
117
127
123
129
125
93
39
17
-7
-27
-39
-44
-44
-39
-67
-57
-55
-43
-45
-37
6
21
33
41
71
83
107
135
131
134
119
67
45
-15
-27
-43
-41
-82
-103
-108
-109
-101
-79
-74
-59
-49
-47
-49
-44
-15
-5
19
37
83
122
126
167
137
129
32
-12
-38
-52
-111
-97
-109
-109
-85
-81
-71
-59
-45
-46
-44
-41
-33
-40
-31
-31
-45
-55
-42
-44
-38
-37
-32
-24
-12
-5
15
20
52
99
127
131
154
125
127
38
11
-12
-21
-28
-46
-24
-42
-62
-63
-55
-55
-44
-37
-45
-29
-11
-12
-21
-21
-28
-28
5
97
126
229
265
259
222
177
131
130
20
-12
-29
-40
-38
-65
-53
-67
-60
-54
-44
-15
21
35
32
61
52
15
-5
-18
-41
-41
-49
-39
-37
-29
-24
-24
-37
-45
-46
-41
9
84
131
234
257
245
203
150
121
27
-12
-34
-42
-73
-97
-93
-102
-103
-76
-94
-103
-94
-85
-69
-63
-63
-73
-85
-93
-111
-126
-127
-110
-76
-44
112
195
291
294
279
202
130
54
-12
-39
-107
-113
-130
-137
-129
-141
-142
-113
-101
-65
-48
-41
-4
10
-1
-9
-30
-54
-81
-94
-101
-76
-55
-49
-54
-44
-61
-54
-41
-12
109
134
292
297
310
266
199
131
131
25
-19
-19
-53
-75
-83
-93
-77
-76
-59
-53
-45
-44
-39
-47
-42
-27
-44
-47
-97
-110
-123
-117
-76
-43
66
128
290
374
419
405
333
243
155
148
-9
-35
-48
-105
-107
-123
-128
-129
-119
-107
-93
-55
-45
-44
-23
-29
-38
-38
-97
-115
-129
-138
-135
-139
-135
-108
-63
-44
33
110
221
323
386
375
315
227
147
119
-11
-37
-103
-143
-157
-171
-173
-166
-153
-150
-126
-102
-75
-67
-61
-71
-101
-123
-138
-158
-173
-186
-196
-198
-165
-111
-50
-46
101
137
339
416
419
366
297
212
205
121
-101
-43
-107
-135
-153
-159
-157
-151
-140
-119
-85
-33
-55
-47
-23
-17
-38
-47
-121
-155
-166
-178
-186
-175
-149
-77
-32
70
131
291
404
487
497
419
343
239
157
126
1
-28
-35
-113
-129
-139
-141
-128
-109
-79
-47
-48
-28
4
-2
-17
-43
-45
-134
-172
-195
-209
-219
-181
-152
-93
-47
57
117
285
405
506
531
483
359
244
146
119
-28
-43
-127
-156
-175
-189
-197
-177
-179
-150
-105
-65
-44
-44
-41
-44
-97
-137
-173
-208
-230
-251
-264
-258
-220
-170
-111
-47
-30
120
294
419
532
534
457
326
202
131
-11
-39
-141
-167
-191
-206
-223
-223
-220
-181
-153
-112
-75
-60
-48
-47
-72
-108
-153
-188
-223
-238
-254
-274
-243
-195
-140
-58
-41
100
219
414
554
614
571
468
319
198
125
3
-34
-59
-140
-166
-197
-194
-194
-177
-150
-95
-73
-46
-31
-12
-14
-42
-44
-119
-157
-181
-203
-223
-233
-205
-157
-77
-45
69
117
355
532
662
692
613
475
319
168
119
-13
-41
-109
-142
-166
-188
-200
-197
-172
-149
-106
-67
-44
-41
-9
-28
-44
-123
-172
-215
-239
-258
-269
-274
-231
-172
-102
-15
59
127
363
539
659
659
558
389
251
123
3
-43
-137
-168
-202
-209
-234
-245
-253
-229
-197
-146
-103
-67
-49
-55
-85
-133
-175
-224
-261
-287
-305
-303
-298
-263
-190
-99
-45
79
134
407
585
691
671
547
399
230
127
5
-41
-130
-170
-186
-205
-230
-236
-223
-216
-175
-121
-74
-44
-57
-43
-45
-101
-153
-194
-236
-266
-291
-296
-284
-235
-168
-78
-49
105
287
483
667
763
713
583
419
258
129
17
-29
-96
-156
-165
-190
-217
-210
-204
-200
-160
-117
-76
-49
-44
-37
-44
-125
-172
-214
-252
-283
-300
-306
-268
-214
-128
-43
20
121
354
563
724
787
695
534
353
211
127
-23
-50
-155
-182
-201
-235
-242
-239
-236
-205
-171
-122
-94
-66
-56
-73
-110
-156
-206
-247
-286
-317
-329
-322
-275
-215
-123
-49
52
129
411
619
761
781
651
475
306
163
127
-30
-94
-171
-203
-209
-236
-262
-256
-243
-195
-155
-85
-56
-47
-49
-39
-44
-150
-199
-247
-275
-298
-306
-295
-240
-169
-69
-41
113
291
509
731
853
827
665
479
318
148
118
-34
-61
-156
-191
-214
-225
-234
-235
-215
-172
-105
-50
-44
5
1
-21
-49
-137
-186
-241
-268
-301
-304
-281
-219
-133
-53
39
116
375
617
795
869
787
611
419
257
123
2
-44
-140
-176
-202
-240
-255
-265
-245
-221
-174
-130
-80
-42
-55
-40
-43
-140
-204
-268
-309
-337
-353
-348
-297
-229
-140
-44
-17
121
419
687
849
855
707
506
319
169
117
-44
-146
-199
-223
-253
-274
-283
-287
-271
-234
-185
-142
-95
-74
-73
-67
-134
-176
-238
-309
-341
-352
-351
-335
-268
-185
-72
-44
115
339
587
803
899
819
643
445
260
128
3
-43
-129
-171
-197
-229
-238
-254
-245
-229
-181
-136
-78
-43
-44
-21
-38
-75
-178
-235
-289
-313
-337
-330
-274
-184
-101
-37
83
223
546
799
980
955
771
565
368
211
126
-12
-45
-139
-165
-181
-211
-227
-236
-236
-193
-140
-114
-69
-41
-37
-30
-44
-156
-220
-274
-329
-348
-357
-323
-255
-161
-55
-38
121
399
660
867
916
827
618
419
229
136
-12
-44
-154
-199
-223
-257
-284
-283
-279
-259
-207
-163
-108
-71
-55
-69
-108
-173
-237
-300
-351
-382
-403
-390
-327
-233
-139
-46
51
229
546
787
916
859
691
474
293
134
11
-45
-140
-191
-209
-242
-268
-283
-285
-275
-234
-186
-108
-75
-49
-53
-81
-137
-201
-265
-315
-352
-362
-364
-317
-231
-138
-43
50
130
515
771
959
951
789
578
366
226
133
-12
-55
-139
-185
-213
-225
-253
-259
-256
-211
-156
-105
-50
-37
-22
-28
-38
-167
-233
-293
-332
-365
-362
-331
-250
-141
-59
-33
130
454
711
918
959
823
626
411
259
126
5
-44
-141
-187
-229
-256
-273
-287
-282
-247
-207
-168
-123
-76
-59
-76
-125
-187
-243
-318
-370
-395
-410
-370
-300
-214
-109
-42
105
358
629
851
931
820
628
419
245
128
-11
-42
-170
-214
-242
-283
-295
-311
-305
-295
-250
-195
-150
-110
-105
-108
-149
-194
-263
-332
-357
-384
-393
-365
-309
-220
-125
-44
84
311
584
815
955
875
697
499
311
157
116
-39
-113
-159
-199
-236
-249
-277
-270
-257
-221
-155
-117
-77
-58
-55
-108
-169
-221
-290
-335
-367
-380
-354
-284
-201
-97
-62
111
349
629
898
1017
917
737
510
335
181
127
-14
-41
-134
-170
-213
-236
-268
-273
-255
-213
-173
-129
-77
-61
-76
-125
-178
-236
-296
-337
-377
-382
-364
-299
-209
-121
-44
100
340
609
841
959
867
691
484
309
166
117
-33
-135
-183
-233
-266
-291
-315
-318
-300
-251
-204
-154
-114
-106
-121
-150
-221
-277
-339
-398
-441
-442
-417
-337
-241
-140
-49
95
357
618
839
887
803
630
455
293
139
33
-18
-61
-177
-205
-257
-284
-298
-295
-293
-242
-193
-145
-118
-97
-113
-161
-219
-284
-328
-378
-397
-409
-370
-297
-187
-105
-45
119
419
719
950
991
859
651
467
293
146
113
-28
-51
-157
-193
-227
-257
-275
-268
-239
-194
-137
-101
-65
-47
-78
-124
-191
-255
-289
-364
-391
-387
-341
-268
-177
-75
-49
133
491
743
931
963
817
626
447
273
130
26
-35
-76
-170
-205
-237
-266
-285
-283
-258
-218
-172
-123
-94
-81
-105
-156
-225
-291
-355
-399
-441
-440
-387
-301
-209
-110
-42
126
481
761
951
931
756
550
369
211
147
-21
-39
-157
-204
-239
-269
-284
-309
-305
-289
-236
-190
-137
-98
-94
-124
-187
-252
-328
-391
-417
-428
-419
-359
-279
-173
-83
-44
141
547
803
971
905
742
542
357
209
135
-11
-38
-133
-169
-204
-251
-264
-271
-252
-230
-183
-140
-80
-59
-48
-81
-141
-234
-301
-360
-397
-411
-389
-327
-233
-139
-46
79
331
623
886
1019
931
757
551
373
227
131
19
-35
-49
-156
-189
-226
-245
-259
-237
-205
-154
-131
-72
-50
-47
-95
-161
-242
-317
-371
-407
-414
-394
-320
-237
-151
-73
-30
311
615
875
975
873
697
505
308
171
127
-25
-44
-145
-185
-235
-273
-283
-297
-282
-251
-209
-155
-110
-81
-81
-140
-203
-290
-364
-426
-457
-479
-428
-358
-263
-166
-83
-25
323
627
839
918
823
647
478
302
147
116
-29
-60
-148
-190
-235
-263
-284
-300
-271
-237
-191
-140
-85
-63
-69
-140
-185
-265
-339
-402
-424
-439
-393
-320
-234
-140
-61
103
399
683
921
997
863
671
500
314
173
141
-12
-43
-125
-166
-209
-249
-247
-265
-241
-220
-141
-95
-47
-49
-41
-101
-163
-254
-329
-378
-410
-409
-364
-278
-195
-109
-44
115
419
727
948
971
839
659
474
304
162
125
-25
-49
-137
-177
-221
-263
-273
-282
-262
-220
-177
-144
-97
-75
-81
-140
-215
-303
-374
-419
-442
-443
-383
-300
-229
-153
-63
117
419
702
916
931
788
613
419
251
129
19
-29
-127
-177
-224
-268
-277
-306
-303
-271
-235
-201
-155
-113
-98
-121
-174
-250
-323
-384
-443
-460
-441
-378
-303
-209
-140
-41
118
501
761
931
913
762
587
403
235
127
15
-30
-41
-155
-191
-229
-263
-269
-268
-233
-183
-141
-93
-55
-55
-95
-168
-236
-318
-363
-413
-434
-396
-334
-245
-151
-71
-22
327
623
871
991
917
749
560
383
228
131
20
-27
-42
-139
-187
-219
-238
-254
-241
-205
-171
-108
-76
-73
-85
-126
-199
-270
-330
-398
-427
-414
-378
-301
-222
-142
-62
101
404
691
895
948
819
629
468
297
155
120
-29
-43
-151
-187
-237
-265
-283
-291
-270
-230
-193
-140
-104
-82
-104
-156
-236
-325
-401
-451
-465
-463
-397
-315
-234
-154
-51
123
483
753
915
883
729
547
373
218
131
-3
-39
-128
-177
-222
-247
-285
-283
-274
-249
-195
-171
-127
-101
-108
-141
-204
-276
-341
-410
-438
-443
-402
-333
-241
-143
-66
95
382
675
899
963
843
675
505
339
205
135
7
-66
-108
-165
-201
-236
-258
-253
-223
-186
-149
-99
-60
-45
-56
-118
-197
-262
-351
-403
-429
-424
-362
-261
-172
-81
-35
178
582
843
991
931
775
571
394
243
134
24
-31
-44
-145
-194
-229
-265
-268
-255
-230
-193
-141
-121
-93
-102
-141
-204
-305
-361
-428
-456
-460
-413
-325
-235
-158
-66
101
415
703
907
931
802
615
419
291
152
117
-23
-44
-150
-204
-242
-285
-301
-301
-268
-237
-199
-158
-138
-135
-144
-225
-289
-361
-423
-471
-491
-446
-362
-295
-205
-104
-39
335
637
879
959
859
683
502
340
203
123
6
-48
-126
-223
-204
-202
-269
-270
-257
-220
-167
-126
-97
-77
-113
-159
-225
-300
-363
-418
-429
-421
-370
-270
-182
-98
-47
129
587
870
1029
948
789
611
419
276
163
129
-10
-44
-129
-180
-220
-239
-251
-242
-189
-159
-118
-105
-74
-86
-149
-225
-279
-359
-417
-468
-453
-391
-306
-218
-131
-47
131
500
787
977
955
803
622
459
295
154
123
-25
-48
-141
-198
-249
-279
-285
-281
-250
-208
-162
-139
-117
-131
-179
-226
-300
-370
-429
-476
-479
-430
-364
-247
-187
-94
-28
365
661
885
953
833
658
482
317
170
119
-6
-29
-137
-205
-242
-284
-290
-290
-279
-201
-175
-149
-131
-133
-157
-213
-273
-343
-419
-459
-461
-427
-353
-271
-173
-105
-44
307
631
902
1009
918
745
565
405
250
126
53
-21
-42
-140
-203
-245
-264
-268
-236
-205
-165
-123
-93
-104
-119
-171
-236
-317
-361
-412
-426
-402
-340
-266
-172
-93
-44
223
623
910
1063
995
820
633
463
287
157
127
-1
-40
-140
-187
-241
-268
-257
-263
-225
-189
-145
-128
-115
-129
-171
-231
-310
-375
-431
-470
-450
-396
-303
-204
-137
-50
121
523
795
979
963
786
601
419
286
150
125
-26
-50
-156
-208
-255
-297
-300
-291
-257
-200
-185
-166
-151
-177
-213
-273
-338
-413
-469
-494
-486
-415
-349
-342
-158
-45
127
515
815
963
931
783
603
455
276
147
119
-23
-48
-149
-189
-236
-268
-274
-274
-245
-201
-164
-123
-117
-135
-171
-230
-295
-359
-416
-460
-438
-384
-291
-189
-117
-44
131
539
820
1007
962
806
629
459
308
180
123
9
-34
-43
-156
-204
-227
-237
-236
-204
-157
-129
-99
-86
-108
-156
-193
-284
-351
-413
-441
-434
-373
-284
-215
-137
-43
134
547
839
995
959
803
614
449
290
159
122
-10
-44
-134
-191
-221
-259
-277
-279
-251
-210
-147
-140
-119
-129
-177
-249
-306
-383
-428
-473
-463
-403
-320
-230
-156
-45
135
491
761
929
895
741
587
419
291
145
116
-27
-45
-155
-197
-259
-298
-305
-299
-266
-226
-170
-149
-134
-137
-181
-254
-309
-378
-432
-467
-463
-411
-328
-233
-147
-43
135
518
789
950
899
756
593
419
292
165
138
-13
-33
-123
-172
-211
-247
-271
-266
-230
-187
-147
-107
-95
-108
-141
-204
-273
-346
-397
-430
-414
-357
-278
-204
-108
-42
134
548
834
995
966
791
639
471
328
203
132
33
-21
-53
-172
-206
-245
-257
-248
-211
-187
-140
-139
-97
-111
-165
-218
-302
-355
-423
-445
-428
-380
-303
-216
-129
-44
143
523
788
931
895
756
571
419
290
157
130
-12
-46
-137
-193
-241
-268
-284
-288
-259
-213
-165
-140
-123
-153
-181
-258
-328
-394
-460
-492
-471
-413
-329
-243
-155
-44
131
547
809
931
871
698
534
391
244
141
117
-21
-69
-137
-203
-241
-273
-300
-283
-236
-221
-154
-127
-110
-129
-178
-246
-326
-389
-442
-460
-429
-369
-277
-182
-101
-21
286
611
875
979
887
725
563
419
277
159
137
11
-29
-81
-171
-236
-252
-256
-253
-209
-155
-125
-85
-76
-104
-157
-230
-300
-366
-422
-431
-395
-322
-245
-147
-67
-34
358
647
871
979
895
719
563
419
277
161
138
1
-33
-127
-178
-236
-273
-279
-285
-231
-187
-151
-127
-118
-152
-205
-282
-343
-413
-461
-475
-435
-364
-272
-186
-108
-46
336
629
859
919
823
647
518
358
219
128
26
-25
-55
-169
-233
-281
-303
-319
-301
-255
-210
-179
-157
-158
-177
-249
-314
-375
-439
-481
-481
-440
-364
-287
-191
-83
-6
411
691
887
927
799
635
487
345
238
126
30
-27
-44
-156
-215
-251
-279
-275
-253
-213
-172
-137
-111
-130
-165
-224
-285
-351
-426
-446
-446
-396
-301
-213
-122
-44
130
499
775
953
948
794
635
497
355
226
131
115
14
-44
-138
-197
-241
-263
-251
-229
-193
-142
-115
-109
-131
-175
-229
-297
-368
-427
-458
-433
-378
-293
-199
-110
-51
135
565
815
931
881
729
575
419
291
171
127
3
-42
-137
-194
-222
-289
-300
-293
-255
-213
-157
-143
-137
-167
-222
-297
-361
-427
-470
-490
-459
-385
-300
-208
-124
-29
331
615
835
886
787
643
485
347
215
120
35
-41
-55
-175
-229
-273
-304
-314
-283
-254
-194
-157
-125
-135
-172
-233
-314
-385
-448
-485
-482
-421
-339
-236
-155
-43
116
494
739
907
887
753
597
467
336
210
127
29
-31
-48
-170
-207
-257
-267
-268
-236
-194
-143
-113
-108
-118
-161
-235
-299
-371
-421
-437
-411
-353
-268
-181
-93
-42
308
597
863
967
887
751
585
451
305
206
127
31
-25
-45
-165
-234
-274
-281
-270
-230
-183
-140
-108
-113
-129
-195
-268
-343
-398
-457
-462
-427
-350
-270
-172
-95
52
404
683
873
901
771
635
484
342
221
148
39
-25
-47
-170
-229
-277
-300
-303
-284
-250
-209
-163
-144
-151
-190
-256
-328
-396
-458
-492
-485
-428
-343
-254
-167
-53
128
483
735
887
859
730
575
417
308
192
131
23
-34
-79
-182
-236
-284
-291
-285
-249
-213
-162
-128
-109
-135
-180
-263
-332
-394
-435
-465
-428
-362
-270
-177
-108
-44
350
645
879
955
859
699
551
419
287
167
130
19
-29
-31
-172
-229
-238
-267
-237
-203
-152
-115
-94
-85
-125
-181
-249
-314
-380
-426
-428
-373
-317
-221
-154
-57
116
468
727
914
911
789
639
497
349
227
147
117
-9
-44
-159
-211
-257
-279
-282
-256
-223
-185
-155
-121
-146
-191
-249
-316
-383
-438
-478
-465
-397
-321
-236
-153
-44
129
498
747
902
874
725
566
419
285
170
127
3
-37
-143
-209
-253
-293
-310
-322
-272
-230
-203
-160
-143
-166
-221
-283
-362
-426
-469
-492
-459
-373
-293
-213
-110
-44
293
595
823
899
825
707
535
405
271
161
127
9
-41
-130
-187
-235
-201
-284
-281
-237
-187
-139
-127
-108
-127
-199
-265
-327
-395
-433
-431
-397
-314
-225
-146
-74
111
417
699
916
949
835
692
550
407
271
175
133
18
-28
-66
-175
-234
-268
-265
-238
-203
-156
-125
-108
-105
-169
-225
-300
-364
-413
-441
-432
-366
-295
-206
-133
-45
119
500
763
919
919
759
603
468
339
201
133
27
-16
-65
-177
-235
-269
-295
-297
-269
-223
-186
-161
-153
-172
-220
-283
-347
-417
-466
-486
-460
-380
-303
-216
-140
-61
131
563
807
903
835
678
532
386
265
162
117
-17
-54
-147
-210
-246
-288
-302
-278
-248
-209
-170
-154
-149
-191
-238
-303
-364
-429
-471
-462
-417
-343
-245
-160
-61
115
456
734
950
916
795
639
500
362
247
139
136
-7
-49
-143
-197
-250
-263
-267
-231
-204
-169
-141
-127
-133
-170
-229
-300
-363
-417
-442
-422
-346
-267
-177
-93
-39
243
595
847
958
910
747
593
477
327
203
130
72
-28
-44
-163
-224
-257
-266
-258
-229
-184
-153
-153
-142
-172
-221
-294
-375
-414
-461
-464
-430
-360
-268
-175
-81
102
419
726
913
917
787
634
473
355
219
117
25
-13
-49
-175
-204
-267
-293
-310
-283
-246
-199
-174
-171
-177
-233
-282
-348
-417
-473
-494
-481
-424
-333
-225
-142
-39
131
551
819
919
847
709
564
419
299
178
131
-1
-42
-145
-189
-237
-275
-291
-281
-238
-198
-169
-141
-130
-159
-207
-275
-344
-396
-441
-442
-412
-334
-241
-152
-59
114
454
717
915
959
827
675
533
403
266
159
135
-1
-43
-122
-181
-222
-249
-241
-225
-193
-146
-113
-108
-117
-154
-214
-279
-345
-396
-442
-418
-353
-284
-189
-94
-39
127
575
819
959
905
753
595
463
322
197
130
20
-28
-57
-177
-236
-274
-291
-283
-258
-213
-169
-141
-138
-166
-212
-282
-354
-425
-453
-466
-433
-374
-279
-204
-119
-61
353
631
851
891
785
647
496
369
229
131
27
-28
-45
-174
-221
-278
-300
-311
-294
-254
-206
-182
-161
-171
-199
-254
-316
-390
-447
-462
-460
-389
-327
-246
-163
-55
122
474
741
899
883
750
605
467
322
195
131
17
-28
-46
-161
-217
-249
-272
-277
-234
-219
-158
-139
-120
-125
-157
-230
-294
-350
-400
-432
-405
-346
-268
-175
-65
-42
325
615
843
951
863
723
587
419
308
185
131
23
-38
-43
-162
-207
-240
-262
-245
-221
-163
-121
-115
-113
-140
-194
-269
-326
-383
-429
-422
-390
-317
-242
-159
-71
100
406
695
883
913
795
649
502
374
244
143
115
-17
-39
-154
-203
-251
-273
-291
-265
-219
-183
-149
-133
-137
-172
-231
-301
-371
-423
-444
-437
-388
-326
-249
-172
-51
129
493
743
903
871
726
590
459
309
191
127
10
-33
-96
-172
-236
-268
-270
-280
-247
-206
-186
-136
-122
-139
-173
-233
-298
-349
-401
-425
-398
-337
-261
-179
-103
-46
129
533
789
931
895
753
607
479
362
212
136
50
-30
-47
-158
-204
-229
-258
-261
-223
-177
-125
-109
-94
-108
-153
-206
-278
-319
-375
-396
-369
-302
-237
-158
-81
-42
276
594
847
981
913
767
602
471
341
187
130
9
-29
-54
-178
-219
-257
-270
-263
-231
-175
-145
-119
-107
-137
-182
-225
-301
-364
-402
-427
-397
-331
-258
-175
-105
-44
329
615
839
907
822
675
533
387
259
145
111
-29
-43
-164
-226
-255
-299
-306
-300
-255
-217
-170
-147
-122
-142
-190
-257
-329
-395
-428
-438
-402
-335
-253
-175
-95
-29
318
617
827
884
793
647
511
371
244
137
116
-21
-46
-145
-207
-249
-268
-284
-265
-221
-168
-121
-85
-76
-113
-158
-230
-291
-353
-393
-396
-353
-284
-209
-124
-45
123
419
695
886
899
799
642
515
369
250
144
126
-12
-38
-133
-178
-222
-236
-240
-221
-174
-135
-82
-63
-53
-100
-162
-234
-303
-352
-389
-364
-345
-283
-189
-123
-45
131
481
723
899
879
757
610
479
339
211
118
30
-24
-53
-167
-234
-266
-273
-283
-246
-210
-163
-130
-107
-109
-156
-209
-284
-345
-378
-413
-400
-358
-282
-211
-126
-42
127
468
715
849
820
691
563
419
289
171
127
20
-42
-134
-204
-250
-283
-306
-293
-267
-209
-162
-126
-117
-118
-151
-209
-290
-337
-394
-409
-396
-345
-265
-187
-123
-44
133
534
773
885
831
699
574
419
307
178
131
2
-34
-127
-156
-229
-249
-261
-245
-220
-171
-125
-82
-76
-93
-146
-205
-275
-326
-354
-365
-359
-294
-220
-133
-53
84
345
599
825
917
841
703
571
419
299
183
133
15
-30
-125
-182
-231
-241
-256
-252
-213
-169
-133
-103
-82
-113
-163
-225
-287
-334
-374
-391
-357
-293
-241
-146
-65
-31
341
598
811
857
771
647
514
375
243
131
71
-23
-49
-169
-237
-268
-300
-298
-281
-236
-195
-159
-138
-129
-153
-207
-278
-336
-363
-418
-428
-377
-323
-251
-166
-78
-15
361
627
810
839
742
609
465
340
197
131
23
-41
-106
-171
-239
-287
-285
-298
-268
-226
-174
-143
-124
-129
-163
-218
-281
-333
-382
-413
-391
-338
-266
-189
-112
-44
134
502
746
899
871
739
596
455
330
203
135
38
-29
-54
-173
-220
-245
-264
-261
-215
-175
-138
-99
-93
-101
-155
-210
-255
-331
-358
-374
-348
-293
-222
-143
-46
-26
307
590
814
905
819
679
549
403
276
171
127
-1
-44
-134
-200
-247
-279
-281
-274
-240
-194
-140
-119
-123
-145
-199
-250
-315
-372
-407
-411
-382
-317
-250
-165
-97
-37
335
613
803
849
766
623
486
353
223
147
35
-21
-134
-197
-253
-302
-316
-342
-299
-261
-205
-165
-147
-155
-175
-236
-300
-286
-395
-442
-427
-413
-310
-222
-149
-49
121
447
682
837
847
724
577
419
310
195
133
19
-37
-127
-189
-238
-274
-289
-275
-254
-204
-154
-117
-103
-112
-156
-219
-270
-332
-367
-396
-370
-319
-245
-169
-95
-53
139
549
801
915
853
735
587
458
325
206
121
33
-29
-43
-178
-222
-253
-255
-257
-222
-158
-129
-97
-94
-124
-161
-217
-285
-338
-382
-399
-365
-287
-229
-155
-85
-33
321
595
807
884
803
681
527
398
257
144
116
-17
-43
-167
-221
-271
-302
-300
-281
-238
-199
-163
-144
-146
-167
-215
-282
-337
-385
-414
-411
-380
-318
-238
-163
-76
59
377
639
815
839
731
597
459
321
185
129
3
-43
-140
-203
-261
-299
-315
-309
-289
-245
-189
-141
-118
-118
-157
-218
-284
-347
-392
-418
-411
-359
-271
-198
-129
-44
122
488
719
891
863
739
595
463
319
203
107
20
-39
-129
-178
-236
-265
-285
-277
-234
-187
-143
-119
-103
-115
-145
-189
-268
-319
-362
-374
-353
-293
-221
-125
-74
-37
250
574
818
921
866
751
578
419
309
181
131
7
-35
-125
-204
-246
-271
-284
-266
-223
-177
-144
-115
-108
-133
-182
-244
-311
-354
-396
-400
-363
-300
-234
-162
-93
-26
334
631
850
887
794
641
499
358
241
131
29
-26
-119
-189
-241
-286
-306
-312
-300
-256
-204
-170
-152
-157
-197
-252
-303
-364
-409
-428
-422
-369
-308
-216
-134
-44
130
487
739
871
822
695
543
419
291
165
120
-5
-29
-158
-225
-263
-300
-301
-295
-252
-203
-153
-125
-108
-126
-170
-231
-287
-350
-385
-397
-366
-296
-223
-143
-60
79
371
651
859
913
814
671
527
395
251
158
130
-11
-43
-149
-206
-241
-265
-269
-237
-191
-142
-109
-83
-93
-125
-177
-238
-300
-344
-377
-362
-302
-256
-173
-104
-44
127
510
755
897
867
743
596
455
320
197
123
-2
-35
-126
-197
-247
-281
-290
-284
-253
-219
-171
-140
-126
-141
-183
-250
-311
-359
-396
-413
-392
-326
-251
-175
-107
-44
311
587
798
871
785
650
502
361
226
130
26
-27
-134
-204
-270
-300
-326
-322
-311
-273
-220
-172
-156
-150
-172
-219
-277
-339
-384
-425
-401
-358
-297
-209
-141
-53
129
486
741
884
851
731
571
419
297
180
143
5
-42
-129
-189
-241
-271
-283
-271
-245
-199
-154
-127
-108
-108
-140
-209
-268
-325
-364
-379
-360
-301
-230
-146
-72
-21
347
627
843
903
835
705
559
415
282
170
123
10
-41
-124
-188
-230
-265
-263
-246
-204
-167
-124
-94
-76
-118
-179
-241
-296
-355
-393
-384
-334
-271
-198
-134
-43
116
479
725
867
843
735
585
450
305
167
139
7
-43
-134
-215
-246
-282
-293
-293
-269
-226
-175
-142
-124
-126
-170
-219
-301
-349
-395
-417
-392
-353
-284
-197
-129
-41
131
536
747
835
767
637
502
369
239
139
51
-29
-31
-170
-235
-273
-301
-309
-285
-249
-209
-155
-135
-115
-141
-183
-237
-300
-352
-386
-398
-364
-300
-229
-160
-75
27
362
629
827
867
779
647
507
372
244
146
123
-22
-44
-146
-218
-249
-270
-272
-248
-205
-153
-117
-83
-77
-106
-167
-238
-298
-332
-364
-359
-319
-250
-179
-102
-47
131
503
749
889
875
755
599
471
323
201
127
55
-25
-102
-178
-234
-265
-283
-273
-237
-202
-154
-123
-102
-122
-152
-220
-290
-347
-394
-417
-392
-331
-247
-173
-102
-43
313
595
803
855
775
639
501
361
235
135
25
-31
-54
-172
-223
-283
-317
-314
-296
-257
-210
-175
-153
-138
-167
-225
-290
-350
-396
-427
-429
-390
-314
-235
-161
-61
116
419
667
841
819
733
579
419
318
187
123
6
-49
-145
-205
-259
-287
-300
-291
-252
-213
-156
-124
-106
-117
-151
-213
-277
-342
-365
-393
-375
-313
-247
-162
-72
-45
329
596
815
911
831
673
547
407
276
174
129
11
-41
-141
-200
-236
-257
-262
-246
-209
-161
-122
-97
-75
-101
-169
-230
-294
-351
-382
-376
-337
-267
-182
-106
-44
122
475
735
887
878
756
611
481
333
196
125
18
-35
-135
-198
-247
-284
-303
-298
-265
-231
-172
-145
-123
-127
-163
-219
-295
-364
-407
-423
-396
-338
-268
-182
-97
-42
317
595
799
869
795
647
501
369
231
131
19
-31
-117
-193
-255
-293
-318
-323
-313
-265
-214
-173
-143
-146
-166
-223
-287
-354
-374
-412
-418
-360
-282
-204
-136
-47
132
499
751
895
857
726
575
419
293
179
126
6
-39
-128
-193
-242
-290
-284
-280
-255
-207
-149
-121
-106
-121
-162
-229
-296
-339
-379
-396
-364
-299
-209
-112
-44
116
455
703
903
903
802
661
515
372
245
145
122
3
-41
-158
-217
-251
-279
-284
-256
-205
-159
-109
-109
-115
-147
-207
-266
-324
-371
-399
-386
-317
-250
-165
-98
-39
321
611
823
907
819
683
532
387
257
145
99
-23
-46
-167
-230
-273
-303
-320
-303
-261
-209
-171
-136
-140
-169
-211
-275
-329
-394
-428
-430
-381
-322
-236
-161
-50
116
490
735
884
843
706
551
415
291
154
126
1
-49
-168
-224
-283
-319
-306
-313
-274
-229
-182
-146
-119
-135
-176
-236
-300
-363
-396
-414
-393
-318
-241
-155
-76
79
392
675
883
916
815
659
517
372
239
131
115
-12
-43
-158
-229
-263
-298
-288
-265
-227
-177
-129
-82
-79
-113
-170
-241
-298
-344
-375
-370
-318
-251
-172
-93
-47
241
579
821
948
891
739
675
419
295
182
111
-9
-29
-145
-209
-257
-288
-285
-284
-254
-190
-141
-113
-108
-105
-157
-221
-290
-357
-394
-405
-392
-322
-247
-172
-85
-23
375
651
843
887
788
635
495
343
213
139
19
-38
-121
-187
-254
-298
-319
-326
-317
-266
-221
-177
-146
-138
-157
-209
-283
-337
-391
-431
-421
-370
-299
-217
-137
-45
123
501
731
878
855
735
573
451
296
170
123
-12
-43
-151
-208
-267
-300
-299
-304
-270
-219
-157
-120
-93
-94
-140
-223
-282
-336
-379
-412
-382
-314
-211
-155
-75
99
405
685
899
931
823
673
522
374
244
144
131
-11
-44
-155
-219
-261
-281
-282
-266
-222
-165
-126
-72
-65
-61
-157
-234
-297
-349
-382
-381
-334
-259
-173
-121
-39
126
547
795
931
887
739
591
419
308
180
126
5
-44
-141
-204
-268
-302
-312
-313
-281
-230
-187
-146
-117
-126
-175
-241
-321
-364
-407
-430
-396
-326
-261
-179
-76
-28
371
647
833
875
774
623
469
326
192
125
2
-47
-149
-214
-278
-320
-345
-348
-315
-272
-221
-181
-151
-140
-169
-220
-309
-354
-396
-418
-414
-353
-287
-209
-133
-37
141
527
777
911
855
723
554
419
277
154
134
-5
-43
-139
-199
-243
-273
-293
-283
-261
-205
-150
-118
-85
-103
-140
-218
-285
-334
-377
-382
-347
-281
-189
-108
-43
117
419
715
931
971
843
688
532
377
253
145
119
1
-44
-145
-197
-250
-281
-278
-269
-214
-163
-125
-109
-101
-154
-208
-271
-333
-378
-402
-383
-330
-252
-173
-125
-43
125
563
803
923
854
699
534
399
251
135
83
-21
-47
-164
-229
-284
-322
-326
-328
-285
-244
-192
-166
-142
-166
-220
-294
-364
-414
-443
-460
-412
-337
-263
-190
-88
48
399
646
839
847
724
583
419
290
151
134
-13
-39
-144
-205
-281
-315
-335
-333
-310
-267
-231
-178
-150
-155
-186
-236
-315
-378
-413
-453
-423
-361
-277
-197
-113
-42
123
562
803
922
858
683
551
411
281
158
121
10
-37
-125
-199
-236
-277
-286
-284
-247
-193
-143
-117
-81
-106
-155
-215
-284
-333
-379
-378
-337
-275
-203
-117
-43
116
402
698
907
951
843
681
539
395
271
143
116
-5
-53
-149
-201
-249
-273
-287
-271
-226
-179
-133
-110
-103
-143
-205
-278
-341
-382
-417
-406
-358
-263
-204
-121
-44
133
514
758
895
867
724
579
419
294
166
128
-2
-43
-141
-207
-269
-306
-335
-341
-300
-266
-211
-167
-142
-149
-193
-262
-332
-396
-429
-432
-421
-348
-269
-187
-117
-37
155
569
807
907
827
693
533
375
254
133
115
-25
-45
-169
-218
-271
-298
-311
-297
-267
-210
-162
-129
-103
-140
-190
-257
-316
-364
-401
-410
-362
-287
-204
-130
-47
115
446
724
915
954
815
651
497
370
234
122
118
-13
-49
-145
-189
-241
-269
-279
-237
-214
-167
-120
-105
-94
-139
-191
-270
-317
-373
-401
-375
-311
-249
-169
-93
-43
167
585
819
927
874
731
596
418
275
151
122
2
-38
-145
-190
-267
-300
-314
-313
-273
-225
-183
-140
-123
-138
-185
-255
-328
-374
-429
-428
-396
-310
-236
-154
-76
83
387
659
854
881
757
597
462
314
180
132
5
-33
-139
-199
-265
-302
-323
-333
-306
-264
-204
-165
-133
-130
-176
-232
-284
-346
-403
-422
-413
-354
-278
-209
-129
-30
131
546
786
916
851
723
558
407
279
163
123
9
-35
-118
-183
-237
-277
-289
-293
-261
-217
-161
-115
-103
-111
-156
-221
-293
-346
-382
-393
-358
-282
-210
-115
-47
95
407
662
887
931
821
678
530
379
266
155
122
10
-35
-133
-199
-246
-270
-282
-267
-238
-193
-179
-122
-108
-135
-194
-265
-329
-377
-407
-399
-343
-273
-201
-137
-43
129
494
739
891
851
707
555
405
276
155
127
5
-47
-143
-187
-256
-295
-325
-315
-295
-256
-204
-170
-139
-155
-183
-251
-319
-394
-417
-439
-416
-364
-285
-206
-139
-41
130
533
756
851
787
663
505
363
227
133
58
-22
-55
-149
-206
-261
-286
-311
-310
-276
-233
-190
-155
-137
-150
-191
-253
-319
-358
-393
-412
-377
-302
-217
-147
-73
43
374
657
851
889
787
635
499
350
233
133
117
-5
-34
-141
-201
-241
-278
-285
-250
-237
-189
-137
-113
-93
-118
-169
-230
-301
-354
-379
-374
-322
-251
-173
-123
-44
127
483
727
875
871
755
597
454
311
183
129
25
-29
-45
-173
-221
-266
-298
-302
-284
-237
-191
-153
-131
-125
-160
-231
-294
-359
-396
-428
-399
-349
-271
-205
-143
-38
131
484
731
853
803
681
521
387
253
133
100
-17
-44
-141
-209
-266
-302
-325
-333
-302
-254
-213
-171
-142
-157
-223
-265
-332
-390
-426
-437
-412
-358
-276
-197
-129
-37
143
564
783
859
775
651
507
363
229
129
66
1
-61
-141
-199
-254
-287
-293
-289
-247
-209
-167
-137
-113
-134
-178
-251
-303
-347
-385
-387
-363
-294
-217
-140
-66
48
358
630
841
897
799
649
505
365
239
133
125
0
-33
-86
-167
-218
-262
-263
-253
-222
-181
-143
-109
-103
-120
-175
-243
-301
-348
-400
-396
-353
-284
-204
-135
-65
110
395
663
851
866
770
611
468
325
201
132
27
-25
-44
-156
-215
-263
-286
-297
-286
-236
-204
-171
-141
-139
-172
-233
-295
-357
-406
-428
-416
-370
-300
-219
-170
-76
103
398
651
818
811
692
553
415
273
153
122
-7
-35
-136
-186
-242
-293
-301
-309
-299
-255
-218
-172
-129
-133
-172
-223
-301
-358
-403
-419
-398
-359
-279
-207
-137
-50
119
464
707
852
841
721
575
447
303
166
127
27
-34
-43
-159
-215
-255
-282
-271
-248
-208
-169
-121
-103
-108
-145
-206
-275
-326
-366
-384
-369
-309
-221
-142
-93
-44
139
519
767
911
863
726
579
419
309
179
121
39
-46
-41
-149
-204
-252
-277
-273
-248
-198
-159
-129
-108
-129
-172
-247
-315
-364
-405
-410
-385
-314
-237
-172
-121
-70
133
559
759
849
778
643
507
367
234
131
53
-14
-41
-140
-198
-265
-285
-300
-302
-262
-222
-179
-156
-153
-165
-220
-300
-361
-396
-428
-429
-407
-328
-252
-183
-125
-44
308
571
774
827
726
599
465
314
199
125
38
-13
-38
-154
-209
-251
-284
-295
-283
-245
-201
-161
-129
-127
-153
-204
-280
-334
-375
-399
-392
-345
-268
-204
-114
-61
121
419
685
843
859
738
623
468
327
211
131
48
-17
-44
-151
-185
-227
-251
-261
-241
-199
-155
-118
-93
-85
-135
-186
-265
-317
-362
-385
-355
-307
-235
-165
-98
-31
133
477
691
835
825
699
569
419
301
180
134
33
-28
-37
-156
-214
-255
-279
-272
-255
-217
-182
-146
-131
-134
-172
-236
-295
-348
-392
-412
-391
-343
-294
-195
-139
-46
119
419
675
805
769
660
531
375
261
139
123
-11
-44
-140
-198
-241
-283
-294
-295
-275
-237
-205
-169
-156
-158
-205
-261
-332
-385
-410
-428
-390
-318
-242
-172
-120
-40
132
475
699
803
761
657
523
372
259
148
117
13
-39
-44
-172
-221
-248
-257
-252
-233
-186
-158
-135
-113
-125
-167
-235
-294
-347
-369
-367
-351
-294
-218
-145
-81
-44
127
528
756
842
793
683
549
411
283
175
129
31
-13
-70
-151
-197
-231
-238
-238
-210
-170
-140
-105
-95
-133
-185
-269
-313
-358
-383
-375
-349
-282
-215
-161
-99
-44
146
545
743
821
747
623
485
357
219
117
55
-10
-51
-126
-186
-236
-273
-282
-281
-251
-218
-189
-153
-145
-169
-216
-282
-333
-389
-422
-414
-382
-329
-253
-190
-133
-42
153
539
729
788
707
571
450
310
206
127
21
-28
-44
-143
-204
-261
-273
-277
-269
-235
-202
-157
-135
-137
-156
-204
-266
-325
-369
-387
-382
-348
-274
-223
-158
-95
-40
319
567
757
817
735
610
472
343
223
134
111
-2
-44
-53
-165
-204
-223
-250
-241
-201
-171
-133
-93
-98
-118
-166
-223
-268
-325
-345
-353
-324
-249
-203
-140
-76
-17
323
571
771
827
749
626
495
361
246
137
113
10
-29
-76
-171
-209
-246
-245
-237
-213
-175
-141
-126
-114
-138
-186
-247
-306
-357
-375
-386
-355
-298
-236
-172
-123
-44
120
479
683
763
718
607
478
343
223
121
67
-13
-47
-128
-187
-241
-261
-271
-271
-246
-223
-187
-158
-156
-158
-227
-263
-322
-369
-397
-400
-378
-332
-268
-197
-129
-44
132
467
683
773
724
617
490
355
231
131
121
-5
-29
-108
-172
-214
-246
-255
-251
-220
-192
-147
-121
-134
-122
-173
-207
-288
-332
-359
-373
-333
-281
-215
-144
-93
-62
126
501
699
790
753
639
515
383
271
169
122
33
-17
-46
-126
-175
-213
-226
-227
-194
-161
-119
-93
-70
-105
-157
-217
-268
-316
-349
-348
-332
-295
-220
-162
-103
-44
130
495
693
789
745
628
507
387
259
153
133
17
-41
-41
-163
-219
-249
-265
-245
-230
-205
-159
-140
-120
-146
-195
-261
-318
-357
-375
-382
-361
-319
-249
-185
-135
-55
123
471
663
747
693
562
455
331
218
131
55
-9
-37
-127
-194
-236
-265
-278
-273
-238
-204
-168
-140
-141
-156
-200
-249
-306
-357
-379
-396
-370
-312
-236
-171
-113
-40
139
491
692
770
724
609
491
372
251
147
121
25
-22
-44
-153
-202
-229
-245
-236
-203
-161
-145
-110
-96
-140
-178
-236
-282
-329
-345
-358
-328
-269
-191
-131
-63
-34
286
547
726
807
724
622
503
375
259
168
131
37
-28
-44
-147
-186
-215
-243
-233
-222
-172
-138
-111
-107
-138
-175
-241
-294
-346
-366
-381
-343
-284
-226
-169
-79
-33
283
532
707
741
673
554
419
329
213
133
67
-1
-44
-126
-177
-227
-262
-267
-262
-225
-189
-165
-151
-154
-184
-240
-294
-349
-389
-409
-410
-364
-294
-229
-170
-107
-31
319
532
693
715
635
527
411
297
184
129
42
-11
-44
-135
-186
-227
-253
-279
-242
-215
-186
-160
-130
-135
-159
-209
-272
-312
-357
-374
-353
-317
-246
-174
-118
-46
114
370
593
750
763
660
567
419
314
205
148
131
11
-29
-37
-155
-195
-221
-232
-211
-171
-133
-107
-93
-101
-140
-197
-257
-298
-332
-350
-335
-293
-223
-161
-105
-55
127
399
643
763
742
654
533
410
294
193
130
111
-7
-34
-109
-189
-219
-236
-246
-227
-195
-163
-140
-137
-144
-178
-239
-295
-354
-382
-388
-366
-329
-250
-186
-125
-41
123
417
623
723
707
609
484
371
239
139
127
9
-31
-43
-172
-220
-268
-268
-273
-253
-218
-183
-157
-151
-166
-208
-273
-322
-355
-399
-403
-373
-320
-239
-161
-108
-49
131
475
675
747
693
583
449
357
245
148
131
20
-23
-45
-145
-197
-222
-239
-233
-207
-165
-139
-145
-119
-141
-177
-249
-304
-345
-364
-378
-332
-267
-187
-127
-65
97
356
597
767
795
706
583
470
363
244
161
127
39
-11
-50
-134
-177
-203
-222
-204
-169
-152
-121
-108
-113
-140
-204
-278
-329
-362
-370
-364
-313
-229
-167
-105
-44
127
419
651
759
739
658
513
403
276
167
123
33
-12
-42
-139
-189
-235
-251
-261
-236
-203
-172
-143
-140
-161
-199
-257
-316
-364
-413
-405
-381
-318
-245
-183
-119
-49
138
465
660
743
686
571
461
335
207
143
111
1
-41
-107
-172
-221
-246
-253
-268
-220
-187
-163
-128
-122
-162
-203
-272
-330
-370
-396
-393
-346
-278
-206
-145
-75
-26
319
564
727
775
697
578
468
340
230
147
142
26
-22
-47
-139
-185
-211
-223
-206
-181
-153
-117
-109
-108
-141
-201
-254
-289
-345
-365
-348
-300
-230
-159
-82
-44
121
466
683
802
775
671
549
419
313
211
131
129
25
-31
-97
-190
-211
-229
-231
-197
-170
-146
-119
-110
-126
-177
-239
-301
-345
-390
-396
-355
-302
-221
-163
-104
-44
131
507
729
763
693
579
462
341
238
148
123
14
-41
-54
-165
-217
-246
-267
-268
-235
-202
-162
-156
-154
-204
-253
-306
-358
-393
-419
-413
-365
-297
-229
-145
-73
103
360
594
739
755
651
547
419
297
197
130
68
2
-33
-124
-175
-221
-242
-241
-225
-190
-165
-126
-119
-122
-172
-229
-291
-348
-380
-383
-365
-302
-231
-155
-93
-43
123
515
719
810
755
646
518
403
291
190
127
123
19
-41
-48
-171
-199
-207
-210
-177
-149
-119
-99
-107
-134
-181
-233
-293
-348
-369
-363
-331
-261
-183
-120
-46
119
382
628
783
787
692
577
454
339
229
145
134
22
-25
-39
-157
-205
-225
-239
-220
-198
-174
-149
-138
-155
-203
-253
-318
-361
-412
-418
-385
-337
-254
-187
-131
-42
116
497
711
777
721
587
473
361
244
150
117
19
-31
-49
-172
-204
-251
-273
-271
-253
-214
-182
-159
-159
-190
-237
-299
-359
-401
-427
-407
-355
-284
-204
-157
-66
116
390
627
782
771
675
553
419
313
207
133
123
10
-18
-38
-160
-201
-235
-236
-215
-194
-161
-137
-115
-139
-172
-236
-305
-349
-375
-383
-354
-295
-196
-151
-76
-17
323
586
787
835
763
635
509
393
278
180
123
126
5
-30
-44
-178
-199
-211
-217
-192
-158
-139
-101
-109
-158
-211
-281
-347
-378
-394
-391
-331
-245
-187
-127
-41
122
458
691
806
771
663
531
407
287
180
130
63
3
-43
-126
-182
-226
-252
-261
-236
-217
-175
-153
-150
-181
-218
-278
-351
-396
-432
-439
-396
-330
-257
-199
-106
-41
318
573
753
777
687
561
404
307
200
127
67
2
-38
-54
-182
-217
-263
-270
-239
-222
-183
-161
-149
-154
-193
-242
-323
-373
-412
-424
-395
-332
-251
-181
-109
-46
130
551
779
823
763
631
513
391
259
183
127
77
9
-28
-86
-173
-210
-221
-221
-201
-175
-141
-117
-112
-142
-201
-257
-322
-364
-391
-374
-318
-249
-179
-140
-49
118
468
699
843
820
707
597
453
326
212
147
125
29
-28
-42
-169
-206
-229
-229
-213
-185
-156
-107
-124
-146
-189
-253
-323
-379
-418
-429
-385
-320
-242
-172
-113
-45
321
581
763
806
707
576
451
325
218
147
123
3
-30
-42
-171
-213
-250
-283
-263
-236
-207
-178
-161
-167
-210
-269
-329
-390
-429
-451
-436
-382
-303
-234
-158
-47
133
483
707
803
731
605
502
383
251
166
129
39
-25
-45
-141
-203
-236
-254
-261
-235
-199
-165
-137
-129
-142
-201
-268
-322
-378
-398
-405
-364
-301
-221
-154
-69
115
406
669
820
811
705
579
461
327
221
143
120
43
-27
-44
-149
-197
-200
-221
-207
-177
-153
-125
-105
-111
-157
-204
-287
-349
-394
-400
-380
-314
-251
-166
-81
-39
295
577
771
810
737
615
487
363
251
154
130
40
-17
-45
-149
-206
-236
-254
-247
-220
-192
-170
-145
-141
-173
-231
-295
-361
-428
-444
-428
-370
-299
-229
-156
-62
129
481
687
783
737
607
490
360
249
149
133
14
-31
-45
-169
-217
-264
-281
-285
-265
-230
-195
-167
-155
-185
-222
-300
-357
-407
-437
-435
-391
-332
-247
-182
-81
115
405
643
779
758
661
535
413
294
185
137
114
7
-28
-45
-170
-213
-246
-251
-229
-188
-172
-139
-110
-134
-169
-224
-300
-373
-402
-418
-380
-327
-264
-221
-106
-44
337
593
783
815
727
623
507
372
269
166
127
54
6
-39
-121
-172
-204
-226
-218
-197
-160
-134
-117
-129
-156
-222
-285
-353
-397
-427
-410
-364
-281
-207
-140
-44
125
469
699
803
761
638
511
392
276
171
133
52
-11
-38
-130
-190
-236
-270
-269
-242
-218
-186
-159
-144
-172
-225
-294
-355
-410
-443
-460
-403
-348
-274
-208
-135
-43
331
590
756
763
675
547
417
298
187
135
59
-2
-37
-119
-182
-229
-269
-273
-245
-216
-193
-161
-127
-159
-197
-259
-339
-397
-430
-448
-410
-347
-270
-200
-140
-45
137
555
759
835
766
651
531
404
282
181
131
113
5
-44
-122
-182
-220
-239
-225
-201
-175
-156
-121
-117
-152
-209
-270
-338
-386
-402
-396
-342
-263
-193
-137
-45
133
494
739
873
851
739
603
469
345
223
149
139
20
-21
-45
-174
-215
-237
-245
-229
-199
-163
-127
-129
-154
-204
-270
-333
-395
-426
-437
-396
-325
-254
-182
-103
-18
382
659
825
835
723
590
468
338
230
161
125
9
-37
-115
-195
-236
-268
-294
-278
-242
-210
-181
-169
-190
-220
-268
-351
-412
-457
-459
-428
-373
-287
-207
-150
-59
121
543
756
835
756
617
517
387
263
161
123
33
-19
-47
-156
-218
-250
-278
-269
-236
-203
-172
-150
-150
-182
-234
-294
-362
-406
-447
-413
-357
-283
-204
-140
-46
129
495
739
857
823
710
575
463
330
211
139
131
23
-28
-44
-163
-204
-230
-235
-209
-171
-144
-125
-114
-137
-204
-253
-321
-367
-399
-418
-382
-298
-230
-157
-71
111
395
660
831
843
739
611
483
362
249
151
123
21
-29
-53
-170
-221
-255
-268
-255
-245
-204
-170
-155
-166
-206
-261
-332
-392
-425
-446
-427
-363
-287
-208
-140
-39
131
539
739
815
741
613
493
370
244
148
137
15
-33
-105
-181
-234
-277
-288
-281
-253
-217
-189
-172
-165
-215
-259
-326
-386
-432
-460
-428
-370
-295
-234
-172
-51
121
480
722
835
762
665
549
419
308
201
132
127
9
-37
-108
-177
-225
-238
-252
-227
-204
-170
-139
-137
-140
-201
-266
-329
-377
-412
-418
-370
-298
-222
-156
-75
75
387
655
843
865
779
650
532
397
287
183
123
55
-9
-47
-137
-191
-224
-236
-239
-203
-186
-142
-125
-129
-193
-241
-310
-368
-411
-413
-401
-353
-261
-193
-133
-43
129
519
751
857
798
675
541
418
287
180
130
34
-22
-43
-156
-219
-258
-295
-297
-266
-236
-198
-167
-155
-177
-231
-300
-346
-398
-428
-433
-390
-330
-263
-199
-133
-44
294
579
776
830
742
611
505
355
235
137
115
-12
-45
-137
-192
-250
-284
-297
-269
-245
-204
-177
-159
-150
-187
-230
-305
-364
-398
-415
-402
-345
-277
-204
-150
-60
127
483
724
859
827
715
591
461
323
209
119
127
-6
-30
-123
-187
-231
-245
-249
-226
-204
-161
-136
-111
-124
-185
-234
-305
-346
-371
-380
-345
-270
-204
-145
-75
66
379
663
847
889
802
675
543
405
273
171
139
32
-15
-47
-170
-221
-242
-257
-258
-216
-177
-145
-136
-125
-157
-217
-294
-345
-369
-399
-385
-337
-273
-203
-140
-47
119
459
709
839
807
699
571
419
306
193
133
30
-30
-33
-166
-221
-259
-283
-288
-268
-236
-194
-169
-165
-174
-229
-279
-348
-389
-428
-439
-401
-333
-245
-204
-139
-44
294
567
773
819
739
628
515
370
263
149
127
-2
-26
-99
-189
-227
-253
-266
-254
-230
-174
-157
-135
-131
-165
-204
-265
-330
-366
-389
-370
-332
-268
-183
-127
-38
121
490
731
851
820
706
579
459
329
212
137
127
4
-39
-111
-177
-204
-221
-230
-215
-172
-140
-110
-97
-122
-143
-218
-277
-328
-364
-364
-333
-270
-209
-149
-93
-34
335
607
788
847
767
628
511
386
256
155
129
20
-29
-44
-170
-219
-250
-265
-255
-236
-197
-165
-156
-135
-165
-225
-284
-365
-393
-416
-399
-355
-281
-207
-152
-49
127
459
692
795
759
651
542
411
279
169
125
20
-27
-69
-177
-234
-273
-300
-300
-269
-236
-203
-167
-151
-172
-218
-268
-332
-382
-386
-396
-374
-308
-234
-172
-102
-44
295
563
755
803
739
610
502
371
243
149
133
9
-21
-41
-174
-217
-241
-247
-242
-220
-181
-150
-127
-126
-153
-202
-250
-337
-363
-374
-369
-326
-248
-177
-126
-44
131
485
751
851
817
711
569
451
319
209
135
119
7
-28
-110
-172
-219
-251
-255
-231
-204
-154
-130
-131
-145
-177
-243
-301
-354
-380
-389
-364
-297
-220
-156
-97
-39
321
579
777
819
737
607
482
351
231
137
121
-7
-44
-134
-197
-251
-275
-294
-275
-247
-214
-177
-161
-154
-182
-225
-314
-357
-401
-421
-408
-362
-284
-231
-169
-76
116
419
653
774
751
647
521
397
274
154
129
17
-25
-45
-171
-233
-268
-270
-284
-261
-223
-177
-166
-158
-161
-208
-274
-325
-366
-405
-399
-364
-304
-230
-167
-98
-39
329
599
791
835
759
631
467
375
235
154
119
20
-30
-44
-167
-210
-237
-266
-237
-221
-169
-145
-115
-126
-153
-203
-265
-317
-358
-364
-353
-313
-220
-169
-101
-44
125
515
739
859
813
705
571
419
308
195
127
45
-12
-46
-150
-197
-237
-251
-258
-235
-199
-160
-143
-143
-165
-205
-268
-348
-378
-401
-402
-364
-293
-223
-170
-94
58
391
642
803
805
706
564
453
319
190
137
31
-12
-44
-150
-211
-265
-284
-297
-283
-246
-218
-186
-166
-171
-219
-280
-332
-383
-421
-428
-399
-347
-263
-199
-123
-37
191
559
745
787
747
623
496
371
244
147
121
1
-41
-133
-189
-236
-263
-277
-271
-236
-205
-151
-140
-137
-161
-210
-281
-333
-367
-387
-380
-315
-253
-184
-126
-43
133
477
707
832
803
703
577
454
329
215
131
126
2
-33
-127
-181
-213
-235
-233
-214
-176
-140
-122
-106
-121
-175
-236
-300
-335
-370
-373
-337
-279
-204
-141
-71
105
391
629
819
835
747
623
487
363
241
139
127
9
-28
-131
-190
-241
-263
-274
-261
-231
-189
-160
-150
-162
-196
-261
-331
-368
-394
-415
-395
-329
-251
-183
-138
-39
133
532
739
811
741
627
483
355
231
133
116
-14
-43
-141
-206
-247
-295
-299
-294
-268
-226
-200
-171
-159
-204
-246
-307
-361
-383
-405
-381
-346
-262
-204
-145
-55
127
419
658
803
790
692
571
419
311
207
104
50
-25
-44
-154
-207
-249
-264
-268
-236
-205
-167
-135
-127
-143
-189
-255
-313
-344
-370
-380
-346
-278
-206
-126
-53
106
359
641
821
923
783
665
514
399
276
169
134
107
-23
-44
-167
-206
-235
-245
-227
-206
-163
-138
-143
-143
-181
-247
-298
-344
-369
-396
-371
-291
-231
-167
-105
-55
282
569
777
835
771
647
510
387
251
146
119
1
-34
-119
-189
-239
-279
-295
-282
-257
-210
-181
-156
-172
-203
-236
-316
-364
-399
-417
-396
-353
-290
-236
-165
-63
118
451
675
803
774
666
532
404
276
161
135
3
-43
-124
-186
-243
-268
-277
-270
-259
-216
-196
-169
-165
-189
-237
-293
-343
-374
-430
-401
-357
-286
-215
-142
-59
119
403
663
826
831
722
603
467
345
212
134
126
-3
-35
-132
-178
-219
-251
-246
-227
-199
-161
-135
-125
-140
-181
-243
-299
-349
-366
-374
-337
-272
-195
-137
-60
107
394
643
835
883
783
643
515
372
255
155
131
-2
-35
-123
-199
-227
-242
-261
-240
-214
-176
-157
-140
-147
-188
-243
-303
-351
-390
-406
-389
-332
-253
-188
-127
-33
122
548
743
833
769
643
506
367
242
142
119
-6
-42
-140
-204
-252
-289
-289
-284
-250
-204
-188
-169
-175
-221
-256
-332
-365
-412
-431
-423
-369
-290
-220
-156
-49
134
499
724
818
761
667
533
404
275
163
125
15
-30
-115
-181
-233
-268
-275
-264
-236
-201
-171
-143
-139
-163
-203
-267
-325
-364
-385
-383
-344
-277
-199
-131
-53
118
419
673
843
851
758
613
497
365
235
148
127
10
-37
-102
-181
-221
-237
-234
-211
-183
-141
-127
-115
-127
-159
-227
-295
-333
-359
-367
-341
-295
-195
-141
-62
-23
339
601
798
855
786
653
523
392
276
162
142
11
-28
-108
-181
-238
-274
-273
-265
-236
-199
-172
-159
-160
-205
-247
-311
-364
-403
-411
-382
-334
-258
-197
-130
-46
127
535
743
851
778
655
535
393
266
158
130
-11
-43
-139
-204
-255
-291
-301
-295
-268
-221
-193
-179
-178
-204
-257
-300
-361
-401
-415
-392
-323
-261
-198
-141
-62
119
411
671
831
831
723
597
469
345
225
135
129
-7
-44
-137
-203
-253
-263
-263
-236
-205
-171
-142
-140
-155
-204
-247
-321
-353
-377
-380
-335
-268
-195
-123
-46
113
398
660
847
891
803
675
539
404
276
178
135
21
-38
-43
-193
-217
-239
-247
-223
-201
-172
-137
-125
-164
-205
-260
-314
-363
-390
-397
-361
-295
-214
-152
-73
-25
346
621
823
871
791
667
522
384
255
149
143
-2
-43
-151
-203
-258
-287
-295
-282
-245
-205
-181
-170
-190
-220
-269
-332
-381
-417
-429
-393
-332
-254
-194
-146
-44
139
515
731
835
788
679
543
404
277
163
133
-5
-42
-143
-218
-247
-297
-295
-273
-249
-207
-182
-169
-179
-204
-263
-317
-369
-396
-409
-395
-341
-265
-192
-130
-44
125
467
715
855
852
746
618
491
342
227
149
132
-2
-46
-145
-216
-245
-266
-269
-223
-194
-157
-138
-145
-170
-221
-266
-327
-358
-371
-362
-316
-241
-165
-119
-33
119
419
707
872
913
795
663
529
399
254
154
131
-2
-42
-157
-215
-250
-273
-259
-247
-208
-172
-158
-166
-183
-225
-277
-337
-379
-407
-396
-361
-300
-230
-154
-71
-27
347
602
809
871
787
659
523
385
255
133
131
-12
-45
-157
-236
-271
-305
-318
-304
-266
-233
-198
-190
-211
-243
-296
-359
-396
-428
-431
-404
-335
-262
-185
-125
-43
118
523
741
862
802
693
565
419
295
180
135
19
-27
-129
-197
-246
-283
-297
-287
-234
-210
-181
-167
-186
-215
-258
-317
-351
-404
-395
-378
-314
-238
-167
-97
-44
130
511
756
901
875
770
631
491
350
233
133
123
-10
-47
-149
-209
-253
-274
-253
-221
-183
-153
-140
-153
-171
-223
-269
-316
-348
-364
-364
-313
-245
-178
-106
-44
121
399
671
851
891
819
667
532
395
269
160
138
6
-46
-147
-218
-261
-294
-295
-274
-238
-205
-182
-179
-199
-239
-298
-345
-391
-396
-426
-371
-302
-231
-160
-79
-39
274
575
771
855
798
671
529
391
259
148
127
-20
-45
-157
-229
-277
-303
-304
-293
-273
-236
-204
-193
-222
-245
-299
-352
-390
-418
-429
-396
-322
-247
-172
-103
-38
131
501
726
870
831
723
587
458
305
194
135
23
-38
-53
-181
-238
-268
-279
-275
-236
-204
-177
-165
-161
-203
-238
-298
-341
-373
-383
-359
-314
-235
-167
-93
-44
103
493
741
898
895
787
651
509
365
243
153
132
5
-35
-131
-201
-246
-267
-257
-239
-210
-171
-155
-156
-172
-231
-285
-333
-375
-401
-379
-331
-259
-175
-113
-43
115
381
646
831
854
777
643
501
370
243
137
115
-9
-49
-148
-215
-266
-301
-296
-286
-252
-226
-201
-182
-198
-255
-298
-353
-393
-428
-428
-394
-329
-242
-175
-105
-34
138
531
739
831
774
657
519
378
246
139
123
-14
-47
-140
-219
-250
-298
-301
-299
-249
-218
-193
-171
-197
-234
-281
-344
-381
-415
-426
-398
-332
-255
-173
-117
-44
134
494
731
850
835
721
575
419
303
193
136
21
-26
-46
-165
-222
-268
-275
-267
-223
-202
-173
-165
-162
-183
-233
-298
-337
-374
-388
-369
-321
-242
-175
-108
-55
133
461
707
874
867
771
635
490
362
242
148
125
13
-29
-155
-210
-251
-281
-271
-250
-218
-191
-157
-157
-172
-217
-282
-341
-368
-394
-389
-349
-286
-213
-149
-77
-31
317
575
759
863
788
660
532
386
245
138
114
-6
-43
-140
-215
-262
-296
-299
-286
-262
-223
-197
-182
-203
-236
-300
-349
-394
-416
-428
-399
-344
-263
-191
-130
-49
127
506
741
851
795
667
533
395
275
160
136
14
-28
-117
-193
-247
-282
-302
-290
-262
-231
-198
-172
-163
-193
-237
-300
-348
-391
-402
-391
-342
-267
-205
-139
-46
123
446
694
834
830
717
587
467
327
213
130
75
-12
-45
-146
-215
-247
-277
-282
-250
-204
-172
-159
-151
-166
-209
-261
-326
-359
-395
-396
-360
-293
-220
-139
-79
-29
330
583
773
825
747
628
500
361
245
145
123
5
-41
-142
-198
-247
-289
-287
-281
-241
-210
-184
-165
-189
-217
-271
-331
-364
-398
-423
-405
-347
-267
-198
-130
-44
135
503
709
819
794
641
533
390
283
171
127
20
-29
-108
-191
-237
-287
-294
-299
-263
-232
-204
-193
-178
-214
-253
-309
-366
-400
-412
-413
-358
-257
-203
-146
-58
106
395
646
817
827
729
599
478
341
223
141
117
-5
-37
-136
-190
-237
-268
-282
-257
-217
-167
-156
-153
-167
-204
-261
-317
-358
-394
-396
-363
-291
-213
-144
-65
-31
315
609
810
885
810
690
563
419
299
181
118
61
-18
-43
-162
-211
-245
-254
-254
-221
-191
-156
-140
-141
-185
-253
-305
-354
-383
-400
-376
-318
-236
-183
-111
-45
129
473
705
865
849
723
591
449
317
203
123
35
-50
-54
-173
-222
-263
-298
-302
-279
-237
-207
-182
-178
-204
-249
-299
-351
-397
-423
-428
-396
-321
-245
-172
-93
-46
291
563
759
820
756
628
497
355
227
131
123
-7
-39
-141
-203
-261
-277
-298
-287
-252
-204
-183
-167
-181
-218
-268
-329
-381
-414
-422
-390
-320
-250
-172
-113
-44
131
514
746
863
833
707
569
419
307
202
127
66
-12
-45
-151
-201
-241
-268
-257
-237
-204
-140
-140
-140
-162
-257
-269
-332
-363
-379
-368
-321
-240
-172
-98
-43
117
443
693
867
871
771
635
503
367
254
151
127
-3
-29
-123
-176
-234
-262
-261
-250
-206
-159
-156
-139
-157
-216
-272
-335
-386
-408
-412
-377
-308
-233
-173
-93
-37
308
569
787
852
782
631
489
354
225
139
116
11
-42
-127
-195
-242
-288
-299
-315
-268
-223
-205
-185
-195
-234
-287
-353
-406
-428
-442
-406
-346
-278
-196
-137
-55
122
469
705
809
771
647
515
401
287
169
123
29
-28
-35
-177
-222
-265
-287
-277
-262
-210
-187
-163
-154
-186
-223
-300
-345
-379
-402
-393
-337
-266
-203
-139
-61
105
383
637
810
847
752
623
499
355
244
147
130
19
-22
-35
-177
-217
-255
-242
-232
-189
-161
-140
-129
-142
-188
-243
-301
-347
-373
-381
-350
-289
-222
-156
-95
-42
255
533
741
843
759
667
531
399
279
174
131
27
-18
-46
-172
-221
-259
-274
-271
-253
-213
-173
-168
-175
-205
-252
-328
-366
-396
-415
-407
-361
-289
-231
-157
-69
97
371
617
777
787
693
561
419
307
199
131
34
-27
-45
-167
-229
-273
-301
-299
-288
-258
-221
-201
-189
-220
-253
-305
-360
-401
-423
-428
-384
-314
-268
-182
-120
-44
127
507
724
807
751
641
511
391
255
163
127
25
-32
-44
-158
-209
-254
-274
-262
-231
-197
-182
-161
-170
-204
-250
-301
-339
-380
-400
-368
-325
-261
-181
-121
-41
127
447
667
821
827
731
595
471
363
227
138
122
19
-28
-38
-157
-201
-238
-236
-223
-197
-171
-154
-145
-165
-219
-285
-334
-374
-396
-396
-359
-291
-227
-156
-94
-43
291
567
751
827
741
627
489
360
227
135
120
20
-37
-111
-172
-230
-270
-276
-278
-238
-221
-187
-184
-186
-238
-294
-345
-391
-427
-437
-425
-367
-284
-234
-147
-51
125
419
655
783
751
646
511
372
244
148
131
-7
-43
-62
-165
-210
-254
-290
-288
-265
-220
-202
-170
-195
-202
-243
-303
-364
-401
-414
-417
-359
-301
-218
-172
-101
-44
299
564
739
810
739
614
485
361
237
147
114
20
-28
-47
-152
-204
-236
-241
-218
-205
-172
-146
-139
-149
-179
-246
-300
-341
-377
-377
-357
-300
-235
-172
-121
-45
131
463
694
837
801
695
582
419
314
195
133
95
2
-35
-122
-175
-233
-236
-242
-221
-201
-162
-141
-145
-171
-226
-283
-338
-386
-407
-396
-363
-298
-235
-181
-113
-47
181
532
725
790
723
599
485
339
225
135
105
-12
-29
-119
-174
-227
-258
-297
-279
-240
-209
-182
-179
-195
-231
-283
-343
-383
-416
-428
-406
-364
-297
-217
-172
-77
113
391
615
771
756
658
554
417
285
185
131
26
-13
-44
-135
-193
-238
-268
-265
-237
-207
-181
-146
-151
-172
-207
-268
-325
-364
-390
-381
-333
-287
-220
-172
-111
-45
167
547
751
821
777
650
522
395
255
171
133
46
-10
-44
-111
-172
-204
-221
-219
-189
-154
-133
-117
-121
-165
-209
-268
-321
-354
-378
-358
-306
-238
-183
-120
-45
119
394
642
787
819
703
577
455
329
213
135
116
-9
-32
-70
-184
-218
-246
-243
-236
-204
-174
-157
-157
-173
-230
-274
-332
-373
-405
-405
-382
-326
-257
-192
-126
-37
133
503
694
779
719
607
485
353
235
131
118
-5
-42
-117
-173
-225
-268
-274
-279
-251
-214
-198
-172
-175
-207
-266
-317
-363
-399
-421
-389
-347
-282
-210
-161
-81
23
354
597
743
785
703
585
449
321
206
135
118
6
-28
-43
-151
-205
-236
-236
-227
-202
-171
-146
-141
-157
-181
-239
-294
-345
-366
-381
-348
-285
-213
-156
-105
-41
138
501
707
827
788
687
571
419
308
203
131
127
19
-27
-39
-158
-194
-225
-222
-198
-175
-145
-140
-139
-172
-225
-285
-342
-361
-380
-375
-327
-268
-200
-140
-71
-22
333
582
755
803
718
599
475
337
217
148
123
6
-29
-45
-169
-208
-239
-251
-246
-219
-190
-166
-161
-177
-214
-272
-331
-369
-407
-424
-396
-346
-268
-206
-157
-72
118
406
629
761
750
643
515
391
271
170
139
31
-25
-47
-140
-204
-236
-241
-230
-218
-190
-149
-156
-173
-195
-226
-295
-340
-375
-407
-398
-357
-287
-210
-156
-93
-33
307
565
751
791
739
623
491
367
227
175
131
41
-9
-49
-133
-187
-215
-229
-220
-191
-156
-125
-119
-137
-167
-218
-284
-323
-343
-364
-338
-287
-220
-159
-103
-44
122
418
659
811
821
723
595
470
330
227
142
122
11
-22
-49
-153
-204
-226
-233
-206
-178
-161
-145
-145
-171
-205
-268
-331
-357
-395
-406
-373
-300
-236
-163
-126
-49
131
483
689
778
739
623
491
372
257
155
131
14
-33
-50
-150
-197
-246
-258
-252
-229
-204
-191
-174
-197
-225
-270
-325
-364
-397
-433
-425
-341
-297
-232
-171
-105
-38
313
557
723
770
699
578
459
335
223
130
111
1
-29
-41
-165
-210
-236
-250
-242
-197
-167
-151
-151
-162
-199
-259
-309
-346
-365
-384
-361
-294
-223
-174
-106
-48
133
448
675
803
783
689
550
419
307
214
142
130
21
-26
-67
-142
-185
-201
-199
-186
-156
-129
-106
-123
-157
-204
-262
-307
-338
-380
-362
-329
-257
-190
-153
-77
-25
303
551
739
803
747
628
506
372
247
182
125
33
-18
-44
-154
-204
-240
-222
-235
-204
-179
-173
-169
-184
-222
-268
-313
-359
-393
-397
-389
-338
-273
-215
-155
-73
98
371
585
724
747
681
539
417
291
179
130
42
-9
-44
-134
-189
-266
-268
-268
-254
-223
-193
-179
-199
-198
-237
-294
-342
-365
-398
-398
-365
-295
-242
-173
-119
-42
142
459
689
771
736
646
519
400
286
184
131
67
-8
-33
-126
-177
-207
-236
-227
-202
-175
-147
-140
-149
-185
-230
-271
-317
-359
-373
-357
-306
-241
-170
-121
-54
63
330
575
759
835
739
628
506
372
267
183
137
54
1
-41
-121
-172
-205
-214
-204
-174
-153
-153
-149
-172
-204
-251
-299
-337
-368
-375
-363
-306
-239
-182
-128
-28
118
403
625
763
757
662
545
447
291
186
126
85
3
-28
-129
-186
-234
-253
-261
-231
-223
-190
-172
-184
-203
-239
-300
-354
-386
-410
-406
-376
-320
-258
-204
-138
-44
121
419
634
735
711
618
495
371
247
160
123
26
-27
-38
-140
-190
-236
-242
-239
-229
-193
-181
-172
-181
-217
-251
-291
-342
-382
-397
-387
-332
-267
-204
-146
-62
-26
319
564
742
788
719
577
479
356
245
163
127
49
-12
-31
-135
-183
-213
-231
-204
-179
-157
-141
-130
-150
-187
-229
-290
-329
-355
-367
-338
-291
-220
-155
-94
-41
128
403
634
769
756
675
561
449
307
207
131
127
22
-30
-38
-159
-203
-214
-231
-211
-187
-155
-156
-162
-177
-229
-282
-341
-382
-399
-394
-361
-301
-214
-181
-121
-44
127
466
660
743
703
599
468
357
243
142
135
25
-21
-43
-158
-218
-250
-257
-255
-232
-209
-187
-183
-197
-227
-270
-330
-371
-398
-428
-413
-364
-297
-222
-156
-78
38
355
569
719
735
662
553
414
295
206
126
90
5
-29
-45
-170
-202
-236
-239
-217
-236
-165
-143
-149
-172
-204
-258
-309
-357
-375
-393
-357
-299
-221
-161
-109
-41
137
482
679
779
737
641
531
389
289
195
129
120
22
-21
-40
-156
-193
-209
-194
-185
-149
-133
-113
-125
-158
-215
-259
-313
-364
-376
-359
-332
-268
-190
-140
-55
70
334
562
727
751
682
563
419
321
219
135
123
16
-28
-41
-173
-218
-233
-241
-226
-205
-173
-161
-155
-178
-211
-268
-332
-367
-396
-402
-369
-323
-254
-194
-138
-26
121
419
619
723
694
587
469
346
227
148
149
17
-29
-53
-152
-204
-240
-257
-251
-245
-205
-185
-162
-171
-186
-232
-290
-334
-377
-398
-396
-353
-293
-222
-159
-95
18
281
537
711
827
675
566
458
331
224
148
123
33
-7
-49
-129
-177
-214
-216
-209
-177
-151
-109
-119
-140
-172
-217
-284
-326
-358
-367
-342
-294
-226
-157
-101
-38
130
419
657
771
756
658
545
419
313
211
137
131
27
-21
-44
-142
-172
-174
-209
-207
-172
-145
-137
-127
-149
-198
-255
-314
-348
-368
-375
-342
-282
-199
-156
-85
-39
287
531
692
734
662
561
419
328
306
134
215
21
-15
-49
-157
-199
-235
-249
-236
-215
-182
-171
-149
-169
-204
-251
-318
-363
-394
-412
-396
-348
-281
-215
-155
-63
107
373
591
723
693
601
491
367
264
170
148
27
5
-25
-53
-167
-219
-236
-239
-217
-195
-165
-153
-145
-161
-204
-249
-313
-349
-380
-367
-344
-284
-209
-155
-93
-44
130
499
663
756
707
611
487
373
267
174
133
84
11
-41
-47
-156
-179
-199
-191
-173
-153
-129
-108
-113
-140
-188
-249
-298
-335
-350
-349
-300
-241
-172
-123
-45
112
356
587
722
755
682
559
419
335
215
150
127
37
-11
-44
-137
-187
-211
-224
-203
-185
-159
-141
-130
-156
-199
-255
-316
-358
-376
-395
-358
-320
-250
-181
-141
-49
126
419
607
727
691
594
483
363
255
162
117
23
-14
-33
-137
-194
-236
-259
-258
-241
-208
-188
-169
-171
-204
-254
-305
-347
-382
-398
-401
-365
-290
-219
-185
-98
-37
275
532
687
739
671
561
419
335
227
145
131
34
-15
-33
-137
-182
-216
-221
-214
-185
-171
-159
-121
-133
-176
-237
-297
-342
-366
-380
-348
-300
-236
-160
-109
-57
123
410
628
799
833
673
545
419
312
210
153
137
51
-3
-41
-129
-173
-197
-198
-184
-156
-134
-112
-130
-154
-189
-257
-300
-329
-383
-377
-332
-275
-204
-151
-82
-39
133
511
686
755
714
601
494
359
255
175
116
49
-9
-37
-136
-189
-221
-224
-217
-204
-185
-159
-151
-170
-203
-258
-309
-359
-397
-406
-389
-341
-274
-209
-159
-75
116
347
543
663
692
619
501
391
287
184
131
55
1
-41
-122
-189
-229
-241
-255
-233
-209
-189
-181
-156
-185
-227
-285
-337
-368
-405
-398
-361
-285
-229
-172
-108
-43
132
490
675
731
703
601
494
378
267
185
131
119
-15
-49
-7
-145
-202
-215
-204
-191
-165
-151
-143
-156
-185
-236
-290
-330
-357
-373
-347
-306
-236
-166
-105
-26
123
414
635
767
757
671
563
419
331
223
159
135
47
-18
-42
-139
-188
-221
-219
-203
-177
-158
-150
-155
-189
-221
-283
-338
-364
-396
-392
-357
-293
-221
-155
-95
-33
291
531
682
726
661
559
419
407
139
146
117
31
-15
-53
-204
-214
-236
-237
-258
-211
-198
-193
-237
-206
-246
-284
-354
-395
-424
-423
-397
-333
-263
-203
-140
-53
117
406
606
702
679
587
451
356
241
155
126
52
-5
-37
-117
-181
-230
-240
-245
-234
-202
-186
-173
-236
-194
-248
-300
-356
-377
-394
-373
-333
-267
-197
-133
-69
97
341
567
722
737
660
559
419
329
229
141
137
49
-7
-42
-125
-186
-201
-204
-189
-163
-142
-127
-119
-151
-198
-253
-303
-336
-364
-355
-330
-270
-205
-138
-83
-45
131
499
686
757
692
577
483
367
263
177
149
106
13
-9
-41
-177
-206
-225
-226
-202
-181
-171
-156
-167
-230
-249
-301
-358
-390
-397
-383
-333
-268
-213
-151
-69
105
340
586
703
695
607
486
367
283
180
129
59
10
-25
-77
-175
-223
-245
-257
-236
-205
-192
-178
-185
-204
-253
-298
-357
-385
-405
-405
-368
-314
-236
-178
-93
-45
131
499
665
712
657
547
419
323
223
149
117
41
-23
-29
-129
-168
-108
-218
-210
-194
-158
-143
-133
-149
-178
-229
-293
-339
-364
-369
-354
-297
-222
-169
-110
-33
121
419
628
779
730
625
523
407
308
222
149
130
49
17
-38
-126
-162
-178
-199
-174
-157
-137
-141
-129
-143
-193
-248
-317
-351
-388
-375
-331
-265
-202
-140
-76
-25
326
542
695
734
662
547
419
327
219
137
119
45
-23
-43
-140
-188
-213
-235
-221
-202
-185
-162
-141
-167
-210
-252
-313
-364
-394
-411
-385
-334
-268
-204
-145
-41
113
382
579
687
663
559
466
357
244
160
131
29
-8
-31
-133
-172
-219
-239
-242
-220
-201
-220
-153
-133
-174
-212
-265
-332
-383
-396
-397
-352
-295
-225
-162
-103
-42
287
523
679
711
657
550
419
245
227
155
147
51
-5
-53
-4
-165
-201
-215
-209
-183
-154
-129
-122
-126
-168
-222
-269
-313
-351
-368
-339
-295
-222
-158
-98
-45
127
419
627
737
724
628
515
413
301
202
147
136
27
-24
-44
-141
-188
-204
-214
-203
-161
-152
-138
-135
-155
-197
-260
-318
-353
-377
-394
-348
-288
-220
-170
-113
-123
129
473
655
699
650
468
419
321
223
131
131
34
-17
-43
-142
-194
-233
-241
-241
-221
-185
-173
-159
-172
-217
-266
-329
-375
-403
-419
-405
-351
-293
-233
-182
-103
20
331
628
675
663
586
481
381
248
182
136
46
10
-30
-44
-172
-208
-236
-241
-225
-197
-181
-156
-149
-169
-210
-263
-325
-361
-379
-382
-352
-297
-217
-155
-108
-45
116
500
661
724
675
583
462
350
244
163
125
83
18
-27
-44
-146
-173
-199
-197
-172
-141
-123
-65
-125
-153
-209
-268
-317
-345
-358
-349
-300
-245
-166
-130
-66
42
369
590
705
707
623
521
411
303
119
135
129
35
-12
-44
-144
-193
-220
-145
-213
-172
-161
-158
-110
-172
-213
-255
-335
-365
-403
-399
-369
-316
-239
-187
-141
-28
127
448
626
692
649
551
419
346
219
142
128
27
-19
-49
-156
-189
-236
-258
-250
-223
-199
-189
-171
-172
-197
-265
-317
-373
-401
-413
-396
-349
-275
-201
-141
-75
91
339
551
691
691
611
513
402
299
197
139
143
24
-19
-45
-144
-141
-191
-213
-209
-173
-150
-146
-141
-157
-202
-243
-297
-339
-368
-368
-338
-272
-211
-153
-81
-44
125
497
686
875
711
611
501
387
286
201
130
130
130
-26
-42
-151
-171
-204
-197
-173
-135
-140
-127
-149
-163
-189
-335
-331
-370
-396
-371
-321
-256
-177
-121
-45
111
366
584
711
771
627
559
405
283
199
116
115
15
-28
-43
-174
-283
-229
-235
-235
-204
-177
-172
-172
-183
-236
-287
-348
-377
-412
-401
-381
-329
-254
-200
-137
-43
128
463
638
693
650
543
419
313
212
138
110
9
-17
-54
-153
-207
-237
-253
-254
-250
-189
-173
-162
-168
-202
-266
-327
-378
-403
-417
-401
-337
-268
-204
-150
-54
115
361
606
729
724
618
523
375
305
213
129
123
-6
-13
-44
-149
-181
-209
-223
-201
-169
-151
-141
-137
-159
-197
-242
-317
-349
-376
-364
-330
-261
-186
-134
-81
-27
341
545
713
771
726
603
487
379
267
186
139
123
22
-28
-133
-187
-209
-218
-203
-178
-157
-140
-135
-153
-189
-253
-303
-348
-381
-390
-378
-329
-260
-202
-141
-65
121
399
611
731
727
630
527
401
283
180
129
107
9
-30
-123
-182
-220
-249
-261
-268
-221
-190
-169
-175
-194
-257
-332
-432
-428
-421
-425
-377
-316
-242
-187
-124
-39
130
475
655
715
681
579
451
359
313
267
133
49
-17
-41
-153
-201
-239
-245
-238
-216
-191
-165
-155
-168
-198
-257
-310
-341
-378
-389
-373
-310
-236
-187
-140
-71
115
403
623
745
755
671
563
449
331
235
155
129
37
-13
-47
-149
-185
-214
-220
-201
-172
-153
-129
-135
-156
-193
-237
-291
-334
-364
-371
-332
-259
-189
-135
-108
-44
248
502
681
767
711
625
509
387
283
193
131
111
-5
-41
-133
-190
-223
-250
-258
-229
-193
-172
-159
-172
-202
-248
-312
-349
-385
-407
-379
-331
-255
-201
-125
-49
119
317
649
731
715
628
505
468
335
182
135
30
15
-44
-153
-194
-234
-253
-257
-248
-232
-190
-150
-167
-190
-236
-287
-337
-365
-382
-393
-363
-275
-215
-159
-95
-42
276
527
685
725
673
579
473
355
267
155
131
43
-10
-50
-137
-174
-219
-233
-223
-213
-211
-139
-133
-137
-170
-215
-262
-310
-342
-347
-332
-284
-215
-165
-109
-35
123
419
637
770
757
680
575
467
343
243
153
123
49
3
-44
-139
-172
-203
-203
-197
-159
-127
-128
-113
-125
-179
-202
-291
-300
-359
-364
-322
-265
-204
-140
-76
-29
305
533
691
745
675
576
462
351
233
148
133
33
-25
-44
-140
-199
-209
-242
-239
-215
-186
-162
-145
-145
-177
-225
-287
-265
-361
-388
-367
-322
-255
-204
-153
-76
73
336
555
691
690
611
510
403
276
179
133
45
-7
-29
-118
-176
-218
-242
-250
-227
-182
-179
-154
-146
-157
-223
-252
-309
-345
-364
-364
-341
-292
-223
-161
-108
-42
130
479
667
739
702
599
499
403
265
178
128
93
-2
-30
-39
-163
-209
-206
-204
-192
-166
-141
-125
-113
-137
-178
-241
-281
-309
-329
-330
-284
-221
-167
-118
-61
87
359
574
724
745
683
579
466
358
239
163
131
30
-29
-43
-150
-153
-207
-223
-213
-194
-161
-141
-130
-140
-167
-229
-286
-327
-357
-370
-349
-300
-236
-175
-125
-45
115
399
599
706
679
595
507
419
263
163
139
35
-18
-46
-120
-200
-236
-258
-263
-238
-216
-183
-178
-171
-193
-230
-287
-334
-365
-395
-396
-355
-306
-237
-186
-139
-37
130
475
643
691
642
555
468
331
223
142
115
63
-31
-42
-160
-220
-237
-225
-245
-204
-178
-151
-149
-143
-171
-217
-274
-321
-349
-364
-349
-300
-239
-184
-123
-45
122
411
611
731
703
621
515
391
295
207
131
129
18
-23
-46
-159
-191
-204
-204
-187
-165
-143
-117
-114
-137
-187
-235
-279
-320
-345
-333
-301
-252
-187
-130
-61
-23
295
531
682
724
665
554
448
334
218
150
132
23
-26
-47
-159
-204
-233
-209
-189
-236
-197
-175
-235
-165
-202
-254
-300
-357
-385
-395
-366
-314
-238
-185
-143
-49
118
406
596
675
665
559
457
341
233
139
127
8
-25
-71
-171
-216
-255
-272
-285
-246
-207
-194
-173
-175
-208
-252
-299
-347
-392
-406
-373
-335
-267
-198
-153
-70
115
371
581
694
689
615
500
389
283
251
131
59
10
-31
-45
-170
-206
-227
-238
-207
-182
-157
-141
-130
-144
-193
-236
-295
-331
-353
-349
-309
-254
-247
-123
-55
99
331
565
711
739
681
570
479
351
250
189
127
27
19
-111
-140
-177
-210
-220
-205
-175
-155
-137
-106
-159
-186
-236
-289
-334
-363
-367
-334
-280
-204
-144
-93
-57
185
499
663
714
683
565
465
340
237
149
115
26
-19
-45
-154
-199
-271
-254
-235
-231
-204
-190
-159
-169
-200
-241
-313
-347
-396
-410
-381
-324
-273
-205
-140
-51
116
415
597
691
659
587
451
340
244
155
133
17
-28
-42
-159
-198
-246
-268
-251
-229
-194
-166
-63
-140
-186
-236
-284
-342
-360
-386
-374
-326
-243
-188
-129
-53
114
377
611
767
724
650
546
419
411
131
110
127
19
-28
-47
-156
-203
-221
-225
-204
-172
-157
-127
-129
-169
-189
-237
-217
-310
-341
-338
-300
-236
-159
-123
-51
91
347
575
734
756
699
595
475
361
245
157
121
47
-12
-44
-149
-193
-221
-231
-217
-182
-160
-141
-135
-145
-185
-245
-285
-338
-365
-411
-347
-300
-247
-172
-109
-44
130
489
675
739
677
570
467
347
239
161
127
29
-26
-45
-175
-225
-252
-263
-263
-229
-197
-170
-181
-172
-218
-268
-321
-364
-397
-400
-387
-336
-268
-190
-146
-50
122
405
587
719
692
599
507
399
276
187
131
39
-12
-44
-142
-204
-233
-246
-241
-213
-151
-149
-146
-146
-174
-209
-268
-311
-350
-367
-349
-301
-249
-183
-118
36
115
395
629
755
738
669
554
419
311
227
145
136
34
-23
-39
-153
-201
-213
-209
-193
-169
-137
-113
-105
-133
-241
-305
-284
-331
-350
-345
-299
-254
-169
-115
-56
130
356
582
729
731
659
557
419
330
227
148
127
20
-28
-9
-204
-204
-239
-221
-262
-235
-174
-155
-145
-159
-209
-260
-316
-350
-376
-381
-347
-279
-225
-169
-105
-43
182
500
665
710
655
550
347
313
212
180
139
63
-31
-113
-173
-134
-288
-270
-287
-227
-204
-193
-194
-215
-213
-252
-299
-353
-381
-397
-369
-295
-237
-172
-109
-41
123
443
623
727
690
564
469
355
255
161
122
45
-12
-29
-133
-175
-216
-231
-226
-198
-169
-153
-137
-135
-163
-210
-268
-309
-347
-362
-332
-286
-218
-156
-98
-46
131
465
657
763
725
611
579
409
329
217
143
141
19
-21
-62
-165
-205
-199
-217
-187
-158
-145
-97
-123
-136
-240
-282
-300
-335
-373
-354
-233
-250
-165
-108
-39
115
375
595
723
724
643
528
419
298
215
129
91
3
-37
-122
-178
-225
-236
-262
-239
-205
-188
-167
-153
-167
-226
-269
-300
-374
-385
-396
-350
-284
-220
-166
-99
-45
181
494
651
694
647
531
418
311
187
123
70
-5
-29
-109
-187
-229
-257
-268
-263
-210
-175
-157
-150
-167
-206
-256
-311
-350
-381
-384
-346
-289
-222
-156
-108
-45
122
503
685
743
693
579
467
351
250
149
130
52
-17
-111
-149
-186
-206
-290
-269
-193
-147
-218
-220
-135
-162
-143
-222
-283
-329
-362
-319
-263
-204
-130
-61
-41
135
495
691
771
707
618
499
395
276
192
122
55
-11
-38
-140
-146
-145
-257
-235
-205
-161
-153
-167
-173
-158
-215
-281
-329
-350
-381
-362
-314
-239
-184
-129
-45
133
419
611
723
691
607
485
371
261
167
128
41
-23
-50
-156
-210
-252
-262
-268
-250
-221
-186
-175
-174
-206
-254
-283
-375
-321
-410
-405
-348
-268
-205
-157
-60
110
363
575
701
691
659
571
335
290
159
123
40
-28
-50
-216
-113
-305
-264
-273
-237
-209
-175
-159
-162
-225
-135
-205
-316
-345
-391
-396
-267
-215
-191
-123
-44
116
386
617
745
746
655
539
419
295
218
122
131
24
-53
-37
-165
-229
-222
-169
-172
-183
-137
-103
-121
-140
-183
-235
-274
-347
-350
-337
-299
-250
-188
-105
-43
83
367
611
729
738
655
468
419
299
223
138
131
17
-29
-43
-182
-219
-237
-239
-226
-202
-70
-227
-158
-185
-211
-278
-335
-370
-392
-332
-347
-279
-205
-129
-72
78
343
553
690
705
627
522
411
292
187
129
43
-15
-37
-142
-204
-233
-333
-316
-249
-225
-203
-191
-188
-227
-268
-324
-359
-444
-441
-397
-353
-287
-215
-152
-83
36
323
550
693
723
651
543
500
243
221
128
123
14
-23
-57
-163
-220
-236
-228
-217
-194
-170
-147
-142
-161
-201
-253
-305
-343
-371
-329
-261
-270
-195
-147
-63
85
343
566
727
763
692
594
482
358
255
171
116
79
-12
-41
-142
-188
-211
-221
-207
-177
-154
-133
-119
-149
-172
-226
-245
-252
-364
-327
-323
-268
-193
-133
-63
51
326
521
715
753
692
583
468
346
235
149
136
20
-28
-103
-179
-202
-251
-197
-238
-209
-189
-171
-169
-186
-219
-284
-321
-364
-400
-385
-277
-385
-297
-253
-107
-38
237
500
675
719
659
551
419
309
214
135
127
6
-38
-76
-187
-221
-257
-279
-261
-229
-205
-181
-153
-183
-206
-267
-311
-346
-385
-378
-345
-285
-202
-149
-79
-30
287
532
707
743
687
587
468
367
250
163
123
52
-10
-39
-204
-108
-236
-185
-217
-175
-170
-135
-140
-155
-185
-238
-287
-331
-349
-374
-367
-299
-181
-121
-39
84
351
564
660
803
707
590
495
379
275
187
126
116
3
-41
-150
-191
-223
-246
-229
-199
-173
-146
-140
-167
-197
-245
-302
-335
-364
-367
-329
-294
-204
-117
-71
-26
308
539
692
735
675
567
455
339
231
145
129
-5
-29
-41
-176
-223
-273
-264
-253
-221
-188
-175
-175
-193
-227
-272
-327
-365
-405
-406
-375
-309
-235
-177
-94
-42
207
507
666
713
643
542
419
337
228
147
137
20
-26
-44
-172
-217
-251
-253
-283
-157
-194
-174
-156
-170
-204
-236
-316
-333
-389
-374
-331
-277
-193
-134
-73
-74
403
565
707
756
687
586
470
367
262
180
126
52
83
-22
-154
-200
-170
-228
-207
-204
-155
-134
-135
-140
-178
-223
-269
-311
-346
-348
-309
-253
-173
-117
-55
84
314
539
707
751
690
607
468
342
235
149
132
38
-13
-49
-146
-201
-233
-241
-223
-217
-174
-166
-165
-172
-217
-261
-321
-364
-396
-390
-347
-295
-223
-158
-172
51
310
531
681
707
638
528
403
295
199
130
97
10
-23
-128
-193
-287
-271
-287
-264
-237
-213
-187
-173
-189
-227
-283
-333
-366
-402
-395
-355
-290
-215
-156
-76
61
326
596
715
747
654
555
419
323
221
134
145
20
-26
-49
-170
-191
-289
-199
-204
-194
-140
-149
-143
-159
-187
-329
-279
-379
-335
-332
-312
-223
-171
-108
-28
107
405
643
726
753
691
574
365
350
247
166
134
49
11
-26
-133
-218
-204
-269
-199
-174
-141
-129
-130
-147
-190
-247
-291
-329
-364
-345
-339
-267
-206
-141
-61
84
340
564
699
775
721
523
417
296
198
123
111
1
-38
-73
-189
-241
-242
-291
-249
-218
-209
-167
-184
-220
-238
-293
-364
-471
-428
-411
-363
-305
-258
-173
-101
-38
302
507
643
670
587
483
361
259
148
121
20
-43
-47
-155
-209
-248
-287
-277
-267
-252
-208
-186
-175
-201
-236
-294
-323
-367
-398
-395
-349
-294
-220
-168
-85
11
324
558
683
707
627
526
413
297
216
147
128
36
-17
-49
-143
-194
-222
-220
-202
-175
-149
-122
-111
-118
-169
-217
-254
-293
-343
-332
-306
-249
-163
-197
-9
61
323
527
719
744
675
579
487
362
237
180
119
123
9
-28
-105
-173
-204
-217
-204
-156
-157
-140
-135
-150
-188
-281
-281
-317
-375
-363
-342
-222
-211
-125
-81
-60
127
468
635
696
651
549
419
342
231
138
123
27
-22
-55
-153
-187
-240
-251
-247
-223
-189
-173
-162
-183
-206
-263
-315
-354
-380
-390
-370
-320
-268
-204
-150
-47
116
405
587
667
629
549
419
327
228
145
133
26
-12
-46
-154
-199
-236
-253
-238
-190
-172
-159
-129
-175
-198
-236
-290
-318
-353
-374
-358
-284
-219
-156
-93
-69
127
419
665
690
631
595
479
372
275
187
133
122
15
-41
-54
-167
-207
-206
-213
-182
-153
-128
-111
-117
-158
-213
-242
-287
-333
-328
-317
-287
-195
-118
-69
-25
103
419
629
726
687
621
507
378
306
212
133
116
18
-30
-47
-162
-197
-220
-209
-204
-169
-142
-127
-136
-159
-208
-258
-315
-344
-357
-361
-303
-240
-175
-114
-53
109
340
542
671
673
601
489
387
291
197
123
61
1
-31
-47
-175
-221
-242
-251
-231
-209
-183
-174
-178
-187
-225
-269
-332
-354
-381
-380
-337
-289
-203
-157
-114
-47
207
491
647
659
617
522
406
311
212
132
116
15
-31
-43
-149
-206
-233
-230
-204
-186
-158
-139
-141
-167
-193
-232
-282
-315
-350
-358
-329
-270
-198
-125
-73
-26
136
474
641
702
650
564
461
355
260
167
132
103
7
-33
-53
-157
-191
-193
-190
-166
-145
-123
-121
-127
-152
-204
-254
-297
-322
-339
-314
-268
-207
-134
-81
-44
122
419
577
692
654
579
499
374
282
179
139
52
3
-34
-127
-183
-217
-245
-231
-220
-190
-165
-157
-141
-203
-229
-269
-325
-358
-376
-345
-332
-257
-171
-134
-58
100
327
517
633
631
564
468
339
251
164
136
24
-11
-42
-140
-201
-234
-261
-259
-237
-205
-198
-191
-182
-198
-229
-273
-330
-362
-360
-364
-320
-268
-204
-143
-93
-44
138
483
610
659
611
517
419
309
211
142
129
23
-21
-43
-143
-191
-209
-218
-216
-178
-159
-137
-131
-157
-175
-236
-289
-317
-334
-345
-321
-268
-205
-145
-75
-42
131
449
611
670
673
567
475
372
275
175
131
114
19
-26
-45
-157
-190
-204
-197
-178
-165
-130
-137
-140
-186
-236
-268
-322
-334
-337
-348
-288
-225
-158
-125
-54
116
341
547
659
647
580
462
381
262
174
135
39
-1
-41
-129
-193
-225
-234
-239
-233
-189
-178
-161
-184
-204
-233
-284
-353
-358
-387
-389
-341
-279
-213
-170
-111
-45
119
462
607
632
571
483
379
275
179
126
37
-12
-39
-110
-177
-222
-237
-229
-222
-199
-172
-165
-169
-194
-223
-268
-307
-345
-356
-370
-333
-283
-204
-167
-107
-44
130
419
590
659
628
564
419
354
225
171
137
50
3
-30
-113
-172
-198
-199
-193
-171
-153
-123
-122
-140
-167
-204
-267
-284
-327
-347
-313
-263
-195
-145
-83
-47
119
391
567
683
687
597
497
398
286
199
136
119
3
-31
-44
-159
-189
-213
-204
-184
-153
-147
-135
-156
-173
-221
-271
-306
-337
-358
-342
-306
-250
-186
-140
-83
-37
263
484
625
643
587
485
386
275
183
127
59
-9
-25
-81
-176
-210
-239
-237
-224
-203
-179
-167
-178
-206
-219
-283
-325
-359
-368
-378
-348
-291
-234
-173
-118
-41
127
404
590
641
576
543
405
326
225
145
116
23
-26
-45
-153
-201
-219
-217
-209
-174
-163
-145
-130
-161
-194
-226
-271
-305
-332
-332
-316
-266
-220
-157
-103
-43
123
381
547
663
651
593
485
378
283
201
137
129
35
-31
-45
-141
-174
-179
-182
-158
-143
-118
-114
-116
-154
-187
-239
-284
-301
-316
-302
-275
-213
-167
-117
-51
43
278
495
619
661
607
513
411
311
219
147
133
37
-17
-41
-156
-201
-218
-215
-203
-185
-169
-151
-159
-181
-223
-269
-306
-327
-359
-357
-309
-271
-218
-165
-109
-45
128
415
564
623
583
499
407
308
212
131
131
3
-28
-44
-156
-214
-236
-246
-233
-211
-191
-167
-186
-198
-217
-250
-290
-326
-345
-346
-327
-281
-219
-155
-126
-47
106
329
510
608
611
555
462
363
271
191
130
112
18
-26
-43
-157
-188
-198
-188
-172
-153
-140
-126
-140
-158
-190
-236
-279
-294
-314
-301
-277
-223
-161
-101
-53
48
197
467
596
660
623
537
451
350
251
174
121
99
15
-28
-41
-146
-170
-183
-170
-149
-134
-122
-121
-151
-177
-229
-280
-300
-305
-332
-297
-262
-193
-137
-85
-41
117
357
520
611
603
537
451
339
254
171
117
39
15
-33
-129
-169
-202
-214
-201
-190
-171
-154
-165
-175
-195
-248
-279
-316
-333
-351
-335
-302
-253
-177
-142
-78
-38
159
419
564
596
547
458
355
259
179
137
52
-1
-31
-47
-165
-182
-219
-197
-189
-173
-157
-140
-159
-171
-210
-258
-297
-323
-332
-321
-297
-242
-173
-133
-73
-44
131
395
554
623
613
547
411
343
255
199
118
138
14
-23
-65
-141
-171
-175
-169
-152
-140
-112
-117
-134
-167
-204
-246
-268
-282
-290
-271
-231
-174
-108
-93
-53
135
335
491
613
641
578
501
419
323
233
162
131
23
-12
-43
-133
-152
-177
-175
-161
-140
-134
-140
-143
-182
-214
-247
-279
-300
-319
-310
-286
-237
-179
-141
-81
-44
133
389
531
594
567
500
406
343
226
147
135
34
-14
-44
-129
-181
-216
-214
-204
-199
-181
-172
-173
-197
-230
-267
-300
-325
-343
-345
-330
-300
-239
-189
-129
-45
-1
226
448
545
569
532
470
375
271
194
134
127
14
-12
-31
-161
-171
-189
-193
-181
-170
-150
-140
-154
-172
-195
-237
-268
-299
-317
-318
-268
-215
-167
-109
-77
-44
134
387
515
593
595
530
450
359
271
193
137
133
30
-23
-42
-118
-147
-150
-149
-129
-129
-119
-129
-140
-170
-201
-233
-262
-283
-291
-264
-223
-177
-117
-62
-33
117
295
419
561
575
539
481
395
308
219
151
122
45
-12
-44
-124
-161
-169
-181
-169
-167
-157
-167
-173
-199
-229
-268
-274
-300
-325
-315
-281
-236
-170
-140
-66
-41
129
372
481
527
514
463
387
318
214
147
119
25
-28
-44
-129
-179
-198
-213
-207
-204
-182
-197
-194
-227
-236
-256
-279
-327
-325
-303
-269
-230
-181
-130
-65
-41
118
283
419
521
532
499
419
356
277
200
137
119
29
-26
-39
-110
-150
-167
-172
-157
-146
-141
-153
-171
-197
-242
-255
-269
-287
-282
-258
-210
-167
-114
-62
-35
121
283
419
509
555
547
487
415
342
267
199
135
127
39
-13
-35
-114
-139
-158
-141
-141
-155
-137
-188
-205
-210
-258
-279
-286
-294
-257
-236
-200
-150
-99
-41
54
127
340
454
503
511
455
404
325
267
159
148
100
3
-31
-59
-142
-172
-187
-181
-173
-173
-190
-213
-225
-264
-272
-300
-305
-307
-299
-270
-229
-177
-138
-77
-44
100
283
384
451
458
404
356
313
281
212
138
130
31
-17
-44
-121
-163
-157
-159
-183
-176
-199
-209
-231
-239
-268
-290
-300
-313
-288
-255
-204
-159
-111
-51
-45
117
249
370
419
471
474
419
375
310
254
211
155
130
57
-19
-38
-98
-130
-139
-138
-151
-169
-170
-181
-185
-229
-241
-266
-268
-251
-220
-190
-138
-97
-57
-28
107
145
327
417
459
470
449
402
347
289
227
167
131
79
20
-28
-43
-127
-108
-141
-150
-172
-191
-215
-230
-249
-267
-274
-301
-281
-258
-221
-181
-149
-105
-49
-44
107
227
331
395
419
411
367
307
263
211
149
129
117
27
-28
-45
-137
-153
-169
-171
-194
-204
-265
-253
-265
-291
-302
-315
-305
-280
-251
-213
-174
-140
-97
-42
71
139
288
345
355
363
369
334
294
249
187
152
147
36
-1
-32
-38
-108
-128
-150
-169
-189
-204
-217
-233
-238
-241
-268
-273
-253
-215
-179
-140
-87
-44
-29
59
139
273
323
419
414
415
365
307
279
239
180
150
143
84
15
-25
-40
-44
-97
-126
-145
-167
-185
-209
-224
-225
-254
-246
-229
-199
-166
-126
-82
-45
-44
37
110
131
283
347
361
355
343
308
283
244
211
150
115
141
19
-22
-40
-41
-112
-138
-166
-197
-213
-235
-254
-255
-272
-275
-258
-238
-197
-169
-141
-106
-71
-37
81
103
209
276
298
309
327
293
259
229
183
149
127
65
7
-13
-34
-59
-114
-146
-167
-201
-220
-232
-235
-253
-271
-268
-271
-230
-202
-169
-140
-129
-85
-39
-59
74
111
130
270
306
307
283
285
250
195
186
135
148
131
50
-10
-12
-41
-39
-107
-133
-145
-170
-189
-203
-216
-222
-236
-208
-189
-141
-127
-107
-78
-44
11
83
123
161
244
282
308
319
315
293
263
241
202
169
129
127
63
38
-5
-27
-37
-113
-139
-161
-197
-213
-213
-237
-233
-221
-211
-162
-147
-109
-71
-72
-49
7
71
116
131
211
244
263
270
253
218
189
179
123
147
121
52
19
-22
-41
-93
-124
-153
-174
-193
-209
-223
-235
-257
-255
-204
-205
-172
-156
-140
-118
-93
-46
-30
59
120
122
135
196
205
211
212
182
163
146
147
97
54
11
-29
-28
-45
-111
-146
-169
-178
-189
-206
-223
-219
-209
-172
-165
-142
-126
-95
-63
-43
39
84
117
125
167
195
219
227
232
231
209
182
149
132
127
63
43
6
-17
-42
-49
-104
-121
-142
-156
-185
-186
-188
-140
-113
-106
-76
-67
-57
-30
35
68
111
145
107
180
205
207
203
222
244
186
179
138
137
75
47
23
-10
-28
-44
-63
-107
-120
-140
-161
-181
-185
-171
-155
-150
-116
-122
-108
-85
-37
-49
46
49
84
105
86
111
142
148
164
177
143
146
127
59
40
20
-9
-6
-44
-44
-107
-125
-140
-161
-178
-191
-209
-199
-166
-156
-142
-143
-134
-110
-69
-39
-44
31
38
55
87
98
97
133
137
133
135
129
125
135
81
61
29
2
-15
-29
-44
-44
-81
-108
-114
-136
-147
-152
-118
-107
-93
-98
-108
-57
-34
-51
29
78
83
87
105
111
111
125
126
127
134
130
133
127
95
84
69
55
19
-16
2
-23
-42
-33
-47
-63
-101
-108
-97
-76
-63
-59
-51
-31
-41
-49
15
37
55
83
90
91
97
105
147
113
102
126
106
79
85
71
55
31
5
-12
-25
-30
-48
-94
-106
-118
-126
-140
-155
-122
-109
-103
-104
-101
-80
-63
-47
-54
9
23
49
63
75
73
75
84
82
101
84
95
54
47
27
17
-6
-30
-35
-46
-49
-41
-82
-108
-112
-119
-130
-108
-104
-103
-76
-76
-65
-48
-42
-46
9
29
41
59
65
69
65
62
85
67
70
75
53
39
49
63
23
1
5
7
-22
-22
-33
-40
-47
-49
-78
-79
-65
-46
-42
-44
-44
-39
4
30
42
55
68
83
87
95
97
98
101
84
83
80
73
72
63
83
38
34
35
20
7
-1
-12
-19
-14
-33
-43
-46
-44
-41
-39
-37
-18
-19
3
20
30
31
47
49
51
54
45
31
66
20
26
47
21
16
9
7
3
0
-14
-25
-26
-39
-49
-44
-49
-76
-69
-73
-55
-50
-73
-69
-57
-33
-50
-17
-13
3
-12
21
14
29
17
16
6
3
7
-3
-5
3
-7
-13
-11
-18
-28
-28
-29
-31
-25
-44
-45
-54
-43
-49
-49
-49
-45
-53
-14
-7
2
7
19
20
34
28
35
53
51
47
57
33
39
21
19
36
26
25
19
11
3
-1
-9
-9
-3
-6
-1
-1
-9
7
3
13
19
37
36
38
35
45
64
43
55
49
59
49
51
57
34
34
9
14
4
35
5
19
-1
9
17
3
-14
2
-7
-2
-2
4
6
6
10
9
9
-11
1
6
10
-1
7
17
9
16
-6
1
-12
-9
-25
-13
-17
-33
-26
-27
-13
-28
-26
-29
-35
-25
-38
-35
-25
-34
-29
-26
-26
-26
-17
-28
-12
-23
-22
-25
-17
-12
-2
-12
-13
-17
-23
-33
-19
