55
55
45
54
52
37
33
37
39
45
41
37
46
38
31
27
20
39
40
42
20
35
34
22
25
21
40
23
30
25
3
24
19
0
9
-1
20
20
14
78
19
-1
-5
19
-5
3
14
3
7
35
19
-1
3
11
-12
-6
-12
9
7
3
-7
15
7
23
-12
-5
-5
-10
11
-7
3
-12
11
-12
0
10
7
-5
-7
-23
21
5
18
3
-12
25
31
-12
-5
83
7
21
19
22
-13
-12
3
18
0
19
33
15
21
25
11
0
22
19
7
25
29
-15
31
30
15
53
33
33
30
39
33
35
22
20
29
33
26
35
41
48
39
36
35
35
45
39
45
52
52
53
34
43
42
49
43
34
43
41
51
31
43
31
3
22
27
-3
14
26
20
34
41
37
35
-43
31
30
49
42
31
62
55
27
50
31
17
21
-12
-5
-9
-27
-28
-25
-14
-34
-17
11
-41
-28
5
-7
-13
33
49
53
75
116
123
107
130
83
34
3
-29
-37
-38
-79
-105
-114
-135
-134
-129
-119
-76
-61
-58
-42
-44
50
131
148
255
270
239
187
145
151
24
3
-31
-39
-69
-108
-108
-93
-73
-60
-47
-35
-30
-12
34
27
19
25
58
43
59
71
62
52
52
31
20
6
20
52
45
43
36
52
47
118
67
81
87
74
103
107
91
42
58
73
26
23
23
18
-23
-26
-12
-21
-21
-21
-17
-31
43
110
137
259
292
297
235
186
139
46
3
-38
-44
-97
-109
-135
-144
-117
-93
-60
-55
-49
-62
-62
-75
-85
-102
-81
-49
-38
62
116
282
311
309
265
239
213
151
30
0
-22
-47
-101
-149
-161
-149
-115
-97
-65
-47
-28
-33
-24
-31
-51
-49
-57
-47
-39
-10
-9
-26
-31
-35
3
123
218
294
289
239
217
160
127
0
-22
-39
-86
-123
-151
-124
-125
-105
-77
-66
-24
-28
-29
-39
-120
-66
-43
-49
-53
-44
-42
115
237
343
389
367
321
266
207
147
47
0
-41
-86
-125
-154
-149
-127
-82
-47
-28
-38
-5
-12
-30
-47
-26
-34
-39
-33
-27
-5
3
56
134
286
367
404
373
315
259
163
119
49
-31
-18
-129
-185
-183
-178
-181
-105
-61
-38
-38
-47
-46
-62
-110
-115
-111
-98
-79
-86
-37
116
294
383
455
415
343
293
177
141
15
-29
-108
-155
-207
-225
-236
-197
-147
-109
-59
-42
-41
-73
-102
-110
-145
-156
-151
-108
-99
-81
-41
125
292
407
459
395
340
293
176
143
-1
-12
-119
-174
-255
-236
-231
-197
-139
-97
-55
-28
-47
-28
-103
-127
-172
-137
-140
-101
-62
-71
-13
130
353
505
502
475
379
313
162
127
22
-26
-133
-169
-218
-227
-217
-156
-104
-104
-28
-18
-22
-34
-108
-136
-171
-159
-69
-95
-57
-29
119
289
489
558
566
495
419
302
165
146
5
-45
-145
-199
-241
-236
-207
-155
-111
-65
-33
-25
-37
-65
-136
-168
-215
-203
-168
-109
-81
-43
135
363
532
571
546
467
379
239
137
17
-31
-141
-189
-261
-297
-275
-244
-199
-125
-83
-38
-54
-76
-141
-191
-243
-248
-236
-172
-127
-105
-43
101
419
579
601
535
462
355
178
123
-17
-27
-184
-236
-277
-293
-285
-241
-186
-134
-51
-38
-44
-97
-149
-211
-248
-269
-217
-160
-117
-61
117
335
532
649
647
547
494
366
165
121
-7
-26
-172
-248
-290
-301
-262
-204
-155
-98
-44
-55
-43
-108
-165
-247
-287
-255
-188
-140
-94
-35
149
451
639
727
679
599
478
303
152
87
0
-134
-178
-265
-285
-284
-239
-182
-156
-93
-28
-45
-51
-137
-206
-268
-300
-275
-208
-136
-103
-19
314
527
705
731
659
525
407
203
131
-13
-23
-198
-253
1653
148
-48
-222
-173
-170
-105
-43
-45
-115
-193
-290
-387
-415
-377
-289
-221
-125
-12
415
715
871
885
815
659
481
221
137
-29
-199
-293
-379
-412
-403
-381
-300
-246
-174
-85
-37
-65
-145
-244
-364
-407
-432
-374
-270
-220
-43
139
545
820
971
931
803
641
403
169
89
-44
-207
-297
-374
-409
-395
-329
-250
-211
-108
-54
-35
-42
-159
-251
-362
-428
-396
-327
-215
-150
-53
287
641
962
1027
931
811
631
349
163
3
-38
-235
-279
-381
-396
-370
-300
-254
-221
-77
-44
-23
-37
-163
-275
-394
-455
-402
-332
-221
-135
-37
373
710
977
1039
907
767
553
279
123
-25
-191
-258
-355
-412
-426
-396
-334
-273
-198
-93
-37
-51
-109
-215
-332
-447
-470
-427
-336
-247
-110
35
419
767
982
1009
819
690
483
203
107
-9
-219
-323
-395
-457
-438
-410
-357
-257
-181
-70
-39
-55
-153
-258
-380
-476
-497
-444
-269
-237
-85
135
555
881
1059
1039
871
711
391
151
7
-37
-204
-303
-392
-427
-427
-376
-300
-224
-109
-61
-37
-30
-139
-236
-273
-398
-379
-311
-185
-108
-5
394
629
873
889
777
622
458
214
133
-17
-50
-199
-262
-301
-315
-288
-250
-201
-127
-49
-21
-29
-42
-177
-284
-375
-396
-300
-255
-173
-27
131
529
787
916
866
719
555
331
131
0
-28
-169
-261
-314
-334
-345
-300
-248
-194
-106
-62
-29
-31
-130
-226
-351
-429
-411
-357
-268
-139
-25
371
643
847
873
771
609
419
213
149
-24
-174
-248
-317
-351
-381
-337
-302
-270
-204
-106
-93
-29
-108
-179
-335
-421
-461
-437
-332
-237
-59
137
508
810
915
866
771
538
298
135
-12
-33
-197
-238
-329
-359
-348
-316
-267
-202
-114
-31
-34
-28
-119
-246
-382
-441
-449
-396
-268
-148
-25
459
717
951
947
815
627
411
187
113
-28
-144
-217
-293
-323
-332
-293
-241
-204
-146
-45
-21
9
-25
-140
-284
-396
-441
-389
-301
-204
-39
127
583
862
969
895
693
527
295
127
-11
-44
-193
-262
-328
-357
-327
-332
-236
-201
-120
-41
-33
-44
-119
-247
-362
-431
-461
-412
-286
-146
75
495
751
948
916
761
595
377
159
13
-47
-201
-257
-327
-357
-371
-332
-278
-240
-158
-97
-29
-44
-125
-222
-342
-436
-492
-476
-347
-244
-44
139
603
823
919
835
635
473
233
125
-29
-157
-244
-284
-335
-373
-358
-303
-257
-190
-101
-38
-45
-37
-145
-251
-359
-433
-481
-398
-283
-121
122
483
755
949
927
773
587
382
163
5
-33
-166
-237
-281
-341
-342
-302
-242
-190
-122
-47
-38
-23
-41
-161
-275
-369
-457
-400
-312
-165
-26
367
661
929
1019
881
692
510
257
118
-29
-74
-186
-259
-314
-331
-332
-285
-236
-162
-81
-40
-29
-6
-94
-224
-354
-396
-465
-392
-288
-145
58
479
756
979
931
791
595
387
161
3
-50
-185
-251
-307
-351
-359
-327
-221
-241
-161
-74
-34
-41
-82
-189
-283
-417
-476
-463
-375
-274
-42
143
585
843
969
878
681
506
259
148
-28
-146
-261
-298
-357
-368
-364
-314
-266
-205
-121
-43
-23
-43
-114
-246
-334
-442
-480
-453
-330
-185
-49
409
735
979
981
820
631
419
180
127
-29
-158
-221
-268
-334
-347
-318
-283
-234
-159
-69
-38
18
-29
-138
-280
-382
-460
-476
-403
-259
-75
106
583
867
1027
975
755
561
346
146
20
-29
-158
-264
-284
-313
-330
-286
-233
-184
-77
-35
-45
-13
-21
-220
-329
-408
-476
-445
-332
-203
-23
393
698
949
1003
852
654
471
218
151
-22
-165
-239
-233
-338
-365
-321
-294
-242
-188
-115
-50
-42
-62
-171
-289
-398
-499
-500
-432
-322
-145
136
514
815
995
931
735
545
319
147
-25
-114
-238
-286
-335
-363
-365
-337
-283
-236
-161
-70
-59
-65
-136
-241
-341
-454
-486
-482
-379
-251
-31
356
679
931
1023
849
660
475
241
159
-7
-154
-251
-300
-371
-364
-322
-270
-241
-166
-97
-28
-33
-27
-125
-244
-364
-451
-483
-412
-301
-147
125
530
823
1003
1011
839
635
419
180
131
-37
-170
-236
-295
-318
-327
-286
-234
-205
-113
-47
-38
-13
-38
-172
-287
-421
-482
-473
-375
-242
-44
305
678
971
1033
931
723
535
277
143
-27
-133
-231
-284
-343
-337
-342
-293
-263
-193
-129
-25
-25
-41
-140
-275
-389
-487
-508
-456
-348
-180
-3
419
782
995
1009
793
629
372
163
35
-33
-220
-273
-342
-380
-396
-341
-301
-253
-170
-77
-43
-66
-125
-210
-332
-437
-523
-511
-439
-319
-59
131
624
921
1012
923
725
531
289
129
-12
-175
-261
-312
-353
-364
-342
-306
-257
-185
-112
-44
-25
-28
-140
-243
-389
-469
-503
-447
-371
-172
111
527
853
1055
1031
825
643
415
206
115
-29
-185
-258
-302
-346
-327
-298
-248
-217
-118
-66
-39
-15
-17
-216
-310
-411
-499
-477
-385
-255
-44
419
741
1034
1059
899
709
497
241
149
-7
-172
-215
-287
-354
-353
-338
-293
-263
-185
-83
-53
-33
-74
-167
-295
-397
-478
-507
-432
-331
-115
135
538
827
931
874
707
532
287
122
-27
-145
-241
-301
-359
-389
-377
-333
-300
-239
-161
-108
-99
-79
-161
-281
-396
-514
-587
-526
-437
-265
-37
379
755
926
931
773
603
358
153
-7
-46
-236
-302
-332
-385
-350
-334
-269
-226
-150
-82
-44
-44
-112
-206
-342
-461
-527
-523
-416
-251
-44
450
788
1055
1087
884
691
463
217
146
-26
-165
-255
-309
-347
-344
-308
-278
-213
-136
-69
-34
-45
-28
-183
-293
-406
-492
-492
-427
-275
-47
373
737
1043
1114
963
741
515
259
127
-10
-122
-229
-310
-332
-355
-268
-284
-234
-155
-81
-39
-24
-44
-123
-258
-385
-473
-523
-461
-364
-130
143
603
931
1042
1011
798
587
331
151
-9
-44
-232
-290
-360
-329
-353
-325
-294
-210
-139
-61
-49
-76
-143
-257
-378
-477
-541
-507
-419
-201
83
551
883
1067
998
815
631
340
155
1
-34
-229
-295
-358
-389
-378
-310
-283
-231
-146
-77
-37
-54
-125
-220
-342
-450
-521
-500
-428
-261
-55
419
801
1065
1076
923
725
499
244
130
-13
-157
-239
-302
-362
-346
-315
-267
-233
-168
-94
-42
-41
-76
-158
-284
-396
-495
-485
-428
-273
-22
403
779
1051
1141
979
784
547
271
117
-5
-105
-217
-284
-326
-350
-295
-271
-243
-165
-94
-44
-39
-62
-157
-267
-396
-467
-502
-457
-329
-51
228
691
1011
1129
1011
778
547
283
135
-9
-113
-230
-299
-351
-380
-341
-306
-271
-198
-119
-72
7
-76
-156
-264
-396
-485
-530
-502
-397
-169
137
566
931
1063
1082
803
622
355
148
15
-39
-248
-305
-346
-369
-367
-343
-289
-244
-151
-106
-61
-93
-161
-247
-393
-508
-551
-508
-399
-211
75
537
899
1103
1067
881
667
419
195
123
-28
-201
-263
-346
-362
-328
-295
-274
-225
-149
-73
-46
-43
-98
-206
-332
-433
-534
-481
-402
-229
-56
470
819
1075
1151
949
736
511
257
125
-9
-165
-243
-288
-335
-326
-296
-243
-213
-137
-76
-28
-42
-101
-179
-290
-410
-483
-471
-451
-271
-30
450
823
1095
1147
931
747
507
244
148
-27
-169
-254
-334
-362
-354
-305
-282
-243
-172
-125
-66
-45
-81
-185
-317
-403
-521
-540
-482
-332
-12
323
729
1035
1144
979
785
543
352
143
-5
-176
-237
-326
-374
-377
-335
-319
-277
-215
-125
-73
-93
-98
-188
-303
-416
-538
-535
-475
-353
-97
148
695
1011
1107
1013
801
585
331
131
-12
-138
-220
-303
-375
-357
-339
-298
-254
-201
-125
-65
-44
-77
-161
-253
-399
-497
-530
-471
-364
-134
147
671
1019
1171
1083
871
655
379
180
77
-30
-206
-285
-342
-361
-330
-268
-268
-204
-145
-55
-38
-40
-97
-209
-375
-447
-500
-458
-380
-143
131
603
979
1175
1107
917
707
419
211
142
-34
-187
-253
-348
-357
-330
-298
-278
-225
-149
-95
-55
-80
-125
-232
-364
-483
-540
-510
-425
-183
129
564
931
1123
1109
904
687
410
219
137
-47
-230
-295
-348
-385
-367
-311
-283
-266
-157
-108
-93
-93
-143
-258
-379
-492
-549
-540
-435
-211
-39
538
867
1044
1067
882
678
385
171
125
-53
-199
-296
-349
-382
-377
-321
-309
-236
-193
-107
-44
-73
-142
-236
-357
-460
-533
-500
-423
-235
-28
511
867
1139
1115
961
739
463
227
149
-17
-189
-248
-332
-358
-351
-287
-281
-236
-135
-94
-65
-49
-105
-205
-321
-435
-518
-495
-422
-257
-34
486
515
923
1059
950
833
535
277
147
-26
-135
-244
-317
-347
-354
-318
-283
-202
-173
-94
-51
-76
-117
-207
-314
-453
-526
-494
-458
-295
-39
419
806
1141
1182
998
785
546
279
161
-12
-173
-262
-337
-367
-369
-362
-299
-266
-207
-139
-99
-103
-125
-213
-349
-449
-554
-550
-476
-317
-41
387
801
1077
1131
979
763
511
263
137
-36
-190
-259
-355
-409
-383
-365
-322
-293
-223
-127
-101
-95
-140
-246
-332
-461
-540
-524
-465
-302
-28
401
771
1095
1155
1011
817
536
276
157
-13
-158
-236
-314
-373
-379
-328
-294
-262
-172
-106
-73
-71
-130
-209
-320
-447
-524
-511
-443
-303
-33
411
820
1139
1203
1059
835
577
302
116
-3
-62
-207
-300
-348
-332
-317
-271
-233
-167
-112
-77
-83
-101
-205
-349
-428
-499
-524
-453
-280
-49
511
819
1139
1227
1035
841
570
288
131
-11
-155
-244
-322
-364
-366
-334
-313
-253
-194
-143
-81
-109
-146
-236
-354
-463
-550
-540
-503
-312
-44
411
799
1123
1175
1045
819
555
283
133
-14
-166
-281
-345
-401
-402
-365
-333
-278
-205
-140
-119
-125
-149
-258
-375
-454
-547
-550
-487
-331
-37
411
834
1129
1195
1012
811
533
279
149
-34
-172
-243
-303
-375
-390
-341
-293
-264
-183
-119
-102
-105
-144
-236
-346
-443
-540
-526
-441
-241
-33
500
895
1187
1227
1059
803
543
290
154
-13
-159
-239
-300
-348
-339
-300
-290
-235
-172
-99
-54
-103
-111
-220
-321
-430
-507
-505
-421
-222
-46
532
931
1230
1243
1043
799
515
250
94
-21
-159
-258
-322
-369
-363
-332
-274
-221
-187
-130
-101
-109
-153
-265
-385
-486
-546
-529
-437
-222
0
553
931
1223
1171
982
735
475
212
148
-39
-198
-303
-349
-387
-371
-326
-299
-269
-205
-153
-131
-137
-186
-298
-431
-517
-577
-554
-460
-219
33
551
917
1178
1179
1012
729
451
227
148
-47
-201
-265
-336
-381
-350
-351
-300
-251
-185
-134
-102
-119
-172
-273
-393
-503
-540
-513
-414
-162
134
627
1003
1231
1175
982
755
451
229
154
-35
-188
-277
-311
-373
-351
-299
-273
-213
-167
-130
-75
-82
-149
-289
-395
-487
-515
-499
-374
-113
134
681
1059
1274
1166
991
723
419
223
127
-35
-173
-250
-349
-369
-332
-300
-264
-198
-140
-111
-109
-134
-218
-295
-399
-514
-556
-502
-364
-78
137
721
1083
1267
1139
931
643
365
169
37
-44
-216
-293
-364
-386
-352
-314
-300
-244
-172
-140
-151
-162
-234
-322
-458
-540
-576
-528
-377
-49
259
754
1091
1199
1140
897
603
338
149
3
-133
-227
-343
-391
-396
-349
-355
-299
-237
-177
-133
-123
-181
-230
-325
-471
-540
-552
-497
-322
-21
391
810
1181
1250
1115
882
611
353
150
14
-44
-220
-307
-362
-347
-354
-350
-268
-204
-141
-143
-107
-117
-220
-316
-457
-525
-545
-471
-264
-53
449
859
1222
1283
1147
881
598
334
165
-12
-39
-207
-295
-348
-351
-314
-268
-239
-204
-174
-118
-110
-171
-239
-409
-459
-530
-539
-449
-248
-23
502
911
1239
1263
1083
827
565
276
123
37
-149
-241
-342
-369
-287
-348
-315
-300
-217
-153
-140
-138
-177
-280
-285
-458
-556
-551
-482
-235
-46
517
891
1227
1235
1041
766
497
258
142
-12
-172
-274
-363
-409
-396
-353
-332
-298
-219
-140
-162
-160
-210
-289
-409
-505
-565
-556
-435
-215
116
574
975
1217
1219
1011
754
475
222
115
-25
-187
-262
-339
-394
-329
-323
-284
-251
-187
-135
-133
-134
-189
-283
-378
-492
-540
-485
-406
-137
170
657
1059
1291
1249
959
771
469
247
143
-33
-170
-251
-290
-334
-330
-332
-247
-204
-162
-110
-109
-139
-171
-275
-409
-473
-507
-477
-348
-30
372
793
1163
1321
1235
967
705
389
203
144
-33
-197
-267
-348
-348
-341
-287
-263
-201
-153
-125
-131
-169
-221
-313
-451
-540
-540
-478
-300
-43
419
822
1210
1257
1091
867
579
244
147
-3
-152
-255
-347
-380
-382
-364
-310
-305
-230
-204
-229
-161
-214
-306
-390
-497
-566
-546
-470
-271
-62
515
907
1195
1199
1011
723
487
242
116
-28
-171
-278
-349
-399
-401
-342
-341
-261
-204
-186
-156
-172
-186
-306
-335
-495
-520
-540
-431
-188
137
611
998
1251
1239
1015
762
500
214
131
-94
-183
-247
-320
-351
-355
-284
-277
-283
-182
-140
-113
-125
-183
-261
-365
-476
-508
-485
-369
-98
141
683
1091
1291
1259
1001
730
449
219
131
-46
-173
-251
-330
-361
-335
-314
-268
-230
-169
-141
-120
-167
-204
-302
-398
-526
-538
-508
-347
-77
163
803
1090
1247
1209
931
643
381
165
37
-35
-221
-317
-411
-393
-343
-353
-313
-259
-204
-162
-143
-173
-236
-339
-492
-556
-567
-446
-342
-34
370
763
1145
1265
1044
867
587
319
131
-22
-146
-238
-311
-383
-371
-363
-334
-297
-220
-203
-162
-156
-123
-257
-345
-461
-535
-524
-463
-221
-37
474
885
1204
1287
1093
855
534
295
123
-13
-137
-240
-315
-354
-359
-321
-282
-257
-211
-59
-135
-113
-213
-246
-349
-460
-528
-510
-428
-186
71
583
991
1235
1263
1026
803
532
274
130
0
-155
-229
-323
-351
-354
-333
-248
-268
-168
-118
-141
-167
-198
-253
-364
-488
-529
-505
-414
-172
115
601
985
1223
1239
1023
756
479
211
171
-31
-172
-284
-339
-396
-375
-341
-293
-247
-199
-173
-149
-165
-209
-289
-427
-493
-546
-529
-411
-158
130
617
979
1239
1140
929
690
419
193
123
-30
-209
-315
-385
-401
-364
-357
-332
-263
-225
-187
-177
-181
-233
-321
-441
-522
-579
-506
-387
-76
147
699
1063
1215
1087
916
643
355
171
34
-41
-223
-323
-361
-358
-354
-331
-285
-248
-195
-156
-151
-171
-220
-322
-410
-529
-539
-494
-317
-29
404
818
1155
1239
1119
875
601
350
155
3
-40
-211
-288
-349
-342
-332
-298
-268
-190
-163
-135
-125
-169
-211
-332
-427
-513
-529
-487
-268
-47
515
894
1203
1269
1071
838
534
293
139
-17
-140
-236
-311
-364
-346
-316
-294
-257
-267
-171
-149
-167
-206
-277
-412
-457
-534
-540
-450
-221
-15
555
894
1187
1187
979
755
467
244
145
-39
-177
-278
-332
-379
-357
-336
-322
-280
-233
-207
-162
-178
-227
-302
-392
-503
-556
-551
-437
-183
117
607
979
1179
1145
974
699
419
218
148
-22
-237
-279
-339
-361
-364
-321
-311
-255
-221
-179
-145
-170
-205
-281
-391
-493
-534
-524
-381
-106
210
698
1076
1239
1125
927
659
383
206
127
-31
-195
-273
-331
-331
-331
-283
-279
-244
-193
-157
-129
-130
-193
-277
-440
-482
-507
-494
-311
-34
383
787
1091
1295
1135
907
635
387
174
115
-26
-203
-266
-332
-349
-306
-286
-289
-234
-192
-140
-143
-178
-188
-326
-428
-502
-524
-491
-288
-28
419
819
1119
1195
1063
810
547
299
129
0
-124
-257
-316
-369
-364
-332
-315
-300
-251
-209
-169
-174
-193
-253
-290
-460
-543
-605
-485
-257
-9
487
853
1139
1123
1059
771
499
270
148
-30
-178
-268
-322
-371
-367
-351
-321
-277
-203
-202
-157
-178
-221
-282
-370
-462
-531
-533
-449
-214
20
571
962
1193
1183
1001
735
483
261
131
-22
-167
-235
-311
-354
-332
-321
-271
-248
-205
-162
-154
-158
-206
-282
-364
-463
-513
-507
-410
-121
135
681
1043
1231
1147
979
662
407
225
127
-14
-172
-251
-321
-331
-337
-307
-268
-231
-174
-151
-154
-162
-223
-297
-381
-466
-496
-479
-355
-61
217
724
1083
1246
1113
923
628
351
187
121
-47
-189
-295
-333
-371
-338
-302
-286
-239
-209
-171
-183
-193
-294
-345
-426
-517
-551
-513
-332
-29
375
778
1091
1195
1067
811
567
310
107
-10
-127
-233
-318
-364
-391
-347
-332
-313
-267
-206
-172
-177
-220
-264
-353
-455
-554
-540
-492
-305
-27
417
818
1123
1187
1047
809
533
318
153
-12
-97
-244
-305
-347
-350
-325
-296
-303
-213
-187
-159
-182
-204
-244
-327
-437
-503
-524
-460
-233
-10
511
915
1147
1191
1067
779
503
292
133
-40
-107
-218
-300
-348
-318
-314
-294
-237
-203
-169
-139
-147
-189
-244
-343
-448
-497
-505
-421
-190
130
587
953
1203
1183
982
737
467
237
158
19
-161
-251
-302
-351
-334
-295
-305
-255
-221
-188
-172
-185
-215
-279
-370
-460
-523
-524
-428
-147
131
595
948
1135
1129
923
689
419
211
129
-31
-199
-259
-358
-386
-371
-334
-314
-268
-236
-203
-197
-227
-250
-318
-411
-475
-556
-537
-407
-136
135
658
997
1173
1087
912
617
351
179
111
-43
-204
-286
-332
-368
-348
-332
-323
-268
-219
-181
-151
-192
-214
-309
-397
-459
-528
-458
-348
-54
347
737
1047
1187
1076
895
598
377
177
113
-47
-204
-261
-329
-332
-329
-315
-318
-236
-141
-157
-145
-172
-236
-298
-385
-460
-489
-470
-287
-30
407
779
1111
1251
1041
883
614
350
151
116
-37
-206
-271
-332
-360
-332
-326
-263
-223
-189
-167
-157
-211
-230
-319
-405
-476
-530
-481
-313
-28
404
789
1111
1222
1055
821
546
304
134
-12
-111
-231
-298
-354
-350
-344
-311
-269
-235
-211
-174
-176
-210
-251
-341
-481
-513
-526
-488
-307
-31
403
795
1083
1163
1011
791
505
281
119
-10
-165
-236
-310
-366
-383
-334
-313
-263
-229
-213
-181
-152
-198
-261
-348
-422
-520
-519
-479
-289
-45
458
831
1146
1145
1026
805
511
282
155
-23
-78
-238
-281
-268
-332
-299
-278
-248
-204
-132
-154
-139
-153
-248
-319
-412
-474
-495
-449
-236
-13
532
889
1155
1219
1031
811
532
295
141
-12
-31
-223
-278
-323
-300
-291
-274
-241
-203
-161
-141
-140
-182
-241
-314
-429
-492
-482
-481
-222
-31
513
874
1145
1163
975
756
496
271
122
-12
-167
-232
-311
-364
-362
-331
-313
-269
-219
-172
-175
-203
-204
-271
-363
-442
-522
-476
-475
-236
-12
550
889
1147
1115
961
713
464
215
137
-27
-157
-269
-332
-375
-366
-344
-326
-271
-235
-169
-179
-186
-224
-296
-390
-442
-529
-519
-432
-217
-5
547
895
1139
1147
975
731
463
227
129
-12
-177
-254
-315
-332
-327
-291
-281
-251
-198
-154
-171
-175
-203
-229
-358
-445
-479
-494
-418
-157
123
620
987
1194
1195
987
705
459
241
135
-44
-146
-251
-300
-332
-312
-293
-284
-237
-189
-156
-155
-161
-188
-255
-331
-431
-477
-475
-374
-123
127
625
986
1174
1127
953
681
419
214
135
-18
-167
-268
-300
-365
-332
-310
-281
-261
-207
-210
-194
-225
-219
-298
-361
-474
-523
-556
-387
-73
138
689
978
1159
1071
859
628
355
158
35
-48
-220
-301
-332
-358
-365
-316
-277
-254
-221
-194
-197
-213
-242
-323
-412
-497
-524
-500
-374
-58
307
725
1035
1173
1019
835
539
325
138
-10
-46
-227
-301
-364
-359
-372
-268
-271
-215
-175
-153
-162
-188
-225
-313
-381
-476
-515
-469
-285
-28
419
806
1108
1175
1033
869
567
303
164
26
-49
-235
-285
-333
-319
-303
-268
-232
-173
-134
-140
-146
-177
-229
-301
-390
-455
-492
-430
-253
-34
497
875
1134
1207
1047
803
537
295
149
-9
-39
-220
-280
-350
-332
-317
-289
-254
-204
-156
-171
-205
-204
-266
-339
-439
-487
-503
-485
-237
-17
531
891
1125
1123
963
747
473
254
159
1
-172
-237
-332
-368
-349
-310
-298
-172
-225
-182
-183
-183
-230
-268
-362
-416
-503
-525
-428
-169
112
570
903
1122
1108
931
675
401
215
129
-47
-204
-269
-354
-363
-352
-325
-295
-239
-210
-171
-169
-174
-218
-294
-381
-437
-572
-497
-425
-133
123
692
975
1173
1111
931
693
390
197
123
-27
-172
-251
-337
-342
-319
-297
-264
-209
-173
-171
-156
-169
-204
-269
-364
-453
-489
-476
-310
-61
313
742
1043
1195
1114
905
630
398
192
125
-30
-204
-262
-326
-315
-314
-273
-251
-206
-179
-157
-178
-165
-260
-288
-389
-473
-497
-449
-349
-15
404
785
1079
1179
1027
831
563
326
145
35
-33
-211
-307
-341
-368
-332
-300
-247
-235
-179
-165
-189
-197
-255
-342
-444
-511
-521
-462
-270
-39
462
871
1093
1122
931
725
486
246
139
-19
-153
-238
-327
-371
-365
-322
-331
-274
-218
-204
-193
-201
-250
-307
-359
-459
-511
-524
-433
-226
87
542
907
1153
1113
954
727
459
237
127
-12
-165
-251
-321
-348
-333
-316
-296
-236
-198
-183
-173
-186
-220
-271
-375
-459
-514
-491
-381
-93
133
660
1039
1187
1091
930
682
403
218
125
-30
-185
-204
-310
-266
-251
-277
-236
-203
-155
-181
-179
-198
-236
-289
-395
-450
-503
-456
-317
-33
373
788
1071
1175
1059
870
585
342
181
73
-29
-207
-268
-333
-342
-323
-293
-253
-244
-225
-207
-204
-231
-267
-353
-426
-488
-521
-446
-244
-12
459
857
1107
1167
982
767
482
263
138
3
-191
-265
-331
-382
-371
-333
-309
-290
-236
-228
-187
-231
-265
-315
-377
-462
-556
-524
-428
-171
151
602
931
1123
1107
916
665
410
206
127
-37
-187
-268
-325
-364
-322
-305
-273
-236
-204
-187
-198
-205
-239
-289
-395
-475
-486
-481
-363
-44
276
721
1063
1203
1107
879
615
371
182
149
-37
-187
-235
-342
-345
-310
-295
-282
-221
-204
-183
-209
-206
-241
-302
-385
-460
-492
-457
-268
-28
499
867
1147
1201
1055
831
564
314
148
20
-30
-213
-294
-345
-370
-297
-300
-255
-222
-177
-190
-198
-229
-267
-364
-433
-492
-523
-411
-179
120
585
982
1169
1135
975
710
457
234
147
-29
-173
-258
-334
-378
-358
-333
-305
-244
-219
-217
-216
-226
-274
-317
-411
-485
-539
-510
-387
-108
145
675
1019
1206
1077
871
630
379
155
113
-34
-215
-278
-362
-373
-357
-333
-283
-263
-229
-204
-216
-231
-265
-348
-424
-493
-524
-495
-246
-22
419
801
1113
1187
1106
867
579
315
160
20
-41
-202
-321
-355
-332
-306
-283
-281
-237
-214
-197
-195
-210
-271
-349
-430
-460
-486
-415
-186
125
578
955
1195
1235
1059
777
514
307
139
-10
-15
-213
-287
-332
-325
-302
-271
-213
-198
-199
-204
-203
-225
-298
-359
-424
-492
-489
-360
-79
155
667
1023
1207
1143
931
687
417
217
125
-14
-181
-268
-348
-364
-343
-325
-300
-265
-216
-223
-219
-237
-257
-332
-437
-488
-524
-511
-348
-61
337
735
1094
1171
1139
875
602
353
163
20
-43
-206
-297
-354
-356
-363
-335
-293
-300
-188
-243
-235
-263
-294
-351
-428
-495
-522
-450
-263
-29
459
807
1119
1170
1017
807
534
294
131
-10
-58
-236
-329
-366
-355
-319
-319
-271
-177
-108
-175
-213
-206
-259
-349
-430
-486
-497
-425
-193
143
587
931
1201
1171
1045
777
500
266
129
3
-69
-243
-302
-345
-323
-299
-282
-229
-205
-182
-207
-189
-235
-263
-364
-471
-458
-462
-370
-108
135
623
1118
1207
1161
992
719
419
243
143
-12
-161
-273
-345
-368
-329
-307
-277
-255
-234
-219
-221
-226
-253
-316
-411
-477
-537
-476
-339
-28
367
758
1081
1167
1099
814
593
333
121
0
-65
-230
-295
-351
-373
-351
-317
-277
-257
-269
-235
-236
-251
-302
-373
-451
-524
-537
-451
-261
-43
515
853
1123
1155
1043
771
500
261
123
-10
-172
-251
-331
-387
-364
-338
-294
-281
-243
-230
-220
-235
-273
-299
-380
-451
-492
-485
-421
-214
111
599
916
1159
1187
907
723
468
246
127
-54
-157
-267
-348
-338
-332
-270
-274
-221
-218
-137
-191
-207
-223
-279
-391
-440
-478
-457
-318
-44
353
755
1091
1238
1135
931
660
407
225
131
-18
-169
-263
-331
-349
-332
-265
-303
-221
-223
-177
-239
-162
-299
-364
-427
-465
-500
-457
-251
-29
511
859
1147
1161
1035
803
539
299
146
-10
-97
-220
-302
-359
-370
-349
-299
-281
-278
-236
-190
-250
-260
-321
-402
-460
-519
-514
-412
-156
87
607
923
1121
1099
955
679
402
212
141
-29
-223
-280
-354
-332
-365
-348
-317
-263
-251
-238
-236
-240
-282
-321
-413
-477
-474
-503
-225
19
395
781
1077
1195
1083
831
601
354
170
75
-31
-189
-289
-337
-354
-332
-303
-238
-234
-204
-194
-261
-216
-277
-337
-412
-478
-479
-417
-157
121
611
963
1179
1171
1027
750
467
240
183
-26
-74
-219
-326
-342
-301
-321
-294
-243
-205
-174
-174
-221
-246
-297
-367
-460
-492
-462
-332
-39
304
731
1031
1211
1109
902
631
358
186
127
-46
-205
-297
-361
-365
-353
-327
-291
-253
-221
-209
-218
-238
-353
-334
-482
-455
-521
-441
-293
-28
486
854
1106
1123
1012
770
515
259
133
-23
-172
-250
-363
-374
-373
-335
-257
-300
-300
-213
-219
-265
-273
-321
-387
-485
-518
-517
-396
-77
133
666
975
1163
1099
901
667
419
207
125
-18
-170
-268
-317
-350
-349
-330
-285
-236
-215
-204
-207
-241
-253
-310
-419
-405
-515
-446
-316
-82
413
770
1110
1187
1071
859
597
346
169
91
-44
-187
-277
-329
-328
-301
-281
-255
-233
-187
-174
-198
-226
-260
-357
-427
-476
-473
-413
-149
127
619
921
1171
1197
979
723
488
259
148
25
-159
-266
-310
-365
-349
-329
-306
-251
-237
-204
-216
-223
-253
-332
-415
-471
-525
-508
-357
-44
247
723
1003
1161
1095
889
615
343
148
129
-40
-207
-240
-359
-373
-365
-334
-310
-273
-251
-230
-223
-238
-321
-369
-457
-517
-538
-470
-236
-19
535
884
1131
1147
995
747
454
269
114
-17
-173
-199
-393
-382
-364
-349
-315
-266
-239
-209
-222
-235
-263
-306
-377
-444
-503
-494
-389
-77
147
785
987
1187
1135
916
673
409
226
155
-33
-183
-236
-326
-349
-322
-306
-221
-238
-246
-177
-145
-151
-179
-315
-379
-460
-493
-419
-236
-44
491
879
1171
1205
1051
851
574
314
169
37
-21
-207
-289
-365
-349
-314
-301
-261
-214
-174
-175
-204
-235
-280
-349
-459
-508
-495
-364
-125
125
564
931
1159
1123
978
715
419
228
163
-18
-173
-251
-339
-353
-340
-332
-301
-300
-250
-255
-224
-231
-267
-347
-410
-492
-518
-476
-329
-38
403
783
1038
1123
1023
834
555
307
116
-11
-40
-213
-335
-343
-373
-358
-343
-338
-255
-233
-229
-236
-255
-284
-373
-443
-489
-514
-412
-187
101
607
978
1139
1159
979
725
475
257
139
-21
-165
-248
-321
-369
-364
-325
-284
-255
-204
-202
-204
-222
-235
-294
-390
-462
-491
-448
-325
-46
362
759
1105
1215
1155
931
679
474
211
139
-45
-181
-258
-296
-337
-322
-291
-278
-221
-204
-178
-173
-221
-279
-313
-414
-469
-478
-430
-239
-37
532
885
1114
1147
995
787
503
281
155
-6
-105
-227
-339
-344
-349
-322
-349
-268
-253
-240
-229
-238
-271
-317
-377
-473
-524
-485
-391
-110
135
670
985
1171
1204
902
679
393
169
146
-30
-211
-273
-352
-369
-364
-327
-298
-300
-270
-259
-235
-275
-285
-350
-438
-507
-516
-489
-285
-45
454
820
1083
1159
1004
783
549
277
169
-10
-41
-235
-332
-338
-358
-332
-300
-281
-278
-218
-237
-230
-257
-300
-352
-449
-471
-487
-369
-127
125
655
963
1175
1143
931
692
450
248
139
-26
-146
-242
-331
-348
-345
-300
-290
-242
-210
-205
-213
-221
-248
-311
-398
-447
-479
-441
-268
-27
419
823
1169
1231
1051
863
600
340
167
101
-41
-188
-320
-332
-335
-333
-306
-278
-236
-219
-226
-233
-247
-296
-360
-470
-510
-500
-412
-171
179
579
931
1150
1123
963
719
419
238
130
0
-175
-285
-345
-374
-373
-323
-320
-281
-257
-262
-226
-248
-284
-319
-402
-503
-544
-487
-349
-93
270
707
997
1141
1051
874
594
337
165
56
-33
-204
-289
-346
-357
-307
-310
-300
-265
-236
-222
-220
-231
-290
-387
-417
-489
-506
-417
-197
-1
531
913
1123
1155
963
790
500
289
131
-13
-34
-206
-318
-349
-334
-300
-301
-263
-244
-211
-207
-221
-251
-290
-369
-443
-493
-479
-346
-62
153
697
986
1187
1140
963
675
419
235
137
-22
-141
-236
-317
-316
-303
-290
-282
-213
-225
-207
-189
-214
-268
-333
-417
-525
-508
-455
-267
-29
419
819
1099
1195
1059
823
538
315
166
-14
-47
-220
-286
-339
-316
-335
-316
-284
-268
-236
-255
-230
-273
-304
-374
-457
-497
-465
-397
-145
146
618
969
1114
1098
955
678
419
213
137
-43
-172
-257
-353
-364
-371
-341
-309
-259
-262
-258
-248
-243
-301
-333
-428
-473
-529
-475
-300
-27
419
810
1105
1195
1059
867
619
326
157
47
-43
-204
-285
-345
-375
-333
-289
-289
-244
-219
-201
-204
-231
-306
-347
-422
-471
-477
-403
-137
141
595
953
1205
1203
1011
758
503
276
147
51
-57
-210
-293
-314
-310
-290
-265
-254
-216
-210
-190
-202
-236
-282
-365
-448
-482
-461
-327
-43
345
743
1083
1205
1105
911
633
385
190
135
-28
-190
-244
-332
-346
-337
-300
-242
-273
-237
-241
-229
-250
-288
-343
-428
-515
-500
-460
-236
-39
527
852
1135
1167
1017
788
518
277
138
-13
-140
-239
-317
-362
-370
-332
-336
-287
-253
-257
-244
-241
-268
-334
-425
-475
-524
-527
-450
-131
139
643
979
1179
1110
969
683
419
228
133
-28
-177
-187
-335
-357
-327
-309
-281
-301
-264
-229
-210
-237
-272
-318
-386
-458
-489
-418
-291
-41
415
818
1081
1185
1079
849
615
360
179
127
-25
-173
-275
-279
-327
-310
-285
-265
-223
-203
-203
-182
-224
-261
-338
-411
-460
-477
-396
-165
117
569
978
1199
1191
1045
790
506
291
134
3
-96
-231
-310
-349
-336
-298
-210
-260
-236
-197
-199
-223
-268
-309
-396
-460
-530
-492
-353
-97
143
681
1031
1173
1108
915
647
383
193
141
-38
-185
-254
-349
-375
-347
-345
-310
-274
-236
-248
-231
-263
-287
-362
-438
-510
-518
-458
-289
-25
479
822
1075
1111
998
787
529
295
122
-28
-124
-241
-295
-365
-340
-339
-322
-287
-237
-207
-217
-220
-247
-303
-377
-447
-517
-529
-407
-161
147
629
948
1201
1139
979
718
419
247
147
-27
-127
-239
-313
-335
-329
-302
-281
-237
-207
-178
-206
-210
-273
-294
-394
-475
-494
-430
-279
-31
419
811
1147
1243
1115
871
627
355
151
146
-15
-157
-241
-318
-325
-317
-280
-255
-215
-181
-187
-194
-220
-259
-338
-421
-475
-489
-408
-165
130
596
906
1166
1175
1003
742
475
253
142
-15
-129
-231
-325
-263
-326
-331
-298
-243
-237
-219
-197
-236
-271
-318
-407
-463
-514
-524
-326
-38
341
723
1045
1155
1074
867
597
325
148
27
-45
-229
-327
-351
-364
-384
-330
-284
-270
-237
-204
-221
-242
-294
-348
-465
-503
-451
-449
-236
-11
500
852
1127
1163
1035
791
495
281
207
-12
-117
-222
-299
-332
-332
-305
-297
-259
-221
-187
-183
-197
-215
-295
-285
-431
-492
-482
-364
-59
247
693
995
1155
1107
917
649
387
215
139
-50
-156
-237
-300
-313
-298
-274
-230
-207
-173
-171
-161
-185
-233
-309
-400
-475
-491
-410
-206
-33
500
853
1129
1195
1012
787
539
289
146
-5
-31
-236
-298
-339
-332
-302
-271
-263
-207
-189
-177
-205
-218
-281
-373
-447
-500
-505
-383
-138
137
627
931
1109
1075
879
623
419
197
133
-37
-197
-282
-345
-357
-365
-309
-283
-246
-215
-201
-179
-214
-263
-347
-425
-493
-538
-494
-310
-40
398
770
1017
1083
961
807
538
293
143
-12
-37
-209
-334
-346
-338
-325
-299
-237
-217
-193
-172
-161
-236
-277
-343
-441
-483
-491
-399
-161
115
586
907
1087
1105
957
681
419
228
158
-15
-162
-209
-287
-325
-303
-284
-260
-230
-178
-177
-149
-213
-205
-247
-337
-433
-475
-433
-283
-33
391
767
1041
1155
1059
867
590
353
186
121
-50
-174
-254
-307
-310
-285
-269
-247
-201
-187
-163
-161
-191
-241
-320
-412
-492
-497
-421
-197
121
549
866
1104
1083
949
725
451
242
149
-10
-158
-238
-301
-346
-329
-321
-280
-257
-227
-173
-178
-215
-203
-300
-396
-466
-529
-492
-386
-69
149
683
949
1069
970
831
614
339
163
67
-28
-214
-251
-332
-359
-330
-300
-248
-220
-204
-197
-177
-215
-241
-330
-412
-465
-505
-391
-244
-43
456
827
1066
1075
954
737
494
271
138
-17
-34
-203
-290
-316
-300
-284
-242
-236
-193
-170
-158
-160
-199
-259
-354
-441
-485
-461
-351
-65
150
745
987
1108
1067
881
639
383
214
116
-12
-138
-226
-286
-323
-284
-268
-222
-195
-172
-140
-140
-157
-281
-313
-365
-446
-467
-449
-251
-42
475
803
1007
1075
970
763
507
292
127
-21
-42
-229
-286
-332
-332
-305
-279
-234
-125
-172
-158
-181
-213
-272
-357
-440
-514
-514
-406
-157
139
595
855
1043
1119
843
615
372
181
153
-61
-183
-273
-317
-357
-321
-293
-267
-240
-204
-187
-145
-189
-257
-305
-402
-482
-524
-489
-290
-57
355
715
953
1019
955
751
539
299
155
30
-43
-202
-254
-300
-301
-291
-267
-237
-186
-159
-143
-150
-172
-237
-316
-400
-483
-480
-441
-109
46
521
851
1059
1073
916
737
457
241
135
3
-31
-193
-293
-309
-263
-272
-227
-199
-173
-150
-112
-135
-191
-244
-328
-426
-478
-460
-325
-66
129
651
927
1121
979
814
611
372
179
135
-31
-169
-250
-305
-307
-283
-238
-228
-177
-173
-145
-150
-186
-220
-316
-412
-473
-519
-413
-265
-13
419
791
986
982
879
710
419
239
148
-23
-117
-237
-299
-325
-333
-331
-278
-225
-181
-121
-181
-187
-221
-291
-364
-459
-508
-508
-401
-143
149
571
859
1029
959
803
587
343
179
116
-33
-174
-257
-302
-337
-273
-277
-266
-194
-163
-148
-135
-156
-215
-300
-336
-463
-507
-455
-267
-33
406
755
981
1042
920
755
468
294
148
35
-43
-177
-254
-300
-299
-270
-261
-191
-161
-138
-131
-137
-189
-221
-297
-407
-472
-482
-384
-140
135
595
883
1042
1017
867
659
414
233
148
-5
-99
-209
-286
-293
-274
-263
-231
-166
-146
-123
-117
-141
-204
-271
-361
-453
-493
-464
-317
-78
308
675
923
1009
927
763
529
307
157
49
-33
-184
-269
-309
-305
-293
-275
-235
-210
-159
-159
-146
-182
-237
-333
-417
-497
-523
-439
-248
-31
455
742
931
967
807
682
419
239
115
-27
-140
-236
-299
-330
-315
-284
-237
-221
-195
-155
-139
-157
-201
-280
-369
-458
-508
-503
-371
-97
141
579
885
1007
948
817
595
359
191
148
-26
-158
-253
-286
-317
-284
-267
-236
-197
-137
-107
-117
-117
-201
-273
-380
-453
-487
-434
-253
-44
419
745
1010
1051
925
737
519
301
159
143
-49
-169
-262
-281
-284
-254
-236
-140
-155
-79
-117
-114
-166
-226
-333
-412
-463
-489
-396
-151
103
513
831
1027
985
875
661
375
224
131
-12
-151
-229
-283
-321
-305
-266
-233
-207
-157
-125
-129
-156
-248
-285
-395
-476
-508
-491
-348
-11
267
660
906
974
887
749
469
299
151
19
-47
-194
-274
-342
-330
-295
-277
-269
-213
-172
-154
-167
-155
-258
-326
-426
-493
-500
-457
-236
-37
459
758
927
974
865
683
419
197
127
-10
-50
-225
-290
-322
-282
-282
-248
-212
-166
-145
-123
-145
-214
-278
-343
-441
-477
-471
-345
-62
147
619
907
1022
998
787
591
387
223
141
14
-153
-235
-283
-300
-264
-255
-209
-186
-138
-108
-97
-150
-219
-279
-334
-454
-474
-419
-254
-31
443
759
981
1031
899
754
499
309
157
81
-58
-193
-263
-310
-300
-281
-251
-226
-169
-141
-141
-151
-195
-251
-361
-426
-458
-493
-365
-156
121
523
801
991
979
839
643
405
203
117
-6
-153
-251
-304
-337
-311
-283
-266
-221
-202
-177
-179
-189
-243
-313
-412
-479
-533
-524
-351
-50
155
629
931
1011
915
779
529
278
149
131
-41
-173
-268
-321
-333
-319
-284
-262
-202
-172
-162
-135
-177
-268
-315
-412
-476
-500
-414
-197
-12
491
819
1007
1039
911
703
457
263
127
0
-37
-207
-282
-299
-319
-284
-232
-199
-157
-155
-115
-155
-156
-264
-360
-434
-461
-458
-332
-62
183
647
907
1035
985
833
611
398
196
119
-14
-135
-237
-296
-307
-290
-253
-236
-212
-127
-113
-156
-218
-229
-310
-409
-467
-486
-443
-268
-41
419
756
990
1039
897
746
489
298
150
6
-18
-238
-277
-251
-314
-305
-272
-202
-217
-165
-178
-191
-223
-283
-364
-429
-500
-502
-423
-184
130
533
827
1013
979
839
627
379
197
115
-26
-153
-259
-322
-330
-321
-308
-283
-221
-203
-173
-165
-179
-226
-296
-401
-488
-508
-466
-342
-55
275
672
931
1043
963
793
578
325
199
147
-58
-174
-237
-316
-291
-296
-240
-238
-200
-159
-62
-156
-185
-254
-322
-400
-455
-476
-412
-204
10
500
818
1033
1041
903
697
496
267
154
10
-55
-198
-284
-300
-295
-269
-244
-189
-155
-133
-143
-157
-189
-268
-363
-427
-494
-457
-332
-78
145
659
911
1051
981
847
607
362
226
116
-37
-146
-265
-296
-328
-290
-266
-251
-201
-172
-135
-157
-185
-259
-332
-416
-495
-510
-457
-255
-40
419
756
1003
1043
911
739
474
267
151
-5
-33
-231
-285
-345
-350
-327
-286
-263
-221
-185
-168
-187
-218
-282
-365
-457
-524
-510
-413
-158
119
547
851
1058
1011
847
603
386
210
131
-5
-151
-231
-301
-332
-301
-297
-255
-202
-176
-157
-155
-169
-237
-288
-380
-466
-497
-460
-286
-23
362
715
987
1071
994
818
554
330
191
139
-21
-181
-230
-306
-291
-300
-279
-214
-167
-158
-112
-134
-171
-254
-305
-402
-474
-464
-395
-185
116
483
820
1067
1032
899
690
502
274
143
-1
-33
-224
-271
-311
-277
-287
-214
-229
-163
-141
-53
-167
-220
-267
-373
-466
-491
-486
-359
-73
147
598
931
1047
986
806
623
353
180
139
-36
-194
-236
-316
-338
-332
-293
-265
-235
-174
-177
-171
-199
-248
-345
-431
-508
-526
-483
-284
-34
403
724
959
1019
906
726
489
257
147
19
-12
-234
-286
-350
-332
-302
-288
-242
-207
-175
-151
-182
-191
-257
-354
-452
-496
-481
-397
-140
127
571
883
1019
1023
883
638
406
226
137
-17
-117
-220
-289
-325
-312
-274
-254
-190
-156
-143
-113
-149
-204
-295
-361
-451
-481
-429
-294
-59
350
691
991
1111
978
843
577
346
211
127
-13
-130
-236
-326
-287
-282
-247
-247
-177
-166
-157
-149
-173
-234
-294
-411
-441
-492
-443
-243
-37
449
775
992
1045
915
724
507
277
146
0
-38
-211
-281
-313
-311
-300
-285
-236
-202
-172
-141
-172
-225
-296
-365
-462
-521
-502
-407
-172
127
497
811
1003
981
834
631
403
212
123
-24
-155
-246
-331
-325
-331
-293
-283
-236
-198
-170
-155
-185
-230
-328
-378
-461
-510
-482
-345
-63
127
649
917
1055
961
803
561
355
195
147
-15
-172
-241
-302
-302
-291
-283
-236
-192
-171
-142
-151
-173
-236
-315
-412
-467
-477
-432
-253
-35
457
762
1033
1035
915
743
546
301
185
114
-31
-183
-244
-295
-297
-268
-241
-209
-167
-139
-113
-153
-193
-255
-347
-426
-479
-476
-366
-113
145
596
879
1055
979
842
647
401
219
145
-23
-189
-236
-295
-341
-310
-283
-263
-214
-182
-151
-155
-192
-235
-300
-408
-466
-523
-474
-312
-31
371
707
916
1043
889
763
533
305
157
37
-28
-209
-280
-333
-348
-317
-270
-248
-214
-172
-143
-203
-220
-278
-357
-453
-507
-519
-427
-205
83
510
849
1013
1006
867
675
411
231
127
-31
-143
-239
-296
-325
-320
-288
-281
-236
-186
-171
-158
-172
-242
-300
-391
-458
-497
-467
-307
-41
307
689
979
1078
971
801
587
367
207
130
-12
-158
-230
-284
-310
-284
-253
-218
-172
-140
-130
-151
-181
-230
-332
-431
-473
-473
-412
-177
116
533
857
1075
1059
907
719
483
276
135
20
-46
-213
-270
-313
-303
-269
-262
-220
-171
-151
-141
-187
-222
-294
-398
-474
-495
-464
-332
-47
215
693
949
1039
979
795
563
346
161
134
5
-189
-268
-311
-343
-316
-293
-267
-214
-198
-161
-188
-194
-286
-364
-459
-515
-508
-447
-229
-18
491
765
1009
1019
887
689
465
248
139
-31
-140
-237
-294
-346
-337
-293
-279
-221
-203
-162
-166
-183
-253
-284
-398
-493
-523
-483
-347
-45
151
645
919
1051
981
839
614
373
198
138
-44
-162
-246
-309
-293
-309
-269
-243
-190
-152
-137
-169
-204
-247
-321
-400
-477
-476
-414
-204
5
495
839
1047
1062
955
750
499
287
164
22
-39
-202
-263
-284
-300
-268
-242
-201
-178
-161
-150
-163
-229
-290
-376
-452
-521
-466
-353
-58
158
655
961
1059
974
843
623
363
197
135
-30
-201
-251
-321
-329
-297
-281
-255
-211
-178
-175
-172
-139
-266
-359
-449
-493
-523
-450
-257
-37
419
756
995
1027
899
707
486
263
149
-10
-97
-233
-287
-361
-337
-325
-285
-268
-205
-177
-177
-213
-259
-309
-401
-476
-537
-489
-386
-114
143
613
895
1047
1001
825
615
387
201
143
-23
-162
-236
-283
-323
-283
-298
-267
-202
-172
-140
-172
-213
-260
-345
-432
-494
-511
-445
-244
-39
489
815
1049
1073
953
755
519
308
195
107
-34
-186
-268
-318
-317
-262
-236
-229
-193
-141
-140
-172
-206
-275
-386
-449
-424
-460
-355
-73
149
656
950
1083
1051
887
655
403
223
133
-25
-139
-247
-311
-332
-313
-289
-263
-229
-189
-204
-193
-204
-268
-349
-432
-505
-523
-404
-255
-40
454
775
1011
1044
931
730
481
255
131
14
-40
-222
-296
-332
-332
-316
-302
-236
-205
-213
-199
-189
-236
-318
-398
-483
-540
-494
-396
-135
148
571
897
1033
981
835
614
379
209
129
-25
-187
-247
-329
-333
-313
-294
-282
-215
-194
-172
-172
-214
-275
-353
-446
-494
-521
-463
-254
-26
419
808
1063
1087
962
803
537
298
166
113
-14
-183
-275
-323
-311
-289
-265
-218
-157
-158
-156
-182
-211
-269
-362
-435
-497
-475
-365
-108
138
623
985
1072
1045
899
687
419
251
116
-29
-97
-239
-300
-315
-312
-284
-251
-206
-185
-145
-175
-248
-248
-319
-423
-503
-522
-463
-295
-44
402
751
1027
1029
931
757
522
296
154
48
-47
-236
-278
-332
-347
-315
-303
-255
-219
-189
-191
-193
-235
-305
-428
-494
-551
-526
-417
-161
117
573
857
1019
1017
891
643
404
218
146
-21
-171
-254
-326
-359
-346
-316
-277
-240
-198
-166
-197
-200
-293
-370
-417
-508
-518
-458
-271
-46
419
783
1071
1107
955
795
543
343
170
119
-22
-191
-253
-309
-303
-300
-277
-236
-188
-150
-140
-173
-209
-288
-397
-454
-502
-473
-362
-78
99
647
971
1155
1089
916
683
419
255
147
3
-33
-247
-278
-300
-282
-257
-214
-188
-170
-113
-153
-172
-244
-336
-427
-493
-492
-428
-236
-29
479
806
1053
1111
954
775
543
303
195
39
-44
-207
-290
-332
-355
-326
-289
-266
-223
-189
-186
-214
-257
-325
-406
-492
-537
-506
-397
-121
147
599
931
1077
969
835
617
371
194
131
-31
-193
-254
-349
-363
-355
-300
-285
-262
-191
-207
-203
-267
-295
-387
-462
-534
-540
-475
-251
-41
443
779
1017
1057
915
759
485
276
146
15
-67
-222
-275
-321
-346
-326
-309
-231
-184
-185
-172
-187
-236
-311
-377
-474
-524
-451
-345
-76
127
645
967
1113
1059
905
647
390
212
141
-14
-138
-232
-300
-303
-277
-267
-235
-186
-156
-140
-161
-172
-253
-341
-428
-465
-500
-415
-191
99
531
854
1071
1083
931
723
479
281
159
52
-43
-219
-286
-306
-305
-289
-279
-250
-205
-146
-168
-187
-244
-335
-417
-476
-517
-493
-355
-46
164
667
929
1083
1001
825
607
351
175
137
-44
-219
-268
-341
-345
-311
-310
-272
-234
-182
-191
-189
-229
-267
-411
-495
-533
-514
-462
-240
-25
484
820
1019
1039
915
675
404
271
131
-22
-121
-246
-349
-322
-331
-297
-277
-234
-194
-175
-185
-205
-265
-325
-385
-480
-503
-476
-326
-59
210
643
959
1114
1011
895
627
376
211
129
-13
-193
-243
-313
-341
-295
-265
-237
-207
-155
-143
-161
-191
-275
-350
-427
-482
-492
-411
-203
91
526
839
1107
1098
931
757
499
290
148
19
-24
-202
-257
-298
-300
-287
-251
-224
-194
-154
-153
-186
-227
-331
-413
-465
-510
-460
-300
-43
276
661
969
1108
1033
843
599
352
195
145
-41
-190
-257
-323
-333
-325
-297
-261
-204
-202
-182
-217
-223
-295
-391
-473
-523
-524
-455
-219
-27
471
824
1013
1043
870
675
419
243
152
-33
-169
-261
-321
-350
-342
-318
-275
-255
-194
-189
-201
-222
-277
-341
-419
-491
-540
-487
-357
-43
145
663
979
1057
951
819
614
355
180
139
-26
-187
-251
-304
-323
-293
-268
-248
-213
-153
-125
-172
-204
-273
-364
-442
-500
-500
-413
-198
-9
530
811
1059
1111
987
759
503
311
153
30
7
-197
-265
-310
-299
-274
-251
-210
-153
-140
-138
-163
-214
-309
-399
-469
-506
-473
-334
-77
131
665
979
1107
1044
849
657
399
205
121
-21
-172
-258
-305
-320
-302
-298
-268
-215
-173
-170
-169
-217
-287
-364
-459
-508
-519
-450
-281
-29
469
755
1009
1063
916
727
487
273
133
0
-26
-218
-300
-341
-332
-307
-281
-268
-253
-209
-131
-204
-265
-342
-417
-495
-543
-527
-395
-136
130
579
875
1061
1015
871
629
390
218
146
-17
-170
-234
-303
-332
-321
-284
-243
-222
-189
-165
-147
-218
-258
-354
-431
-474
-497
-458
-311
-45
394
741
1019
1077
975
795
581
331
174
119
-27
-161
-253
-286
-311
-301
-268
-221
-185
-141
-135
-158
-213
-266
-365
-431
-486
-489
-396
-170
121
551
885
1108
1087
930
713
468
266
135
15
-44
-225
-278
-290
-298
-270
-257
-204
-185
-169
-158
-183
-270
-322
-407
-487
-524
-503
-348
-71
145
658
947
1063
995
841
599
359
203
130
-51
-178
-265
-321
-337
-308
-297
-248
-173
-194
-172
-181
-234
-303
-382
-466
-524
-522
-495
-282
-39
406
751
1009
1051
947
747
506
273
150
50
-37
-173
-284
-330
-321
-299
-281
-242
-210
-209
-169
-190
-229
-314
-396
-489
-514
-489
-394
-166
143
600
890
1081
1046
873
697
419
227
138
-13
-130
-226
-282
-315
-287
-266
-242
-190
-159
-165
-162
-187
-244
-332
-427
-497
-489
-451
-316
-27
345
719
1019
1135
1011
856
611
370
169
118
-12
-150
-222
-299
-337
-278
-253
-221
-181
-153
-140
-178
-221
-289
-354
-428
-511
-492
-442
-220
-24
479
790
1035
1027
948
763
495
262
150
21
-45
-209
-281
-311
-316
-322
-279
-247
-200
-183
-184
-220
-268
-334
-411
-497
-546
-497
-389
-127
141
585
873
1079
987
858
631
374
207
129
-33
-171
-236
-318
-342
-323
-300
-221
-241
-193
-191
-220
-236
-295
-374
-497
-518
-538
-474
-321
-26
369
709
998
1099
975
791
551
339
162
119
-30
-179
-257
-306
-331
-323
-270
-235
-193
-161
-172
-172
-227
-272
-339
-476
-500
-489
-419
-190
110
519
847
1091
1115
931
747
503
289
149
18
-45
-174
-251
-299
-281
-268
-250
-221
-165
-141
-154
-175
-231
-287
-396
-487
-508
-459
-334
-75
138
643
961
1106
1058
867
657
409
217
133
-23
-150
-226
-307
-332
-314
-273
-237
-219
-177
-157
-172
-229
-287
-365
-457
-506
-524
-471
-301
-41
347
723
981
1075
948
788
561
311
170
54
-38
-188
-307
-319
-362
-307
-300
-270
-217
-204
-212
-219
-268
-331
-414
-479
-551
-524
-444
-235
-22
470
819
1047
1055
913
708
483
261
132
9
-49
-204
-301
-319
-331
-300
-255
-231
-161
-182
-168
-204
-258
-329
-429
-510
-524
-460
-361
-122
138
591
916
1051
1065
899
683
419
223
147
6
-97
-218
-262
-300
-283
-253
-257
-182
-161
-150
-175
-204
-247
-332
-412
-485
-482
-453
-282
-43
400
729
1045
1135
1009
851
595
357
194
143
-28
-162
-233
-279
-309
-289
-248
-234
-188
-169
-153
-165
-211
-290
-381
-470
-502
-486
-428
-234
-18
467
801
1043
1069
915
731
487
283
139
-15
-18
-209
-286
-328
-331
-301
-282
-238
-229
-187
-172
-207
-263
-350
-433
-500
-524
-511
-406
-157
139
559
898
1051
1015
847
651
387
200
151
-21
-162
-238
-303
-354
-332
-297
-269
-242
-203
-174
-185
-223
-302
-352
-450
-513
-567
-487
-320
-44
311
705
967
1095
1025
815
595
356
193
137
-30
-156
-206
-289
-311
-300
-261
-236
-181
-153
-138
-176
-236
-268
-367
-451
-506
-503
-364
-229
-25
487
819
1041
1107
951
767
543
322
146
117
-37
-173
-251
-290
-288
-268
-247
-217
-174
-141
-155
-183
-239
-300
-372
-473
-481
-489
-399
-163
116
559
882
1059
1059
899
691
447
248
133
-12
-73
-222
-285
-300
-333
-271
-266
-234
-165
-169
-186
-222
-253
-330
-443
-515
-537
-486
-386
-104
157
628
899
1075
963
851
613
372
187
138
-35
-197
-262
-325
-341
-332
-310
-271
-262
-217
-165
-210
-236
-293
-356
-453
-522
-539
-409
-303
-44
389
715
987
1119
963
802
537
339
165
131
-33
-203
-257
-306
-318
-303
-277
-233
-202
-157
-175
-183
-214
-298
-370
-461
-499
-507
-427
-194
55
523
821
1103
1082
931
725
519
303
147
74
-14
-194
-242
-302
-300
-262
-258
-221
-187
-140
-140
-173
-236
-300
-399
-461
-491
-467
-356
-76
137
642
931
1106
1062
895
691
419
225
145
-7
-134
-204
-296
-307
-316
-277
-263
-200
-185
-172
-193
-241
-298
-361
-450
-508
-514
-460
-307
-38
281
613
878
998
948
803
577
355
179
116
-45
-203
-271
-327
-341
-332
-305
-263
-236
-189
-181
-203
-251
-305
-405
-459
-549
-563
-492
-298
-44
350
693
981
1012
919
761
500
303
173
135
-27
-184
-239
-300
-309
-300
-291
-247
-191
-173
-172
-209
-237
-332
-422
-506
-540
-538
-447
-219
-15
510
825
1103
1051
926
739
511
315
191
191
-23
-147
-234
-281
-300
-261
-248
-237
-183
-165
-172
-229
-246
-339
-433
-496
-545
-513
-380
-101
131
643
951
1114
1051
931
714
503
315
186
131
6
-184
-273
-300
-299
-301
-248
-233
-220
-179
-208
-246
-247
-396
-522
-626
-666
-605
-413
-75
274
743
1046
1140
1114
931
694
491
321
159
39
-19
-240
-315
-343
-343
-379
-326
-267
-236
-229
-221
-275
-353
-467
-570
-641
-651
-563
-329
-9
487
986
1201
1283
1173
992
671
390
209
106
-39
-268
-367
-411
-412
-389
-352
-299
-225
-205
-221
-193
-283
-381
-489
-605
-668
-620
-515
-246
129
671
1090
1431
1419
1259
878
567
331
175
-9
-190
-278
-371
-396
-371
-342
-310
-251
-182
-172
-161
-222
-294
-379
-531
-610
-605
-605
-413
-44
342
820
1237
1443
1403
1162
821
515
285
163
-33
-199
-305
-354
-387
-348
-329
-289
-209
-194
-172
-189
-218
-315
-431
-534
-622
-623
-537
-323
-29
487
903
1309
1407
1285
1023
693
499
201
115
-44
-262
-350
-405
-407
-357
-344
-300
-251
-209
-173
-257
-284
-379
-476
-583
-651
-641
-522
-237
116
626
1044
1375
1383
1195
859
577
295
147
-33
-201
-322
-403
-415
-412
-383
-332
-273
-239
-204
-215
-255
-305
-413
-544
-610
-658
-605
-450
-78
225
787
1207
1433
1268
1123
787
471
251
134
-33
-224
-307
-378
-409
-367
-333
-274
-234
-189
-194
-205
-244
-311
-447
-538
-613
-635
-552
-341
-61
521
971
1354
1465
1305
1043
711
451
228
171
-33
-237
-314
-379
-353
-334
-300
-262
-207
-201
-161
-213
-253
-335
-454
-541
-609
-605
-471
-139
119
638
1071
1364
1365
1223
931
614
338
153
3
-179
-275
-401
-379
-396
-349
-327
-268
-238
-191
-191
-236
-289
-410
-503
-615
-665
-605
-460
-125
138
743
1195
1403
1334
1121
823
493
279
139
-41
-231
-332
-400
-427
-376
-337
-300
-231
-236
-227
-223
-262
-333
-433
-540
-636
-662
-611
-396
-38
419
842
1243
1411
1219
1023
707
499
219
131
-23
-268
-349
-346
-396
-396
-342
-286
-241
-201
-179
-203
-266
-366
-439
-557
-605
-613
-534
-216
-18
595
995
1379
1391
1272
948
635
355
146
14
-127
-279
-358
-397
-362
-349
-297
-241
-186
-146
-172
-206
-272
-361
-459
-563
-649
-581
-455
-142
139
747
1231
1471
1419
1173
834
535
258
148
-12
-199
-273
-355
-309
-375
-329
-268
-226
-179
-166
-181
-232
-305
-412
-518
-556
-635
-581
-379
-31
391
802
1231
1428
1267
1043
724
419
233
151
-28
-241
-326
-395
-398
-386
-332
-295
-236
-197
-195
-209
-285
-358
-455
-605
-657
-666
-556
-323
-26
545
947
1273
1359
1214
947
619
362
155
-10
-145
-300
-370
-421
-413
-378
-335
-264
-217
-185
-213
-230
-286
-388
-492
-607
-703
-622
-495
-218
146
664
1099
1427
1343
1173
863
568
303
149
-25
-188
-291
-357
-396
-373
-348
-283
-235
-183
-167
-167
-226
-281
-396
-507
-587
-613
-571
-406
-106
315
815
1239
1462
1338
1128
803
507
281
145
-7
-190
-284
-300
-380
-361
-300
-259
-227
-173
-152
-178
-233
-318
-405
-526
-620
-624
-551
-349
-35
447
899
1307
1471
1289
1015
715
419
225
141
-22
-247
-364
-396
-415
-353
-333
-268
-213
-185
-220
-209
-263
-369
-469
-582
-653
-655
-549
-283
-10
579
982
1334
1379
1255
915
601
331
159
-21
-177
-284
-377
-428
-416
-381
-349
-282
-238
-223
-204
-267
-328
-393
-524
-630
-658
-587
-475
-172
141
685
1108
1411
1362
1155
825
515
288
100
-27
-209
-300
-378
-397
-393
-353
-305
-248
-225
-172
-197
-240
-315
-418
-533
-619
-659
-570
-395
-43
485
847
1237
1435
1351
1108
759
485
267
129
-20
-221
-300
-358
-390
-338
-303
-273
-212
-155
-156
-177
-255
-342
-441
-556
-642
-608
-551
-285
-29
551
1013
1331
1443
1295
995
692
386
187
119
-31
-247
-332
-427
-391
-350
-309
-272
-225
-194
-175
-229
-290
-396
-523
-626
-647
-652
-482
-199
133
679
1089
1427
1353
1145
851
543
291
151
-12
-219
-320
-386
-431
-392
-365
-329
-280
-223
-195
-221
-287
-300
-451
-553
-651
-642
-613
-423
-53
355
838
1203
1406
1295
1067
737
465
235
151
-41
-237
-347
-397
-425
-384
-332
-284
-219
-191
-203
-204
-274
-361
-466
-578
-641
-634
-540
-297
-26
534
995
1343
1515
1249
997
675
411
218
218
-27
-248
-346
-397
-390
-399
-311
-250
-197
-172
-150
-204
-273
-351
-487
-571
-617
-605
-526
-185
137
694
1137
1443
1407
1238
923
596
351
162
3
-151
-277
-345
-379
-355
-347
-303
-239
-237
-181
-187
-242
-332
-414
-524
-624
-659
-586
-398
-66
372
821
1215
1441
1315
1099
767
463
259
119
-44
-244
-327
-395
-405
-393
-358
-305
-258
-217
-201
-225
-273
-350
-476
-583
-639
-652
-561
-343
-13
499
867
1207
1347
1233
955
650
367
182
25
-137
-273
-373
-424
-401
-382
-348
-283
-235
-199
-195
-234
-293
-380
-482
-609
-668
-637
-489
-151
139
682
1131
1397
1400
1214
884
555
314
133
-12
-184
-284
-373
-411
-398
-332
-297
-255
-183
-173
-173
-205
-284
-410
-506
-605
-636
-572
-397
-67
407
811
1241
1483
1492
1127
807
495
282
148
-41
-197
-280
-359
-384
-364
-310
-268
-213
-191
-178
-204
-230
-333
-442
-565
-654
-635
-520
-311
-31
555
1012
1334
1423
1273
995
689
415
193
113
-25
-248
-368
-399
-383
-383
-335
-294
-237
-175
-181
-236
-293
-397
-511
-623
-665
-639
-497
-211
124
642
1067
1399
1343
1172
873
564
289
174
-23
-199
-327
-396
-435
-423
-382
-343
-255
-235
-205
-207
-259
-353
-437
-558
-651
-668
-605
-425
-74
371
799
1231
1423
1343
1087
787
419
235
139
-39
-231
-309
-396
-407
-375
-318
-273
-189
-199
-160
-204
-271
-336
-454
-585
-628
-636
-528
-309
-22
555
1003
1359
1467
1266
1026
675
404
211
131
-14
-246
-339
-378
-374
-341
-289
-250
-194
-161
-163
-186
-258
-364
-483
-577
-633
-609
-488
-191
139
682
1123
1415
1467
1238
961
597
347
158
-10
-165
-284
-348
-412
-396
-353
-297
-253
-203
-169
-197
-248
-313
-413
-543
-633
-661
-586
-429
-108
255
765
1215
1423
1353
1083
777
483
255
134
-34
-226
-358
-406
-406
-402
-339
-312
-255
-210
-212
-234
-284
-377
-485
-606
-681
-675
-605
-379
-37
465
897
1247
1397
1237
994
693
404
209
139
-33
-259
-361
-399
-414
-391
-332
-290
-235
-199
-177
-225
-290
-381
-483
-605
-647
-618
-525
-213
116
622
1067
1391
1409
1239
916
630
358
175
0
-165
-278
-333
-389
-398
-347
-300
-239
-210
-170
-199
-226
-285
-400
-506
-605
-626
-570
-417
-67
271
841
1222
1467
1419
1145
867
521
299
145
-22
-197
-300
-371
-412
-370
-327
-297
-217
-191
-145
-182
-255
-332
-454
-572
-641
-642
-586
-346
-37
487
920
1323
1443
1306
1035
695
419
212
145
-34
-242
-380
-425
-414
-374
-333
-267
-221
-199
-202
-214
-293
-389
-511
-620
-684
-638
-524
-277
-23
605
1015
1383
1360
1171
915
595
337
161
-13
-185
-300
-402
-429
-425
-384
-361
-313
-235
-198
-198
-258
-330
-415
-519
-626
-666
-609
-458
-106
146
758
1159
1415
1339
1126
820
503
330
149
-33
-210
-313
-382
-414
-396
-357
-269
-225
-166
-158
-199
-247
-333
-449
-561
-627
-620
-554
-332
-45
502
947
1355
1489
1379
1059
713
419
244
142
-35
-220
-347
-380
-387
-327
-310
-266
-219
-170
-178
-230
-269
-349
-491
-577
-615
-605
-492
-205
110
646
1083
1417
1443
1247
911
611
347
175
-17
-178
-297
-382
-412
-410
-367
-339
-270
-231
-178
-205
-255
-328
-433
-543
-650
-669
-633
-460
-113
152
757
1171
1411
1361
1111
791
483
263
148
-39
-240
-353
-413
-435
-425
-379
-318
-286
-220
-215
-242
-293
-379
-492
-585
-677
-674
-605
-383
-45
457
930
1291
1419
1268
987
667
475
211
148
-39
-188
-364
-447
-412
-390
-338
-298
-226
-178
-195
-223
-282
-394
-489
-587
-640
-632
-495
-198
137
678
1103
1443
1417
1248
919
627
352
171
25
-181
-288
-360
-380
-371
-332
-295
-236
-200
-159
-179
-215
-306
-405
-526
-620
-635
-605
-391
-25
402
843
1251
1494
1351
1121
795
483
267
135
-45
-220
-317
-390
-370
-396
-337
-289
-229
-205
-197
-209
-272
-355
-471
-605
-656
-650
-555
-326
-43
557
971
1367
1441
1255
987
642
370
195
87
-125
-281
-373
-422
-422
-381
-349
-299
-263
-214
-214
-246
-330
-366
-538
-636
-684
-646
-492
-172
135
703
1155
1429
1350
1129
847
497
276
141
-43
-223
-318
-381
-411
-398
-351
-353
-242
-212
-183
-211
-261
-329
-434
-572
-657
-652
-568
-345
-44
506
955
1343
1443
1291
1047
703
415
235
137
-40
-253
-347
-405
-377
-335
-329
-258
-229
-175
-122
-219
-268
-380
-426
-605
-617
-607
-464
-140
147
741
1203
1525
1443
1236
873
558
329
158
-18
-193
-281
-367
-391
-343
-339
-289
-234
-195
-172
-188
-257
-326
-428
-565
-626
-671
-503
-347
-49
503
957
1392
1443
1301
1014
681
415
195
206
-44
-273
-359
-402
-400
-364
-338
-289
-221
-215
-202
-248
-298
-411
-517
-630
-684
-654
-496
-168
145
651
1138
1374
1337
1079
823
495
273
135
-42
-244
-347
-411
-453
-358
-364
-325
-270
-235
-203
-203
-262
-360
-460
-577
-671
-671
-605
-353
-31
500
931
1321
1417
1265
1010
655
394
195
135
-14
-246
-350
-402
-428
-372
-319
-257
-217
-172
-179
-219
-277
-380
-483
-618
-634
-625
-474
-172
149
703
1163
1431
1387
1259
880
579
334
159
22
-167
-285
-357
-383
-364
-337
-289
-221
-167
-155
-188
-225
-295
-401
-537
-617
-641
-586
-361
-44
419
894
1271
1427
1331
1171
723
419
244
131
-18
-244
-332
-406
-394
-360
-332
-309
-235
-204
-173
-218
-294
-378
-485
-620
-659
-636
-522
-236
101
613
1047
1367
1323
1203
871
584
329
149
0
-201
-322
-375
-423
-409
-365
-334
-277
-213
-201
-229
-251
-327
-421
-536
-631
-656
-615
-443
-73
351
809
1203
1383
1299
1063
720
459
270
148
-46
-233
-345
-396
-405
-375
-329
-280
-239
-172
-160
-197
-268
-332
-465
-574
-654
-649
-556
-283
-15
595
1019
1393
1411
1255
1001
631
370
205
147
-28
-263
-349
-394
-364
-330
-285
-224
-181
-166
-171
-217
-275
-377
-486
-605
-624
-575
-441
-69
297
885
1219
1407
1371
1123
843
515
311
131
-23
-191
-291
-365
-402
-369
-311
-290
-215
-175
-171
-179
-254
-365
-465
-550
-649
-629
-556
-302
-29
538
947
1313
1403
1218
990
655
357
163
118
-37
-284
-362
-410
-409
-381
-321
-271
-220
-189
-186
-236
-310
-396
-538
-605
-657
-646
-495
-162
148
698
1123
1391
1331
1139
827
518
288
143
-12
-182
-270
-393
-461
-391
-345
-299
-239
-225
-186
-204
-244
-322
-439
-556
-639
-630
-576
-314
-44
532
955
1331
1395
1275
1007
685
418
211
153
-38
-251
-346
-391
-378
-333
-289
-246
-183
-150
-177
-202
-262
-367
-456
-568
-617
-582
-427
-156
141
714
1175
1443
1375
1155
851
532
323
117
0
-169
-284
-354
-381
-340
-321
-283
-213
-168
-151
-169
-205
-322
-429
-515
-611
-615
-555
-329
-30
503
927
1290
1407
1275
995
695
409
178
127
-45
-253
-369
-418
-396
-386
-300
-279
-214
-191
-168
-226
-269
-389
-493
-579
-650
-619
-497
-204
119
646
1085
1315
1331
1115
823
511
291
145
-34
-215
-347
-396
-435
-411
-362
-318
-248
-209
-190
-204
-251
-332
-427
-540
-629
-651
-582
-381
-42
403
831
1219
1379
1269
1039
707
411
229
136
-37
-236
-319
-406
-395
-349
-305
-267
-219
-204
-165
-202
-253
-355
-477
-583
-625
-605
-482
-226
127
614
1055
1379
1355
1183
899
606
343
174
3
-150
-273
-351
-393
-396
-311
-283
-235
-173
-149
-159
-205
-303
-385
-499
-577
-609
-550
-373
-31
385
834
1249
1363
1291
1039
739
468
243
122
-28
-204
-309
-371
-383
-380
-343
-290
-218
-172
-172
-195
-257
-350
-479
-574
-634
-635
-551
-244
-15
587
987
1355
1343
1139
899
594
339
175
-21
-179
-297
-379
-411
-398
-351
-315
-270
-226
-167
-197
-248
-311
-424
-523
-621
-654
-618
-418
-99
250
739
1163
1367
1271
1035
739
455
244
136
-44
-221
-312
-377
-389
-363
-337
-272
-242
-174
-172
-183
-265
-335
-428
-555
-617
-637
-524
-273
-44
559
977
1339
1417
1267
950
589
371
187
131
-28
-247
-342
-384
-365
-335
-283
-236
-177
-155
-172
-198
-268
-364
-460
-573
-605
-556
-406
-76
263
767
1195
1403
1331
1093
788
494
294
123
-3
-183
-268
-364
-380
-333
-313
-279
-227
-171
-153
-178
-236
-321
-428
-540
-607
-625
-524
-300
-5
521
902
1239
1351
1173
915
639
371
172
31
-133
-261
-342
-380
-375
-353
-310
-300
-204
-157
-169
-217
-297
-377
-492
-605
-658
-657
-479
-159
133
695
1070
1295
1283
1076
783
483
258
137
-41
-215
-306
-380
-388
-372
-339
-300
-253
-194
-167
-186
-247
-331
-425
-533
-620
-641
-565
-370
-29
462
867
1215
1371
1207
973
663
387
214
118
-50
-248
-321
-345
-359
-346
-305
-236
-198
-158
-136
-181
-235
-328
-426
-548
-630
-605
-482
-193
148
651
1074
1333
1363
1118
867
557
331
148
-6
-163
-226
-316
-396
-341
-305
-268
-211
-150
-141
-139
-231
-283
-380
-492
-578
-643
-557
-395
-46
354
791
1187
1363
1247
1042
711
446
234
121
-29
-214
-309
-377
-366
-342
-317
-253
-207
-167
-140
-171
-231
-364
-442
-549
-636
-646
-558
-315
-26
521
895
1231
1299
1147
907
595
330
154
3
-177
-284
-371
-395
-395
-350
-305
-282
-206
-169
-173
-206
-259
-378
-500
-605
-657
-634
-492
-168
145
683
1089
1311
1266
1075
801
507
259
131
-23
-204
-285
-363
-373
-363
-303
-262
-204
-162
-114
-157
-167
-284
-393
-510
-607
-623
-551
-335
-41
419
867
1218
1351
1218
1011
687
405
213
134
-62
-190
-307
-332
-338
-311
-270
-237
-156
-134
-130
-171
-238
-316
-437
-530
-605
-581
-496
-225
115
621
1019
1302
1343
1129
891
593
325
151
-9
-165
-277
-321
-382
-367
-300
-238
-204
-162
-124
-117
-193
-278
-380
-489
-605
-638
-610
-450
-108
139
771
1077
1337
1251
1059
749
419
230
119
-54
-226
-316
-381
-396
-357
-332
-261
-190
-172
-143
-181
-229
-332
-462
-546
-646
-658
-579
-348
-37
463
863
1218
1314
1165
917
615
351
164
-6
-113
-247
-343
-393
-380
-349
-300
-267
-201
-151
-143
-181
-255
-350
-471
-582
-616
-622
-487
-208
135
667
1041
1323
1299
1133
859
525
297
117
-1
-171
-281
-357
-361
-348
-306
-258
-185
-123
-97
-141
-181
-271
-382
-519
-573
-620
-563
-370
-53
405
835
1218
1407
1263
1035
711
447
251
133
-45
-230
-289
-337
-370
-329
-268
-234
-162
-113
-155
-153
-247
-314
-431
-535
-638
-616
-540
-294
-41
562
967
1226
1347
1174
911
587
265
154
-10
-157
-315
-342
-380
-397
-344
-280
-231
-187
-125
-155
-203
-284
-370
-492
-605
-650
-636
-497
-189
137
650
1062
1275
1253
1039
769
483
265
125
-29
-204
-305
-367
-406
-381
-332
-272
-234
-182
-167
-168
-204
-305
-401
-471
-620
-646
-605
-358
-41
419
833
1205
1339
1219
965
667
382
201
147
-25
-229
-313
-349
-348
-325
-286
-236
-187
-143
-137
-179
-287
-330
-428
-534
-616
-605
-495
-219
125
595
1017
1323
1346
1155
867
569
307
168
9
-138
-258
-339
-349
-349
-287
-281
-205
-139
-125
-139
-172
-261
-365
-486
-557
-609
-559
-411
-74
225
731
1127
1331
1233
1059
739
465
244
127
-42
-229
-305
-381
-375
-362
-313
-286
-205
-166
-157
-150
-230
-358
-431
-536
-623
-636
-547
-279
-44
478
906
1267
1307
1171
916
587
315
154
-12
-172
-293
-343
-383
-375
-341
-318
-257
-203
-176
-171
-198
-300
-370
-489
-585
-651
-630
-479
-199
145
627
1079
1283
1299
1078
883
500
251
142
-29
-210
-255
-369
-375
-348
-301
-267
-213
-156
-147
-145
-207
-286
-395
-492
-605
-633
-535
-357
-29
409
843
1183
1347
1243
977
699
417
226
154
-17
-231
-302
-346
-355
-334
-289
-235
-157
-123
-115
-190
-226
-310
-413
-506
-605
-572
-503
-265
-12
577
961
1209
1330
1167
903
612
342
183
52
-70
-244
-325
-350
-365
-309
-279
-235
-160
-152
-143
-182
-283
-375
-487
-605
-646
-623
-475
-150
149
687
1087
1331
1251
1044
763
473
275
127
-55
-248
-300
-383
-391
-348
-317
-268
-233
-183
-171
-170
-253
-329
-459
-586
-647
-662
-605
-365
-57
419
827
1173
1315
1151
931
627
373
195
62
-41
-247
-329
-364
-390
-362
-312
-236
-188
-149
-178
-226
-253
-364
-460
-541
-628
-605
-523
-240
103
595
986
1243
1315
1131
867
579
335
105
-25
-153
-279
-331
-351
-394
-311
-269
-208
-127
-118
-114
-183
-263
-345
-469
-569
-607
-554
-427
-66
238
755
1155
1367
1283
1067
788
478
251
137
-28
-209
-309
-335
-346
-332
-289
-246
-175
-140
-75
-145
-220
-321
-422
-539
-621
-632
-557
-327
-27
469
882
1195
1311
1158
870
635
372
181
86
-41
-251
-359
-369
-381
-347
-266
-254
-195
-142
-156
-177
-272
-400
-477
-586
-651
-633
-519
-257
75
597
967
1211
1269
1065
803
544
267
147
-33
-173
-299
-396
-405
-361
-335
-284
-231
-182
-155
-161
-226
-291
-397
-497
-612
-646
-605
-434
-85
135
729
1089
1299
1323
1041
731
451
247
116
-25
-231
-303
-364
-361
-347
-306
-250
-183
-129
-127
-141
-222
-307
-414
-524
-605
-617
-522
-295
-18
502
885
1249
1382
1239
911
685
398
209
143
-47
-223
-321
-301
-354
-314
-278
-210
-157
-114
-138
-154
-247
-354
-449
-556
-629
-605
-489
-220
116
603
1034
1321
1363
1147
881
581
319
111
-21
-170
-268
-369
-359
-370
-336
-294
-230
-172
-141
-140
-203
-250
-397
-524
-605
-661
-605
-435
-101
153
715
1105
1307
1230
1017
747
449
259
149
-12
-233
-302
-391
-414
-363
-315
-279
-220
-172
-153
-175
-247
-332
-441
-566
-627
-652
-577
-357
-61
419
863
1171
1334
1179
959
667
373
188
94
-41
-278
-345
-384
-371
-354
-316
-244
-190
-154
-141
-185
-253
-319
-451
-576
-622
-619
-488
-244
118
639
982
1283
1371
1161
883
595
339
165
-10
-105
-266
-334
-361
-347
-299
-247
-215
-150
-108
-113
-183
-268
-378
-520
-569
-615
-566
-418
-94
116
727
1153
1379
1301
1111
819
519
289
134
-38
-201
-301
-344
-378
-350
-326
-268
-204
-156
-137
-173
-236
-313
-440
-515
-605
-613
-569
-382
-29
419
835
1215
1345
1199
970
674
405
212
131
-28
-250
-333
-364
-406
-357
-317
-287
-230
-195
-163
-213
-262
-338
-476
-569
-655
-621
-529
-264
-42
547
951
1226
1267
1162
863
587
319
130
-11
-172
-293
-347
-403
-389
-337
-309
-248
-202
-156
-172
-202
-300
-379
-483
-573
-617
-586
-448
-140
137
667
1083
1359
1353
1083
843
529
279
131
-34
-174
-279
-349
-363
-338
-308
-251
-214
-156
-108
-156
-206
-297
-386
-507
-605
-605
-534
-321
-58
451
863
1201
1427
1283
1089
739
451
231
125
-28
-236
-301
-347
-369
-347
-300
-254
-204
-137
-138
-177
-232
-333
-460
-553
-624
-575
-516
-253
-13
549
975
1291
1363
1179
915
617
354
180
27
-111
-268
-310
-385
-378
-349
-321
-266
-193
-162
-172
-217
-322
-385
-469
-605
-645
-614
-465
-177
106
665
1071
1319
1299
1071
791
486
275
151
-22
-204
-310
-383
-415
-393
-350
-294
-230
-205
-171
-181
-241
-332
-428
-554
-620
-652
-605
-403
39
389
802
1187
1315
1282
1012
699
411
207
147
-30
-236
-322
-361
-373
-345
-300
-253
-213
-166
-140
-217
-234
-330
-442
-542
-605
-605
-508
-255
0
571
971
1299
1397
1225
949
643
377
207
129
-54
-263
-301
-364
-364
-303
-271
-222
-160
-106
-122
-183
-244
-352
-481
-556
-605
-558
-438
-139
100
682
1077
1361
1329
1103
809
539
277
123
-6
-188
-290
-376
-334
-379
-321
-282
-231
-163
-161
-172
-221
-312
-427
-527
-620
-652
-605
-403
-59
358
763
1154
1371
1243
979
695
419
191
95
-29
-242
-321
-396
-396
-364
-317
-290
-239
-172
-171
-203
-263
-357
-482
-556
-652
-652
-540
-305
-29
532
891
1231
1302
1141
911
596
340
163
14
-173
-247
-329
-389
-367
-345
-304
-241
-199
-142
-156
-200
-275
-378
-480
-582
-630
-605
-477
-156
151
673
1139
1339
1307
1099
843
538
287
136
-19
-160
-267
-352
-383
-343
-300
-271
-189
-142
-129
-156
-204
-293
-394
-513
-605
-608
-566
-365
-38
405
835
1205
1371
1275
1009
742
395
243
131
-34
-172
-307
-364
-351
-334
-299
-264
-193
-108
-153
-169
-248
-361
-445
-570
-652
-626
-527
-258
-28
523
930
1251
1333
1163
913
611
309
145
14
-155
-269
-319
-396
-378
-355
-306
-241
-185
-156
-173
-214
-298
-410
-545
-622
-668
-639
-476
-175
127
665
1027
1279
1255
1051
769
475
243
134
-31
-204
-305
-379
-412
-385
-315
-270
-204
-177
-139
-169
-233
-319
-442
-537
-625
-647
-585
-368
-21
419
835
1179
1363
1239
1015
703
383
204
150
-33
-236
-309
-374
-381
-335
-287
-241
-172
-122
-133
-175
-230
-331
-446
-569
-613
-605
-514
-255
-22
559
992
1331
1367
1171
929
599
355
179
115
-21
-255
-319
-347
-380
-315
-287
-222
-157
-125
-95
-173
-275
-379
-489
-585
-624
-605
-453
-141
161
705
1079
1322
1243
1043
759
479
258
157
-44
-220
-311
-364
-412
-365
-333
-278
-236
-178
-156
-175
-273
-339
-430
-556
-655
-655
-584
-361
-51
449
827
1177
1287
1183
927
633
354
182
9
-73
-269
-341
-396
-381
-373
-330
-263
-214
-169
-177
-213
-283
-361
-500
-605
-639
-668
-525
-236
62
583
990
1231
1274
1135
819
532
289
152
-5
-167
-271
-332
-378
-371
-332
-318
-217
-154
-151
-163
-215
-291
-396
-524
-583
-620
-605
-394
-73
338
787
1119
1335
1249
1047
737
419
275
145
-23
-213
-275
-328
-342
-317
-295
-251
-183
-141
-127
-156
-236
-322
-457
-540
-620
-613
-524
-277
-44
532
951
1251
1355
1173
919
611
357
167
35
-74
-278
-349
-381
-370
-367
-314
-247
-195
-177
-156
-230
-298
-397
-540
-587
-657
-605
-472
-172
139
682
1065
1303
1235
1077
755
475
248
138
-38
-209
-318
-382
-430
-396
-343
-323
-254
-197
-197
-217
-270
-351
-449
-565
-655
-662
-605
-383
-43
419
815
1174
1343
1205
961
663
375
195
105
-33
-227
-334
-381
-381
-351
-325
-248
-199
-157
-162
-191
-243
-354
-474
-559
-645
-605
-476
-215
123
603
1023
1339
1355
1160
914
583
323
172
52
-7
-243
-342
-359
-330
-301
-255
-201
-135
-115
-153
-204
-285
-397
-499
-562
-605
-533
-361
-44
419
852
1227
1429
1315
1085
754
468
251
154
-17
-197
-297
-348
-363
-329
-298
-253
-204
-140
-151
-195
-248
-348
-458
-556
-650
-628
-513
-237
104
603
1014
1305
1355
1167
890
570
310
143
-12
-183
-302
-364
-413
-407
-362
-307
-273
-204
-188
-172
-251
-337
-444
-570
-640
-681
-610
-422
-57
354
791
1162
1332
1255
991
681
408
197
146
-15
-248
-346
-396
-423
-374
-349
-299
-222
-188
-189
-229
-272
-383
-499
-605
-658
-650
-494
-235
127
651
1059
1382
1325
1155
835
546
290
134
-10
-170
-280
-363
-383
-364
-321
-268
-209
-197
-161
-142
-233
-315
-425
-516
-605
-627
-547
-364
-35
419
873
1239
1428
1267
1051
713
419
243
149
-37
-236
-293
-354
-364
-326
-294
-269
-178
-149
-141
-191
-241
-323
-480
-574
-615
-585
-470
-188
139
618
1049
1364
1333
1140
843
555
307
147
-12
-180
-314
-359
-387
-373
-332
-301
-254
-193
-157
-165
-244
-325
-427
-556
-626
-645
-585
-396
-38
395
825
1153
1343
1247
987
660
390
183
129
-21
-241
-343
-385
-425
-382
-337
-284
-234
-175
-187
-225
-297
-385
-493
-611
-665
-654
-526
-225
127
657
1038
1343
1331
1135
851
565
291
150
9
-181
-305
-368
-395
-374
-337
-300
-225
-174
-165
-172
-226
-326
-423
-541
-619
-646
-551
-334
-38
473
873
1225
1396
1273
1030
723
419
223
131
-28
-210
-300
-368
-373
-330
-297
-238
-165
-140
-161
-188
-269
-361
-486
-575
-609
-619
-458
-153
154
681
1095
1371
1337
1147
865
539
295
161
-24
-170
-285
-368
-408
-385
-329
-295
-207
-163
-150
-181
-265
-343
-443
-545
-652
-643
-569
-364
-31
449
867
1242
1375
1217
957
665
378
193
116
-29
-262
-353
-413
-398
-383
-332
-285
-229
-183
-169
-241
-335
-398
-524
-634
-681
-626
-506
-188
181
659
1070
1303
1299
1091
791
514
259
144
0
-213
-319
-379
-413
-398
-333
-271
-235
-171
-171
-181
-268
-355
-492
-557
-650
-624
-545
-333
-29
479
915
1231
1397
1267
931
663
395
201
125
-37
-259
-317
-364
-374
-329
-287
-251
-200
-139
-141
-195
-264
-361
-492
-578
-617
-578
-428
-123
134
739
1163
1365
1351
1127
839
514
289
142
-23
-189
-277
-359
-382
-332
-295
-250
-216
-140
-139
-171
-236
-328
-431
-554
-625
-645
-546
-349
-40
475
891
1263
1379
1251
963
653
356
191
138
-28
-270
-351
-391
-393
-355
-299
-266
-190
-167
-170
-204
-304
-399
-530
-605
-672
-655
-484
-162
139
689
1059
1335
1259
1071
771
471
247
146
-29
-218
-322
-383
-394
-386
-327
-284
-225
-168
-172
-171
-268
-337
-446
-561
-657
-654
-571
-349
-44
481
907
1231
1359
1251
973
671
383
211
133
-29
-248
-332
-393
-377
-293
-289
-236
-167
-135
-141
-197
-284
-383
-487
-605
-638
-605
-454
-160
143
693
1111
1351
1343
1146
851
529
291
147
-17
-173
-268
-332
-351
-331
-294
-273
-197
-156
-121
-150
-224
-309
-438
-558
-606
-662
-585
-332
-38
487
913
1203
1367
1237
981
667
378
199
139
6
-237
-334
-374
-361
-332
-285
-240
-191
-140
-135
-211
-248
-401
-508
-613
-671
-620
-518
-209
131
633
1019
1300
1279
1107
835
515
270
123
-17
-219
-287
-389
-391
-389
-348
-305
-248
-172
-170
-173
-237
-349
-466
-566
-636
-677
-615
-396
-45
404
821
1173
1311
1251
977
681
410
209
132
-42
-226
-293
-369
-396
-337
-297
-254
-175
-157
-115
-187
-272
-371
-492
-588
-629
-639
-515
-221
69
601
989
1321
1329
1155
915
593
339
180
7
-81
-246
-319
-348
-359
-306
-262
-193
-124
-121
-26
-199
-274
-379
-525
-587
-657
-587
-411
-70
271
739
1140
1365
1297
1083
757
455
251
137
-30
-183
-294
-359
-379
-347
-281
-231
-182
-140
-129
-157
-242
-342
-462
-562
-661
-610
-556
-332
-39
475
899
1236
1331
1158
931
635
347
163
3
-94
-275
-361
-394
-361
-342
-304
-253
-170
-123
-143
-213
-298
-407
-522
-627
-671
-646
-503
-283
119
585
966
1217
1267
1077
819
497
267
182
-15
-199
-297
-366
-395
-385
-316
-295
-211
-158
-133
-168
-209
-316
-445
-546
-632
-652
-605
-428
-93
227
758
1130
1327
1214
1039
726
451
228
133
-44
-203
-285
-371
-364
-323
-301
-225
-156
-122
-137
-146
-268
-332
-435
-540
-626
-621
-540
-305
-27
487
891
1238
1379
1243
963
639
374
201
135
-42
-205
-309
-375
-332
-313
-269
-226
-168
-111
-122
-169
-268
-367
-476
-577
-652
-612
-500
-236
123
603
982
1245
1295
1075
847
538
303
162
0
-152
-270
-349
-372
-397
-328
-299
-222
-159
-144
-156
-205
-315
-427
-556
-627
-663
-615
-482
-157
139
687
1067
1251
1263
1035
778
472
214
148
-39
-217
-321
-393
-395
-366
-322
-273
-186
-129
-140
-171
-233
-333
-445
-556
-645
-671
-605
-396
-70
383
785
1153
1298
1219
995
675
410
227
144
-18
-233
-314
-350
-370
-398
-273
-219
-156
-118
-105
-135
-231
-338
-470
-554
-634
-605
-524
-300
-45
465
916
1225
1319
1144
931
628
359
187
120
-15
-219
-307
-334
-322
-277
-246
-197
-121
-103
-119
-173
-255
-364
-486
-605
-652
-621
-482
-195
125
643
1046
1265
1279
1067
819
547
275
135
-11
-172
-268
-342
-370
-349
-290
-257
-155
-139
-102
-140
-207
-300
-409
-534
-605
-652
-575
-460
-169
119
659
1025
1243
1200
961
723
447
244
138
-25
-217
-303
-366
-381
-371
-313
-247
-189
-133
-122
-152
-221
-327
-458
-571
-627
-651
-605
-443
-97
179
756
1087
1223
1173
967
667
419
209
136
-39
-220
-313
-371
-385
-332
-295
-201
-147
-99
-95
-151
-213
-337
-439
-543
-623
-623
-555
-337
-37
473
827
1173
1289
1183
931
643
370
201
139
-38
-230
-303
-348
-358
-268
-244
-204
-136
-93
-83
-140
-213
-332
-434
-559
-618
-605
-500
-255
-15
564
931
1209
1291
1103
883
577
347
162
34
-45
-243
-322
-347
-341
-300
-251
-187
-146
-105
-114
-167
-251
-369
-508
-606
-652
-605
-477
-190
131
603
979
1266
1215
1041
775
487
258
143
-27
-179
-280
-364
-394
-377
-304
-268
-190
-145
-111
-141
-224
-301
-413
-567
-664
-651
-605
-459
-125
147
687
1042
1235
1163
931
693
450
219
125
-37
-227
-293
-366
-374
-364
-301
-226
-188
-106
-105
-156
-219
-307
-426
-540
-605
-623
-571
-369
-34
419
803
1155
1300
1171
967
659
389
207
129
-39
-248
-293
-350
-357
-321
-268
-221
-149
-98
-76
-129
-239
-300
-428
-534
-613
-605
-517
-300
-29
507
890
1225
1307
1142
913
630
395
201
116
-47
-211
-293
-316
-340
-305
-251
-194
-140
-74
-97
-158
-236
-341
-471
-575
-615
-613
-507
-218
55
563
959
1193
1263
1111
855
562
288
143
-12
-172
-273
-347
-377
-293
-318
-274
-209
-162
-105
-144
-175
-282
-386
-530
-605
-635
-623
-487
-175
111
619
1044
1205
1183
1012
759
481
282
154
-38
-209
-312
-390
-395
-367
-332
-266
-209
-141
-113
-157
-212
-283
-416
-537
-620
-652
-617
-428
-120
139
692
1045
1231
1203
995
725
459
235
169
-6
-204
-310
-357
-378
-341
-290
-244
-172
-123
-95
-129
-202
-294
-395
-530
-584
-607
-551
-358
-25
395
803
1131
1297
1295
979
819
419
235
147
-30
-197
-271
-352
-344
-305
-251
-219
-151
-102
-94
-130
-207
-332
-443
-556
-610
-632
-534
-309
-45
514
883
1202
1279
1131
913
628
361
190
133
-35
-248
-331
-390
-365
-322
-290
-223
-161
-113
-113
-172
-251
-363
-491
-605
-649
-620
-516
-250
-11
571
931
1227
1257
1074
820
553
278
139
0
-167
-300
-354
-389
-370
-327
-326
-236
-172
-113
-159
-188
-282
-403
-537
-620
-671
-616
-488
-195
147
625
1007
1227
1219
1011
777
485
259
131
-10
-204
-300
-332
-371
-364
-300
-262
-167
-144
-101
-142
-190
-289
-412
-529
-636
-648
-567
-393
-58
291
755
1107
1269
1251
1007
729
419
259
130
-15
-198
-284
-355
-362
-300
-263
-220
-167
-81
-82
-120
-197
-303
-421
-531
-605
-513
-524
-325
-44
466
855
1183
1315
1175
931
662
387
275
131
-33
-204
-278
-352
-353
-321
-225
-213
-151
-111
-97
-161
-257
-365
-494
-605
-652
-630
-527
-242
-74
577
903
1235
1241
1114
867
571
303
139
-13
-157
-267
-355
-397
-374
-322
-269
-227
-155
-137
-149
-224
-314
-414
-544
-638
-658
-638
-486
-144
145
659
962
1227
1204
992
739
463
244
148
-31
-198
-310
-371
-392
-357
-303
-255
-199
-145
-122
-162
-229
-341
-433
-551
-605
-659
-547
-380
-30
401
761
1109
1247
1193
982
709
419
242
135
-40
-202
-301
-378
-364
-329
-281
-217
-168
-102
-97
-161
-238
-339
-483
-549
-614
-616
-521
-267
-33
538
931
1235
1319
1161
921
617
371
199
131
-28
-224
-322
-355
-359
-301
-241
-204
-151
-101
-108
-172
-258
-396
-494
-577
-629
-585
-476
-172
132
645
1007
1195
1250
1046
819
539
303
135
-21
-162
-295
-335
-407
-376
-318
-271
-214
-107
-118
-155
-237
-309
-442
-556
-634
-651
-605
-431
-61
313
735
1075
1259
1171
959
671
404
196
148
-31
-236
-333
-375
-381
-390
-297
-262
-177
-138
-149
-158
-267
-364
-481
-571
-654
-638
-551
-311
-41
482
867
1170
1289
1175
907
635
390
201
119
-30
-235
-330
-399
-365
-319
-285
-221
-151
-107
-101
-175
-251
-383
-491
-577
-626
-565
-462
-140
133
611
1001
1251
1275
1111
852
574
299
165
31
-47
-251
-343
-363
-350
-291
-236
-207
-123
-102
-119
-199
-287
-389
-439
-605
-606
-565
-393
-61
299
738
1091
1195
1227
1023
747
459
270
146
-22
-203
-221
-364
-370
-357
-304
-237
-201
-142
-135
-166
-239
-354
-471
-573
-677
-638
-550
-322
-43
466
853
1140
1256
1094
875
583
353
199
95
-27
-274
-353
-406
-385
-348
-300
-300
-181
-139
-136
-204
-300
-413
-524
-618
-658
-634
-494
-204
115
609
1013
1223
1211
1019
757
503
291
141
-25
-179
-294
-365
-422
-366
-321
-258
-191
-124
-123
-76
-198
-309
-419
-524
-620
-626
-570
-397
-44
372
763
1143
1275
1219
1011
665
401
235
147
-33
-189
-286
-338
-358
-320
-265
-220
-143
-107
-109
-139
-236
-325
-412
-563
-625
-606
-527
-261
-12
555
927
1243
1300
1155
899
595
340
187
165
-41
-248
-325
-365
-335
-302
-271
-186
-141
-122
-107
-190
-284
-396
-508
-605
-647
-605
-455
-150
134
639
1054
1205
1243
1027
771
486
261
137
-17
-193
-311
-369
-396
-366
-307
-272
-233
-156
-130
-190
-251
-339
-460
-567
-657
-641
-583
-441
-37
386
753
1095
1235
1139
915
649
379
203
138
-25
-243
-338
-375
-362
-348
-313
-229
-182
-123
-125
-172
-248
-355
-497
-610
-631
-610
-500
-239
-12
551
961
1203
1204
1155
866
577
330
173
94
-22
-265
-311
-373
-358
-297
-262
-193
-127
-93
-117
-177
-268
-382
-495
-578
-614
-552
-418
-123
133
699
1071
1295
1251
1087
771
523
295
121
-12
-157
-259
-337
-312
-342
-283
-231
-151
-121
-101
-125
-179
-311
-430
-527
-606
-642
-553
-373
-31
415
791
1139
1281
1178
975
673
419
217
142
-28
-225
-309
-364
-385
-383
-299
-242
-156
-129
-114
-166
-269
-362
-464
-605
-656
-635
-561
-270
-11
529
893
1159
1239
1075
843
547
340
118
-5
-140
-282
-358
-397
-398
-347
-339
-240
-167
-140
-149
-217
-293
-412
-520
-626
-639
-611
-481
-178
131
666
1030
1219
1219
1046
775
467
283
132
-23
-170
-274
-348
-364
-351
-305
-244
-199
-93
-76
-76
-197
-317
-425
-545
-583
-631
-549
-351
-19
419
815
1173
1251
1271
985
715
419
255
147
-29
-213
-320
-353
-359
-326
-281
-220
-153
-97
-93
-139
-225
-349
-494
-532
-620
-619
-500
-253
-30
546
909
1219
1251
1065
882
593
353
180
107
-27
-255
-266
-374
-332
-315
-268
-199
-155
-129
-125
-193
-292
-405
-503
-610
-652
-613
-428
-153
137
683
1011
1205
1223
987
739
487
259
125
-25
-204
-298
-389
-396
-380
-308
-268
-194
-133
-122
-172
-238
-341
-461
-577
-654
-670
-605
-386
-49
419
802
1123
1259
1135
903
625
322
190
153
-21
-230
-338
-393
-294
-261
-274
-221
-159
-105
-106
-168
-255
-291
-492
-583
-647
-619
-492
-204
120
618
992
1231
1273
1079
851
533
308
116
-9
-111
-241
-323
-378
-335
-291
-265
-174
-119
-95
-93
-165
-270
-393
-514
-645
-618
-572
-396
-66
361
799
1178
1299
1250
1025
770
459
275
137
-14
-197
-284
-367
-366
-332
-268
-210
-164
-101
-83
-142
-233
-333
-464
-569
-652
-670
-538
-293
-37
487
867
1182
1171
1123
885
600
357
163
125
-31
-257
-394
-403
-367
-332
-293
-250
-167
-83
-134
-201
-272
-428
-532
-620
-673
-556
-473
-174
118
658
1023
1247
1215
1045
755
485
262
148
-22
-207
-307
-375
-391
-364
-293
-264
-189
-108
-142
-153
-236
-341
-406
-572
-635
-657
-536
-358
-23
447
833
1167
1275
1153
960
627
372
195
141
-35
-234
-332
-390
-390
-317
-271
-218
-130
-97
-102
-142
-251
-362
-459
-567
-629
-605
-460
-163
127
663
1035
1267
1283
1103
825
561
334
177
5
-119
-242
-334
-357
-316
-291
-235
-171
-105
-102
-101
-211
-303
-438
-527
-619
-639
-605
-389
-45
399
775
1079
1255
1163
981
683
417
197
134
-27
-226
-318
-387
-395
-332
-294
-270
-165
-103
-137
-172
-275
-359
-478
-576
-620
-634
-551
-263
-18
575
916
1141
1209
1067
819
533
309
139
-12
-181
-310
-382
-413
-396
-334
-265
-204
-133
-135
-143
-214
-307
-428
-556
-610
-609
-620
-444
-106
148
729
1079
1251
1291
979
724
419
234
134
-35
-192
-306
-293
-365
-342
-297
-230
-155
-150
-115
-167
-227
-349
-435
-557
-635
-627
-534
-282
-46
543
923
1191
1237
1159
955
607
369
193
134
-44
-236
-323
-395
-349
-287
-281
-165
-119
-74
-93
-160
-240
-353
-492
-605
-639
-605
-445
-109
135
675
1059
1259
1227
1059
789
489
283
133
-23
-173
-300
-367
-386
-355
-296
-258
-236
-114
-98
-148
-210
-318
-443
-554
-633
-647
-540
-364
-33
416
826
1147
1259
1135
923
623
391
155
117
-33
-253
-346
-407
-399
-364
-297
-248
-177
-124
-134
-226
-295
-371
-515
-620
-655
-653
-511
-214
127
583
931
1232
1219
1046
809
523
298
135
-22
-165
-287
-374
-407
-361
-317
-220
-195
-140
-117
-127
-201
-297
-427
-525
-621
-657
-608
-395
-53
362
747
1137
1239
1155
992
711
447
247
137
-28
-208
-305
-358
-364
-334
-273
-211
-151
-83
-62
-109
-221
-318
-447
-555
-546
-620
-505
-246
-25
564
963
1231
1282
1106
896
619
379
191
135
-35
-269
-332
-368
-375
-296
-263
-207
-125
-125
-127
-189
-275
-412
-526
-615
-644
-622
-435
-117
125
713
1059
1238
1185
987
739
455
265
143
-33
-191
-332
-381
-406
-354
-298
-259
-177
-134
-108
-173
-273
-362
-473
-575
-672
-666
-562
-315
-47
469
821
1187
1255
1115
854
585
337
170
41
-54
-265
-332
-400
-393
-334
-300
-229
-85
-108
-110
-181
-317
-393
-503
-605
-664
-646
-465
-189
148
647
1023
1204
1259
1059
787
521
291
138
23
-162
-285
-348
-379
-357
-306
-247
-157
-127
-115
-137
-238
-301
-413
-556
-622
-621
-524
-340
-42
463
833
1193
1301
1177
967
675
419
244
135
-17
-216
-312
-359
-373
-310
-271
-183
-143
-82
-106
-154
-257
-351
-477
-567
-649
-610
-476
-189
121
619
927
1203
1250
1095
819
573
327
146
-10
-140
-272
-352
-379
-361
-316
-273
-189
-119
-97
-135
-223
-315
-403
-547
-620
-661
-567
-422
-42
261
741
1063
1231
1151
954
699
419
214
138
-39
-236
-330
-413
-405
-369
-315
-253
-204
-139
-154
-178
-258
-354
-476
-605
-668
-656
-562
-294
-29
519
885
1163
1247
1067
843
571
327
186
52
-53
-266
-363
-398
-395
-332
-278
-178
-127
-101
-105
-177
-282
-386
-505
-605
-648
-608
-428
-114
148
707
1076
1287
1227
1030
754
483
270
131
-11
-176
-283
-357
-366
-357
-309
-241
-159
-108
-70
-127
-219
-306
-447
-536
-616
-605
-540
-295
-38
542
921
1191
1257
1141
915
641
367
191
145
-39
-254
-335
-393
-364
-307
-268
-204
-138
-101
-130
-191
-289
-382
-510
-605
-664
-630
-519
-179
127
630
1087
1195
1195
1027
762
491
294
154
-28
-201
-326
-391
-406
-382
-335
-268
-187
-155
-108
-149
-236
-348
-429
-559
-658
-663
-555
-399
-27
391
767
1097
1219
1135
899
647
394
195
137
-29
-235
-345
-396
-395
-378
-294
-237
-165
-138
-133
-146
-266
-377
-473
-575
-654
-617
-489
-254
11
564
931
1218
1242
1082
847
579
350
171
134
-49
-259
-334
-380
-369
-317
-253
-185
-109
-93
-110
-165
-248
-369
-511
-584
-617
-581
-426
-97
110
729
1115
1299
1249
1042
783
483
290
127
-35
-169
-271
-350
-364
-353
-291
-222
-159
-96
-97
-129
-199
-320
-445
-545
-636
-619
-572
-361
-44
447
823
1110
1223
1142
948
647
387
212
133
-57
-236
-351
-389
-390
-353
-303
-220
-170
-106
-107
-175
-282
-379
-517
-605
-670
-668
-534
-258
15
563
931
1175
1173
1067
800
535
307
149
-33
-181
-294
-365
-406
-386
-332
-289
-213
-149
-107
-114
-203
-301
-423
-552
-646
-657
-620
-429
-83
232
719
1076
1225
1223
1003
707
419
248
148
-31
-203
-297
-359
-375
-331
-286
-218
-150
-111
-75
-135
-235
-326
-451
-555
-629
-631
-530
-282
-45
555
919
1236
1300
1131
919
629
404
206
137
-44
-240
-334
-348
-332
-303
-262
-179
-131
-75
-77
-161
-254
-364
-508
-605
-620
-622
-470
-149
131
660
1055
1263
1251
1059
803
500
297
137
-10
-178
-300
-347
-402
-362
-311
-265
-201
-120
-113
-137
-204
-309
-428
-556
-643
-652
-605
-378
-15
387
801
1103
1230
1139
922
658
395
206
117
-29
-236
-321
-415
-396
-391
-314
-238
-172
-129
-125
-175
-281
-394
-506
-621
-675
-639
-517
-273
-29
545
931
1199
1211
1049
830
537
335
152
27
-111
-281
-345
-369
-362
-314
-278
-200
-139
-108
-117
-197
-293
-396
-531
-620
-657
-606
-418
-82
183
705
1087
1267
1255
1035
725
473
283
130
-15
-183
-300
-353
-365
-323
-269
-213
-146
-114
-86
-108
-205
-310
-434
-552
-620
-642
-533
-305
-39
475
898
1247
1267
1155
915
635
399
213
146
-37
-233
-327
-383
-378
-312
-267
-206
-133
-108
-122
-163
-281
-395
-511
-605
-651
-620
-497
-175
125
630
1004
1183
1211
1039
766
518
290
149
-41
-185
-287
-364
-386
-365
-325
-269
-194
-143
-118
-137
-237
-332
-448
-564
-644
-662
-617
-425
-81
218
701
1049
1139
1137
931
659
419
243
122
-37
-217
-317
-380
-389
-346
-295
-251
-165
-109
-101
-169
-242
-348
-458
-577
-631
-614
-551
-305
-49
507
863
1147
1251
1071
901
623
371
146
135
-29
-224
-343
-369
-357
-310
-244
-195
-135
-62
-104
-165
-296
-365
-482
-605
-617
-578
-455
-160
141
643
1013
1237
1270
1087
842
551
340
166
50
-54
-268
-331
-374
-336
-293
-235
-158
-79
-76
-103
-195
-285
-396
-523
-528
-630
-585
-396
-54
373
767
1115
1251
1203
963
705
419
253
149
-41
-216
-311
-363
-367
-364
-286
-251
-163
-105
-101
-158
-239
-353
-491
-585
-652
-616
-540
-293
-47
500
859
1171
1236
1077
867
601
346
165
100
-33
-285
-364
-403
-363
-334
-268
-219
-153
-103
-174
-181
-274
-401
-510
-616
-647
-583
-450
-140
125
670
1013
1209
1339
1015
786
500
283
146
-6
-172
-295
-349
-369
-363
-284
-226
-175
-106
-79
-109
-197
-303
-399
-529
-606
-605
-508
-335
-42
417
819
1172
1265
1155
931
691
419
222
121
-26
-197
-300
-363
-372
-326
-248
-162
-122
-69
-62
-123
-205
-313
-450
-543
-631
-614
-489
-285
61
565
979
1204
1247
1103
827
564
359
175
24
-76
-268
-382
-395
-361
-322
-262
-176
-146
-93
-109
-175
-281
-409
-517
-606
-625
-605
-439
-122
118
683
1033
1207
1143
971
777
415
250
133
-25
-227
-322
-397
-396
-380
-322
-254
-187
-119
-113
-143
-236
-334
-462
-571
-637
-637
-543
-350
-26
409
795
1123
1183
1091
891
605
354
183
125
-37
-237
-332
-379
-375
-346
-270
-220
-137
-101
-94
-150
-238
-363
-485
-566
-610
-570
-483
-202
115
611
969
1207
1239
1051
827
528
309
154
9
-140
-268
-345
-365
-361
-281
-265
-149
-73
-61
-47
-161
-251
-364
-497
-605
-606
-549
-365
-53
337
735
1091
1235
1163
985
723
455
267
147
-17
-200
-296
-358
-343
-323
-273
-217
-124
-73
-50
-125
-209
-298
-454
-562
-619
-619
-531
-314
-50
467
823
1119
1195
1083
866
628
339
177
141
-23
-272
-337
-385
-385
-359
-288
-258
-130
-85
-121
-178
-257
-363
-489
-586
-647
-634
-492
-203
123
578
923
1179
1131
995
763
500
260
148
-17
-189
-303
-371
-392
-365
-302
-255
-187
-111
-87
-97
-204
-281
-417
-533
-616
-647
-578
-428
-82
148
699
1076
1233
1139
959
711
466
310
134
0
-201
-281
-349
-365
-328
-272
-194
-125
-77
-51
-107
-175
-305
-418
-533
-578
-578
-506
-291
-41
479
847
1161
1207
1083
931
643
369
208
131
-44
-229
-309
-317
-364
-299
-236
-175
-108
-53
-66
-139
-221
-353
-460
-550
-615
-620
-466
-193
130
575
931
1150
1173
1010
789
517
294
155
0
-173
-281
-341
-381
-343
-300
-209
-181
-108
-80
-136
-170
-302
-383
-524
-612
-634
-575
-407
-103
148
683
969
1154
1099
911
666
407
223
141
-44
-217
-317
-366
-390
-360
-300
-244
-175
-118
-117
-140
-244
-319
-453
-562
-611
-632
-511
-294
-35
459
811
1115
1171
1042
855
595
357
183
139
-26
-227
-306
-365
-366
-306
-255
-179
-110
-95
-76
-143
-209
-363
-463
-605
-605
-575
-435
-169
127
601
963
1187
1155
1019
793
505
315
165
23
-82
-247
-331
-348
-331
-271
-181
-136
-55
-44
-74
-149
-281
-399
-507
-586
-574
-540
-359
-44
363
735
1039
1207
1127
951
674
419
234
131
-34
-201
-300
-345
-363
-333
-253
-197
-129
-65
-58
-130
-216
-332
-461
-572
-619
-619
-535
-294
-29
469
827
1081
1151
1047
826
571
325
169
75
-28
-265
-358
-386
-382
-315
-257
-191
-151
-103
-97
-172
-277
-399
-511
-618
-648
-556
-465
-181
117
581
914
1067
1131
959
746
479
266
151
-9
-193
-300
-377
-382
-367
-299
-234
-161
-75
-77
-105
-177
-278
-393
-514
-617
-605
-553
-343
-40
411
711
1033
1182
1123
905
679
419
255
127
-13
-194
-286
-323
-351
-320
-258
-175
-113
-47
-25
-109
-175
-306
-412
-523
-605
-560
-497
-260
-37
500
898
1171
1195
1059
847
579
335
185
139
-30
-246
-303
-349
-325
-293
-232
-210
-105
-51
-66
-131
-251
-349
-470
-549
-617
-583
-434
-160
131
596
929
1142
1147
955
733
485
267
123
-17
-165
-280
-339
-380
-348
-300
-250
-169
-101
-75
-108
-198
-307
-422
-538
-622
-635
-559
-384
-55
276
709
979
1145
1039
885
639
395
199
163
-44
-226
-311
-375
-375
-333
-274
-213
-131
-79
-61
-133
-229
-333
-463
-554
-626
-606
-492
-263
-27
494
841
1123
1139
1012
834
569
323
162
117
-43
-251
-332
-363
-327
-285
-234
-131
-76
-44
-54
-127
-232
-365
-465
-605
-609
-555
-432
-109
141
628
1001
1171
1167
976
756
481
281
119
-9
-137
-263
-330
-348
-323
-268
-211
-133
-47
-33
-75
-169
-250
-396
-495
-582
-605
-526
-342
-21
362
735
1031
1141
1045
885
628
386
212
133
-33
-225
-325
-385
-364
-317
-251
-204
-111
-53
-76
-127
-236
-332
-470
-572
-630
-631
-513
-248
-38
494
823
1076
1121
966
774
487
281
134
-24
-193
-271
-347
-385
-364
-329
-247
-172
-102
-73
-85
-168
-282
-377
-502
-608
-620
-577
-435
-129
115
624
947
1137
1076
903
673
419
251
118
-18
-194
-291
-343
-367
-325
-261
-216
-133
-53
-44
-82
-185
-278
-405
-522
-605
-586
-508
-329
-27
449
789
1087
1141
1059
819
595
367
193
123
-44
-226
-300
-352
-316
-289
-233
-143
-43
-41
-39
-108
-205
-346
-441
-531
-577
-575
-448
-195
139
564
859
1099
1123
981
787
503
320
163
-11
-124
-248
-352
-354
-339
-331
-213
-158
-80
11
-70
-165
-268
-397
-489
-605
-605
-579
-413
-101
147
633
931
1047
1007
889
641
411
206
133
-34
-204
-310
-370
-396
-348
-283
-211
-151
-86
-60
-123
-209
-317
-449
-554
-620
-615
-534
-332
-43
418
741
990
1091
971
803
563
337
169
116
-43
-253
-326
-378
-377
-327
-244
-172
-95
-44
-73
-119
-226
-333
-461
-559
-572
-582
-470
-201
130
547
884
1145
1016
979
746
493
299
162
15
-114
-268
-332
-335
-333
-281
-210
-140
-43
-44
-59
-140
-236
-373
-496
-556
-568
-536
-379
-62
201
707
982
1123
1065
957
681
419
274
131
-21
-209
-285
-364
-350
-303
-242
-197
-108
-44
-58
-82
-191
-327
-425
-522
-605
-605
-515
-303
-25
419
755
1033
1107
1003
811
629
354
180
116
-28
-266
-345
-385
-421
-323
-265
-184
-102
-43
-72
-121
-238
-356
-477
-571
-629
-605
-481
-209
67
523
834
1033
1065
895
695
466
276
131
-17
-181
-294
-363
-395
-366
-339
-235
-161
-81
-72
-102
-172
-268
-397
-514
-558
-605
-556
-375
-69
151
669
947
1123
1041
872
623
407
225
134
-25
-197
-300
-362
-364
-351
-269
-188
-122
-59
-10
-74
-173
-313
-409
-518
-605
-570
-481
-283
-27
446
795
1076
1147
1019
823
597
362
195
131
-59
-219
-303
-359
-349
-304
-167
-153
-66
-26
-43
-119
-215
-348
-491
-551
-605
-543
-453
-157
125
567
886
1051
1090
927
729
482
287
142
-5
-181
-275
-348
-377
-365
-266
-236
-140
-61
-61
-102
-189
-295
-422
-526
-605
-620
-541
-384
-51
145
628
923
991
998
847
607
395
218
147
-25
-219
-329
-390
-389
-369
-289
-220
-122
-95
-65
-138
-219
-314
-460
-541
-610
-578
-507
-305
-29
353
759
979
1097
1012
841
597
362
212
131
-20
-238
-312
-380
-367
-289
-267
-166
-103
-39
-39
-111
-227
-352
-497
-555
-578
-558
-433
-185
131
541
867
1086
1109
979
761
533
323
185
135
-33
-239
-338
-367
-327
-300
-222
-135
-51
-23
-10
-132
-262
-358
-481
-549
-556
-524
-357
-26
129
659
959
1101
1043
903
689
451
273
153
-7
-166
-270
-348
-365
-347
-300
-221
-130
-44
-47
-129
-181
-303
-437
-528
-605
-523
-496
-302
-28
375
735
1059
1063
1003
831
598
375
199
133
-41
-234
-329
-383
-379
-338
-284
-214
-140
-85
-76
-155
-244
-364
-474
-605
-641
-561
-492
-219
-28
499
821
1047
1075
923
758
542
307
165
11
-61
-254
-364
-378
-349
-297
-257
-171
-93
-59
-71
-155
-268
-421
-489
-550
-581
-537
-408
-108
145
635
917
1091
1079
949
730
499
291
162
-6
-165
-271
-344
-384
-361
-282
-223
-125
-47
-50
-67
-140
-263
-377
-505
-560
-551
-492
-325
-28
350
699
982
1127
1043
899
665
457
231
157
-21
-202
-294
-348
-362
-327
-279
-190
-119
-46
-29
-139
-189
-332
-446
-539
-586
-562
-476
-261
-19
467
786
1019
1091
987
813
585
337
210
131
-23
-247
-339
-373
-395
-345
-268
-241
-111
-65
-71
-172
-274
-369
-497
-605
-613
-581
-429
-204
31
495
827
997
1059
928
757
507
319
173
-9
-71
-281
-371
-389
-398
-341
-261
-172
-38
-70
-76
-165
-269
-393
-510
-573
-582
-524
-386
-131
133
609
927
1063
1067
931
727
500
311
148
6
-151
-205
-345
-383
-359
-292
-216
-147
-69
-44
-85
-172
-277
-396
-497
-577
-556
-513
-329
-44
257
675
985
1119
1059
949
721
475
291
143
-22
-129
-265
-351
-362
-341
-258
-204
-130
-62
-28
-106
-198
-333
-430
-524
-570
-556
-461
-284
-39
378
735
962
1091
1043
864
619
407
239
150
-21
-201
-342
-365
-375
-359
-274
-219
-146
-105
-76
-152
-233
-361
-466
-556
-609
-560
-481
-248
-42
447
763
1007
1111
979
782
570
372
171
141
-42
-259
-341
-408
-398
-333
-284
-253
-142
-101
-122
-183
-273
-376
-489
-620
-610
-551
-460
-174
43
511
835
1059
1099
974
774
557
343
227
116
-40
-247
-332
-364
-365
-307
-229
-166
-93
-58
-81
-172
-279
-391
-430
-574
-550
-533
-373
-109
135
619
919
1137
1108
953
753
527
299
180
57
-43
-242
-311
-367
-360
-284
-209
-140
-65
-75
-85
-165
-287
-400
-482
-568
-552
-492
-335
-50
307
661
981
1115
1065
920
719
475
282
142
-3
-162
-248
-346
-389
-363
-295
-229
-156
-77
-76
-122
-232
-284
-437
-535
-578
-556
-465
-286
-42
369
711
1011
1121
998
843
671
405
213
146
-38
-209
-318
-367
-384
-367
-310
-236
-161
-110
-106
-172
-215
-355
-476
-579
-613
-605
-480
-258
-40
459
785
1014
1091
1019
815
583
359
206
118
-49
-236
-334
-400
-396
-348
-286
-205
-133
-49
-81
-150
-244
-373
-487
-570
-585
-554
-428
-173
127
547
863
1077
1115
1011
819
559
350
178
131
-25
-214
-323
-353
-331
-287
-267
-175
-120
-44
-75
-149
-255
-383
-465
-527
-557
-515
-369
-96
155
625
959
1144
1127
985
753
511
337
183
107
-33
-247
-327
-362
-354
-296
-236
-165
-106
-67
-107
-175
-285
-421
-526
-605
-575
-513
-350
-31
166
671
959
1102
1076
879
694
451
251
129
-21
-117
-298
-362
-396
-348
-316
-248
-169
-95
-97
-135
-229
-339
-443
-559
-605
-605
-507
-317
-27
355
679
955
1054
1017
850
634
387
227
129
-18
-197
-328
-386
-394
-367
-290
-247
-157
-97
-93
-149
-236
-362
-460
-556
-605
-566
-476
-278
-29
399
743
1023
1119
1043
865
635
405
214
133
-28
-194
-305
-357
-363
-326
-261
-203
-118
-65
-77
-147
-229
-382
-454
-531
-583
-538
-444
-215
-19
482
823
1075
1122
1031
841
643
395
210
114
-7
-182
-300
-359
-362
-319
-250
-182
-110
-55
-49
-146
-221
-358
-476
-540
-605
-541
-428
-198
73
513
820
1051
1097
987
791
541
339
185
115
-37
-247
-330
-393
-370
-334
-261
-200
-133
-109
-117
-172
-294
-376
-492
-552
-608
-546
-427
-171
111
545
841
1059
1055
898
731
482
303
102
-7
-182
-288
-354
-396
-396
-328
-281
-184
-129
-108
-123
-191
-329
-426
-514
-605
-605
-540
-426
-140
135
562
874
1067
1049
923
717
483
283
148
65
-80
-258
-335
-382
-367
-331
-264
-167
-74
-49
-115
-199
-270
-428
-493
-556
-575
-500
-379
-95
153
617
899
1091
1083
931
715
467
307
181
34
-30
-254
-348
-367
-335
-294
-215
-145
-78
-58
-62
-172
-282
-382
-492
-553
-565
-497
-365
-71
127
641
919
1127
1091
914
719
486
311
153
7
-60
-268
-332
-405
-351
-307
-246
-143
-80
-62
-96
-106
-306
-402
-497
-556
-569
-515
-378
-101
138
631
923
1071
1062
929
705
488
289
138
-11
-159
-284
-341
-373
-381
-313
-244
-149
-75
-105
-166
-194
-295
-428
-536
-578
-570
-542
-361
-53
145
690
931
1105
997
895
675
419
261
148
-28
-178
-284
-353
-387
-349
-321
-213
-149
-69
-63
-113
-199
-301
-424
-503
-563
-556
-489
-301
-33
386
741
1013
1187
1019
883
661
404
263
139
-25
-179
-269
-349
-385
-350
-293
-215
-130
-87
-44
-98
-204
-332
-431
-506
-566
-544
-455
-274
-28
419
767
1045
1123
1015
843
593
391
227
148
-26
-187
-296
-369
-396
-353
-288
-221
-133
-62
-66
-99
-240
-303
-423
-503
-570
-554
-464
-282
-41
419
731
985
1043
986
847
603
367
212
135
-25
-241
-319
-396
-405
-369
-309
-265
-166
-97
-82
-138
-213
-323
-467
-546
-610
-581
-469
-248
-33
404
763
991
1051
948
785
533
337
154
137
-13
-248
-353
-411
-401
-364
-300
-207
-123
-65
-77
-163
-248
-364
-460
-553
-572
-540
-442
-189
142
537
850
1071
1059
959
755
519
315
163
127
-43
-247
-332
-363
-391
-330
-251
-178
-85
-38
-77
-141
-247
-352
-476
-524
-534
-522
-353
-33
131
643
931
1123
1076
931
739
497
308
163
21
-42
-247
-320
-346
-345
-293
-229
-135
-77
-62
-79
-150
-267
-376
-485
-556
-555
-514
-325
-41
357
694
967
1087
1015
859
641
419
229
127
-17
-198
-297
-363
-396
-377
-319
-248
-143
-82
-76
-120
-213
-301
-425
-527
-571
-557
-487
-286
-39
419
789
991
1031
948
770
545
323
197
133
-37
-244
-364
-401
-428
-380
-316
-253
-157
-82
-107
-145
-241
-348
-451
-537
-574
-582
-459
-205
106
533
831
1043
1059
931
735
494
307
143
87
-71
-240
-329
-396
-378
-337
-275
-191
-109
-44
-70
-137
-219
-326
-460
-530
-546
-500
-383
-79
151
635
931
1077
1011
887
710
468
275
181
7
-119
-255
-328
-370
-350
-309
-261
-144
-61
-29
-62
-133
-258
-282
-460
-520
-521
-450
-290
-42
395
751
992
1111
997
838
601
372
219
146
-29
-194
-298
-369
-387
-332
-317
-219
-157
-77
-62
-123
-182
-293
-406
-495
-539
-530
-474
-265
-44
447
774
987
1022
931
757
530
323
163
134
-33
-236
-333
-401
-424
-379
-315
-221
-162
-93
-102
-129
-230
-329
-439
-510
-574
-535
-461
-187
107
519
795
969
1015
882
681
483
291
135
17
-61
-244
-329
-379
-383
-364
-284
-217
-97
-67
-61
-123
-218
-357
-432
-500
-540
-489
-366
-93
149
615
923
1027
1019
867
675
414
265
141
-12
-140
-255
-332
-378
-352
-318
-236
-139
-69
-24
-46
-123
-222
-349
-438
-514
-524
-447
-261
-44
419
755
979
1071
975
818
591
387
235
137
-21
-193
-299
-337
-382
-346
-285
-221
-125
-66
-62
-94
-173
-295
-387
-479
-523
-540
-430
-186
122
511
808
995
1019
859
691
471
282
148
26
-37
-255
-347
-396
-384
-339
-277
-203
-137
-57
-101
-166
-253
-355
-460
-545
-579
-543
-410
-114
127
618
897
1034
947
801
599
369
212
147
-28
-183
-289
-361
-382
-391
-313
-268
-177
-93
-69
-108
-172
-263
-365
-464
-540
-526
-478
-292
-41
391
714
949
1027
931
771
569
336
207
149
-38
-197
-286
-362
-367
-357
-300
-239
-140
-45
-35
-65
-168
-274
-361
-441
-519
-487
-423
-205
62
491
771
985
1003
919
755
515
323
198
133
-37
-190
-293
-348
-358
-359
-267
-211
-107
-47
-55
-109
-186
-295
-399
-492
-511
-468
-397
-133
139
570
849
1009
971
852
679
419
285
135
13
-29
-240
-332
-375
-364
-347
-269
-206
-121
-73
-106
-130
-236
-346
-421
-508
-529
-479
-332
-55
139
595
871
967
911
787
577
385
210
147
-12
-184
-287
-346
-414
-391
-357
-291
-197
-131
-86
-114
-174
-267
-365
-455
-518
-515
-433
-273
-21
390
687
907
979
889
719
535
338
179
148
-26
-185
-289
-369
-378
-364
-322
-236
-142
-101
-58
-141
-155
-275
-365
-429
-471
-460
-397
-155
143
470
769
978
979
881
723
491
306
180
142
-35
-203
-297
-364
-359
-330
-280
-200
-125
-44
-57
-108
-202
-298
-396
-480
-494
-463
-326
-33
274
628
903
1001
962
795
603
383
243
145
-28
-133
-247
-338
-370
-391
-335
-267
-181
-117
-78
-118
-162
-251
-361
-439
-492
-489
-416
-202
-22
419
735
915
923
823
679
459
290
154
83
-40
-205
-322
-396
-410
-367
-350
-269
-157
-108
-109
-137
-232
-319
-412
-497
-492
-477
-343
-81
133
569
788
919
883
767
577
387
211
150
-11
-151
-271
-335
-401
-382
-370
-294
-203
-131
-108
-108
-161
-239
-329
-451
-485
-486
-405
-199
21
473
738
899
949
863
691
483
322
182
127
-22
-194
-289
-364
-391
-363
-318
-231
-140
-76
-73
-134
-170
-285
-364
-442
-437
-407
-275
-41
347
640
867
959
915
775
594
398
242
146
3
-29
-248
-313
-344
-385
-347
-284
-198
-130
-93
-101
-157
-255
-353
-439
-487
-464
-375
-69
139
560
787
931
915
815
603
406
259
151
7
-31
-247
-338
-396
-428
-380
-335
-244
-169
-127
-131
-173
-251
-346
-424
-481
-475
-391
-142
171
487
715
873
857
771
629
387
266
155
29
-44
-236
-333
-402
-425
-405
-365
-269
-182
-139
-133
-182
-236
-332
-401
-474
-465
-386
-170
123
484
725
899
906
794
643
448
307
175
135
-13
-238
-296
-385
-386
-389
-329
-257
-191
-125
-113
-170
-210
-301
-393
-445
-444
-353
-108
159
515
759
931
927
819
639
443
295
183
135
-26
-169
-278
-361
-364
-354
-303
-225
-150
-119
-105
-156
-220
-322
-411
-457
-453
-333
-93
149
547
788
891
879
787
628
404
247
153
66
-39
-211
-318
-396
-406
-332
-336
-265
-173
-133
-140
-181
-255
-338
-426
-474
-434
-304
-35
148
553
779
873
825
725
519
360
221
143
-14
-108
-247
-359
-412
-434
-373
-341
-247
-189
-155
-161
-216
-277
-359
-424
-483
-457
-279
-23
307
611
783
870
837
707
511
339
217
155
-21
-140
-267
-348
-402
-399
-364
-299
-209
-160
-135
-156
-213
-268
-373
-409
-436
-367
-172
74
419
695
863
875
803
651
484
318
211
114
0
-174
-251
-337
-396
-361
-336
-237
-172
-114
-111
-133
-200
-277
-354
-396
-386
-289
-59
145
535
742
881
866
779
598
415
309
171
135
-29
-203
-306
-376
-395
-365
-322
-231
-163
-139
-124
-172
-254
-332
-384
-412
-378
-211
-39
369
609
771
815
779
659
502
323
205
147
-7
-153
-270
-364
-416
-396
-377
-320
-241
-163
-155
-172
-217
-314
-365
-417
-415
-319
-109
121
475
667
790
803
697
563
403
255
146
116
-27
-204
-328
-379
-415
-428
-341
-284
-214
-145
-166
-193
-270
-342
-410
-431
-369
-201
-23
350
595
777
803
755
657
497
340
211
147
5
-53
-261
-345
-393
-414
-364
-297
-204
-154
-139
-161
-210
-278
-348
-369
-361
-233
-42
151
531
723
811
814
721
569
401
276
193
118
-29
-171
-283
-361
-376
-348
-312
-236
-169
-131
-130
-162
-239
-310
-353
-348
-287
-97
135
415
611
751
774
706
565
419
308
212
147
3
-157
-253
-364
-410
-393
-365
-300
-211
-192
-177
-167
-243
-301
-370
-346
-288
-114
-44
253
468
551
611
596
523
419
336
251
163
113
-39
-182
-274
-311
-332
-321
-285
-244
-208
-201
-214
-217
-270
-313
-332
-298
-221
-76
110
330
497
587
639
587
515
404
311
228
137
3
-44
-230
-289
-364
-380
-348
-300
-238
-209
-206
-201
-225
-262
-287
-273
-211
-76
47
286
471
587
632
615
521
419
339
258
187
162
-27
-147
-239
-300
-332
-325
-268
-224
-191
-185
-205
-226
-247
-267
-268
-207
-83
103
298
419
563
622
607
551
419
371
275
198
131
-15
-135
-239
-299
-332
-349
-269
-255
-213
-201
-234
-243
-268
-297
-283
-228
-97
-30
175
419
523
559
555
500
404
340
276
174
141
-28
-142
-268
-317
-339
-339
-307
-269
-165
-229
-230
-265
-277
-309
-266
-246
-121
-45
131
394
475
532
539
513
389
331
230
199
145
-13
-134
-240
-321
-351
-322
-285
-268
-237
-224
-233
-266
-282
-294
-275
-223
-129
-26
118
347
445
523
537
494
419
353
278
227
142
33
-44
-172
-266
-309
-309
-271
-253
-231
-204
-210
-236
-268
-251
-244
-204
-114
-12
132
343
446
513
550
517
465
382
326
253
177
150
-13
-153
-204
-272
-281
-253
-255
-230
-220
-216
-221
-247
-239
-233
-182
-103
-31
131
307
405
497
507
487
457
363
295
244
153
113
-18
-161
-216
-283
-290
-264
-257
-231
-217
-251
-261
-253
-278
-253
-204
-134
-54
133
283
363
419
466
450
405
343
277
230
137
113
-15
-167
-225
-270
-306
-309
-272
-244
-236
-244
-266
-263
-281
-244
-223
-138
-37
107
139
335
405
419
403
379
323
280
226
135
131
-18
-137
-211
-248
-274
-272
-258
-248
-230
-220
-239
-231
-230
-217
-177
-111
-44
116
147
308
402
451
449
404
377
326
255
195
149
-6
-38
-172
-202
-226
-223
-223
-215
-200
-217
-220
-198
-204
-171
-151
-93
-51
100
148
327
372
419
419
414
383
331
291
213
135
38
-12
-113
-175
-221
-242
-217
-219
-222
-214
-216
-221
-231
-220
-187
-113
-26
94
134
279
354
403
404
403
359
328
266
180
143
19
-25
-144
-188
-218
-236
-242
-251
-251
-237
-220
-242
-231
-209
-187
-159
-26
29
103
238
311
359
374
363
339
294
229
161
153
-9
-33
-133
-189
-248
-243
-246
-246
-235
-241
-255
-238
-244
-220
-186
-138
-44
-15
119
238
319
355
387
359
336
308
255
191
145
30
-25
-105
-171
-187
-221
-214
-211
-199
-186
-204
-213
-187
-192
-168
-114
-54
38
131
242
297
371
373
372
361
319
279
239
157
119
-18
-25
-123
-167
-203
-217
-197
-187
-186
-193
-158
-185
-181
-143
-106
-47
53
115
244
294
353
403
379
359
323
265
230
163
118
-12
-25
-118
-144
-185
-192
