13
5
24
-14
0
-22
15
6
0
0
-17
-21
-12
-15
-11
-1
5
3
17
18
15
13
20
10
38
9
19
-6
20
27
20
21
34
39
31
55
20
20
24
24
21
54
52
55
51
59
79
62
57
53
70
52
82
86
75
83
84
93
95
85
95
93
110
106
116
103
99
148
94
99
139
102
110
111
95
107
88
91
102
107
100
101
101
111
95
91
97
109
94
97
93
113
95
74
34
87
55
89
62
52
59
66
75
86
84
75
135
78
66
71
67
55
54
53
42
36
36
31
39
21
17
6
19
24
7
10
3
11
-25
11
5
7
5
9
-13
-13
-11
-9
-5
-7
-10
-25
-37
-7
-6
5
-5
-37
-9
-11
-5
20
-6
6
1
0
-1
18
-7
34
25
21
20
19
20
20
19
26
33
43
36
-13
-10
-14
-9
38
47
59
82
94
93
38
85
84
94
84
79
81
81
77
81
78
67
81
84
31
74
75
75
83
99
82
87
87
83
99
90
102
101
105
91
95
84
99
87
84
99
83
91
87
95
73
69
82
59
59
75
49
62
52
73
62
52
68
52
53
62
65
45
50
53
38
31
39
41
19
25
9
17
14
6
18
15
19
1
12
-43
-9
6
-23
-53
-140
-174
-143
-124
-161
-200
-200
-139
-106
-69
-45
46
144
129
129
183
206
229
263
263
216
159
116
-15
-7
-238
-314
-351
-375
-392
-346
-333
-259
-219
-142
-81
-22
-11
103
119
284
419
707
859
793
669
417
215
145
-152
-363
-411
-353
-291
-285
-236
-208
-146
-103
-50
-59
-76
-46
-46
-43
-60
-47
-45
-29
31
59
85
136
119
212
267
419
570
807
949
859
675
457
221
114
-111
-250
-316
-268
-217
-206
-177
-137
-123
-98
-106
-135
-140
-140
-138
-138
-143
-129
-99
-58
-35
6
90
139
306
447
687
931
927
788
550
227
62
-267
-397
-441
-387
-333
-300
-248
-205
-187
-153
-159
-156
-195
-195
-198
-220
-236
-225
-207
-177
-149
-108
-58
-29
123
289
485
739
1019
905
755
463
248
141
-240
-428
-482
-439
-394
-369
-334
-299
-248
-229
-214
-221
-254
-229
-242
-247
-270
-255
-233
-194
-137
-69
-30
121
319
523
809
1115
1141
987
693
398
117
-33
-360
-413
-396
-362
-316
-295
-244
-203
-151
-133
-137
-142
-143
-156
-191
-213
-213
-187
-153
-74
-53
-10
101
219
470
741
1077
1311
1279
963
639
354
131
-42
-353
-396
-347
-334
-299
-268
-233
-173
-140
-134
-142
-169
-181
-182
-241
-255
-273
-247
-203
-133
-96
-25
121
341
539
851
1219
1332
1147
837
515
194
-39
-321
-469
-475
-428
-407
-419
-364
-326
-261
-236
-268
-265
-260
-270
-297
-359
-334
-355
-347
-272
-193
-102
-34
145
407
687
1059
1271
1237
947
587
257
116
-297
-508
-567
-513
-489
-471
-449
-396
-311
-268
-254
-263
-254
-258
-286
-354
-374
-373
-338
-309
-202
-102
-49
133
417
692
1082
1479
1515
1255
805
419
159
-33
-401
-511
-476
-438
-413
-378
-344
-284
-221
-202
-190
-188
-201
-225
-271
-318
-359
-338
-293
-177
-119
-33
183
373
611
931
1475
1697
1492
1073
666
297
89
-268
-451
-486
-427
-403
-383
-359
-311
-257
-219
-218
-220
-221
-253
-300
-378
-405
-402
-377
-309
-220
-58
-5
247
483
801
1235
1626
1557
1155
711
341
142
-265
-491
-559
-572
-483
-467
-455
-432
-345
-301
-287
-306
-303
-328
-365
-418
-492
-497
-476
-427
-351
-214
-65
131
372
639
1043
1415
1547
1259
786
404
146
-193
-503
-616
-614
-543
-529
-493
-467
-386
-337
-327
-326
-300
-323
-345
-396
-488
-508
-511
-457
-371
-237
-77
116
354
594
979
1403
1716
1443
995
555
219
-31
-358
-535
-538
-487
-464
-434
-413
-364
-280
-257
-273
-255
-261
-266
-334
-400
-438
-463
-433
-345
-239
-97
55
323
562
918
1475
1807
1683
1259
743
361
147
-251
-469
-540
-510
-452
-478
-408
-366
-313
-261
-261
-269
-244
-285
-314
-403
-478
-514
-508
-437
-335
-197
-30
146
419
747
1219
1721
1731
1323
799
419
137
-261
-542
-625
-569
-547
-524
-493
-467
-442
-359
-352
-347
-335
-336
-414
-450
-556
-579
-605
-558
-481
-332
-143
-35
305
607
1039
1506
1663
1347
853
419
141
-37
-500
-636
-607
-587
-540
-558
-513
-447
-385
-361
-364
-345
-348
-371
-430
-511
-556
-565
-556
-442
-358
-170
-37
145
531
953
1503
1803
1653
1113
628
267
1
-322
-524
-556
-521
-489
-460
-463
-375
-317
-293
-279
-273
-274
-281
-323
-410
-487
-520
-497
-445
-332
-194
-41
148
499
882
1443
1779
1891
1364
831
445
145
-35
-524
-515
-505
-463
-463
-440
-383
-330
-293
-284
-286
-284
-274
-333
-401
-492
-561
-552
-527
-423
-297
-61
125
419
731
1223
1783
1955
1525
931
523
147
-34
-426
-575
-572
-539
-525
-524
-476
-433
-364
-357
-349
-335
-347
-375
-445
-540
-605
-614
-620
-543
-428
-223
-39
144
527
953
1547
1803
1571
1107
595
229
-51
-396
-633
-613
-579
-550
-544
-539
-461
-419
-379
-364
-362
-333
-351
-416
-510
-562
-633
-618
-556
-447
-277
-34
139
419
819
1427
1871
1907
1411
821
419
137
-190
-475
-544
-524
-497
-475
-467
-431
-357
-307
-301
-300
-277
-298
-334
-397
-496
-534
-575
-524
-444
-282
-81
116
419
731
1239
1891
1955
1759
1131
641
263
55
-347
-482
-460
-476
-461
-451
-441
-378
-313
-297
-300
-311
-300
-335
-376
-478
-540
-605
-582
-514
-407
-236
-44
133
517
923
1539
1955
1887
1375
807
372
131
-267
-487
-556
-541
-524
-524
-510
-517
-428
-386
-377
-380
-348
-368
-427
-493
-555
-642
-677
-632
-565
-414
-199
-44
327
627
1074
1635
1879
1635
1067
623
207
-18
-411
-513
-605
-575
-540
-540
-497
-470
-407
-381
-383
-391
-364
-344
-435
-511
-605
-632
-641
-605
-486
-284
-45
123
488
852
1419
1943
1955
1547
912
473
154
-49
-409
-505
-497
-475
-457
-444
-417
-374
-319
-301
-284
-297
-285
-327
-396
-477
-531
-572
-542
-482
-337
-157
-14
362
647
1139
1739
1955
1955
1382
788
375
131
-227
-425
-491
-475
-463
-435
-424
-406
-335
-329
-300
-314
-316
-318
-378
-409
-491
-563
-575
-577
-489
-426
-139
-5
372
692
1172
1721
1955
1775
1257
634
254
-26
-350
-510
-556
-525
-528
-529
-497
-442
-406
-392
-365
-386
-362
-390
-444
-500
-605
-650
-683
-646
-531
-390
-149
-12
379
721
1255
1723
1947
1567
969
491
169
-38
-438
-551
-578
-542
-524
-525
-489
-421
-397
-386
-391
-347
-348
-383
-428
-511
-605
-638
-652
-582
-502
-300
-80
139
419
841
1473
1955
1955
1587
981
507
148
-26
-422
-502
-515
-480
-455
-450
-423
-373
-315
-318
-298
-313
-295
-332
-379
-450
-508
-556
-556
-524
-424
-241
-36
131
571
919
1527
1955
1955
1623
977
537
179
-41
-376
-481
-479
-459
-444
-447
-402
-345
-328
-310
-302
-347
-329
-348
-421
-489
-556
-605
-605
-560
-466
-265
-42
133
530
923
1507
1955
1955
1471
867
419
102
-250
-455
-543
-567
-539
-513
-497
-456
-420
-396
-392
-399
-390
-386
-428
-555
-556
-635
-683
-670
-651
-513
-303
-83
117
479
871
1439
1891
1923
1371
807
387
139
-282
-489
-605
-565
-528
-518
-519
-487
-426
-406
-382
-392
-394
-374
-433
-460
-556
-623
-642
-650
-606
-479
-283
-55
137
547
947
1551
1955
1955
1506
891
483
135
-76
-399
-479
-486
-459
-461
-426
-382
-343
-346
-348
-332
-305
-320
-342
-389
-476
-551
-575
-586
-542
-405
-220
-42
151
591
1059
1643
1955
1955
1588
947
484
142
-41
-385
-466
-457
-433
-441
-428
-398
-370
-335
-357
-357
-349
-343
-364
-426
-511
-568
-647
-650
-605
-485
-277
-45
120
543
947
1519
1955
1955
1471
869
419
148
-242
-447
-534
-538
-527
-497
-500
-471
-437
-427
-423
-411
-426
-397
-451
-495
-605
-649
-716
-703
-656
-530
-355
-76
110
458
874
1415
1898
1947
1419
853
446
148
-221
-441
-540
-533
-525
-510
-489
-462
-411
-374
-387
-374
-406
-396
-396
-476
-541
-605
-635
-651
-610
-488
-303
-67
135
500
907
1510
1955
1955
1627
1012
543
187
-25
-354
-451
-453
-441
-428
-403
-376
-332
-303
-326
-330
-310
-325
-333
-389
-474
-534
-617
-605
-562
-462
-289
-25
135
527
884
1487
1955
1955
1791
1153
635
257
-27
-331
-430
-466
-444
-440
-446
-415
-381
-342
-341
-363
-366
-343
-396
-428
-497
-568
-641
-643
-605
-529
-377
-129
-9
395
735
1243
1831
1955
1783
1251
662
340
-17
-349
-484
-524
-524
-489
-489
-476
-515
-396
-416
-423
-432
-412
-442
-480
-550
-605
-699
-715
-689
-623
-477
-241
-14
134
596
1065
1675
1955
1843
1271
723
313
133
-318
-497
-538
-495
-487
-428
-471
-451
-394
-389
-393
-398
-396
-387
-431
-469
-562
-624
-647
-648
-605
-458
-222
-37
199
611
1067
1699
1955
1955
1545
915
483
143
-41
-381
-437
-442
-422
-393
-406
-367
-283
-307
-315
-347
-337
-329
-370
-426
-473
-581
-620
-605
-540
-451
-244
-62
125
567
981
1561
1955
1955
1699
1071
573
215
-14
-367
-412
-470
-426
-421
-425
-397
-370
-357
-377
-374
-392
-411
-430
-457
-524
-605
-650
-653
-622
-527
-355
-134
121
415
803
1363
1859
1955
1655
1079
583
197
-60
-381
-449
-550
-505
-492
-492
-473
-435
-417
-413
-462
-428
-432
-469
-489
-556
-645
-716
-718
-697
-622
-458
-230
-62
304
699
978
1727
1955
1835
1347
739
331
130
-301
-473
-522
-461
-479
-469
-476
-436
-396
-396
-394
-395
-416
-402
-460
-513
-557
-615
-647
-635
-556
-428
-202
-29
339
667
1167
1770
1955
1955
1555
911
469
105
-99
-364
-428
-405
-389
-381
-374
-359
-318
-303
-326
-332
-343
-395
-373
-437
-489
-559
-611
-577
-543
-430
-220
-24
291
651
1127
1743
1955
1955
1631
982
503
131
-21
-382
-467
-441
-446
-428
-433
-383
-364
-364
-376
-400
-373
-411
-437
-492
-550
-618
-655
-654
-625
-489
-297
-54
143
545
965
1555
1955
1955
1594
931
489
134
-230
-446
-463
-514
-506
-488
-485
-461
-419
-412
-439
-451
-460
-457
-487
-539
-610
-662
-694
-725
-668
-541
-344
-93
133
502
926
1493
1955
1955
1641
1023
523
159
-40
-376
-466
-476
-466
-443
-460
-431
-374
-366
-380
-394
-420
-396
-428
-470
-523
-605
-629
-620
-566
-475
-298
-45
139
565
982
1623
1955
1955
1865
1235
655
248
-15
-284
-380
-397
-397
-377
-390
-354
-307
-312
-310
-332
-363
-373
-383
-459
-530
-575
-605
-631
-562
-465
-265
-30
139
597
1059
1635
1955
1955
1771
1123
610
206
-49
-333
-442
-446
-428
-427
-414
-411
-364
-389
-369
-402
-401
-423
-457
-531
-531
-639
-662
-636
-605
-524
-301
-44
131
581
1091
1647
1955
1955
1571
951
461
138
-239
-458
-493
-514
-492
-483
-486
-441
-427
-426
-414
-465
-475
-478
-540
-554
-605
-659
-693
-665
-617
-491
-286
-28
138
611
1091
1739
1955
1955
1537
916
419
115
-261
-437
-482
-480
-462
-438
-445
-415
-384
-382
-395
-379
-396
-435
-482
-517
-581
-613
-642
-573
-524
-358
-163
3
419
835
1443
1955
1955
1955
1491
849
393
123
-265
-385
-433
-406
-397
-398
-379
-330
-226
-318
-345
-364
-358
-393
-442
-477
-539
-585
-605
-575
-505
-350
-79
119
500
914
1523
1955
1955
1955
1291
703
284
-29
-332
-429
-460
-421
-423
-433
-406
-364
-362
-365
-398
-417
-499
-495
-550
-605
-637
-666
-652
-605
-492
-306
-51
138
595
1081
1707
1955
1955
1555
927
467
123
-268
-495
-503
-502
-493
-476
-481
-442
-428
-418
-434
-460
-457
-462
-552
-566
-605
-659
-684
-667
-605
-457
-255
-37
147
663
1193
1785
1955
1955
1531
867
335
148
-275
-418
-460
-460
-428
-438
-425
-405
-347
-333
-362
-383
-397
-424
-476
-507
-562
-530
-586
-556
-526
-332
-103
125
523
971
1619
1955
1955
1955
1383
754
323
135
-275
-405
-406
-391
-383
-362
-341
-317
-298
-317
-306
-336
-393
-363
-379
-519
-554
-583
-559
-527
-421
-209
-28
323
703
1204
1919
1955
1955
1635
995
491
213
-75
-377
-407
-429
-401
-413
-405
-382
-385
-355
-364
-395
-412
-430
-488
-553
-611
-652
-665
-641
-552
-387
-166
-9
443
855
1507
1955
1955
1849
1247
643
230
-29
-373
-486
-489
-461
-476
-464
-443
-428
-398
-411
-418
-408
-462
-524
-577
-620
-655
-657
-674
-605
-479
-277
-28
147
649
1210
1891
1955
1955
1531
931
419
125
-254
-417
-446
-447
-420
-411
-410
-368
-339
-345
-366
-377
-374
-398
-449
-489
-540
-566
-605
-553
-476
-295
-41
131
589
1095
1755
1955
1955
1955
1267
692
279
-26
-290
-365
-379
-349
-349
-354
-319
-299
-259
-285
-331
-321
-331
-365
-429
-502
-517
-562
-574
-500
-380
-162
-21
409
819
1443
1955
1955
1955
1505
853
407
142
-271
-396
-417
-407
-396
-405
-406
-359
-332
-345
-364
-373
-389
-421
-485
-534
-605
-621
-642
-605
-524
-301
-76
125
561
1055
1723
1955
1955
1679
1001
555
132
-207
-430
-486
-475
-459
-478
-481
-446
-458
-423
-425
-417
-434
-460
-476
-543
-605
-648
-654
-618
-566
-410
-203
-35
411
843
1482
1955
1955
1943
1236
643
215
-38
-373
-462
-462
-445
-428
-431
-396
-353
-344
-331
-357
-337
-340
-382
-422
-478
-533
-565
-561
-541
-415
-215
-44
310
675
1239
1955
1955
1955
1699
987
522
127
-37
-364
-402
-385
-364
-363
-338
-332
-268
-268
-281
-291
-279
-289
-362
-422
-506
-540
-556
-556
-470
-301
-81
111
489
929
1645
1955
1955
1919
1251
660
247
-34
-348
-432
-427
-423
-395
-393
-396
-357
-322
-348
-363
-364
-355
-417
-454
-533
-585
-638
-621
-572
-451
-248
-39
227
691
1235
1939
1955
1955
1391
737
326
51
-342
-476
-506
-476
-455
-476
-428
-410
-371
-379
-401
-390
-332
-402
-460
-507
-565
-622
-633
-605
-534
-365
-137
67
447
910
1523
1955
1955
1883
1083
639
181
-44
-403
-461
-449
-415
-421
-409
-358
-326
-322
-319
-319
-306
-294
-334
-373
-454
-520
-556
-553
-507
-401
-177
-37
355
707
1223
1955
1955
1955
1611
973
511
119
-139
-366
-414
-400
-351
-349
-335
-300
-268
-254
-280
-284
-266
-305
-357
-403
-478
-500
-556
-528
-449
-293
-104
116
515
954
1627
1955
1955
1903
1226
647
237
-28
-346
-446
-460
-415
-411
-399
-370
-332
-318
-343
-359
-345
-349
-367
-415
-465
-546
-605
-619
-583
-474
-290
-55
145
564
1051
1525
1955
1955
1493
867
419
163
-268
-464
-492
-492
-489
-467
-441
-428
-396
-386
-395
-401
-381
-395
-444
-506
-555
-621
-620
-624
-528
-381
-185
-44
419
893
1479
1955
1955
1767
1108
599
193
-34
-363
-466
-460
-448
-417
-398
-361
-321
-305
-300
-281
-320
-349
-335
-391
-444
-526
-539
-545
-495
-390
-182
-27
371
766
1343
1955
1955
1955
1535
889
419
145
-220
-389
-422
-377
-379
-351
-325
-288
-260
-287
-288
-283
-282
-289
-323
-400
-461
-529
-553
-565
-457
-270
-38
113
547
1043
1723
1955
1955
1763
1122
577
174
-46
-366
-438
-445
-385
-409
-395
-364
-323
-329
-326
-355
-287
-364
-398
-443
-507
-574
-605
-557
-540
-417
-225
-28
343
727
1236
1871
1955
1851
1290
718
307
-5
-344
-465
-523
-476
-466
-460
-427
-405
-348
-355
-402
-396
-394
-426
-455
-505
-553
-605
-586
-584
-477
-310
-74
131
602
1120
1769
1955
1955
1586
931
500
159
-221
-421
-444
-444
-429
-384
-369
-339
-306
-297
-316
-307
-304
-316
-377
-409
-460
-495
-508
-488
-434
-293
-61
130
522
979
1607
1955
1955
1955
1335
734
321
52
-293
-357
-410
-365
-353
-341
-310
-282
-268
-262
-265
-265
-281
-301
-362
-399
-466
-492
-510
-463
-366
-181
-41
340
707
1227
1858
1955
1955
1611
907
491
121
-191
-406
-435
-428
-396
-369
-384
-351
-313
-328
-335
-327
-330
-301
-369
-438
-510
-548
-581
-567
-524
-365
-140
25
399
793
1371
1955
1955
1802
1251
663
243
-44
-383
-486
-471
-473
-459
-439
-414
-383
-358
-365
-349
-366
-364
-403
-453
-514
-546
-605
-582
-549
-429
-258
-39
145
655
1209
1827
1955
1955
1499
867
419
130
-255
-401
-428
-435
-396
-366
-358
-339
-300
-279
-293
-287
-267
-299
-341
-390
-455
-503
-524
-505
-427
-298
-58
142
519
963
1583
1955
1955
1955
1313
741
310
84
-281
-370
-381
-347
-333
-303
-296
-279
-237
-257
-277
-268
-207
-302
-345
-399
-456
-465
-487
-453
-348
-177
-41
278
675
1187
1859
1955
1955
1592
950
484
133
-206
-394
-449
-412
-396
-393
-377
-350
-321
-319
-332
-332
-317
-314
-358
-413
-495
-536
-566
-567
-500
-348
-161
-28
378
781
1330
1907
1955
1759
1172
661
243
-60
-364
-472
-492
-474
-457
-442
-437
-397
-362
-362
-375
-346
-339
-362
-413
-462
-524
-563
-570
-567
-476
-285
-49
147
531
982
1583
1955
1955
1621
998
527
155
-45
-371
-449
-444
-398
-389
-405
-337
-315
-300
-295
-286
-269
-287
-316
-353
-412
-460
-479
-492
-430
-313
-146
-28
379
757
1233
1941
1955
1955
1443
879
419
138
-214
-354
-402
-367
-350
-327
-315
-297
-267
-246
-267
-270
-264
-271
-294
-348
-422
-462
-499
-473
-431
-277
-69
116
487
919
1475
1955
1955
1795
1254
658
250
-12
-335
-428
-443
-413
-396
-406
-387
-328
-339
-334
-325
-311
-330
-350
-371
-443
-508
-545
-566
-543
-443
-277
-55
138
535
1045
1603
1955
1935
1419
830
415
142
-269
-444
-488
-488
-459
-459
-442
-401
-368
-348
-371
-365
-364
-360
-389
-387
-478
-527
-525
-562
-492
-380
-185
-27
315
707
1187
1763
1955
1773
1275
735
303
109
-304
-460
-437
-405
-391
-397
-369
-332
-301
-284
-299
-298
-284
-284
-333
-359
-428
-473
-499
-476
-395
-238
-37
133
511
931
1555
1955
1955
1807
1155
647
253
-25
-326
-390
-412
-375
-355
-332
-348
-283
-263
-274
-286
-285
-264
-278
-318
-368
-448
-476
-483
-441
-359
-191
-44
146
654
1107
1691
1955
1955
1419
863
414
143
-217
-397
-450
-444
-417
-407
-399
-364
-329
-323
-330
-333
-319
-329
-375
-411
-460
-546
-541
-563
-508
-397
-213
-21
212
654
1125
1643
1941
1715
1211
675
251
-22
-366
-489
-511
-502
-481
-463
-446
-407
-382
-371
-364
-377
-338
-377
-399
-444
-511
-553
-570
-557
-434
-332
-118
123
467
927
1471
1951
1955
1555
967
515
139
-46
-365
-441
-454
-417
-439
-375
-355
-321
-293
-294
-307
-279
-278
-296
-342
-394
-429
-481
-487
-455
-341
-160
-31
310
666
1175
1827
1955
1955
1462
853
479
116
-201
-374
-395
-382
-344
-355
-318
-308
-282
-265
-269
-268
-253
-299
-325
-300
-421
-428
-492
-476
-410
-299
-93
121
483
883
1443
1955
1955
1714
1075
587
195
-28
-351
-440
-444
-428
-419
-394
-403
-351
-328
-323
-346
-332
-346
-363
-396
-445
-503
-550
-551
-524
-445
-290
-74
145
539
970
1535
1927
1875
1333
823
373
155
-307
-460
-518
-503
-477
-463
-447
-421
-373
-345
-364
-385
-357
-367
-391
-428
-469
-521
-525
-533
-482
-378
-175
-30
315
735
1207
1767
1955
1691
1140
671
259
-26
-309
-428
-445
-422
-412
-385
-377
-338
-294
-301
-310
-293
-285
-293
-307
-364
-402
-440
-465
-453
-368
-234
-42
226
567
1035
1578
1955
1955
1621
1051
579
166
-42
-321
-407
-393
-353
-364
-345
-313
-297
-251
-273
-236
-255
-255
-275
-299
-425
-421
-463
-492
-462
-362
-184
-34
123
641
1179
1687
1955
1899
1359
811
387
143
-259
-402
-469
-446
-429
-417
-392
-269
-332
-325
-332
-353
-343
-349
-394
-413
-477
-523
-544
-547
-494
-336
-161
-73
399
835
1323
1827
1911
1507
991
500
153
0
-415
-476
-521
-500
-473
-466
-439
-402
-357
-364
-351
-340
-349
-366
-413
-448
-492
-529
-523
-511
-423
-236
-1
137
597
1057
1633
1943
1807
1377
827
417
141
-242
-381
-428
-428
-405
-380
-371
-329
-314
-289
-299
-269
-277
-286
-317
-357
-405
-437
-475
-473
-426
-289
-93
119
468
883
1415
1955
1955
1827
1215
683
292
66
-294
-374
-391
-394
-379
-375
-353
-347
-343
-333
-258
-268
-291
-299
-317
-375
-381
-461
-478
-452
-392
-195
-41
135
599
1129
1675
1955
1955
1479
885
446
148
-261
-398
-464
-471
-453
-461
-444
-389
-366
-328
-346
-343
-323
-306
-369
-425
-487
-532
-553
-541
-489
-365
-175
-24
331
727
1279
1749
1935
1667
1123
599
227
-37
-386
-522
-518
-527
-493
-491
-428
-396
-363
-357
-341
-353
-363
-384
-427
-462
-502
-525
-537
-524
-425
-273
-44
183
563
1003
1590
1955
1955
1499
929
483
148
-207
-398
-460
-478
-446
-419
-412
-364
-325
-302
-289
-283
-286
-287
-319
-358
-401
-453
-473
-469
-414
-285
-93
117
453
849
1402
1955
1955
1843
1283
751
318
115
-271
-396
-426
-424
-417
-386
-355
-310
-353
-303
-272
-261
-251
-285
-331
-391
-434
-471
-511
-468
-415
-268
-47
148
526
995
1562
1955
1955
1571
994
519
131
-109
-397
-476
-502
-477
-471
-454
-404
-366
-355
-370
-367
-346
-356
-382
-446
-403
-513
-552
-551
-497
-410
-206
-45
231
692
1217
1717
1943
1611
1147
628
248
-12
-378
-528
-561
-556
-518
-493
-468
-405
-349
-322
-435
-422
-364
-369
-418
-458
-487
-530
-533
-522
-428
-298
-63
122
507
949
1507
1943
1955
1499
931
527
131
-80
-392
-462
-491
-453
-447
-409
-377
-331
-300
-342
-290
-286
-301
-304
-361
-402
-453
-465
-430
-430
-318
-113
27
407
787
1332
1903
1955
1907
1299
771
369
125
-268
-401
-450
-460
-426
-400
-373
-332
-295
-284
-282
-268
-325
-294
-353
-348
-441
-473
-540
-480
-396
-253
-47
116
521
985
1599
1955
1955
1528
961
489
148
-140
-396
-508
-519
-497
-475
-439
-410
-367
-364
-363
-363
-359
-385
-399
-427
-481
-529
-553
-551
-510
-396
-207
-17
235
691
1223
1723
1923
1633
1094
607
227
-25
-439
-605
-556
-545
-534
-507
-474
-428
-391
-373
-369
-348
-359
-387
-429
-457
-523
-540
-510
-515
-425
-281
-67
122
523
971
1519
1947
1920
1467
907
487
133
-136
-385
-455
-497
-460
-447
-411
-385
-311
-274
-239
-290
-283
-290
-334
-366
-409
-442
-453
-443
-414
-277
-82
116
419
831
1371
1907
1955
1827
1237
713
319
142
-274
-398
-423
-442
-415
-394
-379
-315
-283
-274
-268
-284
-305
-326
-361
-407
-456
-475
-489
-465
-376
-218
-44
147
607
1091
1651
1955
1906
1427
871
451
133
-248
-415
-486
-508
-497
-492
-472
-424
-381
-365
-351
-349
-349
-357
-399
-459
-499
-540
-543
-549
-477
-355
-202
-28
357
737
1223
1711
1909
1539
1044
564
190
-9
-404
-524
-550
-552
-529
-494
-458
-408
-380
-357
-364
-354
-378
-383
-450
-474
-526
-549
-540
-523
-398
-251
-43
137
596
1076
1650
1955
1847
1365
827
395
129
-263
-402
-461
-472
-443
-430
-419
-358
-309
-290
-301
-281
-284
-291
-317
-361
-438
-474
-462
-472
-497
-262
-62
130
471
897
1493
1955
1955
1731
1103
643
227
-31
-316
-401
-430
-418
-413
-411
-362
-300
-284
-293
-275
-284
-283
-322
-363
-416
-463
-470
-479
-463
-351
-220
-41
145
603
1091
1643
1955
1899
1335
810
394
125
-269
-434
-500
-506
-492
-473
-444
-390
-364
-327
-333
-332
-336
-364
-399
-443
-508
-555
-560
-563
-500
-373
-201
-41
347
743
1223
1746
1865
1515
1031
555
157
-44
-423
-508
-545
-549
-519
-477
-450
-396
-368
-359
-362
-367
-378
-394
-438
-478
-523
-556
-547
-539
-428
-270
-49
136
581
1039
1607
1955
1875
1375
839
419
147
-239
-409
-465
-476
-459
-443
-403
-342
-317
-293
-273
-302
-278
-297
-337
-377
-401
-453
-464
-460
-401
-283
-105
83
404
811
1377
1955
1955
1835
1237
715
303
127
-294
-398
-440
-433
-428
-393
-346
-294
-268
-254
-261
-243
-268
-331
-344
-409
-440
-466
-489
-458
-395
-217
-41
130
599
1051
1625
1955
1955
1443
883
458
153
-217
-395
-470
-492
-476
-455
-427
-397
-349
-322
-309
-301
-321
-344
-391
-429
-449
-524
-556
-539
-495
-384
-207
-33
289
727
1204
1747
1955
1653
1102
619
224
-44
-371
-492
-540
-497
-503
-459
-445
-375
-354
-335
-364
-326
-329
-387
-414
-459
-517
-605
-554
-524
-454
-301
-70
119
519
986
1585
1891
1890
1443
882
458
121
-236
-402
-459
-477
-456
-452
-414
-336
-315
-305
-286
-273
-268
-301
-342
-391
-425
-489
-522
-483
-435
-306
-150
-23
361
771
1329
1903
1955
1801
1275
727
333
153
-275
-396
-454
-457
-426
-410
-358
-341
-299
-283
-247
-284
-238
-332
-374
-426
-473
-507
-521
-491
-410
-269
-44
123
525
963
1535
1943
1915
1467
927
499
145
-109
-416
-473
-483
-471
-461
-432
-396
-433
-335
-346
-345
-346
-362
-395
-460
-507
-540
-551
-555
-515
-393
-251
-43
123
645
1175
1659
1855
1619
1087
628
244
-15
-366
-492
-531
-510
-494
-474
-431
-384
-362
-344
-349
-318
-345
-369
-419
-466
-488
-544
-549
-517
-428
-288
-74
134
532
1000
1536
1919
1867
1410
891
491
141
-111
-379
-447
-441
-427
-410
-330
-335
-289
-321
-265
-269
-257
-270
-313
-364
-427
-460
-487
-476
-416
-285
-122
-9
401
799
1345
1907
1955
1770
1273
709
311
107
-284
-393
-428
-412
-428
-379
-344
-317
-297
-268
-277
-269
-295
-343
-378
-428
-465
-505
-499
-476
-382
-263
-53
135
539
1015
1551
1955
1787
1332
839
419
143
-254
-423
-491
-469
-470
-398
-445
-386
-364
-339
-349
-344
-341
-372
-419
-460
-518
-557
-572
-575
-505
-396
-189
-44
142
725
1235
1679
1845
1489
979
561
180
-47
-415
-495
-522
-494
-476
-460
-418
-376
-343
-332
-352
-331
-355
-409
-416
-477
-503
-535
-525
-474
-412
-241
-60
136
555
1061
1627
1945
1811
1279
799
387
169
-257
-391
-437
-427
-396
-384
-359
-310
-270
-254
-257
-263
-257
-268
-305
-346
-414
-463
-466
-463
-382
-285
-101
122
455
883
1443
1955
1955
1633
1091
603
231
-12
-300
-396
-397
-387
-383
-349
-321
-279
-251
-268
-232
-273
-285
-341
-375
-414
-458
-492
-492
-449
-364
-203
-37
147
665
1179
1695
1931
1685
1262
705
301
-10
-313
-434
-475
-444
-450
-446
-416
-363
-332
-338
-329
-332
-331
-348
-402
-460
-520
-556
-583
-569
-480
-337
-172
-48
387
795
1271
1707
1717
1343
835
465
138
-188
-429
-515
-503
-469
-457
-447
-390
-349
-363
-333
-323
-341
-334
-381
-429
-471
-529
-528
-540
-489
-391
-221
-31
142
646
1171
1690
1947
1683
1264
701
319
103
-300
-432
-428
-427
-399
-370
-340
-285
-261
-271
-255
-243
-241
-281
-329
-382
-417
-473
-480
-447
-373
-234
-46
131
515
979
1551
1953
1955
1602
995
523
179
-30
-327
-374
-396
-382
-369
-337
-305
-281
-250
-280
-267
-262
-289
-341
-375
-443
-466
-497
-483
-461
-329
-209
-38
146
683
1205
1675
1879
1647
1123
675
279
-31
-321
-437
-449
-453
-434
-429
-398
-352
-311
-332
-327
-341
-343
-361
-431
-488
-521
-572
-561
-554
-457
-328
-137
-3
419
874
1359
1746
1707
1295
803
402
139
-261
-447
-453
-471
-472
-456
-422
-379
-357
-345
-347
-334
-307
-341
-370
-424
-486
-523
-539
-537
-478
-375
-204
-37
131
629
1123
1639
1891
1671
1251
730
351
137
-265
-376
-411
-389
-389
-348
-332
-293
-268
-257
-267
-255
-237
-268
-314
-377
-417
-460
-460
-460
-339
-236
-44
133
485
887
1507
1955
1955
1567
1017
573
191
-44
-301
-378
-395
-373
-369
-332
-287
-257
-259
-251
-268
-270
-303
-332
-379
-449
-466
-492
-476
-442
-331
-158
-41
238
699
1199
1684
1923
1667
1171
691
295
-22
-329
-435
-455
-449
-449
-423
-396
-343
-332
-354
-315
-327
-345
-414
-415
-463
-515
-569
-575
-563
-463
-337
-153
-27
355
789
1195
1727
1779
1403
867
499
119
-82
-400
-396
-481
-470
-433
-419
-377
-336
-318
-347
-329
-332
-358
-379
-429
-466
-502
-522
-520
-462
-381
-221
-37
135
601
1081
1659
1955
1731
1271
783
374
129
-251
-382
-424
-397
-383
-351
-326
-284
-254
-269
-253
-303
-233
-268
-284
-350
-399
-444
-458
-459
-396
-251
-80
95
419
766
1347
1832
1955
1684
1179
687
295
105
-288
-349
-396
-375
-357
-332
-297
-254
-244
-255
-225
-237
-275
-320
-341
-407
-439
-474
-492
-463
-383
-237
-65
119
491
911
1467
1871
1807
1363
846
457
143
-239
-396
-443
-444
-433
-416
-395
-363
-318
-323
-326
-300
-305
-331
-358
-407
-465
-535
-556
-545
-522
-401
-253
-56
117
559
998
1465
1739
1563
1110
692
310
85
-315
-428
-480
-461
-433
-406
-383
-363
-305
-310
-312
-300
-335
-323
-383
-420
-485
-506
-526
-495
-443
-321
-156
-31
337
751
1242
1763
1907
1578
1067
631
244
-11
-313
-386
-390
-361
-359
-327
-294
-239
-236
-231
-236
-221
-221
-251
-297
-364
-396
-451
-463
-433
-365
-211
-47
125
419
867
1383
1847
1923
1731
1012
599
230
-6
-305
-354
-373
-350
-355
-318
-273
-259
-230
-263
-215
-251
-272
-297
-367
-396
-457
-475
-479
-461
-394
-219
-53
129
495
959
1495
1835
1735
1295
821
415
147
-244
-398
-449
-433
-418
-414
-379
-350
-318
-301
-313
-294
-301
-315
-351
-406
-477
-524
-540
-556
-505
-413
-248
-83
123
495
963
1426
1743
1623
1127
719
356
145
-310
-431
-456
-458
-428
-423
-377
-347
-297
-290
-293
-271
-295
-316
-361
-412
-450
-507
-510
-508
-437
-330
-173
-50
346
727
1251
1767
1939
1607
1129
667
277
-18
-285
-371
-396
-375
-364
-332
-291
-246
-219
-220
-222
-202
-206
-223
-278
-329
-389
-447
-444
-441
-367
-209
-57
119
419
838
1347
1843
1915
1607
1087
649
258
-14
-290
-393
-389
-355
-361
-323
-300
-273
-236
-236
-244
-247
-267
-281
-343
-425
-454
-474
-494
-459
-357
-257
-76
127
500
922
1442
1857
1809
1343
849
419
125
-243
-399
-461
-455
-449
-423
-390
-341
-312
-311
-317
-307
-321
-319
-369
-406
-474
-513
-554
-540
-530
-422
-271
-75
129
495
930
1415
1749
1631
1258
767
356
121
-290
-429
-487
-460
-439
-422
-377
-335
-318
-290
-305
-283
-297
-330
-357
-426
-455
-492
-513
-479
-437
-319
-151
-38
308
714
1241
1739
1943
1683
1169
683
309
51
-282
-389
-415
-396
-385
-348
-289
-241
-236
-236
-215
-219
-205
-244
-295
-358
-486
-431
-472
-431
-359
-229
-57
111
419
873
1443
1947
1955
1611
1089
615
227
-29
-332
-418
-414
-398
-386
-332
-291
-261
-236
-295
-267
-232
-297
-300
-349
-422
-466
-485
-492
-402
-364
-236
-37
135
527
1004
1515
1871
1767
1323
835
410
133
-267
-421
-482
-485
-463
-428
-396
-349
-329
-311
-315
-329
-326
-365
-382
-428
-492
-525
-536
-562
-493
-380
-236
-61
123
618
1125
1579
1827
1599
1123
658
273
-21
-362
-481
-496
-492
-450
-433
-364
-306
-285
-286
-301
-271
-297
-329
-355
-422
-476
-497
-522
-506
-421
-284
-121
-17
418
789
1363
1875
1955
1577
1107
642
243
-34
-322
-402
-412
-383
-364
-331
-297
-244
-220
-240
-213
-202
-227
-277
-297
-385
-432
-442
-453
-413
-330
-205
-33
150
553
1012
1590
1955
1923
1491
963
517
121
-30
-358
-421
-417
-389
-381
-355
-286
-268
-243
-268
-241
-251
-301
-318
-396
-427
-460
-492
-482
-458
-363
-222
-41
139
577
1051
1543
1908
1719
1273
766
357
133
-310
-441
-477
-473
-485
-430
-397
-355
-336
-314
-332
-303
-323
-319
-380
-428
-493
-540
-530
-539
-497
-390
-156
-59
148
619
1143
1611
1825
1587
1083
631
250
-14
-368
-479
-489
-482
-423
-419
-384
-314
-295
-300
-284
-248
-293
-306
-349
-385
-455
-499
-489
-473
-401
-294
-124
-7
402
839
1387
1911
1955
1619
1118
621
227
63
-316
-409
-403
-369
-346
-300
-268
-220
-206
-233
-211
-226
-242
-255
-327
-347
-401
-450
-440
-397
-320
-201
-54
142
587
1062
1699
1955
1947
1479
919
494
141
-22
-351
-415
-417
-402
-368
-332
-277
-263
-258
-248
-236
-243
-263
-317
-381
-407
-467
-497
-494
-446
-354
-207
-21
135
611
1113
1665
1899
1647
1183
703
317
-15
-330
-434
-488
-479
-438
-416
-366
-342
-309
-332
-303
-315
-319
-329
-405
-474
-500
-542
-555
-540
-457
-351
-204
-26
135
709
1223
1711
1731
1507
1017
563
127
-57
-387
-459
-463
-459
-412
-383
-339
-300
-284
-285
-295
-279
-300
-331
-374
-422
-449
-481
-502
-463
-395
-244
-60
125
503
959
1524
1955
1955
1522
981
545
159
-29
-370
-407
-405
-391
-347
-305
-268
-207
-216
-216
-218
-225
-223
-274
-331
-373
-439
-453
-441
-399
-299
-149
-31
143
647
1075
1783
1955
1879
1435
863
449
145
-246
-405
-418
-431
-385
-373
-336
-282
-253
-255
-261
-255
-263
-294
-331
-385
-438
-492
-506
-493
-450
-332
-171
-28
263
731
1247
1716
1851
1603
1086
614
214
-25
-370
-447
-491
-492
-438
-413
-385
-335
-321
-299
-319
-319
-348
-361
-432
-487
-515
-575
-575
-527
-460
-330
-169
-41
399
851
1355
1810
1815
1439
961
517
146
-109
-413
-460
-486
-443
-425
-401
-332
-299
-300
-286
-280
-263
-317
-364
-375
-445
-476
-502
-492
-452
-347
-199
-43
143
587
1067
1615
1955
1858
1403
885
471
137
-213
-349
-402
-396
-366
-359
-283
-262
-236
-236
-223
-215
-251
-273
-323
-373
-425
-459
-460
-437
-381
-244
-95
82
406
826
1395
1891
1955
1727
1247
691
298
-12
-314
-402
-431
-409
-402
-364
-327
-277
-283
-269
-283
-279
-300
-319
-373
-427
-469
-497
-473
-463
-405
-263
-97
106
419
871
1411
1839
1850
1443
931
495
115
-217
-414
-474
-513
-489
-460
-437
-364
-349
-337
-333
-323
-343
-384
-413
-460
-517
-556
-543
-529
-503
-409
-250
-57
135
602
1111
1601
1915
1686
1217
727
321
90
-322
-441
-493
-469
-444
-430
-383
-348
-300
-309
-300
-285
-337
-364
-389
-428
-463
-497
-481
-462
-375
-247
-56
123
491
931
1515
1955
1955
1619
1055
595
193
-29
-345
-402
-414
-384
-357
-323
-285
-231
-243
-248
-238
-263
-265
-321
-365
-391
-426
-447
-459
-354
-296
-145
-19
307
679
1241
1801
1955
1899
1383
833
387
139
-275
-380
-438
-435
-398
-374
-341
-300
-268
-277
-287
-306
-300
-340
-396
-428
-471
-494
-555
-492
-438
-307
-133
-27
386
806
1300
1803
1859
1499
1019
569
166
-43
-379
-482
-507
-476
-470
-459
-389
-353
-337
-339
-349
-377
-405
-459
-492
-515
-552
-556
-553
-514
-396
-241
-59
139
623
1122
1658
1915
1695
1239
731
327
116
-325
-460
-491
-481
-458
-428
-383
-348
-310
-298
-309
-309
-300
-323
-380
-411
-458
-481
-511
-489
-422
-287
-109
55
407
809
1427
1907
1955
1667
1178
674
259
-15
-305
-400
-423
-393
-374
-339
-289
-246
-222
-235
-230
-329
-268
-317
-372
-410
-426
-465
-447
-394
-325
-172
-38
122
656
1163
1799
1955
1906
1394
866
419
138
-251
-395
-446
-433
-425
-382
-338
-299
-282
-274
-283
-274
-308
-325
-386
-423
-471
-505
-521
-524
-434
-297
-22
-34
368
802
1353
1839
1909
1563
1015
563
165
-28
-427
-507
-518
-492
-474
-453
-396
-349
-349
-343
-346
-282
-378
-415
-510
-510
-542
-556
-581
-522
-428
-267
-81
127
579
1059
1607
1914
1717
1237
740
353
139
-321
-445
-492
-460
-458
-419
-374
-332
-323
-290
-290
-313
-311
-333
-364
-421
-459
-489
-485
-489
-400
-284
-111
-13
387
835
1422
1947
1955
1711
1141
661
261
-18
-316
-421
-402
-383
-350
-338
-284
-244
-235
-243
-237
-219
-251
-286
-339
-393
-450
-443
-446
-407
-331
-186
-25
141
673
1154
1763
1955
1953
1389
843
489
127
-283
-409
-461
-425
-358
-386
-300
-297
-255
-281
-272
-283
-307
-333
-387
-419
-470
-494
-492
-503
-446
-322
-166
-25
330
762
1323
1827
1939
1575
1107
564
171
-43
-423
-479
-511
-506
-461
-442
-379
-334
-335
-307
-352
-362
-370
-428
-447
-487
-524
-549
-568
-523
-442
-281
-97
113
539
1026
1577
1913
1783
1295
809
359
127
-317
-442
-482
-479
-442
-429
-369
-332
-275
-271
-300
-301
-317
-348
-350
-409
-465
-492
-492
-481
-410
-294
-131
-26
393
839
1419
1955
1955
1719
1194
691
260
-11
-319
-396
-428
-385
-362
-341
-295
-236
-235
-223
-197
-267
-268
-316
-368
-407
-423
-460
-427
-396
-342
-203
-40
137
650
1139
1758
1955
1955
1415
867
419
136
-255
-378
-481
-441
-398
-382
-346
-304
-258
-281
-279
-279
-326
-370
-397
-430
-472
-483
-525
-499
-457
-310
-151
-45
369
843
1363
1891
1929
1561
1059
594
180
-30
-478
-492
-535
-517
-487
-428
-391
-351
-346
-341
-357
-365
-395
-411
-462
-497
-535
-550
-520
-513
-413
-278
-93
118
539
1039
1643
1947
1843
1339
825
418
123
-290
-434
-487
-487
-459
-415
-364
-315
-263
-293
-298
-295
-345
-365
-393
-428
-438
-461
-477
-460
-396
-285
-114
84
419
913
1539
1955
1955
1715
1162
663
259
-38
-325
-396
-431
-373
-366
-334
-264
-236
-231
-231
-243
-244
-270
-302
-349
-413
-433
-434
-460
-426
-319
-177
-44
119
675
1183
1815
1955
1955
1428
871
404
115
-257
-399
-451
-441
-428
-391
-347
-302
-284
-274
-302
-304
-343
-350
-387
-417
-476
-492
-508
-497
-431
-321
-169
-37
369
839
1397
1895
1955
1551
1030
569
174
-45
-421
-508
-530
-518
-477
-449
-394
-346
-339
-363
-406
-375
-412
-430
-476
-508
-531
-553
-518
-502
-417
-284
-58
135
563
1082
1667
1955
1819
1327
819
376
155
-321
-458
-500
-488
-441
-431
-364
-331
-285
-280
-317
-300
-313
-343
-391
-413
-448
-471
-473
-461
-423
-267
-93
97
419
883
1481
1955
1955
1719
1151
674
243
-27
-312
-395
-402
-395
-385
-332
-268
-243
-237
-229
-254
-255
-266
-306
-358
-387
-421
-449
-469
-416
-332
-169
0
153
617
1167
1781
1955
1955
1443
873
449
143
-271
-401
-439
-453
-421
-393
-345
-298
-275
-269
-283
-300
-308
-339
-395
-433
-473
-505
-511
-502
-434
-321
-162
-25
330
757
1269
1749
1935
1587
1076
590
196
-45
-401
-489
-524
-497
-492
-430
-375
-343
-337
-333
-349
-376
-413
-425
-445
-492
-517
-529
-531
-516
-423
-285
-95
138
497
990
1619
1955
1891
1403
853
445
153
-282
-459
-489
-473
-464
-397
-374
-323
-285
-291
-299
-303
-322
-346
-364
-417
-441
-476
-443
-449
-396
-282
-137
-23
401
949
1443
1955
1955
1787
1269
703
273
-19
-332
-402
-410
-396
-391
-326
-262
-253
-223
-233
-233
-223
-251
-315
-319
-378
-423
-460
-450
-437
-331
-198
-44
169
583
1077
1715
1955
1955
1529
951
523
135
-206
-400
-460
-432
-422
-392
-351
-300
-268
-247
-284
-299
-305
-339
-380
-419
-463
-492
-489
-496
-455
-343
-197
-41
133
723
1214
1803
1955
1671
1075
643
231
-45
-407
-491
-533
-493
-470
-445
-378
-333
-337
-345
-349
-357
-364
-384
-431
-471
-497
-541
-505
-489
-423
-284
-113
84
483
931
1559
1923
1882
1429
885
483
142
-251
-411
-482
-482
-455
-423
-353
-306
-276
-251
-267
-285
-300
-318
-342
-382
-427
-415
-451
-438
-397
-277
-145
-27
331
759
1343
1955
1955
1851
1334
771
371
127
-290
-396
-425
-396
-369
-339
-288
-225
-222
-213
-223
-253
-269
-295
-341
-375
-403
-428
-422
-363
-280
-227
-44
174
547
1003
1623
1955
1955
1545
955
523
145
-191
-393
-460
-462
-424
-409
-366
-310
-268
-268
-288
-269
-295
-332
-367
-396
-438
-471
-493
-497
-465
-364
-233
-54
137
635
1143
1697
1931
1602
1173
682
291
3
-395
-519
-543
-523
-506
-454
-374
-362
-323
-314
-332
-331
-354
-373
-422
-467
-492
-556
-530
-511
-451
-237
-140
-17
384
803
1361
1843
1815
1478
931
531
116
-187
-425
-485
-492
-475
-431
-368
-322
-281
-207
-281
-263
-279
-300
-337
-377
-411
-437
-488
-442
-400
-311
-168
-31
145
651
1187
1799
1955
1919
1395
859
419
129
-282
-399
-454
-416
-397
-313
-300
-248
-218
-203
-236
-221
-241
-278
-297
-354
-357
-409
-412
-396
-356
-244
-109
100
417
815
1387
1879
1955
1643
1114
661
207
-44
-369
-450
-476
-450
-375
-354
-305
-261
-258
-268
-268
-284
-319
-332
-382
-425
-468
-477
-487
-460
-357
-244
-78
119
515
975
1518
1877
1781
1323
823
395
135
-350
-494
-554
-546
-507
-471
-416
-365
-335
-326
-334
-335
-357
-395
-419
-431
-439
-503
-495
-494
-444
-332
-181
-31
194
737
1187
1809
1915
1571
1077
591
195
-51
-420
-505
-511
-489
-428
-390
-332
-289
-266
-274
-258
-271
-278
-300
-350
-391
-396
-430
-418
-396
-347
-204
-31
145
566
1059
1635
1955
1939
1443
884
465
142
-236
-384
-448
-421
-396
-362
-301
-255
-141
-223
-222
-221
-214
-268
-300
-345
-364
-407
-414
-396
-354
-261
-110
-6
399
787
1337
1859
1955
1675
1131
667
242
-39
-375
-477
-488
-451
-412
-379
-320
-273
-268
-269
-331
-283
-298
-326
-368
-410
-443
-469
-473
-469
-383
-274
-107
131
474
947
1471
1827
1715
1274
793
359
116
-361
-505
-556
-556
-497
-459
-428
-354
-311
-332
-316
-310
-333
-327
-391
-441
-484
-483
-517
-513
-450
-350
-204
-53
141
675
1207
1679
1723
1557
1067
615
244
-37
-401
-502
-507
-463
-427
-397
-338
-266
-251
-269
-251
-251
-253
-299
-329
-369
-396
-412
-410
-397
-332
-219
-44
130
475
931
1507
1955
1911
1523
998
535
157
-79
-373
-448
-460
-417
-341
-301
-251
-216
-201
-205
-193
-204
-205
-248
-315
-358
-395
-406
-413
-396
-283
-152
-34
148
639
1145
1707
1947
1749
1236
755
340
38
-343
-461
-471
-476
-428
-393
-340
-279
-251
-253
-275
-268
-281
-314
-341
-403
-426
-472
-497
-480
-405
-284
-165
-41
282
731
1230
1683
1698
1435
950
497
131
-234
-483
-534
-553
-517
-540
-418
-381
-294
-325
-313
-300
-313
-339
-358
-398
-444
-467
-497
-494
-464
-393
-273
-110
-46
419
875
1435
1763
1749
1342
866
449
129
-303
-451
-522
-491
-460
-415
-342
-290
-273
-236
-246
-237
-253
-257
-297
-334
-384
-396
-413
-428
-387
-273
-152
-33
213
692
1203
1751
1955
1731
1275
763
340
55
-305
-437
-453
-421
-382
-341
-253
-221
-232
-203
-221
-215
-227
-251
-298
-334
-374
-396
-412
-414
-369
-220
-69
85
419
862
1403
1865
1915
1525
1019
564
148
-49
-418
-475
-482
-457
-407
-366
-325
-264
-257
-254
-267
-275
-304
-338
-391
-428
-450
-485
-475
-445
-351
-225
-82
141
535
1030
1555
1803
1687
1218
715
275
-29
-399
-531
-565
-546
-511
-441
-411
-340
-316
-319
-322
-328
-332
-347
-374
-414
-463
-479
-492
-465
-424
-309
-147
-31
308
771
1165
1731
1823
1467
1004
553
171
-44
-411
-413
-503
-482
-428
-366
-304
-261
-251
-259
-244
-254
-278
-320
-312
-374
-393
-401
-408
-389
-289
-151
-42
118
635
1151
1699
1955
1859
1367
857
397
131
-279
-423
-465
-449
-421
-347
-280
-242
-190
-205
-219
-194
-238
-259
-293
-338
-364
-407
-423
-411
-338
-223
-72
1
383
820
1315
1815
1955
1635
1081
617
193
-28
-401
-505
-493
-472
-437
-379
-323
-284
-253
-285
-262
-305
-309
-341
-375
-428
-455
-469
-460
-446
-386
-251
-65
131
497
931
1443
1787
1699
1273
758
359
117
-346
-479
-569
-555
-522
-455
-428
-360
-338
-321
-318
-325
-324
-365
-395
-432
-467
-506
-492
-492
-429
-323
-158
-39
165
733
1215
1711
1791
1557
1039
602
181
-31
-425
-500
-495
-470
-420
-377
-310
-271
-238
-267
-247
-242
-266
-338
-332
-364
-408
-413
-423
-428
-315
-157
-44
142
535
986
1567
1955
1955
1507
955
500
147
-229
-397
-434
-446
-418
-358
-303
-268
-220
-211
-221
-194
-239
-269
-300
-333
-360
-385
-415
-410
-352
-258
-153
-7
193
715
1227
1735
1947
1739
1223
707
291
-26
-373
-497
-510
-471
-474
-398
-343
-286
-269
-270
-284
-265
-300
-335
-375
-423
-460
-463
-489
-466
-396
-283
-124
-42
345
791
1251
1717
1731
1369
911
479
135
-300
-480
-561
-545
-542
-464
-431
-384
-332
-315
-332
-332
-329
-346
-377
-417
-443
-475
-493
-503
-447
-351
-229
-47
134
564
1031
1562
1813
1655
1235
721
326
-10
-347
-479
-524
-486
-457
-406
-349
-299
-250
-229
-244
-229
-224
-268
-289
-342
-392
-400
-409
-407
-330
-236
-97
38
379
774
1235
1811
1955
1681
1129
679
267
-31
-373
-522
-459
-428
-385
-301
-297
-239
-204
-217
-205
-228
-242
-255
-306
-371
-382
-411
-434
-405
-348
-208
-53
135
481
950
1492
1907
1803
1395
883
451
139
-268
-443
-515
-497
-454
-408
-364
-309
-277
-266
-273
-285
-279
-310
-341
-396
-424
-465
-489
-487
-466
-338
-232
-54
120
535
1007
1547
1763
1591
1140
693
259
-13
-416
-550
-571
-534
-502
-461
-396
-348
-317
-325
-325
-298
-331
-357
-390
-443
-460
-473
-487
-477
-396
-300
-140
-15
355
803
1215
1738
1807
1443
959
513
147
-210
-444
-510
-492
-462
-416
-357
-290
-257
-251
-262
-248
-236
-248
-268
-298
-337
-395
-396
-418
-391
-305
-191
-42
138
548
1003
1571
1929
1835
1379
913
468
129
-239
-413
-478
-460
-396
-355
-300
-251
-229
-221
-220
-215
-227
-248
-285
-323
-371
-385
-428
-426
-384
-278
-161
-31
125
690
1203
1707
1915
1619
1155
658
248
-44
-373
-491
-520
-489
-429
-393
-334
-277
-282
-277
-294
-297
-332
-332
-395
-412
-440
-483
-477
-474
-411
-297
-144
-43
390
837
1315
1735
1691
1289
781
407
119
-342
-503
-567
-556
-520
-469
-427
-363
-320
-286
-325
-314
-312
-327
-359
-393
-446
-465
-492
-499
-467
-363
-204
-59
116
555
1035
1535
1833
1643
1243
721
326
-18
-359
-464
-502
-475
-435
-375
-310
-268
-237
-236
-241
-241
-244
-266
-302
-344
-370
-369
-405
-410
-346
-236
-93
-17
375
811
1417
1827
1955
1623
1105
635
205
-37
-366
-437
-443
-409
-338
-311
-268
-209
-231
-235
-210
-213
-223
-273
-291
-329
-385
-402
-439
-399
-332
-221
-49
117
479
931
1434
1835
1775
1379
883
468
154
-268
-443
-493
-489
-442
-411
-361
-308
-282
-270
-282
-269
-301
-343
-361
-399
-428
-457
-462
-491
-421
-358
-234
-52
137
569
1051
1519
1767
1503
1098
635
228
-45
-440
-556
-577
-540
-505
-456
-389
-342
-346
-315
-330
-225
-303
-330
-362
-389
-430
-467
-492
-460
-403
-313
-157
-28
307
741
1235
1699
1774
1443
982
547
159
-42
-399
-489
-480
-438
-407
-354
-305
-241
-241
-242
-227
-213
-255
-274
-333
-351
-375
-399
-425
-387
-295
-204
-23
142
570
1009
1559
1955
1827
1379
883
419
131
-269
-428
-448
-432
-396
-359
-299
-211
-233
-219
-223
-215
-235
-240
-262
-329
-359
-416
-417
-423
-389
-284
-145
-51
138
710
1187
1687
1827
1571
1105
646
228
-38
-396
-474
-495
-461
-450
-396
-353
-300
-285
-300
-291
-287
-306
-336
-369
-421
-457
-479
-491
-469
-402
-301
-145
-38
481
767
1219
1615
1643
1315
831
419
143
-329
-491
-546
-540
-511
-494
-441
-366
-337
-315
-322
-296
-309
-302
-354
-410
-431
-458
-476
-460
-435
-326
-208
-34
129
582
1079
1555
1807
1599
1187
699
294
-17
-371
-462
-500
-460
-425
-382
-307
-261
-253
-242
-231
-229
-239
-267
-300
-346
-394
-396
-425
-385
-328
-221
-69
107
415
834
1397
1819
1909
1571
1071
590
198
-47
-348
-428
-458
-421
-369
-325
-264
-133
-226
-220
-246
-223
-253
-290
-318
-367
-405
-427
-380
-396
-299
-222
-57
151
547
1043
1566
1866
1653
1251
784
370
86
-317
-460
-508
-494
-458
-411
-361
-261
-284
-299
-303
-296
-290
-320
-355
-391
-431
-474
-481
-503
-431
-337
-195
-19
148
683
1139
1607
1649
1377
931
519
137
-125
-446
-524
-545
-502
-464
-423
-364
-315
-318
-310
-310
-306
-342
-373
-396
-434
-451
-476
-467
-415
-364
-240
-81
131
500
931
1475
1747
1697
1253
785
382
123
-297
-443
-486
-460
-423
-381
-313
-268
-243
-240
-242
-236
-236
-265
-300
-327
-351
-392
-431
-401
-351
-243
-106
-21
358
727
1227
1763
1955
1635
1171
675
274
-46
-329
-458
-460
-416
-366
-319
-273
-231
-214
-239
-236
-235
-257
-277
-345
-364
-387
-445
-428
-398
-319
-223
-61
133
507
971
1463
1811
1769
1347
867
419
141
-282
-457
-510
-503
-477
-413
-364
-312
-299
-299
-307
-302
-324
-342
-378
-412
-437
-457
-480
-478
-432
-348
-206
-37
139
619
1094
1571
1707
1507
977
585
159
-55
-451
-540
-577
-545
-493
-442
-371
-332
-315
-326
-331
-332
-331
-361
-364
-423
-454
-462
-460
-483
-379
-282
-133
-44
382
858
1383
1795
1759
1355
894
483
147
-267
-432
-502
-487
-446
-392
-332
-286
-253
-231
-247
-236
-238
-253
-289
-323
-346
-369
-390
-396
-350
-267
-119
3
135
627
1108
1715
1875
1699
1275
775
391
143
-268
-415
-454
-422
-393
-339
-302
-239
-220
-241
-255
-244
-268
-278
-309
-347
-364
-413
-422
-426
-354
-268
-122
-33
326
753
1210
1695
1799
1483
1012
579
168
-44
-397
-520
-505
-500
-445
-407
-344
-315
-303
-305
-313
-310
-342
-364
-396
-428
-471
-476
-486
-472
-399
-267
-140
91
479
879
1483
1671
1535
1187
723
299
-14
-348
-518
-551
-555
-508
-456
-396
-335
-315
-318
-333
-313
-347
-364
-374
-411
-428
-444
-443
-438
-402
-287
-161
-39
263
724
1201
1666
1723
1475
1027
597
180
-41
-358
-457
-464
-447
-396
-357
-286
-266
-255
-271
-268
-247
-251
-278
-323
-346
-384
-379
-404
-377
-298
-166
-33
151
549
998
1531
1907
1794
1371
875
451
148
-233
-402
-460
-437
-398
-348
-309
-255
-246
-268
-248
-259
-283
-299
-358
-383
-387
-406
-417
-428
-367
-279
-137
-41
267
703
1183
1663
1769
1487
1047
615
217
-57
-396
-492
-526
-492
-444
-415
-373
-332
-322
-338
-343
-323
-346
-337
-374
-428
-457
-460
-482
-460
-409
-286
-125
-26
379
803
1199
1667
1611
1241
825
419
117
-299
-467
-539
-530
-499
-458
-395
-357
-300
-321
-323
-331
-339
-336
-369
-377
-438
-428
-424
-441
-379
-289
-174
-44
142
697
1173
1651
1839
1617
1155
685
265
-23
-313
-429
-447
-428
-389
-331
-289
-246
-236
-248
-236
-233
-231
-251
-273
-315
-338
-359
-383
-362
-278
-156
-31
137
499
931
1551
1891
1897
1539
1012
550
150
-9
-364
-427
-427
-396
-353
-303
-261
-237
-241
-275
-253
-268
-282
-318
-349
-373
-411
-412
-410
-382
-275
-172
-65
139
619
1095
1659
1843
1593
1155
667
273
-28
-365
-475
-517
-508
-463
-421
-402
-338
-347
-334
-343
-337
-346
-353
-392
-428
-456
-466
-492
-476
-428
-295
-161
-44
335
705
1225
1638
1619
1332
875
449
164
-268
-466
-521
-506
-503
-398
-414
-364
-327
-366
-338
-350
-339
-347
-384
-389
-429
-443
-447
-428
-405
-313
-190
-28
142
591
1043
1531
1915
1679
1307
740
326
66
-300
-431
-471
-454
-405
-359
-302
-262
-230
-236
-237
-235
-240
-257
-282
-309
-337
-364
-361
-353
-300
-194
-53
133
419
841
1367
1955
1909
1635
1151
637
218
-53
-330
-421
-421
-391
-364
-290
-261
-236
-220
-236
-239
-274
-277
-284
-315
-359
-383
-396
-391
-381
-294
-190
-42
145
555
975
1524
1827
1699
1253
819
375
127
-314
-446
-499
-479
-454
-428
-369
-332
-316
-315
-310
-317
-313
-341
-334
-369
-413
-447
-473
-491
-424
-332
-213
-31
152
631
1073
1557
1755
1443
1031
586
195
-45
-426
-537
-534
-514
-462
-414
-367
-332
-332
-306
-315
-331
-329
-343
-357
-402
-428
-447
-451
-417
-349
-247
-95
52
419
855
1371
1779
1777
1427
921
485
146
-236
-417
-460
-465
-424
-381
-332
-302
-251
-250
-257
-244
-257
-287
-296
-306
-355
-358
-364
-360
-327
-242
-121
-44
201
692
1215
1707
1911
1711
1263
767
361
131
-301
-420
-462
-422
-390
-344
-295
-266
-236
-255
-251
-254
-268
-295
-294
-331
-364
-402
-405
-403
-339
-248
-104
-31
350
757
1227
1687
1779
1479
1011
591
174
-61
-409
-462
-515
-481
-454
-402
-362
-329
-325
-310
-332
-321
-341
-371
-389
-426
-439
-477
-443
-458
-364
-262
-108
-42
410
819
1299
1617
1593
1268
790
404
122
-318
-460
-521
-523
-489
-459
-400
-349
-327
-333
-342
-325
-328
-331
-335
-381
-399
-425
-423
-430
-391
-295
-156
-29
139
564
1033
1523
1782
1635
1251
731
349
131
-294
-431
-463
-435
-403
-358
-315
-257
-223
-255
-254
-237
-263
-268
-294
-321
-348
-355
-348
-349
-278
-198
-77
95
379
756
1211
1763
1801
1609
1115
629
282
-19
-317
-406
-459
-407
-366
-348
-289
-268
-264
-284
-281
-268
-284
-284
-309
-327
-395
-395
-366
-382
-331
-231
-83
73
376
767
1225
1675
1727
1399
923
539
116
-70
-395
-482
-540
-461
-431
-398
-349
-321
-330
-334
-330
-322
-337
-369
-394
-443
-450
-474
-471
-454
-353
-253
-108
-21
390
817
1251
1589
1683
1268
823
407
137
-302
-431
-523
-519
-471
-433
-398
-355
-316
-305
-319
-323
-332
-332
-337
-379
-394
-442
-429
-425
-383
-353
-172
-37
131
552
987
1521
1814
1699
1255
807
385
204
-283
-438
-450
-433
-399
-364
-291
-263
-243
-273
-262
-236
-248
-279
-268
-299
-328
-364
-356
-345
-325
-220
-78
-33
296
692
1195
1711
1875
1633
1267
739
334
23
-290
-413
-444
-429
-382
-349
-295
-254
-246
-273
-253
-284
-242
-283
-311
-327
-370
-396
-396
-394
-364
-236
-119
-43
138
687
1140
1595
1753
1491
1049
613
214
-37
-389
-499
-533
-477
-455
-416
-353
-313
-325
-330
-335
-321
-306
-365
-392
-409
-433
-460
-446
-457
-407
-301
-172
-31
148
663
1141
1531
1650
1331
931
543
153
-172
-447
-515
-524
-482
-445
-396
-352
-300
-300
-310
-309
-313
-289
-328
-346
-342
-412
-408
-427
-415
-349
-241
-106
-10
367
775
1231
1687
1718
1423
986
570
161
-44
-351
-430
-438
-413
-379
-261
-272
-239
-224
-214
-237
-235
-248
-238
-276
-308
-338
-358
-360
-358
-281
-172
-58
147
478
883
1418
1795
1786
1427
931
547
135
-42
-367
-431
-428
-394
-369
-303
-265
-255
-247
-267
-255
-263
-271
-301
-315
-368
-371
-433
-395
-371
-327
-201
-60
101
465
895
1355
1699
1611
1267
811
409
137
-271
-429
-489
-514
-491
-428
-376
-327
-268
-330
-323
-318
-333
-380
-392
-406
-448
-453
-478
-452
-430
-331
-226
-81
62
506
931
1409
1627
1495
1111
675
274
-25
-359
-482
-524
-492
-441
-411
-333
-307
-287
-287
-305
-288
-315
-293
-319
-364
-371
-378
-413
-415
-378
-290
-179
-39
123
538
969
1433
1755
1626
1263
799
404
141
-257
-392
-436
-426
-385
-335
-267
-235
-214
-204
-231
-209
-218
-214
-267
-229
-317
-342
-362
-351
-343
-238
-131
-7
139
611
1111
1619
1823
1623
1250
762
357
135
-268
-382
-444
-423
-391
-349
-301
-254
-244
-253
-261
-248
-237
-260
-277
-319
-359
-375
-412
-419
-386
-291
-181
-35
129
559
1019
1502
1691
1495
1091
664
274
-31
-367
-507
-494
-477
-450
-378
-364
-305
-302
-332
-323
-315
-322
-331
-382
-383
-437
-470
-473
-445
-419
-326
-219
-62
116
591
1043
1523
1663
1379
1007
583
189
-31
-386
-503
-492
-466
-437
-387
-339
-285
-268
-270
-297
-273
-299
-290
-317
-337
-399
-397
-386
-396
-360
-258
-143
-28
131
675
1171
1607
1815
1539
1091
643
255
-15
-315
-309
-406
-402
-363
-319
-268
-203
-181
-201
-216
-155
-211
-236
-239
-257
-317
-367
-353
-349
-343
-221
-105
-30
127
709
1187
1667
1799
1539
1127
679
277
-5
-326
-419
-442
-406
-383
-343
-286
-234
-246
-236
-244
-236
-251
-265
-275
-322
-362
-395
-398
-411
-364
-268
-177
-38
146
645
1091
1514
1609
1341
931
561
159
-33
-410
-460
-508
-474
-435
-409
-334
-316
-314
-310
-330
-314
-331
-318
-362
-391
-418
-437
-458
-448
-415
-313
-214
-39
131
630
1107
1463
1590
1315
890
532
169
-34
-398
-477
-492
-463
-441
-369
-321
-270
-258
-279
-268
-257
-258
-289
-311
-332
-354
-381
-401
-394
-343
-251
-149
-44
148
673
1206
1607
1697
1443
1013
619
244
-25
-304
-392
-401
-381
-359
-293
-251
-191
-205
-188
-204
-210
-210
-213
-250
-265
-285
-319
-341
-339
-299
-236
-103
-11
142
699
1162
1615
1745
1403
1049
614
225
-38
-327
-401
-446
-397
-370
-331
-263
-225
-222
-209
-259
-251
-236
-250
-283
-303
-343
-378
-403
-410
-365
-297
-191
-56
139
585
1033
1419
1559
1303
921
547
179
-42
-399
-471
-503
-492
-430
-403
-339
-314
-301
-289
-309
-301
-311
-329
-343
-326
-399
-457
-454
-449
-399
-333
-220
-76
130
587
1017
1386
1495
1237
907
539
156
-47
-374
-452
-477
-446
-402
-357
-315
-251
-248
-241
-246
-248
-229
-236
-273
-295
-349
-364
-383
-359
-332
-257
-158
-44
131
651
1119
1543
1663
1403
1030
611
244
-41
-317
-380
-402
-374
-357
-299
-255
-194
-201
-204
-177
-169
-207
-201
-188
-250
-299
-327
-349
-330
-300
-229
-129
-43
139
709
1187
1602
1635
1353
931
578
170
-44
-325
-396
-415
-414
-364
-309
-247
-236
-225
-236
-233
-239
-236
-257
-282
-314
-348
-389
-397
-399
-345
-267
-177
-25
149
697
1134
1493
1483
1231
801
419
133
-253
-421
-465
-508
-463
-453
-412
-366
-293
-293
-303
-307
-283
-301
-303
-331
-364
-385
-426
-434
-428
-379
-284
-175
-27
148
703
1140
1430
1379
1154
788
419
115
-261
-381
-444
-467
-422
-389
-338
-289
-243
-248
-265
-233
-241
-231
-233
-268
-287
-331
-364
-353
-360
-297
-204
-101
-1
459
875
1367
1659
1547
1258
798
419
134
-220
-312
-383
-380
-409
-333
-277
-220
-189
-204
-208
-187
-169
-193
-218
-236
-284
-326
-336
-332
-304
-262
-173
-58
131
571
1047
1427
1615
1475
1066
667
278
-28
-284
-394
-418
-414
-410
-353
-301
-213
-222
-238
-235
-237
-223
-248
-275
-363
-358
-385
-396
-419
-378
-285
-210
-49
162
663
1090
1439
1467
1247
827
482
146
-230
-396
-460
-491
-461
-462
-402
-332
-313
-286
-275
-310
-291
-302
-297
-310
-329
-394
-425
-428
-421
-374
-294
-194
-15
145
719
1143
1419
1427
1119
788
419
116
-218
-380
-432
-409
-425
-358
-332
-322
-246
-231
-236
-220
-234
-237
-236
-270
-291
-330
-359
-357
-338
-281
-169
-62
152
561
1011
1431
1631
1475
1094
705
333
135
-230
-338
-372
-367
-357
-317
-261
-225
-187
-199
-189
-186
-167
-198
-207
-222
-277
-297
-322
-327
-306
-246
-157
-47
122
689
1111
1471
1589
1315
959
575
199
-55
-300
-399
-405
-407
-393
-346
-300
-258
-247
-247
-239
-225
-247
-250
-281
-285
-357
-381
-401
-398
-366
-279
-181
-37
273
751
1172
1437
1267
1086
727
370
123
-273
-419
-471
-467
-485
-427
-417
-332
-337
-273
-313
-296
-268
-283
-300
-329
-351
-391
-408
-418
-394
-339
-253
-129
-39
489
927
1251
1443
1303
963
609
244
-29
-295
-389
-432
-428
-398
-379
-335
-259
-257
-259
-250
-214
-227
-222
-232
-254
-305
-333
-338
-331
-297
-221
-109
-29
393
811
1247
1551
1553
1271
851
506
149
-45
-290
-332
-365
-371
-375
-279
-218
-219
-203
-139
-200
-183
-181
-200
-210
-255
-268
-309
-317
-310
-262
-175
-58
138
565
1006
1375
1557
1374
1051
674
299
50
-242
-325
-401
-410
-419
-359
-313
-337
-267
-259
-258
-201
-232
-248
-281
-325
-349
-373
-386
-396
-335
-282
-204
-39
227
743
1130
1467
1370
1083
739
389
154
-230
-369
-446
-470
-497
-450
-417
-357
-313
-322
-316
-299
-284
-300
-329
-343
-361
-393
-396
-389
-386
-321
-239
-135
-6
518
963
1290
1495
1287
955
634
183
-40
-274
-380
-430
-431
-429
-390
-343
-294
-274
-268
-237
-231
-231
-222
-244
-286
-302
-327
-317
-334
-283
-209
-109
7
483
931
1353
1591
1530
1269
810
419
141
-57
-275
-332
-346
-343
-359
-297
-268
-232
-217
-213
-189
-176
-211
-222
-210
-285
-305
-315
-318
-284
-207
-145
-25
133
667
1123
1475
1547
1315
955
597
203
-28
-259
-366
-402
-418
-407
-353
-345
-294
-285
-273
-261
-283
-274
-289
-317
-342
-368
-382
-385
-355
-309
-244
-129
41
541
921
1283
1491
1295
987
628
259
-19
-267
-410
-481
-480
-476
-461
-393
-375
-366
-311
-318
-325
-291
-303
-329
-349
-378
-398
-398
-409
-350
-287
-172
-44
329
758
1172
1475
1401
1139
775
419
131
-62
-311
-413
-426
-428
-417
-365
-317
-300
-285
-229
-247
-246
-279
-255
-287
-316
-322
-325
-338
-287
-222
-140
-27
337
707
1185
1571
1619
1355
995
627
254
-21
-221
-333
-365
-373
-358
-339
-287
-262
-243
-215
-206
-219
-218
-221
-259
-271
-289
-311
-298
-307
-241
-157
-39
127
611
1007
1407
1539
1403
1067
695
303
121
-204
-328
-389
-412
-405
-383
-337
-331
-311
-284
-283
-277
-266
-287
-298
-332
-351
-373
-382
-368
-330
-267
-237
-39
392
755
1167
1423
1397
1151
761
390
137
-191
-296
-447
-460
-468
-455
-443
-386
-385
-365
-332
-332
-330
-321
-323
-338
-371
-381
-406
-391
-365
-303
-206
-49
144
628
1047
1370
1471
1263
931
583
195
-23
-271
-385
-441
-415
-421
-395
-349
-321
-295
-272
-235
-226
-244
-251
-268
-297
-302
-318
-332
-284
-254
-172
-58
131
596
998
1435
1643
1475
1135
763
371
138
-44
-295
-349
-364
-350
-331
-295
-296
-239
-226
-229
-235
-221
-204
-237
-244
-282
-293
-317
-303
-269
-204
-103
-49
407
818
1191
1526
1499
1278
873
503
148
-34
-257
-353
-391
-404
-395
-364
-321
-310
-298
-306
-272
-268
-266
-274
-300
-325
-363
-381
-396
-359
-289
-203
-79
139
575
950
1291
1443
1187
921
591
212
-23
-282
-406
-457
-476
-465
-441
-409
-366
-379
-334
-321
-284
-306
-316
-311
-333
-367
-396
-400
-389
-345
-268
-170
-25
366
767
1155
1435
1425
1110
793
418
137
-57
-299
-383
-361
-434
-402
-381
-332
-300
-284
-265
-254
-253
-243
-263
-275
-290
-307
-300
-314
-283
-231
-145
-31
148
641
1075
1443
1571
1398
1049
675
293
131
-153
-283
-332
-350
-353
-329
-278
-251
-236
-235
-204
-217
-205
-220
-233
-254
-259
-285
-326
-304
-268
-186
-114
-60
385
743
1129
1523
1463
1259
882
527
179
-26
-262
-353
-410
-393
-383
-366
-341
-302
-284
-277
-268
-290
-273
-289
-302
-331
-361
-378
-402
-338
-286
-226
-105
107
475
857
1217
1379
1266
991
629
286
49
-236
-349
-429
-460
-457
-450
-410
-373
-373
-350
-323
-321
-306
-287
-281
-335
-338
-369
-386
-378
-375
-285
-199
-62
147
603
995
1313
1399
1213
885
581
195
-12
-248
-341
-393
-397
-396
-364
-334
-301
-282
-269
-255
-248
-227
-251
-251
-274
-263
-302
-322
-309
-243
-173
-81
89
447
823
1223
1523
1503
1243
869
505
169
-31
-221
-325
-347
-337
-343
-325
-316
-268
-255
-201
-204
-261
-209
-211
-232
-259
-285
-304
-297
-284
-236
-142
-61
125
511
929
1302
1495
1403
1074
739
372
142
-45
-290
-363
-345
-385
-381
-349
-319
-309
-302
-273
-286
-273
-263
-283
-331
-337
-357
-355
-379
-359
-281
-199
-45
137
563
931
1209
1370
1171
863
559
195
-19
-243
-375
-432
-441
-433
-442
-383
-374
-348
-337
-305
-318
-318
-315
-349
-359
-394
-369
-379
-379
-325
-273
-143
-41
350
761
1159
1409
1375
1123
795
419
139
-31
-284
-373
-393
-397
-396
-373
-316
-291
-294
-258
-262
-236
-236
-221
-226
-251
-283
-300
-305
-298
-247
-172
-49
139
519
879
1215
1503
1433
1173
793
419
138
-37
-226
-300
-334
-341
-328
-311
-267
-255
-232
-220
-214
-215
-220
-229
-253
-269
-289
-317
-314
-268
-235
-141
-39
148
615
995
1369
1487
1323
967
643
307
110
-223
-314
-367
-397
-405
-382
-349
-305
-288
-298
-282
-290
-277
-270
-283
-300
-316
-355
-361
-375
-349
-271
-162
-34
135
609
973
1249
1327
1115
831
491
169
-53
-307
-386
-438
-455
-454
-425
-397
-349
-349
-332
-319
-317
-288
-311
-317
-353
-370
-366
-396
-394
-343
-265
-158
-44
383
755
1143
1395
1279
1098
743
419
132
-55
-286
-371
-373
-394
-373
-364
-320
-287
-270
-237
-241
-247
-254
-297
-274
-290
-295
-311
-315
-293
-234
-149
-23
139
647
1108
1399
1514
1323
1043
659
309
137
-134
-286
-326
-351
-364
-362
-310
-268
-233
-229
-226
-222
-230
-199
-217
-233
-251
-282
-300
-303
-295
-248
-138
-41
129
577
979
1302
1389
1247
919
607
232
-13
-207
-332
-373
-389
-395
-398
-362
-322
-327
-301
-283
-277
-283
-277
-285
-321
-347
-355
-362
-398
-347
-282
-195
-48
134
637
998
1238
1273
1050
754
407
134
-17
-307
-412
-440
-459
-445
-422
-390
-351
-332
-331
-309
-315
-300
-279
-297
-301
-332
-325
-369
-366
-317
-267
-138
-21
346
743
1095
1345
1286
1051
747
413
143
-43
-280
-363
-376
-376
-371
-353
-357
-275
-263
-238
-227
-197
-209
-236
-251
-269
-295
-299
-304
-275
-229
-165
-42
101
567
975
1329
1479
1355
1051
720
340
149
-62
-253
-315
-333
-392
-301
-297
-266
-237
-223
-215
-204
-205
-195
-223
-247
-261
-279
-284
-319
-284
-220
-140
-39
129
644
971
1309
1403
1231
902
577
254
0
-220
-333
-383
-411
-397
-390
-343
-311
-303
-293
-283
-282
-283
-284
-299
-306
-355
-359
-364
-364
-343
-289
-181
-33
145
619
963
1259
1275
1093
756
463
137
-44
-300
-405
-441
-456
-453
-421
-375
-346
-319
-317
-304
-341
-300
-290
-319
-330
-331
-354
-357
-343
-301
-243
-127
-27
394
779
1107
1363
1300
1051
725
387
134
-41
-278
-353
-373
-369
-364
-333
-294
-284
-248
-236
-210
-229
-235
-221
-236
-259
-273
-274
-287
-261
-203
-125
-53
139
633
1033
1374
1495
1297
1007
671
315
134
-44
-261
-329
-329
-342
-314
-278
-262
-237
-201
-209
-211
-219
-206
-231
-235
-270
-300
-301
-298
-269
-209
-103
-44
372
739
1109
1399
1370
1153
821
483
159
-37
-261
-348
-396
-402
-396
-379
-349
-301
-297
-301
-294
-313
-287
-284
-301
-299
-332
-342
-369
-348
-306
-251
-125
-24
451
793
1099
1299
1242
931
617
287
93
-251
-353
-430
-451
-448
-417
-395
-359
-321
-329
-303
-298
-303
-305
-297
-311
-333
-337
-357
-348
-331
-262
-199
-103
131
629
1003
1315
1365
1141
853
531
202
-28
-257
-349
-375
-370
-371
-338
-315
-284
-246
-254
-237
-248
-250
-246
-236
-243
-242
-283
-262
-268
-233
-173
-44
124
503
855
1231
1491
1364
1087
767
403
148
-12
-255
-332
-342
-429
-349
-306
-262
-251
-251
-233
-205
-226
-223
-211
-227
-233
-221
-297
-291
-298
-251
-172
-45
135
529
871
1219
1367
1247
971
630
279
130
-220
-333
-396
-408
-415
-394
-341
-317
-305
-300
-300
-291
-297
-290
-301
-293
-325
-333
-306
-338
-322
-257
-189
-41
135
619
948
1209
1227
1016
739
419
114
-26
-317
-412
-465
-433
-455
-406
-381
-333
-321
-298
-285
-285
-296
-271
-279
-305
-303
-325
-315
-313
-299
-217
-124
-43
372
715
1070
1299
1259
1047
755
419
127
-38
-264
-346
-374
-377
-344
-334
-283
-263
-236
-232
-211
-221
-215
-218
-223
-229
-233
-238
-251
-234
-195
-115
-49
150
587
931
1300
1443
1313
1020
691
333
142
-41
-283
-327
-325
-334
-316
-298
-250
-221
-226
-220
-226
-230
-214
-237
-234
-224
-241
-269
-289
-255
-205
-107
-33
239
627
1001
1267
1333
1153
831
515
182
-39
-248
-348
-396
-410
-395
-383
-342
-337
-307
-295
-293
-279
-284
-295
-278
-297
-310
-329
-343
-251
-313
-225
-172
-42
131
651
961
1187
1187
973
699
372
161
-58
-304
-402
-441
-447
-418
-382
-354
-327
-329
-327
-305
-305
-297
-284
-298
-289
-310
-315
-331
-300
-277
-205
-75
99
467
815
1154
1315
1237
986
655
323
131
-141
-284
-350
-358
-359
-349
-301
-257
-241
-255
-233
-229
-221
-204
-204
-213
-211
-234
-239
-235
-215
-173
-106
-50
131
593
971
1241
1343
1231
922
625
321
143
-49
-268
-318
-333
-331
-328
-273
-235
-248
-232
-222
-236
-255
-191
-221
-220
-246
-233
-231
-272
-250
-190
-76
-34
367
675
1066
1299
1283
1077
788
463
142
-44
-255
-363
-390
-405
-403
-369
-367
-321
-301
-310
-296
-303
-309
-284
-285
-317
-298
-303
-320
-336
-288
-227
-108
-41
378
731
1051
1214
1149
889
589
293
139
-225
-348
-422
-429
-417
-409
-391
-351
-307
-309
-301
-306
-305
-277
-263
-268
-274
-278
-293
-302
-275
-241
-156
-30
145
545
885
1161
1271
1155
855
587
253
52
-198
-309
-349
-364
-349
-360
-287
-251
-294
-233
-242
-225
-221
-205
-216
-215
-205
-207
-225
-229
-199
-157
-53
95
406
739
1113
1345
1339
1145
847
405
187
-12
-217
-300
-354
-334
-328
-309
-267
-248
-237
-221
-262
-239
-236
-223
-205
-214
-222
-243
-263
-269
-222
-149
-44
123
467
822
1171
1267
1195
952
655
311
135
-213
-317
-393
-394
-399
-396
-367
-314
-312
-311
-307
-316
-296
-289
-300
-305
-274
-300
-317
-317
-300
-266
-187
-59
118
515
819
1139
1217
1054
754
500
194
-28
-262
-387
-428
-428
-423
-397
-370
-332
-327
-313
-296
-287
-296
-273
-241
-251
-258
-265
-289
-282
-268
-220
-108
-54
297
660
989
1249
1259
1047
755
469
147
-29
-235
-320
-361
-349
-339
-321
-269
-238
-251
-219
-236
-222
-203
-187
-201
-201
-188
-184
-214
-217
-181
-93
-28
143
545
903
1193
1377
1253
969
693
363
142
-27
-274
-316
-332
-326
-318
-268
-248
-236
-230
-241
-236
-238
-225
-204
-220
-207
-222
-236
-246
-223
-182
-101
-42
323
665
963
1219
1240
1027
749
459
147
-44
-268
-364
-396
-419
-439
-366
-323
-322
-298
-320
-300
-297
-293
-291
-275
-268
-269
-282
-304
-300
-257
-210
-85
-27
391
705
979
1140
1071
855
579
279
130
-211
-332
-405
-409
-411
-385
-362
-348
-316
-315
-294
-295
-295
-278
-255
-240
-283
-248
-268
-268
-262
-211
-127
-35
142
595
931
1199
1247
1099
823
532
215
-17
-197
-294
-349
-347
-339
-317
-281
-244
-236
-234
-219
-224
-202
-194
-173
-176
-159
-175
-201
-204
-167
-118
-55
143
419
757
1075
1321
1275
1043
751
459
163
-31
-221
-293
-326
-355
-315
-299
-254
-250
-235
-224
-257
-221
-225
-205
-205
-210
-204
-222
-248
-235
-193
-125
-33
148
534
852
1159
1235
1107
867
571
228
0
-219
-326
-383
-402
-396
-392
-369
-322
-307
-317
-267
-314
-293
-268
-280
-267
-270
-283
-278
-314
-291
-243
-156
-29
157
566
851
1107
1155
979
702
417
122
-28
-285
-377
-422
-426
-411
-375
-365
-336
-310
-298
-295
-287
-270
-237
-248
-236
-255
-261
-261
-273
-229
-167
-60
107
417
751
1057
1236
1175
977
688
374
130
-41
-257
-329
-343
-332
-351
-312
-269
-238
-234
-218
-218
-202
-182
-186
-157
-172
-176
-207
-194
-200
-155
-57
-15
150
591
895
1187
1297
1169
891
605
287
139
-105
-271
-321
-329
-321
-313
-268
-257
-234
-239
-251
-237
-205
-216
-221
-220
-210
-229
-225
-241
-203
-163
-76
-12
338
661
1087
1174
1167
982
706
393
139
-41
-272
-377
-387
-402
-385
-379
-345
-325
-323
-317
-303
-266
-278
-282
-272
-270
-276
-289
-300
-282
-236
-209
-107
-21
372
685
963
1111
1015
815
569
267
121
-210
-343
-412
-406
-421
-402
-370
-347
-332
-319
-298
-273
-281
-259
-236
-246
-244
-233
-241
-258
-218
-181
-116
-30
145
559
863
1120
1205
1055
839
547
243
6
-183
-295
-341
-345
-353
-293
-283
-241
-239
-237
-205
-201
-199
-169
-166
-170
-168
-173
-201
-193
-172
-119
-44
118
395
717
1019
1239
1235
1017
757
467
180
-38
-201
-299
-321
-318
-319
-279
-268
-258
-257
-246
-243
-236
-230
-215
-204
-209
-203
-213
-233
-236
-186
-133
-27
130
477
763
1047
1153
1077
835
579
274
130
-209
-319
-385
-409
-405
-395
-363
-342
-329
-306
-295
-269
-290
-254
-294
-270
-248
-291
-289
-306
-285
-239
-157
-62
139
499
814
1034
1078
953
712
419
151
-60
-268
-363
-389
-423
-396
-390
-348
-327
-325
-301
-290
-244
-242
-234
-237
-242
-220
-235
-254
-251
-223
-173
-76
-14
335
655
967
1155
1159
927
691
419
147
-26
-210
-301
-327
-332
-323
-318
-267
-239
-262
-223
-203
-214
-183
-185
-155
-174
-173
-178
-203
-178
-140
-96
-57
131
474
799
1071
1203
1067
921
659
368
134
-37
-237
-314
-332
-316
-347
-308
-248
-271
-233
-254
-236
-247
-223
-220
-210
-208
-221
-213
-235
-209
-169
-108
-28
148
591
890
1121
1142
965
725
419
149
-43
-268
-358
-392
-373
-418
-382
-351
-338
-332
-332
-295
-297
-300
-284
-279
-282
-286
-290
-300
-287
-269
-202
-108
-34
308
640
947
1045
1011
850
582
295
130
-207
-317
-389
-418
-407
-394
-365
-339
-315
-322
-299
-293
-282
-274
-247
-257
-257
-246
-241
-261
-221
-157
-93
-41
138
603
911
1167
1175
992
742
489
181
-13
-213
-294
-331
-361
-330
-299
-273
-248
-242
-231
-215
-197
-211
-161
-150
-167
-172
-175
-170
-175
-142
-107
-53
127
446
746
1067
1215
1137
961
665
377
143
-14
-225
-304
-318
-333
-341
-309
-289
-270
-268
-257
-251
-257
-226
-226
-209
-216
-230
-229
-238
-205
-187
-78
-29
137
583
898
1111
1139
974
685
415
147
-44
-267
-351
-402
-401
-394
-401
-364
-344
-321
-322
-330
-307
-309
-270
-277
-275
-268
-277
-301
-279
-235
-172
-101
-17
358
660
902
1047
982
790
545
270
139
-200
-297
-394
-399
-414
-389
-368
-335
-309
-313
-278
-268
-269
-255
-246
-241
-236
-226
-261
-231
-211
-169
-108
-10
211
613
927
1147
1143
1144
737
485
180
-27
-194
-288
-327
-345
-332
-302
-282
-244
-248
-232
-218
-193
-199
-183
-178
-187
-161
-169
-178
-186
-138
-62
-71
125
495
807
1077
1227
1110
890
634
344
144
-65
-241
-285
-332
-279
-314
-289
-277
-278
-248
-268
-236
-251
-236
-220
-215
-217
-221
-219
-220
-201
-151
-42
26
361
659
930
1123
1077
897
641
351
123
-43
-281
-357
-387
-405
-393
-363
-348
-345
-319
-318
-295
-307
-295
-261
-268
-261
-274
-263
-285
-268
-217
-175
-76
30
399
705
947
1031
961
755
507
211
-29
-211
-318
-380
-396
-381
-368
-333
-327
-315
-298
-283
-269
-244
-246
-225
-237
-221
-219
-266
-244
-206
-172
-65
-15
357
635
917
1155
1131
931
706
419
152
-26
-198
-285
-303
-321
-321
-294
-266
-251
-248
-220
-306
-195
-189
-191
-161
-165
-188
-181
-183
-173
-119
-45
-34
153
591
820
1130
1179
1079
821
547
223
116
-143
-251
-299
-314
-341
-312
-289
-269
-275
-274
-240
-236
-224
-219
-197
-213
-205
-222
-223
-215
-210
-157
-53
84
387
741
955
1113
1046
831
579
290
125
-155
-283
-381
-379
-391
-373
-387
-363
-342
-341
-321
-330
-328
-294
-268
-277
-268
-280
-289
-297
-266
-266
-169
17
129
500
769
998
1019
906
693
407
135
-25
-273
-350
-378
-391
-371
-374
-311
-317
-303
-290
-262
-282
-268
-247
-236
-234
-215
-243
-248
-214
-192
-135
-34
127
459
767
1023
1163
1046
819
596
291
147
-39
-229
-299
-326
-318
-296
-270
-250
-238
-254
-217
-198
-197
-179
-162
-151
-159
-172
-173
-195
-153
-109
-38
9
307
615
906
1123
1155
978
746
481
180
-13
-158
-263
-313
-313
-327
-294
-275
-279
-278
-247
-251
-250
-237
-230
-215
-210
-206
-225
-221
-227
-195
-135
-49
101
403
692
947
1059
991
788
533
241
120
-189
-305
-364
-396
-438
-385
-365
-341
-333
-334
-327
-333
-297
-275
-286
-251
-297
-298
-285
-298
-279
-242
-183
-76
132
479
753
963
995
835
643
372
147
-30
-295
-347
-390
-399
-364
-365
-349
-327
-325
-293
-287
-285
-269
-233
-247
-251
-241
-251
-242
-231
-193
-137
-50
119
419
731
1010
1119
1033
820
594
311
125
-43
-235
-309
-332
-315
-315
-289
-261
-251
-238
-210
-207
-209
-201
-197
-183
-179
-184
-191
-194
-178
-134
-61
-42
146
579
866
1091
1113
963
756
483
207
6
-169
-268
-301
-317
-341
-318
-300
-284
-295
-281
-274
-269
-241
-254
-225
-229
-229
-223
-248
-264
-209
-157
-62
87
387
659
903
1034
977
771
538
271
120
-193
-305
-378
-403
-399
-390
-402
-364
-348
-343
-333
-354
-334
-303
-300
-281
-284
-287
-291
-287
-277
-234
-162
-44
119
506
756
982
1007
846
643
381
147
-33
-265
-339
-364
-385
-374
-365
-348
-337
-318
-281
-294
-268
-268
-225
-220
-222
-219
-236
-214
-204
-159
-108
-33
139
469
759
1013
1151
1059
867
603
326
143
-44
-211
-277
-303
-298
-282
-270
-240
-236
-236
-203
-209
-177
-181
-166
-147
-138
-140
-197
-159
-130
-85
-53
113
383
689
975
1242
1141
954
743
457
181
-15
-166
-263
-300
-318
-315
-305
-290
-285
-287
-251
-265
-257
-238
-221
-238
-226
-220
-226
-253
-235
-185
-133
-34
133
485
757
975
1033
918
692
447
153
-33
-239
-332
-379
-401
-400
-401
-394
-364
-354
-374
-349
-353
-332
-304
-301
-284
-289
-302
-300
-294
-269
-205
-113
-44
177
606
849
1003
931
757
544
259
139
-173
-302
-366
-365
-406
-387
-357
-365
-337
-331
-295
-295
-283
-264
-267
-248
-238
-254
-226
-230
-205
-166
-99
-26
138
593
869
1075
1079
931
701
471
179
-12
-177
-253
-300
-306
-312
-303
-273
-254
-237
-225
-222
-221
-200
-183
-183
-189
-140
-174
-263
-159
-107
-70
-47
153
468
771
1044
1159
1063
839
599
313
148
-35
-218
-285
-310
-333
-315
-300
-290
-297
-284
-255
-264
-250
-233
-231
-225
-204
-220
-229
-217
-191
-155
-77
-17
340
635
895
1071
991
891
603
343
131
-45
-247
-333
-362
-369
-398
-367
-362
-386
-346
-347
-346
-314
-289
-285
-281
-283
-265
-271
-277
-274
-229
-149
-37
115
474
739
971
1019
887
692
447
163
-35
-221
-319
-357
-391
-391
-369
-358
-333
-331
-302
-289
-301
-271
-255
-232
-221
-236
-217
-227
-221
-184
-138
-31
116
387
695
963
1119
1075
869
635
371
139
-40
-187
-269
-304
-300
-301
-297
-254
-268
-261
-251
-223
-255
-191
-189
-178
-172
-160
-186
-167
-140
-93
-43
144
399
706
985
1167
1139
951
699
414
153
-17
-186
-301
-315
-316
-332
-304
-322
-291
-287
-284
-259
-265
-230
-220
-240
-204
-206
-231
-246
-206
-172
-115
-30
136
489
767
979
1067
919
702
459
178
-41
-208
-311
-362
-379
-394
-394
-377
-348
-368
-362
-352
-317
-331
-314
-268
-262
-284
-274
-297
-295
-241
-190
-99
-15
338
649
895
1009
923
747
527
244
66
-187
-297
-352
-374
-373
-385
-360
-334
-341
-307
-309
-289
-295
-261
-255
-211
-238
-226
-229
-209
-197
-151
-46
-9
366
671
926
1089
1051
910
659
391
131
-31
-197
-299
-289
-299
-300
-286
-293
-239
-253
-235
-220
-213
-189
-175
-169
-157
-161
-157
-173
-170
-108
-67
-47
149
532
817
1062
1123
1023
783
532
248
148
-46
-238
-306
-305
-309
-321
-281
-286
-248
-253
-248
-258
-239
-230
-229
-211
-204
-205
-250
-218
-201
-157
-71
39
379
683
923
1051
969
788
537
258
121
-174
-295
-349
-377
-391
-383
-362
-347
-339
-345
-325
-304
-303
-294
-285
-269
-285
-250
-267
-298
-217
-232
-165
-58
135
500
759
971
981
851
643
391
141
-18
-226
-329
-359
-370
-371
-350
-318
-306
-305
-288
-262
-253
-251
-236
-217
-213
-217
-221
-224
-217
-183
-123
-44
78
394
699
927
1088
1022
843
607
339
121
-29
-189
-270
-285
-309
-291
-261
-261
-247
-227
-204
-209
-204
-189
-170
-145
-165
-143
-168
-172
-155
-102
-56
-40
133
591
862
1073
1115
963
754
471
195
27
-119
-246
-286
-304
-287
-301
-285
-273
-261
-265
-261
-244
-237
-221
-204
-203
-203
-209
-233
-217
-198
-140
-69
65
363
628
885
1011
953
759
529
276
139
-112
-268
-332
-358
-337
-366
-341
-341
-332
-336
-321
-325
-303
-303
-303
-273
-283
-273
-268
-286
-265
-233
-156
-47
142
451
707
947
981
879
671
419
159
-46
-222
-321
-346
-409
-354
-364
-321
-318
-305
-300
-290
-281
-269
-236
-234
-233
-204
-213
-218
-203
-158
-133
-51
-19
318
601
885
1050
1065
907
674
405
145
-17
-181
-253
-269
-291
-284
-269
-269
-236
-247
-213
-217
-235
-204
-201
-165
-152
-167
-169
-161
-161
-125
-60
-15
123
515
803
1033
1139
1023
790
537
248
122
-40
-237
-293
-295
-322
-331
-298
-281
-274
-274
-254
-244
-259
-229
-223
-207
-205
-225
-223
-213
-204
-173
-93
-38
138
555
811
998
978
831
619
357
147
-47
-253
-333
-357
-377
-371
-345
-355
-332
-346
-357
-325
-329
-300
-293
-297
-274
-267
-287
-283
-273
-235
-172
-69
17
393
675
911
995
911
735
484
203
9
-194
-289
-351
-341
-357
-357
-334
-315
-317
-317
-303
-299
-268
-241
-234
-210
-206
-223
-236
-209
-162
-142
-53
-25
271
579
853
1051
1059
915
713
419
179
-9
-154
-241
-279
-282
-297
-273
-240
-230
-231
-243
-236
-230
-206
-193
-169
-172
-172
-187
-154
-155
-108
-61
-23
147
497
801
1061
1139
1031
831
563
293
131
-55
-237
-295
-314
-336
-321
-284
-278
-284
-276
-255
-277
-263
-236
-238
-213
-230
-221
-237
-233
-201
-157
-75
-21
143
579
803
982
963
854
635
377
125
-35
-234
-335
-355
-394
-379
-364
-371
-354
-383
-348
-332
-313
-300
-298
-291
-250
-273
-283
-286
-279
-229
-177
-79
-12
399
674
893
1027
923
741
499
222
112
-149
-282
-330
-360
-359
-374
-335
-313
-315
-300
-300
-300
-283
-268
-266
-246
-237
-229
-221
-205
-179
-125
-44
84
351
675
927
1123
1063
903
692
369
149
-28
-174
-255
-282
-270
-295
-268
-272
-265
-239
-236
-226
-232
-189
-181
-163
-187
-158
-171
-82
-159
-125
-74
-45
146
499
857
1035
1111
1023
799
550
247
134
-29
-230
-293
-300
-298
-313
-297
-280
-290
-255
-271
-266
-263
-233
-222
-221
-223
-229
-235
-219
-197
-181
-103
-38
328
624
867
1047
981
820
586
308
148
-41
-253
-332
-364
-384
-387
-374
-365
-358
-348
-335
-331
-331
-306
-285
-277
-267
-273
-278
-288
-267
-206
-156
-41
158
450
721
931
995
1001
618
419
180
-43
-215
-284
-319
-346
-369
-348
-359
-304
-314
-303
-300
-268
-281
-258
-224
-225
-202
-202
-207
-192
-161
-107
-28
101
419
683
973
1023
1059
871
651
372
137
-19
-166
-244
-271
-281
-286
-257
-244
-234
-235
-207
-217
-181
-182
-182
-170
-155
-155
-159
-172
-146
-101
-57
-18
142
523
795
1033
1097
1023
791
529
255
119
-38
-218
-281
-291
-303
-309
-297
-268
-260
-261
-274
-264
-221
-255
-225
-204
-210
-208
-261
-209
-189
-158
-93
-33
234
561
810
986
969
820
609
353
139
-31
-235
-311
-362
-364
-365
-376
-354
-322
-348
-307
-303
-319
-301
-286
-329
-261
-267
-250
-265
-248
-218
-167
-65
87
399
637
903
991
889
723
468
219
119
-150
-268
-326
-341
-345
-364
-326
-295
-289
-300
-285
-278
-276
-246
-225
-218
-215
-221
-197
-193
-161
-133
-45
20
340
646
927
1091
1082
959
683
446
169
-11
-169
-247
-300
-299
-240
-270
-229
-237
-222
-203
-215
-210
-124
-169
-140
-154
-157
-168
-157
-146
-121
-54
-30
146
469
737
995
1115
1013
841
587
321
134
-43
-205
-268
-299
-305
-314
-294
-273
-279
-271
-266
-270
-239
-236
-214
-215
-209
-236
-221
-230
-202
-189
-108
-28
137
487
747
961
977
853
660
445
165
-34
-206
-281
-360
-357
-383
-371
-363
-325
-350
-332
-320
-333
-323
-268
-268
-274
-268
-268
-275
-268
-220
-151
-76
-24
355
615
875
1034
915
756
546
289
151
-29
-251
-318
-349
-331
-349
-336
-303
-300
-284
-287
-269
-261
-237
-198
-209
-204
-203
-203
-204
-187
-136
-73
-29
143
518
789
1051
1094
979
725
526
267
137
-44
-186
-244
-265
-282
-261
-253
-257
-229
-233
-239
-225
-208
-190
-162
-157
-145
-167
-165
-156
-119
-79
-59
122
405
675
910
1105
1026
843
653
386
143
-22
-163
-268
-281
-309
-309
-309
-271
-269
-274
-282
-265
-257
-265
-247
-223
-214
-218
-226
-237
-224
-170
-107
-33
125
451
719
931
994
883
687
463
201
-26
-166
-284
-332
-363
-365
-379
-359
-326
-355
-331
-327
-329
-313
-290
-293
-282
-268
-239
-268
-262
-229
-179
-108
-37
154
554
787
967
931
835
633
357
123
-31
-210
-319
-320
-326
-350
-327
-322
-300
-299
-271
-277
-271
-240
-222
-225
-205
-204
-197
-201
-172
-134
-49
-38
125
454
727
963
1073
995
820
587
321
147
-29
-186
-237
-261
-273
-284
-246
-246
-247
-236
-221
-186
-212
-190
-186
-151
-156
-48
-158
-156
-122
-85
-35
79
287
596
843
1044
1057
931
759
471
212
83
-50
-236
-279
-303
-309
-312
-300
-283
-278
-268
-248
-254
-251
-233
-225
-253
-229
-216
-237
-215
-197
-140
-67
-22
314
595
915
975
931
782
565
309
146
-53
-239
-329
-413
-370
-373
-392
-361
-345
-347
-326
-333
-331
-304
-299
-267
-292
-277
-268
-261
-228
-217
-161
-46
117
419
691
907
982
886
727
468
210
73
-172
-255
-336
-337
-351
-346
-343
-306
-295
-307
-284
-282
-273
-254
-236
-221
-213
-196
-283
-181
-159
-94
-29
131
363
650
903
1045
1047
871
663
411
162
-28
-143
-234
-241
-277
-246
-273
-251
-246
-248
-229
-226
-220
-204
-191
-172
-159
-161
-151
-154
-161
-108
-53
-27
139
467
725
987
1090
963
807
554
299
151
-28
-199
-268
-301
-298
-321
-303
-300
-285
-251
-268
-271
-257
-239
-251
-224
-236
-220
-235
-215
-192
-153
-82
-43
134
511
771
929
931
827
619
373
132
-30
-191
-397
-359
-359
-369
-358
-359
-343
-333
-355
-359
-323
-305
-296
-285
-265
-268
-268
-259
-221
-205
-140
-70
-6
353
595
831
948
910
747
511
291
125
-55
-226
-300
-310
-333
-342
-332
-296
-314
-297
-286
-273
-263
-233
-297
-220
-190
-199
-189
-188
-149
-109
-56
-17
143
546
823
1031
1031
919
715
518
239
132
-49
-220
-231
-253
-286
-255
-269
-251
-233
-237
-234
-222
-198
-171
-191
-140
-39
-158
-161
-149
-113
-57
-47
122
405
671
931
1027
982
819
618
337
145
-21
-185
-262
-299
-303
-316
-299
-302
-281
-279
-267
-268
-273
-234
-233
-203
-221
-223
-227
-235
-207
-176
-113
-31
137
419
713
911
948
825
657
447
180
-28
-206
-301
-322
-369
-383
-371
-349
-353
-348
-352
-330
-329
-286
-309
-272
-267
-258
-251
-264
-231
-203
-163
-72
-10
297
578
823
948
915
771
559
302
146
-43
-231
-289
-318
-332
-335
-319
-300
-297
-300
-274
-267
-258
-233
-215
-197
-194
-179
-185
-172
-153
-107
-33
-33
142
523
770
975
1038
911
755
526
263
133
-37
-188
-248
-258
-274
-286
-258
-248
-238
-234
-222
-212
-191
-198
-157
-162
-166
-165
-165
-175
-124
-81
-45
116
359
621
863
1027
997
863
646
385
150
-28
-157
-254
-274
-299
-315
-302
-285
-275
-285
-277
-268
-262
-251
-236
-234
-236
-229
-223
-225
-217
-172
-125
-76
119
393
629
851
931
862
727
489
277
111
-177
-267
-336
-353
-361
-396
-385
-343
-349
-361
-323
-318
-294
-298
-287
-260
-272
-269
-244
-244
-215
-175
-114
-38
138
547
759
931
931
803
607
389
161
-14
-182
-282
-307
-332
-337
-337
-300
-303
-299
-277
-261
-251
-236
-219
-218
-175
-175
-193
-185
-155
-125
-73
-44
134
419
715
951
1049
992
827
610
319
151
-12
-150
-233
-261
-270
-281
-267
-237
-237
-244
-220
-229
-220
-191
-173
-173
-93
-151
-154
-151
-140
-82
-39
68
202
559
810
995
1019
887
687
451
219
65
-95
-221
-284
-302
-323
-309
-281
-287
-285
-291
-277
-278
-246
-234
-223
-233
-236
-207
-226
-218
-187
-151
-93
-31
132
533
767
927
881
747
564
339
142
-50
-237
-305
-339
-375
-364
-348
-366
-337
-332
-352
-320
-318
-281
-277
-268
-268
-257
-255
-250
-236
-178
-135
-43
127
395
673
867
951
858
693
497
223
123
-61
-230
-297
-303
-336
-329
-321
-300
-295
-284
-268
-259
-230
-221
-204
-189
-185
-185
-183
-177
-143
-83
-37
70
271
561
819
1051
1033
906
723
487
231
141
-28
-194
-233
-267
-291
-243
-262
-253
-236
-222
-221
-203
-220
-176
-178
-163
-145
-171
-162
-146
-109
-59
-41
130
415
664
874
1031
975
814
591
342
149
-29
-189
-257
-286
-326
-325
-325
-330
-297
-298
-267
-305
-284
-248
-236
-206
-217
-209
-229
-237
-219
-172
-103
-50
116
419
679
863
923
847
660
419
182
-5
-189
-291
-346
-366
-378
-368
-378
-362
-349
-362
-312
-300
-312
-284
-294
-255
-243
-238
-268
-230
-215
-157
-108
-63
154
494
739
895
919
799
630
409
185
-11
-160
-248
-307
-321
-340
-335
-303
-285
-300
-282
-285
-255
-236
-199
-197
-186
-167
-169
-169
-155
-125
-65
-28
117
372
628
867
1013
979
851
669
458
183
52
-25
-213
-204
-253
-275
-280
-244
-235
-255
-251
-242
-218
-193
-171
-158
-156
-149
-161
-146
-121
-104
-49
-30
135
406
666
887
977
931
778
587
327
142
7
-204
-281
-293
-304
-331
-315
-299
-285
-311
-301
-299
-259
-254
-236
-234
-231
-233
-229
-229
-207
-172
-120
-42
133
451
698
865
930
821
643
419
169
6
-220
-281
-334
-367
-406
-385
-362
-358
-369
-357
-346
-327
-302
-269
-268
-266
-251
-234
-253
-235
-217
-151
-93
-77
121
515
745
907
917
815
628
407
133
-28
-182
-244
-310
-324
-310
-314
-313
-287
-251
-286
-284
-258
-236
-221
-177
-203
-174
-169
-169
-140
-109
-44
-38
135
419
682
916
1054
987
835
622
379
145
-6
-159
-233
-251
-282
-299
-284
-244
-261
-257
-231
-230
-226
-184
-172
-155
-138
-166
-194
-162
-133
-101
-18
-27
146
468
755
919
1031
905
747
519
276
131
-42
-230
-278
-312
-316
-330
-331
-316
-316
-293
-297
-295
-261
-250
-237
-241
-227
-237
-253
-238
-194
-157
-101
-29
141
475
703
878
886
795
626
390
148
-39
-203
-301
-342
-364
-379
-395
-369
-328
-349
-355
-344
-348
-310
-270
-254
-259
-231
-233
-238
-230
-202
-151
-72
-21
248
571
803
949
917
758
599
353
131
-17
-194
-268
-302
-310
-330
-325
-313
-305
-285
-316
-253
-234
-205
-193
-174
-156
-172
-173
-191
-144
-111
-49
-40
131
419
695
923
1059
987
823
611
369
155
52
-140
-219
-250
-278
-285
-263
-268
-253
-255
-236
-234
-223
-201
-189
-153
-154
-155
-138
-172
-139
-109
-62
-11
139
515
770
881
987
843
699
475
228
123
-25
-243
-299
-343
-321
-329
-322
-324
-326
-319
-300
-293
-273
-250
-240
-235
-222
-236
-243
-222
-198
-140
-1
-45
134
500
725
883
865
775
581
359
131
-17
-236
-312
-348
-373
-385
-396
-374
-355
-349
-343
-306
-309
-283
-257
-253
-251
-251
-253
-237
-231
-193
-140
-46
-37
298
579
792
915
885
802
567
350
122
-27
-204
-275
-283
-317
-302
-306
-289
-277
-268
-210
-251
-226
-202
-173
-173
-159
-169
-146
-167
-157
-123
-44
-31
148
449
703
961
1020
973
867
594
353
139
-26
-173
-236
-251
-268
-287
-275
-237
-244
-233
-232
-221
-204
-190
-184
-183
-169
-139
-177
-183
-156
-113
-47
-18
133
532
801
959
997
880
671
419
206
98
-44
-250
-285
-320
-333
-334
-317
-306
-313
-295
-293
-295
-275
-257
-235
-226
-225
-233
-227
-209
-204
-163
-98
-34
148
475
714
884
875
759
595
371
131
-28
-221
-295
-350
-362
-375
-379
-369
-333
-344
-321
-326
-313
-300
-277
-253
-268
-242
-233
-237
-206
-198
-124
-34
113
375
649
837
955
891
739
542
291
148
-76
-207
-281
-347
-332
-313
-302
-277
-274
-263
-241
-236
-225
-194
-173
-183
-168
-157
-175
-162
-143
-83
-35
-17
146
503
762
987
1040
947
762
538
296
135
-41
-189
-236
-257
-296
-295
-268
-251
-268
-239
-229
-224
-221
-203
-166
-172
-164
-172
-220
-172
-137
-99
-45
83
346
594
821
987
992
820
614
383
199
-15
-197
-269
-316
-339
-387
-346
-332
-286
-298
-309
-302
-284
-273
-247
-253
-251
-231
-238
-244
-236
-198
-135
-75
-27
287
569
779
891
821
706
495
253
148
-39
-261
-355
-369
-371
-396
-387
-350
-347
-347
-322
-315
-296
-281
-267
-241
-251
-236
-237
-220
-190
-172
-105
-31
144
404
675
873
915
851
679
468
215
123
-46
-251
-285
-298
-329
-318
-291
-280
-281
-247
-248
-240
-236
-204
-179
-214
-165
-155
-156
-153
-108
-58
-43
118
363
631
867
1019
1057
856
687
474
187
99
-37
-204
-246
-268
-241
-282
-251
-247
-236
-225
-204
-227
-201
-184
-156
-165
-159
-160
-171
-140
-133
-76
-33
101
339
595
799
987
951
794
610
371
147
-29
-177
-267
-301
-333
-345
-336
-311
-301
-298
-300
-295
-284
-268
-251
-241
-236
-235
-233
-242
-220
-181
-127
-76
65
379
619
819
907
811
675
496
219
138
-127
-272
-317
-364
-382
-378
-358
-310
-354
-385
-334
-267
-310
-262
-247
-244
-236
-217
-208
-207
-199
-145
-53
-15
142
457
719
911
947
827
667
486
228
133
-31
-224
-266
-297
-328
-300
-289
-276
-263
-238
-236
-233
-216
-174
-172
-155
-146
-138
-140
-140
-108
-62
-28
116
340
607
849
1019
998
863
687
469
223
139
-44
-204
-247
-248
-289
-288
-265
-236
-227
-233
-229
-219
-204
-186
-171
-167
-181
-156
-169
-156
-117
-76
-44
114
361
647
817
979
948
793
583
350
130
-23
-202
-283
-307
-337
-342
-329
-313
-314
-301
-303
-292
-285
-266
-227
-230
-232
-233
-223
-228
-209
-161
-108
-37
118
403
651
852
869
777
655
453
197
-28
-186
-300
-350
-348
-393
-364
-339
-332
-332
-300
-291
-265
-259
-239
-234
-206
-197
-199
-219
-209
-163
-138
-62
-41
135
451
692
881
919
822
685
449
207
125
-38
-216
-277
-271
-300
-284
-267
-243
-239
-226
-227
-218
-194
-171
-152
-158
-145
-134
-143
-123
-83
-45
-46
134
361
631
867
1013
954
835
625
402
175
-19
-135
-215
-263
-269
-295
-284
-253
-229
-220
-225
-206
-205
-178
-247
-172
-159
-174
-151
-183
-140
-129
-85
-27
103
371
587
819
931
859
730
535
315
127
-30
-230
-297
-323
-337
-332
-334
-312
-297
-297
-299
-291
-267
-268
-237
-233
-233
-222
-236
-235
-223
-168
-134
-57
123
372
613
810
849
769
593
375
157
7
-209
-304
-348
-362
-349
-354
-331
-311
-300
-284
-277
-265
-248
-236
-204
-214
-203
-204
-200
-208
-171
-172
-71
-50
135
419
678
853
875
803
639
450
203
49
-53
-231
-271
-289
-286
-268
-254
-239
-185
-213
-223
-221
-185
-170
-146
-140
-135
-164
-127
-117
-82
-54
-43
121
365
616
841
947
982
827
571
387
183
7
-59
-221
-253
-261
-272
-264
-248
-234
-209
-210
-205
-204
-172
-177
-161
-167
-167
-166
-157
-142
-99
-54
-23
138
378
628
829
883
837
691
499
267
134
-39
-257
-293
-331
-329
-345
-327
-296
-294
-297
-296
-293
-275
-257
-239
-246
-221
-220
-236
-235
-211
-183
-102
-34
162
458
628
823
820
715
578
345
110
-15
-229
-293
-347
-349
-345
-362
-332
-322
-300
-271
-287
-272
-251
-217
-204
-198
-186
-195
-205
-198
-183
-109
-54
-1
134
487
723
883
879
759
583
399
163
-7
-158
-239
-267
-267
-282
-266
-268
-221
-251
-211
-205
-207
-169
-153
-172
-157
-171
-139
-127
-120
-97
-37
-22
117
419
660
857
979
923
777
489
327
147
-11
-172
-240
-277
-257
-270
-253
-213
-225
-215
-231
-215
-216
-209
-172
-184
-161
-165
-156
-159
-140
-93
-46
41
131
462
673
851
899
791
601
397
159
-12
-183
-268
-309
-331
-337
-364
-311
-282
-301
-221
-287
-284
-268
-242
-238
-221
-234
-236
-209
-217
-197
-151
-87
-43
149
458
661
757
794
692
511
311
131
-44
-236
-314
-336
-345
-316
-332
-303
-301
-304
-282
-289
-280
-251
-232
-199
-206
-179
-215
-186
-204
-141
-94
-58
113
355
601
807
873
831
715
419
308
133
-50
-195
-247
-262
-277
-284
-257
-236
-225
-231
-202
-201
-182
-150
-145
-133
-62
-121
-137
-108
-108
-48
-44
75
146
497
725
906
953
855
673
477
242
143
-28
-199
-248
-253
-261
-258
-236
-219
-231
-221
-222
-215
-204
-186
-177
-167
-169
-168
-156
-156
-129
-53
-56
105
283
537
757
881
841
731
537
335
131
-44
-209
-286
-323
-335
-347
-329
-311
-297
-291
-279
-271
-286
-230
-239
-173
-229
-227
-231
-238
-219
-185
-133
-69
-25
305
545
750
803
762
613
447
198
33
-172
-270
-326
-333
-348
-344
-357
-309
-289
-318
-281
-274
-253
-233
-225
-203
-188
-197
-176
-122
-159
-153
-69
-28
149
479
699
858
886
791
627
419
185
21
-71
-218
-255
-221
-273
-268
-253
-236
-241
-218
-201
-199
-173
-159
-135
-118
-114
-130
-125
-123
-97
-45
-40
125
375
625
831
950
883
761
595
351
148
-26
-144
-229
-251
-277
-268
-253
-251
-237
-247
-238
-238
-210
-182
-183
-189
-156
-157
-156
-171
-155
-111
-50
-27
131
419
663
818
869
783
699
419
183
-11
-172
-284
-308
-330
-348
-341
-321
-300
-300
-295
-300
-299
-262
-269
-241
-223
-220
-229
-222
-221
-197
-145
-103
-41
148
482
675
819
787
679
500
283
127
-29
-236
-317
-332
-353
-337
-342
-312
-301
-305
-284
-301
-251
-226
-211
-216
-202
-199
-190
-189
-145
-133
-108
-42
133
398
630
835
921
835
697
485
259
147
-28
-199
-240
-278
-295
-244
-268
-231
-231
-219
-209
-190
-187
-125
-135
-127
-133
-129
-134
-130
-77
-49
-18
95
311
545
757
955
982
811
623
401
180
52
-33
-226
-255
-281
-268
-273
-236
-253
-233
-224
-229
-210
-219
-183
-172
-151
-149
-133
-165
-140
-118
-80
-49
117
353
579
769
881
819
685
497
259
148
-42
-251
-316
-332
-347
-337
-332
-307
-316
-306
-284
-277
-201
-244
-255
-223
-239
-222
-215
-236
-207
-170
-121
-60
121
389
598
783
807
739
595
355
148
-41
-169
-287
-332
-351
-349
-341
-332
-298
-279
-280
-286
-254
-255
-239
-210
-204
-195
-190
-188
-186
-141
-94
-33
110
335
603
815
891
859
739
582
341
137
-12
-181
-258
-268
-281
-260
-266
-251
-235
-215
-205
-182
-183
-154
-149
-125
-127
-97
-120
-140
-106
-37
-11
57
145
569
703
899
931
867
703
487
258
130
-29
-216
-263
-284
-269
-277
-257
-264
-258
-236
-230
-229
-211
-194
-183
-160
-166
-156
-172
-153
-121
-122
-37
100
309
559
757
863
857
695
531
283
153
-39
-227
-304
-337
-351
-363
-315
-298
-313
-322
-301
-310
-299
-255
-234
-236
-211
-235
-235
-188
-201
-156
-113
-25
113
395
595
737
803
735
587
383
165
-11
-183
-281
-326
-335
-345
-343
-332
-285
-300
-290
-278
-275
-244
-234
-215
-197
-187
-174
-172
-174
-130
-95
-37
86
281
547
757
890
891
751
595
351
155
-19
-155
-228
-259
-253
-273
-240
-236
-236
-218
-242
-197
-172
-159
-153
-130
-110
-114
-131
-74
-93
-97
-29
-44
125
419
661
866
949
859
725
542
298
143
-27
-175
-237
-269
-279
-267
-253
-248
-244
-253
-235
-201
-198
-178
-179
-155
-162
-159
-167
-168
-133
-113
-46
-28
178
500
714
851
835
727
564
334
135
-53
-195
-270
-350
-333
-342
-341
-321
-311
-315
-298
-277
-293
-262
-247
-236
-247
-222
-209
-236
-226
-175
-171
-81
-27
154
513
703
809
758
643
474
241
143
-27
-248
-325
-344
-352
-319
-332
-307
-295
-297
-270
-284
-248
-241
-209
-214
-193
-172
-173
-170
-151
-94
-57
-29
131
483
711
875
894
799
623
419
187
81
-28
-201
-248
-253
-264
-244
-255
-239
-229
-233
-204
-175
-151
-154
-119
-131
-95
-110
-110
-108
-83
-49
-39
118
323
564
783
919
899
771
605
371
116
9
-134
-220
-278
-281
-277
-293
-246
-261
-243
-244
-243
-220
-218
-200
-179
-172
-160
-153
-157
-156
-129
-65
-37
122
405
635
801
867
779
617
419
195
-13
-172
-267
-314
-349
-337
-329
-321
-322
-310
-304
-285
-318
-282
-267
-257
-221
-234
-220
-193
-214
-194
-163
-118
-55
148
419
635
791
793
671
535
323
147
-39
-224
-299
-350
-341
-334
-338
-303
-303
-287
-284
-281
-261
-262
-218
-204
-186
-186
-173
-169
-167
-118
-65
-41
118
387
615
819
895
815
724
539
275
143
-50
-179
-231
-204
-271
-253
-251
-248
-231
-213
-209
-185
-172
-156
-154
-133
-123
-125
-143
-124
-108
-69
-22
65
134
475
703
887
905
818
675
454
214
141
-44
-193
-255
-268
-269
-274
-265
-237
-265
-254
-239
-225
-220
-189
-181
-173
-167
-141
-157
-175
-133
-86
-44
84
293
500
721
819
811
691
514
295
138
-53
-231
-298
-334
-349
-330
-341
-328
-315
-332
-312
-300
-290
-270
-246
-220
-237
-221
-220
-236
-169
-198
-135
-55
67
339
567
750
794
754
615
412
199
35
-149
-281
-326
-333
-300
-333
-321
-316
-301
-284
-259
-241
-253
-222
-217
-194
-178
-172
-170
-157
-134
-93
-44
71
231
527
715
871
879
795
595
377
148
20
-45
-219
-242
-248
-262
-242
-255
-226
-215
-215
-209
-182
-165
-133
-139
-121
-108
-113
-114
-93
-77
-34
-21
116
406
639
822
899
859
734
525
311
137
-25
-189
-244
-257
-279
-279
-243
-253
-254
-248
-225
-215
-204
-204
-193
-186
-165
-162
-181
-167
-142
-129
-61
-34
135
415
626
795
820
756
578
399
159
-17
-174
-278
-313
-332
-335
-349
-326
-330
-332
-320
-300
-266
-250
-214
-213
-238
-226
-227
-235
-234
-189
-163
-76
-37
85
419
651
777
783
671
526
308
133
-48
-202
-281
-319
-326
-332
-299
-311
-322
-290
-285
-266
-251
-223
-206
-179
-178
-168
-173
-159
-153
-113
-58
-29
100
373
603
791
891
851
722
523
305
137
-5
-154
-229
-240
-268
-257
-259
-234
-220
-219
-204
-192
-173
-145
-138
-117
-117
-108
-125
-118
-105
-66
-76
91
143
461
679
854
894
811
662
459
241
150
-35
-189
-236
-278
-271
-281
-265
-262
-263
-250
-236
-233
-189
-197
-171
-162
-172
-173
-178
-163
-157
-125
-37
-15
147
468
699
811
793
699
530
319
131
-34
-202
-274
-325
-348
-332
-326
-341
-311
-318
-309
-288
-284
-268
-248
-237
-235
-156
-221
-231
-236
-172
-125
-63
-31
277
511
693
795
746
616
451
227
127
-44
-233
-281
-309
-318
-301
-278
-284
-293
-278
-267
-255
-225
-215
-199
-186
-173
-165
-170
-167
-135
-105
-49
-30
145
419
651
827
883
807
665
478
262
143
-38
-158
-219
-258
-244
-251
-234
-220
-216
-211
-175
-145
-159
-108
-119
-122
-113
-107
-133
-110
-108
-73
-41
101
131
511
699
842
895
807
651
419
219
130
-13
-199
-248
-268
-268
-284
-268
-242
-267
-243
-233
-235
-221
-172
-185
-172
-172
-165
-172
-161
-138
-84
-44
83
286
514
715
816
799
661
497
330
148
-34
-215
-286
-318
-331
-349
-333
-337
-310
-321
-295
-281
-275
-254
-235
-231
-226
-219
-240
-231
-204
-170
-123
-46
-5
250
487
691
799
747
613
467
231
150
-43
-215
-265
-308
-294
-327
-302
-287
-291
-285
-273
-253
-231
-219
-193
-183
-153
-171
-177
-167
-153
-101
-44
-12
115
419
649
825
870
815
661
479
267
134
-15
-154
-220
-230
-246
-227
-242
-226
-203
-199
-184
-193
-162
-142
-73
-125
-117
-127
-131
-131
-113
-45
-26
116
143
471
674
831
881
795
639
419
211
87
-31
-204
-251
-287
-286
-293
-285
-284
-265
-287
-241
-227
-209
-193
-193
-199
-191
-191
-183
-191
-152
-129
-53
-29
148
419
647
771
771
691
525
338
131
-30
-189
-274
-318
-337
-364
-335
-325
-319
-306
-302
-286
-268
-248
-247
-243
-232
-217
-251
-258
-194
-161
-118
-44
-13
139
466
669
803
771
683
531
327
136
-33
-161
-257
-277
-284
-300
-297
-280
-281
-257
-246
-194
-206
-139
-129
-156
-143
-166
-97
-153
-108
-78
-41
-23
122
339
571
771
883
869
755
687
378
180
49
-53
-182
-198
-207
-227
-221
-206
-225
-207
-204
-201
-184
-157
-130
-110
-129
-125
-138
-111
-106
-65
-21
81
103
419
651
810
874
807
703
484
265
149
-36
-192
-262
-282
-285
-257
-286
-283
-285
-277
-246
-263
-237
-209
-204
-209
-215
-204
-211
-208
-193
-134
-109
-43
127
357
565
724
769
704
564
343
159
-12
-167
-258
-312
-322
-354
-333
-346
-307
-344
-315
-309
-294
-301
-266
-263
-238
-251
-238
-241
-208
-181
-140
-95
-21
100
395
618
731
767
685
561
359
178
-18
-147
-225
-291
-309
-330
-332
-309
-274
-278
-258
-236
-220
-197
-198
-177
-167
-158
-210
-165
-140
-108
-53
-49
99
272
508
692
851
871
794
614
417
212
131
-30
-145
-201
-231
-234
-219
-246
-224
-215
-150
-203
-167
-158
-155
-151
-123
-118
-125
-125
-111
-73
-28
-11
150
342
571
755
852
843
724
549
349
151
-7
-61
-194
-262
-261
-281
-300
-284
-258
-267
-254
-222
-209
-204
-190
-187
-194
-197
-203
-182
-176
-127
-95
-28
90
248
483
674
771
739
630
454
272
145
-19
-233
-229
-322
-333
-346
-346
-339
-332
-311
-298
-287
-280
-265
-259
-247
-233
-227
-234
-202
-199
-152
-129
-35
110
293
507
703
791
746
639
459
251
125
-44
-178
-263
-270
-315
-310
-309
-297
-295
-268
-263
-231
-213
-201
-182
-172
-154
-161
-157
-149
-122
-63
-39
71
133
356
643
801
855
817
673
500
287
143
-12
-114
-204
-206
-244
-236
-236
-238
-235
-203
-198
-178
-177
-166
-149
-105
-137
-133
-137
-121
-81
-41
-23
97
153
478
659
819
821
754
607
418
207
136
-45
-173
-236
-268
-283
-290
-281
-290
-275
-291
-268
-251
-246
-219
-236
-214
-204
-203
-217
-189
-147
-77
-43
26
157
450
651
741
755
669
503
322
129
-19
-176
-263
-305
-339
-350
-343
-351
-328
-326
-321
-301
-282
-279
-251
-240
-236
-230
-229
-214
-187
-153
-125
-39
85
261
511
715
791
747
671
487
291
139
-14
-158
-247
-263
-295
-305
-274
-287
-283
-269
-258
-229
-216
-210
-177
-181
-153
-170
-149
-145
-129
-59
-57
62
82
413
635
799
879
832
704
546
328
134
-22
-44
-174
-226
-237
-257
-253
-242
-221
-221
-202
-189
-156
-154
-142
-149
-140
-162
-138
-137
-97
-45
-13
97
147
419
629
777
842
791
641
447
266
139
-40
-158
-227
-268
-297
-300
-306
-300
-279
-268
-241
-244
-223
-215
-219
-221
-236
-221
-229
-185
-157
-118
-58
-35
135
371
581
722
759
699
535
372
167
19
-59
-237
-295
-331
-364
-357
-346
-350
-333
-337
-321
-325
-274
-265
-254
-230
-220
-226
-231
-204
-159
-110
-40
-38
132
454
643
759
779
692
563
343
137
25
-34
-215
-257
-290
-306
-291
-305
-291
-277
-268
-236
-217
-193
-190
-175
-171
-165
-159
-155
-117
-71
-41
20
123
343
563
767
850
850
747
591
419
166
127
-37
-192
-206
-262
-248
-261
-251
-244
-236
-225
-205
-182
-193
-182
-161
-155
-163
-170
-135
-106
-61
-12
31
153
414
618
770
835
803
679
508
292
146
-41
-177
-215
-254
-298
-325
-300
-303
-283
-300
-287
-277
-246
-228
-237
-229
-231
-205
-221
-172
-177
-134
-62
-38
118
369
587
715
755
689
551
367
166
27
-31
-237
-287
-300
-350
-360
-367
-366
-338
-314
-317
-300
-286
-268
-244
-248
-244
-248
-241
-206
-153
-108
-40
83
187
469
672
791
787
697
527
337
139
1
-44
-215
-253
-290
-364
-289
-289
-287
-279
-269
-241
-238
-206
-203
-162
-174
-165
-156
-135
-110
-56
-38
87
143
409
629
783
869
833
722
535
335
148
17
-35
-189
-219
-267
-233
-271
-262
-239
-247
-183
-222
-207
-187
-160
-162
-170
-145
-158
-107
-110
-31
-18
105
190
469
675
789
827
756
597
411
211
137
-22
-169
-231
-288
-297
-311
-311
-302
-300
-295
-274
-265
-261
-269
-255
-239
-225
-229
-214
-189
-153
-102
-66
79
238
483
639
741
723
617
463
239
145
-25
-174
-268
-303
-353
-366
-371
-341
-357
-349
-325
-325
-275
-280
-268
-253
-246
-244
-240
-219
-189
-122
-72
-47
121
359
575
722
763
726
595
419
241
129
-43
-169
-219
-265
-300
-251
-289
-286
-273
-289
-269
-263
-227
-191
-198
-173
-165
-138
-141
-85
-47
-35
37
111
340
562
753
857
827
755
594
415
213
137
-33
-140
-206
-230
-268
-273
-268
-197
-255
-233
-216
-211
-175
-157
-161
-155
-164
-150
-140
-118
-69
-44
33
143
378
606
743
806
763
640
483
278
150
-31
-149
-225
-257
-297
-316
-332
-328
-318
-301
-313
-294
-281
-288
-226
-229
-236
-229
-204
-204
-160
-121
-45
71
143
459
591
706
718
639
479
275
137
-23
-162
-235
-315
-349
-364
-380
-367
-360
-362
-309
-300
-310
-294
-266
-253
-239
-253
-236
-225
-145
-119
-55
-71
130
385
567
721
763
724
599
468
235
143
-27
-137
-213
-251
-283
-298
-298
-303
-295
-277
-267
-229
-229
-191
-187
-172
-165
-153
-145
-122
-59
24
43
117
363
489
771
843
823
739
565
340
212
137
-17
-121
-175
-221
-255
-254
-274
-251
-272
-243
-233
-215
-181
-168
-158
-146
-153
-150
-137
-83
-74
-40
105
271
486
663
775
803
746
579
404
207
130
-37
-172
-223
-258
-300
-314
-332
-330
-326
-318
-298
-274
-281
-255
-236
-236
-232
-230
-207
-178
-133
-54
-41
93
370
538
695
721
692
554
394
195
143
-22
-198
-263
-321
-392
-373
-358
-361
-347
-349
-346
-311
-295
-289
-261
-250
-235
-281
-223
-159
-133
-71
-25
147
315
531
671
779
743
649
489
309
161
-21
-17
-173
-242
-268
-293
-301
-314
-284
-283
-244
-253
-235
-198
-195
-168
-170
-150
-140
-137
-71
-35
46
130
335
629
722
822
815
730
603
416
235
147
22
-42
-179
-211
-251
-253
-257
-277
-262
-287
-231
-217
-191
-183
-178
-153
-140
-158
-129
-70
-45
-34
100
239
474
639
767
763
729
589
416
215
133
-29
-156
-219
-257
-289
-318
-323
-305
-321
-316
-330
-285
-278
-254
-248
-230
-229
-229
-189
-165
-117
-58
-27
139
355
530
669
755
641
539
372
196
134
-38
-191
-237
-303
-353
-350
-351
-357
-365
-357
-351
-318
-300
-283
-243
-246
-236
-218
-208
-172
-117
-61
-45
116
372
545
697
745
707
606
419
276
141
-17
-44
-175
-236
-271
-277
-293
-299
-299
-300
-283
-266
-219
-197
-144
-169
-151
-149
-134
-108
-62
-50
75
145
367
567
722
832
799
695
553
373
194
116
-28
-44
-177
-204
-279
-276
-253
-261
-266
-248
-237
-220
-200
-171
-161
-158
-129
-118
-125
-76
-45
-29
122
305
500
667
770
769
707
554
370
215
135
-27
-153
-213
-257
-303
-315
-319
-325
-332
-338
-300
-304
-259
-255
-218
-224
-217
-193
-183
-155
-108
-44
-5
139
399
585
654
691
619
500
339
154
37
-45
-195
-246
-289
-333
-342
-356
-364
-366
-366
-330
-316
-293
-265
-254
-236
-226
-205
-204
-155
-108
-35
-17
117
401
559
695
711
660
546
411
241
154
-11
-93
-161
-233
-264
-282
-291
-288
-297
-306
-287
-259
-226
-202
-170
-169
-143
-118
-101
-66
-44
-28
105
142
395
593
711
757
773
648
499
347
179
148
-21
-6
-172
-198
-225
-253
-255
-254
-268
-248
-233
-205
-184
-155
-155
-134
-125
-123
-146
-60
-39
36
132
323
495
667
714
713
631
507
353
179
143
-11
-108
-193
-233
-271
-301
-301
-331
-327
-348
-266
-286
-254
-253
-213
-215
-206
-174
-162
-123
-76
-39
103
135
362
505
623
599
607
473
419
175
135
-11
-155
-214
-268
-303
-332
-357
-343
-354
-354
-339
-317
-300
-268
-251
-227
-217
-204
-188
-140
-58
-59
-15
130
326
483
622
662
634
551
419
276
139
10
-44
-138
-185
-222
-251
-274
-279
-287
-295
-283
-259
-231
-197
-181
-166
-141
-130
-108
-77
-44
-44
84
143
323
500
643
731
711
659
603
373
238
142
36
-22
-95
