-45
-53
-44
-31
-41
22
34
41
20
23
27
20
-9
1
-1
3
-11
-19
15
-9
6
-22
-7
-9
-1
-71
67
103
100
27
-26
2
-12
-85
-43
-92
-74
1
-19
-109
-15
-41
-25
-26
-43
-46
-28
-40
-29
-31
6
-13
-7
4
-26
0
-11
-55
22
-43
142
54
105
23
79
63
49
20
-5
-41
-30
-83
-85
-74
-80
-53
-45
-43
-39
-28
3
10
4
16
-12
7
-18
-23
-17
-22
-27
-17
-33
-28
-41
-46
-44
-25
-18
55
102
130
143
135
130
138
62
33
-12
-13
-25
-28
-71
-77
-63
-77
-55
-35
-46
5
20
35
47
37
30
9
5
-14
-11
-17
-12
-26
-22
-25
-29
-27
-30
-29
-10
20
30
52
83
141
134
143
131
133
83
52
20
-12
20
-44
-59
-101
-76
-98
-71
-49
-34
-24
10
51
27
17
8
-13
-27
-49
-45
-41
-28
-46
-27
-31
-37
-57
-48
-59
-25
-32
17
26
71
116
138
149
130
107
74
27
-5
-9
-37
-77
-113
-102
-83
-92
-92
-58
-45
-37
-17
20
25
39
-19
-5
-29
-30
-28
-37
-46
-61
-41
-61
-81
-55
-53
-34
-39
-17
26
47
105
124
147
175
142
145
81
35
-5
-32
-44
-63
-109
-86
-98
-83
-68
-44
-46
-26
38
53
26
20
79
-94
-27
47
70
-74
-37
-27
-33
-33
-38
-53
-48
-51
-29
8
20
59
115
149
166
180
165
158
120
49
11
-12
-26
-31
-108
-95
-85
-97
-76
1
-19
-41
39
35
31
30
20
-16
-41
-48
-40
-65
-50
-49
-62
-45
-50
-53
-66
-39
-29
-29
-26
20
39
89
122
123
169
145
148
63
17
16
-41
-17
-109
-108
-119
-117
-107
-69
-53
-47
-28
27
23
41
15
-30
-11
-37
-12
-46
-69
-49
-45
-55
-63
-46
-140
-86
-107
-102
-51
52
14
47
99
135
138
190
131
149
79
25
-9
-38
-46
-77
-95
-85
-108
-76
-67
-30
-43
19
33
46
26
-59
62
-37
-26
-41
35
-37
-17
-61
-33
-28
-69
-78
-38
-47
-41
-20
19
49
83
101
138
194
222
161
141
137
52
25
-6
-35
-41
-81
-87
-73
-85
-74
-37
-18
17
29
65
58
18
-9
-19
-25
-26
-44
-49
-60
-48
-41
-74
-76
-77
-86
-41
-45
-35
-5
10
49
94
118
131
183
143
126
105
52
-11
-13
-57
-107
-85
-108
-108
-92
-92
-45
-55
-30
29
20
32
5
-18
-5
-37
-58
-82
-62
-58
-71
-54
-70
-85
-62
-72
-58
-41
33
-15
15
62
115
118
187
194
148
145
67
51
11
-28
-41
-76
-81
-111
-95
-73
-61
-35
-41
25
33
67
52
39
-12
-12
-41
-45
-34
-45
-39
-57
-61
-37
-35
-57
-47
-40
-31
-17
31
37
83
119
124
217
198
181
148
131
50
20
-29
-37
-19
-61
-81
-78
-92
-73
-61
-29
53
65
64
47
20
19
-13
-34
-34
-54
-45
-41
-41
-39
-47
-70
-55
-49
-44
-29
-45
14
26
63
129
147
213
199
141
161
55
2
1
-43
-25
-63
-78
-97
-95
-82
-74
-43
-47
37
29
39
23
-13
-6
-43
-26
-76
-71
-71
-71
-63
-57
-59
-76
-78
-92
-73
-37
-43
-13
17
20
114
127
194
167
131
149
54
10
-17
-7
-38
-79
-76
-78
-98
-85
-34
-34
-20
32
52
59
52
5
-18
-15
-39
-76
-92
-48
-64
-49
-54
-45
-69
-76
-49
-28
-43
-7
36
59
115
135
190
211
148
148
148
55
31
4
-18
-28
-37
-74
-69
-69
-38
-27
-22
39
59
51
43
17
7
-28
-34
-37
-59
-69
-55
-54
-54
-44
-74
-74
-78
-39
-34
-43
2
17
58
111
139
193
173
149
147
67
30
-23
-27
-41
-66
-92
-95
-81
-77
-41
-28
-15
52
57
38
9
-11
-12
-44
-53
-103
-76
-77
-83
-87
-77
-101
-92
-71
-71
-33
-46
-46
23
55
105
123
175
167
149
143
31
22
-12
-28
-29
-18
-73
-92
-63
-76
-54
-44
-24
20
52
37
41
7
-10
-31
-44
-76
-74
-92
-69
-57
-79
-74
-53
-58
-18
-49
-23
31
37
91
124
148
197
180
135
144
67
8
-13
-12
-28
-27
-26
-44
-53
-55
-41
-22
27
54
57
79
30
25
-12
-29
-27
-94
-92
-63
-73
-73
-58
-51
-69
-63
-45
-41
-2
33
52
112
138
119
180
143
127
50
41
-9
-7
-22
-44
-18
-63
-45
-65
-57
-33
-41
6
36
36
47
9
1
-12
-44
-81
-114
-103
-109
-65
-103
-85
-92
-85
-60
-34
-44
-19
-2
43
98
145
123
155
139
61
34
-13
-28
-28
-17
-33
-41
-69
-72
-74
-33
-28
-28
30
51
35
37
10
-7
-12
-41
-92
-109
-102
-92
-70
-76
-74
-67
-66
-44
-37
-17
20
41
87
145
140
185
145
153
52
6
3
-11
-14
-37
-34
-29
-37
-45
-41
-37
27
52
88
67
70
58
14
-12
-31
-41
-74
-77
-69
-69
-67
-77
-41
-35
-38
-44
-11
26
52
105
123
179
175
138
119
41
3
-1
-25
-28
-20
-33
-22
-35
-44
-27
-46
17
22
67
52
65
20
-6
-28
-31
-101
-109
-102
-95
-81
-92
-97
-71
-63
-44
-49
-47
17
22
109
127
143
148
127
54
23
-20
-3
-23
-15
-12
-50
-47
-76
-56
-74
-39
-13
15
51
59
48
23
-15
-30
-37
-118
-108
-118
-103
-101
-79
-95
-74
-57
-29
-28
-11
7
65
121
133
146
148
135
25
19
-5
-39
-15
-44
-29
-28
-45
-30
-17
-14
3
41
36
70
65
52
59
13
-23
-14
-98
-108
-81
-63
-76
-76
-49
-48
-49
-39
-1
39
43
87
115
136
173
162
143
29
19
-13
-29
-25
-12
-27
-43
-31
-27
-41
-19
13
46
52
58
74
41
20
-19
-22
-55
-102
-110
-107
-101
-109
-76
-73
-54
-43
-41
-27
10
18
77
119
127
119
133
135
23
-18
-25
-61
-33
-32
-58
-59
-58
-41
-54
-37
-17
5
37
51
36
33
-9
-35
-19
-96
-119
-106
-108
-97
-99
-101
-67
-60
-55
-41
-15
9
67
117
129
148
142
147
41
15
-16
-34
-45
-29
-45
-27
-38
-28
-32
-18
2
43
30
69
54
47
35
2
-12
-41
-76
-102
-108
-65
-79
-86
-70
-48
-37
-23
20
35
45
97
133
142
180
126
127
29
-17
-28
-16
-31
-12
-12
-27
-12
-12
-14
43
37
41
53
74
59
52
20
-9
-41
-33
-77
-74
-98
-97
-108
-63
-63
-60
-41
-29
6
43
52
127
131
119
143
131
20
-9
-50
-43
-45
-39
-29
-50
-38
-49
-33
-47
-17
27
31
52
61
37
20
1
-39
-31
-108
-105
-123
-118
-114
-108
-108
-82
-38
-43
-37
20
47
82
116
133
145
129
23
-27
-39
-27
-31
-121
-43
-54
-47
-29
-37
-41
-30
9
41
53
67
57
51
-2
-23
-45
-82
-79
-76
-92
-101
-94
-66
-57
-41
-43
-17
34
51
97
116
149
141
153
98
33
-14
-9
-43
-33
-38
-29
18
-12
-5
5
11
20
27
64
83
69
67
47
15
-13
-29
-81
-118
-77
-97
-101
-96
-67
-57
-23
-35
20
55
74
90
116
123
127
131
49
-11
-22
-31
-43
-45
-22
-39
-43
-20
-37
-34
-7
26
31
78
50
66
25
6
-25
-35
-81
-107
-124
-109
-115
-108
-107
-64
-54
-45
-20
25
25
63
107
139
129
85
35
-20
-26
-43
-33
-54
-74
-44
-76
-70
-26
-44
-18
5
17
50
43
56
41
-1
-8
-41
-39
-111
-108
-107
-114
-94
-65
-65
-30
-30
-28
15
52
77
129
121
134
151
67
9
-25
-39
-50
-44
-30
-33
-14
-37
-23
-10
11
13
20
26
70
7
55
52
3
-12
-39
-41
-47
-81
-71
-71
-74
-44
-48
-115
11
46
59
73
123
131
155
133
131
37
-10
-20
-34
-31
-60
-37
-14
-7
-33
11
1
7
19
52
45
63
56
41
41
16
-23
-71
-102
-92
-76
-92
-69
2
-41
-28
-38
19
47
57
101
131
127
143
142
26
-12
-29
-65
-60
-45
-31
-28
-29
-28
3
-23
-23
34
22
45
41
45
31
20
-12
-58
-77
-92
-109
-95
-101
-106
-63
-55
-48
-39
20
20
53
74
120
142
130
121
39
-11
-31
-19
-45
-33
-41
-40
-29
-47
-27
3
20
35
52
41
74
67
52
31
91
-55
-53
-65
-106
-74
-79
-74
-70
-55
-41
-23
23
63
83
109
123
148
174
158
123
15
-10
-50
-25
-27
-35
-28
-32
-2
10
54
15
-18
52
49
62
131
36
51
1
-26
-26
-78
-95
-95
-81
-87
-61
-53
-16
-25
7
51
74
95
115
130
137
124
59
-22
-24
-85
-65
-45
-17
-37
-27
-37
-38
-37
20
25
23
23
55
59
41
11
-32
-101
-98
-111
-106
-140
-123
-109
-94
-57
-66
-22
-13
31
52
78
115
133
131
137
52
-11
-34
-58
-71
-59
-59
-37
-51
-37
51
-19
0
20
-7
25
20
57
67
51
15
-20
-28
-86
-98
-101
-76
-76
-73
-43
-41
-38
52
53
57
97
119
133
123
131
116
3
-20
-13
-76
-51
-28
-32
19
-28
-5
11
36
37
41
35
57
111
62
52
25
33
-32
-41
-111
-107
-97
-69
-54
-29
-49
-20
38
54
65
96
137
138
163
149
116
-17
-30
-55
-108
-58
-45
-28
-53
-58
-37
-2
11
34
18
55
53
52
40
20
-12
-7
-47
-111
-108
-96
-109
-108
-76
-62
-43
-29
22
35
52
62
89
147
119
153
9
-29
-43
-86
-105
-74
-57
-44
-45
-37
-109
-28
5
10
19
35
34
47
59
38
-13
-29
-47
-92
-122
-105
-109
-81
-83
-65
-40
-47
38
37
65
85
158
129
145
129
129
70
-28
-25
-63
-63
-45
-37
-57
-41
-28
-17
-7
27
31
71
63
65
52
10
-12
-12
-39
-39
-97
-94
-26
-156
-69
-76
-45
-28
65
-6
9
95
131
139
175
158
148
-6
-44
-20
-85
-56
-44
-20
-27
-15
-38
-18
-3
33
39
47
54
71
74
31
18
-33
-37
-112
-92
-85
-105
-57
-101
36
-29
5
-92
5
32
65
119
106
135
151
129
-12
-38
-78
-113
-95
-71
-57
-49
-30
-35
-29
-38
10
15
30
43
31
31
-33
-49
29
-11
-61
-37
-161
-55
-86
-78
-60
-53
-41
-28
23
45
59
102
143
133
153
135
30
-25
-28
-44
-113
-44
-20
-82
-59
-40
-12
1
22
36
27
67
69
40
53
-43
-103
-92
9
-165
-65
-105
-87
-65
-44
-39
-41
33
43
79
102
129
143
167
175
143
35
-12
-50
-77
-45
-37
-37
-41
-20
45
3
6
5
2
50
56
38
79
149
37
-2
-31
-97
-50
-14
-106
-82
-73
-58
-50
-44
29
30
71
100
138
135
148
146
135
-1
-22
-69
-117
-86
-61
-33
-33
-41
-31
-37
-28
19
8
37
25
67
41
52
17
-34
-39
-107
-105
-108
-121
-182
-115
-47
-11
-45
-28
-58
37
63
118
139
126
137
139
-6
-41
-92
-103
-92
-57
-47
-53
-17
-33
-46
-107
9
107
134
6
39
83
27
22
-15
-43
-37
-76
-110
-83
-74
-74
-31
-37
-20
36
57
52
99
116
139
194
167
127
35
-12
20
-66
-149
-30
-64
17
20
-12
5
5
35
43
52
59
73
55
49
50
15
-18
-20
-99
-85
-82
-97
-71
-40
-44
-30
29
51
79
91
131
124
176
147
127
1
-44
-48
-87
-101
39
-57
-73
-12
-50
-30
57
7
-28
67
49
-41
72
45
-10
-25
-41
-69
-109
-101
-114
-111
-85
-92
-41
-45
29
43
49
99
117
134
135
136
118
-11
-44
-154
-44
-101
-63
-99
-41
-13
19
-44
5
3
19
-19
56
37
37
20
-9
-18
-31
-95
-109
-110
-79
-74
-81
-63
-54
-26
47
59
-7
11
223
194
126
134
147
59
68
-44
-104
-56
-45
-54
-44
-17
-8
15
31
35
20
51
67
54
146
54
22
-12
-16
-59
-78
-86
-92
-65
-37
64
-76
87
20
131
87
175
117
57
185
234
121
-57
20
-37
-98
-44
-34
-18
-44
-6
-54
25
5
20
23
49
41
71
52
33
-2
-13
-46
-92
-110
-95
-69
-103
-80
-34
-35
-74
-28
50
71
107
134
130
163
151
119
-28
-38
-110
-120
-92
-61
-55
-54
-39
-25
-22
-33
13
7
19
34
36
16
20
9
-35
-38
-92
-111
-124
-92
-79
-103
-98
-59
82
90
31
20
90
139
145
163
139
141
7
-31
-79
-83
-69
-44
-44
-40
-44
-27
-13
13
-49
90
89
102
107
61
37
-27
-22
-18
-67
-101
-122
-92
-74
-44
-27
-44
39
55
71
74
103
135
191
179
148
132
-2
25
-27
-69
-66
-48
-7
-44
-19
-17
5
69
38
7
18
79
77
123
59
23
-38
-27
-59
-108
-135
-130
-101
-76
-27
-20
31
52
71
116
87
131
148
194
138
144
9
-9
-77
-102
-77
-63
-31
-25
-22
-11
53
19
87
37
-44
57
59
34
17
-6
-33
-31
-113
-120
-108
-158
-92
-73
-57
-28
-41
25
33
83
79
95
205
100
163
74
3
-57
-111
-105
-85
-57
-30
-30
-30
-105
-44
30
7
23
-10
41
67
102
51
14
-28
-33
-94
-97
-94
-129
-74
-41
-26
-41
19
41
63
51
106
119
135
207
167
146
20
-14
-71
-27
-85
11
-20
-45
-39
13
13
25
34
45
35
74
78
-3
45
45
-2
-20
-95
-92
-108
-101
-65
-47
-47
-49
20
49
51
9
99
132
130
211
161
131
19
52
-17
-82
-92
-79
-30
-46
-17
-38
-32
-2
5
24
20
52
55
40
65
16
-20
-41
-85
-131
-33
-155
-80
-71
-41
-48
-30
17
54
40
74
107
121
153
176
153
17
15
-35
-74
-107
-140
-78
-27
-17
-131
-37
-28
10
8
7
37
68
5
31
18
19
-61
-92
-96
-121
-113
-108
-71
-33
-27
-15
22
71
25
99
135
131
180
181
170
77
-43
-43
-105
-92
-59
-34
-31
-31
23
-11
6
18
20
53
71
74
92
52
34
-1
-39
-55
-95
-122
-141
-77
-57
-28
-45
-5
47
58
146
81
111
138
215
191
139
116
15
-41
-113
-77
-102
-51
-26
-39
-19
-33
18
7
18
35
62
70
119
73
29
-2
-45
-37
-106
-129
-173
-114
-81
-76
-41
-39
20
33
62
67
94
133
135
235
157
110
-76
-45
-113
-110
-81
-71
-57
-37
-70
-44
-25
-27
3
27
20
44
9
39
8
-7
-26
-83
-108
-137
-129
-117
-105
-74
-41
-57
-34
25
82
67
99
135
151
187
148
130
68
-39
-94
-122
-80
-72
-25
-33
14
-43
18
11
19
20
34
56
66
50
52
37
-27
-43
-108
-108
-109
-101
-73
-78
-44
-31
17
52
64
83
113
122
176
212
194
119
43
-20
-44
-102
-74
-65
-41
-32
-109
-14
-17
6
8
29
35
65
127
74
51
-29
-12
-12
-108
-81
-124
-101
-78
-77
-61
-44
-15
47
67
73
99
119
129
211
170
127
51
-26
-108
-118
-124
-67
-39
-33
-69
-40
-28
-40
17
9
27
36
54
43
23
1
-22
-53
-108
-139
-126
-124
-77
-73
-59
-29
-37
33
51
33
97
116
133
191
185
134
61
-13
-28
-111
-111
-69
-48
-43
-55
-15
-27
-35
6
31
25
34
52
51
41
31
11
-34
-41
-97
-62
-83
-81
-73
-51
-41
-14
43
74
74
90
126
134
219
199
155
131
-18
-44
-106
-94
-62
-41
-33
-37
-6
12
-1
20
23
34
52
83
83
50
47
39
-12
-63
-101
-169
-98
-102
-66
-53
-23
-41
20
95
74
101
107
128
189
197
153
211
-23
-37
-119
-108
-71
-49
-37
-56
-57
-45
-41
-7
25
26
33
40
69
51
36
-14
-37
-41
-101
-172
-110
-106
-92
-45
-55
-41
-18
126
57
59
91
116
133
189
181
110
15
-28
-123
-140
-109
-76
-53
-27
-43
-38
-32
-15
5
2
14
48
74
52
31
20
-26
-28
-98
-140
-107
-109
-101
-55
-57
-41
-1
99
74
97
96
131
129
202
178
135
34
-27
-49
-110
-98
-61
-44
-63
-44
-14
3
3
23
25
37
48
81
77
57
41
9
-25
-54
-111
-101
-98
-83
-44
-29
-17
19
46
63
95
111
102
194
205
167
143
10
-9
-43
-86
-77
-65
-35
-13
-44
-46
-26
-1
-2
13
8
53
35
67
47
19
-31
-54
-102
-113
-106
-118
-92
-66
-55
-38
-29
37
52
63
82
129
145
191
185
139
27
-18
-109
-141
-135
-85
-53
-25
-29
-43
-7
-29
4
16
22
20
55
63
47
16
-25
-37
-117
-133
-135
-137
-101
-77
-50
-108
-30
34
58
65
83
129
129
219
183
122
47
-31
-44
-135
-118
-72
-44
-41
-11
-49
-12
-1
11
15
36
69
58
95
53
37
-6
-30
-98
-122
-123
-94
-65
-53
-28
-25
37
66
87
92
95
121
212
227
198
149
134
-17
-37
-103
-85
-53
-39
15
-31
-33
-27
-1
3
-8
20
41
69
65
58
33
-10
-44
-66
-96
-98
-117
-98
-44
-33
-13
-19
35
49
83
107
118
154
197
181
148
20
-23
-78
-133
-117
-85
-54
-39
-50
-29
-46
-38
11
2
30
30
77
46
11
-9
-5
-44
-119
-141
-146
-140
-124
-86
-58
-47
-41
30
105
77
117
127
134
210
185
146
17
-29
-120
-149
-81
-74
-29
-44
-33
-31
-11
20
10
11
36
52
39
69
53
-1
-23
-11
-122
-119
-110
-120
-73
-47
-28
-45
36
63
70
83
116
139
210
211
197
139
17
-31
-85
-103
-77
-57
-37
-28
-29
-12
-11
43
30
22
51
63
72
67
46
26
-17
-22
-117
-139
-108
-95
-95
-44
-45
-22
37
58
73
91
124
134
207
199
171
147
-10
-41
-127
-119
-113
-60
-39
-46
-45
-19
-13
1
2
33
52
41
55
52
37
-7
-37
-108
-141
-157
-140
-121
-113
-61
-47
-50
33
41
65
74
101
131
209
180
170
134
-5
-45
-133
-140
-98
-76
-39
-25
-44
-28
-49
7
-11
19
41
37
62
41
23
3
-26
-78
-124
-143
-130
-111
-73
-63
-34
-39
25
47
67
85
116
135
212
207
149
145
2
-44
-85
-99
-79
-41
-46
-22
-25
-9
-7
8
20
51
54
67
83
78
67
23
-19
-23
-99
-111
-107
-79
-76
-39
-41
-26
38
72
91
114
90
151
225
246
149
121
-7
-33
-126
-113
-77
-31
-25
-60
-20
-17
-12
15
11
18
36
59
58
52
61
20
-53
-110
-124
-139
-128
-124
-107
-62
-16
-47
35
74
71
95
121
163
210
212
182
143
-31
-37
-122
-134
-111
-74
-39
-26
-46
-25
-20
-20
20
15
7
47
58
63
16
-14
-45
-121
-116
-137
-108
-108
-108
-41
-45
-30
3
36
63
98
132
133
215
211
163
141
-18
-27
-135
-137
-92
-62
-35
-45
-37
-35
0
18
5
15
51
46
70
65
40
-13
-35
-94
-137
-127
-118
-115
-82
-48
-47
-44
51
86
62
106
113
194
219
231
179
133
-10
-53
-108
-124
-81
-14
-28
-17
-47
-28
0
5
20
17
18
59
67
52
35
-27
-41
-94
-133
-121
-111
-127
-72
-60
-43
-51
20
69
74
91
127
123
229
209
123
62
-28
-108
-151
-111
-94
-63
-33
-26
-34
-47
-13
6
4
15
20
36
59
55
-18
-22
-50
-129
-117
-140
-139
-126
-108
-67
-41
-73
20
35
52
94
123
149
212
201
136
36
-15
-119
-143
-140
-67
-44
-33
1
-33
-34
3
33
9
18
61
52
74
45
25
-25
-49
-114
-118
-137
-124
-107
-76
-28
-44
20
58
91
90
116
129
209
239
194
165
131
-14
-37
-124
-99
-69
-50
-41
6
-24
33
25
39
41
46
49
66
71
95
47
-7
-7
-95
-112
-92
-108
-81
-76
-22
-44
37
66
78
83
115
133
227
233
229
158
137
-15
-49
-127
-92
-74
-49
-34
-41
-25
-11
9
10
35
25
79
58
79
49
25
-25
-38
-111
-141
-149
-140
-105
-76
-41
-28
-12
52
52
65
106
131
209
212
191
122
25
-30
-105
-119
-92
-76
-38
-27
-41
-14
-26
-6
-17
16
34
25
43
67
57
33
-27
-29
-108
-123
-155
-119
-111
-76
-50
-30
35
46
53
103
126
145
233
224
201
141
31
-37
-31
-101
-110
-54
-23
-23
-55
-13
-6
25
17
20
52
53
69
73
79
23
-14
-28
-92
-101
-121
-117
-94
-70
-39
-22
54
83
78
119
110
148
233
225
203
155
26
-23
-22
-117
-72
-44
-37
-31
-9
-25
-26
19
10
13
34
46
53
-6
34
5
-17
-29
-114
-135
-135
-118
-120
-86
-34
-41
33
73
72
69
106
121
185
192
181
169
35
-29
-113
-141
-134
-74
-45
-44
-58
-14
-44
-44
20
19
-2
26
49
37
36
-5
-20
-41
-128
-131
-145
-106
-119
-86
-47
-70
-26
54
91
95
113
130
228
217
194
149
24
-23
-111
-141
-99
-66
-43
-15
-25
-20
-8
12
27
20
26
49
62
78
67
33
-23
-23
-108
-140
-133
-111
-85
-50
-23
-41
65
74
91
101
116
138
218
234
229
151
123
-17
-44
-106
-101
-61
-43
-39
-15
-12
-23
5
11
20
37
52
87
54
58
15
-20
-23
-110
-121
-143
-101
-103
-45
-51
-26
47
66
60
85
116
149
210
238
181
129
20
-29
-106
-141
-133
-57
-38
-44
-44
-45
-41
-1
15
20
35
37
30
82
19
-9
-12
-23
-118
-169
-137
-121
-107
-80
-61
-53
-28
39
83
85
115
141
215
230
185
151
46
-46
-97
-129
-109
-76
-47
-47
-33
-14
-26
10
15
19
37
52
81
83
52
10
-1
-27
-137
-145
-129
-122
-106
-55
-30
-20
33
85
94
113
101
116
239
245
224
162
25
-16
-92
-103
-76
-46
-43
-43
20
9
17
22
27
50
45
63
67
101
68
63
5
-44
-95
-113
-114
-108
-74
-29
-37
-2
35
77
107
123
116
187
235
223
185
139
-11
-28
-108
-121
-97
-44
-29
-23
-18
-31
20
4
23
7
43
49
71
45
36
6
-41
-86
-138
-141
-149
-143
-94
-66
-29
-41
40
70
52
115
139
139
227
209
163
130
-28
-45
-172
-149
-81
-57
-43
-62
-41
-20
-13
-14
2
20
31
126
73
63
27
-12
-18
-108
-136
-128
-137
-108
-74
-48
-44
14
52
83
113
115
153
239
247
227
143
106
-6
-29
-117
-114
-92
-25
-58
-28
-10
-14
52
37
35
83
66
69
86
74
52
-26
-33
-109
-122
-121
-94
-86
-56
-33
-14
39
83
99
115
133
199
235
235
187
139
9
-45
-114
-111
-111
-69
-18
-31
-29
-11
-5
11
20
14
41
51
58
71
46
17
-7
-41
-124
-129
-114
-103
-85
-43
-49
-20
39
57
67
94
132
147
227
199
148
119
-12
-25
-102
-121
-108
-65
-55
-48
-28
-29
-17
9
-5
5
26
49
52
54
34
-13
-44
-111
-154
-140
-124
-108
-78
-57
-41
-1
39
70
83
121
146
215
243
203
151
118
-17
-29
-138
-114
-71
-51
-31
-53
-20
1
20
23
20
35
52
55
77
61
20
15
-31
-105
-114
-97
-119
-99
-59
-54
-24
65
67
87
116
149
122
253
244
211
139
39
-17
-30
-114
-102
-57
-31
-28
-12
-2
30
6
22
22
41
50
83
83
53
2
-22
-44
-108
-152
-139
-124
-97
-61
-48
-25
31
74
81
116
136
119
235
227
179
139
3
-30
-130
-119
-103
-74
-31
-33
-51
-29
-34
9
18
20
10
31
52
41
23
-3
-55
-81
-146
-173
-139
-124
-118
-79
-48
-17
15
59
53
85
139
109
209
225
175
126
-15
-38
-135
-121
-96
-59
-28
-25
-44
-44
-35
19
10
27
34
52
55
52
30
-30
-43
-117
-139
-130
-142
-76
-73
-38
-44
1
49
83
105
118
116
199
243
215
149
126
-29
-40
-135
-123
-103
-54
-33
-27
25
33
53
23
27
37
61
79
94
73
47
20
-28
-71
-134
-113
-135
-122
-92
-47
-49
15
48
94
69
109
155
194
225
219
163
127
-13
-34
-156
-108
-108
-59
-44
-33
-28
-41
-31
5
10
-6
38
39
36
52
27
-12
-35
-119
-157
-143
-140
-129
-104
-55
-38
-37
25
36
83
74
151
149
199
193
135
47
-24
-114
-139
-141
-126
-65
-44
-34
-37
-55
-38
-23
-7
6
38
46
50
52
23
-30
-55
-133
-155
-144
-119
-124
-102
-50
-76
-58
47
38
83
107
127
208
244
212
138
83
-22
-92
-144
-119
-56
-40
-26
-29
-18
-28
36
6
20
25
63
66
83
51
20
3
-44
-124
-122
-117
-108
-83
-73
-20
-23
35
58
91
79
119
116
237
229
206
152
22
-27
-110
-107
-100
-62
-43
-46
-37
-25
-31
-12
20
13
20
52
55
55
59
-17
-12
-47
-110
-143
-151
-117
-126
-92
-58
-23
-5
52
52
83
94
133
217
227
194
123
0
-45
-140
-142
-121
-65
-57
-38
-59
-53
-31
-26
-7
8
11
37
26
41
39
-1
-45
-103
-141
-165
-143
-141
-123
-76
-44
-30
-7
24
47
73
130
138
194
227
205
116
20
-37
-130
-140
-120
-79
-37
-47
-41
-44
-23
-49
14
10
51
63
74
82
34
18
-18
-40
-118
-127
-124
-108
-108
-79
-33
-29
62
62
71
100
135
175
235
243
237
148
1
-58
-107
-130
-86
-44
-26
-37
-41
-27
5
-5
20
9
48
47
52
55
20
-5
-32
-87
-142
-140
-139
-130
-108
-56
-34
-13
31
43
67
94
135
167
219
198
148
148
-28
-41
-156
-138
-119
-69
-53
-27
-28
-22
-29
-17
2
17
35
46
36
33
25
7
-43
-122
-140
-171
-147
-153
-103
-94
-44
-23
52
33
73
99
134
213
221
212
129
37
-34
-127
-157
-146
-96
-46
-40
-12
-33
-38
-44
-17
9
27
25
52
71
52
3
-35
-30
-124
-140
-157
-126
-121
-71
-46
-20
40
52
107
62
111
173
244
244
194
148
6
-45
-117
-124
-92
-47
-41
-47
-40
-12
-3
26
5
17
27
39
79
73
52
20
-43
2
-117
-128
-140
-104
-79
-58
-37
-1
52
68
97
114
123
219
267
249
176
139
-12
-34
-133
-124
-72
-45
-37
-43
-20
-39
-13
-15
29
33
43
31
82
47
31
-9
-30
-106
-124
-151
-147
-134
-96
-69
-71
-33
34
55
74
100
121
206
235
209
143
15
-29
-130
-142
-123
-85
-67
-47
-51
-38
-37
-44
-16
-19
3
51
37
33
13
17
-49
-47
-138
-144
-127
-149
-124
-86
-29
-57
20
51
83
114
138
129
225
228
194
149
-13
-47
-113
-145
-97
-57
-41
-45
-45
-17
-5
-5
25
6
33
71
34
59
38
10
-29
-41
-121
-138
-118
-110
-95
-44
-49
20
43
82
85
111
132
234
274
227
185
145
-23
-44
-127
-107
-101
-56
-12
-18
-1
-13
20
-7
20
37
35
57
59
52
39
-3
-27
-108
-137
-134
-143
-123
-94
-71
-44
-22
52
71
95
118
147
226
235
231
139
85
-26
-129
-130
-138
-76
-61
-22
-38
-27
-45
-45
-7
-23
6
20
27
47
41
11
-19
-44
-143
-146
-137
-171
-142
-97
-69
-3
-6
63
52
87
132
147
239
246
244
137
10
-40
-117
-147
-97
-74
-47
-30
-30
-29
-17
19
11
6
20
39
78
74
56
2
-22
-44
-114
-137
-143
-109
-94
-62
-24
-23
59
85
99
102
130
210
254
255
227
116
-10
-23
-124
-106
-105
-37
6
-37
-9
3
-12
14
20
14
38
47
74
71
33
20
-3
-49
-124
-122
-135
-115
-104
-44
-43
-23
20
71
101
122
122
217
229
235
180
148
-23
-49
-139
-122
-108
-53
-60
-45
-54
-53
-12
-11
-5
-3
8
35
55
51
14
-27
-49
-119
-149
-156
-137
-139
-109
-77
-45
-23
17
39
83
119
112
198
235
196
155
83
-17
-92
-137
-129
-108
-47
-58
-44
-29
-26
-29
2
1
15
37
57
69
55
14
-25
-20
-108
-147
-129
-139
-110
-76
-50
-30
19
49
59
109
134
107
257
274
228
137
65
-43
-101
-140
-113
-62
-31
-8
-43
-27
5
32
9
35
27
41
57
78
41
17
-16
-41
-117
-108
-130
-130
-86
-65
-28
-25
38
85
94
101
122
139
222
238
194
122
23
-38
-120
-113
-128
-62
-54
-43
-47
-25
-17
5
-9
5
2
38
48
55
31
1
-11
-26
-128
-131
-130
-151
-121
-95
-41
-33
20
52
55
91
118
133
227
214
163
119
-23
-37
-138
-137
-121
-99
-46
-33
-28
-31
-17
0
-5
-1
2
38
46
39
44
-19
-28
-86
-129
-160
-134
-105
-92
-55
-30
-20
35
51
95
116
119
193
239
244
194
131
2
-41
-123
-133
-107
-65
-44
-26
-25
-7
-9
30
5
26
36
47
69
67
31
22
-28
-37
-124
-118
-105
-108
-70
-26
-35
31
53
71
118
130
133
242
255
241
194
149
-11
-35
-137
-119
-108
-61
-31
-41
1
-27
13
7
-1
31
22
47
63
62
45
-15
-22
-103
-119
-147
-124
-122
-87
-67
-44
-14
52
69
83
85
147
212
233
217
149
127
-39
-76
-149
-149
-108
-70
-40
-35
-44
-35
-61
-12
-9
9
34
27
41
30
3
-28
-30
-127
-140
-149
-126
-135
-124
-62
-45
-60
47
52
57
116
131
210
231
226
153
147
-22
-109
-155
-140
-97
-59
-41
-33
-45
-20
-2
23
22
26
38
65
52
52
36
-11
-28
-94
-137
-152
-124
-108
-76
-54
-27
18
55
81
99
131
133
233
253
241
185
120
-17
-48
-133
-109
-76
-44
-41
-19
-26
-6
20
19
43
22
35
87
71
43
31
-7
-28
-92
-146
-140
-121
-101
-61
-41
-28
37
47
77
97
127
123
235
267
218
143
24
-25
-111
-127
-126
-92
-47
-37
-46
-45
-31
-9
-5
17
16
22
34
45
34
5
-27
-28
-134
-145
-157
-147
-126
-92
-59
-39
-22
43
27
87
109
154
194
235
203
130
15
-47
-108
-142
-138
-105
-45
-31
-49
-25
-29
-26
-1
2
36
47
53
54
43
11
-24
-35
-98
-149
-153
-129
-103
-70
-45
-44
17
55
83
83
130
133
241
242
225
143
86
-24
-67
-134
-114
-76
-53
-28
-33
-10
-10
19
20
20
49
57
67
67
49
19
-1
-26
-97
-105
-118
-97
-101
-61
-26
-28
49
74
87
116
127
127
249
267
203
131
54
-13
-113
-133
-92
-76
-51
-44
-20
-44
-41
-9
2
13
35
47
63
46
27
22
-22
-15
-138
-134
-140
-92
-140
-109
-55
-38
20
78
77
65
121
137
215
246
212
147
27
-49
-137
-145
-141
-92
-60
-29
-37
-61
-29
-34
-5
3
1
36
39
47
43
11
-23
-49
-138
-143
-129
-117
-152
-108
-28
-31
1
52
83
83
114
116
230
229
203
147
26
-43
-107
-130
-118
-69
-44
-43
-35
-33
-20
-5
17
25
41
59
59
74
52
20
-15
-44
-109
-137
-124
-101
-57
-59
-26
-48
59
74
127
116
122
144
233
248
227
133
27
-29
-127
-137
-124
-73
-46
-35
-44
-29
-22
11
13
11
16
26
52
41
52
13
-41
-40
-139
-165
-145
-135
-126
-74
-43
-50
19
52
83
95
99
131
222
222
180
137
-2
-37
-117
-156
-127
-92
-70
-61
-45
-43
-43
-49
-19
-1
20
40
31
30
19
-1
-44
-115
-139
-124
-137
-127
-119
-76
-65
-45
-29
39
65
74
127
111
212
227
198
131
13
-29
-141
-129
-134
-73
-83
-33
-35
-38
-44
-12
-13
-12
27
27
37
43
26
-3
-38
-38
-139
-140
-135
-117
-96
-57
-28
-25
19
52
85
100
113
142
238
234
207
139
36
-53
-80
-142
-114
-61
-34
-13
-29
-12
10
17
8
7
49
57
91
78
62
22
-25
-25
-106
-146
-132
-111
-81
-57
-27
-41
31
71
74
115
131
135
239
261
206
116
36
-8
-113
-139
-121
-44
-33
-57
-34
-39
-14
4
4
20
17
37
47
47
35
-12
-14
-32
-140
-139
-133
-140
-134
-61
-41
-44
52
55
52
105
126
147
218
230
212
147
-13
-56
-135
-156
-135
-59
-57
-55
-44
-33
-27
-5
-9
10
35
52
59
59
41
2
-29
-53
-136
-136
-141
-102
-103
-59
-28
-18
51
57
63
113
119
203
239
271
215
122
1
-45
-113
-140
-103
-76
-39
-44
-40
-11
3
11
20
20
55
46
103
102
39
17
-28
-34
-113
-117
-108
-85
-92
-44
-45
-13
43
73
85
107
127
136
262
255
217
146
18
-37
-124
-134
-119
-59
-50
-49
-49
-49
-41
-1
-6
-7
15
55
61
59
34
11
-11
-95
-123
-156
-130
-118
-108
-76
-34
-28
18
25
83
85
107
145
227
238
185
148
19
-15
-140
-142
-115
-71
-65
-31
-47
-45
-44
-27
-13
-8
5
49
52
64
37
-13
-33
-69
-137
-140
-141
-156
-122
-76
-70
-18
49
69
82
91
116
143
223
234
212
134
7
-35
-127
-140
-124
-70
-44
-43
-31
-38
-29
-5
8
2
50
39
62
97
33
10
2
-17
-102
-137
-123
-121
-77
-54
-22
20
39
71
82
115
151
148
247
293
251
134
34
-31
-109
-136
-98
-76
-28
-66
-43
-20
-13
20
11
25
30
51
58
73
38
1
-10
-45
-92
-126
-142
-114
-113
-57
-45
-35
38
70
79
89
126
131
205
233
201
136
20
-38
-121
-128
-133
-105
-47
-50
-37
-44
-47
-33
-34
-2
-2
30
48
43
30
23
-25
-65
-145
-182
-141
-140
-127
-76
-58
-27
-26
32
57
83
122
139
207
219
185
143
-12
-34
-124
-143
-129
-92
-44
-20
-70
-12
-34
-29
25
-14
31
47
57
62
33
-1
-27
-17
-124
-156
-131
-108
-112
-71
-25
-38
36
77
99
100
127
143
233
239
215
139
3
-49
-114
-129
-107
-69
-12
-26
-11
-32
7
-2
11
1
20
58
39
47
56
3
-18
-44
-113
-123
-119
-108
-82
-44
-30
-34
54
55
74
92
134
139
239
248
209
119
18
-20
-113
-140
-97
-74
-49
-45
-67
-31
-41
-12
-2
-2
20
26
39
38
20
-27
-25
-78
-130
-140
-140
-122
-123
-79
-49
-30
5
51
79
73
110
158
233
235
180
121
8
-30
-124
-157
-111
-85
-44
-38
-27
-43
-44
-24
7
3
38
47
38
50
47
2
-19
-40
-113
-140
-139
-106
-97
-59
-37
-27
47
74
83
81
147
145
240
244
192
139
34
-37
-92
-117
-101
-53
-32
-37
0
-3
7
11
7
32
41
51
86
62
64
18
-15
-38
-86
-117
-107
-113
-73
-70
-34
-11
38
70
79
99
130
123
229
245
213
126
37
-25
-114
-140
-119
-69
-67
-41
-20
-28
-25
6
-1
9
20
34
49
83
37
14
-29
-45
-126
-133
-166
-109
-101
-85
-41
-39
-10
59
85
83
113
129
223
231
205
154
6
-41
-129
-149
-120
-108
-58
-44
-46
-31
-46
-44
-11
2
-5
27
35
54
22
11
-19
-27
-121
-146
-124
-121
-108
-71
-70
-29
-3
34
77
94
126
155
209
239
226
139
36
-28
-102
-140
-109
-85
-33
-26
-41
-51
-37
-6
15
5
19
41
54
55
45
15
-12
-53
-79
-118
-103
-98
-92
-92
-41
-37
34
77
79
101
111
130
225
261
232
153
111
-11
-44
-126
-110
-82
-55
-27
-66
-38
-15
5
4
1
23
39
59
51
19
16
-7
-41
-109
-126
-157
-146
-119
-95
-44
-27
5
59
67
86
118
133
237
251
213
142
18
-22
-127
-166
-140
-109
-76
-33
-47
-44
-37
-34
-7
-15
14
22
27
43
23
5
-20
-38
-119
-140
-121
-137
-129
-95
-41
-43
-20
41
87
80
115
134
215
226
223
145
25
-29
-127
-128
-114
-76
-44
-41
-62
-44
-29
14
18
-9
10
41
49
57
47
0
-22
-23
-103
-134
-153
-131
-94
-68
-39
-41
50
70
83
102
123
122
253
263
229
145
104
-26
-53
-138
-117
-69
-32
-20
-53
-6
-9
20
18
11
35
39
43
48
52
20
-28
-28
-87
-123
-133
-135
-92
-73
-29
-44
33
50
58
114
131
143
217
246
203
129
23
-49
-134
-138
-139
-67
-44
-27
-15
-51
-39
-29
-12
13
2
35
38
35
30
1
-29
-54
-126
-140
-133
-120
-114
-80
-44
-31
-15
43
73
83
123
157
227
235
211
128
9
-31
-119
-160
-135
-102
-69
-37
-30
-47
-47
-29
-1
2
14
18
59
35
4
2
-18
-44
-121
-113
-118
-113
-124
-69
-37
-27
31
55
74
102
123
121
244
247
227
145
27
-19
-122
-131
-107
-63
-44
-17
-44
-17
-12
17
22
29
41
38
71
57
47
18
-12
-31
-79
-140
-111
-105
-95
-61
-39
-41
35
67
73
109
143
175
262
271
227
153
55
-27
-123
-141
-144
-82
-29
-31
-31
-34
-39
-7
17
19
34
35
50
53
20
5
-39
-35
-104
-137
-149
-129
-117
-99
-44
-39
-1
53
74
91
124
138
245
244
203
139
17
-37
-133
-156
-139
-78
-74
-49
-26
-28
-37
-43
-17
-12
9
5
35
46
22
-26
-24
-76
-135
-151
-153
-124
-107
-74
-54
-25
5
56
69
111
142
146
233
243
225
122
20
-35
-134
-149
-126
-97
-60
-31
-38
-37
-31
-2
-3
1
26
41
71
46
43
3
-18
-46
-115
-118
-133
-113
-85
-59
-53
-43
51
97
103
112
137
219
245
279
223
155
36
-22
-102
-130
-124
-65
-38
-15
-25
-57
-15
0
3
11
19
36
47
59
20
-1
-27
-37
-124
-145
-153
-129
-113
-76
-49
-18
59
74
89
123
113
180
251
237
203
139
20
-38
-133
-153
-138
-86
-66
-51
-39
-33
-45
-24
-17
-23
7
7
17
23
-11
-29
-44
-108
-139
-152
-151
-152
-135
-92
-43
-29
41
64
70
115
143
203
244
255
175
145
-13
-30
-145
-156
-135
-85
-62
-41
-17
-41
-43
-22
5
18
5
31
50
33
1
-23
-57
-92
-122
-141
-123
-118
-117
-76
-40
-23
50
87
85
143
139
261
283
251
190
129
8
-22
-136
-129
-101
-59
-47
-37
-47
-33
-7
1
14
3
29
55
43
34
23
-12
-41
-97
-133
-140
-133
-113
-97
-55
-30
-17
57
74
99
131
135
227
275
243
183
149
-8
-85
-167
-142
-113
-77
-47
-44
-53
-31
-43
-45
-12
-26
3
35
30
31
-1
-27
-28
-134
-155
-158
-156
-140
-102
-66
-31
-33
33
77
85
119
142
229
249
229
155
83
-26
-123
-165
-151
-105
-69
-61
-44
-31
-29
-39
-32
5
-11
20
33
52
31
18
-43
-12
-108
-156
-129
-130
-107
-98
-70
-28
14
69
91
99
133
130
249
269
261
163
144
-44
-73
-148
-141
-97
-49
-54
-28
-28
-28
-9
-11
4
39
47
45
73
47
20
-10
-29
-113
-140
-117
-124
-109
-86
-32
-25
55
83
105
103
127
149
246
281
244
166
117
-32
-121
-165
-129
-101
-55
-51
-44
-41
-41
-33
-28
-11
20
25
52
34
25
2
-32
-55
-124
-139
-169
-140
-134
-103
-67
-37
3
46
88
92
139
155
244
270
212
148
6
-29
-153
-144
-158
-126
-73
-62
-58
-74
-17
-38
-33
-11
3
14
32
81
11
-10
-44
-110
-140
-152
-157
-133
-124
-103
-58
-25
19
62
100
98
137
191
249
265
241
141
39
-20
-138
-139
-136
-76
-53
-43
-28
-24
-41
-9
-9
10
35
59
53
58
55
4
-30
-27
-124
-155
-149
-127
-107
-73
-45
-41
51
94
107
101
123
227
278
298
241
148
100
-29
-109
-129
-140
-85
-39
-43
-57
-17
-43
11
18
3
19
78
59
41
17
-11
-20
-77
-140
-149
-149
-134
-107
-79
-29
-39
33
71
91
111
133
191
270
258
228
147
-1
-29
-137
-156
-140
-95
-76
-63
-49
-34
-44
-29
-44
-33
-12
7
35
20
3
-8
-44
-141
-157
-149
-169
-160
-117
-78
-35
-25
31
69
94
103
138
209
270
263
208
148
-13
-46
-166
-158
-135
-107
-60
-35
-37
-46
-31
-44
-18
-14
20
30
52
59
13
-14
-25
-98
-141
-154
-124
-139
-85
-55
-44
-18
49
79
99
119
133
244
297
263
203
109
-11
-22
-143
-126
-105
-47
-45
-26
-23
-28
-10
3
-6
10
20
47
58
47
18
-25
-44
-133
-124
-155
-126
-117
-77
-39
-39
51
63
71
116
139
122
261
267
267
179
151
-33
-107
-158
-149
-108
-54
-41
-34
-31
-19
-46
-31
11
-1
20
30
43
5
5
-29
-95
-130
-172
-156
-141
-109
-102
-49
-29
20
70
81
87
139
127
275
270
215
126
3
-37
-155
-185
-157
-124
-46
-41
-49
-43
-37
-25
-12
-2
5
23
43
30
1
-28
-26
-96
-115
-153
-133
-133
-82
-65
-41
-25
59
87
83
105
124
233
279
301
214
137
5
-28
-139
-133
-115
-54
-43
-27
-30
-25
2
3
3
11
25
49
65
37
23
-17
-20
-105
-137
-138
-126
-108
-96
-29
-20
32
100
131
113
119
175
271
283
265
163
139
-30
-83
-154
-131
-102
-53
-32
-53
-44
-27
-30
-12
-5
5
19
26
46
16
3
-17
-44
-144
-130
-172
-121
-126
-72
-44
-28
43
73
83
123
130
215
257
273
191
141
1
-41
-145
-157
-140
-108
-49
-54
-58
-46
-39
-49
-23
-33
5
19
25
19
-8
-28
-74
-112
-141
-151
-157
-173
-117
-76
-46
-14
63
85
98
114
137
271
276
245
178
119
-18
-105
-171
-158
-103
-61
-51
-43
-29
-39
-6
10
1
2
20
51
57
47
11
-12
-44
-121
-153
-133
-114
-113
-85
-41
-41
59
83
116
106
158
235
294
290
241
154
35
-27
-122
-134
-124
-85
-45
-28
-44
-25
-16
-5
1
19
40
33
47
47
-13
-59
-47
-108
-140
-138
-157
-134
-98
-76
-34
-49
53
79
97
126
151
243
276
262
166
130
-12
-118
-147
-149
-141
-60
-61
-47
-31
-33
-44
-10
-13
-17
11
20
16
20
-24
-27
-106
-127
-157
-169
-170
-133
-119
-55
-31
-5
65
65
106
127
241
251
279
212
135
6
-54
-165
-172
-133
-96
-69
-49
-53
-46
-28
-25
-3
-15
6
11
27
52
14
-12
-27
-111
-123
-157
-158
-156
-98
-54
-54
-10
52
116
110
118
130
261
308
278
181
133
-32
-28
-149
-154
-107
-76
-23
-28
-20
3
3
7
5
20
43
41
39
31
16
-33
-45
-105
-151
-166
-163
-115
-108
-59
-38
43
83
95
101
121
234
290
275
214
131
19
-17
-141
-154
-129
-92
-62
-34
-41
-49
-33
-17
6
-17
15
20
25
39
14
-20
-11
-124
-129
-163
-165
-162
-134
-105
-61
-29
31
54
85
128
155
247
282
273
155
131
-27
-122
-146
-169
-129
-74
-74
-39
-41
-43
-43
-17
-17
-20
-2
19
35
7
-10
-41
-70
-133
-149
-172
-165
-137
-105
-76
-49
50
71
103
139
126
243
289
267
218
155
1
-50
-126
-151
-126
-92
-49
-31
-38
-44
-38
4
-3
-2
31
51
47
59
19
9
-28
-97
-124
-137
-133
-117
-85
-66
-58
14
79
115
131
124
225
271
291
257
181
148
-26
-30
-158
-140
-121
-63
-27
-41
-28
-16
-17
-12
19
11
47
33
47
35
8
-38
-44
-140
-143
-160
-162
-153
-109
-49
-33
37
69
92
139
135
233
257
276
212
126
20
-29
-153
-182
-172
-109
-46
-41
-53
-55
-37
-28
-14
-28
-12
20
35
10
5
-22
-32
-119
-151
-172
-155
-163
-124
-76
-47
-28
67
83
115
116
141
251
283
275
199
148
-14
-106
-173
-158
-121
-71
-44
-44
-43
-45
-13
20
-2
15
20
50
36
20
-6
-7
-27
-111
-140
-157
-153
-145
-103
-61
-45
39
81
103
139
121
242
287
325
248
161
111
-22
-113
-142
-127
-74
-58
-35
-37
-30
-25
12
7
3
20
43
54
51
22
-9
-37
-92
-127
-129
-149
-129
-110
-66
-48
-45
70
78
126
117
127
214
302
341
193
197
-1
-54
-140
-149
-137
-92
-60
-28
-27
-30
-28
-17
-27
7
11
10
22
19
-12
-29
-46
-134
-155
-174
-175
-154
-111
-85
-31
-26
77
87
115
119
131
271
293
249
187
145
-29
-133
-167
-161
-110
-65
-49
-23
-47
-45
-49
-9
-18
-11
26
38
27
13
-9
-28
-33
-124
-162
-154
-145
-131
-86
-43
-26
52
98
99
109
130
259
291
287
243
151
49
-27
-129
-158
-133
-77
-41
-20
-16
-28
-6
17
-10
22
25
57
47
45
23
1
-25
-102
-133
-154
-141
-123
-103
-81
-31
-25
68
86
101
149
199
283
293
286
194
142
-1
-29
-172
-166
-142
-103
-69
-31
-51
-28
-28
-19
17
11
11
35
29
36
13
3
-45
-143
-158
-160
-158
-133
-82
-57
-28
0
57
95
115
115
197
262
291
238
148
43
-25
-133
-183
-145
-113
-66
-67
-41
-30
-20
-47
-28
-13
-25
26
37
15
-2
23
-28
-129
-134
-163
-172
-166
-133
-103
-49
-39
52
83
111
141
143
267
276
275
211
130
10
-49
-139
-165
-139
-76
-44
-38
-23
-32
-15
7
1
-2
15
34
46
35
6
-7
-18
-108
-142
-142
-139
-133
-74
-60
-35
36
94
119
114
133
231
298
323
301
213
131
-25
-45
-145
-155
-107
-74
-23
-37
-23
-18
7
-12
6
11
24
41
38
20
20
-22
-25
-134
-166
-162
-141
-138
-110
-48
-28
52
67
83
102
129
223
286
309
239
148
27
-32
-151
-157
-151
-133
-71
-66
-44
-49
-35
-28
-38
-17
3
2
17
14
17
-31
-29
-118
-141
-191
-258
-166
-131
-81
-16
-44
59
79
102
129
132
256
297
275
201
115
-5
-31
-156
-175
-136
-94
-55
-44
-37
-37
-31
-6
2
-3
23
39
38
23
5
-2
-41
-117
-139
-160
-149
-138
-113
-61
-45
36
85
105
122
126
212
283
306
293
197
139
-28
-17
-157
-134
-110
-31
-17
-44
-12
-37
-11
6
13
5
29
47
39
23
9
-17
-46
-133
-149
-161
-145
-127
-105
-48
-54
52
66
85
130
147
228
273
313
251
151
82
-22
-140
-171
-142
-106
-65
-37
-28
-50
-29
-30
-12
-1
-2
6
43
23
-5
-13
-23
-133
-171
-175
-174
-170
-140
-113
-7
-17
46
62
94
106
118
223
273
269
203
149
-24
-27
-158
-174
-156
-76
-73
-53
-31
-46
-41
-45
-20
-6
19
35
25
40
20
-12
-36
-119
-153
-155
-140
-134
-97
-59
-44
20
65
101
120
148
263
274
308
262
194
148
-12
-70
-156
-151
-108
-63
-44
-46
-45
-20
19
7
6
24
41
52
39
36
-11
-27
-14
-119
-127
-151
-133
-118
-69
-25
-43
49
85
133
134
135
235
280
311
262
135
20
-14
-141
-185
-142
-101
-69
-44
-46
-29
-27
-18
11
-1
18
35
33
34
22
-7
-44
-124
-154
-172
-157
-124
-117
-76
-37
-44
63
95
91
116
131
255
273
281
198
151
-12
-44
-157
-190
-138
-101
-46
-39
-58
-33
-26
-35
-12
-5
3
33
49
25
-1
-39
-27
-137
-166
-166
-172
-129
-118
-44
-23
-26
69
83
143
129
169
286
302
259
179
130
-9
-133
-181
-157
-107
-61
-41
-38
-43
-18
-11
11
-5
20
27
35
41
35
9
-26
-28
-141
-147
-156
-149
-108
-92
-27
-25
54
89
118
124
135
238
292
315
258
165
122
-15
-108
-145
-133
-122
-41
-27
-44
-22
-37
9
4
20
9
25
51
30
23
-26
-51
-118
-149
-154
-143
-145
-120
-63
-25
-20
46
101
88
115
145
228
280
289
217
127
-12
-57
-163
-171
-154
-101
-59
-47
-44
-25
-32
-34
-26
-7
-6
6
31
38
12
-28
-28
-127
-154
-162
-188
-154
-134
-92
-28
-20
38
79
99
119
153
258
275
260
203
127
-20
-39
-157
-160
-110
-95
-55
-51
-28
-23
-53
-20
11
15
17
35
50
46
23
-12
-44
-124
-157
-170
-138
-127
-97
-60
-30
14
83
101
118
129
217
276
315
286
199
126
-12
-49
-156
-137
-110
-49
-38
-20
-33
-12
-7
19
18
10
25
57
52
39
-6
-17
-11
-129
-148
-145
-144
-121
-85
-70
-30
59
74
117
119
132
219
281
283
276
158
111
-33
-139
-172
-173
-137
-92
-46
-45
-27
-40
-37
1
-8
-6
27
25
39
18
-29
-34
-99
-171
-187
-176
-175
-124
-108
-56
-39
38
83
110
116
122
231
276
294
235
129
9
-41
-165
-185
-157
-109
-74
-29
-37
-45
-45
-29
-22
6
-12
15
7
22
3
-12
-54
-118
-140
-170
-157
-130
-130
-103
-44
-46
69
94
114
121
123
261
283
291
231
149
-13
-20
-141
-174
-133
-81
-41
-38
-39
-31
-12
20
19
24
20
38
47
46
9
-18
-39
-113
-131
-157
-149
-130
-108
-76
-41
9
71
107
112
130
121
267
303
289
215
129
-1
-23
-139
-153
-142
-85
-41
-43
-46
-47
-38
2
5
15
20
35
49
30
-7
-27
-59
-145
-146
-146
-158
-135
-124
-74
-28
-11
51
94
95
118
145
257
291
267
175
121
-15
-119
-185
-172
-141
-70
-72
-66
-23
-53
-28
-43
-2
-9
-2
23
37
31
-54
-35
-67
-123
-158
-194
-164
-141
-109
-69
-25
-20
54
83
89
131
131
267
296
271
175
127
-12
-122
-172
-147
-106
-79
-37
-23
-20
-45
4
-12
1
27
38
39
35
24
11
-29
-41
-120
-137
-152
-133
-108
-110
-50
-13
38
83
109
131
147
196
303
315
293
190
147
-23
-37
-143
-156
-109
-44
-54
-43
-34
-28
1
5
20
12
22
38
37
27
-1
-33
-23
-127
-149
-149
-153
-137
-113
-71
-41
11
63
105
127
116
149
278
277
255
189
130
-44
-141
-162
-174
-115
-79
-41
-57
-28
-44
-34
-17
-12
4
18
14
20
11
-2
-33
-127
-170
-167
-165
-169
-153
-113
-77
-41
-12
71
104
110
131
141
261
275
263
161
127
-29
-81
-155
-157
-106
-76
-41
-41
-27
-45
-20
9
5
1
22
38
32
17
-2
-17
-53
-119
-154
-175
-143
-119
-107
-39
-29
49
94
106
146
119
244
276
314
259
169
123
-20
-109
-146
-130
-79
-43
-20
-18
-7
-5
6
9
7
31
34
51
47
19
-6
-39
-73
-163
-135
-140
-127
-127
-86
-45
-44
63
83
106
133
130
231
279
275
249
148
41
-25
-141
-151
-146
-124
-61
-44
-41
-45
-39
-25
15
-14
-5
4
27
23
19
-28
-28
-119
-148
-172
-165
-145
-153
-108
-31
-28
37
86
87
110
124
189
265
264
218
145
19
-44
-158
-172
-165
-123
-80
-54
-44
-22
-53
-37
-11
-7
6
11
32
29
5
-22
-38
-101
-137
-170
-141
-122
-105
-69
-45
-45
50
79
114
129
151
235
267
283
227
147
16
-28
-140
-149
-145
-63
-63
-35
-17
-44
-3
3
20
14
15
43
62
49
7
-13
-32
-94
-149
-151
-140
-133
-83
-58
-33
15
85
90
118
118
139
267
308
278
209
135
-9
-27
-161
-154
-126
-69
-29
-39
-34
-41
-17
13
-13
-9
20
39
39
22
9
-38
-40
-114
-152
-149
-194
-143
-109
-69
-50
-28
49
85
87
133
124
227
278
244
207
146
-19
-115
-166
-172
-140
-87
-51
-66
-69
-47
-29
-41
-29
-15
-5
20
23
19
-1
-30
-86
-152
-165
-171
-169
-143
-108
-69
-26
-10
45
98
116
126
139
277
278
259
181
124
-23
-71
-145
-122
-123
-79
-31
-27
-47
-37
-27
17
1
6
35
37
41
23
13
-28
-47
-119
-139
-143
-129
-109
-79
-37
-12
49
116
119
115
144
228
305
309
273
158
121
-14
-108
-126
-122
-98
-38
-37
-39
-43
-14
26
20
33
23
46
66
52
19
-11
-29
-117
-163
-175
-153
-140
-127
-67
-20
-44
55
87
103
143
135
241
293
286
211
162
6
-28
-145
-157
-149
-76
-54
-41
-43
-28
-20
-44
-26
-19
-6
6
20
18
0
-26
-55
-123
-157
-165
-161
-161
-139
-101
-41
-43
49
74
99
116
135
243
287
267
222
121
-11
-43
-144
-176
-137
-81
-45
-34
-49
-18
-28
-17
-15
-11
20
49
26
13
-10
-20
-40
-127
-158
-158
-162
-149
-113
-60
-27
-3
51
89
109
132
123
278
308
283
211
148
-1
-57
-143
-149
-105
-66
-34
-45
-44
-29
-2
7
20
20
49
39
52
41
-2
-27
-62
-140
-163
-141
-129
-113
-103
-63
-41
38
91
87
122
124
212
283
281
276
176
116
-12
-107
-161
-143
-102
-63
-58
-39
-49
-39
-47
-17
-12
-3
11
31
35
-2
-10
-34
-117
-172
-166
-188
-155
-140
-97
-49
-51
20
65
100
86
129
145
246
266
244
134
22
-47
-149
-178
-164
-141
-81
-28
-76
-46
-44
-27
-41
-2
12
29
30
37
-12
-33
-26
-137
-172
-174
-154
-161
-108
-85
-38
-43
77
95
106
135
131
243
307
283
232
127
20
-34
-153
-162
-135
-74
-26
-25
-39
-31
-27
-6
1
8
31
55
51
19
17
-32
-28
-111
-153
-149
-139
-110
-77
-43
-13
47
88
113
127
134
227
305
309
269
194
123
-13
-51
-158
-144
-109
-34
-41
-23
-29
-28
1
6
10
10
37
46
41
25
-12
-20
-115
-155
-140
-184
-143
-114
-107
-55
-25
27
74
105
123
133
237
275
281
243
153
36
-33
-130
-179
-135
-108
-74
-31
-46
-37
-45
-29
-28
-23
-9
3
26
7
-18
-38
-41
-110
-149
-185
-174
-151
-123
-79
-43
-38
45
95
94
121
133
251
297
271
231
163
-5
-14
-140
-149
-109
-77
-50
-50
-29
-53
-12
-13
3
6
27
27
48
20
15
-3
-28
-140
-167
-154
-153
-133
-83
-38
-37
36
74
116
142
133
229
282
331
275
193
137
-20
-41
-163
-127
-97
-50
-19
-27
-25
-15
9
7
0
3
25
33
49
22
-13
-31
-76
-138
-185
-172
-140
-108
-77
-18
-45
59
97
91
131
147
223
294
285
238
151
41
-49
-133
-157
-161
-108
-59
-41
-33
-28
-29
-28
-28
-5
23
1
33
33
8
-28
-44
-140
-172
-184
-179
-154
-121
-83
-44
-34
63
89
94
134
163
247
301
291
211
145
-13
-23
-155
-165
-144
-82
-45
-41
-29
-43
-23
-27
-12
-10
7
35
47
23
-12
-37
-43
-131
-151
-170
-158
-134
-113
-44
-35
22
83
99
111
146
255
291
317
287
185
153
-19
-25
-144
-139
-112
-49
-9
-28
7
-18
14
33
30
35
74
62
56
53
4
-25
-49
-137
-157
-140
-133
-117
-97
-38
-44
52
99
134
117
151
227
294
303
271
193
120
-27
-50
-141
-149
-108
-13
-49
-17
-40
-5
-7
-1
-5
19
35
39
51
4
3
-18
-109
-151
-169
-158
-157
-124
-61
-25
-19
41
90
97
116
139
238
291
298
266
148
91
-30
-111
-151
-139
-92
-63
-51
-28
-16
-41
-30
-28
1
15
52
39
30
20
-17
-29
-141
-129
-166
-149
-124
-107
-65
-32
41
83
113
105
115
146
259
307
299
253
151
103
-29
-117
-143
-108
-65
-45
-44
-28
-23
-6
19
-5
23
43
58
78
52
40
5
-29
-114
-145
-142
-139
-108
-92
-54
-26
59
87
116
135
139
212
287
309
323
262
146
31
-23
-124
-137
-106
-78
-46
-43
-29
-23
-17
-11
-2
19
23
55
65
57
2
-22
-31
-130
-140
-166
-163
-140
-109
-73
-28
19
57
83
115
126
126
259
291
303
217
151
25
-43
-133
-153
-141
-73
-57
-37
-41
-38
-55
-32
-41
-15
3
43
49
27
1
-29
-29
-147
-169
-183
-157
-145
-92
-71
-41
-1
77
95
111
115
149
257
301
295
217
142
13
-41
-149
-158
-121
-71
-59
-30
-29
-37
-31
-9
-5
9
37
51
52
50
31
-11
-43
-119
-140
-153
-145
-103
-87
-39
-39
55
74
103
131
119
134
266
315
312
259
147
36
-41
-129
-137
-92
-76
-20
-33
-27
-30
-12
-3
25
29
25
52
71
41
20
-27
-29
-114
-161
-145
-153
-111
-61
-63
-45
43
67
89
106
116
135
254
303
299
235
141
23
-25
-140
-140
-143
-87
-85
-41
-47
-57
-27
-28
-15
18
11
47
47
20
-1
-13
-41
-124
-161
-162
-154
-124
-121
-66
-13
-11
51
89
101
111
141
251
299
287
237
148
6
-29
-161
-157
-128
-92
-56
-41
-44
-49
-31
-33
-13
5
36
51
45
35
6
-11
-53
-133
-157
-165
-140
-121
-97
-61
-25
43
81
102
115
116
147
251
303
299
253
148
20
-34
-118
-133
-94
-81
-37
-39
-44
-38
-13
1
25
33
50
83
95
55
33
-24
-41
-114
-157
-140
-123
-108
-79
-33
-37
41
83
123
116
131
131
244
307
291
228
143
33
-44
-123
-162
-124
-82
-61
-44
-45
-41
-46
-25
1
-1
43
43
30
41
13
-14
-33
-107
-157
-157
-142
-124
-101
-57
-16
-26
52
74
109
123
144
231
265
265
233
130
18
-39
-143
-155
-126
-107
-62
-61
-47
-30
-44
-25
-17
20
18
41
47
39
0
-13
-44
-146
-134
-154
-153
-140
-115
-56
-31
-22
71
95
109
116
147
251
279
309
244
141
79
-33
-121
-154
-129
-81
-41
-49
-31
-46
-44
-15
0
13
36
74
74
54
35
-12
-27
-102
-134
-149
-138
-105
-69
-62
-25
36
62
92
115
118
133
243
297
317
256
158
83
-19
-53
-147
-137
-76
-44
-41
-44
-7
-39
14
-6
17
20
53
47
58
11
-7
-26
-108
-141
-152
-149
-138
-113
-69
-33
-33
67
81
83
97
123
222
279
291
228
165
115
-12
-137
-158
-145
-124
-77
-43
-49
-45
-29
-37
-12
20
15
39
36
37
7
-26
-27
-140
-163
-172
-161
-135
-143
-71
-40
-62
50
78
99
118
117
202
275
294
244
169
121
-12
-86
-155
-123
-111
-51
-46
-15
-54
-41
-30
20
36
33
26
49
61
38
-14
-28
-47
-140
-136
-143
-109
-82
-74
-19
-10
67
100
115
124
136
231
306
291
267
176
131
-3
-34
-138
-139
-74
-52
-41
-44
-44
-26
2
10
6
35
47
47
40
35
-12
-31
-40
-146
-140
-140
-140
-119
-92
-55
-31
55
94
98
119
121
225
273
299
259
151
127
-17
-121
-140
-141
-95
-69
-45
-28
-45
-41
-54
-23
-9
-7
9
47
49
10
-28
-45
-136
-176
-182
-165
-156
-118
-95
-61
-44
38
73
85
107
116
227
283
277
241
169
107
-29
-147
-172
-149
-104
-66
-30
-50
-51
-37
-30
-28
-10
45
31
41
54
10
-5
-55
-97
-130
-149
-162
-120
-106
-78
-33
-19
63
73
107
122
129
245
308
310
279
166
134
-25
-52
-154
-135
-92
-58
-20
-46
-29
-44
-9
-8
20
30
45
77
52
27
14
-31
-39
-121
-161
-145
-108
-111
-77
-33
-33
71
89
115
117
131
256
286
309
237
148
116
-35
-121
-144
-135
-79
-47
-60
-39
-45
-20
-28
-20
14
11
51
30
39
9
-28
-30
-122
-142
-173
-169
-146
-85
-76
-29
-41
43
85
91
109
145
231
259
295
229
145
18
-34
-149
-161
-133
-108
-81
-73
-61
-47
-33
-61
-30
3
0
31
35
23
20
-10
-45
-118
-157
-181
-166
-131
-122
-76
-37
-17
69
92
111
119
149
245
323
302
227
148
23
-29
-134
-170
-117
-103
-62
-25
-45
-49
-20
-30
-3
37
20
37
66
52
20
-13
-49
-99
-140
-145
-141
-105
-97
-41
-44
31
82
114
134
148
148
274
308
307
245
152
8
-45
-140
-141
-124
-86
-67
-41
-41
-29
-20
-20
7
19
39
51
33
41
9
-17
-25
-122
-140
-158
-147
-121
-109
-63
-32
-15
74
86
91
119
129
256
294
277
202
135
-19
-27
-145
-160
-149
-113
-73
-50
-45
-64
-46
-33
-20
-13
20
20
39
33
2
-37
-40
-147
-165
-181
-149
-131
-115
-76
-45
-12
83
103
116
131
135
265
281
277
219
132
3
-25
-146
-157
-131
-76
-65
-49
-55
-27
-41
-35
5
16
39
44
50
51
27
-13
-43
-121
-149
-169
-154
-108
-94
-50
-17
53
91
90
129
116
215
267
295
281
214
155
10
-25
-133
-127
-94
-81
-41
-37
-41
-33
-12
11
17
22
47
74
52
41
23
-12
-23
-134
-165
-158
-143
-129
-92
-43
-44
27
67
80
110
141
126
255
311
295
203
153
-13
-44
-157
-143
-122
-76
-57
-61
-47
-45
-41
-47
-31
-13
47
52
49
20
-16
-12
-70
-166
-165
-188
-158
-142
-109
-64
-29
19
68
83
105
131
143
274
303
260
191
132
-10
-109
-157
-163
-126
-76
-45
-46
-107
-38
-41
-38
-50
14
14
55
53
30
-10
-28
-74
-133
-157
-158
-124
-124
-79
-54
-45
45
107
85
107
131
202
270
291
286
201
133
-12
-25
-157
-109
-102
-78
-37
-30
-29
-46
-46
-2
6
16
33
62
50
46
0
-23
-33
-130
-143
-183
-140
-111
-69
-57
-39
48
78
113
118
122
219
283
287
265
199
141
-22
-54
-153
-158
-123
-79
-43
-43
-46
-34
-18
-22
-12
20
36
39
52
23
-17
-53
-120
-157
-172
-175
-158
-133
-86
-49
-44
17
50
85
106
133
136
259
255
243
166
139
-31
-143
-166
-171
-133
-74
-65
-59
-59
-45
-27
-31
-20
13
37
34
35
10
-15
-44
-108
-144
-178
-181
-149
-135
-103
-54
-17
29
83
95
123
148
213
262
287
259
180
128
-12
-55
-141
-146
-112
-73
-41
-59
-32
-46
-53
-27
20
19
41
51
59
38
-5
-41
-81
-135
-165
-140
-142
-106
-46
-18
-29
52
81
107
117
148
261
289
334
267
174
133
-30
-126
-139
-137
-108
-63
-28
-44
-49
-37
-33
-31
-7
34
35
51
36
2
-7
-28
-131
-162
-172
-171
-140
-124
-61
-28
-27
50
59
109
114
133
251
298
276
207
147
14
-44
-134
-171
-136
-97
-67
-45
-63
-47
-45
-31
-49
-13
11
27
52
17
-12
-41
-77
-153
-185
-192
-181
-156
-109
-58
-38
-25
69
73
102
135
149
245
314
289
215
133
-5
-20
-141
-140
-146
-92
-62
-53
-61
-30
-27
-39
5
14
34
26
52
46
19
-14
-15
-123
-173
-167
-135
-109
-67
-33
-29
49
87
133
123
130
244
311
334
285
170
115
-24
-77
-149
-124
-77
-44
-44
-44
-38
-28
-12
-4
19
35
34
52
52
15
-13
-38
-109
-140
-174
-140
-139
-107
-57
-34
-30
52
78
119
130
143
276
309
308
253
137
20
-47
-137
-153
-135
-85
-57
-71
-41
-55
-27
-28
-23
-14
14
19
47
19
-19
-22
-34
-157
-165
-183
-170
-146
-117
-57
-46
-29
52
83
99
123
127
259
302
255
196
122
-7
-29
-141
-158
-129
-107
-41
-30
-57
-60
-41
-54
-25
3
25
37
50
31
-9
-29
-103
-137
-157
-180
-155
-108
-82
-46
-44
52
83
111
117
137
238
325
319
265
139
107
-37
-99
-149
-135
-78
-32
-15
-29
-44
-35
-35
11
19
35
57
51
49
9
6
-34
-122
-140
-156
-139
-124
-99
-62
-39
43
79
101
116
142
212
283
298
267
219
130
-1
-44
-141
-158
-118
-96
-62
-44
-33
-43
-41
-30
-17
-2
20
50
37
27
6
-41
-108
-149
-171
-158
-158
-130
-81
-13
-28
24
58
107
111
151
233
302
302
245
143
14
-41
-124
-175
-143
-117
-95
-74
-71
-69
-43
-47
-20
-33
-12
11
29
20
-6
-13
-54
-115
-174
-201
-160
-141
-127
-66
-44
-33
62
77
107
135
218
281
339
303
207
148
6
-41
-158
-140
-118
-58
-17
-61
-39
-17
-37
-12
9
26
59
63
56
39
9
-12
-31
-127
-167
-149
-152
-108
-78
-22
-34
69
92
127
137
146
268
308
323
267
161
139
-12
-124
-129
-127
-71
-60
-51
-41
-24
-37
-23
-22
20
20
39
41
46
9
-26
-47
-110
-157
-170
-158
-145
-98
-50
-19
-11
65
100
115
133
215
276
306
298
185
136
-11
-30
-162
-147
-135
-92
-62
-71
-61
-51
-46
-43
-23
-9
9
20
26
5
-18
-38
-109
-165
-173
-185
-172
-147
-102
-44
-43
24
113
68
130
127
249
303
327
256
155
36
-26
-153
-149
-124
-121
-55
-62
-56
-55
-55
-44
-46
-3
20
39
39
49
26
-33
-43
-133
-166
-183
-146
-158
-123
-62
-28
38
81
105
129
123
229
315
327
314
223
134
-6
-20
-139
-158
-74
-55
-46
-38
-28
-43
-44
-3
20
20
31
55
54
47
-6
-23
-39
-123
-149
-172
-142
-138
-65
-30
-25
59
87
115
139
133
278
309
325
263
153
31
-44
-119
-154
-133
-109
-59
-55
-55
-55
-46
-22
-26
-9
-1
35
47
20
-6
-14
-34
-121
-185
-194
-173
-140
-123
-81
-46
-15
59
88
103
142
199
286
313
282
171
131
-35
-140
-178
-172
-133
-65
-77
-59
-81
-59
-27
-15
-41
-9
10
37
31
-9
3
-49
-124
-130
-169
-191
-175
-129
-101
-51
-30
63
71
127
116
147
259
308
315
249
147
15
-45
-128
-163
-127
-101
-61
-44
-27
-55
-40
-43
5
24
20
51
54
35
18
-19
-27
-135
-144
-170
-153
-120
-77
-49
-22
61
83
135
130
138
276
307
323
265
170
52
-37
-124
-154
-120
-108
-66
-41
-49
-44
-41
-30
-20
-28
14
41
52
26
11
-32
-37
-127
-153
-185
-158
-160
-108
-79
-43
-29
74
78
111
116
244
307
306
278
169
94
-25
-127
-161
-146
-137
-74
-71
-74
-74
-50
-43
-40
-33
-31
19
20
13
6
-45
-29
-130
-157
-183
-193
-172
-139
-102
-35
-34
52
71
101
123
153
281
313
291
218
158
-31
-39
-166
-149
-131
-92
-67
-30
-61
-37
-47
-33
-11
1
39
41
59
52
7
-34
-39
-126
-173
-167
-156
-124
-92
-41
-34
52
101
109
119
200
271
325
319
239
137
8
-12
-123
-133
-118
-64
-55
-46
-47
-59
-17
-23
-9
5
3
41
52
41
11
-28
-51
-141
-173
-158
-156
-139
-83
-59
-49
36
107
116
130
139
271
307
303
235
143
-6
-25
-165
-154
-143
-83
-55
-57
-71
-51
-41
-38
-37
-47
-18
-1
20
15
-26
-41
-101
-154
-187
-191
-169
-141
-114
-53
-25
-33
72
92
105
138
263
290
292
225
135
20
-49
-152
-171
-141
-109
-64
-74
-74
-43
-40
-29
-33
-41
-11
7
51
20
-12
-35
-53
-133
-156
-167
-157
-152
-135
-98
-37
-25
69
87
115
149
227
303
308
279
164
143
-19
-118
-152
-118
-107
-57
-41
-41
-35
-41
-44
-13
15
5
31
54
20
16
-20
-24
-79
-126
-157
-139
-143
-121
-69
-31
-17
83
110
131
147
237
303
313
295
183
135
-26
-44
-172
-142
-82
-55
-33
-46
-25
-29
-51
-26
-5
-1
10
47
41
19
-15
-29
-69
-145
-156
-142
-161
-122
-97
-28
-17
51
91
103
126
199
290
335
315
211
141
-31
-41
-153
-157
-111
-76
-43
-58
-41
-30
-33
-25
-22
-12
29
49
41
51
-13
-28
-51
-140
-146
-147
-169
-139
-113
-33
-38
74
97
113
139
218
302
327
315
227
127
-2
-54
-141
-158
-108
-92
-44
-28
-43
-31
-49
-28
11
-6
20
52
38
22
11
-29
-38
-126
-167
-152
-143
-137
-79
-53
-28
65
148
116
116
149
259
339
333
267
161
113
-38
-139
-165
-113
-105
-57
-33
-44
-49
-49
-13
-1
6
9
23
27
54
20
-15
-35
-97
-146
-171
-171
-137
-104
-63
-31
7
63
62
122
124
244
283
303
267
176
142
-20
-117
-167
-139
-108
-70
-50
-65
-26
-36
-29
-37
-41
-12
27
6
35
4
-13
-37
-121
-157
-181
-178
-140
-131
-94
-51
-44
47
95
99
117
158
259
323
287
210
141
20
-30
-143
-142
-129
-76
-41
-29
-40
-41
-28
-15
-9
10
3
34
30
31
-12
-28
-23
-110
-146
-140
-151
-122
-69
-53
-44
51
113
123
147
147
281
315
294
242
146
107
-33
-107
-149
-119
-57
-41
-27
-44
-44
-12
15
3
2
26
57
73
36
4
2
-44
-119
-126
-156
-140
-117
-77
-55
-43
52
81
121
123
137
235
297
331
299
180
127
-16
-31
-162
-133
-111
-64
-29
-51
-41
-5
-44
-37
-27
3
39
27
33
-1
-20
-39
-99
-147
-172
-170
-136
-108
-77
-59
-17
35
69
87
123
158
255
295
291
225
144
6
-34
-161
-146
-129
-95
-69
-51
-63
-47
-63
-28
-52
-38
17
27
23
35
-6
-26
-27
-133
-149
-155
-143
-140
-96
-44
-41
13
57
116
109
135
155
292
307
287
212
131
-13
-45
-157
-129
-108
-50
-61
-49
-37
-41
-31
-29
9
4
39
61
52
27
29
-20
-44
-134
-137
-149
-133
-118
-92
-23
-29
57
95
103
127
149
251
295
293
259
183
130
-31
-57
-126
-122
-111
-47
-57
-57
-44
-44
-38
-49
6
20
46
39
43
7
-27
-37
-119
-142
-158
-146
-134
-121
-61
-29
-37
56
66
99
115
155
233
291
294
247
153
23
-23
-140
-158
-143
-114
-71
-53
-60
-64
-54
-60
-29
-12
-6
37
41
69
7
-30
-25
-121
-146
-165
-138
-143
-101
-62
-11
-44
57
90
105
143
131
263
311
297
243
157
31
-22
-139
-133
-133
-61
-45
-38
-57
-45
-23
-14
-23
22
39
43
53
40
5
-14
-44
-111
-149
-136
-140
-94
-78
-49
-22
51
89
107
115
149
194
301
319
313
249
148
34
-22
-134
-141
-108
-57
-41
-22
-39
-41
-29
-45
9
31
50
51
67
35
20
-44
-41
-113
-149
-158
-145
-107
-77
-69
-31
35
55
83
95
143
210
273
302
271
212
136
-15
-28
-129
-179
-115
-76
-76
-44
-57
-74
-55
-34
-44
5
18
22
31
30
-11
-20
-104
-134
-157
-166
-141
-137
-97
-9
-44
10
74
69
114
119
134
298
311
278
183
146
-12
-43
-153
-173
-118
-101
-74
-57
-55
-44
-44
-39
-33
20
22
66
51
52
-10
-12
-46
-146
-149
-157
-142
-116
-70
-46
-39
55
79
97
121
145
259
291
325
279
164
129
-35
-86
-131
-149
-86
-49
-44
-47
-31
-38
-41
-20
-2
20
43
55
52
52
-17
-30
-114
-121
-158
-152
-140
-92
-38
-12
20
67
91
107
119
135
258
311
310
246
127
20
-43
-127
-145
-113
-103
-61
-74
-73
-45
-49
-28
-19
-31
24
38
38
35
11
-22
-12
-140
-158
-149
-154
-137
-113
-71
-45
-28
57
67
91
127
133
258
306
257
212
134
-11
-49
-140
-156
-117
-102
-108
-51
-65
-47
-37
-48
-69
-29
13
33
43
17
13
-17
-30
-140
-157
-143
-149
-124
-76
-45
-57
51
52
101
110
129
239
293
313
282
206
147
-12
-25
-139
-129
-118
-61
-44
-61
-28
-31
-43
-47
23
11
29
63
47
33
8
-5
-47
-134
-142
-130
-113
-77
-62
-47
15
83
96
111
131
142
265
315
325
265
151
109
-28
-133
-140
-119
-69
-41
-47
-49
-44
-35
-28
-30
-44
20
45
63
38
15
-10
-45
-106
-165
-167
-139
-139
-111
-69
-23
-15
52
83
115
110
161
267
310
288
211
127
-14
-28
-158
-172
-129
-65
-60
-59
-58
-76
-31
-31
-47
-54
10
20
27
23
-20
-35
-69
-144
-171
-157
-157
-141
-95
-62
-34
35
83
83
99
127
212
276
323
257
187
147
-27
-81
-152
-141
-115
-77
-29
-38
-44
-35
-30
-45
-19
17
51
58
58
25
1
-15
-37
-127
-152
-156
-137
-110
-44
-44
-20
71
100
116
135
130
245
309
322
271
166
135
-30
-101
-149
-113
-92
-17
-34
-25
-54
-40
-41
-12
-5
31
41
52
54
17
-23
-43
-108
-139
-161
-149
-118
-97
-74
-76
-34
69
97
116
107
133
243
307
293
237
148
20
-47
-140
-161
-141
-112
-106
-61
-68
-47
-37
-43
-33
-33
-10
19
33
23
5
-12
-30
-126
-149
-171
-158
-124
-121
-78
-51
-43
31
82
83
135
131
259
291
298
225
154
-10
-29
-157
-149
-140
-92
-73
-69
-50
-31
-44
-27
-20
-10
0
37
52
43
8
-12
-33
-122
-157
-163
-139
-120
-83
-60
-12
39
100
103
119
116
219
292
331
291
223
145
-1
-38
-145
-139
-108
-41
-27
-48
-24
-40
-18
-23
3
17
41
57
57
52
3
-13
-44
-123
-135
-154
-117
-108
-77
-41
-37
55
116
106
115
121
235
291
322
285
202
142
-27
-63
-141
-140
-92
-76
-54
-63
-69
-43
-38
-22
-20
-5
25
34
47
19
-10
-43
-127
-157
-153
-153
-133
-122
-74
-33
-40
37
80
74
116
128
221
287
299
244
139
41
-25
-143
-181
-111
-108
-73
-61
-66
-71
-38
-43
-39
-29
3
33
47
46
15
-12
-20
-108
-167
-171
-156
-123
-98
-58
-28
-12
71
90
110
135
126
281
309
308
226
130
17
-53
-134
-145
-133
-74
-58
-43
-44
-44
-28
-43
-14
7
39
67
74
52
9
-37
-25
-121
-149
-156
-137
-102
-85
-50
-44
47
74
118
107
129
233
291
338
308
218
149
-12
-29
-144
-134
-120
-65
-54
-48
-44
-49
-41
-56
-24
2
23
61
57
26
-11
-29
-69
-146
-161
-163
-134
-108
-87
-41
-50
27
81
77
99
133
158
259
303
279
183
148
-19
-105
-163
-154
-111
-82
-92
-76
-80
-73
-44
-29
-49
-13
27
31
34
3
-28
-33
-114
-145
-166
-163
-157
-117
-92
-47
-31
27
79
85
107
114
219
292
303
282
180
124
-25
-117
-161
-133
-108
-73
-70
-66
-50
-47
-28
-25
5
20
40
36
47
26
-12
-19
-118
-140
-164
-140
-124
-108
-66
-30
2
54
98
122
115
137
259
330
323
247
158
99
-28
-118
-133
-119
-85
-49
-41
-45
-37
-41
-17
-28
34
20
65
52
37
20
-28
-44
-108
-163
-158
-149
-122
-86
-44
-27
6
60
87
97
109
139
263
309
299
231
135
7
-44
-143
-153
-135
-108
-69
-44
-60
-66
-65
-23
-44
-27
-9
25
11
20
4
-30
-118
-155
-191
-182
-166
-126
-119
-44
-43
-13
63
71
95
127
158
251
293
291
187
148
-12
-41
-158
-167
-124
-97
-77
-57
-71
-37
-57
-28
-44
-9
11
46
43
14
-18
-15
-81
-145
-157
-141
-149
-121
-71
-34
-20
50
89
99
119
143
251
303
327
281
187
127
-15
-92
-143
-141
-108
-81
-41
-37
-44
-44
-29
-44
3
17
63
52
74
18
-12
-37
-83
-139
-171
-156
-138
-98
-78
-31
-39
67
89
103
118
138
243
291
307
260
143
52
-33
-127
-149
-139
-113
-76
-47
-56
-70
-20
-12
-28
-23
10
41
51
33
-20
-12
-34
-137
-161
-166
-163
-154
-123
-59
-45
-44
35
61
86
110
130
254
306
305
223
121
14
-41
-156
-181
-149
-113
-77
-57
-94
-69
-41
-29
-37
-25
-9
41
27
30
-8
-23
-66
-146
-163
-172
-162
-134
-94
-41
-44
19
74
83
121
116
151
267
334
293
227
123
-12
-37
-161
-162
-111
-83
-76
-58
-47
-43
-19
-29
-28
2
25
65
39
41
-2
-6
-44
-133
-149
-147
-108
-119
-74
-37
-45
59
68
99
133
139
241
293
315
297
185
135
-20
-51
-146
-156
-108
-92
-46
-38
-76
-50
-29
-13
-27
4
16
53
65
30
-25
-49
-97
-161
-149
-140
-151
-103
-108
-48
-44
41
66
86
117
153
219
291
307
254
166
111
-28
-134
-161
-158
-140
-73
-69
-83
-70
-55
-60
-53
-46
-28
41
20
11
-6
-31
-39
-124
-172
-182
-176
-140
-139
-76
-44
-37
59
69
85
116
138
245
299
317
231
145
13
-17
-122
-171
-133
-97
-92
-61
-74
-60
-57
-18
-30
-13
14
48
58
20
-2
-20
-44
-108
-154
-156
-163
-122
-105
-49
-17
1
71
113
107
122
148
291
331
309
245
131
29
-24
-118
-145
-119
-72
-33
-49
-46
-53
-17
-28
-31
13
38
47
37
33
-18
-31
-45
-127
-165
-156
-134
-111
-105
-37
-37
37
83
82
120
146
213
299
330
287
187
139
-14
-53
-167
-142
-119
-82
-63
-63
-77
-66
-39
-29
-37
-41
34
20
26
17
-39
-50
-107
-146
-172
-179
-153
-138
-119
-41
-38
51
57
87
104
147
235
299
314
261
147
58
-31
-126
-172
-142
-105
-76
-67
-108
-76
-44
-57
-27
-14
-17
41
66
31
22
-2
-33
-121
-155
-175
-152
-127
-118
-76
-41
-34
71
103
106
115
138
275
331
339
266
139
39
-37
-137
-155
-145
-82
-45
-59
-59
-50
-28
-55
-30
13
50
71
67
57
37
-30
-27
-101
-149
-158
-117
-101
-78
-44
-44
25
74
87
122
131
222
289
323
315
211
153
2
-40
-158
-155
-104
-86
-74
-70
-59
-66
-58
-38
-20
-27
25
41
41
5
-5
-28
-119
-138
-172
-155
-170
-134
-113
-70
-37
20
57
83
83
127
228
298
306
264
173
118
-33
-140
-167
-165
-140
-79
-69
-85
-71
-50
-62
-17
-20
-44
26
30
27
-7
-12
-33
-115
-171
-158
-162
-147
-129
-99
-57
-30
45
70
86
143
134
263
329
329
266
149
56
-25
-149
-156
-145
-76
-57
-57
-44
-73
-25
-44
-34
-17
37
46
47
55
-1
-9
-38
-103
-156
-149
-130
-124
-94
-58
-24
47
82
100
110
151
239
307
329
314
231
155
11
-40
-144
-158
-126
-92
-37
-49
-69
-54
-28
-45
-38
3
24
54
47
43
-11
-39
-65
-149
-167
-166
-134
-111
-92
-45
-44
31
83
96
111
142
239
319
337
293
167
126
-19
-134
-166
-154
-102
-78
-61
-55
-74
-51
-44
-47
-37
-20
20
23
10
17
-27
-48
-142
-172
-201
-181
-166
-109
-95
-50
-18
50
87
100
129
127
257
306
308
245
138
9
-44
-140
-147
-139
-115
-66
-44
-74
-50
-44
-28
-39
-37
27
51
67
45
-1
-25
-28
-130
-139
-167
-137
-138
-82
-57
-44
18
56
107
128
123
219
313
326
306
233
130
12
-33
-140
-146
-105
-62
-50
-33
-65
-58
-23
-20
-17
3
35
52
52
22
-14
-22
-46
-119
-161
-166
-137
-112
-71
-17
-44
58
79
116
127
148
247
308
323
291
175
127
-18
-140
-171
-145
-114
-74
-85
-57
-77
-63
-59
-34
-41
3
25
55
29
19
-18
-45
-149
-181
-185
-179
-149
-104
-74
-44
-31
49
70
66
121
137
259
302
315
229
147
10
-33
-157
-199
-145
-102
-67
-71
-79
-80
-65
-35
-39
-44
3
30
43
47
1
-32
-30
-135
-171
-161
-151
-140
-109
-44
-31
-10
67
90
98
135
171
299
319
317
239
146
11
-41
-154
-156
-114
-92
-45
-51
-59
-55
-29
-29
-12
16
39
51
70
34
11
-20
-37
-117
-161
-157
-130
-101
-85
-34
-33
59
67
104
113
119
234
307
335
308
219
142
-20
-44
-145
-156
-108
-83
-61
-56
-69
-45
-33
-49
-35
17
18
63
47
27
-5
-41
-114
-157
-185
-182
-155
-120
-86
-51
-49
35
83
101
115
135
255
295
311
263
149
110
-30
-140
-169
-149
-130
-108
-82
-74
-81
-67
-47
-41
-47
-15
20
38
39
17
-20
-25
-140
-162
-165
-166
-134
-108
-64
-28
-18
55
85
87
115
145
262
323
319
243
158
10
-37
-151
-172
-121
-106
-53
-45
-62
-61
-37
-17
-41
3
31
67
81
46
19
-20
-28
-131
-145
-155
-134
-127
-108
-32
-31
46
86
91
127
138
242
295
340
305
213
147
-13
-34
-149
-149
-108
-71
-44
-56
-62
-64
-57
-37
-29
5
25
51
54
51
-13
-31
-94
-149
-172
-173
-161
-109
-76
-44
-38
59
79
82
131
130
247
319
319
279
145
57
-43
-157
-179
-153
-111
-85
-69
-92
-74
-49
-37
-41
-29
-10
20
17
30
-22
-17
-81
-153
-161
-183
-175
-157
-131
-97
-16
-44
47
63
95
117
145
279
308
295
228
134
-13
-28
-161
-170
-119
-95
-77
-83
-95
-50
-44
-30
-51
-12
41
39
49
19
-12
-31
-92
-139
-175
-173
-143
-126
-76
-44
-33
43
85
103
158
142
270
313
337
291
193
139
-22
-134
-157
-129
-77
-34
-44
-49
-57
-44
-28
-33
18
24
51
67
59
20
-19
-37
-106
-153
-179
-170
-129
-108
-50
-31
-18
72
89
114
134
205
278
317
299
226
143
3
-44
-167
-137
-149
-107
-74
-55
-76
-61
-43
-44
-58
-20
14
31
26
3
-18
-44
-124
-151
-173
-180
-167
-143
-108
-71
-54
26
73
90
117
130
231
309
323
264
190
117
-44
-149
-172
-155
-124
-78
-73
-92
-67
-49
-31
-27
-43
-9
35
37
27
-13
-39
-18
-131
-158
-171
-158
-130
-106
-76
-23
-41
69
73
116
133
167
293
339
329
245
148
19
-20
-140
-145
-137
-63
-37
-39
-67
-46
-61
-44
-41
31
45
58
33
33
5
-39
-29
-136
-145
-165
-141
-134
-78
-12
-20
52
77
116
145
121
247
335
347
315
194
139
-15
-70
-149
-149
-106
-74
-44
-67
-73
-53
-37
-38
-45
9
40
46
55
9
-3
-28
-138
-151
-161
-172
-166
-110
-77
-37
-27
38
74
90
116
121
259
315
317
248
137
36
-45
-145
-166
-156
-117
-71
-76
-94
-106
-59
-58
-41
-45
-6
20
23
15
-1
-26
-87
-151
-172
-181
-149
-142
-114
-74
-20
-22
81
79
116
151
235
319
350
295
197
148
-14
-124
-157
-167
-102
-76
-63
-74
-82
-57
-38
-25
-10
33
29
59
53
34
7
-38
-124
-146
-156
-151
-140
-123
-45
-44
19
81
87
130
145
227
297
355
331
267
142
17
-44
-138
-165
-131
-86
-65
-34
-73
-49
-29
-44
-40
29
26
45
54
39
20
-20
-37
-139
-175
-156
-166
-143
-76
-39
-27
63
94
107
116
142
277
323
329
298
175
131
-44
-149
-157
-161
-114
-72
-77
-92
-97
-79
-39
-29
-28
-2
19
39
33
-9
-28
-20
-158
-172
-172
-172
-160
-121
-77
-45
-41
44
80
100
115
131
301
353
303
233
134
-13
-50
-155
-169
-141
-103
-76
-66
-94
-74
-49
-25
-31
-10
43
46
41
33
6
-13
-73
-134
-161
-172
-151
-139
-103
-39
-41
59
92
102
117
135
261
323
353
308
194
135
-17
-92
-134
-142
-101
-65
-41
-58
-54
-41
-18
-23
2
30
59
58
59
37
4
-28
-122
-142
-152
-149
-149
-120
-52
-53
-27
63
85
115
137
218
291
359
329
244
149
29
-46
-151
-172
-135
-107
-71
-78
-63
-48
-31
-46
-41
1
33
31
49
27
1
-22
-67
-144
-173
-183
-157
-140
-92
-51
-44
-2
52
83
127
122
243
295
322
283
197
147
-18
-137
-172
-170
-137
-108
-77
-99
-81
-69
-58
-43
-20
3
20
47
33
17
-12
-44
-130
-149
-185
-156
-138
-139
-97
-30
-43
52
91
102
145
163
286
323
350
286
161
87
-23
-154
-157
-127
-97
-46
-74
-54
-74
-44
-37
-27
1
39
39
78
62
17
-27
-39
-127
-143
-137
-139
-127
-101
-67
-45
52
89
110
145
128
242
317
355
343
249
117
-5
-38
-181
-139
-112
-76
-54
-50
-70
-43
-47
-43
-45
1
49
61
50
19
-13
-39
-78
-134
-165
-167
-165
-137
-92
-59
-33
41
69
83
106
132
227
311
317
303
189
143
-12
-124
-167
-167
-126
-81
-65
-76
-74
-78
-49
-33
-44
-39
41
33
20
2
-15
-53
-131
-172
-173
-192
-163
-131
-98
-41
-27
39
81
106
115
122
253
308
319
262
143
52
-25
-145
-161
-140
-113
-85
-53
-70
-85
-58
-27
-38
-20
20
36
55
26
10
-26
-44
-115
-156
-166
-137
-127
-94
-65
-44
15
62
101
124
139
245
307
345
340
247
145
14
-37
-134
-140
-127
-62
-51
-55
-60
-29
-33
-41
-2
6
41
52
61
27
20
-35
-53
-140
-172
-149
-158
-108
-81
-54
-27
53
82
95
102
131
229
302
328
277
212
138
-15
-127
-153
-166
-114
-101
-74
-59
-70
-61
-41
-27
-40
-7
20
52
47
17
-29
-27
-134
-171
-172
-194
-157
-129
-99
-61
-40
20
70
89
105
119
261
311
321
257
126
20
-29
-149
-156
-153
-119
-101
-66
-95
-76
-66
-54
-18
-38
33
25
35
37
3
-43
-34
-147
-184
-166
-160
-139
-129
-45
-30
30
73
83
116
120
218
319
355
320
242
123
2
-49
-147
-158
-127
-76
-63
-59
-72
-47
-41
-33
-16
11
51
56
55
25
7
-13
-41
-140
-151
-149
-155
-117
-76
-31
-26
43
83
98
131
137
255
315
355
283
171
123
-28
-122
-176
-149
-129
-81
-73
-65
-56
-44
-32
-22
-39
9
19
49
43
23
-25
-47
-114
-163
-184
-172
-152
-123
-78
-29
-38
31
83
87
122
153
251
311
321
251
128
20
-44
-149
-178
-158
-116
-82
-78
-92
-71
-95
-63
-43
-44
14
29
52
20
1
-47
-59
-149
-176
-176
-169
-141
-127
-73
-51
-20
52
99
116
148
248
304
313
307
215
146
-16
-31
-173
-146
-112
-79
-76
-53
-73
-45
-34
-27
-29
20
25
55
52
43
-5
-28
-58
-140
-156
-155
-133
-109
-78
-29
-26
71
94
107
122
158
295
311
359
273
162
154
-51
-140
-153
-123
-78
-59
-56
-69
-41
-51
-11
-22
19
35
31
39
30
16
-18
-20
-127
-149
-178
-166
-133
-111
-74
-30
-29
57
87
107
139
214
301
327
291
198
117
-25
-44
-178
-145
-138
-97
-74
-76
-67
-79
-41
-44
-35
-33
7
35
23
5
-18
-57
-131
-157
-198
-176
-162
-141
-103
-44
-25
41
74
97
138
131
249
328
309
253
153
52
-44
-145
-163
-157
-123
-62
-50
-63
-54
-55
-39
-38
-26
38
59
49
52
27
-23
-44
-111
-136
-160
-157
-140
-109
-53
-25
6
83
94
117
146
215
313
340
325
247
134
19
-20
-122
-146
-110
-58
-53
-45
-44
-41
-35
-33
-5
34
55
70
63
32
5
-29
-33
-134
-155
-173
-157
-130
-95
-53
-50
54
86
101
112
135
251
315
340
273
187
132
-23
-140
-163
-167
-126
-78
-50
-74
-70
-58
-45
-45
-37
23
53
51
48
8
-27
-37
-117
-154
-190
-165
-165
-128
-69
-49
-44
41
78
87
119
146
289
331
297
244
137
3
-28
-163
-175
-142
-79
-73
-60
-76
-73
-55
-30
-31
-16
17
41
33
20
11
-22
-47
-142
-154
-172
-157
-131
-111
-55
-44
53
86
111
134
138
244
315
341
303
179
148
-18
-59
-143
-157
-92
-51
-56
-57
-43
-29
-28
-26
3
20
49
62
51
20
7
-37
-85
-134
-158
-149
-123
-108
-64
-31
3
82
98
115
143
180
293
331
335
262
162
68
-29
-138
-167
-138
-94
-76
-53
-56
-60
-25
-46
-53
7
14
57
51
33
16
-35
-28
-149
-161
-176
-141
-149
-126
-76
-47
-29
89
98
99
128
207
276
314
313
225
148
-18
-47
-157
-167
-134
-94
-97
-92
-73
-83
-45
-45
-41
-30
25
49
27
16
-9
-38
-108
-155
-189
-172
-156
-128
-79
-43
-43
49
67
101
116
149
262
331
319
283
166
118
-30
-149
-172
-140
-103
-61
-47
-74
-57
-45
-24
-41
7
31
43
53
49
34
-12
-28
-108
-156
-154
-151
-108
-86
-61
-25
39
91
83
133
135
226
303
343
331
251
133
-3
-49
-141
-161
-119
-81
-53
-65
-69
-44
-41
-28
-7
25
53
59
52
33
7
-20
-81
-139
-155
-169
-136
-138
-78
-37
-50
41
87
101
131
146
266
327
308
293
183
135
-15
-129
-161
-158
-121
-86
-73
-74
-82
-61
-39
-25
-41
20
30
33
34
-11
-35
-43
-143
-181
-185
-170
-169
-122
-74
-35
-23
53
83
91
122
154
277
339
313
251
126
3
-37
-170
-164
-152
-105
-57
-76
-78
-76
-44
-43
-38
11
35
52
52
26
-3
-23
-73
-149
-172
-176
-154
-131
-83
-41
-41
62
91
131
110
130
255
314
340
307
183
137
-38
-114
-156
-155
-96
-59
-41
-61
-50
-43
-28
-14
9
30
63
63
54
35
-16
-31
-108
-147
-174
-158
-124
-94
-43
-47
7
65
99
109
133
211
279
346
333
265
147
6
-24
-167
-161
-124
-102
-71
-53
-76
-82
-27
-51
-29
19
26
25
33
22
-9
-41
-92
-155
-204
-172
-158
-140
-83
-46
-39
36
66
85
118
117
227
301
326
267
181
149
-33
-142
-184
-179
-131
-108
-76
-66
-97
-57
-44
-38
-29
10
24
40
38
17
-17
-49
-143
-166
-170
-161
-140
-141
-69
-51
-20
59
73
116
126
137
285
315
340
247
126
20
-50
-156
-167
-124
-110
-63
-55
-49
-59
-28
-37
-23
22
38
65
61
54
7
-30
-39
-124
-157
-155
-141
-137
-82
-31
-43
61
83
111
122
138
231
323
356
341
213
147
35
-25
-146
-154
-133
-57
-59
-60
-47
-47
-25
-35
-33
20
51
66
52
11
2
-31
-135
-155
-169
-171
-139
-137
-108
-35
-43
26
72
99
115
139
249
305
305
246
155
50
-34
-155
-187
-172
-124
-79
-73
-77
-80
-62
-37
-41
-29
15
30
34
36
-13
-28
-108
-167
-183
-193
-172
-137
-102
-73
-15
-44
55
71
104
135
122
289
307
294
212
131
-8
-33
-157
-169
-133
-105
-77
-66
-73
-61
-43
-45
-38
26
30
49
52
30
3
-28
-120
-142
-171
-152
-141
-117
-99
-46
-35
58
91
112
127
149
259
331
345
298
206
116
-22
-83
-143
-137
-118
-76
-46
-57
-53
-45
-57
-18
18
19
41
55
50
19
-25
-26
-131
-149
-176
-172
-153
-117
-69
-41
-38
71
81
109
147
146
283
319
314
254
145
15
-44
-143
-162
-157
-107
-73
-62
-85
-57
-63
-30
-43
-18
36
51
38
18
-13
-39
-108
-154
-180
-185
-169
-146
-123
-54
-41
-12
52
81
94
122
215
294
309
299
185
133
-13
-133
-172
-157
-111
-95
-69
-78
-97
-78
-28
-18
-22
5
50
33
41
22
-14
-30
-140
-158
-182
-149
-138
-109
-78
-23
-50
59
71
115
135
127
254
338
323
258
173
135
-18
-139
-174
-129
-82
-59
-59
-57
-45
-44
-55
6
33
37
65
67
59
20
-28
-48
-131
-135
-163
-153
-107
-92
-49
-44
37
89
105
121
131
231
292
333
329
238
146
-5
-53
-169
-162
-141
-108
-59
-63
-82
-65
-40
-45
-44
17
41
45
46
20
1
-25
-97
-153
-166
-172
-181
-134
-85
-37
-38
44
80
83
117
116
255
299
317
279
179
117
-28
-152
-179
-173
-119
-85
-97
-81
-85
-59
-47
-30
-44
29
47
35
35
14
-27
-47
-141
-145
-171
-169
-140
-110
-94
-39
-43
49
99
106
130
135
259
315
340
289
174
141
-30
-117
-162
-138
-95
-62
-76
-77
-66
-45
-55
-46
20
47
46
59
63
6
-2
-44
-115
-167
-175
-163
-119
-107
-44
-38
47
78
99
129
129
245
307
359
347
275
167
20
-38
-148
-155
-119
-73
-55
-65
-62
-58
-31
-30
-34
35
41
49
55
36
-15
-23
-74
-145
-145
-173
-162
-134
-86
-43
-45
34
67
85
101
116
229
290
333
319
221
147
-30
-28
-167
-181
-131
-76
-65
-85
-92
-81
-43
-44
-39
-15
52
41
27
6
-12
-61
-146
-176
-198
-191
-172
-140
-97
-59
-44
36
77
71
116
147
238
327
340
275
187
115
-23
-137
-165
-157
-117
-92
-92
-95
-101
-67
-55
-20
-15
20
63
55
33
20
-20
-28
-144
-162
-165
-169
-143
-109
-70
-29
-3
79
94
116
129
215
291
340
337
287
158
99
-20
-133
-140
-117
-99
-54
-44
-73
-53
-39
-38
-12
18
51
72
74
58
17
-11
-44
-137
-171
-156
-163
-109
-97
-43
-32
31
67
110
119
129
243
308
343
309
215
139
-9
-108
-166
-154
-114
-98
-76
-77
-73
-74
-34
-35
-17
2
35
47
34
-11
-38
-47
-142
-189
-198
-172
-154
-141
-82
-34
-49
39
63
114
103
147
271
307
325
261
138
20
-40
-165
-175
-156
-108
-66
-81
-74
-94
-66
-41
-43
-2
27
56
52
41
-10
-37
-55
-143
-166
-182
-143
-126
-92
-41
-38
26
58
82
128
139
235
305
355
341
231
121
-12
-34
-158
-147
-128
-80
-58
-61
-53
-37
-27
-54
-10
23
43
67
53
47
-5
-13
-97
-142
-167
-157
-141
-120
-61
-27
-12
63
95
116
143
127
263
319
341
308
180
138
-12
-140
-153
-161
-108
-69
-76
-70
-85
-53
-41
-41
-5
45
30
59
39
-12
-31
-20
-141
-163
-172
-161
-149
-110
-72
-55
-25
49
59
98
129
153
271
310
319
245
131
33
-28
-141
-199
-142
-115
-98
-101
-82
-76
-65
-51
-29
-48
36
58
53
22
-8
-38
-111
-156
-179
-185
-172
-135
-105
-69
-41
-15
41
85
107
131
201
287
341
331
227
148
-2
-54
-165
-149
-122
-110
-83
-83
-76
-65
-41
-39
-28
25
50
74
55
23
9
-27
-81
-149
-156
-165
-140
-103
-70
-33
-12
48
78
99
143
151
249
329
349
305
229
138
-14
-24
-157
-142
-114
-73
-65
-69
-74
-60
-11
-30
20
37
77
55
65
19
-12
-35
-120
-149
-174
-172
-149
-113
-77
-46
-41
47
74
99
143
149
261
320
342
299
164
119
-38
-127
-155
-153
-110
-100
-79
-98
-63
-57
-39
-37
-25
29
54
52
55
10
-29
-47
-140
-166
-183
-161
-152
-130
-78
-53
6
70
95
117
139
199
285
325
349
277
147
20
-35
-147
-174
-121
-85
-66
-55
-79
-58
-27
-44
4
31
63
85
87
46
20
-27
-38
-142
-158
-158
-140
-115
-49
-46
-41
53
102
105
126
129
259
322
371
323
244
154
7
-26
-142
-146
-109
-69
-58
-41
-43
-28
-39
-14
20
40
82
95
82
47
18
-28
-97
-143
-153
-158
-137
-110
-41
-34
10
74
83
104
145
151
275
327
347
293
176
135
-28
-118
-157
-146
-107
-85
-76
-74
-74
-41
-25
-25
7
29
59
48
51
5
-24
-34
-143
-167
-171
-157
-146
-110
-71
-41
-13
55
59
99
135
131
265
329
311
255
136
4
-44
-151
-155
-156
-122
-85
-73
-81
-53
-59
-38
-22
-8
33
37
64
35
-2
-29
-37
-137
-151
-153
-147
-113
-76
-39
-26
63
74
111
126
129
249
299
340
305
219
138
-19
-28
-155
-141
-101
-69
-47
-61
-71
-47
-26
-30
27
20
59
81
57
41
-11
-31
-48
-135
-153
-156
-121
-96
-70
-37
11
67
89
119
146
162
262
338
339
271
180
145
-22
-45
-139
-123
-108
-73
-45
-61
-44
-44
-47
-29
5
26
62
68
51
17
-28
-17
-117
-167
-149
-155
-133
-109
-73
-39
-35
63
85
109
119
127
271
309
311
247
162
37
-22
-149
-173
-156
-122
-99
-76
-80
-56
-67
-44
-33
-10
23
45
54
36
-12
-34
-119
-156
-155
-158
-155
-140
-108
-73
-11
6
67
106
121
139
221
276
314
295
215
142
-6
-43
-139
-172
-140
-101
-53
-74
-74
-66
-45
-33
20
19
41
65
49
39
-13
-16
-43
-122
-161
-133
-143
-102
-62
-32
-39
55
102
115
111
134
249
309
362
323
214
145
-12
-31
-151
-128
-92
-69
-53
-70
-61
-51
-38
-27
19
36
52
87
70
26
-10
-28
-108
-143
-156
-162
-123
-108
-69
-47
-32
70
83
99
124
122
264
308
315
265
170
149
-37
-111
-149
-155
-111
-97
-81
-65
-66
-53
-28
-27
-10
10
35
59
37
14
-22
-44
-140
-165
-176
-162
-124
-124
-73
-58
-19
52
83
115
119
132
265
308
305
243
148
63
-45
-129
-166
-141
-118
-61
-58
-79
-59
-50
-37
-26
9
27
43
67
35
7
-7
-35
-121
-175
-167
-143
-133
-82
-43
-46
31
83
122
119
135
238
292
321
317
256
139
61
-7
-126
-137
-106
-63
-40
-48
-51
-44
-41
-20
5
45
43
56
68
49
14
-20
-37
-112
-161
-158
-142
-121
-61
-26
-57
59
97
107
123
139
238
301
337
307
229
123
16
-23
-141
-141
-140
-98
-63
-85
-76
-41
-25
-55
-28
19
31
50
49
35
-20
-41
-113
-145
-157
-157
-157
-134
-86
-54
-49
52
71
97
109
123
203
299
308
290
211
139
-9
-28
-171
-167
-129
-106
-67
-102
-76
-50
-28
-40
-5
-1
33
47
39
26
-12
-29
-104
-157
-174
-156
-145
-130
-81
-44
-23
80
86
123
113
127
251
308
339
279
183
133
-27
-28
-144
-137
-98
-59
-73
-54
-61
-28
-28
-29
6
47
69
73
49
38
-12
-18
-101
-153
-145
-149
-111
-102
-44
-50
35
91
116
106
132
218
277
323
331
267
158
123
-25
-44
-121
-133
-97
-62
-73
-73
-73
-41
-46
-48
-1
51
54
54
46
20
-20
-28
-129
-158
-174
-169
-141
-109
-44
-44
31
45
83
135
107
185
280
335
309
212
119
9
-43
-157
-140
-158
-122
-97
-76
-97
-71
-69
-54
-53
-39
13
49
38
27
-7
-44
-124
-155
-178
-158
-140
-137
-79
-45
-22
58
53
87
118
116
251
289
337
293
181
135
-25
-22
-156
-154
-123
-92
-95
-63
-77
-74
-33
-29
-12
31
54
66
67
11
-27
-44
-105
-154
-170
-153
-124
-108
-53
-28
17
67
100
103
126
226
288
335
329
271
164
124
-28
-108
-146
-146
-108
-77
-76
-92
-56
-20
-41
-39
19
23
54
52
45
5
-10
-49
-138
-156
-161
-146
-124
-85
-61
-38
25
67
103
116
131
218
297
325
319
203
120
5
-44
-149
-152
-149
-104
-98
-78
-76
-92
-38
-28
-44
-17
26
25
17
13
-29
-38
-109
-165
-173
-166
-166
-153
-109
-58
-27
43
83
85
135
129
247
308
327
267
182
118
-30
-118
-161
-199
-129
-97
-76
-77
-70
-43
-37
-31
-17
33
35
46
20
14
-27
-44
-140
-149
-178
-158
-140
-81
-61
-45
34
81
115
127
137
227
309
326
315
215
129
1
-34
-130
-141
-111
-78
-76
-65
-70
-47
-44
-40
-10
19
55
71
62
25
4
-22
-76
-113
-140
-141
-135
-102
-69
-35
-31
71
103
118
129
127
282
339
337
279
163
115
-22
-126
-161
-135
-119
-66
-85
-77
-64
-55
-26
-26
-26
7
49
35
29
-8
-41
-45
-139
-189
-182
-157
-149
-121
-57
-20
5
66
91
116
139
246
282
326
276
185
129
-12
-41
-169
-161
-149
-122
-105
-78
-81
-66
-37
-39
-39
-12
15
-18
23
9
-27
-44
-118
-172
-173
-185
-143
-138
-94
-47
-45
62
74
101
107
143
289
327
330
274
149
126
-37
-133
-156
-141
-115
-62
-85
-76
-70
-43
-31
-20
11
50
48
66
27
15
-29
-31
-134
-163
-152
-145
-113
-60
-44
-29
74
99
116
118
146
279
310
346
289
208
146
-11
-45
-149
-140
-113
-65
-59
-65
-86
-45
-45
-13
3
20
30
50
36
20
-23
-43
-123
-153
-189
-156
-140
-124
-97
-27
-31
57
91
112
118
149
267
323
309
239
131
19
-28
-124
-161
-138
-123
-99
-109
-85
-65
-62
-39
-23
-44
0
4
23
31
2
-44
-120
-151
-191
-182
-157
-135
-119
-57
-27
9
73
86
139
131
231
295
323
293
181
135
-17
-26
-163
-153
-139
-94
-67
-66
-95
-62
-28
-41
-15
36
41
54
47
20
-8
-50
-108
-144
-157
-144
-126
-92
-55
-38
-1
64
95
114
123
227
308
327
339
266
163
122
-27
-117
-149
-131
-102
-63
-70
-61
-43
-39
-39
-23
23
25
50
43
46
-12
-25
-41
-146
-137
-173
-146
-119
-97
-41
-27
71
85
107
118
120
259
291
339
291
180
133
-22
-62
-161
-157
-142
-102
-71
-92
-76
-61
-41
-38
-29
27
20
46
35
3
-29
-41
-124
-172
-187
-189
-138
-124
-81
-37
-37
70
79
103
123
146
277
317
303
243
139
3
-20
-157
-172
-140
-111
-97
-76
-76
-77
-44
-44
-27
-29
20
51
31
13
-5
-34
-105
-149
-175
-173
-145
-113
-78
-53
-44
52
89
106
126
142
259
299
343
291
176
128
-29
-20
-161
-134
-109
-97
-51
-60
-72
-41
-37
-31
0
46
39
58
53
33
-18
-25
-119
-113
-139
-134
-124
-108
-57
-12
36
83
107
129
131
203
281
326
327
245
146
31
-28
-138
-158
-123
-108
-63
-65
-69
-44
-55
-41
-45
-3
33
37
35
27
2
-38
-77
-133
-172
-156
-154
-127
-101
-61
-61
43
83
95
131
116
228
283
307
279
171
132
-17
-107
-149
-153
-139
-121
-85
-79
-101
-49
-43
-37
-33
-19
18
52
31
-10
-11
-41
-139
-154
-171
-162
-131
-107
-71
-44
-28
52
81
100
124
137
266
313
317
245
142
73
-29
-126
-140
-134
-101
-69
-85
-85
-55
-41
-38
-32
2
36
51
46
37
-7
-23
-28
-124
-165
-149
-137
-113
-70
-44
-25
54
100
111
122
147
258
327
340
308
206
153
5
-38
-140
-144
-121
-66
-78
-69
-78
-66
-41
-51
1
26
30
47
61
9
-17
-33
-121
-137
-167
-158
-124
-123
-77
-46
-12
78
105
148
126
184
277
323
299
245
143
9
-38
-138
-171
-152
-107
-108
-107
-65
-101
-56
-29
-33
-35
1
35
7
3
3
-45
-86
-151
-162
-183
-161
-124
-113
-57
-13
16
59
80
116
143
249
302
309
276
181
137
-28
-37
-143
-140
-130
-118
-86
-79
-69
-50
-39
-39
-41
34
22
52
39
11
-25
-26
-111
-157
-162
-153
-140
-86
-59
-29
37
78
110
116
134
251
308
335
307
253
124
30
-39
-149
-134
-126
-57
-66
-50
-71
-38
-39
-17
-3
23
45
63
59
23
13
-16
-33
-124
-158
-147
-130
-121
-74
-27
-15
63
97
126
122
155
277
331
339
266
145
131
-20
-139
-141
-135
-107
-97
-70
-82
-76
-57
-28
-34
-15
20
38
23
5
-6
-39
-59
-152
-161
-156
-165
-137
-119
-59
-44
7
83
99
99
147
229
299
299
255
187
133
-20
-108
-174
-178
-117
-107
-120
-95
-95
-59
-25
-47
-45
-7
27
20
26
-15
-19
-45
-124
-160
-175
-158
-123
-105
-67
-41
-11
72
117
121
135
242
291
325
307
219
131
19
-29
-133
-157
-119
-108
-74
-47
-65
-55
-44
-22
-1
6
31
55
43
14
-11
-44
-49
-115
-154
-133
-141
-92
-68
-14
-23
78
115
122
124
225
283
338
338
267
154
127
-28
-128
-158
-140
-113
-73
-74
-79
-63
-23
-31
-41
-1
20
36
26
43
-3
-28
-44
-138
-158
-169
-141
-104
-106
-63
-29
35
74
105
131
121
261
303
311
289
199
135
-10
-41
-153
-172
-124
-98
-86
-102
-92
-49
-46
-53
-47
-44
20
20
25
11
-18
-28
-124
-170
-162
-156
-149
-118
-94
-45
-37
79
79
116
149
143
279
315
299
237
149
23
-34
-124
-172
-129
-95
-103
-65
-71
-66
-29
-28
-50
3
41
54
52
15
-6
-41
-33
-141
-155
-144
-141
-122
-73
-41
-23
82
100
137
124
149
281
329
340
279
173
148
-20
-55
-139
-143
-109
-77
-65
-55
-54
-30
-33
-12
10
34
46
50
37
5
13
-28
-119
-145
-169
-155
-124
-98
-62
-32
20
71
109
118
137
249
294
331
291
219
142
1
-28
-161
-169
-122
-102
-79
-103
-97
-59
-44
-27
-37
-13
14
19
11
-17
-12
-48
-121
-172
-182
-204
-142
-117
-83
-53
-44
48
71
135
119
149
264
307
295
227
143
-3
-33
-140
-157
-139
-129
-108
-76
-101
-65
-44
-47
-47
-23
16
43
39
22
-29
-39
-73
-140
-169
-158
-149
-105
-74
-44
-45
69
107
126
117
135
276
335
335
283
167
135
-27
-43
-149
-139
-121
-62
-55
-50
-38
-41
-44
-9
6
41
46
40
53
8
-20
-23
-113
-153
-151
-135
-126
-96
-20
-23
33
78
106
131
145
243
291
333
308
219
135
5
-41
-156
-145
-128
-96
-76
-76
-77
-61
-39
-25
-16
20
34
40
26
19
-15
-28
-117
-155
-169
-170
-154
-122
-76
-31
-28
52
83
94
126
131
263
314
308
233
142
23
-43
-151
-189
-166
-117
-92
-92
-86
-76
-41
-41
-34
-39
-12
33
9
15
-12
-44
-106
-148
-167
-161
-140
-145
-92
-61
-40
46
96
119
138
148
245
315
326
283
175
146
-23
-20
-151
-154
-135
-80
-71
-78
-41
-35
-34
-41
-3
9
26
43
39
18
-6
-30
-97
-140
-155
-132
-122
-77
-63
-35
41
90
113
121
117
238
308
339
327
231
142
28
-10
-149
-149
-142
-76
-54
-67
-70
-41
-28
9
1
8
41
43
27
-1
1
-43
-102
-153
-172
-143
-127
-124
-85
-48
-34
58
85
103
141
148
276
307
307
233
139
41
-39
-157
-191
-153
-135
-115
-82
-106
-76
-45
-30
-37
-48
7
5
11
6
-18
-18
-108
-141
-175
-189
-174
-151
-108
-85
-29
-28
53
105
130
135
217
290
299
267
190
148
-29
-49
-166
-174
-133
-74
-76
-80
-92
-65
-39
-29
-31
1
11
15
30
-12
-28
-27
-101
-147
-171
-167
-139
-105
-69
-44
-66
51
83
118
143
147
303
309
331
247
129
37
-15
-130
-138
-134
-85
-78
-44
-74
-44
-28
-28
-22
-5
27
43
52
27
13
-26
-27
-130
-156
-163
-133
-113
-92
-31
-51
52
95
103
94
179
257
310
331
294
213
145
-18
-35
-157
-145
-129
-70
-76
-71
-49
-44
-28
-33
-22
11
36
51
33
-1
-95
-31
-108
-170
-169
-174
-128
-108
-81
-28
-24
58
74
109
128
139
261
303
321
258
139
54
-45
-135
-169
-143
-109
-87
-92
-49
-67
-54
-23
-44
-9
23
43
41
27
-2
-9
-23
-141
-172
-169
-156
-126
-70
-58
-33
49
82
117
118
135
243
291
323
289
210
135
-5
-35
-153
-149
-133
-71
-49
-61
-71
-39
-45
-30
1
19
43
54
41
41
13
-39
-39
-139
-151
-146
-133
-85
-54
-49
-6
51
112
131
129
97
251
290
308
276
158
148
-20
-35
-163
-141
-127
-97
-80
-73
-77
-58
-33
-44
-12
3
39
33
15
7
-11
-49
-108
-156
-166
-145
-118
-74
-51
-38
-13
65
67
102
133
143
279
308
302
230
148
13
-20
-124
-172
-151
-133
-107
-76
-83
-63
-49
-31
-44
-28
3
59
27
18
-28
-17
-92
-138
-173
-173
-139
-113
-77
-64
-46
24
67
97
92
115
141
276
313
307
227
151
-2
-28
-122
-152
-121
-92
-78
-65
-55
-55
-41
-44
14
17
39
39
57
52
23
-24
-31
-138
-151
-161
-113
-97
-63
-46
-25
51
83
95
105
129
225
290
321
287
227
143
17
-35
-128
-122
-108
-79
-63
-49
-47
-38
-28
-50
3
8
39
63
62
35
4
-17
-45
-140
-161
-157
-126
-92
-70
-31
-28
33
67
83
119
113
167
273
310
283
190
134
7
-37
-145
-139
-140
-94
-101
-83
-92
-66
-46
-24
-45
-26
20
35
26
15
-23
-29
-137
-162
-183
-158
-139
-101
-74
-50
-41
-39
52
85
101
111
131
259
286
275
187
135
15
-45
-153
-161
-129
-107
-80
-76
-101
-59
-45
-44
-15
-1
23
37
29
11
-20
-20
-92
-140
-145
-157
-133
-108
-58
-31
-45
47
53
85
124
134
211
281
295
265
203
130
1
-19
-140
-152
-105
-74
-64
-64
-71
-50
-43
-35
-1
20
58
51
45
36
-2
-30
-52
-118
-147
-149
-101
-101
-44
-28
-43
52
83
101
101
120
217
261
283
277
193
144
-12
-27
-147
-149
-101
-98
-86
-81
-59
-47
-28
-44
-29
-7
46
51
20
9
-15
-19
-103
-140
-172
-138
-121
-123
-81
-49
-31
-11
47
67
89
141
127
265
283
249
180
143
15
-29
-137
-152
-135
-109
-92
-86
-99
-73
-33
-29
-25
29
35
34
27
15
-5
-37
-94
-137
-154
-143
-124
-76
-53
-41
-43
25
79
99
124
134
180
287
309
279
194
131
5
-23
-130
-123
-108
-76
-70
-62
-73
-46
-34
-20
22
35
43
51
57
52
7
-20
-44
-108
-128
-121
-78
-66
-51
-28
-29
51
69
103
123
129
203
259
287
279
199
146
19
-39
-106
-121
-127
-55
-69
-59
-72
-67
-35
-33
-32
19
27
51
51
13
-12
-12
-37
-128
-142
-141
-127
-108
-77
-44
-49
-12
49
85
115
116
135
242
259
267
167
126
0
-27
-145
-155
-139
-123
-103
-107
-99
-83
-44
-41
-44
-17
20
20
46
-5
-12
-28
-44
-105
-135
-139
-114
-109
-94
-46
-28
-30
65
78
111
127
129
241
263
275
222
133
39
-29
-135
-137
-120
-101
-86
-74
-67
-43
-35
-43
-28
-3
27
33
55
43
0
-6
-37
-119
-133
-142
-101
-76
-45
-37
-37
15
51
83
116
119
131
234
267
282
259
133
123
-11
-44
-133
-124
-110
-92
-69
-83
-59
-33
-41
-44
20
27
51
48
46
6
-13
-28
-104
-108
-137
-127
-92
-59
-44
-49
-41
20
83
80
92
135
201
270
266
231
151
116
-25
-41
-145
-140
-113
-79
-77
-74
-71
-74
-53
-44
-44
-3
20
20
-2
-1
-29
-25
-111
-135
-167
-140
-133
-81
-77
-69
-47
-5
55
71
89
116
143
267
245
219
131
123
-13
-46
-155
-149
-101
-113
-86
-92
-92
-53
-44
-29
-41
3
39
23
37
-12
-8
-41
-115
-115
-140
-140
-95
-104
-73
-45
-45
55
64
90
121
139
214
281
293
243
167
121
3
-29
-109
-138
-108
-76
-69
-63
-55
-48
-31
-15
-3
20
38
47
54
22
3
-28
-49
-110
-129
-126
-92
-61
-43
-32
-44
38
52
85
97
123
227
275
259
226
147
121
-6
-30
-140
-151
-127
-108
-78
-101
-61
-71
-53
-29
-39
-13
19
27
9
6
-20
-24
-104
-127
-149
-145
-109
-105
-66
-60
-26
-11
66
74
114
123
143
249
234
198
133
31
-12
-118
-155
-134
-122
-113
-86
-95
-85
-57
-49
-59
-25
-33
20
35
17
-12
-33
-26
-92
-134
-136
-135
-110
-86
-66
-49
-26
32
69
99
111
133
216
276
283
227
130
85
-17
-41
-137
-120
-92
-85
-76
-62
-54
-51
-30
-39
-20
20
36
36
41
20
-7
-37
-41
-92
-117
-109
-92
-62
-71
-37
-43
43
98
116
131
145
244
261
262
202
129
27
-29
-111
-140
-124
-101
-78
-68
-92
-65
-47
-32
-43
-26
-20
20
15
20
-14
-20
-31
-104
-126
-130
-108
-92
-108
-77
-59
-31
34
67
83
100
147
211
244
235
167
145
-15
-28
-121
-145
-130
-124
-108
-83
-107
-97
-51
-44
-28
-39
-35
-32
-11
-12
-19
-41
-43
-111
-127
-130
-126
-107
-83
-65
-52
-26
34
70
99
121
116
229
244
187
147
31
-27
-47
-138
-122
-119
-70
-92
-80
-60
-29
-44
-29
-44
-31
-8
6
22
-17
-13
-33
-41
-101
-113
-107
-83
-63
-70
-29
-29
38
71
116
129
163
243
247
231
154
116
2
-17
-123
-133
-106
-82
-50
-85
-66
-50
-39
-43
-44
-41
-20
20
13
3
-12
-39
-44
-78
-102
-102
-79
-95
-74
-49
-34
-17
78
91
133
148
227
243
207
152
111
-27
-32
-135
-129
-105
-86
-79
-92
-81
-44
-50
-47
-28
-37
-33
-28
-37
-20
-30
-37
-57
-95
-94
-101
-94
-114
-109
-69
-10
-73
116
83
129
149
212
212
231
149
43
-28
-50
-110
-129
-114
-92
-92
-82
-92
-55
-57
-53
-43
-27
-31
-31
-13
-15
-7
-37
-49
-69
-81
-82
-62
-73
-74
-49
-34
52
83
111
121
197
245
208
162
119
20
-43
-28
-101
-105
-74
-76
-51
-50
-57
-55
-41
-33
-22
-6
-10
19
-12
-13
-22
-13
-23
-34
-76
-43
-44
-73
-41
-41
-31
53
91
123
127
241
243
182
130
51
3
-25
-86
-101
-106
-74
-74
-61
-63
-58
-44
-43
-34
-40
-13
-27
-28
-26
-34
-41
-30
-85
-76
-92
-61
-76
-63
-43
-41
-11
63
99
145
148
212
175
121
116
-7
-28
-101
-109
-107
-105
-95
-82
-92
-73
-63
-61
-54
-43
-30
-37
-69
-25
-32
-41
-35
-62
-82
-79
-79
-76
-76
-53
-35
-23
39
87
139
129
210
211
141
139
7
-29
-28
-76
-102
-76
-72
-78
-79
-65
-55
-46
-53
-23
-35
-25
-28
-16
-20
-31
-46
-33
-44
-59
-44
-57
-41
-30
-39
6
34
85
129
134
219
216
161
121
23
-12
-41
-63
-97
-76
-74
-63
-76
-61
-37
-28
-13
-29
19
-13
-17
-16
-28
-44
-22
-32
-61
-49
-62
-51
-64
-44
-37
-20
65
83
127
139
197
185
162
100
-3
-17
-14
-106
-85
-96
-83
-78
-76
-83
-60
-48
-44
-53
-44
-23
-31
-15
-59
-64
-45
-65
-62
-66
-73
-65
-86
-55
-43
-28
31
50
122
122
123
148
146
58
-3
-37
-30
-92
-98
-85
-95
-76
-76
-92
-61
-44
-34
-28
-33
-44
-37
-37
-44
-44
-39
-54
-51
-60
-43
-57
-61
-47
-29
-35
41
71
137
149
174
153
122
83
30
-5
-20
-28
-65
-67
-63
-69
-53
-41
-47
-44
-29
-15
-30
-1
-22
-35
-41
-39
-15
-41
-45
-50
-43
-43
-45
-19
-29
-44
54
74
122
130
178
129
143
43
14
-22
-47
-43
-76
-60
-70
-57
-76
-63
-43
-57
-28
-31
-28
-49
-37
-44
-45
-45
-53
-44
-70
-53
-57
-76
-73
-46
-41
-28
29
74
99
122
130
123
79
35
-1
-29
-44
-79
-87
-101
-92
-101
-102
-82
-61
-49
-53
-44
-12
-25
-23
-57
-61
-59
-76
-55
-57
-92
-74
-54
-60
-46
-53
17
49
81
89
109
111
67
43
7
-10
-12
-41
-43
-26
-37
-53
-53
-65
-44
-47
-28
-32
-37
-47
-33
-55
-53
-45
-57
-54
-43
-29
-47
-33
-23
-24
13
52
52
91
77
91
105
87
82
53
19
1
-10
-26
-10
-12
-35
-32
-25
-29
-44
-47
-38
-5
-12
-14
-20
-19
-41
-37
-37
-49
-59
-73
-49
-53
-46
-29
-44
2
32
65
57
63
82
83
65
39
20
3
5
-25
-22
-12
-27
-44
-44
-53
-57
-53
-37
-55
-30
-29
-58
-50
-50
-57
-77
-76
-79
-65
-73
-33
-44
-46
-33
-30
20
25
32
45
41
52
55
46
20
-9
55
-12
-11
-29
-27
-33
-29
-47
-32
-38
-47
-34
-50
-44
-43
-44
-35
-34
-44
-45
-44
-41
-31
-22
-44
-27
-31
-10
7
20
52
55
52
54
73
55
52
51
30
25
23
15
15
-7
-28
-12
-20
-22
-26
-30
-31
-12
-29
-33
-44
-31
-33
-43
-20
-49
-26
-29
-25
6
7
7
6
23
35
54
36
50
43
35
27
20
24
23
20
11
4
-12
-5
5
-39
-35
-31
-19
-34
-30
-37
53
36
35
34
55
43
23
45
43
33
57
55
52
37
46
38
67
31
39
45
39
35
33
46
41
49
37
39
49
20
47
61
46
71
63
64
35
43
32
46
53
39
52
52
49
49
52
59
39
32
53
55
50
52
5
46
47
55
37
52
38
26
62
43
57
25
24
43
61
53
37
57
49
46
53
32
48
36
55
55
33
55
57
52
66
52
57
49
51
41
63
59
67
87
83
85
79
65
74
52
71
69
83
74
79
86
78
109
80
67
83
64
91
102
83
83
83
56
71
91
105
107
86
71
83
103
123
116
106
89
92
83
65
74
85
99
118
143
123
122
99
78
95
94
98
103
98
83
87
103
114
131
87
89
74
109
99
91
96
113
131
115
113
111
111
103
107
131
95
102
91
97
105
123
111
83
89
100
97
127
135
138
116
105
88
86
103
98
119
101
89
46
87
87
91
110
99
115
107
115
98
111
110
98
105
98
121
103
103
109
98
110
139
131
132
158
121
91
99
91
116
121
131
115
115
115
107
137
141
111
137
121
114
103
129
145
158
119
117
111
123
143
130
145
111
116
114
107
127
115
124
129
123
139
116
110
119
116
122
145
139
103
107
142
126
147
146
143
121
130
112
132
134
133
126
105
95
116
129
113
102
131
107
123
117
139
123
101
113
119
118
127
100
123
91
94
123
133
127
110
122
113
133
114
135
123
133
133
131
111
103
101
90
103
97
139
123
146
134
143
127
133
135
121
129
114
119
131
137
137
138
143
149
130
123
114
123
105
127
145
148
139
153
132
118
124
148
119
138
123
135
145
137
128
127
143
147
127
148
124
130
118
140
142
145
151
136
149
148
142
149
143
131
149
161
151
167
155
149
151
146
137
155
131
169
153
157
147
152
151
133
158
147
135
153
139
131
151
145
147
148
155
119
148
148
136
135
138
151
134
133
130
137
138
117
132
135
139
138
148
149
143
137
155
129
123
111
118
143
122
135
121
134
127
105
149
123
112
120
138
131
127
103
115
123
99
106
97
119
115
109
116
138
123
135
115
95
102
122
115
119
127
117
100
94
85
81
85
113
121
115
103
115
110
94
101
111
118
116
95
91
83
96
105
126
116
122
106
103
118
101
103
124
123
107
107
109
110
110
135
98
94
101
106
137
133
138
87
109
119
127
137
99
120
111
107
127
113
91
91
95
98
116
103
99
116
116
100
103
99
95
105
87
121
117
97
109
115
103
102
115
95
95
95
98
104
110
89
96
113
106
83
96
57
83
81
88
96
88
79
79
99
97
83
83
89
127
99
65
83
69
99
107
81
67
74
57
87
97
95
104
91
74
55
73
79
81
85
77
66
77
77
116
90
83
91
65
89
74
74
86
73
103
89
78
92
69
74
69
83
78
71
83
103
101
99
90
94
91
74
63
85
83
111
59
52
83
74
89
83
91
95
83
97
73
86
99
71
99
83
92
85
99
101
83
67
105
83
100
92
89
90
103
98
111
83
85
85
74
89
69
100
97
91
99
91
107
86
110
103
85
83
74
80
99
65
70
79
91
90
50
81
83
72
102
99
71
83
83
73
91
97
83
81
62
73
83
83
103
103
81
79
64
74
73
67
67
81
59
74
64
81
73
81
83
66
55
52
63
61
82
77
74
61
52
71
69
58
77
38
55
41
57
77
83
87
69
57
81
54
59
73
86
62
53
73
67
67
50
61
52
54
72
70
65
65
65
73
44
127
131
-18
16
59
99
90
114
51
35
20
50
85
102
63
51
52
79
67
74
77
70
62
53
59
63
54
61
69
59
87
41
47
57
55
63
50
46
66
71
74
45
66
79
65
41
52
47
59
56
65
57
51
61
58
43
39
22
61
65
49
35
23
52
53
35
52
49
62
38
58
31
47
49
54
20
34
25
63
36
52
52
1
20
23
44
36
54
54
17
15
22
41
32
35
41
58
20
33
39
20
41
41
19
30
54
52
18
39
23
20
13
-6
11
18
20
36
39
30
33
19
36
31
43
51
41
35
41
22
20
25
33
38
56
56
33
31
32
33
23
36
41
20
32
39
30
39
31
47
47
30
20
50
50
29
30
43
52
39
27
19
45
35
49
43
31
22
31
20
33
22
29
27
30
31
52
31
31
19
17
26
27
-33
24
20
34
19
4
27
30
18
18
4
19
19
10
22
6
20
15
30
27
11
20
7
8
23
33
19
22
27
-5
20
7
20
33
4
-1
-13
15
20
-2
-7
17
14
-7
2
15
14
7
-6
5
7
10
6
41
19
15
16
19
17
14
15
-15
20
-5
6
23
3
-12
3
-12
13
11
9
3
-1
9
20
1
-9
2
-2
26
31
2
9
8
9
7
7
8
-66
22
52
11
37
11
-8
20
5
35
20
20
7
4
20
13
18
8
22
20
3
11
20
9
11
3
22
25
3
25
-7
20
3
18
17
31
33
9
2
19
7
20
20
-5
-9
2
6
7
15
15
14
13
14
23
8
11
20
-10
-9
1
-12
-1
-11
-12
-20
3
-14
-14
-1
4
1
8
3
17
-10
-13
3
-12
-30
-13
-5
-17
-5
-2
-13
-28
-20
-1
-1
-1
-5
-12
-10
7
-3
9
-17
-11
-1
-19
6
-5
-17
-14
-12
-7
-17
-23
-2
-1
-10
-14
-12
-11
-12
-23
-1
1
11
3
-12
-17
-13
7
1
-12
-9
-13
3
2
-15
-9
-2
6
-17
-12
7
-19
-12
-5
3
9
3
11
10
-9
-5
-17
3
-12
-12
3
-20
-11
-5
5
-13
-18
7
-25
-14
-9
-3
-12
-33
-27
-22
-9
-26
-11
1
-25
-10
-13
-22
-17
-10
-17
-19
-5
-1
-20
-12
-12
1
-11
-28
-1
-22
-12
-27
-18
-32
-11
-33
-17
-14
-13
-16
-17
-31
-20
-29
-32
-41
-25
-28
-28
-13
-24
-41
-22
-33
-28
-27
-37
-44
-29
-31
-43
-30
-41
-13
-29
-37
-27
-41
-44
-27
-54
-28
-28
-44
-44
-46
-29
-35
-33
-43
-44
-45
-47
-44
-44
-19
-55
-41
-37
-29
-31
-39
-41
-27
-46
-29
-29
-44
-37
-20
-41
-37
-40
-53
-43
-34
-44
-37
-44
-49
-34
-31
-46
-46
-35
-44
-40
-41
-31
-46
-25
-47
-33
-39
-39
-49
-33
-27
-43
-20
-39
-41
-43
-31
-43
-49
-44
-29
-61
-50
-43
-38
-25
-44
-33
-48
-45
-35
-54
-32
-44
-28
-30
-39
-41
-60
-79
-59
-50
-58
-49
-53
-43
-45
-39
-63
-41
-48
-59
-55
-69
-41
-43
-71
-65
-67
-70
-69
-71
-58
-70
-39
-60
-51
-65
-59
-63
-79
-61
-76
-74
-53
-74
-59
-44
-65
-77
-74
-51
-69
-74
-58
-73
-49
-56
-57
-71
-94
-63
-78
-65
-65
-64
-59
-53
-53
-53
-61
-74
-61
-72
-47
-55
-57
-35
-54
-43
-61
-65
-54
-49
-44
-44
-64
-45
-41
-48
-46
-71
-73
-39
-57
-40
-59
-43
-59
-35
-41
-58
-50
-60
-54
-45
-44
-70
-49
-33
-48
-57
-57
-47
-44
-44
-43
-51
-32
-37
-45
-41
-46
-63
-67
-45
-53
-47
-57
-57
-40
-57
-40
-60
-53
-67
-56
-45
-45
-71
-56
-35
-49
-59
-49
-66
-53
-73
-51
-56
-54
-43
-60
-47
-60
-73
-46
-71
-71
-49
-67
-76
-70
-56
-46
-55
-62
-74
-61
-49
-76
-62
-71
-64
-53
-58
-59
-94
-65
-73
-61
-58
-61
-53
-79
-76
-60
-73
-57
-76
-65
-74
-59
-81
-44
-74
-70
-67
-59
-60
-61
-63
-69
-66
-47
-65
-76
-66
-54
-73
-73
-74
-49
-54
-69
-69
-50
-51
-73
-70
-63
-76
-63
-54
-44
-58
-70
-46
-53
-63
-47
-65
-63
-49
-53
-61
-38
-54
-53
-63
-54
-43
-50
-59
-44
-49
-61
-44
-55
-44
-59
-65
-45
-53
-56
-38
-81
-63
-57
-60
-76
-74
-47
-46
-74
-67
-71
-55
-59
-47
-47
-59
-49
-50
-43
-57
-47
-73
-60
-47
-69
-59
-73
-53
-61
-64
-61
-71
-53
-61
-60
-73
-73
-61
-71
-53
-92
-69
-74
-53
-53
-76
-72
-57
-62
-66
-79
-74
-77
-77
-85
-73
-65
-67
-53
-71
-60
-65
-61
-73
-109
-92
-73
-54
-65
-71
-44
-82
-60
-92
-67
-58
-59
-47
-53
-55
-71
-79
-77
-65
-73
-61
-61
-76
-51
-73
-64
-58
-65
-77
-76
-60
-86
-50
-67
-69
-61
-33
-49
-49
-49
-61
-47
-39
-65
-70
-67
-65
19
-62
-62
-45
-41
-59
-69
-53
-63
-62
-50
-53
-44
-45
-65
-66
-47
-61
-73
-47
-73
-65
-53
-71
-65
-73
-76
-50
-59
-58
-65
-74
-65
-66
-49
-60
-50
-74
-76
-76
-53
-54
-74
-81
-76
-69
-77
-74
-69
-97
-62
-50
-61
-92
-65
-78
-76
-70
-62
-74
-74
-55
-60
-59
-77
-76
-60
-74
-63
-76
-76
-77
-85
-92
-76
-92
-92
-76
-78
-79
-79
-69
-94
-92
-76
-81
-67
-74
-59
-95
-69
-82
-73
-76
-53
-101
-80
-83
-92
-85
-76
-62
-65
-92
-65
-59
-73
-92
-94
-85
-63
-76
-72
-73
-74
-59
-54
-76
-61
-54
-69
-64
-58
-73
-85
-67
-65
-71
-76
-83
-79
-58
-45
-76
-47
-67
-45
-72
-74
-49
-103
-53
-76
-60
-24
-72
-58
-46
-59
-77
-59
-71
-67
-69
-63
-76
-73
-49
-63
-65
-81
-76
-59
-31
-62
-59
-62
-61
-61
-56
-79
-76
-53
-92
-86
-78
-151
-81
-92
-85
-70
-69
-74
-77
-73
-59
-78
-76
-74
-50
-78
-63
-106
-68
-92
-74
-57
-85
-69
-81
-79
-76
-83
-76
-86
-77
-73
-83
-147
-83
-76
-92
-78
-85
-81
-82
-98
-73
-59
-83
-85
-69
-79
-92
-67
-95
-76
-103
-74
-55
-58
-78
-74
-76
-69
-80
-61
-79
-63
-83
-82
-76
-83
-78
-76
-76
-81
-70
-41
-57
-57
-81
-76
-55
-73
-58
-67
-76
-76
-64
-69
-70
-74
-77
-49
-47
-50
-49
-73
-71
-53
-60
-44
-50
-47
-44
-59
-57
-44
-58
-73
-79
-44
-49
-39
-43
-34
-74
-74
-65
-41
-58
-57
-70
-74
-69
-78
-73
-63
-46
-76
-73
-78
-76
-49
-83
-56
-78
-82
-74
-55
-50
-41
-61
-74
-70
-60
-77
-53
-65
-53
-63
-62
-83
-81
-71
-57
-61
-53
-66
-64
-77
-79
-76
-58
-66
-83
-60
-74
-63
-81
-58
-73
