-13
-33
-30
-119
-143
-143
-126
-93
-44
-39
23
50
20
-5
-26
-39
-124
-113
-127
-76
-76
-55
-32
-43
-13
52
79
105
130
143
148
191
215
155
133
18
-29
-44
-73
-56
-44
-28
-7
-29
-41
-114
-137
-130
-129
-57
-39
20
58
49
36
4
-15
-28
-81
-95
-99
-93
-76
-57
-38
-40
35
71
99
127
133
139
178
206
225
199
138
134
-1
-27
-44
-47
-42
-38
19
-1
-34
-39
-129
-140
-137
-102
-45
-33
33
39
26
11
-19
-33
-29
-107
-119
-114
-93
-77
-60
-35
-44
41
83
103
119
135
135
182
214
212
138
146
-12
-34
-82
-85
-55
-30
-43
-23
-45
-111
-141
-166
-167
-137
-78
-33
-43
-1
15
-1
-13
-33
-106
-120
-124
-135
-134
-111
-62
51
-28
47
77
101
133
131
175
202
229
197
144
135
18
31
-94
-83
-51
-32
-27
-13
-38
-108
-149
-155
-147
-122
-74
-34
46
52
43
19
-12
-32
-130
-130
-139
-116
-97
-73
-42
-34
26
59
99
116
139
203
218
244
276
239
169
139
3
-37
-59
-65
-60
-39
3
-9
-30
-99
-149
-159
-158
-105
-49
-39
34
49
36
19
-12
-28
-108
-119
-137
-140
-122
-93
-47
-40
29
74
110
126
130
143
191
235
232
212
138
65
-17
-47
-122
-101
-55
-37
-23
-13
-41
-129
-161
-181
-168
-124
-73
-37
-26
14
15
-10
-32
-41
-124
-141
-155
-159
-139
-81
-44
-41
41
74
101
118
135
180
215
246
244
178
147
20
-14
-106
-108
-79
-44
-33
-12
-37
-139
-156
-173
-165
-135
-61
-29
15
36
34
18
-12
-31
-105
-134
-153
-131
-120
-101
-45
-34
41
84
116
143
138
221
231
283
290
225
133
116
-6
-37
-77
-78
-29
-26
9
-25
-34
-140
-166
-158
-149
-85
-44
-3
47
51
33
2
-25
-32
-122
-156
-140
-124
-140
-62
-41
45
78
109
135
135
138
212
254
297
254
205
140
-13
-32
-139
-95
-23
-31
-26
-13
-31
-133
-166
-189
-185
-139
-102
-29
-28
35
30
7
-23
-38
-132
-71
-156
-159
-157
-69
-54
-33
21
87
101
145
145
165
228
275
260
191
137
-3
-43
-111
-120
-93
-33
-37
-37
-37
-132
-171
-195
-181
-154
-76
-37
7
35
25
-7
-39
-37
-123
-149
-142
-149
-108
-79
-45
-44
26
70
133
148
197
241
281
326
307
236
144
26
-38
-105
-101
-71
-60
-123
7
-82
-43
-157
-173
-167
-118
-97
-42
36
53
49
26
15
-21
-39
-166
-149
-142
-135
-73
-42
-23
62
103
120
135
173
218
259
306
307
246
148
123
-27
-82
-112
-103
-45
-42
-22
-27
-96
-154
-185
-183
-155
-105
-41
-33
31
25
-7
-19
-43
-110
-156
-173
-170
-145
-103
-46
-31
55
79
116
137
135
205
246
294
279
223
143
19
-35
-118
-130
-109
-55
-43
-35
-45
-143
-185
-140
-191
-173
-101
-71
-110
22
13
10
-14
-44
-129
-156
-161
-162
-145
-70
-26
34
20
114
97
129
133
199
271
299
367
241
171
126
-46
-107
-123
-94
-41
-29
0
-27
-13
-161
-187
-197
-170
-95
-39
-25
39
50
30
-12
-42
-103
-127
-139
-140
-123
-86
-44
-27
55
106
133
135
186
246
283
309
319
257
165
116
-26
-34
-109
-93
-43
-38
-28
-39
-78
-124
-188
-186
-203
-93
-38
-30
27
35
11
-17
-28
-120
-155
-172
-165
-140
-101
-35
-25
49
84
115
133
134
217
277
322
296
231
135
41
-69
-126
-191
-134
-55
-33
-33
-42
-141
-192
-205
-205
-165
-108
-49
-23
20
21
1
-26
-33
-134
-165
-181
-179
-145
-101
-45
-45
51
90
210
133
161
235
180
243
295
235
145
17
-33
-120
-124
-93
-41
-28
-26
-41
-127
-174
-191
-175
-137
-79
-43
-11
35
39
15
-14
-41
-116
-157
-155
-157
-116
-70
-29
38
91
122
124
163
227
257
314
339
301
212
137
-2
-26
-106
-86
-49
-30
-11
-18
-22
-140
-170
-177
-156
-83
35
-25
91
41
36
2
-23
-116
-157
-107
-219
-161
-63
-65
-30
-23
53
93
119
139
211
257
308
336
291
206
131
-17
-29
-124
-120
-75
-44
-38
-33
-35
-160
-197
-204
-200
-140
-73
-37
-6
33
7
-11
-34
-124
-168
-181
-184
-189
-130
-83
-31
-25
55
89
116
142
212
259
329
315
261
171
126
-12
-37
-116
-102
-58
-33
-28
-26
-46
-158
-193
-202
-161
-106
-41
-32
37
49
35
-8
-37
-107
-151
-175
-165
-141
-111
-49
-31
38
77
118
123
147
233
275
326
341
291
183
143
-22
-30
-113
-70
-37
-23
-28
-17
-40
-141
-172
-122
-119
-105
-27
55
-33
51
43
3
-48
-156
-146
-135
-175
-140
-107
-45
-33
43
83
114
138
154
219
290
339
340
273
171
139
-26
-97
-77
-142
-80
-48
-10
-28
-113
-170
-183
-174
-83
-57
42
-37
38
37
21
-11
-44
-129
-177
-189
-187
-157
-120
-46
-44
42
75
98
118
144
225
268
331
312
245
143
19
-28
-124
-137
-101
-38
-9
-37
-25
-129
-171
-203
-195
-155
-78
-39
-24
35
27
3
-19
-33
-135
-163
-177
-160
-137
-76
-31
-18
66
126
131
137
214
293
336
353
362
202
135
-12
-37
-101
-102
-47
-39
-1
-21
-47
-149
-178
-185
-154
-97
-37
-35
45
59
33
18
-23
-70
-150
-172
-175
-140
-69
21
-49
24
170
123
119
129
261
283
330
340
303
183
122
-21
-39
-108
-101
-53
-37
-9
-41
-122
-172
-191
-188
-162
-105
-51
-46
23
32
17
-22
-28
-135
-171
-183
-169
-142
-103
-39
-35
55
82
107
133
143
239
302
343
325
235
123
1
-38
-129
-136
-99
-44
-31
-29
3
-222
-171
-220
-266
-131
-73
-37
-25
46
21
-13
-39
-131
-165
-175
-184
-158
-116
-61
-37
-21
49
84
105
194
277
276
347
403
313
227
143
-6
-41
-123
-107
-46
-43
-22
-18
-39
-149
-185
-202
-175
-124
-53
-28
35
55
37
7
-25
-59
-166
-172
-167
-146
-103
-44
-41
46
106
116
123
197
246
287
347
361
310
215
141
1
-44
-109
-78
-45
-38
-5
-23
-49
-159
-188
-190
-167
-99
-46
-43
36
37
11
-3
-33
-127
-151
-119
-184
-165
-108
-57
-31
35
67
107
136
138
246
305
355
358
293
177
119
-26
-113
-86
-95
-46
-35
-29
-38
-149
-203
-224
-223
-185
-122
-12
20
20
22
-28
-37
-83
-157
-190
-145
-183
-143
-76
-47
-38
39
69
105
133
207
261
315
363
331
254
163
18
-46
-116
-124
-75
-30
-29
-12
-33
-156
-197
-209
-180
-155
-83
-41
-21
46
34
17
-28
-29
-142
-165
-169
-146
-102
-53
-34
43
79
107
132
143
251
308
373
383
326
215
135
-17
-35
-108
-86
-33
-37
5
-27
-44
-165
-203
-217
-166
-113
-41
-33
52
49
19
-13
-47
-120
-166
-170
-171
-129
-73
-39
-23
51
77
122
131
200
254
303
386
355
273
155
27
-32
-124
-139
-77
-49
-27
-22
-44
-157
-205
-227
-209
-169
-99
-39
-31
24
8
-27
-25
-109
-161
-187
-197
-172
-140
-93
-39
-34
58
83
118
133
212
275
338
351
297
207
127
-18
-42
-134
-108
-53
-41
-48
-41
-129
-177
-205
-209
-177
-127
-55
-31
20
36
17
-21
-29
-120
-157
-173
-166
-149
-101
-55
-42
35
84
114
141
218
269
307
368
351
291
180
124
-30
-49
-103
-71
-17
-18
-1
-29
-127
-189
-198
-189
-141
-66
-44
33
48
36
9
-15
-39
-127
-158
-176
-151
-133
-82
-29
27
59
89
135
135
226
276
347
372
334
241
137
-13
-41
-109
-118
-63
-39
-23
-39
-42
-153
-199
-220
-204
-147
-75
-31
-25
35
25
-6
-35
-116
-172
-189
-193
-171
-123
-57
-34
27
63
87
116
132
218
283
353
343
261
161
31
-32
-129
-129
-95
-45
-34
-27
-44
-135
-191
-222
-207
-173
-108
-49
-33
21
41
2
-15
-44
-156
-181
-191
-197
-140
-71
-37
29
70
93
127
143
229
286
361
371
308
191
129
-15
-35
-106
-79
-38
-42
-3
-23
-97
-199
-204
-197
-155
-95
-37
-29
79
52
21
-15
-37
-120
-156
-170
-157
-137
-76
-43
-15
62
99
129
139
225
276
353
386
340
244
145
8
-33
-108
-94
-45
-41
-13
-23
-31
-169
-204
-207
-189
-137
-76
-28
31
42
26
-5
-29
-116
-161
-183
-187
-167
-120
-58
-30
39
69
110
158
141
243
303
355
339
251
147
30
-30
-114
-124
-94
-44
-43
-42
-78
-165
-207
-219
-208
-156
-93
-43
-26
27
11
-17
-37
-124
-158
-194
-191
-189
-146
-81
-31
-15
71
98
123
143
219
281
358
361
307
199
139
-16
-41
-109
-96
-59
-29
-23
-25
-120
-174
-200
-195
-172
-102
-34
-41
52
51
23
-13
-33
-133
-172
-189
-173
-150
-77
-38
7
83
109
135
147
238
294
361
383
322
244
123
20
-37
-86
-93
-42
-37
1
-18
-57
-165
-201
-183
-156
-105
-45
-30
50
57
35
5
-26
-129
-174
-187
-179
-161
-122
-50
-34
39
75
107
131
203
270
331
389
355
263
127
46
-45
-113
-98
-53
-43
-29
-28
-59
-169
-229
-233
-200
-133
-99
-40
1
39
21
-12
-37
-137
-175
-208
-198
-188
-145
-82
-33
-42
45
73
126
139
231
292
359
371
302
201
143
-22
-35
-110
-81
-43
-38
-33
-37
-130
-177
-204
-206
-170
-102
-42
-38
143
66
33
-12
-44
-143
-181
-206
-197
-154
-106
-37
-17
65
77
109
129
223
279
367
411
385
273
163
93
-30
-66
-82
-41
-44
20
-13
-27
-145
-191
-209
-177
-133
-53
-44
43
99
65
10
-27
-37
-161
-188
-176
-169
-123
-66
-33
47
82
107
106
212
251
339
385
383
305
185
118
-17
-31
-108
-71
-28
-11
-26
-34
-149
-204
-214
-210
-145
-93
-39
29
50
45
-7
-27
-105
-177
-204
-220
-204
-172
-108
-57
-39
41
85
115
143
227
291
356
373
299
223
87
-19
-39
-123
-101
-58
-17
-29
-28
-126
-204
-219
-210
-177
-124
-33
-5
51
54
49
-21
-38
-141
-182
-203
-174
-161
-113
-53
-38
47
71
107
139
219
287
383
403
369
283
155
52
-30
-65
-113
-23
-30
11
-17
-48
-153
-191
-204
-177
-116
-43
-12
61
84
57
18
-29
-63
-153
-181
-177
-171
-140
-79
-44
-6
69
146
130
214
263
338
401
405
329
213
138
-13
-42
-97
-73
-54
-41
-6
-28
-140
-214
-214
-215
-221
-83
-41
65
65
10
30
-17
-44
-159
-198
-207
-204
-167
-113
-65
-31
15
51
96
116
178
275
331
415
370
295
162
41
-37
-131
-122
-93
-51
-43
-27
-49
-188
-216
-236
-236
-159
-77
-41
41
52
41
-1
-34
-137
-185
-204
-204
-216
-150
-115
-29
-41
43
83
120
142
253
309
373
395
339
233
141
-11
-38
-101
-99
-35
-27
-5
-30
-124
-182
-229
-218
-158
-103
-31
22
80
67
33
-13
-43
-133
-174
-189
-188
-155
-94
-29
-31
47
87
118
143
230
290
347
414
395
309
193
133
-28
-34
-98
-51
-29
14
-13
-35
-151
-191
-214
-130
-152
-116
-35
51
107
43
-2
-31
-65
-172
-181
-168
-171
-146
-62
-46
-29
50
87
116
127
238
294
369
395
340
244
141
-9
-39
-118
-101
-59
-38
-41
-49
-126
-195
-248
-236
-202
-140
-59
-103
35
38
-5
-26
-41
-145
-181
-195
-201
-175
-127
-54
-76
-26
65
94
130
203
265
340
389
369
295
165
62
-32
-119
-76
-73
-31
14
5
-53
-166
-207
-218
-204
-142
-71
-37
52
78
138
9
-21
-85
-172
-194
-197
-171
-143
-82
-27
-19
52
95
133
162
249
335
402
386
373
251
139
1
-35
-79
-59
-26
-23
1
-17
-97
-181
-207
-194
-159
-81
-42
35
101
59
30
-12
-41
-139
-173
-179
-178
-155
-102
-49
-43
49
67
109
142
235
283
355
401
372
281
164
81
-28
-126
-120
-44
-58
-17
11
-37
-171
-217
-220
-202
-142
-71
-30
50
52
37
-22
-34
-137
-181
-199
-204
-177
-154
-95
-44
-31
25
65
120
139
249
310
370
372
319
227
131
-31
-32
-119
-63
-54
-47
56
-98
-134
-201
-222
-222
-178
-124
-45
-29
54
52
18
-21
-44
-140
-183
-190
-189
-143
-120
-61
-37
-5
69
97
134
211
285
319
395
389
343
202
133
-15
-57
-108
-61
-39
-1
16
-15
-119
-185
-197
-199
-151
-76
-33
46
68
63
53
-37
-37
-138
-166
-175
-181
-157
-81
-44
-22
41
91
116
134
246
285
358
405
372
289
148
119
-17
-43
-82
-53
-33
-7
-15
-26
-165
-218
-233
-209
-146
-65
-33
35
31
4
-2
-41
-109
-236
-197
-223
-172
-206
-19
-38
-46
3
67
111
130
229
291
355
394
354
257
151
15
-41
-120
-113
-75
-34
-18
-18
-57
-177
-217
-246
-220
-155
-76
-39
49
79
37
-10
-18
-130
-158
-205
-197
-183
-73
-1
-35
23
57
99
133
139
271
334
395
419
350
246
148
-15
-35
-93
-74
-34
-21
7
-27
-75
-191
-225
-220
-173
-143
-95
23
67
19
-12
-41
-93
-133
-169
-189
-175
-149
-118
-57
-37
-5
59
107
133
227
283
343
402
419
357
228
138
-11
-27
-93
-79
-31
-28
14
-17
-65
-197
-229
-221
-202
-101
-114
-5
82
116
21
66
-38
-145
-187
-201
-182
-169
-135
-66
-41
9
52
97
133
211
283
355
394
389
308
190
120
-32
-116
-113
-93
-45
-114
-55
-129
-109
-193
-223
-238
-185
-124
-43
-7
83
50
-1
-27
-116
-181
-246
-213
-192
-161
-105
-59
-42
3
69
116
134
226
289
340
409
390
309
179
124
-30
-107
-126
-75
-14
27
-21
-25
-159
-218
-249
-220
-155
-75
-33
55
84
73
-7
5
46
-166
-195
-165
-165
-155
-97
-44
-41
57
129
119
138
241
321
390
342
419
385
203
116
-26
-66
-93
-100
-57
36
20
-56
-141
-201
-226
-211
-167
-78
-33
53
77
70
23
-17
-41
-150
-179
-201
-190
-157
-116
-55
-45
35
84
102
134
239
267
350
370
379
353
180
203
-41
-104
-93
-61
-31
-18
-23
-38
-188
-252
-254
-238
-155
-73
-61
39
49
22
-7
-31
-123
-198
-206
-217
-189
-161
-109
-61
-37
23
77
110
131
217
283
361
411
387
301
167
84
-65
-28
-26
-119
-94
34
13
-34
-156
-215
-232
-215
-157
-75
-33
45
74
43
11
-37
-120
-169
-199
-199
-109
-219
-166
-37
23
95
71
133
139
273
325
399
419
399
287
139
39
-29
-93
-81
-33
-18
25
-3
-21
-160
-221
-229
-198
-126
-41
-17
82
81
52
8
-28
-118
-173
-185
-223
-233
-226
-94
-47
-29
111
98
133
142
267
326
390
419
374
263
143
7
-37
-98
-97
-53
-29
2
-12
-61
-189
-236
-240
-211
-145
-55
-37
42
51
38
-13
-41
-136
-197
-289
-201
-236
-163
-173
-110
-38
49
95
137
139
236
340
397
403
319
212
120
-15
-33
-112
-77
-39
-28
-19
-29
-140
-218
-254
-232
-197
-105
-44
-106
95
37
22
-103
-35
-157
-186
-185
-194
-175
-124
-49
-31
52
83
115
147
235
295
369
411
399
327
195
134
-29
-37
-83
-54
-73
89
-17
-120
-181
-226
-226
-221
-135
-65
-44
52
69
66
15
-15
-61
-163
-192
-191
-183
-155
-97
-41
67
69
70
131
133
265
327
391
449
391
283
61
-17
-12
-79
-37
-45
-33
99
-34
-141
-108
-314
-241
-205
-141
-59
-29
47
53
36
-12
-54
-136
-189
-221
-218
-189
-154
-85
-21
-37
55
99
131
137
249
308
383
404
341
244
156
-19
-38
-108
-116
-57
11
25
-26
-103
-225
-204
-268
-204
-137
-49
-28
31
39
-9
-29
-41
-153
-185
-204
-198
-175
-137
-76
-29
-21
74
116
133
244
309
404
419
443
243
169
138
24
-21
-81
-49
-23
15
-21
-47
-167
-233
-246
-211
-153
-64
-39
53
69
45
-19
-19
-54
-189
-181
-191
-134
-130
-93
-41
-19
75
115
135
222
276
350
419
419
381
337
65
20
-37
-101
-76
-41
-37
-2
-28
-135
-204
-241
-236
-195
-127
-55
-34
42
39
-3
-17
-28
-140
-187
-199
-194
-179
-59
-77
-59
20
70
123
148
227
301
363
415
391
302
174
118
-28
-80
-99
-66
-33
-28
-28
-109
-202
-263
-265
-236
-179
-105
-35
-21
45
10
-15
-37
-139
-184
-215
-211
-193
-153
-35
-37
-33
99
21
116
151
254
315
398
419
372
258
141
-20
-31
-44
-94
-25
1
67
-22
-153
-217
-233
-233
-203
-123
-44
-50
52
14
-34
-45
-34
-113
-124
-140
-137
-156
-109
-44
-28
50
99
120
143
264
338
408
465
409
309
148
131
-37
-37
-58
-37
-21
15
-13
-37
-181
-226
-229
-200
-137
-46
-41
63
63
43
-2
-58
-67
-172
-165
-141
-153
-135
-61
-47
-3
78
109
137
230
281
356
419
411
339
217
141
5
-37
-99
-64
-37
-21
-23
-43
-162
-220
-257
-236
-181
-109
-34
-12
68
25
-5
-45
-145
-200
-220
-219
-195
-124
-108
-60
-28
-29
64
118
101
263
335
415
419
369
246
130
-23
-34
-119
-97
-37
-23
-11
-35
-166
-221
-269
-241
-191
-115
-37
-25
73
54
21
-17
-44
-151
-192
-219
-230
-172
-122
-41
-29
62
94
122
123
240
307
403
463
399
303
181
122
-28
-37
-83
-31
-29
31
-11
-35
-166
-209
-202
-201
-145
-54
-27
67
63
46
-9
-31
-110
-163
-198
-215
-166
-124
-58
-33
36
82
116
147
246
305
378
419
402
314
179
135
-14
-31
-76
-47
-29
-21
-27
-82
-187
-236
-226
-204
-137
-58
-50
65
49
41
1
-49
-113
-199
-209
-222
-187
-141
-83
-42
-28
53
100
131
231
291
367
419
401
289
161
43
-30
-65
-53
-44
-37
-15
-31
-130
-208
-268
-253
-216
-139
-30
-37
53
71
35
-15
-37
-138
-197
-215
-205
-186
-135
-55
-33
-28
56
107
141
227
290
359
419
419
335
212
111
-21
-29
-68
-39
-34
24
-11
-43
-161
-204
-219
-195
-128
-53
-44
61
83
52
11
-35
-111
-165
-187
-191
-174
-120
-6
-28
40
83
119
145
246
315
395
419
419
319
198
131
-13
-38
-41
-29
-26
20
-22
-42
-187
-221
-233
-197
-131
-39
-18
87
75
45
-14
-40
-147
-189
-206
-204
-202
-141
-76
-41
-40
55
95
163
227
291
363
419
404
318
190
127
-28
-58
-83
-57
-37
-5
-29
-38
-194
-245
-253
-226
-161
-75
-33
33
54
20
-21
-19
-123
-182
-217
-214
-185
-162
-97
-35
-41
59
114
143
212
276
347
404
395
319
186
131
-14
-28
-61
-33
-41
2
-23
-35
-178
-233
-229
-188
-133
-53
-28
65
67
33
-6
-34
-135
-172
-205
-193
-172
-131
-57
-47
51
90
124
147
241
314
386
419
403
310
185
138
3
-19
-44
-23
41
-14
-15
-23
-178
-221
-214
-177
-108
-41
-10
85
71
29
-12
-39
-149
-195
-203
-202
-160
-137
-80
-28
15
94
120
159
241
303
379
419
395
277
161
63
-28
-38
-65
-44
-21
6
-27
-129
-209
-245
-233
-197
-134
-46
-42
52
36
16
-25
-59
-169
-186
-236
-214
-181
-136
-72
-39
-1
81
116
146
238
319
394
394
345
244
138
3
-42
-57
-45
-37
17
-10
-37
-152
-231
-251
-249
-185
-93
-54
38
55
58
17
-27
-73
-173
-199
-213
-201
-157
-98
-45
-39
59
102
127
182
277
342
410
419
356
244
134
-7
-25
-34
-31
13
35
-7
-31
-137
-228
-236
-220
-140
-47
-44
59
55
63
21
-15
-54
-161
-201
-203
-179
-142
-77
-31
27
79
116
139
223
279
363
418
419
339
219
131
3
-33
-42
-35
-29
18
-9
-44
-175
-233
-241
-209
-142
-70
-37
51
83
52
-23
-47
-145
-171
-229
-210
-166
-141
-76
-44
-17
65
111
133
223
273
347
417
354
276
161
107
-13
-28
-93
-41
-15
-25
-13
-135
-191
-249
-243
-203
-140
-64
-33
46
59
30
-11
-54
-154
-221
-220
-214
-181
-111
-51
-12
63
99
114
135
231
306
402
419
373
277
145
43
-26
-47
-46
-58
34
26
-15
-134
-194
-236
-222
-175
-108
-35
39
79
73
26
-13
-44
-162
-194
-205
-187
-151
-74
-44
43
73
113
137
177
277
345
419
419
371
254
133
9
-27
-26
-53
-33
4
-11
-53
-170
-231
-236
-218
-157
-82
-29
33
43
29
-5
-32
-154
-175
-206
-206
-185
-139
-66
-42
39
84
118
137
225
319
387
411
379
267
145
129
-28
-39
-71
-31
-39
-2
-28
-156
-222
-246
-254
-218
-142
-65
-37
22
25
-12
-22
-113
-179
-206
-219
-204
-167
-124
-38
-44
43
90
123
129
246
319
393
404
340
243
138
19
-28
-43
-48
-42
20
-7
-43
-167
-233
-246
-220
-167
-76
-44
31
64
39
1
-43
-124
-189
-211
-217
-187
-124
-37
-41
52
99
123
153
235
312
404
449
407
313
191
134
-5
-30
-28
-28
37
17
-25
-118
-204
-248
-210
-193
-118
-39
-21
75
62
23
1
-33
-153
-220
-210
-207
-133
-81
-26
-3
70
107
128
133
259
339
411
411
350
230
133
3
-33
-29
-41
-28
17
-29
-41
-178
-240
-259
-236
-174
-95
-37
-18
34
15
-18
-29
-162
-185
-230
-219
-175
-153
-58
-37
50
83
109
134
221
303
379
382
366
267
143
26
-30
-44
-50
-18
-33
-6
-44
-174
-227
-267
-249
-194
-109
-42
-23
41
34
3
-33
-93
-182
-225
-223
-204
-167
-63
-13
33
98
122
149
215
299
371
419
414
325
228
124
-12
-21
-31
-39
41
35
-12
-31
-195
-236
-236
-204
-140
-44
-30
71
43
26
-15
-37
-153
-205
-211
-203
-157
-93
-31
41
67
106
131
143
258
340
411
446
379
266
136
20
-15
-37
-50
-39
20
-7
-29
-175
-241
-268
-243
-183
-108
-39
-10
39
29
-6
-44
-139
-172
-225
-233
-194
-141
-76
-31
40
84
116
143
217
282
372
411
379
291
161
115
-28
-34
-75
-32
-41
-12
-31
-140
-229
-254
-268
-220
-137
-61
-34
54
21
-19
-27
-133
-179
-219
-230
-203
-166
-99
-37
-27
74
102
137
139
262
339
419
419
366
243
148
5
-39
-41
-47
-35
20
-12
-39
-183
-239
-236
-225
-156
-93
-31
51
65
39
-1
-33
-140
-190
-198
-212
-154
-83
-27
-45
50
111
120
134
246
326
414
453
407
313
181
138
-13
-33
-43
-29
39
18
-13
-137
-228
-261
-249
-202
-124
-43
-6
55
49
19
-28
-107
-175
-213
-210
-204
-163
-93
-37
-12
75
104
137
143
275
347
414
407
361
239
138
7
-12
-46
-44
-37
3
-31
-31
-194
-249
-254
-277
-159
-93
-41
-41
39
11
-17
-35
-165
-210
-236
-233
-214
-140
-67
-50
11
52
115
139
231
299
375
419
394
298
171
120
-9
-28
-42
-29
-14
8
-27
-152
-230
-263
-246
-213
-137
-55
-34
29
50
8
-27
-98
-171
-209
-219
-204
-163
-80
-33
25
73
116
137
213
283
357
419
419
366
251
146
11
-26
-15
-31
13
35
-6
-34
-188
-233
-223
-233
-141
-44
-55
45
66
49
20
-37
-138
-187
-206
-215
-178
-118
-56
-26
61
105
133
141
241
325
403
419
419
305
178
149
-12
-28
-46
-40
-44
-12
-44
-140
-218
-263
-249
-213
-145
-54
-35
45
62
7
-27
-127
-189
-229
-233
-217
-167
-102
-53
-27
59
89
146
134
249
315
403
405
345
245
135
7
-29
-76
-67
-39
-21
-19
-43
-173
-236
-257
-236
-191
-111
-47
-32
45
25
-6
-45
-163
-191
-230
-217
-200
-137
-75
-42
39
86
147
158
222
261
369
419
405
343
231
139
-5
-13
-45
-44
-22
30
-12
-37
-172
-249
-246
-217
-147
-65
-26
59
73
35
-17
-42
-141
-172
-192
-189
-189
-111
-53
-31
52
82
116
135
246
331
394
455
419
336
194
135
-19
-17
-43
-29
7
22
-12
-41
-207
-241
-258
-219
-145
-66
-44
53
57
25
-27
-31
-151
-188
-236
-208
-204
-139
-51
-42
52
87
120
135
229
301
387
415
383
295
150
42
-21
-25
-100
-43
-58
-17
-29
-147
-223
-245
-262
-233
-142
-67
-35
31
37
14
-25
-130
-202
-222
-226
-233
-171
-122
-33
-31
59
99
131
147
264
328
408
455
363
275
148
13
-27
-43
-45
-43
31
3
-28
-165
-236
-268
-239
-172
-103
-59
27
61
22
-7
-33
-127
-175
-201
-209
-187
-124
-62
-48
41
88
122
137
230
291
355
451
451
357
239
143
-11
-29
-25
-34
21
37
1
-37
-177
-245
-268
-253
-172
-99
-17
73
57
37
-15
-30
-143
-198
-219
-218
-177
-134
-38
-21
40
66
111
116
227
293
391
419
415
310
173
147
-10
-39
-59
-44
-18
20
-41
-44
-229
-271
-271
-236
-169
-50
-45
33
36
7
-15
-101
-185
-236
-248
-236
-204
-134
-58
-31
36
71
115
143
236
295
373
419
386
287
148
22
-31
-33
-53
-30
-22
3
-10
-167
-246
-278
-249
-194
-129
-38
-16
55
45
3
-39
-109
-173
-206
-209
-188
-153
-86
-30
-29
65
103
133
139
265
335
419
419
381
263
136
20
-23
-37
-37
-25
17
26
-22
-137
-210
-233
-241
-172
-95
-43
52
74
39
-8
-46
-130
-174
-209
-204
-185
-140
-80
-55
-27
58
114
126
210
281
371
448
417
327
214
132
-11
-29
-76
-41
-30
27
-12
-30
-203
-252
-261
-241
-171
-77
-45
52
61
39
-11
-41
-178
-223
-236
-233
-209
-156
-78
-21
-28
67
98
131
147
262
340
399
394
299
183
129
7
-53
-66
-31
-30
6
-12
-44
-202
-261
-265
-225
-179
-83
-35
38
35
34
-17
-27
-149
-202
-233
-207
-181
-135
-50
-35
67
106
120
133
236
298
399
419
395
271
143
31
-2
-29
-30
-27
26
11
-24
-130
-213
-252
-229
-201
-107
-43
19
74
67
21
-23
-58
-153
-205
-213
-189
-142
-75
-29
25
87
136
127
231
274
351
419
407
343
226
159
10
-29
-33
-40
-19
35
-19
-35
-182
-239
-249
-219
-134
-73
-41
52
58
41
-16
-35
-139
-191
-246
-233
-220
-143
-64
-28
26
74
115
131
207
282
370
403
387
276
148
49
-19
-44
-71
-39
-30
3
-41
-151
-222
-268
-259
-215
-136
-41
-40
46
39
1
-25
-108
-182
-209
-236
-221
-177
-118
-44
-44
52
84
119
135
228
308
391
407
371
249
148
22
-21
-43
-48
-37
37
2
-29
-155
-225
-253
-231
-179
-118
-24
46
101
63
18
-21
-150
-172
-222
-229
-179
-137
-61
-30
-11
59
91
137
225
305
393
465
419
323
212
133
18
-29
-33
-28
39
22
-15
-39
-204
-245
-246
-205
-140
-54
-28
67
78
46
-11
-44
-151
-224
-219
-223
-192
-143
-61
-41
42
85
116
131
203
282
371
419
390
309
180
113
-11
-15
-59
-41
-41
0
-13
-101
-209
-259
-254
-227
-153
-64
-29
20
39
-14
-12
-63
-170
-204
-235
-222
-191
-149
-57
-27
33
84
115
133
195
277
372
398
359
273
147
31
-21
-30
-59
-33
-23
3
-18
-133
-202
-265
-226
-193
-114
-21
-28
61
57
20
-33
-94
-172
-201
-214
-191
-163
-107
-29
-38
84
110
131
135
259
340
409
419
368
245
147
31
-27
-44
-43
14
37
18
-28
-161
-219
-246
-221
-159
-76
-34
57
79
58
21
-43
-86
-172
-205
-208
-201
-124
-73
-53
58
54
101
116
131
267
353
411
419
351
238
127
1
-28
-42
-29
-48
15
-6
-37
-171
-236
-241
-231
-177
-97
-37
21
51
31
-11
-41
-142
-190
-238
-220
-191
-153
-101
-28
-18
73
97
119
139
267
343
395
395
315
206
130
-12
-46
-61
-43
-57
-6
-30
-59
-209
-253
-263
-221
-163
-76
-31
34
54
35
-15
-43
-156
-214
-214
-220
-187
-137
-69
-34
35
71
114
137
209
295
373
419
394
308
182
135
-13
-44
-35
-29
24
23
-38
-55
-201
-246
-246
-197
-113
-46
-43
74
61
39
-5
-37
-127
-190
-204
-183
-166
-110
-44
-43
89
113
108
139
244
312
418
419
417
323
162
123
-12
-33
-43
-40
36
20
-25
-142
-217
-243
-241
-186
-124
-45
-21
53
51
15
-10
-59
-173
-211
-225
-204
-167
-108
-48
-33
55
97
131
137
240
311
386
419
369
272
139
13
-34
-62
-71
-33
-17
-9
-32
-171
-235
-273
-246
-189
-139
-54
-38
52
23
1
-29
-149
-192
-236
-239
-218
-158
-99
-33
-40
49
88
126
131
261
319
419
419
347
231
161
-9
-29
-44
-39
-60
31
-6
-38
-183
-235
-258
-238
-168
-76
-42
42
59
55
5
-44
-139
-170
-207
-189
-165
-139
-70
-34
53
84
122
135
218
279
371
419
419
355
239
145
-1
-29
-38
-39
1
37
-5
-50
-167
-219
-239
-226
-156
-65
-37
67
71
39
-5
-17
-158
-198
-214
-217
-187
-140
-74
-39
17
73
105
135
153
280
371
419
403
309
193
147
-26
-37
-82
-49
-40
22
-28
-107
-217
-261
-262
-233
-161
-81
-45
27
55
5
-43
-30
-173
-221
-236
-233
-203
-145
-85
-30
-21
58
99
135
145
263
366
419
398
307
180
130
-18
-43
-61
-29
19
38
-14
-29
-183
-251
-261
-208
-145
-47
-33
70
84
51
-6
-31
-157
-204
-214
-192
-156
-113
-44
-33
51
85
116
119
230
309
401
451
415
323
180
129
-21
-35
-40
-43
41
35
-21
-44
-198
-257
-238
-217
-139
-39
-15
83
67
33
-18
-41
-161
-203
-204
-203
-168
-109
-45
-37
42
74
106
147
251
307
415
419
391
299
151
37
-21
-42
-46
-39
16
7
-21
-156
-221
-263
-249
-218
-150
-50
-13
61
54
15
-32
-94
-169
-210
-222
-202
-172
-119
-50
-37
31
71
109
120
231
313
387
417
367
270
138
6
-25
-28
-61
-28
20
-12
-18
-152
-224
-269
-262
-207
-131
-39
-33
59
51
11
-26
-126
-177
-206
-231
-214
-158
-99
-44
-43
35
79
116
131
239
305
402
419
382
274
139
34
-15
-33
-45
-37
31
19
-21
-131
-219
-254
-241
-172
-113
-33
-10
85
52
15
-27
-79
-174
-172
-190
-175
-156
-103
-33
-28
59
115
136
128
291
347
414
415
359
276
145
10
-17
-33
-31
-38
22
-11
-43
-167
-231
-256
-236
-189
-101
-33
-8
38
36
-7
-30
-140
-189
-214
-215
-206
-156
-93
-44
-30
52
87
130
138
246
355
419
402
318
212
145
-5
-33
-78
-56
-35
15
-15
-44
-208
-269
-281
-253
-185
-103
-40
-14
52
25
-15
-37
-153
-205
-222
-220
-183
-145
-81
-21
-15
61
95
130
148
275
367
411
390
308
180
135
-12
-39
-22
-39
-12
25
-21
-57
-204
-249
-251
-202
-143
-49
-41
65
65
37
-19
-44
-145
-195
-205
-197
-157
-107
-49
-28
73
101
123
116
251
326
405
419
393
259
161
83
-15
-28
-45
5
50
8
-38
-141
-230
-253
-229
-172
-97
-33
29
73
65
9
-26
-97
-175
-204
-206
-191
-158
-85
-44
-17
79
101
123
148
223
325
395
418
351
241
145
9
-14
-37
-49
-30
17
-9
-33
-172
-233
-261
-245
-189
-108
-31
-15
45
31
-5
-44
-153
-201
-226
-219
-191
-158
-85
-26
-12
63
84
116
138
259
347
398
384
287
177
134
-15
-27
-69
-47
-33
13
-22
-124
-204
-239
-240
-215
-157
-78
-38
45
69
34
-12
-33
-166
-203
-222
-203
-176
-120
-41
-43
52
99
116
149
228
306
386
419
377
273
163
75
-17
-44
-41
-12
39
11
-14
-142
-211
-245
-224
-178
-96
-46
59
84
67
32
-29
-34
-154
-191
-197
-186
-140
-78
-28
-5
65
102
129
133
233
323
404
419
359
251
143
13
-27
-33
-45
-31
39
-5
-33
-172
-209
-259
-231
-188
-97
-28
53
82
40
-5
-23
-149
-198
-229
-218
-175
-151
-81
-45
-41
52
77
130
138
254
337
404
383
299
187
132
-13
-41
-53
-53
-30
-12
-23
-126
-220
-269
-254
-226
-159
-78
-31
65
51
20
-13
-44
-156
-202
-214
-204
-179
-135
-73
-43
23
75
95
135
135
271
362
409
387
303
185
134
-14
-35
-27
-29
0
39
-23
-104
-199
-223
-230
-198
-134
-44
-31
57
68
35
-15
-37
-123
-175
-183
-178
-149
-102
-28
-42
53
101
118
135
259
308
395
417
387
281
155
116
-17
-41
-35
-29
27
-17
-26
-138
-204
-245
-215
-185
-128
-37
-15
71
63
17
-23
-119
-170
-204
-204
-185
-150
-85
-29
-22
52
85
116
143
233
315
404
383
334
233
113
27
-45
-13
-44
-29
6
-13
-44
-183
-241
-267
-245
-190
-111
-41
-23
52
41
-17
-28
-151
-190
-213
-213
-195
-127
-83
-55
-25
53
79
116
144
261
355
400
387
297
169
133
-12
-39
-49
-12
-13
19
-12
-45
-202
-240
-252
-230
-161
-57
-44
73
53
10
-38
-23
-143
-175
-201
-183
-156
-98
-37
-13
31
87
116
144
241
338
403
419
374
287
151
119
3
-33
-33
8
38
14
-17
-143
-207
-241
-221
-172
-97
-38
43
81
59
20
-25
-39
-157
-186
-202
-172
-139
-76
-38
2
55
99
131
142
251
350
415
411
343
243
135
7
-27
-46
-33
-15
21
-16
-44
-189
-245
-262
-236
-182
-82
-42
36
59
11
2
-42
-129
-191
-221
-210
-185
-172
-93
-63
-45
45
82
128
134
251
331
391
366
302
164
171
-17
-38
-42
-25
-39
-6
-29
-136
-211
-248
-238
-219
-141
-53
-45
54
66
26
-16
-44
-157
-189
-204
-174
-163
-115
-60
-28
33
75
104
133
139
276
362
409
385
305
167
135
-10
-25
-39
-31
37
17
-24
-44
-193
-236
-223
-192
-116
-34
-27
73
71
34
-13
-41
-124
-174
-179
-174
-102
-76
-28
-30
28
82
87
131
229
308
399
407
358
251
145
36
-21
-33
-38
-21
33
-3
-25
-169
-221
-243
-235
-189
-119
-32
-43
52
45
8
-15
-108
-170
-203
-213
-173
-124
-65
-45
-33
67
69
116
130
223
294
373
381
327
225
126
-10
-32
-38
-45
-44
5
-13
-37
-182
-241
-267
-229
-197
-108
-42
-17
75
25
5
-26
-140
-188
-206
-194
-183
-141
-76
-31
-31
36
94
119
147
249
341
401
387
314
203
145
-5
-23
-37
-40
22
36
-27
-42
-177
-236
-249
-211
-161
-58
-33
63
75
43
-3
-37
-133
-162
-185
-173
-149
-101
-44
-42
59
88
115
131
214
283
369
415
374
298
183
133
-5
-30
-29
-27
26
3
-41
-123
-207
-236
-238
-198
-135
-44
-42
63
59
21
-14
-44
-155
-188
-203
-185
-146
-108
-28
-25
52
69
110
126
180
287
373
391
353
277
142
31
-28
-50
-46
-33
39
-9
-42
-175
-236
-269
-252
-198
-124
-59
-31
52
37
-6
-27
-139
-182
-207
-213
-193
-150
-93
-41
-28
41
64
111
141
223
308
371
385
317
227
139
-7
-34
-38
-42
-29
-2
-17
-38
-181
-236
-254
-233
-183
-94
-28
43
68
41
-1
-41
-133
-186
-192
-182
-154
-116
-44
-29
31
70
89
131
142
251
361
399
402
317
212
138
9
-25
-39
-22
35
36
-12
-45
-169
-215
-236
-219
-139
-53
-43
51
71
52
-3
-37
-140
-174
-193
-187
-157
-98
-46
-31
47
71
102
110
137
267
343
404
373
291
182
131
-9
-37
-44
-29
3
4
-17
-123
-201
-249
-251
-225
-156
-71
-58
46
43
18
-15
-35
-163
-197
-216
-203
-172
-109
-50
-39
15
53
95
116
137
249
342
387
355
282
167
80
-22
-70
-73
-37
-34
-6
-37
-144
-215
-249
-236
-219
-147
-54
-28
51
54
26
-15
-44
-157
-195
-199
-175
-138
-102
-40
-33
47
79
107
129
155
269
371
405
372
287
162
116
-12
-31
-33
-31
35
19
-16
-114
-197
-238
-235
-199
-113
-41
-15
65
67
25
-22
-30
-141
-172
-178
-162
-130
-31
-28
-23
55
85
123
148
218
290
394
404
358
269
159
75
-12
-34
-30
-35
21
-2
-28
-140
-204
-241
-236
-203
-133
-58
-23
57
52
23
-12
-56
-150
-189
-187
-176
-141
-93
-45
-38
37
73
99
143
145
275
358
403
347
261
124
19
-29
-39
-63
-41
-31
-17
-40
-163
-236
-267
-249
-217
-140
-63
-28
53
31
-1
-28
-120
-169
-206
-202
-177
-146
-81
-33
-30
45
66
87
133
199
293
371
389
343
243
134
18
-21
-31
-51
-28
19
-7
-42
-145
-222
-251
-226
-187
-119
-33
-14
59
55
19
-17
-29
-153
-187
-176
-155
-124
-51
-41
39
77
103
129
143
241
323
398
410
353
243
135
9
-26
-28
-30
3
20
-7
-45
-151
-206
-240
-233
-181
-106
-41
-18
73
42
7
-34
-119
-158
-193
-185
-159
-124
-77
-32
-14
51
84
115
133
230
307
379
391
333
222
139
7
-29
-38
-47
-29
11
-23
-33
-181
-241
-261
-246
-196
-120
-39
-44
42
36
-1
-41
-149
-173
-213
-219
-172
-137
-74
-37
-29
46
77
102
127
223
305
369
387
322
213
133
-6
-31
-32
-41
-37
13
-14
-33
-186
-225
-241
-213
-170
-97
-45
19
56
40
2
-37
-122
-159
-187
-185
-156
-115
-50
-33
35
71
99
120
146
251
335
399
402
335
230
135
5
-23
-28
-28
26
40
-5
-35
-173
-232
-236
-218
-162
-81
-30
41
83
51
5
-17
-124
-165
-173
-172
-153
-108
-50
-30
20
52
84
126
133
244
331
389
386
318
197
139
-45
-27
-41
-33
-33
15
-28
-39
-204
-241
-268
-236
-182
-106
-39
25
51
27
-1
-44
-141
-187
-204
-193
-169
-124
-74
-39
-31
45
69
100
135
222
315
376
379
308
199
149
-14
-41
-71
-30
-44
13
-16
-42
-190
-246
-258
-236
-179
-98
-43
21
62
39
-6
-38
-137
-179
-197
-183
-145
-120
-57
-44
26
75
91
120
139
254
340
402
390
314
195
135
1
-39
-43
-37
1
17
-15
-39
-172
-233
-236
-221
-146
-73
-43
59
83
59
8
-29
-129
-161
-177
-168
-143
-77
-40
-29
35
59
99
138
148
283
355
413
387
309
184
142
-12
-27
-29
-41
25
19
-25
-76
-197
-258
-261
-235
-162
-76
-39
52
58
30
-7
-34
-151
-185
-191
-193
-124
-85
-53
-41
20
58
90
116
135
266
338
373
341
283
149
55
-33
-40
-69
-37
-46
-5
-36
-144
-223
-261
-264
-223
-161
-74
-35
41
45
21
-29
-32
-163
-193
-206
-173
-140
-104
-41
-39
27
54
99
131
139
281
370
403
362
275
148
41
-26
-35
-32
-31
19
5
-28
-140
-217
-249
-241
-202
-140
-47
-28
74
71
37
-17
-44
-155
-172
-182
-159
-111
-69
-38
35
63
90
116
135
254
322
391
419
367
276
147
43
-11
-33
-38
3
29
-7
-30
-157
-220
-245
-230
-188
-111
-29
17
75
67
19
-12
-97
-171
-187
-176
-156
-120
-63
-41
-9
51
76
113
134
228
320
401
387
321
215
141
2
-31
-43
-34
-27
6
-13
-39
-202
-261
-274
-246
-200
-113
-45
-30
67
35
-17
-58
-140
-193
-205
-203
-172
-124
-74
-37
-29
45
82
106
135
244
331
387
377
307
181
143
-10
-30
-31
-41
-38
4
-31
-112
-202
-254
-262
-225
-172
-76
-39
48
53
31
-14
-25
-136
-173
-185
-162
-133
-80
-39
-44
39
75
100
126
138
273
351
406
361
287
168
130
-14
-17
-35
0
27
14
-27
-124
-204
-246
-236
-193
-124
-39
-28
64
75
35
-5
-44
-145
-172
-181
-159
-138
-70
-32
-21
46
77
103
139
212
293
377
402
358
257
133
10
-29
-35
-41
-28
21
-11
-37
-171
-238
-253
-241
-197
-120
-44
-29
49
36
0
-29
-116
-173
-193
-194
-159
-138
-87
-38
-33
37
58
94
131
203
305
372
372
305
214
148
-6
-34
-73
-44
-39
1
-28
-32
-201
-258
-268
-243
-174
-104
-38
-8
61
35
1
-31
-137
-191
-193
-184
-155
-101
-49
-37
21
52
78
115
142
259
343
419
394
327
195
137
-12
-28
-42
-29
33
9
-22
-35
-197
-241
-249
-218
-150
-55
-15
65
73
45
3
-41
-124
-165
-173
-156
-118
-79
-45
-41
49
89
106
141
201
295
363
405
363
286
155
126
-12
-12
-40
-27
25
3
-21
-145
-213
-245
-249
-210
-140
-61
-30
59
63
20
-22
-14
-159
-190
-190
-173
-129
-81
-44
-26
26
65
85
120
148
290
383
393
339
233
137
-3
-29
-33
-47
-29
-15
-9
-44
-181
-233
-277
-273
-213
-124
-42
-31
31
21
-6
-37
-124
-169
-209
-204
-171
-122
-71
-29
-29
52
84
122
144
238
331
387
373
309
200
138
-11
-31
-31
-37
-22
15
-13
-43
-194
-249
-261
-220
-156
-69
-33
54
67
39
-14
-29
-140
-172
-202
-161
-123
-81
-16
-31
45
85
107
130
218
297
379
411
374
286
159
118
-9
-33
-34
10
30
8
-21
-146
-217
-236
-233
-203
-143
-44
-21
69
55
11
-17
-37
-157
-191
-187
-161
-118
-70
-46
-13
47
79
116
133
230
315
386
386
318
212
142
-9
-33
-40
-53
-39
10
-26
-45
-201
-246
-266
-241
-188
-102
-34
-5
52
23
-2
-29
-143
-193
-202
-194
-165
-122
-69
-29
-12
50
69
116
147
246
337
383
357
276
157
101
-15
-31
-49
-46
-29
-12
-18
-140
-201
-251
-246
-226
-139
-53
-29
42
67
34
-12
-29
-149
-187
-182
-165
-129
-70
-42
-38
52
66
99
127
197
307
395
403
353
251
137
23
-14
-34
-38
20
43
9
-19
-149
-205
-257
-229
-187
-95
-39
44
79
70
36
-25
-42
-156
-183
-165
-174
-95
-44
-44
23
61
87
116
146
249
349
395
390
315
207
139
-2
-28
-29
-33
-12
9
-12
-97
-193
-257
-254
-227
-174
-71
-42
51
63
35
-12
-39
-156
-193
-204
-187
-157
-101
-44
-30
3
39
66
111
135
259
347
374
353
254
142
19
-30
-29
-44
-40
-12
-10
-29
-160
-236
-263
-252
-209
-129
-76
-29
59
52
17
-25
-93
-167
-209
-204
-166
-120
-67
-44
-19
36
72
102
138
222
309
387
395
338
219
137
5
-23
-40
-38
15
20
-3
-39
-167
-220
-246
-235
-173
-79
-35
59
86
68
26
-25
-102
-158
-182
-169
-134
-95
-41
-27
43
58
93
135
142
254
339
419
404
331
206
147
0
-28
-28
-31
22
19
-25
-37
-194
-236
-252
-213
-153
-76
-35
50
57
31
-6
-37
-134
-174
-169
-172
-147
-109
-58
-43
21
64
89
129
146
261
353
385
355
257
149
25
-29
-29
-48
-38
-23
-21
-42
-169
-236
-274
-268
-220
-145
-59
-55
35
38
9
-27
-123
-154
-204
-195
-182
-140
-81
-37
-37
35
69
98
127
212
309
363
382
315
215
135
-2
-28
-34
-44
-28
11
-17
-44
-189
-238
-263
-236
-174
-77
-29
39
75
64
11
-28
-133
-170
-187
-183
-140
-98
-44
-34
45
68
89
127
137
262
358
419
394
309
193
129
-11
-31
-29
-13
30
20
-13
-47
-199
-243
-245
-207
-140
-61
-29
58
67
33
-16
-33
-138
-172
-180
-169
-140
-93
-35
-37
55
67
95
135
159
294
372
387
343
275
143
21
-11
-40
-57
-30
3
-17
-47
-167
-240
-268
-254
-204
-120
-47
-32
53
33
4
-38
-126
-177
-203
-199
-172
-124
-76
-42
-37
33
53
103
122
222
308
375
369
299
180
131
-25
-31
-29
-44
-38
13
-29
-126
-213
-257
-261
-238
-157
-74
-29
46
59
36
-9
-27
-133
-177
-188
-169
-137
-93
-29
-42
37
65
93
127
166
275
347
409
371
285
171
143
-14
-30
-37
-13
35
9
-22
-145
-206
-239
-239
-187
-113
-42
-17
71
77
46
-13
-44
-145
-181
-177
-165
-111
-65
-42
-13
39
62
102
131
211
308
393
410
343
249
139
31
-15
-43
-33
-33
2
-9
-41
-175
-238
-266
-239
-186
-107
-37
-22
66
51
-2
-25
-116
-169
-187
-186
-159
-123
-55
-29
-24
36
57
105
133
215
308
377
373
305
183
136
-21
-38
-79
-45
-37
-12
-21
-129
-214
-268
-261
-241
-171
-86
-34
31
52
27
-13
-34
-142
-181
-181
-182
-142
-108
-47
-42
23
53
82
120
133
270
354
398
362
274
163
116
-12
-33
-34
-39
9
1
-28
-153
-219
-172
-210
-246
-59
-50
54
140
71
40
-9
-42
-135
-157
-173
-150
-113
-49
-39
31
41
71
107
142
229
309
399
414
369
246
128
27
-12
-15
-37
18
32
-5
-41
-169
-236
-251
-233
-193
-101
-41
23
59
59
19
-37
-105
-166
-201
-181
-189
-110
-55
-44
5
52
71
111
141
239
331
390
372
309
184
143
-11
-35
-30
-38
-32
-9
-29
-134
-208
-268
-268
-236
-173
-77
-22
37
49
35
-22
-42
-149
-181
-205
-188
-150
-108
-45
-42
20
37
71
119
139
257
354
399
371
270
149
34
-12
-34
-37
-39
25
4
-33
-157
-223
-259
-240
-206
-139
-45
-15
63
73
21
-15
-39
-150
-170
-179
-160
-120
-76
-34
-19
42
65
95
133
223
302
395
419
363
258
148
35
-15
-30
-23
25
36
6
-23
-168
-221
-240
-231
-170
-100
-41
45
75
53
19
-11
-37
-153
-165
-169
-143
-109
-59
-43
-13
52
84
111
135
241
319
375
387
321
210
137
3
-34
-33
-34
1
5
-15
-51
-194
-261
-268
-233
-167
-80
-51
33
55
36
-19
-44
-150
-173
-194
-183
-160
-123
-64
-37
-29
34
65
101
142
230
339
398
370
299
169
116
-10
-40
-62
-41
-25
0
-30
-137
-207
-257
-269
-236
-158
-75
-37
52
67
41
1
-45
-130
-174
-188
-181
-141
-97
-33
-41
37
52
84
116
124
263
349
403
378
291
163
137
-13
-37
-28
-24
37
18
-12
-99
-205
-238
-236
-198
-123
-33
-42
68
65
51
7
-35
-113
-155
-172
-143
-119
-71
-35
-45
51
89
106
131
209
295
373
395
362
259
139
43
-18
-28
-42
-21
20
-1
-42
-156
-225
-254
-239
-190
-113
-33
-15
53
53
7
-17
-66
-165
-190
-183
-163
-129
-70
-32
-27
27
52
77
124
137
291
369
379
331
222
139
-9
-33
-58
-45
-39
-3
-1
-34
-189
-251
-268
-236
-194
-108
-43
-18
56
43
-1
-28
-123
-171
-187
-186
-151
-118
-71
-41
-28
41
52
96
126
229
309
391
385
326
221
132
3
-33
-41
-50
22
19
-7
-44
-181
-235
-246
-222
-168
-82
-38
54
67
59
22
-26
-33
-156
-169
-161
-139
-98
-44
-33
39
62
85
127
143
259
331
393
399
339
223
133
-1
-22
-41
-21
34
21
-15
-45
-189
-233
-249
-232
-156
-73
-39
53
65
51
3
-33
-123
-171
-178
-172
-140
-107
-51
-34
15
47
67
109
147
239
334
382
375
295
182
145
-16
-34
-65
-41
-35
9
-17
-113
-198
-254
-262
-256
-178
-93
-44
29
52
27
-12
-41
-139
-203
-197
-187
-165
-107
-51
-33
-6
39
70
114
137
243
337
409
372
291
174
133
-18
-32
-44
-33
-5
-5
-23
-139
-213
-251
-249
-219
-156
-49
-34
52
63
31
-12
-37
-134
-167
-177
-159
-133
-94
-34
-44
43
59
113
122
212
285
362
403
371
279
165
119
-14
-21
-27
-1
43
20
-23
-142
-208
-246
-229
-188
-119
-43
-14
78
63
52
-16
-43
-141
-185
-172
-165
-131
-66
-33
-17
50
67
99
123
191
291
371
399
347
244
150
20
-12
-37
-28
-39
14
-8
-29
-165
-241
-273
-263
-175
-140
-39
-25
52
43
9
-31
-120
-178
-195
-195
-172
-133
-71
-43
-29
-12
52
86
130
147
279
363
370
311
195
139
-6
-39
-47
-44
-43
10
-43
-44
-209
-245
-254
-236
-172
-93
-45
14
59
43
4
-33
-124
-161
-181
-182
-151
-108
-51
-27
29
52
75
119
138
262
333
389
381
295
187
139
-13
-35
-41
-28
23
19
-23
-41
-189
-231
-236
-204
-141
-49
-42
77
69
82
-1
-12
-116
-163
-178
-161
-137
-75
-35
-83
36
67
91
131
134
274
359
393
362
271
154
90
-27
-28
-53
-27
16
5
-22
-145
-218
-249
-241
-204
-129
-44
-27
69
69
23
-21
-37
-146
-185
-181
-166
-108
-81
-28
-37
21
47
79
130
139
271
342
374
324
231
139
3
-33
-34
-45
-34
-21
-44
-43
-183
-246
-266
-249
-197
-127
-42
-28
50
38
10
-21
-74
-167
-186
-187
-159
-131
-80
-42
-37
37
67
91
126
214
291
369
373
314
212
136
-5
-31
-28
-39
-19
15
-12
-21
-174
-235
-246
-215
-161
-72
-41
54
79
65
20
-17
-47
-165
-178
-165
-139
-101
-44
-31
25
64
91
114
133
246
323
393
383
307
209
134
-5
-28
-31
-23
30
27
-13
-44
-173
-233
-243
-219
-137
-63
-39
71
85
71
24
-25
-140
-174
-207
-181
-145
-101
-44
-37
14
21
50
87
135
230
339
393
384
303
170
129
-18
-35
-65
-39
-18
8
-27
-124
-210
-267
-271
-241
-169
-85
-33
45
66
37
-1
-39
-149
-196
-202
-183
-153
-119
-57
-30
-27
35
67
115
143
244
323
372
347
276
150
71
-22
-51
-44
-27
19
1
-26
-134
-204
-251
-246
-204
-140
-44
-41
67
78
47
-2
-34
-133
-173
-184
-169
-139
-94
-31
-31
38
57
84
126
134
270
353
395
372
290
162
124
-14
-28
-34
6
20
19
-25
-62
-195
-241
-233
-182
-108
-43
34
95
87
46
-11
-43
-141
-165
-168
-149
-123
-78
-42
-37
19
59
87
123
133
283
366
389
341
254
134
30
-31
-33
-34
-27
20
-5
-41
-166
-225
-266
-254
-203
-119
-42
-25
58
59
20
-17
-40
-159
-179
-188
-172
-140
-71
-39
-45
25
38
81
130
141
271
355
355
308
223
138
0
-33
-37
-45
-30
20
-11
-29
-174
-249
-261
-236
-177
-105
-35
30
63
54
31
-12
-59
-156
-186
-173
-149
-113
-48
-42
19
49
71
91
127
227
315
389
372
277
198
130
-2
-29
-35
-31
33
32
-15
-34
-184
-227
-236
-209
-141
-53
-30
77
90
67
18
-21
-31
-161
-172
-158
-140
-95
-33
-41
42
66
97
120
145
259
351
399
378
297
170
123
-9
-31
-37
-44
30
15
-25
-140
-222
-246
-238
-193
-124
-44
-28
75
71
47
-5
-28
-141
-183
-200
-177
-146
-93
-41
-33
27
51
73
115
134
257
340
387
340
254
143
23
-29
-23
-55
-28
-18
-14
-39
-172
-236
-268
-261
-210
-93
-49
-29
59
61
31
-28
-34
-167
-201
-197
-170
-135
-95
-39
-46
33
61
89
119
135
288
365
385
335
233
141
5
-25
-43
-41
-47
18
1
-39
-185
-236
-254
-236
-166
-93
-41
52
85
79
35
-12
-31
-151
-174
-174
-155
-108
-56
-41
33
49
94
116
141
230
339
405
404
341
225
145
17
-14
-31
-28
41
41
-11
-25
-181
-253
-258
-218
-157
-59
-35
63
89
71
22
-32
-111
-177
-191
-174
-157
-113
-46
-42
25
43
81
115
135
251
339
397
373
293
165
131
-33
-33
-44
-31
3
-10
-24
-144
-224
-274
-268
-221
-142
-57
-29
52
63
29
-13
-19
-158
-204
-216
-201
-157
-107
-37
-31
14
47
70
109
146
265
345
391
359
263
132
13
-29
-37
-43
-33
20
4
-39
-172
-233
-268
-251
-209
-114
-35
-9
70
72
33
-23
-29
-154
-182
-186
-163
-122
-76
-31
-12
43
59
95
131
187
293
394
407
363
243
147
20
-23
-39
-29
35
37
4
-31
-166
-219
-245
-223
-173
-86
-37
70
106
95
55
-18
-51
-179
-186
-173
-149
-87
-44
-45
5
37
52
99
134
239
331
403
403
323
207
135
-22
-29
-53
-34
20
26
-27
-102
-204
-258
-261
-213
-159
-61
-28
59
70
52
-6
-41
-138
-181
-195
-191
-165
-111
-63
-39
24
50
75
115
148
251
339
381
339
246
143
19
-18
-33
-42
-41
7
-12
-41
-171
-223
-274
-245
-187
-102
-33
17
70
65
27
-21
-45
-172
-187
-185
-165
-127
-73
-34
-9
52
84
109
139
243
328
389
387
298
201
138
-1
-25
-37
-11
36
21
-21
-29
-204
-233
-236
-210
-133
-43
-28
97
91
71
22
-23
-115
-166
-185
-172
-134
-93
-39
-28
46
66
91
126
139
292
375
406
374
271
158
99
-6
-35
-32
14
27
3
-35
-146
-221
-252
-236
-181
-106
-45
42
79
73
36
-12
-39
-158
-191
-200
-171
-133
-76
-23
-27
37
51
86
129
133
299
379
389
310
199
135
-13
-42
-61
-46
-42
-5
-23
-119
-217
-268
-268
-236
-172
-78
-38
48
64
43
-6
-33
-134
-182
-210
-201
-165
-118
-66
-37
-1
39
71
114
139
249
337
377
363
275
155
87
-8
-34
-37
-29
21
2
-37
-141
-217
-248
-228
-195
-124
-38
-11
81
79
46
-12
-44
-141
-171
-178
-165
-124
-81
-38
-3
54
73
101
130
217
302
381
407
354
239
141
31
-10
-38
-31
27
43
-11
-31
-172
-233
-241
-213
-159
-71
-44
65
84
75
27
-25
-37
-161
-183
-177
-161
-111
-49
-46
17
51
67
100
131
238
311
383
375
305
181
138
-11
-31
-35
-33
19
7
-27
-133
-205
-265
-252
-226
-155
-60
-38
53
71
40
-12
-45
-145
-194
-206
-203
-161
-118
-59
-37
-19
39
89
110
139
241
343
372
351
271
150
52
-18
-29
-29
-37
17
7
-29
-123
-210
-249
-221
-203
-118
-44
-10
79
75
39
-11
-35
-139
-172
-181
-172
-129
-93
-38
-45
35
63
99
127
138
279
358
391
367
274
151
107
-11
-27
-33
20
39
15
-14
-137
-199
-218
-219
-168
-93
-38
63
83
83
47
-8
-29
-129
-150
-171
-142
-123
-81
-37
-13
38
57
101
135
207
297
374
387
338
240
137
20
-27
-34
-34
23
23
-11
-34
-172
-229
-251
-229
-178
-103
-15
31
66
70
21
-25
-41
-162
-188
-193
-168
-129
-77
-21
-31
27
51
84
130
139
277
350
359
307
203
138
-9
-38
-37
-33
-30
10
-28
-109
-193
-252
-236
-235
-167
-86
-42
39
66
49
3
-41
-118
-159
-185
-172
-153
-111
-44
-43
-7
53
83
107
129
225
304
379
363
291
180
131
-7
-28
-32
-24
21
18
-27
-99
-194
-241
-223
-188
-124
-49
-31
78
79
51
14
-28
-111
-155
-161
-145
-119
-79
-32
-29
49
71
91
127
135
267
355
392
367
283
163
135
-11
-31
-34
-7
52
6
-26
-133
-205
-233
-226
-178
-114
-31
-19
59
67
35
-15
-28
-139
-172
-183
-166
-128
-85
-35
-44
27
68
105
118
138
278
362
369
345
225
140
18
-23
-32
-43
-27
10
-18
-28
-183
-261
-235
-217
-173
-95
-43
43
71
52
16
-27
-140
-185
-198
-190
-157
-113
-56
-41
-35
17
53
98
131
225
315
377
378
308
197
145
1
-37
-44
-30
27
20
-29
-35
-178
-233
-243
-203
-143
-53
-32
75
87
71
15
-33
-108
-157
-172
-165
-126
-102
-43
-33
47
66
100
122
137
259
343
404
389
303
187
135
9
-18
-27
14
43
26
-33
-21
-181
-233
-205
-149
-105
-46
-17
74
78
41
11
-33
-120
-150
-170
-155
-127
-93
-41
-41
36
71
84
130
147
273
351
383
341
249
146
36
-26
-28
-41
-16
27
-6
-32
-156
-221
-253
-236
-187
-104
-44
-18
61
62
23
-21
-30
-155
-181
-179
-170
-136
-98
-39
-35
21
57
90
127
138
276
356
361
302
193
138
8
-21
-43
-44
19
19
-25
-36
-189
-243
-246
-213
-145
-71
-37
58
69
52
13
-27
-108
-156
-181
-161
-145
-113
-55
-34
10
61
84
116
133
231
330
379
372
309
199
141
10
-21
-24
-3
39
27
-11
-30
-184
-213
-220
-190
-135
-45
-22
81
79
55
22
-29
-111
-139
-157
-155
-137
-82
-37
-25
66
84
99
129
137
265
351
377
347
266
147
100
-13
-31
-32
-5
29
13
-29
-151
-223
-239
-227
-178
-108
-30
-10
65
62
29
-9
-44
-144
-177
-174
-154
-136
-83
-35
-30
27
62
78
129
146
276
342
357
299
201
134
0
-21
-44
-30
-38
13
6
-42
-197
-239
-246
-213
-165
-81
-38
37
73
41
7
-18
-116
-161
-172
-169
-156
-113
-61
-18
27
61
73
116
127
241
322
371
350
279
163
139
-2
-29
-37
-26
31
20
-27
-107
-197
-217
-221
-181
-111
-41
-29
73
78
52
-1
-22
-129
-169
-172
-149
-122
-76
-33
-23
52
84
107
119
143
279
366
391
356
259
153
141
-9
-29
-32
20
41
3
-34
-147
-210
-239
-216
-181
-98
-33
9
71
57
26
-12
-31
-149
-167
-178
-153
-124
-75
-42
-22
49
84
101
127
167
279
353
351
298
205
139
8
-25
-33
-33
-16
5
-21
-44
-194
-231
-246
-225
-172
-101
-55
31
51
31
-11
-33
-126
-166
-189
-181
-146
-129
-61
-46
-30
47
75
112
146
254
330
370
340
263
144
107
-17
-29
-29
-19
33
2
-33
-145
-220
-246
-239
-201
-123
-37
-23
74
70
34
-12
-33
-140
-161
-174
-156
-123
-70
-25
-26
50
79
103
130
227
308
371
382
331
233
136
27
-9
-26
-12
38
33
2
-41
-171
-217
-230
-204
-140
-66
-33
70
87
68
21
-23
-45
-113
-169
-157
-151
-110
-57
-33
21
47
85
116
139
219
317
359
357
277
183
141
1
-33
-33
-22
21
7
-30
-134
-203
-252
-241
-205
-140
-58
-38
46
67
41
-15
-33
-146
-177
-186
-183
-157
-116
-66
-29
-36
45
70
91
137
231
335
366
335
243
148
39
-29
-47
-49
-41
21
-5
-29
-165
-218
-268
-241
-202
-133
-44
-29
65
71
31
-13
-44
-141
-173
-177
-157
-129
-93
-39
-34
47
67
95
123
145
276
353
378
330
243
130
23
-5
-25
-37
20
35
1
-28
-155
-220
-233
-218
-153
-73
-41
63
83
78
40
-1
-44
-136
-170
-172
-140
-105
-63
-30
24
54
83
98
129
201
294
364
377
329
218
137
16
-23
-29
-24
21
23
-11
-42
-173
-236
-241
-223
-154
-79
-33
53
64
42
-6
-33
-120
-161
-178
-167
-149
-115
-59
-27
-21
47
93
116
143
231
309
351
321
248
139
67
-19
-29
-44
-45
-15
-12
-42
-151
-221
-262
-249
-205
-140
-47
-35
40
52
7
-16
-41
-143
-171
-181
-170
-139
-95
-44
-38
29
65
87
116
143
269
350
368
314
225
133
33
-24
-28
-35
18
23
-6
-37
-172
-230
-245
-210
-158
-63
-53
52
75
55
21
-25
-43
-145
-153
-153
-133
-97
-39
-39
39
63
91
128
183
244
326
377
366
297
207
138
10
-24
-14
9
35
23
-13
-45
-195
-229
-236
-197
-131
-44
-30
55
59
38
-5
-28
-119
-149
-163
-155
-137
-105
-44
-21
29
54
84
120
146
241
322
354
327
251
141
45
-19
-39
-41
-26
19
-14
-39
-166
-225
-254
-240
-189
-122
-44
-44
20
43
19
-29
-59
-162
-177
-183
-155
-139
-99
-53
-33
26
49
86
130
140
267
337
351
301
211
138
9
-28
-41
-44
-14
31
-22
-38
-178
-233
-238
-216
-155
-94
-28
35
60
52
14
-28
-29
-144
-166
-162
-140
-107
-51
-30
29
67
89
122
143
243
315
372
361
302
191
139
19
-13
-30
8
35
19
-24
-54
-185
-236
-214
-186
-110
-44
-11
64
62
48
-10
-41
-123
-153
-165
-140
-118
-75
-44
-28
31
71
99
116
137
271
335
363
319
239
138
37
-18
-44
-14
-11
29
-11
-44
-165
-209
-236
-232
-175
-124
-43
-28
62
58
18
-28
-110
-194
-185
-185
-149
-123
-76
-29
-28
-14
27
77
118
139
293
356
362
295
199
145
-18
-29
-33
-29
-29
-2
-13
-37
-204
-252
-259
-223
-161
-75
-38
52
73
49
-3
-39
-124
-157
-178
-165
-138
-108
-55
-41
-11
46
75
120
139
230
310
365
355
281
179
145
3
-10
-41
-16
31
14
-21
-42
-176
-218
-221
-189
-120
-54
-29
63
79
59
0
-19
-95
-135
-150
-147
-122
-93
-28
-40
38
73
99
127
135
258
319
359
353
293
179
138
-11
-33
-33
-25
31
10
-30
-122
-193
-231
-236
-188
-145
-53
-34
53
51
20
-23
-42
-139
-155
-172
-151
-140
-109
-53
-37
7
53
95
118
143
243
331
354
327
244
147
39
-28
-38
-42
-39
-12
-13
-30
-171
-225
-257
-248
-201
-120
-51
-35
34
39
7
-28
-37
-128
-166
-177
-153
-150
-78
-53
-20
38
59
99
116
138
264
340
363
338
251
135
26
-39
-28
-44
-10
16
-12
-40
-159
-213
-238
-209
-172
-101
-30
37
70
63
22
-28
-38
-133
-153
-146
-133
-113
-62
-37
-27
43
69
116
139
223
307
359
371
331
235
142
31
-22
-18
-13
23
30
-8
-41
-161
-221
-238
-214
-157
-82
-37
51
71
46
18
-17
-32
-142
-161
-168
-131
-120
-76
-41
-29
49
83
103
143
212
287
352
357
299
206
138
3
-31
-28
-30
-19
9
-28
-44
-197
-251
-249
-226
-171
-93
-39
-11
35
0
-13
-39
-138
-159
-190
-176
-152
-120
-74
-37
-41
35
83
98
131
212
303
351
347
281
185
163
-10
-27
-28
-37
15
10
-20
-112
-204
-239
-249
-205
-141
-55
-37
53
58
37
1
-37
-109
-156
-172
-153
-132
-96
-44
-28
37
65
90
116
136
243
329
375
370
286
195
142
3
-15
-22
2
36
26
-21
-42
-177
-220
-217
-189
-108
-39
-28
70
69
45
3
-41
-110
-145
-155
-149
-120
-74
-43
-43
34
65
94
129
137
248
337
373
352
275
163
131
-11
-28
-44
-27
19
11
-27
-146
-225
-238
-232
-199
-131
-50
-42
52
53
15
-22
-31
-141
-170
-182
-166
-141
-103
-61
-25
-22
52
79
116
133
230
353
356
315
239
139
35
-19
-12
-41
-34
-11
-12
-31
-166
-225
-252
-236
-205
-124
-38
-39
47
53
16
-28
-35
-140
-162
-161
-149
-124
-81
-44
-31
42
63
99
120
132
273
343
372
335
251
146
50
-12
-33
-37
14
23
4
-31
-154
-205
-225
-199
-167
-93
-43
30
71
62
31
-26
-33
-129
-141
-145
-127
-101
-47
-37
-10
67
84
116
142
217
289
355
387
331
244
137
19
-28
-27
-27
4
27
-8
-30
-162
-220
-233
-219
-167
-94
-23
-18
49
46
11
-23
-39
-140
-154
-165
-145
-123
-75
-30
-44
41
70
101
129
161
276
353
350
300
203
139
19
-28
-37
-39
-33
7
-17
-49
-191
-246
-254
-230
-175
-99
-35
-28
39
27
-11
-39
-127
-172
-172
-169
-154
-113
-62
-30
-34
39
71
113
132
227
307
359
354
293
195
135
5
-12
-33
-25
30
20
-15
-40
-195
-230
-239
-193
-143
-62
-44
43
62
35
-11
-35
-108
-140
-161
-141
-122
-76
-43
-31
38
83
109
131
145
270
339
379
363
292
167
139
-7
-23
-25
5
32
20
-28
-123
-190
-235
-221
-185
-118
-45
-32
52
51
24
-19
-44
-135
-153
-159
-151
-115
-85
-44
-33
27
55
89
123
133
254
335
363
337
270
145
61
-21
-35
-37
-27
15
-7
-33
-160
-215
-246
-240
-197
-135
-63
-37
36
35
3
-15
-108
-154
-172
-181
-158
-141
-98
-41
-38
27
59
95
129
139
273
340
352
308
219
139
18
-23
-43
-37
-12
5
-12
-37
-181
-236
-238
-221
-169
-81
-29
45
65
52
-7
-23
-116
-167
-172
-166
-131
-86
-41
-44
-23
35
65
106
133
243
331
393
389
321
213
143
15
-21
-34
-29
31
37
-1
-40
-181
-224
-233
-204
-145
-53
-35
59
81
54
9
-6
-102
-147
-158
-151
-140
-93
-46
-37
35
58
89
123
141
246
323
372
349
283
177
135
-11
-28
-44
-13
29
15
-30
-129
-213
-249
-245
-204
-141
-57
-28
49
46
21
-23
-38
-141
-169
-165
-172
-135
-108
-49
-41
-17
46
77
115
131
243
323
353
327
245
139
20
-25
-50
-38
-33
-22
-7
-29
-169
-236
-256
-243
-207
-134
-51
-32
47
42
18
-28
-35
-154
-166
-165
-151
-120
-76
-35
-31
35
63
89
116
133
271
347
373
340
249
133
36
-6
-27
-39
-5
25
-1
-38
-159
-215
-239
-225
-177
-99
-28
30
69
53
21
-22
-34
-137
-153
-151
-131
-103
-58
-39
-14
53
70
113
131
223
294
366
369
337
225
141
23
-16
-27
-33
10
19
-14
-44
-172
-235
-241
-221
-172
-97
-37
-9
52
21
-1
-39
-106
-172
-166
-181
-145
-118
-77
-40
-30
34
76
101
133
221
305
357
347
286
185
131
-10
-33
-33
-45
1
1
-21
-130
-205
-254
-254
-230
-161
-77
-45
49
59
29
-11
-35
-127
-163
-172
-165
-133
-103
-50
-28
20
52
83
95
131
241
329
383
367
295
180
134
-9
-21
-44
-11
31
20
-23
-77
-198
-236
-238
-202
-135
-51
-43
54
59
34
-9
-39
-123
-152
-167
-152
-130
-86
-38
-35
35
63
95
130
135
267
343
403
367
283
163
132
-6
-22
-26
-17
33
1
-28
-136
-213
-236
-236
-194
-118
-47
-41
52
55
25
-2
-33
-126
-168
-159
-155
-120
-85
-42
-38
42
75
102
130
225
277
353
369
335
241
135
34
-21
-28
-41
-10
20
-12
-39
-172
-235
-251
-236
-185
-105
-39
-37
57
26
4
-26
-114
-161
-173
-182
-157
-133
-86
-49
-33
25
56
89
122
167
291
351
356
299
207
143
-9
-27
-45
-42
-13
10
-14
-44
-195
-241
-254
-236
-172
-79
-37
38
52
26
-12
-29
-116
-155
-169
-165
-142
-113
-76
-37
-21
52
81
111
139
227
307
363
359
305
205
131
11
-17
-29
-14
19
20
-53
-44
-184
-222
-232
-204
-155
-61
-31
55
59
45
-7
-29
-116
-145
-154
-144
-129
-98
-57
-27
17
46
85
115
134
233
321
369
373
295
190
133
7
-25
-44
-43
11
13
-23
-43
-191
-249
-246
-221
-147
-75
-47
46
51
26
-12
-35
-129
-153
-172
-157
-137
-118
-76
-43
-43
43
79
111
148
230
295
355
341
267
178
127
-13
-37
-43
-37
7
0
-13
-135
-211
-251
-246
-217
-151
-71
-32
43
54
20
-12
-30
-138
-154
-169
-150
-140
-103
-53
-37
14
57
85
129
139
246
330
374
347
276
162
134
-11
-23
-33
-23
31
11
-27
-130
-201
-239
-236
-191
-123
-38
-13
71
74
35
-8
-26
-127
-141
-145
-123
-101
-69
-29
-33
33
57
91
115
198
276
353
393
359
275
162
127
14
-26
-41
-10
32
9
-29
-151
-201
-230
-230
-190
-124
-41
-37
52
62
26
-12
-34
-135
-157
-167
-157
-138
-79
-46
-41
27
57
89
116
134
246
329
359
343
259
144
52
-13
-44
-38
-35
11
-12
-37
-154
-221
-267
-251
-213
-140
-58
-41
42
52
3
-28
-65
-143
-172
-172
-156
-126
-98
-53
-33
-25
52
85
131
139
254
331
371
319
263
149
71
-12
-31
-37
-13
31
3
-33
-151
-214
-241
-233
-193
-120
-33
-29
59
57
17
-21
-44
-133
-146
-151
-137
-106
-76
-33
-34
38
91
114
133
215
276
354
387
353
276
163
133
9
-23
-26
9
35
9
-21
-138
-201
-236
-224
-177
-108
-40
-21
67
63
23
-17
-42
-131
-162
-149
-142
-113
-78
-41
-28
20
54
101
138
148
272
334
355
333
244
143
36
-12
-29
-34
-15
25
-2
-39
-159
-220
-259
-246
-204
-124
-42
-28
39
24
-2
-25
-101
-163
-174
-185
-158
-129
-78
-53
-39
-21
52
91
120
138
251
326
343
309
229
146
22
-22
-33
-34
-24
9
-21
-31
-162
-216
-251
-236
-186
-116
-44
-28
55
49
19
-18
-33
-139
-157
-157
-141
-108
-70
-41
-37
39
73
103
131
211
276
350
355
323
235
131
47
-3
-33
-21
20
38
5
-34
-149
-204
-231
-215
-167
-87
-29
43
74
85
20
-12
-44
-127
-149
-145
-134
-101
-71
-31
-29
47
74
107
131
199
274
342
367
327
229
131
38
-12
-29
-27
20
20
11
-44
-154
-223
-245
-231
-181
-108
-45
-18
52
39
11
-16
-44
-145
-165
-161
-137
-116
-83
-47
-33
-14
43
86
115
116
254
323
340
301
223
133
14
-26
-28
-28
-24
9
-23
-30
-172
-236
-258
-233
-193
-108
-29
-34
46
35
3
-35
-61
-140
-170
-158
-140
-110
-76
-37
-41
43
68
107
127
215
275
344
355
309
219
135
26
-25
-28
-16
15
29
-6
-39
-165
-220
-236
-218
-157
-78
-41
64
74
63
17
-23
-37
-129
-139
-134
-106
-77
-51
-31
-19
49
87
116
139
217
307
369
373
315
221
137
25
-9
-1
-11
31
36
-12
-44
-176
-220
-236
-219
-158
-74
-42
36
63
41
3
-33
-103
-150
-165
-156
-139
-108
-71
-41
-33
29
71
99
130
206
283
343
343
299
201
130
3
-12
-33
-32
-19
10
-15
-35
-202
-253
-261
-236
-185
-96
-30
-12
49
20
-21
-44
-118
-153
-165
-165
-134
-109
-71
-30
-33
43
83
111
134
217
299
339
341
276
187
139
7
-24
-29
-19
20
18
-23
-77
-190
-238
-235
-203
-141
-48
-34
46
59
45
-13
-32
-129
-144
-154
-139
-115
-83
-42
-31
50
58
105
130
145
259
319
376
355
290
181
142
13
-12
-17
-22
34
20
-22
-41
-201
-222
-221
-191
-127
-29
-19
39
52
22
-11
-42
-124
-157
-146
-129
-122
-83
-44
-44
39
75
97
131
134
254
327
356
315
243
148
52
-5
-25
-29
-5
8
-12
-33
-163
-223
-252
-238
-190
-109
-45
-37
53
33
-7
-41
-120
-158
-170
-172
-157
-128
-83
-33
-38
7
52
89
127
147
265
331
345
291
212
139
21
-15
-37
-26
5
20
-17
-33
-185
-231
-249
-224
-169
-79
-42
20
59
35
-10
-35
-111
-149
-155
-149
-120
-93
-49
-31
-15
47
84
116
143
226
313
355
355
294
195
131
25
-11
-17
3
37
34
-17
-28
-177
-231
-223
-206
-141
-41
-42
53
67
43
-12
-34
-108
-146
-165
-141
-113
-85
-43
-43
45
67
85
126
131
245
327
361
335
271
160
134
3
-15
-23
-11
11
-5
-29
-143
-214
-248
-233
-199
-124
-46
-35
51
42
9
-29
-33
-146
-172
-174
-161
-124
-93
-42
-38
27
53
86
116
135
256
321
338
283
211
141
11
-12
-41
-45
-21
2
-23
-38
-199
-241
-262
-243
-183
-102
-35
1
50
26
-12
-45
-122
-156
-172
-158
-139
-109
-65
-43
-31
51
81
115
131
231
293
363
350
283
197
132
17
-16
-24
-25
23
19
-14
-36
-191
-236
-238
-204
-142
-59
-42
65
77
36
1
-21
-115
-146
-145
-139
-105
-75
-42
-39
42
65
90
133
148
243
335
366
352
301
190
135
11
-13
-37
3
31
20
-24
-58
-185
-236
-233
-194
-139
-51
-40
52
54
26
-17
-44
-133
-155
-161
-137
-123
-95
-44
-34
-12
52
79
119
131
230
318
349
339
256
155
123
-12
-27
-48
-42
20
-6
-37
-149
-206
-267
-257
-219
-142
-61
-39
31
45
17
-23
-41
-150
-177
-170
-156
-134
-86
-45
-30
-21
46
87
116
135
241
319
358
329
263
153
127
-9
-28
-31
-28
32
5
-44
-140
-213
-241
-241
-199
-126
-41
-29
67
54
33
-17
-39
-123
-151
-146
-133
-105
-77
-47
-28
43
71
106
128
176
274
345
371
339
267
170
135
9
-21
-11
23
39
11
-44
-127
-201
-235
-229
-193
-113
-31
-25
75
58
32
-18
-39
-126
-150
-151
-115
-108
-76
-45
-41
21
58
111
129
153
258
308
359
322
245
146
84
-11
-24
-33
-9
13
-3
-41
-159
-231
-254
-246
-206
-126
-40
-33
50
37
-12
-39
-106
-169
-165
-165
-146
-124
-95
-50
-45
-11
53
84
127
143
258
327
347
301
227
142
24
-11
-38
-35
-29
5
-18
-14
-169
-235
-254
-236
-181
-109
-32
-13
55
40
0
-23
-44
-145
-154
-156
-140
-108
-60
-39
-27
45
75
110
135
219
287
355
357
314
239
127
35
-11
-18
-18
20
35
-7
-38
-172
-226
-236
-223
-167
-74
-41
70
78
65
15
-24
-45
-130
-140
-134
-116
-93
-59
-41
-21
52
90
130
138
222
291
359
363
310
213
139
27
-15
-21
-29
20
14
-15
-41
-189
-249
-253
-225
-166
-76
-29
41
55
27
1
-33
-122
-156
-165
-150
-135
-102
-61
-33
-29
35
78
101
131
212
291
345
343
277
179
127
-11
-29
-39
-29
-28
-1
-44
-130
-220
-261
-267
-236
-182
-71
-39
43
35
22
-12
-35
-139
-162
-157
-144
-129
-101
-59
-44
-13
52
83
116
141
235
314
370
358
278
174
146
7
-22
-30
-18
33
16
-28
-126
-204
-240
-238
-203
-137
-48
-29
69
71
42
-9
-27
-116
-141
-146
-129
-98
-62
-33
-31
46
77
113
118
178
261
339
381
353
265
159
127
3
-17
-21
11
35
6
-32
-155
-230
-253
-236
-187
-116
-38
-28
63
48
2
-21
-34
-143
-159
-162
-143
-111
-78
-42
-29
35
65
99
142
139
273
343
359
311
229
135
20
-14
-41
-42
-28
10
-14
-37
-187
-252
-268
-257
-197
-118
-30
-15
25
35
-11
-29
-126
-161
-183
-158
-147
-119
-76
-30
-33
36
57
101
120
203
283
345
357
307
213
136
20
-15
-31
-33
11
9
-21
-42
-190
-249
-266
-226
-161
-71
-37
49
71
49
-7
-31
-120
-153
-157
-149
-127
-85
-57
-45
21
56
91
129
137
246
319
378
371
311
211
127
33
-22
-16
-3
37
33
-12
-44
-188
-226
-236
-209
-149
-55
-32
65
73
20
-6
-36
-118
-141
-156
-140
-122
-93
-47
-37
25
65
86
124
138
251
337
354
343
281
167
142
1
-25
-42
-29
20
4
-35
-140
-219
-262
-246
-209
-140
-53
-42
57
39
10
-21
-37
-142
-171
-172
-161
-138
-120
-51
-32
-18
52
86
120
138
243
320
353
314
235
138
35
-21
-30
-38
-29
14
-13
-43
-172
-236
-261
-254
-205
-123
-41
-28
65
39
13
-29
-37
-150
-157
-160
-135
-110
-70
-29
-41
33
75
111
133
212
318
347
371
315
230
137
34
-7
-27
-25
20
38
-2
-39
-171
-225
-249
-218
-162
-64
-25
63
83
49
19
-15
-37
-143
-145
-137
-114
-101
-49
-42
13
57
83
114
146
223
295
363
358
311
213
147
21
-10
-44
-17
21
25
-11
-44
-181
-238
-263
-229
-162
-76
-41
52
54
31
-5
-33
-120
-163
-170
-158
-133
-107
-71
-30
-34
47
74
107
139
215
293
345
335
275
170
139
-3
-29
-47
-31
-14
5
-31
-145
-221
-268
-263
-220
-153
-65
-34
37
53
27
-12
-38
-141
-166
-172
-156
-133
-95
-54
-42
-21
49
78
113
139
239
319
368
354
278
167
131
-1
-28
-39
-9
27
18
-12
-129
-209
-254
-249
-204
-135
-49
-25
70
59
53
2
-42
-118
-145
-142
-130
-111
-71
-26
-35
43
69
95
137
133
267
341
373
353
277
168
115
9
-13
-27
10
43
20
-28
-139
-215
-254
-239
-206
-135
-31
-18
62
69
34
-12
-37
-140
-171
-168
-155
-120
-83
-39
-29
29
53
90
123
135
245
337
370
340
261
139
47
-15
-34
-29
-27
10
-5
-43
-166
-241
-268
-257
-211
-140
-45
-27
57
41
4
-25
-64
-157
-197
-176
-161
-137
-98
-51
-37
-17
41
83
104
131
241
321
357
334
246
149
43
-21
-29
-28
-25
27
11
-30
-147
-218
-253
-241
-205
-123
-41
-22
67
67
23
-12
-32
-140
-163
-163
-140
-124
-77
-33
-29
31
69
97
131
147
275
357
379
343
267
151
127
-6
-17
-23
22
42
19
-29
-143
-221
-249
-233
-177
-107
-34
50
83
69
20
-22
-38
-140
-155
-151
-140
-116
-77
-41
-35
37
71
102
135
139
274
343
357
307
227
143
31
-21
-29
-29
15
6
-12
-38
-182
-236
-267
-263
-189
-108
-42
17
46
49
-1
-37
-123
-173
-182
-182
-161
-143
-81
-46
-43
13
51
87
120
138
273
338
343
301
195
130
5
-21
-29
-42
-27
17
-22
-41
-197
-239
-268
-243
-175
-94
-41
52
53
43
-5
-29
-124
-153
-161
-154
-140
-101
-76
-33
-27
50
84
105
134
222
306
357
359
291
201
138
20
-12
-28
-12
33
24
-17
-34
-187
-245
-233
-205
-133
-43
-28
81
85
50
-2
-21
-120
-141
-157
-143
-111
-73
-49
-34
25
57
85
134
143
254
339
371
350
267
169
129
-1
-14
-22
-7
27
3
-30
-140
-223
-258
-249
-209
-137
-37
-28
63
64
22
-21
-31
-144
-173
-173
-161
-129
-85
-45
-38
3
51
83
116
143
251
331
340
305
227
143
14
-12
-28
-34
-41
9
-28
-43
-194
-249
-274
-254
-173
-109
-38
-21
54
43
-7
-28
-114
-153
-173
-170
-160
-113
-76
-38
-29
32
55
97
123
163
278
355
359
315
215
138
17
-18
-22
-21
22
21
-18
-44
-190
-248
-254
-225
-163
-67
-41
56
84
53
7
-26
-93
-144
-154
-147
-124
-86
-42
-31
25
58
90
127
148
239
319
383
371
301
209
139
22
-12
-18
-6
21
17
-21
-77
-203
-241
-246
-212
-131
-55
-44
64
79
37
-12
-41
-124
-157
-171
-151
-134
-93
-53
-42
20
51
79
116
138
246
319
355
329
259
161
132
-3
-28
-39
-28
20
-5
-40
-170
-246
-270
-274
-197
-114
-57
-38
39
37
11
-33
-113
-157
-177
-184
-151
-128
-109
-51
-37
-14
52
82
118
148
267
326
367
309
223
135
43
-13
-28
-29
-5
20
-13
-39
-183
-238
-257
-236
-173
-98
-43
39
74
47
8
-25
-109
-154
-163
-156
-133
-99
-54
-38
-23
49
81
120
123
228
311
371
363
315
212
130
29
-6
-14
4
33
30
-18
-44
-187
-231
-243
-209
-140
-55
-39
74
75
51
-7
-37
-124
-156
-157
-145
-128
-85
-44
-31
29
52
84
120
141
249
327
362
346
271
168
142
3
-27
-37
-14
20
1
-21
-150
-220
-263
-254
-215
-142
-49
-31
66
57
20
-21
-39
-157
-173
-179
-157
-138
-103
-53
-34
-23
37
67
116
124
254
323
347
315
241
135
27
-18
-31
-34
-17
-15
-13
-19
-186
-244
-272
-253
-190
-111
-38
-17
66
42
-9
-27
-97
-153
-164
-165
-140
-122
-76
-34
-31
37
71
103
133
203
291
350
354
313
222
148
27
-13
-43
-17
23
22
-18
-44
-181
-236
-246
-225
-141
-69
-38
74
89
65
17
-25
-101
-141
-151
-143
-123
-93
-46
-29
24
52
79
116
137
244
321
379
374
303
187
135
11
-18
-21
-8
33
18
-21
-124
-209
-253
-259
-227
-142
-47
-33
61
67
20
-27
-37
-141
-158
-163
-154
-120
-97
-48
-33
9
50
77
116
133
246
313
346
327
251
165
52
-13
-35
-33
-27
7
-5
-40
-172
-244
-269
-251
-213
-140
-48
-34
52
42
-2
-37
-115
-155
-177
-169
-149
-133
-78
-44
-39
21
63
85
120
150
276
349
350
307
227
139
27
-7
-27
-27
19
22
-12
-37
-182
-245
-249
-231
-175
-73
-30
52
82
51
18
-31
-109
-154
-149
-145
-130
-93
-46
-32
27
59
82
124
137
236
318
374
371
295
195
141
25
-13
-21
3
29
33
-9
-34
-200
-249
-240
-209
-142
-47
-36
57
66
41
-12
-31
-129
-161
-157
-158
-124
-94
-44
-39
-13
36
75
100
132
224
309
360
346
274
165
146
-2
-53
-43
-19
25
4
-33
-143
-227
-273
-273
-224
-155
-69
-29
43
50
19
-22
-41
-150
-171
-175
-161
-139
-109
-66
-28
-34
43
79
112
141
238
316
351
309
235
148
58
-12
-31
-28
-5
23
-11
-44
-165
-227
-261
-253
-194
-108
-38
3
72
53
19
-28
-43
-140
-169
-157
-146
-104
-75
-34
-30
42
67
96
126
194
295
361
367
314
215
141
36
-9
-18
5
41
38
-9
-41
-191
-221
-246
-218
-156
-61
-29
58
91
53
5
-27
-86
-140
-151
-150
-118
-94
-51
-34
-15
51
85
114
148
230
308
367
342
282
167
139
14
-14
-15
-7
25
6
-33
-124
-222
-254
-258
-213
-147
-61
-41
59
62
31
-15
-39
-149
-172
-178
-162
-139
-103
-47
-5
-5
41
65
110
122
244
315
353
334
254
138
17
-13
-31
-42
-33
20
-13
-44
-173
-236
-283
-257
-206
-130
-35
-22
62
52
27
-30
-81
-142
-161
-154
-140
-118
-54
-37
-30
29
62
95
124
143
281
353
361
313
213
142
34
-7
-21
-15
23
20
-15
-37
-186
-236
-226
-215
-151
-71
-41
63
84
55
11
-24
-85
-139
-147
-140
-109
-77
-44
-37
20
49
83
116
133
246
329
386
362
291
176
139
19
-17
-28
7
29
16
-29
-134
-213
-264
-253
-205
-139
-45
-42
66
63
35
-14
-40
-135
-162
-165
-146
-137
-79
-39
-45
15
46
84
126
138
259
330
355
321
233
145
31
-23
-34
-38
-14
19
-18
-43
-193
-239
-273
-251
-199
-110
-38
-17
57
45
-12
-41
-116
-166
-145
-163
-145
-120
-76
-30
-43
26
63
91
137
207
301
363
359
291
191
123
5
-11
-12
-7
24
15
-28
-116
-206
-254
-257
-220
-140
-53
-29
69
82
42
-9
-39
-127
-151
-154
-146
-116
-73
-42
-31
26
69
93
127
145
259
354
387
359
280
171
143
10
-17
-5
26
39
17
-17
-145
-213
-236
-246
-189
-97
-32
27
79
75
35
-23
-31
-143
-165
-161
-141
-114
-78
-37
-31
31
63
89
127
135
273
359
366
323
227
127
26
-22
-27
-30
15
20
-13
-44
-192
-254
-274
-246
-185
-108
-39
27
75
35
25
-37
-137
-175
-181
-172
-153
-120
-75
-42
-37
20
57
99
127
148
314
347
343
287
180
134
3
-14
-29
-29
16
3
-23
-130
-217
-271
-263
-219
-143
-55
-31
55
68
34
-14
-33
-137
-159
-155
-151
-123
-102
-45
-41
33
67
87
122
133
263
338
372
341
263
158
127
11
-16
-13
23
47
9
-31
-153
-221
-249
-236
-171
-93
-42
55
89
68
25
-25
-44
-138
-147
-147
-123
-101
-61
-34
-21
51
69
101
134
221
295
363
371
319
212
131
25
-12
-23
-21
19
16
-12
-29
-199
-249
-254
-229
-129
-70
-37
54
67
42
-14
-37
-123
-167
-172
-161
-138
-118
-65
-44
-31
41
70
91
135
210
295
351
341
273
153
123
-1
-37
-42
-28
20
4
-29
-146
-226
-273
-268
-230
-153
-54
-39
62
52
27
-23
-44
-145
-163
-171
-159
-126
-95
-44
-38
22
59
97
120
139
267
347
367
334
249
134
63
2
-23
-21
20
33
-3
-43
-178
-232
-249
-229
-169
-79
-37
69
97
63
26
-42
-40
-135
-165
-137
-118
-86
-55
-28
15
54
84
91
133
236
311
372
379
326
227
138
35
-11
-19
0
30
21
-11
-33
-185
-241
-265
-226
-163
-65
-29
59
74
53
3
-29
-127
-155
-167
-161
-140
-107
-59
-41
-25
34
66
94
131
219
314
369
358
291
180
137
7
-33
-34
-33
20
17
-33
-142
-233
-280
-268
-233
-171
-73
-34
52
53
20
-17
-31
-155
-177
-187
-167
-141
-105
-49
-44
-12
51
67
107
145
243
329
359
343
251
162
135
-2
-21
-30
6
27
7
-39
-153
-227
-265
-249
-204
-111
-31
41
67
63
21
-28
-35
-138
-154
-155
-140
-108
-76
-44
-30
41
69
103
137
212
281
366
378
346
251
148
135
6
-13
-1
20
38
10
-42
-150
-221
-243
-229
-174
-93
-44
57
84
71
17
-19
-38
-145
-166
-153
-137
-99
-74
-43
-33
39
65
98
122
167
289
355
370
309
223
135
27
-15
-31
-30
23
17
-8
-31
-199
-254
-268
-241
-175
-80
-34
52
63
33
-9
-30
-137
-172
-185
-172
-136
-106
-73
-29
-31
25
52
103
128
197
287
345
347
290
180
138
-9
-27
-39
-28
15
10
-27
-129
-210
-258
-268
-226
-155
-61
-45
53
65
39
-12
-38
-139
-162
-174
-143
-130
-85
-44
-41
19
50
73
113
142
243
323
372
355
289
179
137
1
-12
-15
19
39
45
-27
-109
-206
-239
-236
-189
-116
-34
20
98
85
50
1
-37
-124
-153
-154
-131
-115
-73
-43
-37
31
63
95
118
135
267
340
379
347
254
150
116
-1
-21
-19
13
36
2
-28
-171
-233
-261
-251
-190
-111
-33
36
62
51
13
-29
-113
-155
-173
-163
-138
-124
-93
-39
-39
20
55
87
127
137
281
339
347
302
194
145
7
-27
-39
-37
-17
13
-23
-41
-204
-268
-268
-243
-174
-93
-39
41
53
45
-2
-41
-131
-172
-183
-156
-142
-106
-69
-33
-25
41
71
109
133
222
302
357
361
299
197
146
19
-18
-25
-7
20
21
-18
-41
-198
-253
-246
-216
-145
-45
-37
69
67
37
-12
-33
-123
-145
-143
-127
-97
-73
-37
-37
35
71
115
124
197
267
358
383
353
258
161
115
17
-13
-17
20
35
3
-29
-159
-230
-254
-236
-185
-108
-38
33
66
59
22
-23
-50
-149
-172
-173
-143
-113
-71
-43
-40
29
54
87
122
139
271
350
369
321
229
135
23
-15
-28
-33
5
9
-10
-41
-185
-262
-293
-254
-195
-106
-32
-7
35
19
-16
-30
-134
-169
-182
-178
-141
-102
-77
-34
-38
20
62
98
123
203
282
353
347
293
195
135
6
-21
-31
-21
19
14
-13
-39
-201
-253
-265
-222
-165
-70
-37
52
69
42
-5
-38
-127
-154
-165
-147
-118
-93
-43
-37
21
42
85
130
143
257
331
382
367
293
181
143
11
-11
-5
20
46
23
-24
-114
-213
-249
-239
-204
-126
-37
-13
105
70
36
-18
-33
-139
-169
-156
-140
-109
-77
-32
-30
33
67
95
131
138
261
340
363
339
251
145
51
-12
-17
-29
4
27
-14
-33
-175
-248
-261
-245
-193
-104
-34
-18
57
51
-7
-31
-126
-167
-178
-172
-145
-126
-85
-49
-41
-18
33
81
126
138
273
350
362
323
203
137
11
-23
-38
-19
22
15
-19
-39
-187
-263
-277
-236
-172
-85
-41
46
67
39
-6
-42
-133
-161
-175
-159
-124
-99
-53
-35
-25
36
67
107
135
241
323
382
379
306
198
143
22
-14
-17
6
41
36
-12
-37
-173
-236
-257
-213
-139
-45
-28
79
78
46
-5
-40
-116
-141
-157
-138
-101
-74
-17
-37
20
52
80
116
151
249
330
372
358
288
179
135
2
-14
-21
4
35
11
-19
-138
-219
-254
-261
-215
-144
-44
-25
65
59
23
-28
-25
-136
-172
-161
-150
-123
-95
-51
-41
-29
47
73
116
143
244
329
359
331
244
143
39
-17
-26
-28
-21
20
-17
-37
-175
-246
-281
-263
-213
-122
-37
-28
62
52
2
-28
-116
-157
-174
-161
-137
-109
-78
-42
-29
-7
52
99
132
145
271
354
370
319
219
136
31
-11
-29
-17
21
35
-12
-45
-169
-236
-260
-231
-173
-76
-29
53
83
61
11
-17
-49
-139
-145
-141
-123
-86
-55
-31
-24
45
66
116
127
222
295
371
379
335
246
141
39
-3
-28
-8
31
34
2
-39
-166
-236
-259
-233
-173
-93
-41
56
83
63
11
-27
-93
-147
-161
-154
-134
-101
-70
-41
-30
25
51
87
124
134
276
353
367
313
219
133
20
-27
-25
-33
3
23
-12
-37
-199
-253
-278
-265
-205
-108
-35
2
55
42
9
-42
-126
-168
-176
-167
-140
-119
-77
-44
-37
-25
49
89
127
151
280
347
340
293
201
138
21
-24
-25
-29
22
20
-12
-29
-185
-246
-265
-231
-167
-72
-34
63
68
51
1
-30
-113
-151
-165
-143
-118
-94
-55
-41
-18
42
69
115
131
227
299
367
372
308
217
130
31
-12
-7
8
47
45
-5
-35
-172
-241
-249
-220
-158
-53
-44
77
85
52
-5
-29
-118
-145
-161
-141
-122
-93
-49
-38
-31
38
62
115
136
229
314
372
371
294
187
137
7
-17
-22
5
26
20
-9
-110
-219
-268
-271
-226
-154
-65
-38
55
52
25
-20
-38
-140
-159
-173
-155
-131
-103
-74
-34
-35
23
71
103
133
231
298
351
331
276
148
83
-9
-22
-29
-21
26
9
-29
-151
-229
-268
-262
-213
-139
-45
-29
52
57
13
-19
-29
-143
-167
-156
-135
-108
-83
-42
-27
10
52
99
122
139
270
340
371
334
244
141
69
-5
-25
-15
21
38
16
-33
-153
-225
-249
-231
-166
-75
-38
59
87
68
25
-14
-31
-130
-179
-140
-120
-81
-62
-41
-21
42
75
103
139
217
295
355
361
323
223
137
25
-17
-22
-15
29
27
1
-44
-179
-239
-267
-245
-172
-79
-33
52
70
41
-3
-29
-124
-157
-159
-157
-129
-105
-59
-37
-30
20
52
97
129
211
283
343
335
276
175
143
-6
-23
-44
-32
18
14
-14
-124
-220
-269
-272
-241
-166
-85
-38
41
51
23
-14
-38
-140
-174
-173
-157
-130
-97
-63
-30
-28
36
64
107
145
227
321
370
347
279
180
145
7
-17
-25
13
36
35
-21
-41
-201
-257
-254
-209
-141
-44
-31
79
69
25
-13
-35
-127
-142
-153
-130
-101
-69
-49
-42
36
68
99
137
139
269
341
375
355
267
163
139
11
-14
-14
26
47
25
-23
-151
-220
-254
-249
-198
-111
-35
11
81
62
18
-27
-37
-140
-162
-150
-134
-107
-77
-49
-45
-20
35
90
130
141
269
339
362
331
239
131
30
-7
-25
-26
10
33
-9
-41
-176
-265
-290
-277
-204
-124
-41
-23
39
37
-2
-44
-126
-170
-171
-176
-150
-124
-93
-53
-28
-29
35
79
122
139
275
340
361
313
219
141
18
-26
-29
-29
23
21
7
-43
-194
-261
-267
-238
-183
-94
-37
51
69
52
-9
-24
-111
-149
-162
-144
-116
-103
-60
-43
-41
36
74
119
148
235
319
372
373
315
212
139
30
-2
-12
20
65
39
-14
-43
-198
-254
-262
-215
-139
-43
-29
73
79
43
-13
-30
-124
-146
-146
-146
-126
-103
-51
-34
-28
36
81
107
147
244
324
386
372
295
187
143
7
-28
-39
-9
31
27
-12
-114
-223
-269
-272
-236
-159
-59
-41
53
65
20
-22
-44
-155
-185
-183
-166
-139
-115
-70
-41
-30
-18
55
95
135
233
313
358
340
269
151
107
-21
-31
-34
-19
21
14
-23
-146
-246
-283
-282
-229
-149
-53
-28
63
66
19
-33
-29
-157
-158
-157
-151
-130
-95
-57
-43
-31
35
81
115
139
274
355
378
351
258
143
85
1
-17
-18
22
49
19
-31
-157
-227
-271
-249
-193
-105
-47
59
95
84
39
-22
-30
-140
-146
-150
-120
-103
-64
-40
-35
20
55
97
139
213
293
369
387
342
249
134
35
-9
-23
-6
37
44
16
-39
-169
-246
-269
-246
-182
-94
-29
55
69
54
17
-21
-108
-153
-177
-156
-141
-109
-69
-59
-40
7
48
82
130
178
290
355
369
302
206
129
3
-31
-33
-31
25
26
-24
-41
-204
-268
-288
-258
-178
-103
-73
49
61
36
-11
-38
-135
-167
-176
-172
-140
-111
-67
-29
-37
20
65
98
136
236
309
372
362
305
197
134
6
-17
-27
5
33
28
-15
-33
-204
-257
-265
-222
-143
-42
-29
67
55
41
-11
-41
-128
-145
-155
-126
-114
-76
-33
-33
15
53
87
131
146
276
349
395
361
283
169
150
10
-12
-9
20
52
26
-21
-145
-221
-258
-252
-197
-123
-37
7
77
75
33
-17
-37
-145
-173
-165
-129
-119
-73
-39
-44
-31
36
83
134
142
267
341
371
329
227
141
47
-19
-37
-37
14
26
-2
-43
-183
-254
-273
-268
-197
-113
-42
-12
52
39
-10
-34
-134
-172
-185
-171
-153
-119
-93
-53
-37
-34
42
85
126
137
276
354
363
307
210
146
18
-17
-39
-23
23
27
-12
-44
-204
-263
-279
-246
-172
-83
-38
72
73
53
10
-29
-130
-161
-166
-154
-118
-95
-49
-28
-29
31
58
103
141
245
315
387
385
322
206
142
17
-11
-12
21
45
50
-8
-44
-186
-254
-254
-211
-144
-53
-32
85
85
52
9
-33
-123
-149
-153
-134
-111
-76
-59
-30
-37
51
78
115
147
245
327
373
359
288
179
135
10
-10
-28
7
39
25
-17
-136
-217
-266
-269
-216
-143
-49
-29
66
69
23
-15
-39
-141
-169
-175
-156
-137
-101
-66
-39
-39
-6
51
99
137
240
325
357
338
263
146
47
-7
-28
-28
13
43
11
-21
-157
-236
-225
-268
-213
-124
-43
-25
74
65
20
-15
-29
-143
-172
-159
-140
-115
-85
-37
-33
-9
51
89
126
146
280
359
379
345
249
143
46
-5
-14
-18
34
42
14
-29
-168
-230
-253
-229
-172
-109
-35
65
90
70
35
-12
-29
-129
-140
-140
-116
-70
-65
-37
-33
26
70
102
133
233
297
363
383
327
235
143
27
-6
-12
-5
33
39
-9
-28
-173
-252
-268
-223
-156
-78
-37
59
70
51
0
-29
-124
-155
-171
-156
-127
-95
-76
-39
-43
7
52
102
127
199
295
356
353
280
176
135
-2
-18
-28
-28
10
14
-18
-123
-221
-268
-284
-240
-172
-66
-42
52
8
27
-11
-37
-140
-163
-160
-151
-124
-126
-72
-33
-39
29
71
116
137
231
308
355
353
275
167
139
9
-15
-17
19
42
24
-19
-120
-213
-251
-251
-204
-126
-40
-14
79
75
46
-11
-37
-116
-146
-143
-127
-101
-67
-41
-37
17
55
90
124
133
266
354
374
354
285
179
123
9
-12
5
37
52
35
-15
-133
-213
-253
-252
-182
-115
-35
1
62
73
36
-13
-38
-134
-150
-146
-128
-101
-69
-55
-44
-27
43
89
123
139
263
345
371
325
238
141
45
-5
-27
-19
21
35
-2
-39
-177
-246
-274
-251
-203
-109
-44
7
71
49
1
-33
-122
-151
-173
-171
-140
-109
-76
-50
-29
-28
38
91
131
139
283
343
346
303
209
137
21
-17
-23
-6
24
22
-12
-38
-183
-245
-256
-233
-169
-65
-45
52
73
43
5
-43
-109
-138
-143
-136
-108
-78
-59
-41
-28
46
84
123
145
243
323
357
347
295
195
134
25
3
-5
27
55
38
-12
-22
-181
-226
-236
-189
-109
-40
-25
73
87
46
-26
-39
-109
-140
-140
-123
-96
-65
-38
-34
18
59
101
122
141
271
341
375
337
259
157
131
15
-11
-12
23
57
9
-22
-152
-217
-248
-223
-190
-126
-41
-19
57
55
11
-24
-41
-146
-162
-147
-135
-109
-96
-49
-41
-28
45
87
122
141
258
323
354
294
202
131
36
-12
-29
5
14
21
-10
-41
-170
-236
-253
-245
-193
-101
-35
35
55
47
1
-31
-108
-155
-157
-140
-127
-103
-65
-41
-35
20
65
105
132
212
282
350
355
309
207
134
25
2
-12
5
42
39
2
-38
-177
-231
-241
-219
-146
-57
-44
65
77
52
11
-28
-35
-139
-140
-118
-102
-67
-43
-32
21
52
82
126
142
251
335
371
347
267
167
137
19
-13
-12
33
43
25
-17
-131
-219
-251
-241
-202
-114
-38
-25
59
55
20
-25
-42
-142
-163
-162
-131
-105
-71
-44
-37
-13
41
81
127
143
273
335
345
295
209
141
19
-13
-26
-23
11
19
-17
-26
-194
-259
-273
-241
-190
-85
-44
-17
54
31
-11
-50
-129
-159
-175
-159
-104
-101
-71
-40
-27
23
62
96
133
219
299
351
346
271
171
148
17
-14
-13
11
35
23
-25
-47
-194
-251
-246
-213
-142
-46
-34
61
65
21
-19
-26
-120
-145
-143
-123
-103
-66
-38
-44
36
71
113
131
199
287
355
371
323
238
135
110
7
-7
11
31
48
22
-29
-150
-202
-241
-201
-169
-79
-37
47
62
49
4
-29
-97
-143
-149
-140
-113
-85
-44
-29
-18
36
62
106
138
219
297
354
340
279
182
138
13
-25
-28
-5
26
21
-19
-73
-209
-246
-261
-217
-156
-65
-45
41
45
8
-33
-41
-143
-163
-161
-143
-119
-93
-65
-39
-37
35
74
118
130
244
331
339
309
215
134
26
15
-16
-28
12
34
-12
-31
-174
-231
-261
-236
-181
-113
-30
10
54
50
3
-37
-109
-147
-156
-137
-123
-77
-57
-39
-25
34
74
116
135
227
307
357
347
291
193
134
23
-5
-1
27
39
35
-6
-29
-177
-226
-227
-199
-122
-44
-34
53
65
41
-10
-29
-119
-137
-139
-124
-93
-66
-30
-44
30
67
88
127
143
263
337
371
325
243
151
71
0
-12
-10
33
37
5
-31
-172
-229
-251
-236
-187
-99
-35
-12
49
43
-11
-41
-123
-153
-165
-147
-119
-108
-67
-41
-30
35
58
98
123
143
281
337
329
275
167
137
-2
-26
-41
-25
11
7
-27
-118
-261
-197
-261
-233
-157
-72
-37
36
39
6
-22
-35
-144
-153
-159
-138
-109
-76
-37
-39
2
49
91
131
143
263
339
357
319
227
139
47
7
-23
-5
31
46
3
-34
-172
-230
-249
-231
-172
-78
-37
42
73
52
3
-27
-77
-138
-145
-135
-113
-72
-44
-37
18
52
87
123
137
238
313
367
355
291
186
137
26
-10
-12
11
39
25
-18
-53
-204
-238
-241
-205
-137
-54
-34
54
52
20
-25
-34
-143
-156
-150
-129
-104
-71
-50
-37
-29
36
78
124
141
257
338
353
319
227
137
35
-12
-22
-24
14
19
-15
-39
-181
-241
-273
-259
-204
-119
-42
-21
40
31
-5
-30
-127
-159
-168
-166
-137
-101
-69
-42
-38
20
36
83
131
135
286
342
340
293
185
139
14
-25
-28
-13
41
23
-21
-31
-199
-246
-254
-229
-161
-74
-33
52
59
42
-9
-31
-120
-140
-145
-123
-122
-76
-44
-39
-1
50
89
118
146
266
340
378
339
274
166
137
26
-5
54
29
52
15
-23
-139
-209
-239
-233
-188
-113
-30
4
67
57
30
-13
-29
-130
-145
-137
-124
-94
-57
-25
-28
43
67
86
129
142
276
343
345
307
212
133
35
-13
-23
-17
21
21
-5
-41
-178
-241
-258
-233
-175
-93
-34
23
54
22
-21
-43
-135
-161
-166
-157
-131
-106
-70
-42
-39
-2
51
86
127
143
292
340
327
251
158
139
4
-21
-38
-12
20
9
-23
-135
-204
-251
-257
-217
-149
-71
-42
45
50
21
-11
-35
-133
-154
-154
-138
-99
-74
-41
-40
-14
35
81
122
142
251
330
359
331
246
142
105
3
-12
-6
25
49
19
-27
-140
-215
-241
-236
-184
-108
-39
54
78
75
23
-16
-3
-119
-140
-139
-114
-76
-58
-28
-28
41
70
101
131
207
291
351
356
309
215
129
23
-27
-12
-3
33
27
-3
-33
-185
-249
-265
-236
-172
-77
-29
46
56
35
-13
-40
-111
-148
-153
-140
-109
-97
-63
-43
-33
21
66
99
130
179
283
339
322
259
163
133
0
-33
-37
-29
19
2
-25
-139
-220
-257
-261
-215
-171
-76
-33
29
35
11
-18
-43
-140
-154
-150
-129
-116
-77
-57
-34
-33
37
75
103
142
253
327
356
315
239
145
69
-9
-21
-22
25
42
19
-27
-153
-219
-251
-236
-188
-111
-43
-12
66
63
20
-17
-39
-119
-145
-135
-108
-66
-69
-37
-29
47
67
99
133
215
291
361
370
322
227
139
48
-12
-13
19
42
36
3
-37
-172
-233
-256
-236
-171
-78
-43
51
66
39
-3
-31
-106
-142
-142
-145
-110
-93
-65
-29
-31
35
59
99
139
212
292
355
351
287
180
131
-1
-24
-30
-16
30
25
-28
-123
-210
-278
-268
-236
-166
-76
-34
36
36
10
-19
-33
-133
-167
-161
-143
-120
-97
-69
-29
-37
32
62
102
133
227
315
346
334
258
148
116
-12
-13
-29
3
39
4
-28
-141
-217
-257
-254
-207
-137
-43
-34
59
56
23
-19
-49
-123
-146
-146
-133
-99
-65
-14
-41
21
63
99
137
161
267
349
369
329
231
142
103
14
-1
14
47
41
3
-41
-154
-220
-236
-229
-144
-73
-44
47
70
45
20
-28
-34
-124
-141
-133
-115
-95
-63
-33
-28
35
65
115
135
212
303
361
351
299
187
139
5
-9
-25
-5
36
30
-21
-41
-202
-257
-266
-236
-170
-81
-41
41
54
23
-19
-44
-134
-162
-163
-155
-131
-101
-74
-46
-39
21
63
99
127
223
302
343
321
239
154
126
-18
-30
-37
-15
19
-3
-30
-154
-226
-268
-268
-209
-149
-51
-41
53
50
7
-23
-38
-140
-149
-151
-130
-101
-81
-46
-31
-5
43
84
116
139
259
335
367
331
254
148
118
-7
-21
-19
27
42
20
-30
-146
-207
-241
-231
-188
-108
-41
41
77
73
23
-13
-35
-115
-144
-126
-104
-81
-60
-44
-63
43
78
115
129
217
295
360
362
298
212
138
35
-12
-25
3
36
20
-11
-43
-185
-238
-257
-230
-174
-85
-34
42
53
36
-6
-39
-119
-133
-156
-134
-119
-107
-60
-44
-44
27
61
99
124
202
292
347
327
275
179
147
-1
-28
-41
-26
20
13
-27
-138
-210
-267
-269
-236
-174
-78
-38
36
51
10
-30
-38
-140
-155
-154
-140
-108
-77
-50
-34
-34
39
81
118
142
241
323
353
322
258
157
130
3
-21
-31
15
31
13
-30
-154
-221
-258
-228
-194
-114
-43
-13
63
54
23
-22
-36
-124
-134
-129
-123
-93
-55
-41
-29
30
69
107
116
207
291
361
387
343
246
148
52
-2
-15
11
42
49
20
-41
-171
-226
-254
-232
-177
-93
-37
55
81
55
19
-28
-101
-142
-145
-139
-114
-86
-57
-30
-37
20
51
91
135
157
291
351
355
290
191
139
20
-27
-24
-28
23
35
-2
-31
-189
-254
-273
-246
-191
-101
-41
27
52
27
-13
-43
-133
-157
-172
-152
-124
-103
-66
-41
-39
14
36
87
128
127
282
344
349
278
185
139
11
-17
-31
-25
26
20
-15
-33
-190
-236
-267
-241
-157
-72
-43
50
66
36
-11
-44
-122
-139
-139
-130
-107
-79
-50
-35
-25
47
87
116
141
248
319
371
357
291
180
143
34
-5
-2
21
52
43
-17
-37
-195
-233
-236
-198
-124
-30
-27
83
83
43
-9
-34
-116
-145
-135
-120
-97
-64
-43
-41
15
45
74
120
141
245
331
359
354
275
175
134
1
-25
-25
35
39
21
-28
-98
-205
-251
-259
-229
-150
-60
-27
57
58
27
-37
-39
-139
-151
-167
-159
-124
-98
-57
-42
-33
26
46
100
135
219
308
339
313
254
149
134
-10
-21
-42
-25
23
11
-29
-141
-219
-246
-262
-223
-153
-62
-38
52
52
17
-12
-37
-135
-155
-149
-141
-107
-80
-44
-41
-11
42
80
115
133
239
317
365
343
275
163
130
3
-12
-22
16
43
25
-21
-85
-204
-241
-253
-204
-137
-43
-21
71
74
37
-11
-33
-108
-135
-133
-120
-87
-57
-30
-33
26
59
87
127
137
258
337
378
341
272
207
129
-1
-21
-12
16
52
33
-25
-108
-210
-261
-261
-209
-137
-47
-33
66
55
24
-14
-38
-138
-157
-155
-139
-106
-75
-53
-35
-27
20
69
106
141
227
315
353
331
235
137
52
-14
-40
-34
-37
19
6
-37
-151
-223
-279
-269
-236
-157
-71
-33
36
43
6
-27
-81
-150
-157
-165
-136
-109
-82
-53
-34
-41
35
79
114
139
244
322
363
321
246
145
94
-14
-18
-33
5
32
20
-25
-141
-225
-203
-263
-220
-140
-50
-30
66
64
24
-15
-29
-131
-158
-140
-124
-101
-66
-30
-37
21
52
84
116
133
254
327
376
347
267
153
148
1
-23
-21
13
43
27
-12
-130
-217
-258
-254
-216
-141
-45
-30
59
53
19
-18
-38
-137
-154
-154
-139
-108
-74
-45
-31
-21
45
75
118
139
251
323
363
335
246
143
75
-11
-20
-34
13
35
17
-27
-142
-218
-267
-263
-216
-138
-48
-28
55
52
19
-27
-47
-142
-172
-165
-134
-107
-83
-46
-33
-21
27
69
137
143
246
331
362
341
245
137
47
-12
-44
-31
6
30
3
-39
-155
-231
-265
-261
-213
-133
-44
-19
58
52
19
-34
-35
-147
-169
-154
-126
-108
-86
-50
-39
20
52
87
127
146
277
355
379
323
231
135
33
-9
-21
-13
37
51
17
-39
-166
-230
-249
-236
-161
-95
-41
55
81
70
20
-26
-33
-141
-140
-128
-97
-75
-46
-41
-29
30
58
104
131
213
283
355
365
323
229
141
20
-13
-22
-24
31
35
6
-39
-176
-236
-265
-246
-177
-97
-35
32
57
30
-3
-44
-120
-155
-157
-153
-127
-108
-76
-48
-35
-42
50
83
116
139
271
329
339
281
182
136
1
-25
-29
-41
-23
20
-13
-46
-201
-268
-284
-261
-202
-113
-45
-23
58
31
-13
-37
-129
-157
-166
-158
-129
-99
-64
-42
-41
23
49
86
123
134
290
349
366
308
195
136
0
-12
-30
-21
23
30
-5
-30
-177
-236
-257
-236
-172
-76
-35
63
79
57
19
-25
-78
-124
-144
-127
-93
-66
-44
-37
-27
49
77
119
133
230
311
346
371
303
205
141
19
-12
-25
-5
39
39
-10
-28
-187
-252
-254
-226
-166
-76
-29
55
73
43
-1
-31
-123
-151
-156
-140
-109
-76
-54
-28
-41
21
58
103
127
211
291
350
343
285
180
141
-12
-21
-41
-33
17
11
-19
-97
-204
-266
-278
-248
-182
-103
-37
46
42
21
-22
-43
-140
-165
-163
-140
-123
-99
-59
-41
-44
27
66
110
141
226
309
359
347
274
165
135
10
-21
-28
-11
33
27
-22
-54
-204
-251
-268
-222
-140
-55
-39
65
67
41
-14
-43
-123
-151
-144
-127
-101
-69
-44
-39
21
52
95
118
133
253
331
379
359
287
179
135
2
-17
-12
30
53
33
-17
-43
-210
-253
-253
-216
-138
-35
-32
81
65
25
-15
-39
-118
-153
-140
-124
-101
-71
-50
-35
-6
43
87
127
127
254
339
366
329
244
127
50
-12
-17
-28
5
27
7
-42
-162
-231
-274
-262
-205
-127
-30
-30
48
49
-5
-37
-120
-151
-159
-153
-137
-108
-71
-54
-43
-23
42
78
127
145
259
330
351
303
214
139
23
-11
-26
-23
15
27
-6
-30
-170
-241
-267
-246
-195
-109
-41
35
65
52
9
-34
-111
-141
-156
-141
-108
-63
-49
-39
-23
23
58
95
127
132
291
357
363
322
225
145
26
-5
-12
7
43
51
10
-49
-159
-225
-254
-233
-172
-76
-44
55
77
59
17
-27
-51
-137
-146
-127
-103
-71
-43
-49
-30
20
58
99
123
197
294
354
354
303
197
141
22
-18
-25
-12
35
34
-11
-44
-189
-236
-265
-236
-181
-94
-27
37
55
34
-7
-29
-123
-155
-151
-140
-120
-85
-61
-48
-38
-23
43
84
124
139
262
323
322
270
167
137
-10
-29
-31
-15
15
24
-15
-34
-204
-198
-268
-236
-175
-94
-28
41
55
37
0
-28
-133
-153
-154
-136
-114
-86
-46
-41
-35
22
70
99
127
133
285
343
347
290
187
141
15
-19
-25
-2
34
33
4
-37
-172
-236
-240
-224
-160
-73
-40
65
88
61
15
-25
-41
-119
-124
-111
-81
-49
-43
-41
-17
25
83
119
133
223
317
351
353
293
197
139
31
-12
-21
-5
46
47
0
-44
-172
-236
-251
-232
-174
-80
-37
55
63
53
17
-17
-106
-151
-151
-131
-108
-74
-44
-28
-38
1
46
84
127
141
273
326
335
277
187
143
15
-19
-29
-22
3
35
-12
-28
-189
-251
-273
-252
-199
-109
-28
-5
52
35
7
-42
-116
-151
-151
-149
-111
-79
-62
-32
-41
-7
55
82
122
142
265
335
339
291
197
135
27
-12
-23
0
39
39
7
-33
-168
-227
-251
-238
-181
-97
-41
52
78
63
18
-17
-27
-127
-136
-129
-94
-53
-39
-31
-22
27
58
97
130
149
274
350
371
315
225
162
43
-9
-15
6
53
52
20
-25
-149
-216
-254
-235
-183
-102
-42
37
71
71
33
-13
-41
-135
-137
-132
-108
-73
-54
-33
-43
19
50
83
118
136
244
323
341
303
215
137
33
-23
-23
-24
20
39
8
-33
-156
-224
-267
-265
-218
-133
-49
-32
51
33
10
-29
-103
-146
-162
-156
-135
-101
-76
-41
-43
-25
20
71
106
137
238
311
335
308
217
138
33
-13
-29
-28
19
36
15
-25
-145
-223
-265
-251
-204
-127
-42
-24
66
58
25
-15
-41
-124
-150
-142
-108
-76
-61
-31
-34
18
37
81
116
135
245
323
355
323
246
136
129
5
-18
-5
35
52
27
-11
-24
-199
-233
-232
-191
-118
-36
9
75
83
46
-1
-42
-118
-135
-133
-112
-79
-46
-31
-34
27
39
74
110
143
243
327
351
309
239
148
57
-3
-21
-12
29
52
23
-23
-140
-217
-263
-263
-219
-140
-53
-28
52
49
21
-18
-37
-143
-153
-147
-126
-105
-74
-45
-33
-28
20
58
97
133
217
298
322
283
221
131
21
-19
-30
-33
-5
35
4
-31
-153
-231
-268
-271
-221
-139
-48
-37
51
52
23
-14
-41
-143
-153
-153
-124
-86
-44
-34
-34
20
34
72
116
130
233
309
343
315
248
139
107
9
-19
-12
26
35
35
-26
-107
-205
-229
-241
-193
-122
-37
-22
74
83
42
2
-51
-119
-135
-134
-95
-65
-34
-28
-21
20
59
84
120
137
254
313
343
309
236
137
63
0
-15
-12
30
47
19
-25
-139
-217
-251
-251
-207
-127
-38
-22
64
54
19
-15
-37
-156
-154
-139
-111
-76
-46
-38
-41
6
34
71
103
137
229
299
315
289
211
134
20
-22
-19
-33
11
21
-7
-35
-159
-233
-268
-266
-223
-141
-55
-18
53
49
17
-24
-42
-141
-157
-156
-111
-86
-57
-37
-31
-18
29
75
105
139
218
296
327
299
222
139
49
-12
-23
-23
16
43
19
-21
-137
-197
-239
-244
-201
-137
-42
-27
63
69
43
-1
-32
-120
-140
-129
-109
-72
-53
-43
-35
23
47
77
146
138
231
308
355
325
263
157
129
19
-12
2
41
53
45
-12
-27
-186
-230
-243
-205
-140
-58
-36
67
73
50
1
-29
-120
-141
-135
-119
-94
-54
-44
-31
-26
25
53
87
126
137
275
319
313
253
159
127
17
-12
-29
-2
38
35
-12
-44
-185
-243
-257
-236
-185
-93
-41
38
51
27
-9
-43
-130
-147
-153
-140
-109
-76
-54
-43
-43
-16
54
87
115
143
259
319
315
254
171
137
9
-28
-29
-17
43
35
-8
-25
-173
-236
-256
-240
-181
-94
-34
39
68
53
6
-23
-41
-139
-124
-128
-97
-75
-42
-37
-26
23
51
90
124
138
251
327
338
291
212
142
31
-7
-9
15
54
52
15
-37
-152
-186
-251
-224
-170
-93
-37
49
68
59
23
-9
-44
-123
-130
-118
-75
-60
-33
-30
-37
18
41
83
127
143
244
315
337
294
205
143
31
-12
-24
-22
41
42
13
-33
-153
-227
-257
-251
-204
-126
-37
-34
58
49
20
-29
-29
-135
-147
-147
-124
-97
-65
-50
-33
-34
19
47
89
132
139
276
302
283
218
151
14
-21
-30
-33
-14
29
11
-25
-139
-219
-257
-243
-217
-152
-63
-45
53
52
27
-13
-34
-131
-154
-142
-113
-78
-61
-43
-37
-17
23
49
94
124
163
283
338
328
245
159
127
11
-17
-7
19
51
37
-11
-39
-182
-226
-236
-207
-140
-57
-31
74
84
54
14
-28
-45
-123
-129
-103
-75
-44
-41
-35
8
37
31
106
133
120
271
327
323
275
187
138
13
-13
-27
15
43
47
-1
-43
-174
-223
-243
-226
-172
-78
-43
39
69
55
17
-28
-113
-141
-149
-133
-108
-55
-43
-38
-31
6
38
81
118
138
245
299
299
263
181
143
27
-17
-30
-29
15
19
-19
-33
-159
-246
-267
-251
-189
-110
-41
-21
54
39
-6
-28
-114
-147
-147
-146
-108
-71
-54
-39
-41
-13
42
73
116
142
244
305
308
279
203
145
33
-21
-21
-5
27
38
9
-37
-157
-221
-236
-229
-177
-105
-35
23
67
53
19
-16
-39
-74
-133
-111
-83
-57
-31
-35
-21
30
63
99
123
135
273
323
334
289
212
137
32
4
-9
10
52
71
10
-29
-156
-214
-246
-236
-174
-109
-12
46
66
55
15
-24
-37
-135
-147
-127
-107
-73
-45
-29
-30
11
48
79
123
133
233
301
310
270
205
139
26
-11
-28
-14
20
31
0
-34
-177
-233
-259
-249
-207
-123
-34
-23
50
37
19
-31
-108
-156
-156
-142
-114
-106
-63
-45
-28
-42
20
53
97
138
215
278
309
278
217
135
37
-11
-23
-23
15
35
20
-21
-131
-205
-252
-236
-205
-137
-46
-37
52
65
31
-25
-45
-115
-137
-127
-102
-69
-44
-34
-31
8
35
63
118
139
227
291
334
311
246
158
137
11
-6
8
31
52
36
-15
-37
-183
-225
-229
-199
-138
-43
-28
77
71
51
-6
-33
-108
-124
-119
-105
-122
-57
-44
-38
-23
33
63
101
129
155
274
323
308
257
166
142
13
-16
-27
7
35
31
-15
-44
-173
-225
-251
-233
-169
-93
-42
45
52
35
-12
-29
-123
-153
-153
-140
-101
-75
-61
-44
-43
-21
29
67
112
133
236
306
297
259
179
139
2
-19
-19
-23
25
27
-2
-31
-179
-233
-268
-236
-193
-112
-34
-8
65
49
7
-21
-76
-129
-134
-123
-95
-65
-43
-41
-28
5
43
82
126
131
244
315
319
283
206
135
38
3
-7
6
43
45
-1
-42
-147
-206
-239
-225
-172
-96
-38
51
84
77
43
-17
-41
-111
-123
-105
-75
-55
-33
-37
-11
20
57
87
116
145
243
321
330
291
214
147
43
-11
-11
-9
36
47
20
-31
-150
-207
-253
-241
-193
-122
-50
-28
55
53
27
-14
-31
-132
-142
-149
-122
-79
-60
-39
-39
-23
26
55
101
129
177
279
307
283
217
139
31
-29
-41
-37
-6
31
3
-25
-153
-226
-274
-253
-219
-150
-63
-41
46
43
25
-21
-25
-137
-156
-140
-124
-95
-58
-41
-30
-37
16
52
95
127
167
276
314
293
228
147
97
-12
-17
-21
23
34
25
-13
-50
-197
-236
-246
-204
-142
-49
-30
57
69
39
-11
-27
-106
-123
-123
-106
-73
-41
-35
-27
19
39
71
109
120
217
291
339
322
249
161
144
52
-17
1
27
55
39
-22
-37
-190
-233
-245
-210
-133
-58
-44
53
59
40
-3
-38
-118
-131
-133
-113
-93
-57
-44
-28
-27
21
51
91
131
148
276
307
299
244
155
110
1
-13
-28
11
33
20
-26
-101
-201
-254
-259
-238
-167
-85
-43
27
41
19
-13
-28
-126
-156
-149
-119
-93
-99
-66
-41
-33
-13
43
81
126
147
258
307
302
239
147
127
3
-14
-23
8
37
20
-16
-33
-190
-240
-246
-219
-169
-69
-40
51
65
52
-5
-28
-111
-138
-140
-119
-86
-49
-43
-29
-22
30
51
91
123
143
282
323
326
275
171
141
29
-12
-5
27
51
41
-10
-69
-185
-220
-236
-210
-141
-55
-38
62
73
52
5
-29
-97
-130
-124
-109
-76
-57
-43
-34
-22
27
51
87
118
143
267
317
308
257
171
142
10
-12
-28
5
40
36
-14
-31
-195
-249
-261
-238
-172
-83
-35
36
61
26
-3
-43
-127
-151
-151
-170
-110
-85
-59
-45
-42
-29
21
57
100
138
243
294
293
244
149
129
10
-13
-28
-23
31
21
-17
-35
-190
-238
-262
-233
-172
-82
-42
35
52
42
1
-33
-110
-142
-140
-134
-85
-47
-45
-41
-24
25
43
79
123
147
251
308
308
254
162
139
26
-11
-11
14
42
45
-11
-41
-172
-217
-233
-205
-140
-55
-34
55
78
47
11
-28
-45
-120
-113
-105
-71
-45
-26
-39
-13
21
52
102
122
146
267
303
298
244
159
147
23
-1
-11
21
41
36
-21
-41
-185
-236
-239
-217
-153
-67
-41
39
52
37
-13
-27
-111
-142
-141
-112
-85
-69
-44
-29
-39
8
43
73
118
139
241
293
276
225
146
51
-11
-25
-35
-13
22
15
-28
-127
-209
-253
-258
-224
-161
-70
-34
39
42
20
-17
-44
-127
-156
-146
-127
-101
-57
-44
-33
-43
9
35
83
116
138
265
307
290
230
155
135
11
-13
-12
11
42
31
-17
-39
-182
-223
-230
-201
-136
-57
-29
58
63
33
-1
-27
-65
-108
-116
-101
-51
-49
-29
-29
-17
35
53
100
130
136
266
313
302
243
163
137
29
-2
4
34
51
41
3
-37
-174
-231
-233
-209
-151
-73
-35
49
55
35
-5
-33
-110
-124
-135
-108
-86
-74
-44
-43
-35
-14
53
81
116
143
243
281
273
215
137
67
10
-11
-22
3
33
9
-28
-134
-199
-241
-258
-224
-159
-78
-34
23
40
11
-10
-33
-126
-155
-155
-120
-106
-85
-62
-44
-40
-27
22
55
105
131
233
276
266
212
145
107
7
-13
-18
14
36
4
-15
-33
-183
-236
-238
-216
-143
-62
-29
46
51
33
3
-30
-103
-129
-126
-108
-99
-54
-57
-36
-40
-5
37
73
116
134
241
293
289
235
164
134
25
3
3
27
47
35
-9
-34
-169
-220
-231
-204
-111
-62
-29
51
66
52
16
-27
-42
-94
-119
-108
-80
-62
-43
-43
-44
-13
34
59
105
135
227
267
265
225
147
129
11
-14
-17
5
21
19
-21
-25
-177
-227
-243
-220
-160
-76
-37
22
42
36
-6
-38
-116
-137
-140
-119
-99
-78
-59
-50
-46
-39
-13
43
81
127
137
245
249
211
148
66
9
-18
-23
-13
23
9
-18
-39
-177
-221
-239
-213
-158
-77
-39
20
36
22
-14
-30
-33
-114
-130
-108
-93
-69
-55
-38
-33
-39
25
52
97
141
159
257
266
223
153
132
31
6
-5
25
39
39
-12
-38
-151
-202
-221
-193
-134
-55
-44
55
71
49
21
-18
-34
-101
-82
-93
-74
-43
-41
-31
-39
16
37
67
108
135
226
263
238
212
143
127
22
-2
5
23
25
17
-12
-37
-172
-211
-213
-187
-136
-59
-39
34
51
34
-5
-27
-78
-122
-119
-112
-83
-59
-45
-41
-44
-38
19
46
83
119
137
235
223
182
131
36
-8
-12
-28
5
15
7
-30
-98
-186
-223
-223
-201
-142
-76
-35
27
30
14
-12
-37
-102
-110
-160
-105
-77
-62
-45
-39
-43
-37
37
61
97
126
211
235
214
170
143
41
9
-11
11
26
35
5
-27
-113
-175
-205
-197
-162
-108
-38
-23
46
49
26
-3
-17
-40
-96
-95
-69
-48
-41
-38
-28
0
11
33
67
113
129
218
244
229
177
137
67
30
6
25
43
47
16
-29
-53
-163
-202
-200
-159
-102
-33
-43
42
50
27
-13
-29
-49
-105
-95
-85
-66
-44
-37
-42
-31
-29
20
53
96
124
145
213
193
151
137
31
1
-2
-3
21
27
-2
-33
-140
-187
-215
-205
-169
-118
-54
-15
17
20
-8
-18
-32
-102
-110
-113
-78
-76
-71
-47
-40
-37
-44
-13
39
84
120
147
201
180
147
139
35
5
-6
2
30
33
3
-28
-116
-171
-186
-179
-145
-99
-44
-26
26
30
9
-15
-31
-42
-93
-78
-64
-44
-41
-39
-37
-29
2
25
57
105
129
193
215
196
146
137
49
22
20
33
52
51
14
-12
-37
-149
-173
-165
-127
-69
-33
2
43
52
31
-6
-23
-40
-85
-87
-67
-35
-43
-44
-41
-71
-37
-26
31
67
114
120
195
187
150
141
45
7
-2
-1
31
46
26
-15
-59
-154
-192
-188
-165
-111
-57
-37
15
25
22
-15
-26
-41
-101
-101
-98
-72
-57
-46
-43
-44
-44
-38
-28
33
79
113
131
142
147
143
46
14
-1
-12
9
26
29
-10
-29
-123
-162
-181
-174
-139
-85
-37
-44
29
22
5
-21
-31
-41
-78
-74
-74
-44
-34
-29
-33
-30
-25
11
39
69
115
127
137
165
135
138
33
15
19
23
40
52
34
-12
-33
-129
-153
-157
-129
-82
5
-28
38
48
25
2
-15
-30
-37
-41
-45
-39
-31
-27
9
-22
-14
5
31
54
100
133
131
163
143
139
69
20
21
19
27
37
27
-3
-23
-116
-144
-172
-149
-110
-65
-33
-21
34
14
1
-21
-42
-53
-75
-61
-55
-33
-27
-43
-44
-39
-29
-25
21
63
99
131
131
137
90
39
4
-1
-1
10
26
26
-1
-31
