9
30
20
17
10
22
4
4
7
9
-5
0
7
9
-5
15
1
18
1
9
23
4
10
11
-11
-1
-8
1
3
20
-13
-8
-11
-22
-7
-12
-12
-11
-11
116
24
1
-17
-1
-11
-16
-12
3
-15
-5
-12
1
-5
2
-6
0
4
3
-2
-14
3
6
-5
17
-11
-2
18
116
11
-5
3
-8
3
18
11
27
-13
9
9
9
7
5
7
-82
27
20
17
7
-1
10
15
17
20
6
10
29
29
20
24
25
20
19
19
24
31
26
20
33
23
23
25
7
37
25
30
37
20
39
20
35
-11
26
23
39
26
10
22
19
25
17
9
33
25
11
25
23
9
11
151
36
13
23
15
17
11
9
14
20
9
1
1
3
-2
2
3
1
15
11
14
-7
3
-1
9
6
-12
-6
3
-12
-1
3
-9
-3
-12
-24
1
9
1
-2
-12
-10
-11
-29
-1
-10
3
-13
17
-1
-1
6
-17
5
3
-13
-9
2
7
-2
15
7
1
7
7
0
30
3
6
3
9
6
17
20
-14
19
11
7
7
15
3
16
-2
21
5
-5
18
9
15
17
13
20
17
23
13
30
31
41
17
26
23
41
35
23
20
26
63
21
20
20
19
25
21
26
121
25
-5
19
31
23
11
3
66
19
19
21
10
31
-45
31
15
6
9
20
-2
2
-2
11
20
10
6
-17
20
18
13
13
48
17
3
20
9
-1
14
9
-9
-10
11
-10
16
17
3
-1
10
34
-3
-2
-10
-12
-7
-10
3
-1
-12
-9
-1
-2
-5
-24
6
5
1
-1
-16
-12
-2
6
-2
-12
-14
54
-7
-3
-18
-12
41
-16
11
9
-9
6
-11
-3
-15
19
6
-9
-12
14
0
1
-9
2
24
20
2
26
23
46
3
10
9
21
11
52
20
19
8
37
15
21
23
27
9
30
43
23
42
21
27
39
23
47
33
25
25
23
27
22
35
23
23
15
3
18
6
22
31
23
6
20
20
21
15
17
22
3
24
9
23
-1
3
5
34
7
-9
16
11
-1
9
5
2
14
-15
1
3
9
29
3
-1
3
1
-7
-12
3
-9
67
11
23
-5
9
-7
-21
20
0
2
18
-12
50
-14
-14
-13
-34
-25
-57
-15
-27
-13
2
11
17
-3
20
5
7
9
-2
20
18
2
16
-1
-9
6
14
-12
-10
-2
1
2
5
-5
-6
17
4
-9
8
1
3
19
15
11
9
25
19
20
18
18
10
20
30
-44
11
11
22
7
17
20
36
20
23
17
26
34
21
26
-6
7
16
5
34
20
14
37
19
52
50
57
30
30
36
35
35
32
20
23
26
5
24
10
17
-1
-12
-11
-12
-1
7
6
-1
14
4
35
31
20
36
30
46
49
27
18
5
3
-2
15
19
8
-8
-17
-16
-31
-73
-27
-27
-82
-25
-44
-28
-9
37
41
29
52
44
36
21
11
6
3
-17
25
-28
8
-34
-31
-21
-1
37
7
-1
20
-11
3
-1
-2
-6
3
-6
-18
-12
-18
-28
-28
-33
9
-7
5
-17
19
51
75
59
57
59
52
55
49
37
25
22
19
31
-3
20
15
13
-5
-17
-5
-31
-46
-31
-31
-43
-13
-2
59
84
115
91
89
107
84
80
101
59
36
15
4
-9
9
-9
-3
3
7
22
24
25
22
28
42
27
23
24
14
-15
-18
-21
-29
-19
-53
-60
-53
-40
-45
22
51
67
78
69
63
62
52
57
37
21
21
16
5
-10
-11
-6
-26
-11
-7
9
13
2
-12
-1
-31
-76
-105
-137
-138
-135
-125
-93
-19
24
71
79
73
86
103
89
78
36
13
2
-12
-19
-45
-41
-38
-18
2
7
3
-7
-42
-7
-28
-18
9
-44
10
20
21
-9
-25
-21
-28
-34
-114
-109
-114
-97
-34
27
89
95
97
130
136
163
84
84
67
58
35
-12
15
-23
-54
2
8
3
20
28
20
37
45
20
3
22
47
23
13
-24
-28
-28
-76
-119
-137
-118
-47
-9
91
121
128
111
143
151
148
77
70
35
31
15
0
-33
-31
-33
-33
-5
17
8
22
19
1
-4
-2
26
15
9
-37
-13
-29
-71
-134
-150
-172
-143
-76
-30
33
67
105
123
148
133
102
67
49
42
11
-15
-12
-41
-37
-49
-17
-34
-38
-28
-6
1
-5
-7
20
14
19
-10
-22
-15
-65
-97
-138
-173
-200
-183
-140
-51
-30
107
148
148
159
147
151
135
67
48
39
21
-28
-29
-37
-44
-3
-81
73
-6
-9
20
3
54
17
27
3
-19
-37
-41
-67
-103
-139
-157
-175
-172
-78
-17
116
133
171
179
195
211
179
148
108
69
70
-15
-7
-21
-16
-44
-10
24
26
42
47
61
84
52
20
16
-36
-70
-95
-133
-149
-165
-182
-213
-190
-82
-33
153
209
191
146
163
189
207
147
46
25
34
2
-101
-16
-65
-41
-39
4
20
11
27
74
58
43
-21
-38
-85
-113
-129
-149
-172
-204
-208
-219
-176
-108
-19
125
151
147
163
193
131
132
142
61
52
23
21
-33
-22
-38
-41
-40
-26
7
33
78
69
52
-13
-24
-93
-151
-159
-159
-204
-141
-249
-229
-183
-78
-45
138
147
179
191
243
244
199
130
129
43
80
31
-5
-27
-13
-28
-9
7
3
33
52
83
71
35
-11
-37
-97
-108
-156
-157
-171
-157
-207
-235
-155
-27
109
143
239
223
233
257
242
175
147
154
84
65
-59
-27
-22
-44
-22
-15
-1
-11
33
81
94
66
8
-28
-149
-181
-189
-221
-246
-221
-265
-250
-171
-19
130
131
245
230
247
277
228
111
148
73
43
31
10
-39
-76
-85
-51
-18
-38
-18
-12
22
71
66
18
-26
-109
-169
-172
-195
-194
-198
-233
-268
-284
-219
-69
-13
150
212
212
246
247
229
169
137
79
59
59
19
-22
-29
-53
-23
-27
-28
-17
2
6
52
71
61
25
-25
-106
-145
-140
-158
-172
-179
-210
-262
-227
-123
-42
126
218
235
238
270
279
222
161
138
144
91
72
-2
-7
-25
7
-35
27
27
0
14
17
27
20
31
-18
-44
-106
-140
-171
-188
-173
-183
-231
-166
-155
-42
41
146
191
262
245
258
259
174
152
148
89
21
27
-21
-29
-41
-28
-28
-12
-14
-28
-33
-9
20
3
-9
-28
-133
-172
-172
-173
-197
-217
-246
-250
-175
-61
19
147
138
191
221
249
212
159
147
75
50
35
-5
-43
-69
-61
-30
-28
-18
-23
-31
-25
5
-13
-10
-21
-29
-26
-64
-108
-134
-158
-169
-167
-231
-240
-214
-63
-25
126
154
198
154
246
283
209
147
148
98
71
49
-25
-31
-61
-39
-23
-38
-12
-17
13
38
30
26
22
89
-31
-54
-101
-114
-140
-166
-158
-229
-255
-189
-49
15
133
222
214
231
273
254
225
149
143
130
83
43
-26
-18
-41
-29
-22
-12
3
9
26
33
33
11
-11
-12
-31
-119
-141
-157
-175
-193
-209
-229
-231
-140
-53
107
154
179
221
241
257
213
173
158
99
76
52
-22
-39
-65
-64
-45
-22
-37
-45
-37
-15
-6
7
-21
-28
-76
-117
-62
-166
-220
-203
-215
-261
-248
-204
-85
-33
134
131
195
212
183
219
210
155
154
148
85
20
-18
-29
-44
-30
-13
-28
-7
-7
1
3
19
-1
-8
-9
-81
-135
-134
-153
-161
-188
-203
-236
-225
-126
-22
125
131
209
223
257
275
225
185
149
148
118
66
27
-21
-39
-38
-1
16
9
9
20
46
49
27
-9
-13
-28
-141
-122
-149
-181
-185
-203
-234
-224
-123
-21
112
135
226
223
255
277
238
180
144
135
94
71
-1
-28
-15
-31
-28
-26
-10
-4
-7
18
31
23
26
-28
-80
-151
-190
-201
-208
-207
-236
-261
-247
-151
-12
87
147
207
207
214
259
217
180
152
133
78
55
-7
-34
-60
-59
-37
-15
-38
-32
-23
-35
13
117
-11
-21
-76
-157
-172
-193
-222
-215
-234
-261
-261
-165
-32
103
131
213
219
244
275
247
180
163
147
104
53
33
-12
-44
-27
-25
-36
-21
-13
-7
27
46
17
3
0
-28
-127
-175
-188
-223
-220
-206
-221
-209
-139
-37
149
212
234
243
263
297
253
227
179
150
147
69
26
2
-25
-43
-37
-11
3
-11
-13
25
34
22
20
-15
-26
-124
-171
-216
-219
-221
-221
-247
-235
-144
-19
122
136
217
246
259
276
243
197
159
135
82
49
20
-29
-37
-47
-32
-15
-39
-45
-45
-27
-12
18
20
-37
-33
-147
-195
-199
-230
-207
-226
-245
-262
-204
-76
-18
133
217
227
245
265
244
203
163
131
103
58
20
-24
-30
-65
-57
-44
-9
-41
-25
-44
-6
4
22
-10
-25
-130
-185
-190
-202
-229
-225
-240
-268
-217
-76
-25
141
229
245
259
306
267
215
179
161
137
143
57
9
-37
-17
-35
-32
-6
-9
2
3
47
43
49
-12
-19
-103
-146
-171
-191
-189
-209
-220
-207
-203
-124
-5
150
247
255
263
293
307
261
189
157
154
148
61
7
-34
-27
-43
-39
-29
-27
-18
5
20
41
42
-12
-20
-121
-163
-190
-213
-221
-242
-267
-274
-263
-137
-38
125
139
231
243
271
289
245
191
150
147
137
81
9
-15
-27
-29
-53
-13
-42
-44
-33
-31
-33
-5
-6
-44
-189
-189
-205
-233
-230
-245
-248
-263
-281
-201
-67
-21
131
235
239
257
299
275
233
207
147
137
147
62
-3
-12
-29
-40
-33
-40
-27
-37
-12
19
31
-13
-25
-32
-107
-181
-206
-203
-222
-221
-257
-284
-205
-108
-41
150
267
271
308
335
312
259
219
194
161
147
147
22
-27
-29
-13
-12
-15
-13
-13
3
35
64
51
17
-14
-108
-139
-190
-220
-213
-242
-246
-284
-247
-153
-42
143
239
275
286
322
331
278
227
181
151
142
142
16
-29
-31
-65
-66
-70
-83
-60
-41
-12
11
46
5
-31
-108
-143
-200
-220
-236
-234
-268
-297
-287
-236
-93
-15
153
239
242
293
307
275
231
174
146
139
153
14
-3
-31
-65
-58
-63
-58
-67
-29
-27
-22
26
18
-19
-29
-149
-177
-204
-236
-235
-262
-266
-303
-284
-153
-29
148
229
262
281
334
320
267
219
181
159
131
115
0
-23
-30
-21
-41
-33
-44
-33
-28
7
53
52
20
-12
-39
-217
-205
-218
-205
-239
-265
-267
-231
-145
-22
126
254
277
305
340
347
307
235
202
173
174
155
36
-24
-28
-26
-17
-15
-41
-28
-14
-24
83
40
34
-23
-16
-137
-189
-187
-219
-247
-230
-271
-284
-223
-58
-13
162
245
279
303
308
308
227
171
155
201
115
51
-5
-27
-72
-63
-47
-70
-59
-29
-25
-28
36
34
-6
-77
-137
-175
-220
-229
-245
-245
-285
-315
-238
-141
-39
146
223
247
271
318
299
255
215
151
149
131
57
83
-23
-21
-45
-45
-26
-28
-27
-29
11
35
52
10
-24
-108
-166
-186
-236
-258
-194
-291
-303
-253
-140
-41
143
246
262
293
359
335
299
229
185
180
155
154
20
-5
4
-27
-29
-44
-34
-47
-19
26
59
38
20
10
-13
-155
-173
-173
-153
-253
-251
-285
-284
-226
-27
148
235
278
286
312
313
285
228
187
163
147
138
3
-26
-29
-71
-7
-42
-59
-57
-35
-33
31
31
5
-15
-27
-113
-186
-213
-238
-249
-285
-284
-297
-204
-44
115
148
227
290
273
323
275
219
183
241
148
86
11
-29
-54
-74
-76
-65
-65
-58
-28
-37
9
20
-7
-29
-25
-188
-181
-221
-161
-283
-295
-309
-269
-172
-42
125
222
256
273
314
303
308
219
171
127
169
153
22
-30
-17
-34
-45
-42
-31
-17
-29
-22
35
7
19
-23
-21
-103
-151
-201
-225
-231
-241
-282
-272
-156
-22
126
238
267
276
327
335
309
239
202
163
143
199
36
-17
-28
-24
-45
-39
-34
-25
-13
-12
30
36
5
-31
-14
-138
-175
-219
-250
-255
-275
-313
-284
-182
-44
130
213
245
251
317
319
267
212
162
155
152
71
23
-45
-117
-79
-42
-58
-55
-65
-29
-1
-2
2
-17
-23
-27
-122
-169
-209
-217
-225
-271
-306
-290
-219
-76
81
137
229
251
291
307
255
265
165
149
148
75
26
-17
-37
-7
-97
-67
26
-44
-9
-26
20
22
17
-7
-41
-86
-149
-201
-217
-236
-249
-287
-281
-194
-41
116
147
249
255
307
318
295
251
189
150
139
154
44
-13
-27
-28
-53
-26
-28
-65
-12
5
35
-11
71
-1
-13
-13
-105
-165
-193
-224
-237
-256
-291
-184
-58
111
142
244
261
303
307
308
260
197
159
116
116
31
9
-12
-81
-65
-61
-28
-58
-18
-22
14
37
9
-12
-25
-113
-149
-178
-205
-229
-266
-313
-295
-224
-53
53
135
225
267
291
311
277
241
171
149
148
81
18
-27
-78
-75
-82
-95
-59
-57
-55
-14
-9
-1
-5
8
-35
-110
-157
-177
-217
-248
-263
-271
-298
-236
-93
-12
158
231
247
291
325
297
249
207
147
141
151
74
-18
-103
-36
-34
2
-38
-39
-44
-42
20
1
20
9
-3
39
-85
-107
-181
-225
-237
-292
-298
-247
-108
-33
146
233
255
293
337
318
275
223
187
177
149
135
22
-13
-29
-53
-38
-13
-12
-30
-28
37
30
25
7
-12
-28
-99
-135
-189
-189
-213
-258
-281
-277
-185
-29
130
89
209
257
299
333
283
217
202
148
151
134
5
-17
-69
-81
-61
-75
-76
-42
-44
-33
-2
7
7
-6
-41
-85
-158
-197
-209
-239
-259
-293
-298
-231
-76
-23
148
211
243
259
309
299
257
210
155
141
142
52
-22
47
-65
-69
-103
-69
-44
-44
-17
5
-17
-12
-25
-28
-33
-126
-159
-171
-175
-220
-271
-300
-284
-149
-29
145
198
239
271
315
313
272
227
191
180
155
74
11
-44
-29
-29
-41
-52
-31
-31
-29
39
31
48
-12
-12
-19
-44
-79
-135
-169
-188
-216
-266
-284
-214
-76
-28
155
233
245
289
330
311
267
215
177
143
149
87
6
43
-45
-62
-46
-59
-29
-31
-29
-1
13
-2
-3
-9
-42
-114
-146
-174
-182
-222
-215
-335
-239
-173
-26
109
143
274
212
299
310
291
244
165
138
134
83
1
-29
-76
-94
-93
-81
-153
-142
-40
-9
-14
-50
30
-42
-47
-86
-129
-173
-199
-195
-238
-285
-313
-249
-109
-28
131
206
228
258
302
298
239
195
153
144
145
34
9
-45
-93
-65
-45
-58
-44
-49
-28
2
19
9
1
-2
-24
-81
-121
-143
-165
-178
-250
-238
-300
-192
-40
115
133
241
250
311
326
309
251
209
171
160
148
35
-19
-37
-25
-61
-13
-37
-84
-25
-28
35
14
22
-3
-14
-28
-94
-115
-155
-150
-181
-272
-263
-247
-156
-17
135
161
242
254
291
345
259
227
173
191
153
159
5
-69
-81
-93
-77
-76
-136
-27
-29
-42
55
79
-12
-2
-28
-108
-121
-170
-161
-205
-241
-300
-327
-241
-99
-17
126
180
221
259
295
287
227
184
148
149
131
11
-34
-69
-86
-76
-94
-70
-50
-46
-26
-18
-12
-5
-17
-23
-45
-87
-143
-151
-174
-185
-236
-273
-282
-213
-59
78
166
213
246
286
326
277
191
244
175
155
160
38
-12
-43
-59
-49
-44
-49
-42
-28
-29
38
0
19
2
5
-12
-26
-127
-155
-129
-191
-225
-250
-286
-162
-25
65
153
227
249
327
335
294
241
193
167
151
148
2
-21
-29
-74
-53
-54
-44
-58
-43
-29
9
19
14
-10
-23
-47
-113
-125
-159
-158
-193
-234
-300
-285
-156
-33
120
135
202
217
297
293
276
210
171
138
131
77
3
-26
-87
-97
-77
-83
-76
-73
-27
-12
-39
-27
-23
-33
-27
-101
-129
-161
-183
-177
-210
-267
-315
-266
-139
-27
95
133
197
233
299
308
277
239
175
142
138
55
-13
-13
-72
-106
-75
-61
-9
-44
-28
-17
23
-13
-3
-26
-34
-42
-122
-151
-156
-189
-220
-253
-293
-194
-37
27
143
203
223
275
277
314
265
207
161
160
215
41
-12
-10
-44
-55
-59
-29
-33
-15
-28
11
18
-2
9
2
-11
-9
-119
-117
-145
-167
-205
-264
-282
-202
-69
85
161
194
227
286
303
290
233
187
180
163
149
37
-15
-13
-76
-69
-69
-69
-71
-33
-12
-31
-14
-3
-27
-33
-43
-95
-119
-151
-97
-177
-223
-251
-290
-204
-58
34
139
156
187
255
289
259
227
177
149
164
135
20
-12
-62
-76
-79
-59
-78
-108
-47
-14
-44
-8
-66
-12
-43
-76
-124
-189
-154
-154
-161
-247
-281
-300
-178
-38
113
148
199
229
302
314
295
221
195
155
141
162
19
-11
-28
-47
-60
-47
-59
-43
-44
-15
7
10
1
-13
-14
-31
-93
-134
-121
-139
-185
-230
-261
-241
-139
-22
126
164
218
255
287
305
290
244
214
187
171
133
34
-12
-18
-12
-44
-62
-54
27
-67
-22
-6
6
-10
-12
-9
-13
-98
-214
-155
-174
-209
-264
-295
-247
-118
-41
126
131
223
243
314
291
237
217
180
175
148
125
-5
-31
-65
-85
-105
-85
-125
-49
-30
-12
-29
-12
-43
-29
-63
-93
-125
-142
-162
-187
-242
-285
-309
-207
-101
-43
147
139
210
263
311
297
244
208
180
169
152
71
-5
-23
-76
-46
-44
-69
-70
-34
-21
-18
4
-12
-22
-10
-17
-59
-108
-125
-141
-172
-188
-251
-280
-202
-61
67
153
229
212
267
323
289
266
219
190
190
143
149
-5
-31
-43
-54
-57
-45
-45
-15
-37
6
5
-13
-1
-1
-13
-26
-124
-154
-129
-151
-209
-204
-268
-167
-34
100
152
223
257
319
353
305
246
195
170
163
154
35
-27
-26
-74
-62
-74
-60
-57
-43
-31
-26
-26
-12
-22
-30
-46
-153
-152
-160
-174
-198
-268
-315
-269
-150
-38
107
136
190
233
302
299
247
206
161
139
150
54
-14
-25
-85
-93
-93
-82
-77
-53
-41
-42
-21
-33
-32
-22
-12
-105
-129
-165
-168
-188
-206
-273
-304
-255
-107
-44
145
199
243
291
323
323
275
217
177
163
161
107
-28
-19
-76
-54
-80
-58
-37
-38
-14
-15
-1
9
11
-28
-18
-29
-110
-135
-146
-165
-202
-243
-285
-219
-73
3
148
217
255
299
331
319
297
234
191
166
131
148
-39
-29
-56
-67
-45
-58
-44
-33
-37
-10
19
-5
-13
-15
-30
-115
-146
-170
-159
-213
-266
-294
-305
-188
-45
107
151
227
245
291
319
301
231
208
180
145
148
10
-42
-93
-86
-102
-94
-85
-76
-44
-21
-12
-14
-21
-35
-30
-107
-139
-172
-193
-200
-204
-274
-323
-300
-172
-30
121
162
215
234
305
323
291
249
190
170
139
133
20
-27
-98
-95
-70
-70
-70
-58
-33
-37
-22
2
14
-21
-28
-108
-137
-154
-172
-192
-204
-273
-310
-247
-103
-43
148
235
233
283
341
369
279
249
198
187
149
126
7
-28
-38
-69
-74
-49
-56
-46
-21
-19
14
19
5
-9
-31
-105
-141
-150
-153
-182
-223
-285
-289
-193
-34
111
146
246
276
323
341
315
274
219
170
175
155
43
-3
-27
-73
-57
-76
-76
-70
-39
-12
-13
-15
-14
-12
-25
-95
-154
-133
-169
-201
-222
-295
-321
-277
-142
-27
147
151
212
248
323
308
277
214
166
149
149
47
-28
-37
-108
-98
-108
-96
-73
-54
-29
-42
-29
-29
-12
-35
-78
-111
-144
-173
-181
-213
-233
-306
-303
-231
-61
85
143
228
234
289
330
315
249
222
180
155
155
49
-31
-44
-78
-76
-65
-61
-57
-39
-28
-1
-7
14
-12
-25
-43
-117
-157
-172
-169
-202
-265
-293
-265
-129
-25
123
227
251
289
355
355
309
259
215
197
192
148
20
-45
-19
-58
-45
-61
-62
-60
-39
-12
-13
-5
2
-26
-31
-94
-139
-163
-177
-203
-236
-293
-305
-225
-76
57
152
214
247
291
339
345
293
196
178
159
142
9
-11
-32
-65
-76
-85
-93
-77
-46
-44
-26
-33
-33
-13
-54
-101
-139
-191
-198
-189
-235
-268
-329
-303
-189
-25
123
145
193
239
302
315
291
231
180
157
159
123
-17
-28
-76
-93
-71
-57
-73
-61
-29
-35
-12
-11
-44
-28
-86
-121
-147
-155
-162
-204
-237
-305
-327
-236
-72
71
148
229
249
321
335
330
251
227
155
170
170
52
-15
-43
-98
-61
-62
-57
-69
-36
-48
15
23
-5
-12
-22
-1
-79
-113
-131
-154
-190
-223
-284
-280
-142
-41
135
148
226
246
319
339
318
243
195
185
144
135
23
-5
-54
-66
-85
-58
-67
-50
-35
-45
-43
-16
-21
-22
-28
-120
-137
-189
-173
-205
-231
-300
-326
-245
-73
-13
148
175
214
276
311
340
269
218
174
148
143
16
-43
-83
-94
-79
-85
-93
-80
-51
-34
-17
-28
1
-38
-42
-96
-119
-169
-166
-174
-185
-251
-337
-284
-171
-13
130
122
219
263
325
314
295
263
211
191
145
139
23
-45
-55
-69
-59
-41
-72
-37
-27
7
15
7
-12
-26
-39
-71
-111
-140
-162
-172
-221
-307
-301
-215
-30
107
171
234
261
308
342
371
311
227
210
201
148
49
-9
-22
-76
-44
-74
-39
-37
-12
-11
19
-9
-21
-29
-41
-38
-107
-133
-139
-155
-172
-238
-286
-295
-178
-9
139
148
183
227
313
321
310
241
217
179
139
148
-13
-39
-106
-69
-93
-71
-93
-76
-43
-39
-28
-44
-41
-76
-73
-103
-139
-158
-173
-172
-211
-282
-327
-285
-141
-30
147
143
180
229
323
303
251
246
155
148
155
45
-10
-49
-107
-97
-73
-54
-79
-31
-14
-28
-12
-1
-13
-16
-99
-117
-138
-147
-145
-206
-249
-318
-286
-140
-28
131
197
228
273
321
345
322
244
210
190
157
158
18
-45
-41
-25
-114
-11
-28
-20
-13
18
7
-3
-16
-36
-28
-27
-86
-124
-119
-141
-174
-250
-315
-225
-105
-12
146
222
234
271
329
341
294
265
190
180
148
147
-16
-61
-82
-59
-76
-46
-50
-31
-31
-12
-28
-12
-12
-53
-82
-111
-155
-149
-165
-197
-267
-322
-297
-161
-61
131
167
187
223
311
327
271
232
203
182
148
89
-18
-29
-103
-76
-81
-76
-82
-55
-46
-22
-39
-17
-44
-53
-66
-96
-118
-156
-159
-176
-221
-299
-310
-254
-93
20
147
159
195
261
329
313
257
217
187
180
150
49
-13
-37
-73
-65
-54
-65
-44
-44
-28
-5
-22
-12
-21
-21
-71
-109
-131
-141
-140
-163
-236
-300
-270
-123
-40
127
169
223
238
329
357
323
245
213
187
187
123
-10
-19
-31
-49
-55
-46
-32
-49
-44
20
3
-27
-22
-18
-12
-49
-77
-108
-101
-108
-173
-242
-316
-261
-143
-39
141
155
203
251
340
309
259
228
197
190
116
131
-6
-31
-97
-59
-76
-55
-65
-33
-13
-43
-23
-17
-10
-67
-73
-101
-135
-154
-141
-193
-237
-327
-333
-195
-44
128
151
174
205
276
330
299
214
192
163
165
137
3
-28
-71
-83
-79
-50
-76
-44
-11
-15
-15
-26
-42
-58
-66
-93
-62
-80
-137
-129
-160
-237
-298
-293
-137
-44
130
165
191
231
318
278
259
223
185
183
161
151
3
-39
-65
-65
-57
-45
-44
-44
-28
37
-15
0
-34
-43
-13
-59
-93
-121
-119
-140
-181
-283
-295
-183
-33
125
147
199
223
293
338
326
277
215
181
184
144
39
-21
-38
-95
-47
-42
-50
-39
-28
4
6
11
-37
-29
-58
-66
-103
-125
-140
-143
-172
-234
-326
-295
-171
-26
118
122
177
225
307
287
279
207
181
153
148
101
3
-38
-105
-82
-85
-69
-73
-49
-47
-31
-27
-54
-37
-62
-86
-149
-111
-114
-127
-139
-204
-275
-321
-250
-93
-23
142
152
197
256
299
287
241
207
170
171
151
42
-30
-37
-93
-83
-67
-76
-44
-15
-11
-12
-11
-27
-26
-34
-45
-108
-97
-127
-125
-154
-204
-274
-306
-194
-36
119
146
201
210
341
318
338
243
212
187
166
131
32
-33
-30
-44
-53
-27
-31
-25
-33
23
-5
-12
-27
-25
-35
-41
-82
-109
-126
-125
-189
-283
-305
-257
-137
-15
126
153
194
258
310
317
259
246
212
187
141
52
-31
-29
-85
-47
-69
-54
-69
-43
-13
-6
-12
-13
-39
-77
-97
-124
-113
-166
-125
-149
-261
-302
-327
-201
-38
96
130
145
186
276
282
277
227
187
170
129
148
5
-45
-81
-86
-95
-64
-76
-45
-48
-21
-17
-28
-28
-69
-78
-82
-115
-117
-121
-150
-183
-238
-325
-281
-140
-30
128
148
193
218
297
323
263
228
201
179
153
121
-9
-31
-83
-63
-28
-43
-38
-28
-43
33
1
-24
-12
-24
-61
-78
-113
-108
-82
-134
-231
-282
-303
-202
-31
133
162
212
239
308
331
327
271
242
191
178
146
20
-23
-44
-58
-49
-34
-34
-43
-42
15
-7
-15
-18
-21
-45
-106
-94
-123
-110
-137
-256
-213
-327
-286
-151
-25
131
147
191
275
312
309
276
229
174
185
125
67
-17
-12
-93
-77
-81
-54
-45
-39
-37
-31
-12
-57
-34
-82
-98
-111
-147
-129
-169
-193
-245
-330
-332
-217
-63
99
146
163
214
308
311
299
242
191
180
155
148
-5
-28
-76
-61
-63
-53
-76
-51
-28
-9
-10
-31
-45
-57
-76
-57
-74
-106
-125
-138
-155
-245
-310
-314
-175
-9
135
148
203
225
311
323
299
246
223
202
171
139
5
-31
-34
-38
-48
-40
-12
-37
-22
19
1
9
-5
-41
-23
-72
-113
-98
-112
-123
-197
-263
-331
-230
-82
-23
137
228
227
282
335
326
283
242
199
187
135
52
-26
-25
-79
-56
-63
-48
-45
-41
-29
-26
-28
-44
-33
-70
-78
-81
-121
-137
-140
-156
-223
-312
-343
-243
-96
-14
118
131
212
282
306
299
267
197
180
165
151
1
-37
-93
-76
-64
-65
-72
-53
-44
-23
-29
-14
-21
-77
-71
-113
-126
-154
-140
-127
-199
-294
-345
-282
-133
-38
134
145
210
269
340
331
308
234
187
151
153
99
-9
-51
-76
-62
-61
-23
-53
-29
-12
-12
3
-19
-50
-19
-72
-103
-105
-107
-119
-140
-189
-281
-298
-220
-61
62
147
208
245
307
355
337
294
247
201
183
139
54
-12
-29
-73
-59
-33
-20
-43
-31
-12
0
1
-17
-6
-53
-109
-119
-125
-121
-141
-177
-268
-333
-283
-157
-44
148
143
212
259
327
338
301
242
197
160
146
115
-12
-33
-73
-73
-77
-44
-81
-19
-19
-42
-15
-24
-47
-75
-118
-112
-135
-129
-146
-163
-204
-303
-338
-268
-122
-31
129
133
208
276
330
307
259
219
174
167
139
37
-30
-38
-85
-71
-60
-44
-55
-32
-33
-23
-11
-14
-31
-66
-87
-93
-99
-138
-123
-173
-266
-329
-304
-145
-22
138
139
212
273
347
335
299
244
209
178
169
145
-5
-30
-37
-37
-28
-28
-26
-33
-23
25
3
24
-44
-5
-54
-85
-99
-69
-105
-121
-184
-268
-319
-226
-97
-12
143
203
214
308
339
339
289
239
211
189
162
51
-5
-15
-77
-43
-42
-65
-65
-30
-30
-26
-22
-28
-28
-70
-103
-119
-112
-114
-145
-177
-242
-339
-338
-231
-63
59
148
186
229
295
335
309
251
209
199
137
135
-9
-21
-86
-93
-76
-59
-76
-49
-28
-29
-34
-21
-31
-75
-86
-97
-138
-146
-142
-150
-204
-273
-345
-313
-158
-15
135
148
206
258
339
341
307
276
228
200
147
146
-7
-19
-77
-74
-57
-23
-46
-19
-29
15
20
-7
-28
-76
-93
-115
-129
-136
-140
-172
-234
-314
-293
-187
-43
118
135
227
283
388
377
343
292
233
212
195
135
25
-1
-15
-58
-44
-46
-45
-29
-23
1
-10
-21
-14
-22
-83
-102
-122
-129
-111
-140
-190
-267
-305
-293
-158
-28
131
151
214
266
333
341
308
256
209
180
123
148
-12
-42
-81
-78
-67
-66
-59
-37
-30
-10
10
-39
-83
-117
-125
-140
-138
-159
-169
-205
-275
-346
-337
-213
-28
107
118
223
261
315
339
305
261
226
180
151
162
3
-44
-93
-82
-62
-54
-38
-50
-26
-40
-5
-9
-13
-97
-121
-107
-121
-129
-134
-172
-218
-311
-339
-257
-111
-27
139
218
251
303
347
343
299
259
203
180
171
130
-18
-37
-79
-49
-49
-43
-16
-44
29
33
4
-31
-33
-103
-113
-113
-135
-135
-157
-225
-314
-332
-257
-106
-5
147
217
264
315
378
371
303
255
214
185
146
115
-13
-28
-70
-60
-74
-44
-46
-28
-17
-12
-23
-29
-30
-107
-108
-111
-153
-149
-158
-198
-285
-334
-290
-155
-10
123
145
243
276
361
358
306
307
247
199
139
147
-11
-30
-117
-67
-77
-106
-76
-47
-30
-15
-35
-12
-28
-113
-129
-145
-149
-166
-174
-197
-273
-350
-338
-231
-38
92
138
197
250
330
341
323
283
227
193
195
130
14
-9
-71
-76
-57
-67
-60
-46
-37
-46
11
3
-16
-34
-108
-121
-129
-146
-137
-153
-236
-310
-333
-255
-98
-27
123
234
257
318
366
369
331
283
227
223
154
123
-10
-47
-33
-65
-65
-46
-34
-39
-23
9
2
-13
-37
-79
-93
-118
-126
-139
-157
-185
-252
-315
-300
-195
1
119
167
219
276
352
358
340
262
225
198
154
131
-7
-26
-69
-86
-69
-57
-69
-45
-44
-41
-13
-23
-26
-83
-125
-135
-154
-154
-175
-187
-236
-332
-374
-265
-113
-13
150
163
228
282
337
339
290
235
190
179
148
21
-27
-12
-85
-71
-85
-82
-51
-42
-27
-21
-12
-34
-81
-113
-120
-138
-156
-166
-188
-224
-297
-353
-279
-135
-23
155
244
233
295
355
347
315
263
211
207
143
164
-12
-26
-86
-81
-62
-59
-35
-28
-26
11
0
-1
-23
-75
-124
-93
-108
-123
-183
-194
-243
-311
-290
-181
-25
143
223
235
290
355
358
330
276
234
218
195
145
10
-30
-39
-59
-61
-56
-61
-37
-29
13
-7
-36
-25
-76
-94
-113
-137
-146
-160
-197
-251
-302
-323
-239
-51
106
130
208
244
311
340
315
277
257
201
197
148
11
-29
-93
-123
-85
-74
-66
-62
-25
-37
-14
-35
-38
-79
-121
-136
-147
-158
-158
-185
-213
-309
-348
-305
-151
-28
144
203
238
275
340
340
298
271
214
165
180
87
3
-17
-111
-63
-73
-44
-46
-17
-32
-7
-11
-29
-64
-102
-108
-93
-130
-143
-156
-183
-268
-344
-284
-169
-43
131
225
254
299
341
369
338
293
229
217
185
148
4
-41
-13
-59
-47
-49
-55
-29
-28
-5
13
-17
-37
-28
-97
-95
-115
-133
-149
-177
-236
-303
-305
-219
-71
110
153
233
257
323
372
343
291
235
203
158
145
19
-34
-43
-76
-82
-61
-61
-45
-25
-21
5
-31
-27
-117
-158
-123
-155
-159
-172
-176
-248
-341
-334
-254
-96
-17
125
199
227
303
336
321
274
212
179
163
133
35
-34
-87
-102
-81
-73
-67
-64
-13
-37
-49
-5
-54
-85
-118
-121
-138
-146
-151
-177
-191
-274
-330
-286
-191
-40
150
151
243
279
337
343
325
274
213
194
167
145
6
-28
-69
-69
-61
-43
-38
-13
-20
19
-5
51
-28
-23
-99
-109
-106
-130
-139
-173
-214
-315
-293
-204
-33
129
139
244
261
343
356
355
291
244
225
173
178
40
-11
-12
-47
-61
-44
-59
-37
-19
-17
7
-5
-24
-19
-97
-96
-117
-140
-142
-157
-197
-283
-321
-263
-93
1
130
209
217
292
309
356
303
241
203
180
133
63
-7
-14
-95
-77
-94
-54
-71
-30
-50
-28
-42
-27
-42
-108
-82
-137
-153
-143
-185
-206
-263
-341
-348
-211
-44
103
171
193
229
323
339
306
265
209
190
175
132
21
-43
-97
-65
-76
-44
-49
-44
-21
-5
-5
-11
-19
-93
-108
-111
-137
-135
-149
-189
-243
-332
-317
-213
-46
133
151
228
244
315
345
347
280
257
213
191
148
53
-26
-26
-47
-49
-35
-45
-19
-38
-14
19
0
-12
-28
-23
-115
-117
-103
-108
-138
-177
-234
-300
-287
-172
-44
125
144
228
261
347
339
318
263
243
214
169
147
-6
-13
-71
-78
-73
-39
-71
-35
-12
-28
2
11
-33
-59
-93
-168
-95
-129
-158
-220
-238
-342
-331
-231
-69
59
145
201
228
290
352
338
267
219
195
151
143
2
-29
-110
-96
-93
-55
-81
-63
-37
-26
-28
-14
-29
-95
-109
-110
-135
-147
-191
-197
-217
-314
-352
-253
-145
-67
137
203
214
345
325
343
309
259
209
183
146
66
-19
-35
-98
-55
-71
-56
-37
-34
-13
17
-10
-19
-44
-97
-94
-105
-130
-141
-156
-193
-268
-319
-246
-106
-27
151
205
226
319
349
359
307
279
212
191
163
142
-6
-25
-53
-55
-49
-39
-44
-25
15
21
1
-27
-31
-93
-94
-111
-124
-156
-168
-221
-286
-311
-261
-99
-44
151
199
214
290
347
339
293
237
191
171
129
51
-12
-37
-85
-93
-72
-71
-62
-38
-21
-1
-30
-28
-40
-108
-127
-140
-157
-152
-195
-222
-318
-358
-278
-149
-31
131
149
198
275
323
323
297
235
180
186
137
59
-23
-28
-103
-64
-93
-69
-63
-47
-35
-28
-15
-14
-23
-122
-115
-138
-140
-181
-151
-202
-271
-347
-272
-157
-21
135
149
271
259
340
370
307
259
212
187
155
151
-14
-12
-66
-54
-50
-46
-45
-15
-27
9
22
-9
-5
-33
-75
-73
-133
-121
-152
-156
-246
-321
-297
-173
-31
123
149
226
265
339
363
340
273
221
193
180
137
19
-27
-54
-71
-47
-51
-60
-38
-39
-23
-2
-26
-12
-25
-105
-137
-145
-146
-162
-199
-249
-334
-313
-223
-45
95
151
195
244
323
341
309
246
234
191
163
153
6
-31
-98
-93
-85
-47
-107
-44
-44
-19
-23
-41
-27
-108
-103
-128
-120
-141
-150
-172
-254
-297
-343
-246
-126
-51
175
165
207
290
341
351
292
243
194
195
130
82
-33
-26
-93
-76
-50
-73
-48
-28
-51
-29
-6
3
-28
-43
-103
-125
-140
-129
-156
-195
-271
-321
-285
-170
-37
153
154
224
265
355
357
341
282
229
211
180
149
3
-19
-31
-75
-95
-46
-41
-37
-11
52
-2
-17
-41
-80
-108
-126
-129
-135
-140
-177
-264
-325
-331
-146
-48
118
150
229
271
340
351
340
267
244
203
167
148
13
-38
-69
-76
-81
-73
-70
-44
-25
-19
-12
-3
-44
-77
-108
-130
-155
-146
-172
-197
-232
-364
-340
-254
-76
-9
132
166
235
322
346
308
269
225
193
179
159
15
-29
-105
-93
-73
-62
-70
-53
-44
-19
-6
9
-29
-107
-110
-122
-166
-121
-170
-183
-236
-338
-363
-253
-73
74
143
202
244
327
355
353
291
251
212
193
137
51
-13
-21
-65
-59
-59
-61
-39
-28
-6
20
52
-69
-35
-106
-95
-105
-139
-137
-173
-204
-299
-334
-247
-65
72
147
229
243
315
363
367
308
249
221
195
139
127
-14
-9
-64
-53
-67
-55
-42
-23
-28
10
2
-26
-26
-93
-122
-139
-135
-169
-166
-204
-291
-357
-283
-151
-29
133
163
229
273
351
345
315
222
213
183
143
139
-13
-25
-95
-76
-97
-94
-76
-35
-29
-21
-12
-44
-83
-109
-126
-146
-154
-158
-201
-234
-299
-345
-305
-166
-17
137
147
195
251
333
353
319
231
228
197
182
143
-33
-27
-101
-63
-66
-69
-67
-45
-28
-11
5
-12
-15
-27
-102
-122
-137
-157
-153
-189
-251
-332
-319
-173
-28
133
143
219
283
356
372
355
298
248
238
193
148
47
-15
-21
-55
-57
-58
-45
-29
-6
31
33
-21
-42
-7
-83
-108
-123
-144
-156
-173
-241
-311
-297
-179
-34
143
219
213
251
342
370
346
295
245
223
204
143
21
-37
-76
-79
-67
-57
-79
-45
-29
-21
-12
-19
-30
-87
-85
-137
-141
-183
-160
-222
-253
-347
-316
-197
-25
139
148
209
250
330
355
340
259
234
186
158
150
-8
-25
-94
-94
-58
-81
-94
-63
-31
-21
-28
-26
-46
-108
-118
-140
-166
-173
-172
-206
-268
-357
-305
-157
-28
134
151
227
271
335
343
327
265
241
211
167
149
23
-31
-63
-59
-69
-61
-65
-46
-23
3
19
-14
-3
-42
-86
-135
-122
-162
-172
-189
-248
-309
-277
-146
-18
147
219
243
315
365
382
339
296
257
229
195
153
4
-19
-28
-45
-47
-13
-28
-37
-29
34
22
-21
-27
-26
-93
-119
-126
-174
-184
-209
-271
-334
-284
-140
-12
131
194
230
295
347
371
326
277
218
206
187
147
-28
-21
-81
-87
-102
-60
-97
-62
-29
-39
-13
-17
-28
-98
-123
-156
-144
-177
-205
-225
-293
-334
-323
-172
-38
128
155
203
262
345
345
327
301
192
203
164
127
0
-33
-105
-76
-101
-79
-76
-44
-35
-11
-13
-22
-23
-86
-106
-140
-166
-172
-181
-220
-284
-322
-275
-157
-21
137
201
227
274
347
379
340
287
219
219
177
133
-3
-29
-6
-69
-72
-55
-61
-33
-44
23
1
-8
-23
-37
-93
-106
-140
-165
-141
-198
-275
-333
-273
-125
-19
150
221
242
311
366
358
326
282
227
207
163
117
-1
-37
-71
-58
-77
-60
-66
-45
-29
-21
-1
-6
-27
-74
-93
-111
-141
-165
-174
-229
-274
-332
-295
-172
-21
143
145
210
259
318
329
320
259
231
183
169
149
-21
-33
-101
-81
-93
-101
-108
-60
-29
-18
-28
-22
-13
-66
-108
-145
-141
-172
-171
-200
-261
-321
-317
-202
-45
106
162
195
250
312
339
313
277
231
208
175
143
27
-22
-28
-78
-76
-61
-62
-42
-28
-12
0
11
-30
-29
-77
-103
-129
-157
-154
-166
-220
-293
-283
-205
-34
137
144
219
263
337
359
355
291
247
213
201
149
116
-9
-25
-59
-53
-46
-74
-38
-33
-6
3
1
-5
-28
-45
-94
-115
-125
-141
-177
-206
-266
-300
-220
-69
-11
131
214
217
305
329
337
290
244
215
192
165
116
-29
-26
-83
-76
-76
-74
-72
-44
-33
-22
-14
-23
-45
-81
-107
-130
-163
-174
-185
-205
-307
-333
-272
-122
-28
125
150
209
274
319
327
282
246
199
171
149
121
-12
-43
-99
-82
-103
-62
-71
-67
-29
-37
-27
-25
-29
-43
-98
-117
-143
-163
-181
-206
-265
-315
-294
-165
-29
122
148
212
250
321
355
306
243
219
195
179
149
-1
-12
-22
-63
-93
-57
-65
-46
-27
-9
-6
-2
-12
-27
-76
-111
-117
-143
-161
-169
-219
-310
-267
-170
-38
134
195
231
269
340
347
338
262
244
191
179
146
26
-22
-46
-75
-65
-64
-80
-43
-33
-30
-13
-14
-27
-22
-61
-93
-135
-162
-181
-201
-220
-289
-295
-193
-44
88
147
198
235
295
326
317
267
205
199
166
148
27
-33
-71
-79
-103
-97
-105
-59
-51
-33
-31
-27
-26
-72
-107
-93
-153
-161
-171
-208
-239
-288
-332
-233
-55
39
127
203
211
271
315
326
273
231
187
183
145
49
-30
-33
-80
-79
-75
-97
-64
-12
-14
-28
19
-21
-34
-35
-108
-131
-169
-156
-172
-236
-269
-289
-220
-76
65
147
215
240
306
355
356
291
235
195
211
149
139
-19
-28
-48
-65
-61
-53
-51
-39
-35
14
11
-1
-17
-29
-59
-108
-136
-153
-173
-209
-277
-289
-238
-93
-9
127
219
229
281
347
338
278
244
212
206
155
143
7
-27
-66
-50
-73
-79
-65
-54
-26
-26
-19
-22
-45
-28
-83
-123
-148
-187
-178
-204
-266
-309
-261
-154
-39
121
160
195
241
308
305
291
244
191
165
147
126
-12
-21
-109
-93
-95
-82
-101
-44
-45
-37
-28
-28
-9
-61
-93
-114
-149
-166
-159
-215
-233
-301
-299
-190
-21
91
133
207
233
311
313
306
265
217
197
183
143
46
-22
-42
-77
-55
-76
-93
-62
-28
-23
-15
-2
6
-28
-34
-80
-113
-140
-133
-161
-204
-252
-282
-210
-73
-2
127
231
243
283
337
355
297
242
201
187
163
137
-10
-28
-25
-63
-70
-55
-75
-44
-39
-28
11
-7
-17
-12
-43
-119
-140
-157
-183
-205
-250
-290
-252
-135
-39
151
144
217
245
308
335
277
235
191
191
145
134
-7
-44
-77
-102
-93
-93
-82
-54
-44
-28
-27
-21
-53
-62
-101
-133
-161
-179
-194
-208
-226
-300
-300
-186
-28
122
145
209
227
303
308
276
247
202
183
162
142
37
-21
-50
-77
-93
-79
-85
-62
-43
-33
-18
-30
-28
-22
-38
-75
-115
-161
-169
-170
-219
-269
-297
-209
-47
77
165
215
242
295
326
314
279
222
212
198
151
131
1
-44
-31
-45
-51
-44
-45
-30
-41
-5
20
15
-9
-33
-38
-117
-155
-151
-153
-199
-261
-274
-206
-70
33
145
215
237
288
342
323
287
231
197
181
151
127
2
-26
-59
-67
-71
-76
-66
-44
-12
-35
-37
-31
-33
-13
-56
-101
-140
-174
-178
-221
-271
-305
-254
-117
-44
123
148
210
251
322
307
254
227
177
177
149
78
-9
-34
-102
-94
-102
-94
-76
-60
-33
-25
-51
-44
-39
-44
-61
-124
-163
-187
-187
-206
-241
-302
-265
-156
-41
142
163
195
251
317
330
279
235
189
178
147
162
17
-29
-43
-76
-93
-81
-65
-46
-29
-19
-37
-21
-15
-7
-44
-78
-124
-171
-169
-177
-217
-284
-268
-151
-25
116
127
231
263
308
355
313
283
227
227
180
146
52
-11
-29
-49
-55
-69
-43
-46
-23
-31
-14
1
-9
-15
-37
-93
-134
-144
-169
-177
-234
-268
-278
-172
-38
99
131
222
255
308
322
305
267
214
191
169
155
42
-18
-29
-105
-93
-94
-74
-71
-53
-33
-39
-14
-41
-44
-81
-105
-154
-171
-185
-215
-240
-302
-299
-209
-81
25
123
144
222
275
309
307
245
212
208
155
138
39
-28
-44
-113
-85
-75
-105
-75
-50
-45
-38
-22
-45
-35
-53
-77
-123
-159
-161
-174
-202
-268
-277
-207
-80
-23
143
212
231
291
313
323
285
231
199
203
165
134
-9
-39
-69
-55
-62
-73
-63
-44
-43
-45
-12
-22
-15
-31
-33
-76
-126
-151
-149
-166
-236
-279
-236
-105
-14
133
227
212
278
335
335
307
259
219
219
174
138
-1
-43
-41
-65
-73
-57
-53
-45
-37
-44
-26
-13
-29
-29
-87
-105
-140
-189
-192
-203
-267
-291
-262
-142
-19
151
151
213
262
321
330
263
232
191
178
148
149
-25
-43
-102
-115
-94
-110
-77
-77
-38
-28
-45
-58
-69
-61
-75
-111
-169
-170
-193
-219
-261
-319
-281
-169
-27
119
139
211
244
293
299
303
235
199
185
151
145
11
-30
-57
-74
-76
-76
-62
-50
-41
-12
-28
-39
-31
-33
-69
-77
-127
-177
-158
-173
-218
-273
-269
-156
-42
111
142
231
255
334
329
311
282
227
209
190
138
50
-12
-18
-70
-73
-62
-49
-33
-38
-27
-11
-1
-5
-28
-41
-82
-117
-141
-150
-172
-236
-288
-279
-186
-35
131
151
226
242
309
326
318
260
213
187
155
133
33
-21
-31
-81
-78
-65
-93
-51
-41
-39
-31
-31
-34
-45
-69
-109
-130
-159
-204
-215
-247
-293
-285
-197
-61
85
131
186
227
276
308
281
259
201
191
159
130
14
-26
-78
-101
-95
-93
-71
-73
-26
-29
-25
-38
-44
-59
-61
-111
-133
-172
-197
-206
-235
-303
-273
-197
-27
113
133
221
241
291
319
309
265
238
193
183
159
35
-5
-29
-69
-69
-77
-74
-53
-13
-28
-26
-25
-17
-33
-23
-97
-123
-134
-154
-166
-209
-266
-258
-156
-17
130
142
241
274
310
357
321
274
244
212
191
139
53
-9
-25
-63
-54
-45
-77
-44
-32
-28
-30
-10
-9
-34
-76
-123
-131
-175
-195
-199
-268
-284
-241
-113
-29
121
218
234
266
329
321
285
231
217
218
135
133
3
-66
-98
-79
-78
-77
-77
-74
-41
-41
-44
-41
-51
-81
-109
-152
-172
-195
-199
-224
-289
-310
-223
-76
-25
121
187
226
276
322
303
283
234
180
165
150
52
-9
-15
-81
-81
-94
-58
-66
-37
-16
-35
-31
-28
-34
-95
-118
-129
-171
-175
-177
-235
-269
-276
-172
-21
117
145
237
251
325
335
311
283
249
205
175
159
49
-12
-29
-44
-62
-72
-43
-56
-7
-15
-27
-16
-27
-22
-26
-82
-122
-159
-172
-195
-236
-270
-235
-149
-27
139
207
245
275
323
335
335
283
223
209
180
148
27
-15
-33
-71
-93
-73
-59
-34
-45
-31
-39
-42
-22
-58
-85
-125
-169
-179
-181
-220
-277
-287
-249
-108
-33
130
150
215
267
306
319
289
223
214
180
162
95
-12
-33
-84
-105
-103
-70
-74
-47
-28
-35
-53
-54
-45
-76
-127
-137
-155
-169
-201
-222
-275
-284
-247
-99
-25
133
192
225
293
325
307
276
243
195
180
147
134
-7
-37
-74
-80
-61
-76
-37
-47
-28
-29
-41
-29
-41
-77
-99
-142
-163
-172
-187
-222
-278
-288
-199
-42
107
149
246
274
319
341
323
302
249
212
211
131
89
-21
-12
-59
-76
-57
-58
-32
-29
-43
-11
-9
-13
-37
-45
-97
-125
-154
-168
-192
-233
-265
-282
-186
-39
106
148
207
259
307
331
308
265
235
195
166
159
35
-34
-25
-61
-93
-65
-75
-55
-41
-33
-50
-44
-51
-75
-101
-117
-157
-175
-181
-217
-235
-280
-298
-198
-59
75
143
191
228
283
319
303
259
209
187
151
151
33
-13
-75
-105
-83
-103
-93
-71
-43
-12
-37
-40
-44
-61
-79
-113
-143
-146
-175
-182
-223
-295
-268
-200
-47
83
148
223
270
295
339
307
291
243
193
187
142
61
-12
-17
-127
-103
-70
-68
-57
-12
-28
-13
-13
-35
-37
-74
-96
-124
-138
-152
-157
-190
-237
-266
-205
-71
83
149
244
249
308
343
331
298
245
225
211
143
127
-13
-27
-54
-71
-76
-55
-44
-28
-19
-33
-31
-37
-21
-70
-76
-145
-172
-161
-173
-204
-252
-302
-236
-104
-23
126
177
241
271
308
321
262
225
203
180
151
85
-22
-34
-103
-105
-81
-97
-77
-56
-26
-30
-28
-66
-72
-96
-134
-165
-172
-191
-204
-213
-267
-301
-250
-129
-21
123
152
209
276
299
294
276
239
194
180
148
148
-1
-37
-82
-101
-94
-73
-37
-41
-33
-29
-27
-22
-28
-103
-93
-142
-161
-155
-159
-189
-246
-294
-250
-127
-33
148
212
251
267
327
331
306
257
235
217
169
141
11
-25
-26
-69
-54
-55
-56
-28
-25
-7
-17
-14
-31
-38
-83
-101
-127
-140
-157
-172
-219
-282
-256
-156
-21
139
163
221
267
312
339
330
253
229
212
170
161
26
-15
-33
-98
-103
-58
-79
-60
-37
-29
-28
-33
-61
-93
-101
-127
-153
-172
-167
-193
-225
-305
-297
-215
-53
75
149
211
219
280
314
314
251
191
180
153
143
27
-13
-86
-101
-105
-67
-95
-71
-47
-21
-35
-45
-49
-93
-108
-121
-133
-172
-167
-205
-234
-296
-279
-203
-44
63
153
230
259
306
315
323
281
244
203
182
154
52
-23
-25
-81
-79
-75
-74
-35
-24
-22
-28
-13
-34
-27
-86
-115
-140
-138
-155
-163
-219
-271
-254
-175
-44
103
153
262
275
314
341
331
295
271
227
194
149
127
4
-11
-13
-96
-83
-70
-46
-29
-22
-10
-12
-14
-25
-77
-110
-123
-155
-157
-172
-209
-289
-277
-223
-78
-12
154
226
235
291
325
313
291
233
211
182
135
84
-9
-25
-95
-107
-102
-75
-65
-43
-44
-45
-39
-57
-77
-118
-151
-172
-189
-172
-202
-229
-275
-317
-254
-136
-28
134
147
212
247
305
315
273
227
185
179
146
62
-12
-30
-103
-103
-102
-79
-74
-49
-29
-9
-27
-55
-78
-95
-112
-155
-154
-172
-172
-214
-246
-288
-236
-109
-15
122
211
255
277
321
331
295
259
224
199
177
133
1
-13
-35
-73
-65
-64
-44
-15
-28
7
-13
-12
-37
-17
-61
-101
-133
-140
-153
-187
-221
-266
-237
-123
-26
125
225
239
280
335
357
314
273
231
202
163
147
15
-13
-39
-93
-63
-74
-45
-25
-41
-32
-23
-28
-35
-65
-117
-141
-137
-153
-187
-189
-217
-267
-271
-159
-30
117
142
229
248
299
318
303
257
215
183
154
130
3
-19
-76
-117
-113
-106
-85
-56
-27
-33
-21
-30
-59
-98
-117
-156
-140
-188
-194
-185
-236
-300
-268
-182
-21
107
155
211
250
315
314
299
244
213
186
158
137
1
-21
-33
-78
-62
-65
-59
-43
-30
-38
-29
-32
-5
-43
-76
-120
-129
-140
-153
-172
-203
-268
-287
-202
-61
103
157
223
249
298
340
343
295
228
213
197
167
143
7
-29
-69
-74
-75
-45
-33
-28
-28
-7
-9
-17
-28
-58
-117
-123
-156
-165
-163
-198
-245
-270
-219
-108
-23
145
219
244
279
327
291
276
244
210
169
148
130
-21
-32
-102
-93
-76
-82
-51
-37
-22
-44
-50
-29
-70
-69
-121
-129
-156
-172
-177
-211
-263
-286
-249
-154
-17
119
152
227
259
304
297
281
215
180
187
132
141
-1
-21
-81
-101
-78
-93
-57
-39
-29
-23
-26
-29
-59
-105
-121
-126
-159
-149
-165
-196
-229
-269
-266
-169
-37
131
147
217
253
299
331
301
259
212
207
162
146
34
-26
-33
-85
-69
-61
-71
-29
-29
-14
-12
-7
-34
-15
-73
-65
-117
-124
-150
-162
-186
-255
-265
-172
-44
102
147
229
249
293
340
315
278
227
217
180
145
54
4
-33
-65
-83
-76
-48
-53
-28
-35
-2
-26
-39
-35
-74
-101
-129
-135
-156
-143
-193
-250
-279
-247
-117
-35
139
147
212
244
305
299
273
234
205
163
153
137
-13
-39
-97
-93
-108
-99
-81
-62
-34
-28
-13
-41
-70
-94
-103
-124
-138
-146
-151
-182
-223
-291
-284
-197
-55
91
143
198
225
283
309
293
251
229
180
174
165
20
-29
-35
-81
-72
-65
-62
-33
-41
-28
-18
-26
-28
-39
-81
-99
-139
-135
-143
-162
-188
-241
-281
-217
-76
-29
149
223
244
275
315
311
275
244
223
181
151
140
-12
31
-27
-49
-70
-49
-31
-44
-25
15
-19
-16
-18
-59
-73
-105
-121
-155
-141
-153
-223
-271
-249
-154
-33
127
143
223
259
309
315
291
239
225
182
143
149
-7
-28
-71
-79
-74
-73
-70
-28
-33
-23
-24
-41
-38
-78
-108
-135
-140
-166
-167
-181
-234
-296
-266
-197
-47
101
146
210
227
287
292
263
227
202
163
163
147
2
-28
-97
-95
-85
-93
-63
-45
-22
-30
-28
-27
-12
-83
-101
-125
-126
-153
-140
-189
-233
-277
-287
-207
-69
36
163
226
243
280
311
292
261
219
211
174
149
37
-15
-29
-61
-71
-65
-55
-27
-23
-11
-10
-22
-27
-29
-69
-95
-103
-129
-135
-149
-182
-247
-255
-221
-79
-11
147
227
243
299
339
323
305
235
217
184
159
136
1
-13
-13
-57
-76
-50
-41
-39
-13
-7
-14
-25
-33
-47
-80
-106
-140
-134
-162
-192
-241
-272
-259
-142
-28
146
148
221
265
297
338
278
228
197
179
147
131
4
-29
-81
-94
-71
-73
-60
-59
-47
-40
-33
-17
-62
-85
-106
-150
-163
-172
-169
-186
-249
-305
-295
-206
-52
86
139
199
228
276
299
291
227
212
169
163
144
34
-25
-21
-66
-93
-79
-77
-59
-22
-28
-13
-9
-28
-38
-93
-108
-131
-152
-156
-163
-220
-251
-281
-201
-63
35
141
211
245
289
323
311
267
245
197
180
147
122
-12
-25
-57
-73
-74
-38
-42
-17
-17
18
-9
-12
-28
-25
-66
-108
-121
-145
-157
-186
-213
-282
-225
-107
-23
120
212
228
265
315
317
289
265
206
187
139
153
9
-43
-65
-79
-62
-73
-58
-28
-25
-9
-21
-29
-37
-86
-105
-131
-131
-172
-194
-177
-254
-309
-269
-139
-35
134
148
215
242
295
293
267
225
187
165
139
83
-12
-42
-98
-103
-98
-93
-65
-55
-37
-33
-25
-23
-53
-97
-125
-118
-137
-156
-172
-185
-232
-286
-279
-213
-59
75
135
209
241
276
305
308
258
219
180
163
137
43
-17
-12
-75
-83
-57
-57
-53
-44
-44
-12
6
-13
-25
-85
-118
-131
-139
-151
-165
-183
-230
-269
-203
-75
-18
139
231
261
291
327
325
275
245
219
196
174
136
8
-25
-18
-67
-69
-43
-58
-35
-23
3
-13
-10
-23
-61
-101
-133
-152
-151
-167
-201
-259
-285
-251
-115
-38
137
209
235
259
305
310
277
226
185
180
139
116
-18
-29
-93
-81
-97
-95
-65
-44
-22
-25
-15
-26
-75
-95
-109
-141
-145
-172
-173
-205
-241
-285
-293
-176
-22
127
130
195
244
289
315
267
229
195
163
148
139
13
-25
-77
-82
-74
-69
-74
-59
-27
-34
-27
-11
-32
-96
-93
-105
-137
-147
-161
-156
-219
-273
-270
-203
-15
97
134
219
255
299
321
313
276
219
205
199
139
38
-30
-28
-70
-72
-58
-50
-37
-28
16
20
2
-30
-21
-76
-96
-137
-145
-153
-171
-210
-262
-269
-186
-42
115
165
238
251
308
331
308
275
223
210
181
155
63
-30
-43
-70
-83
-76
-74
-49
-43
-42
18
-22
-28
-58
-108
-129
-139
-162
-168
-195
-238
-281
-293
-221
-81
52
145
224
239
299
319
305
235
229
183
161
159
36
-27
-54
-110
-121
-87
-83
-76
-33
-31
-28
-28
-28
-86
-125
-141
-144
-159
-167
-192
-223
-278
-289
-229
-76
-12
150
203
223
279
321
303
250
225
203
169
161
45
-3
-26
-71
-74
-65
-69
-49
-41
-29
1
-12
-27
-38
-93
-117
-131
-137
-178
-169
-206
-252
-268
-217
-57
90
134
229
257
304
334
330
305
253
211
189
139
116
14
-12
-73
-66
-51
-69
-35
-33
-9
18
3
-26
-33
-67
-103
-119
-139
-170
-179
-207
-270
-267
-194
-63
83
147
225
241
299
323
307
276
214
187
176
131
37
-7
-29
-76
-76
-86
-85
-57
-29
-44
-26
-6
-25
-51
-75
-125
-141
-151
-187
-190
-220
-283
-319
-248
-122
-29
146
131
219
273
294
303
274
218
170
148
137
53
-17
-29
-85
-81
-77
-93
-63
-49
-25
-30
-19
-31
-22
-105
-126
-121
-161
-170
-166
-204
-261
-286
-241
-108
-22
154
211
243
279
323
331
273
243
198
185
151
133
-6
-25
-76
-66
-54
-59
-50
-27
-18
20
21
-25
-33
-34
-93
-105
-129
-136
-170
-177
-237
-270
-237
-117
-40
161
219
243
275
323
341
290
246
219
179
165
133
8
-8
-41
-65
-75
-57
-63
-29
-42
-12
-7
-18
-27
-29
-108
-136
-141
-161
-180
-172
-231
-277
-261
-169
-13
121
138
212
237
303
299
283
244
199
167
155
135
6
-33
-95
-98
-109
-82
-82
-47
-28
-21
-34
-12
-28
-83
-103
-140
-149
-183
-183
-187
-240
-282
-284
-210
-49
97
149
212
229
287
293
291
255
212
199
165
127
21
-27
-42
-101
-73
-59
-82
-61
-41
-33
-10
-13
-28
-26
-93
-111
-133
-133
-143
-176
-223
-254
-270
-214
-51
82
148
228
242
295
339
327
276
231
202
185
133
106
-13
-26
-65
-53
-47
-75
-45
-26
9
2
6
-24
-31
-19
-94
-121
-139
-155
-156
-185
-251
-245
-225
-93
-18
141
210
234
281
329
323
277
243
211
198
134
121
-12
-39
-95
-77
-69
-76
-55
-44
-23
-8
-17
-38
-22
-95
-118
-122
-152
-170
-181
-206
-258
-300
-258
-134
-24
130
121
207
257
294
301
275
237
180
169
143
89
-3
-29
-103
-95
-107
-78
-74
-49
-22
-28
-28
-33
-21
-105
-119
-133
-152
-142
-161
-191
-257
-297
-274
-151
-17
123
127
210
249
307
319
294
250
208
171
164
137
14
-27
-55
-70
-93
-74
-62
-33
-31
-2
-7
-11
-27
-32
-93
-94
-115
-152
-150
-170
-205
-268
-253
-151
-25
133
150
244
275
317
325
323
276
225
203
183
134
43
-23
-31
-67
-69
-59
-57
-31
-13
-7
17
-21
-28
-28
-85
-119
-121
-155
-167
-178
-219
-282
-252
-178
-25
105
143
233
235
305
319
299
251
211
182
175
148
20
-22
-65
-86
-71
-71
-78
-61
-23
-40
-21
-28
-23
-103
-111
-145
-157
-173
-167
-210
-233
-300
-287
-182
-51
102
149
227
231
306
307
285
258
211
185
170
145
17
-11
-59
-93
-109
-83
-65
-61
-39
-43
-15
-12
-32
-101
-105
-117
-140
-145
-163
-177
-240
-284
-273
-171
-42
126
137
223
269
323
341
311
271
223
203
169
141
41
-12
-30
-59
-74
-64
-75
-31
-33
10
6
-6
-8
-31
-73
-105
-127
-133
-143
-173
-222
-279
-267
-173
-33
131
147
239
251
296
325
306
262
230
207
155
137
20
-30
-41
-75
-97
-70
-51
-60
-30
-29
-8
-10
-33
-41
-87
-115
-140
-150
-167
-183
-230
-265
-285
-198
-48
83
135
211
229
290
319
308
259
194
174
170
146
20
-17
-93
-105
-93
-93
-97
-77
-37
-10
-27
-13
-40
-94
-111
-124
-151
-163
-171
-206
-239
-279
-305
-215
-59
83
155
205
233
299
319
297
269
217
180
167
129
25
-12
-29
-81
-93
-81
-76
-67
-42
-31
1
1
-2
-29
-69
-118
-131
-149
-140
-151
-204
-253
-277
-221
-81
-12
161
223
230
291
315
323
301
244
213
185
161
145
-12
-26
-28
-79
-62
-58
-61
-42
-31
30
23
8
-24
-29
-76
-111
-123
-138
-137
-171
-258
-279
-249
-145
-16
127
131
214
259
319
309
296
255
218
173
154
149
5
-29
-76
-93
-97
-102
-82
-38
-41
-43
-18
-14
-34
-76
-110
-127
-137
-157
-151
-167
-245
-297
-300
-194
-44
91
130
171
231
290
298
269
250
195
173
155
148
15
-25
-93
-97
-109
-79
-93
-76
-25
-27
3
-11
-1
-34
-57
-97
-127
-153
-155
-172
-231
-287
-282
-203
-61
89
132
201
227
303
308
315
267
227
202
179
139
39
-11
-33
-75
-79
-60
-70
-49
-44
-28
31
25
5
-23
-28
-57
-95
-121
-123
-144
-172
-234
-278
-213
-94
-22
146
228
213
269
330
318
307
231
211
191
153
135
3
-29
-69
-74
-63
-76
-61
-41
-19
-13
7
-23
-31
-44
-103
-110
-143
-159
-162
-175
-239
-283
-263
-153
-23
127
131
191
221
287
318
263
241
197
173
155
147
-9
-28
-93
-85
-109
-97
-86
-52
-43
-27
-31
-37
-41
-74
-103
-115
-138
-155
-156
-197
-225
-294
-282
-187
-44
93
141
131
219
277
289
276
237
195
191
163
130
26
-28
-21
-75
-77
-73
-69
-44
-25
-39
3
-10
-24
-40
-79
-109
-119
-128
-137
-171
-182
-253
-259
-205
-75
-12
149
207
223
277
311
315
276
239
213
187
148
135
-10
-23
-21
-55
-33
-43
-44
-25
-37
22
18
-14
-2
-23
-76
-102
-109
-123
-121
-161
-198
-264
-239
-135
-25
135
145
219
239
308
298
288
247
195
179
153
148
10
-37
-63
-70
-85
-74
-70
-29
-33
-33
-1
3
-22
-29
-76
-108
-117
-148
-172
-183
-205
-266
-296
-202
-93
-27
123
153
201
259
290
277
243
195
149
155
133
14
-12
-66
-101
-98
-85
-77
-58
-44
-14
-12
-22
-17
-23
-76
-97
-131
-130
-135
-151
-187
-236
-268
-251
-139
-12
139
147
211
230
298
302
279
249
194
174
157
134
-12
-13
-12
-71
-76
-71
-69
-35
-29
13
20
6
-17
-26
-79
-106
-101
-122
-133
-143
-189
-249
-254
-193
-38
106
135
251
228
290
335
301
276
221
180
198
146
66
-12
-29
-77
-61
-53
-50
-59
-41
-25
21
-10
-10
-15
-40
-94
-111
-137
-140
-145
-177
-233
-271
-239
-139
-25
148
150
210
243
275
308
274
211
194
163
147
142
-6
-12
-108
-101
-101
-76
-61
-76
-25
-30
-33
-18
-23
-77
-95
-125
-140
-150
-165
-172
-222
-285
-272
-211
-67
-21
142
148
207
262
289
276
234
213
175
150
150
35
-25
-44
-75
-95
-80
-74
-62
-25
-17
-13
0
-9
-37
-41
-85
-103
-127
-142
-139
-159
-201
-269
-253
-154
-42
128
145
198
257
305
321
277
259
215
199
179
137
18
-13
-24
-58
-77
-67
-54
-43
-28
19
19
20
-12
-12
-44
-85
-108
-112
-111
-133
-165
-237
-295
-202
-69
-22
133
205
209
283
308
311
279
222
193
198
149
130
-19
-37
-82
-82
-75
-82
-53
-41
-40
-33
-14
3
-38
-77
-108
-134
-135
-127
-161
-172
-221
-281
-273
-178
-42
100
141
199
212
281
298
283
230
191
179
157
146
11
-30
-99
-106
-95
-101
-76
-47
-22
-18
-27
-28
-26
-49
-102
-117
-139
-149
-145
-156
-203
-241
-289
-233
-86
-22
142
145
217
246
323
307
276
227
194
174
143
93
-17
-37
-76
-81
-75
-78
-65
-28
-28
-2
-7
-18
-22
-13
-74
-93
-115
-117
-149
-163
-203
-252
-263
-169
-44
131
136
215
237
293
339
306
259
227
198
175
135
35
-16
-29
-70
-51
-53
-70
-41
-28
-18
15
13
-28
-41
-81
-93
-103
-121
-140
-140
-191
-245
-287
-227
-112
-29
130
144
209
254
308
306
281
231
212
166
151
107
11
-39
-101
-109
-71
-105
-69
-59
-31
-38
-9
-28
-29
-97
-118
-125
-142
-165
-181
-198
-236
-293
-282
-174
-28
100
141
203
215
276
303
279
228
211
175
161
146
27
-33
-105
-78
-105
-83
-101
-55
-42
-27
-11
-21
-23
-30
-85
-108
-130
-120
-133
-143
-199
-242
-281
-221
-83
-29
146
162
201
285
315
312
263
235
211
183
157
122
-9
-39
-44
-69
-71
-66
-46
-35
-13
22
23
-10
-13
-30
-95
-102
-130
-129
-130
-169
-223
-267
-227
-151
-54
145
138
213
251
307
338
309
264
218
209
157
143
31
-27
-31
-101
-60
-97
-80
-47
-27
-43
-2
-3
-12
-17
-80
-102
-133
-153
-154
-159
-207
-284
-290
-219
-74
-9
136
193
218
266
313
315
278
222
179
163
141
43
-23
-28
-114
-95
-78
-78
-74
-38
-12
-14
5
-22
-27
-105
-115
-125
-134
-149
-167
-187
-265
-303
-257
-127
-33
134
167
210
281
331
329
305
247
213
192
159
135
5
-29
-28
-72
-77
-63
-45
-37
-41
-11
3
13
-5
-25
-93
-99
-137
-143
-140
-165
-223
-273
-242
-139
-29
134
148
234
261
339
369
340
281
235
207
190
142
52
-6
-37
-66
-69
-60
-57
-25
-31
-7
26
6
-6
-19
-73
-99
-127
-131
-165
-171
-187
-257
-271
-204
-71
-5
147
219
215
282
319
311
290
254
194
170
157
79
-12
-28
-99
-83
-85
-67
-78
-39
-32
-14
-9
-25
-38
-97
-115
-140
-146
-140
-171
-181
-237
-306
-284
-158
-28
115
137
203
247
289
323
297
245
199
171
150
131
19
-37
-79
-74
-97
-76
-72
-53
-22
-25
3
5
-23
-32
-85
-103
-105
-136
-157
-169
-197
-253
-275
-188
-50
119
131
209
229
294
331
330
307
243
187
183
137
105
-21
-36
-77
-61
-61
-77
-52
-31
-19
19
15
-12
-19
-21
-76
-111
-109
-138
-135
-161
-209
-239
-229
-137
-31
146
225
244
265
325
331
297
257
219
199
162
142
7
-21
-31
-75
-61
-62
-50
-44
-29
-10
-5
-6
-12
-42
-83
-119
-140
-140
-165
-181
-181
-285
-280
-192
-49
90
144
209
227
274
322
303
255
206
180
153
147
20
2
-77
-79
-99
-101
-87
-83
-49
-44
-25
-16
-25
-73
-117
-125
-127
-143
-175
-173
-189
-245
-303
-232
-125
-42
150
161
202
259
313
295
275
249
207
179
149
147
-14
-47
-67
-65
-85
-79
-61
-31
-12
-17
-1
-14
-37
-53
-85
-108
-141
-141
-147
-157
-195
-256
-261
-183
-28
116
159
227
271
299
329
319
281
229
208
195
152
70
-13
-24
-71
-70
-54
-59
-54
-25
-12
18
23
-26
-40
-15
-74
-117
-135
-140
-145
-182
-233
-239
-215
-105
-18
155
219
235
259
319
312
306
244
213
182
155
147
-13
-21
-95
-93
-102
-81
-69
-33
-41
-21
-9
-18
-25
-104
-125
-108
-166
-172
-149
-187
-257
-299
-247
-161
-26
131
147
197
255
290
293
278
233
183
177
149
115
-10
-28
-97
-114
-104
-93
-71
-57
-43
-25
-31
-12
-25
-70
-103
-126
-140
-135
-166
-182
-257
-268
-269
-191
-29
84
146
228
235
303
315
315
277
233
207
182
146
63
-13
-44
-65
-74
-70
-83
-51
-27
-19
13
4
-23
-32
-25
-85
-111
-126
-142
-156
-173
-221
-249
-211
-97
-14
133
230
257
291
338
339
311
271
214
203
161
159
10
-37
-24
-76
-79
-73
-61
-34
-25
19
-10
-42
-28
-78
-108
-137
-138
-142
-176
-185
-239
-298
-253
-133
-33
139
196
215
261
299
313
298
225
209
186
134
136
5
-34
-101
-76
-108
-69
-101
-69
-21
-38
-11
-13
-29
-98
-121
-130
-167
-172
-187
-202
-236
-293
-278
-183
-22
137
148
202
242
287
295
308
255
206
175
146
151
18
-21
-41
-105
-113
-93
-77
-53
-28
-21
-5
1
-21
-38
-99
-113
-120
-139
-161
-178
-203
-271
-282
-177
-56
91
161
212
244
302
338
321
282
247
199
212
163
78
-13
-39
-53
-82
-73
-69
-45
-23
-12
20
-2
-13
-28
-81
-81
-102
-127
-135
-162
-190
-253
-268
-217
-56
49
129
243
247
288
335
315
287
243
218
191
138
74
-9
-46
-74
-75
-94
-107
-71
-34
22
-17
9
-13
-29
-85
-111
-125
-145
-154
-169
-203
-265
-304
-246
-151
-28
126
150
210
243
295
297
267
223
183
171
148
137
-1
-25
-77
-99
-109
-78
-83
-57
-29
-17
-14
-21
-32
-108
-108
-140
-157
-145
-173
-203
-235
-298
-274
-172
-31
129
148
212
258
309
334
310
274
212
193
175
150
31
-12
-29
-76
-77
-79
-61
-29
-33
-5
-2
7
-18
-16
-79
-95
-122
-33
-137
-153
-207
-253
-265
-192
-33
89
149
231
249
303
337
271
291
254
195
187
151
123
-1
-27
-55
-72
-73
-71
-51
-41
-12
43
-3
-6
-13
-69
-102
-124
-146
-141
-159
-203
-253
-281
-223
-103
-19
143
199
235
275
319
327
277
235
193
165
148
91
-7
-35
-107
-108
-98
-78
-82
-54
-39
-23
-19
-39
-29
-107
-113
-133
-140
-172
-171
-213
-251
-287
-289
-152
-39
111
131
199
251
291
310
288
243
202
180
150
150
13
-22
-94
-85
-103
-78
-78
-45
-25
-27
31
-25
-17
-73
-95
-113
-126
-140
-149
-155
-223
-285
-265
-195
-38
115
149
214
244
306
329
307
289
238
227
197
150
35
-29
-41
-61
-79
-55
-59
-45
-42
-17
3
2
-9
-27
-65
-93
-114
-124
-140
-158
-205
-253
-273
-200
-67
59
131
222
229
283
342
323
302
235
218
187
148
126
-12
-37
-71
-79
-85
-76
-65
-37
-43
20
-9
-12
-41
-85
-106
-134
-154
-171
-181
-221
-275
-305
-236
-81
-34
131
149
218
266
318
308
281
231
187
163
151
41
-12
-37
-119
-114
-138
-93
-102
-54
-15
-33
-28
-12
-28
-94
-103
-140
-145
-157
-165
-204
-236
-311
-263
-157
-43
149
148
161
276
321
345
280
253
213
193
163
141
-2
-33
-76
-79
-94
-62
-63
-43
-28
-17
-5
-17
-21
-6
-79
-93
-140
-125
-151
-173
-198
-271
-267
-172
-31
123
146
227
275
318
323
328
283
232
214
180
133
50
-1
-26
-59
-79
-61
-50
-65
-19
21
9
3
-12
-39
-86
-85
-117
-135
-146
-171
-185
-263
-278
-215
-76
41
141
226
235
276
321
308
275
238
193
183
141
53
-12
-37
20
-78
-78
-79
-64
-22
-25
-25
-12
-9
-29
-140
-105
-145
-149
-192
-172
-226
-155
-298
-242
-138
-19
125
139
207
247
307
307
279
212
180
183
153
117
-12
-34
-93
-115
-102
-81
-74
-39
-37
-18
-12
-37
-38
-99
-111
-115
-149
-149
-165
-195
-245
-294
-269
-163
-18
127
151
223
250
321
322
308
276
199
193
159
148
18
-23
-31
-112
-63
-71
-72
-50
-15
-15
15
1
-22
-29
-63
-109
-121
-134
-133
-157
-215
-269
-265
-177
-27
107
157
218
257
297
331
322
291
238
209
193
147
35
-7
-33
-76
-93
-79
-63
-45
-13
-22
5
-5
-23
-34
-76
-110
-110
-140
-151
-166
-205
-277
-284
-221
-93
-22
145
204
221
274
299
308
261
239
180
165
150
42
-7
-33
-99
-110
-108
-93
-69
-54
-28
-21
-26
-34
-18
-95
-119
-128
-149
-166
-178
-192
-252
-298
-255
-136
-24
122
147
217
244
315
309
276
251
219
193
149
139
17
-50
-76
-75
-94
-94
-66
-127
-38
-12
-2
-12
-67
-77
-82
-121
-117
-142
-156
-177
-220
-271
-245
-129
-23
138
144
212
249
322
339
343
278
244
207
173
137
20
-14
-28
-71
-68
-57
-57
-44
-41
21
20
-5
-37
-43
-71
-86
-113
-130
-153
-161
-209
-257
-261
-167
-34
117
148
211
243
323
340
299
273
213
212
155
148
10
-34
-44
-85
-84
-82
-76
-54
-27
-16
-35
-12
-17
-28
-85
-131
-124
-143
-169
-181
-223
-272
-291
-230
-78
-29
139
148
215
251
292
298
255
212
183
174
145
22
-21
-44
-104
-107
-104
-97
-69
-27
-13
-26
-28
-21
-77
-69
-109
-119
-140
-156
-167
-203
-258
-300
-214
-86
-17
137
163
223
267
319
323
291
228
222
191
152
121
-1
-18
-71
-77
-77
-71
-69
-41
-26
-9
-2
-26
-23
-32
-66
-74
-99
-126
-141
-153
-221
-268
-241
-124
-23
143
147
217
256
307
326
309
263
233
225
180
143
9
-11
-27
-81
-81
-78
-73
-34
-43
-6
15
-2
-18
-103
-67
-108
-123
-126
-143
-156
-202
-264
-268
-188
-44
75
138
191
223
279
307
299
261
212
179
168
153
20
-24
-14
-101
-108
-97
-76
-69
-44
-28
-28
-15
-17
-73
-85
-98
-140
-128
-155
-156
-171
-236
-279
-256
-162
-44
97
139
147
237
287
291
276
233
193
168
146
160
-1
-22
-82
-98
-93
-85
-76
-42
-39
-44
-17
-21
-11
-30
-77
-101
-108
-124
-135
-149
-186
-262
-265
-214
-53
-8
135
207
227
291
329
315
278
243
207
210
150
137
-37
-28
-73
-73
-73
-55
-54
-36
-17
23
27
7
-39
-15
-69
-93
-111
-127
-140
-158
-218
-259
-236
-140
-14
119
153
208
213
307
308
291
262
211
251
147
153
17
-28
-60
-85
-73
-85
-66
-44
-28
-22
-6
-33
-31
-31
-75
-101
-123
-136
-141
-179
-206
-272
-295
-193
-64
-23
143
146
217
235
298
278
247
207
185
152
142
21
-21
-47
-109
-116
-94
-94
-95
-50
-43
-39
-14
-37
-41
-73
-85
-122
-140
-141
-162
-167
-230
-274
-268
-156
-24
105
146
212
217
292
299
277
245
231
178
161
135
20
-27
-25
-72
-81
-75
-69
-45
-30
-19
3
-11
-21
-33
-25
-103
-108
-137
-137
-131
-166
-238
-263
-206
-76
42
139
209
223
287
313
309
283
251
212
198
148
147
0
-33
-65
-82
-73
-81
-58
-17
-14
5
-9
-12
-33
-38
-95
-108
-119
-125
-149
-183
-232
-284
-241
-151
-47
134
142
195
233
299
312
267
251
209
180
148
126
-8
-37
-82
-85
-108
-103
-77
-69
-25
-19
-21
-14
-49
-76
-119
-127
-133
-155
-169
-185
-220
-285
-294
-200
-53
69
142
137
210
263
289
285
235
195
174
155
141
51
-28
-28
-106
-101
-109
-98
-59
-35
-35
-41
-27
-7
-41
-75
-101
-135
-137
-145
-169
-190
-245
-268
-226
-83
-26
143
161
209
276
313
319
291
251
231
211
154
159
-9
-30
-49
-76
-81
-49
-50
-44
-43
6
3
-22
-9
-21
-77
-99
-108
-143
-125
-155
-202
-255
-250
-142
-33
118
151
230
239
313
311
307
244
211
195
173
148
24
-11
-32
-83
-78
-69
-76
-58
-35
-37
-22
-19
-27
-33
-97
-93
-135
-129
-151
-172
-238
-268
-281
-208
-44
7
135
153
206
276
291
279
263
215
177
170
163
31
-27
-77
-127
-73
-103
-117
-72
-66
-13
-44
-44
-33
-73
-95
-122
-139
-140
-163
-158
-210
-262
-280
-229
-103
-18
123
147
219
251
289
297
257
227
186
155
143
98
-12
-33
-75
-73
-103
-73
-75
-53
-26
-33
-3
-5
-28
-76
-82
-118
-136
-140
-154
-175
-221
-268
-241
-101
-28
134
179
217
276
319
309
293
250
226
195
149
155
31
1
-28
-70
-76
-75
-55
-31
-13
-21
7
-21
-28
-43
-61
-93
-121
-127
-140
-158
-199
-266
-265
-177
-43
101
135
203
218
291
292
287
254
216
179
163
146
33
-17
-37
-94
-93
-79
-76
-75
-28
-27
-37
-17
-44
-41
-79
-107
-137
-152
-140
-172
-219
-266
-281
-236
-114
-28
115
150
187
244
288
291
250
216
177
163
133
67
-12
-26
-105
-110
-97
-76
-93
-63
-33
-14
-44
-22
-61
-76
-105
-106
-140
-150
-141
-165
-204
-270
-268
-173
-21
110
148
187
212
287
309
301
251
222
195
163
149
49
-13
-37
-74
-79
-78
-62
-62
-13
-31
14
-10
0
-41
-16
-69
-113
-115
-150
-141
-166
-214
-249
-210
-93
-33
153
227
231
278
321
317
273
259
214
195
155
135
4
-24
-29
-79
-76
-78
-45
-33
-23
-40
-27
-21
-33
-43
-77
-109
-114
-136
-138
-177
-208
-286
-265
-158
-31
119
142
197
239
291
302
291
244
211
183
162
144
10
-37
-79
-105
-71
-76
-93
-70
-43
-25
-11
-25
-34
-76
-86
-125
-129
-149
-145
-155
-216
-278
-293
-194
-71
6
139
147
195
265
308
308
263
223
191
181
145
29
-14
-29
-81
-77
-76
-59
-61
-33
-29
-25
-12
-8
-38
-79
-95
-127
-119
-146
-153
-170
-235
-265
-235
-101
-21
143
145
210
255
308
331
276
255
200
190
169
147
3
-28
-17
-59
-65
-50
-58
-38
-25
-12
25
-13
-13
-33
-81
-102
-122
-140
-149
-157
-220
-259
-262
-158
-28
122
145
212
218
289
289
289
242
195
186
182
147
35
9
-29
-97
-94
-95
-85
-58
-30
-28
-37
-12
-33
-44
-103
-106
-129
-145
-156
-172
-189
-279
-300
-181
7
-9
135
154
201
245
295
276
257
215
198
167
153
53
-9
-23
-99
-107
-85
-75
-110
-57
-34
-42
-14
-12
-29
-67
-107
-113
-140
-145
-154
-172
-231
-254
-240
-143
-42
126
159
206
231
292
309
299
270
219
185
155
134
25
-12
-29
-81
-84
-85
-76
-44
-15
-15
3
-7
-17
20
-8
-77
-108
-111
-121
-156
-189
-256
-241
-178
-31
111
147
221
228
291
298
318
275
247
230
179
147
98
-2
-42
-59
-97
-64
-53
-47
-37
-11
-29
-3
-7
-39
-34
-105
-115
-122
-146
-161
-169
-246
-263
-238
-108
-12
131
137
193
263
295
304
276
222
191
177
155
119
-12
-29
-75
-103
-93
-77
-76
-60
-41
-28
-45
-25
-31
-73
-85
-126
-150
-171
-161
-193
-243
-284
-260
-172
-24
113
138
210
227
271
305
292
244
183
178
155
125
19
-10
-30
-135
-94
-69
-81
-69
-18
-30
-12
9
-31
-29
-94
-108
-110
-140
-131
-149
-192
-243
-273
-192
-29
61
139
227
187
276
324
309
281
194
195
169
155
139
-17
-30
-39
-48
-70
-62
-44
-27
-28
20
-7
4
-12
-28
-69
-101
-126
-129
-154
-161
-221
-267
-207
-114
-26
141
158
207
262
303
298
289
244
207
191
162
138
-1
-29
-82
-140
-97
-77
-73
-32
-13
-17
-14
-7
-34
-50
-93
-125
-133
-157
-138
-178
-227
-262
-267
-185
-27
101
157
181
211
275
291
271
230
183
162
151
147
10
14
-93
-114
-101
-97
-85
-74
-37
-33
-44
-12
-44
-97
-108
-101
-83
-165
-158
-167
-191
-236
-277
-213
-108
-25
146
143
219
270
303
310
241
224
195
175
157
149
-9
-28
-71
-79
-57
-71
-97
-12
-28
26
27
29
-31
-76
-78
-112
-120
-140
-150
-169
-208
-258
-225
-123
-38
129
200
234
262
302
340
292
265
191
187
183
137
25
-21
-43
-69
-70
-55
-47
-44
-22
-13
10
-23
-12
-28
-78
-111
-125
-151
-159
-235
-191
-267
-261
-183
-67
46
159
195
238
286
329
282
249
212
183
167
144
39
-14
-38
-113
-118
-75
-77
-8
-39
-71
-15
-5
-5
-102
-104
-143
-155
-165
-169
-166
-219
-257
-289
-239
-122
-28
131
138
215
250
296
293
279
209
185
155
165
75
-7
-27
-93
-93
-80
-76
-67
-54
-25
-12
55
42
-21
-57
-108
-109
-119
-140
-141
-190
-219
-275
-252
-172
-21
85
197
221
253
318
315
290
262
219
203
167
145
55
-5
-16
-55
-69
-44
-44
-32
-28
17
16
20
-15
-34
-71
-85
-113
-125
-53
-185
-263
-235
-267
-185
-45
100
150
221
249
307
313
307
278
234
191
179
148
36
-23
-37
-69
-85
-75
-50
-65
-27
-22
11
11
-29
-28
-85
-51
-170
-140
-154
-179
-196
-256
-289
-229
-95
-34
121
148
217
273
313
283
251
216
177
163
143
30
-22
-44
-98
-114
-106
-82
-75
-44
-13
-42
-27
-28
-40
-101
-129
-134
-141
-166
-171
-210
-245
-281
-253
-150
-41
137
139
212
246
304
306
282
243
209
183
144
147
-28
-12
-76
-81
-67
-69
-63
-33
-47
-8
13
-13
-31
-29
-71
-106
-103
-136
-145
-172
-203
-273
-267
-182
-53
101
146
224
243
281
340
309
261
213
226
194
137
37
-9
-44
-62
-76
-52
-71
-44
-30
-2
14
1
-6
-32
-25
-93
-101
-125
-166
-165
-189
-254
-280
-222
-109
-31
143
179
209
258
317
310
283
255
185
175
147
100
-9
-27
-78
-85
-85
-71
-73
-30
-33
-31
-7
-21
-29
-93
-114
-134
-146
-159
-158
-204
-253
-301
-287
-172
-13
117
129
191
226
259
307
271
235
160
171
126
131
-9
-45
-83
-99
-101
-79
-74
-63
-12
-31
-9
-7
-30
-34
-102
-109
-105
-149
-111
-169
-187
-285
-268
-209
-43
67
177
186
233
283
334
311
276
235
198
175
135
39
-17
-29
-85
-76
-45
-45
-38
-33
-15
9
14
-19
-5
-34
-76
-107
-137
-123
-150
-177
-220
-274
-238
-127
-23
133
211
212
276
346
325
291
247
207
201
179
151
17
-13
-28
-71
-66
-72
-75
-44
-29
-21
4
-11
-22
-73
-97
-108
-129
-149
-179
-172
-218
-305
-285
-191
-23
103
143
176
219
282
308
279
241
201
180
151
139
107
-44
-109
-117
-99
-108
-108
-58
-45
-38
-17
-25
-33
-65
-102
-129
-192
-157
-154
-187
-215
-335
-300
-237
-97
-23
145
148
235
283
315
281
331
245
195
162
127
40
67
-7
-83
-73
-77
-79
-45
-25
-35
5
-2
-1
-25
-22
-99
-119
-139
-137
-237
-172
-221
-295
-282
-133
-31
131
151
224
273
333
329
306
251
212
135
158
139
11
-17
-29
-59
-63
-46
-64
-29
-41
26
23
10
-17
-26
-95
-96
-135
-139
-124
-150
-214
-275
-286
-198
-39
84
150
185
275
308
317
303
267
206
139
307
133
34
-12
-44
-65
-79
-78
-93
-60
-31
-35
-13
-11
-28
-25
-97
-108
-129
-174
-161
-177
-209
-264
-297
-283
-136
-29
146
128
209
244
299
297
266
225
179
186
163
117
-9
-30
-109
-99
-172
-75
-83
-41
-5
-30
-13
-10
-31
-82
-117
-117
-129
-145
-168
-172
-223
-275
-177
-187
-38
95
145
191
233
309
314
279
244
215
184
171
137
36
6
-29
-85
-74
-73
-22
-53
-13
7
15
-10
-8
-44
-33
-76
-112
-123
-133
-146
-201
-249
-253
-214
-76
-5
139
211
235
289
329
330
302
247
219
180
148
151
-30
34
-105
-85
-53
-43
27
-28
-33
6
3
3
-33
-71
-102
-134
-151
-167
-142
-199
-250
-299
-259
-140
-1
135
148
230
235
299
319
299
265
222
157
135
127
-11
-29
-71
-101
-81
-76
-108
-45
-23
-30
-34
-35
-44
-107
-129
-126
-154
-172
-171
-201
-231
-311
-273
-182
-15
111
138
217
217
293
297
399
244
131
185
151
146
15
-6
-42
-76
-98
-85
-78
-47
-33
-13
6
-7
-1
-31
-97
-115
-115
-139
-156
-163
-197
-252
-271
-185
-66
74
149
137
230
308
334
307
266
243
212
195
150
103
-12
-26
-43
-64
-57
-46
-27
-37
-12
39
-5
-12
-13
-25
-86
-119
-133
-142
-141
-195
-253
-286
-225
-97
-28
151
194
230
271
335
335
285
241
198
183
148
139
-5
-23
-65
-63
-64
-79
-54
-45
-22
-12
5
-9
-43
-33
-79
-117
-151
-161
-170
-204
-230
-294
-284
-178
-19
85
145
155
303
276
299
233
245
193
158
159
147
5
-30
-79
-97
-93
-94
-93
-33
-44
-29
-12
9
-28
41
-97
-117
-141
-177
-155
-189
-216
-270
-278
-225
-81
-17
129
163
226
287
318
308
287
215
211
187
150
87
7
-29
-64
-96
-67
-63
-45
-51
-60
-37
-6
-33
-27
-46
-97
-97
-133
-134
-153
-173
-220
-284
-231
-131
-39
131
151
215
263
319
334
373
321
215
200
180
138
18
-12
-45
-11
-55
-71
-55
-12
-31
-12
-43
-1
-7
-47
-33
-119
-99
-127
-155
-172
-213
-261
-284
-191
-81
-17
141
145
210
261
279
320
273
219
180
180
146
51
-15
-30
-76
-105
-93
-76
-102
-63
-42
-30
1
-25
-24
-101
-109
-131
-155
-173
-193
-210
-256
-309
-263
-159
-37
114
134
182
238
282
297
291
229
186
185
161
147
3
-26
-49
-59
-76
-95
-76
-58
-15
-27
11
-28
-14
-47
-99
-95
-121
-147
-155
-179
-236
-263
-275
-197
-45
111
122
182
232
311
321
305
270
227
198
203
122
69
-17
-29
-56
-76
-58
-62
-54
-28
-9
30
19
3
39
-28
-71
-102
-136
-133
-158
-182
-236
-287
-221
-70
21
151
202
231
291
339
321
281
235
211
211
138
148
5
-41
-62
-78
-79
-70
-69
7
-41
-14
4
-5
-28
-108
-101
-137
-149
-156
-181
-204
-253
-295
-275
-161
-21
117
137
202
262
295
309
275
225
180
169
152
138
15
-27
-79
-113
-105
-111
-76
-138
-27
-26
-9
-42
-15
-87
-103
-147
-151
-161
-157
-193
-233
-273
-337
-203
-113
75
147
203
219
285
319
295
256
215
202
175
148
39
-12
-21
-85
-76
-74
-70
-45
-44
-2
15
-7
-18
-33
-77
-76
-110
-121
-137
-158
-213
-268
-277
-215
-74
49
167
219
243
283
346
331
289
230
217
207
157
151
5
-25
-45
-83
-57
-5
-44
-28
-2
5
11
-12
-31
-60
-94
-113
-131
-133
-162
-199
-230
-273
-253
-149
-17
131
148
238
282
315
318
275
243
209
180
167
148
-17
-29
-87
-77
-107
-59
-71
-53
-28
-33
-15
-9
-44
-76
-101
-119
-156
-187
-174
-200
-253
-306
-298
-203
-31
87
139
195
241
289
306
301
226
195
182
153
150
37
-19
-45
-95
-101
-97
-77
-60
-30
-33
-13
-30
-17
-58
-97
-117
-140
-163
-160
-182
-203
-257
-300
-207
-69
-11
139
207
237
289
311
308
275
244
203
181
158
123
3
-29
-63
-76
-79
-93
-61
-29
-29
17
6
-12
-23
-53
-74
-81
-125
-141
-151
-179
-242
-281
-221
-105
-28
131
211
225
270
320
340
301
244
209
215
219
137
20
-13
-45
-76
-76
-75
-54
-23
-43
-19
-1
20
-25
-94
-99
-123
-143
-139
-165
-188
-231
-284
-269
-183
-38
129
129
212
247
298
305
295
235
211
177
155
139
-11
-28
-69
-97
-98
-103
-97
-21
-29
-33
-25
-35
-43
-77
-103
-140
-139
-159
-173
-194
-204
-280
-305
-220
-83
-13
131
149
227
289
315
295
261
217
207
174
146
47
-17
-25
-61
-73
-70
-76
-44
-44
-32
22
-1
-11
-43
-67
-106
-101
-126
-145
-169
-200
-267
-286
-233
-93
-28
143
201
223
297
315
327
295
254
207
210
158
129
13
-23
-3
20
-33
-69
-44
-39
-28
30
20
1
-33
-37
-76
-76
-127
-137
-163
-186
-215
-277
-233
-157
-34
147
155
237
250
309
319
321
311
193
193
179
131
7
-32
-27
-62
-85
-81
-82
-29
-29
-30
-5
-37
-29
-86
-109
-115
-139
-130
-170
-185
-225
-277
-278
-201
-69
94
142
148
218
271
305
283
238
187
183
135
150
26
-33
-28
-106
-97
-86
-81
-76
-41
-13
-19
-14
-53
-85
-105
-118
-113
-140
-170
-158
-202
-256
-300
-236
-73
-58
125
141
211
276
308
318
285
231
211
200
154
147
-11
-28
-37
-70
-50
-41
-63
-25
-13
22
1
-10
-29
-41
-75
-108
-117
-129
-138
-165
-218
-269
-238
-110
-25
127
180
207
258
333
318
295
261
207
214
187
148
23
-12
-17
-74
-45
-68
-58
-40
-44
11
2
-15
-25
-47
-80
-109
-123
-142
-163
-169
-214
-289
-272
-189
-50
107
158
203
217
283
299
283
235
201
177
176
71
23
-29
-60
-94
-110
-93
-93
-69
-29
-18
-27
-15
-39
-63
-107
-145
-143
-157
-49
-189
-237
-280
-277
-220
-101
-13
133
137
201
286
309
282
242
214
143
163
135
52
-25
-29
-85
-73
-74
-78
-76
-9
-31
-13
30
-34
-29
-81
-75
-129
-133
-156
-173
-167
-253
-278
-250
-111
-17
122
155
211
259
328
325
334
245
233
202
167
155
20
-48
-34
-73
-31
-49
-25
-22
6
21
25
-12
-28
13
-83
-99
-120
-140
-135
-167
-205
-278
-261
-167
-28
75
151
201
255
303
330
307
276
225
180
171
127
32
-12
-26
-77
-108
-121
-78
-54
-28
-33
-1
-29
-69
-61
-85
-99
-138
-158
-165
-191
-229
-311
-309
-221
-76
83
149
148
214
276
305
276
255
233
142
161
154
30
-19
-94
-93
-97
-79
-81
-59
-40
-28
-23
-25
-37
-69
-108
-76
-154
-146
-172
-187
-215
-281
-302
-216
-98
-11
121
151
227
276
319
311
276
227
186
226
147
40
-35
-82
-59
-61
-70
-79
-46
-44
-37
21
13
-9
-35
-65
-98
-124
-134
-108
-143
-181
-236
-289
-219
-80
-21
138
209
234
298
325
331
278
255
215
207
151
148
13
-25
-26
-75
-47
-74
-35
-25
-21
22
-1
-19
-28
-65
-83
-103
-129
-141
-155
-190
-233
-319
-279
-159
-25
129
149
178
178
308
308
277
244
227
151
135
118
-17
3
-79
-93
-109
-105
-72
-63
-12
-14
-26
-21
-28
-94
-113
-109
-149
-160
-182
-196
-236
-301
-281
-183
-69
105
97
191
227
291
319
307
233
215
187
166
147
15
-21
-45
-80
-77
-67
-55
-50
-14
1
3
-12
-28
-102
-103
-106
-135
-167
-149
-181
-246
-305
-281
-143
-283
-27
103
139
197
303
315
341
307
208
219
194
148
52
-27
-41
-65
-66
-41
-48
-21
-41
7
34
-6
-22
-18
-82
-93
-109
-111
-143
-174
-213
-249
-237
-179
-43
83
137
234
355
315
340
321
290
244
220
170
148
52
-44
-26
-61
-71
-102
-60
-59
-33
-21
3
-28
-21
-30
-97
-119
-149
-149
-129
-195
-227
-271
-298
-236
-105
41
163
148
218
274
302
287
276
221
195
174
131
52
-17
-43
-93
-76
-110
-103
-69
-34
-37
-16
-6
-14
-65
-119
-112
-119
-145
-149
-185
-236
-279
-358
-231
-113
-93
138
129
247
273
330
308
290
266
223
179
147
131
1
-26
-76
-81
-93
-62
-40
-12
-39
-11
3
-5
-31
-54
-108
-108
-125
-127
-161
-181
-242
-235
-243
-165
-25
114
171
223
273
342
353
327
289
230
207
167
139
47
-21
-34
-75
-77
-53
-40
-32
14
17
10
3
-27
-44
-93
-115
-112
-133
-150
-204
-245
-305
-251
-156
-12
127
153
219
237
323
337
293
234
208
195
171
149
5
-28
-82
-78
-111
-67
-93
-49
35
-23
98
5
-26
-94
-108
-157
-136
-150
-195
-194
-248
-306
-297
-172
-30
183
118
164
243
279
311
283
257
210
206
179
147
20
-23
-54
-79
-103
-83
-85
-47
2
-32
-15
-17
-43
-104
-117
-123
-139
-156
-159
-195
-234
-288
-289
-191
-74
159
187
235
211
314
309
329
297
241
213
179
150
36
17
-24
-74
-67
-48
-51
-42
-13
-18
20
15
-22
-28
-71
-85
-108
-140
-153
-166
-195
-273
-245
-235
-54
63
150
199
245
309
343
327
287
249
275
234
175
113
-14
-44
-95
-105
-69
-60
-33
-34
-46
1
14
-29
-45
-103
-109
-121
-172
-149
-184
-233
-332
-319
-82
-123
-37
131
151
147
291
311
309
249
247
235
199
131
42
-17
-35
-107
-105
-93
-101
-29
-37
-34
-26
-10
-44
-77
-114
-124
-165
-156
-172
-185
-225
-288
-316
-271
-113
-42
129
148
207
260
305
279
297
244
211
199
153
143
-19
-74
-76
-93
-82
-71
-65
-29
-28
-5
15
-11
-28
-106
-106
-113
-140
-170
-189
-204
-255
-295
-265
-129
-34
125
133
179
299
363
333
323
213
245
227
180
147
5
-13
-33
-60
-41
-53
-49
-12
-17
21
14
-7
-28
-73
-102
-93
-137
-131
-163
-189
-236
-322
-259
-140
-21
192
107
217
266
295
325
308
291
238
185
166
99
-10
-23
-79
-95
-79
-82
-73
-38
-22
-11
2
-31
-32
-99
-110
-156
-199
-153
-192
-205
-251
-175
-326
-157
-42
100
141
159
244
294
323
291
241
211
179
148
142
63
-39
-105
-106
-103
-95
-81
-74
-40
-38
-42
-25
-31
-109
-85
-140
-140
-169
-182
-166
-253
-284
-277
-221
-37
30
84
196
244
319
331
327
278
233
228
191
143
71
-5
-18
-82
-74
-50
-55
-35
-42
-22
25
15
-22
-5
-70
-108
-133
-123
-140
-154
-127
-275
-283
-215
-74
-5
132
211
244
261
355
340
310
249
217
233
171
134
5
-23
-26
-71
-67
-66
-46
-28
-12
26
8
-11
-26
-59
-78
-146
-135
-140
-179
-225
-231
-303
-255
-153
-33
139
153
225
262
341
339
283
247
214
185
171
148
1
-26
-76
-59
-77
-108
-59
-69
-23
-12
-34
-21
-44
-97
-107
-140
-129
-157
-204
-193
-268
-295
-295
-186
-37
116
111
183
239
323
326
301
251
226
119
166
147
4
-30
-57
-78
-88
-76
-62
-50
-30
-41
5
-17
-21
-57
-105
-105
-127
-123
-241
-251
-236
-232
-284
-204
-65
69
146
209
229
303
355
326
276
231
214
203
150
157
15
-42
-33
-62
-57
-64
-13
-45
16
43
20
-63
-67
-34
-93
-123
-122
-118
-143
-170
-247
-263
-229
-54
-25
138
194
231
287
311
340
317
272
245
204
180
119
-11
-3
-16
-74
-76
-48
-67
-39
-29
-12
7
-26
-131
-67
-127
-110
-113
-29
-133
-188
-237
-300
-245
-155
-31
121
132
180
253
297
306
276
243
227
137
169
139
-4
-37
-70
-63
-98
-63
-93
-42
-17
-12
-25
-29
-41
-77
-95
-122
-61
-129
-172
-156
-246
-255
-289
-191
-57
62
129
180
227
291
337
320
256
229
229
174
123
94
-5
-28
-74
-70
-76
-63
-36
-11
-19
7
-44
25
-29
-77
-105
-135
-133
-151
-156
-198
-258
-275
-221
-75
-26
163
211
239
307
344
361
311
262
230
213
170
147
13
-29
-28
-53
-44
-54
-41
-41
-22
24
5
-39
-10
-44
-93
-124
-136
-139
-142
-165
-236
-283
-236
-127
-44
106
115
194
282
314
305
241
249
206
194
148
150
-1
-33
-64
-108
-98
-43
-79
-44
-16
-14
-27
-17
-43
-150
-107
-127
-141
-157
-174
-194
-236
-269
-270
-175
-29
101
145
137
216
250
309
283
245
222
175
167
148
-47
-18
-76
-85
-85
-82
-54
-53
-33
-29
-10
-22
-25
-26
-109
-105
-133
-152
-157
-163
-199
-268
-248
-189
-57
82
134
190
233
281
321
323
263
241
200
195
149
83
-12
-22
-53
-61
-69
-68
-50
-5
-2
17
21
-8
-34
-28
-99
-103
-93
-128
-150
-172
-251
-267
-222
-77
-21
159
203
231
285
335
329
307
233
211
199
171
147
6
-22
-17
-73
-77
-69
-29
-22
-34
-12
-7
-38
-63
-76
-93
-95
-110
-149
-151
-173
-235
-337
-239
-170
-35
122
133
193
225
297
319
275
231
212
192
155
151
-18
-26
-80
-80
-105
-76
-86
-27
-48
-66
31
-38
-37
-101
-99
-121
-160
-140
-150
-158
-220
-290
-268
-205
-55
63
123
159
218
270
313
307
199
219
181
187
148
36
-11
-45
-21
-108
-95
-101
-29
-27
-23
-1
-29
-38
-45
-62
-108
-108
-118
-141
-158
-194
-245
-287
-222
-85
-18
118
171
227
259
331
323
305
241
211
212
154
144
-2
-33
-29
-47
-60
-31
-14
-14
-12
19
19
1
-25
-67
-76
-94
-117
-133
-140
-173
-226
-268
-245
-109
-27
139
145
212
253
283
330
258
227
198
167
146
123
27
-44
-76
-58
-93
-62
-79
-13
-21
-27
1
-33
-35
-76
-93
-125
-145
-165
-166
-189
-222
-284
-257
-141
-44
117
147
149
240
293
302
273
227
178
179
145
149
4
-31
-77
-57
-77
-81
-64
-38
-11
-29
-3
-41
-21
-79
-119
-108
-140
-108
-166
-166
-225
-286
-271
-173
-18
119
135
195
227
287
313
287
250
202
199
175
163
35
-10
-28
-93
-60
-61
-49
-39
-20
1
2
-15
-14
-33
-82
-85
-113
-125
-141
-161
-199
-265
-187
-161
-42
121
142
219
255
315
295
315
276
228
195
178
148
37
7
-18
-44
-50
-47
-71
-37
-31
10
9
-27
-29
-27
-65
-108
-108
-141
-144
-159
-219
-270
-279
-219
-57
54
139
193
219
276
314
307
255
224
171
167
151
37
-26
-41
-107
-108
-98
-105
-44
-11
-25
-11
-2
-37
-81
-86
-108
-133
-158
-158
-174
-205
-269
-297
-215
-69
-47
141
161
199
282
291
291
241
211
195
180
135
46
-11
-10
-93
-93
-101
-53
-59
-12
-28
17
-15
-44
-31
-73
-93
-127
-140
-149
-150
-201
-257
-258
-210
-76
-17
149
199
235
278
329
310
273
227
189
190
159
135
-19
-15
-56
-71
-51
-43
-44
-42
26
20
-1
-13
-44
-50
-85
-110
-117
-159
-144
-194
-236
-245
-207
-76
-53
147
182
214
275
314
308
275
239
203
177
135
91
6
-40
-72
-77
-82
-80
-53
-41
-43
-12
-18
-14
-33
-74
-109
-126
-154
-154
-157
-215
-251
-279
-259
-130
-39
111
153
190
243
293
294
277
235
181
180
128
148
11
-16
-93
-103
-83
-79
-78
-28
-22
-24
-14
-33
-50
-71
-108
-135
-140
-155
-170
-189
-221
-281
-270
-178
-38
111
139
197
217
297
313
305
260
217
180
169
142
16
-17
3
-78
-94
-76
-45
-44
-35
38
34
-13
-22
-29
-85
-80
-130
-111
-157
-154
-206
-253
-257
-193
-45
91
147
217
236
308
333
337
291
234
211
185
143
123
-29
-29
-47
-97
-73
-54
-30
-31
10
19
10
-7
-37
-83
-98
-121
-130
-154
-141
-183
-253
-300
-265
-133
-29
155
142
225
279
305
297
267
224
214
158
138
127
-17
-49
-95
-108
-111
-65
-76
-39
-37
-12
-18
-29
-25
-93
-99
-113
-139
-146
-175
-149
-268
-300
-273
-155
-26
107
148
144
230
294
329
287
231
218
175
166
135
19
-44
-81
-95
-85
-80
-65
-47
-25
-13
-2
-45
-23
-75
-51
-94
-113
-125
-140
-161
-203
-269
-274
-197
-69
11
131
149
226
277
335
307
270
227
209
183
165
90
-5
-30
-76
-97
-63
-54
-23
-37
17
26
-5
-11
-36
-25
-53
-82
-105
-109
-129
-166
-217
-264
-236
-138
-22
137
151
205
247
314
325
295
244
243
212
148
137
14
-15
-55
-85
-77
-65
-61
-25
-15
-23
-1
-19
-15
-33
-78
-119
-103
-129
-139
-161
-220
-283
-296
-204
-66
-10
137
148
197
277
306
315
265
195
170
148
137
23
-42
-80
-106
-108
-81
-76
-71
-44
-21
-25
-12
-28
-51
-101
-103
-122
-152
-162
-174
-195
-270
-290
-234
-101
-31
133
129
217
259
287
315
249
240
193
182
153
131
-27
-21
-59
-79
-109
-76
-47
-21
-31
9
-3
-26
-32
-17
-85
-107
-117
-142
-141
-169
-204
-274
-254
-122
-18
133
151
216
251
339
323
308
280
215
202
180
130
10
-21
-29
-67
-66
-57
-65
-60
-27
22
10
-15
-12
-33
-76
-108
-155
-112
-157
-181
-219
-268
-267
-172
-44
98
142
212
230
299
318
310
271
210
194
181
171
35
-29
-38
-96
-93
-72
-73
-61
-26
-28
-30
-16
-36
-1
-44
-126
-125
-153
-183
-191
-204
-277
-295
-232
-108
-33
131
148
211
266
315
275
247
209
191
160
128
25
-25
1
-105
-107
-77
-60
-44
-55
-14
-28
15
-17
-47
-82
-107
-117
-125
-135
-172
-174
-236
-290
-250
-143
-23
133
142
207
263
319
339
318
250
229
199
158
148
5
-15
-19
-65
-81
-66
-74
-17
-23
11
-2
3
-31
-29
-45
-69
-101
-114
-140
-156
-191
-256
-270
-179
-34
84
169
203
265
309
331
343
276
247
227
197
143
48
-11
-27
-76
-76
-76
-44
-44
-43
-11
-1
-11
-3
-13
-72
-97
-117
-143
-137
-156
-185
-250
-284
-255
-108
-19
111
142
207
235
291
307
266
219
193
169
135
125
-23
-41
-76
-110
-110
-75
-85
-57
-37
-35
-27
-37
-17
-79
-93
-109
-150
-153
-161
-189
-202
-300
-236
-156
-19
83
137
148
210
283
308
287
259
221
170
180
169
17
-12
-29
-74
-67
-79
-48
-48
-29
-29
11
-14
-23
-33
-74
-108
-117
-129
-157
-157
-201
-279
-272
-188
-49
70
154
209
259
292
331
295
276
242
223
187
150
101
-11
-21
-29
-73
-59
-57
-23
-33
-22
25
9
-11
-29
-33
-94
-118
-135
-127
-150
-175
-239
-284
-230
-61
-33
147
171
238
313
353
308
275
231
212
197
138
101
18
-31
-73
-98
-101
-101
-53
-44
-15
-31
-53
-46
-21
-86
-117
-121
-140
-143
-172
-195
-243
-288
-252
-149
-21
127
143
143
249
295
294
279
249
181
167
154
127
-1
-43
-50
-119
-93
-67
-77
-55
-15
-39
-15
-19
-7
-67
-99
-121
-125
-141
-165
-169
-225
-268
-274
-188
-44
65
146
192
227
282
306
313
254
235
203
195
151
37
-5
-42
-72
-76
-69
-46
-28
-33
-9
9
3
-12
-21
-59
-93
-127
-119
-125
-138
-206
-229
-251
-219
-93
-27
147
219
230
275
319
315
291
244
251
208
151
133
22
31
-44
-76
-58
-44
-47
-28
-29
-12
-17
-7
-17
-57
-97
-117
-135
-145
-161
-198
-236
-268
-256
-140
-12
127
139
190
271
347
305
291
276
174
148
148
128
-14
-29
-99
-108
-93
-81
-77
-29
-25
-26
-21
-25
-57
-107
-121
-146
-156
-152
-183
-217
-234
-293
-266
-172
-45
98
147
145
243
287
305
281
217
217
180
153
151
20
-31
-44
-102
-101
-79
-59
-46
-29
-72
-33
-15
-10
0
-85
-108
-135
-155
-143
-198
-204
-237
-263
-198
-73
-12
163
171
239
287
319
329
283
238
202
190
148
123
14
-37
-29
-65
-28
-93
-41
-45
-5
20
9
-19
-44
-45
-76
-99
-125
-135
-143
-162
-215
-261
-239
-139
-25
123
178
234
260
321
319
298
250
212
205
164
121
-1
-28
-46
-76
-77
-71
-62
-40
-25
-29
-18
0
-26
-41
-97
-124
-105
-149
-160
-172
-193
-305
-270
-190
-76
90
139
158
213
271
307
293
228
187
175
154
141
-1
-28
-107
-106
-79
-111
-75
-69
-30
-65
-7
-27
-25
-51
-86
-113
-131
-135
-154
-166
-209
-268
-278
-247
-134
-29
131
148
207
259
311
283
287
246
200
180
155
73
-1
-29
-69
-72
-76
-58
-44
-38
-28
-5
-2
-28
-29
-58
-83
-78
-112
-145
-140
-133
-220
-251
-220
-133
-23
134
135
212
255
310
311
302
276
231
211
179
160
16
-7
-39
-75
-117
-61
-62
-12
-37
-28
-11
-6
-18
-34
-93
-109
-78
-126
-149
-145
-173
-242
-292
-203
-69
-29
100
147
199
271
319
289
257
230
181
161
139
36
-9
-23
-86
-76
-95
-96
-58
-47
20
-42
-33
-35
-60
-70
-125
-115
-156
-121
-159
-211
-241
-309
-247
-127
-44
114
135
146
234
276
291
246
212
180
169
154
119
-9
-29
-82
-103
-85
-93
-76
-44
-38
-29
-27
-18
-17
-49
-111
-112
-129
-142
-140
-155
-204
-266
-261
-202
-59
83
147
151
221
299
311
274
244
212
191
167
153
37
-7
-26
-68
-70
-57
-65
-29
-22
-23
11
4
-25
-25
-11
-53
-102
-107
-133
-133
-186
-245
-264
-197
-85
-15
129
151
212
263
302
306
271
234
193
187
135
141
-10
-23
-83
-81
-65
-77
-65
-37
-25
-12
-12
-28
-17
-63
-119
-102
-115
-145
-155
-189
-225
-268
-249
-129
-28
127
150
135
230
278
295
244
211
180
159
145
118
-12
-32
-86
-105
-94
-85
-82
-72
-28
-47
-26
-36
-42
-109
-98
-104
-141
-156
-153
-149
-222
-271
-236
-154
-14
111
147
193
225
279
307
283
233
202
181
145
151
40
-28
-6
-56
-34
-56
-48
-7
-17
-57
-5
-12
-15
-44
-49
-77
-109
-123
-123
-127
-181
-236
-244
-141
-43
100
152
215
229
287
308
312
275
228
211
197
139
106
-23
-11
-39
-74
-61
-57
-39
-46
-23
8
1
-14
-22
-25
-51
-121
-111
-134
-132
-172
-236
-252
-235
-131
-31
100
151
191
223
276
283
276
219
174
183
148
131
-6
-37
-79
-93
-77
-55
-57
-51
-22
-12
-27
-12
-33
-93
-108
-119
-151
-154
-154
-181
-207
-265
-263
-185
-59
-12
135
149
204
275
275
258
207
190
180
135
153
21
-27
-49
-107
-103
-74
-77
-63
-69
-19
-42
-29
-31
-27
-82
-78
-127
-118
-134
-166
-190
-236
-245
-185
-85
-12
129
158
228
273
308
315
246
239
191
178
163
135
5
-53
-28
-71
-49
-46
-22
-29
-28
20
20
-9
-15
-17
-65
-108
-109
-138
-140
-141
-206
-245
-206
-96
-23
119
146
214
250
311
305
275
242
239
203
147
144
11
-18
-28
-83
-61
-58
-62
-22
-49
-25
11
-41
-9
-42
-97
-107
-113
-142
-155
-190
-221
-269
-241
-140
-37
107
159
205
212
273
277
251
215
187
167
135
127
-11
-33
-94
-98
-119
-103
-76
-64
-33
-43
-31
-25
-84
-44
-78
-131
-139
-140
-172
-181
-202
-245
-265
-202
-63
-7
127
137
211
267
308
283
245
217
178
148
148
37
-11
-30
-101
-103
-31
-59
-61
-12
-9
-39
-12
-12
-22
-71
-96
-98
-133
-151
-153
-185
-223
-268
-193
-78
-4
163
190
225
259
308
290
276
226
206
191
160
148
9
-37
-17
-62
-62
-62
-45
-46
-27
14
4
-6
-21
-33
-94
-99
-105
-124
-135
-158
-235
-263
-238
-129
-29
127
155
201
291
305
295
247
227
203
159
153
123
-8
-23
-73
-77
-77
-55
-75
-17
-35
-65
-11
-43
-41
-93
-106
-133
-140
-150
-149
-172
-221
-282
-246
-153
-44
83
126
147
210
271
273
237
230
193
159
165
135
7
-28
-86
-72
-102
-119
-86
-66
-43
-65
17
-10
-39
-79
-79
-121
-123
-153
-138
-150
-198
-247
-268
-185
-55
-12
122
130
219
266
295
287
242
223
196
148
155
62
29
-44
-44
-71
-33
-72
-23
-25
-38
5
5
-23
-42
-41
-76
-66
-127
-110
-122
-158
-204
-231
-230
-114
-34
118
149
212
233
321
311
271
255
203
193
154
139
35
-21
-41
-77
-71
-71
-30
-20
-39
-5
19
-14
-13
-34
-85
-93
-113
-140
-139
-167
-189
-237
-268
-163
-49
39
117
144
234
259
291
275
232
203
182
148
144
11
-23
-17
-98
-101
-79
-48
-44
-53
-33
-44
-27
-22
-76
-99
-96
-140
-142
-155
-158
-204
-274
-293
-227
-95
-24
114
148
192
244
281
295
216
218
186
161
147
55
-11
-33
-73
-85
-98
-76
-47
-17
-28
-15
-12
-37
-33
-54
-77
-106
-119
-147
-135
-160
-222
-265
-233
-139
-27
105
147
195
239
291
321
275
246
214
177
153
143
33
-16
-33
-29
-28
-63
-70
-44
-29
18
11
1
-24
-38
-61
-59
-105
-127
-134
-172
-187
-241
-253
-186
-17
100
138
185
242
279
293
299
227
227
212
151
112
29
-35
-25
-59
-77
-76
-73
-49
-27
-33
20
-13
-33
-29
-93
-108
-124
-140
-139
-149
-175
-238
-289
-236
-102
-13
121
139
180
231
283
279
225
202
163
150
169
36
-28
-31
-105
-93
-117
-71
-69
-25
-40
-41
-26
-40
-66
-94
-127
-108
-156
-141
-149
-182
-233
-269
-246
-133
-26
119
143
195
250
267
303
278
228
199
177
165
131
10
-5
-24
-76
-70
-51
-39
-37
-28
-19
-5
-1
-25
-37
-82
-77
-110
-139
-134
-172
-207
-253
-238
-151
-34
114
149
231
251
299
309
297
273
225
187
171
125
41
-15
-27
-15
-44
-65
-62
-25
-27
-12
2
-13
-29
-28
-93
-103
-140
-138
-141
-167
-195
-245
-251
-172
-50
59
117
138
213
279
294
275
247
219
184
153
161
51
-10
-67
-71
-69
-72
-70
-60
-35
-23
-28
-37
-35
-98
-107
-139
-135
-157
-157
-169
-211
-257
-285
-213
-81
-17
135
138
214
255
295
267
219
226
181
163
143
27
-13
-26
-94
-75
-82
-76
-50
-37
-43
-29
-27
-29
-69
-76
-109
-133
-139
-144
-162
-192
-222
-255
-197
-76
-22
127
167
229
290
319
303
277
270
230
179
154
130
-10
-22
-46
-73
-58
-38
-53
-19
-9
4
-9
-28
-21
-26
-71
-108
-122
-141
-153
-166
-238
-268
-178
-59
-13
145
149
233
265
306
310
273
231
207
201
155
132
-9
-40
-66
-45
-73
-106
-51
-41
-24
-17
-13
-31
-24
-95
-107
-118
-119
-151
-163
-201
-236
-249
-225
-111
-31
133
136
202
239
247
291
243
244
180
159
147
29
-12
-33
-81
-93
-107
-97
-62
-41
-23
-44
-15
-62
-65
-87
-117
-139
-135
-143
-161
-199
-231
-281
-249
-130
-37
115
148
182
243
287
291
259
229
195
132
131
135
19
-38
-26
-73
-78
-70
-44
-29
-31
-29
-6
-14
-21
-50
-102
-79
-107
-154
-149
-165
-213
-249
-202
-126
-34
132
147
207
267
297
313
269
281
215
181
174
147
37
-17
-42
-31
-42
-57
-55
-28
-35
27
9
-9
-28
-42
-67
-97
-108
-109
-140
-143
-192
-222
-253
-140
-29
94
137
203
226
277
291
231
243
215
175
113
153
-5
-27
-43
-63
-93
-70
-78
-44
-29
-33
-26
-31
-21
-67
-93
-128
-145
-138
-167
-177
-229
-268
-233
-183
-46
69
136
148
195
263
277
261
217
174
169
144
135
7
-21
-76
-75
-30
-73
-76
-38
-29
-26
-35
-29
-34
-83
-105
-115
-127
-153
-158
-171
-190
-238
-234
-155
-42
94
141
159
221
277
291
270
235
199
183
163
144
33
-2
-19
-71
-62
-59
-49
-31
-27
-13
13
-7
-20
-39
-76
-65
-86
-107
-126
-140
-143
-211
-215
-174
-42
95
148
194
227
283
298
262
270
219
203
180
131
71
-17
-28
-40
-73
-57
-57
-29
-22
-25
-10
-17
-41
-35
-76
-108
-125
-133
-117
-149
-179
-233
-246
-198
-81
-18
123
109
217
197
271
271
212
190
159
139
147
38
-12
-28
-97
-81
-69
-85
-76
-44
-17
-33
-31
-47
-63
-77
-108
-114
-161
-157
-151
-186
-201
-268
-223
-142
-50
101
138
166
207
267
275
244
203
193
174
148
125
21
-22
-17
-93
-66
-71
-50
-39
-29
-21
-12
-29
-43
-76
-83
-78
-114
-137
-149
-152
-179
-236
-207
-129
-37
114
155
179
214
258
287
246
226
217
186
176
145
26
-12
-29
-26
-74
-35
-49
-12
-44
-12
4
-15
-23
-33
-51
-105
-97
-109
-115
-133
-135
-199
-236
-158
-57
-7
145
148
180
251
283
280
245
230
166
175
148
52
1
-32
-58
-94
-44
-59
-58
-25
-50
-15
-7
-12
-48
-76
-105
-122
-125
-133
-146
-186
-222
-249
-199
-163
-38
95
133
151
225
264
263
230
202
169
159
143
55
3
-12
-65
-73
-85
-68
-73
-49
-42
-21
-42
-45
-76
-75
-113
-107
-128
-141
-125
-157
-195
-222
-234
-135
-39
115
137
127
209
279
276
275
227
209
175
135
135
33
-12
-21
-76
-77
-47
-57
-39
-37
-18
-21
-12
-37
-28
-85
-77
-107
-123
-129
-123
-177
-171
-242
-125
-21
137
143
211
231
267
299
290
251
223
195
183
135
52
11
-28
-29
-69
-41
-42
-35
-42
-28
-12
-7
-22
-17
-76
-87
-107
-121
-133
-149
-162
-219
-251
-172
-52
2
190
148
192
239
278
267
241
222
162
163
149
71
-5
-15
-61
-79
-66
-73
-56
-45
-5
-101
-28
-61
-101
-108
-101
-126
-135
-157
-167
-165
-233
-263
-210
-119
-39
148
180
145
223
244
250
231
206
170
161
139
75
2
-14
-55
-59
-76
-66
-51
-47
-34
-21
-7
-33
-53
-93
-102
-108
-121
-135
-140
-163
-181
-268
-200
-130
-44
98
173
211
215
281
275
267
229
212
170
167
148
22
-10
-21
-12
-51
-50
-29
-40
-28
7
3
-22
-28
-28
-59
-103
-108
-129
-108
-153
-177
-214
-218
-125
-27
82
116
195
247
277
291
276
244
175
187
167
138
54
-14
-21
-31
-72
-70
-50
-38
-2
-39
-33
-55
23
-73
-108
-109
-137
-128
-146
-161
-210
-250
-241
-161
-48
65
157
149
210
245
243
275
258
195
167
147
145
25
-11
-14
-76
-103
-81
-72
-70
-37
-41
-35
-38
-71
-78
-95
-130
-109
-145
-142
-165
-213
-225
-239
-157
-26
91
127
149
206
279
283
255
244
209
200
191
146
51
-13
-28
-45
-74
-87
-61
-53
-29
-30
-21
-25
-31
-85
-59
-95
-133
-109
-139
-139
-149
-214
-223
-153
-28
84
150
193
175
360
263
289
262
233
200
185
83
148
14
-13
-43
-59
-71
-56
-39
-29
-44
-22
1
-22
-15
-81
-108
-117
-108
-138
-162
-194
-264
-202
-172
-50
51
146
137
212
267
294
278
271
219
190
177
148
71
11
-46
-51
-76
-74
-56
-57
-47
-23
-22
-58
-70
-75
-105
-117
-137
-162
-165
-171
-221
-250
-253
-147
-47
-10
135
144
203
239
287
278
230
212
185
147
111
19
-9
-23
-85
-78
-98
-93
-65
-45
-33
-37
-41
-63
-77
-135
-103
-82
-117
-149
-158
-199
-242
-246
-172
-38
65
131
163
223
278
291
289
265
239
226
179
143
61
10
-37
-27
-78
-67
-57
-54
-23
-28
-31
-17
-25
-62
-74
-76
-108
-113
-101
-130
-156
-223
-225
-173
-34
81
131
195
230
276
302
297
271
223
215
186
145
129
9
-38
-31
-71
-44
-78
-61
-51
-13
-44
-30
-44
-101
-93
-78
-54
-126
-114
-157
-172
-221
-253
-169
-70
-10
122
137
207
249
266
278
247
213
181
173
148
55
-14
-44
-76
-96
-76
-83
-78
-65
-42
-40
-59
-51
-98
-102
-114
-130
-135
-169
-165
-181
-236
-238
-201
-65
-40
119
148
187
244
322
265
271
212
197
169
147
74
3
-18
-48
-76
-77
-76
-62
-45
-37
-30
-27
-43
-58
-93
-103
-114
-121
-151
-169
-177
-220
-229
-172
-61
-12
123
143
210
262
287
293
292
231
219
202
148
143
10
-19
-17
-35
-57
-44
-49
-37
-26
-21
-13
-19
-21
-69
-82
-121
-126
-135
-135
-173
-241
-241
-159
-69
-7
146
147
201
257
279
289
245
212
195
171
162
101
9
-21
-26
-63
-69
-97
-69
-41
-14
-15
-44
-59
-64
-117
-108
-145
-177
-142
-157
-201
-221
-244
-207
-48
-9
118
139
189
238
263
244
243
206
178
150
149
53
-14
-28
-95
-55
-79
-76
-76
-55
-32
-45
-55
-101
-93
-96
-93
-129
-153
-167
-165
-153
-205
-223
-172
-66
-23
116
154
213
259
305
251
247
218
195
185
131
116
17
-10
-33
-72
-75
-41
-44
-38
-42
-28
-31
-29
-76
-76
-85
-99
-113
-125
-133
-138
-183
-210
-177
-50
36
126
122
212
249
293
298
271
243
203
175
163
139
9
-12
-28
-60
-67
-41
-46
-47
-31
-37
-29
-30
-63
-80
-78
-114
-111
-129
-141
-162
-204
-217
-181
-83
-46
123
167
175
224
271
251
247
205
227
179
133
129
17
-33
-23
-82
-102
-106
-71
-43
-38
-33
-47
-59
-85
-109
-97
-127
-130
-156
-169
-187
-220
-250
-195
-120
-29
99
154
151
211
247
244
230
210
168
161
155
94
3
-25
-45
-93
-58
-75
-72
-51
-43
-17
-22
-41
-75
-79
-93
-85
-101
-128
-129
-158
-166
-217
-191
-102
-28
95
123
139
212
207
266
263
244
211
213
155
143
58
-13
-30
-34
-69
-73
-76
-44
-30
-32
-34
-29
-46
-43
-93
-76
-101
-110
-119
-134
-147
-202
-165
-117
-38
102
139
170
214
276
290
276
247
227
186
182
143
43
-3
-37
-13
-77
-61
-54
-53
-30
-25
-29
-69
-62
-76
-79
-99
-125
-145
-147
-156
-178
-218
-213
-161
-59
51
150
147
212
222
267
230
237
207
178
148
147
27
-13
-30
-93
-78
-95
-81
-64
-61
-53
-58
-61
-95
-97
-107
-123
-125
-141
-146
-159
-193
-214
-193
-151
-27
27
135
155
212
244
277
244
235
212
206
171
148
83
26
-19
-12
-77
-69
-67
-53
-45
-29
-37
-34
-59
-74
-78
-105
-113
-105
-122
-125
-154
-186
-177
-121
-19
67
127
119
229
233
278
283
267
238
218
199
147
151
21
-9
-26
-25
-50
-56
-63
-44
-39
-28
-43
-65
-63
-83
-102
-117
-119
-131
-135
-143
-170
-177
-155
-39
-28
126
148
187
211
258
263
243
235
195
179
135
155
35
-1
-38
-25
-70
-73
-93
-57
-69
-50
-73
-63
-86
-105
-121
-149
-142
-143
-140
-157
-190
-190
-185
-85
-30
103
126
127
198
235
229
222
208
180
165
143
132
20
-31
-35
-73
-56
-85
-93
-61
-45
-44
-63
-103
-101
-107
-110
-142
-135
-130
-130
-165
-178
-185
-163
-85
-27
94
130
147
209
250
259
241
234
210
191
163
153
63
21
-9
-12
-27
-64
-37
-46
-37
-31
-43
-49
-93
-70
-96
-80
-106
-98
-113
-122
-139
-141
-147
-93
-37
85
148
167
216
230
270
275
227
210
199
170
148
142
22
-30
-35
-44
-59
-57
-48
-40
-43
-43
-75
-83
-85
-111
-97
-117
-129
-133
-133
-144
-166
-156
-127
-43
-26
116
137
165
185
233
239
235
193
171
155
135
65
7
-29
-22
-69
-62
-62
-76
-76
-67
-65
-93
-99
-113
-103
-129
-140
-119
-139
-133
-156
-159
-159
-156
-78
-12
83
123
127
206
226
254
225
214
174
166
148
151
43
-10
-12
-38
-64
-60
-61
-54
-44
-25
-61
-58
-86
-97
-103
-83
-107
-103
-105
-134
-145
-166
-133
-85
-29
89
148
146
210
234
275
244
239
214
203
176
147
123
34
-10
-27
-31
-29
-44
-49
-43
-29
-43
-30
-61
-75
-76
-80
-97
-112
-126
-115
-139
-150
-135
-108
-17
-15
131
145
195
231
233
255
225
212
175
163
145
121
25
6
-22
-19
-60
-61
-69
-62
-45
-52
-71
-103
-108
-113
-101
-108
-127
-130
-141
-143
-157
-156
-141
-76
-44
67
126
131
153
201
212
195
211
191
155
131
117
37
-5
-29
-35
-54
-71
-66
-70
-56
-67
-76
-97
-104
-106
-115
-125
-109
-97
-125
-137
-137
-161
-137
-79
-30
75
126
147
154
200
215
207
219
203
155
159
151
99
21
15
-27
-25
-39
-61
-44
-45
-41
-37
-50
-59
-73
-97
-93
-94
-93
-102
-102
-118
-123
-125
-93
-25
59
127
143
183
203
241
244
226
219
203
167
146
126
42
9
-12
-27
-28
-28
-28
-33
-55
-57
-49
-67
-93
-108
-99
-101
-108
-130
-125
-137
-136
-134
-109
-53
-17
79
135
142
139
207
196
198
180
174
142
135
87
15
-17
-30
-21
-69
-71
-73
-74
-60
-57
-75
-102
-103
-113
-113
-123
-118
-97
-131
-140
-145
-141
-121
-66
-37
56
116
136
131
191
191
202
169
169
147
155
95
27
-12
-12
-27
-29
-57
-71
-47
-57
-37
-60
-78
-71
-93
-101
-82
-99
-103
-93
-107
-123
-104
-122
-70
-19
53
116
131
141
195
212
211
211
171
165
155
153
71
41
-12
-15
-39
-14
-26
-13
-14
-28
-32
-44
-69
-83
-76
-76
-86
-85
-94
-98
-113
-99
-109
-71
-28
-11
117
134
150
185
197
208
201
183
186
147
142
83
31
11
-60
7
-42
-13
-54
-42
-41
-70
-60
-79
-97
-82
-94
-105
-93
-108
-125
-114
-143
-129
-117
-69
-37
67
103
119
146
139
191
193
171
163
155
141
71
30
-3
-26
-31
-59
-71
-49
-70
-53
-66
-78
-82
-97
-111
-81
-119
-108
-109
-122
-113
-140
-140
-108
-62
-18
-17
103
118
130
146
185
180
187
182
153
155
139
55
17
13
-6
-28
-34
-33
-34
-37
-33
-57
-45
-82
-64
-83
-82
-77
-69
-98
-94
-87
-93
-73
-71
-34
-22
101
131
151
177
206
199
207
197
171
142
135
125
36
10
17
-26
-30
-34
-28
-29
-37
-25
-50
-79
-76
-85
-77
-73
-85
-106
-99
-107
-108
-97
-95
-47
-23
63
109
151
131
146
189
179
170
171
131
133
83
51
9
-26
-18
-34
-28
-31
-35
-69
-65
-59
-80
-85
-117
-119
-133
-98
-125
-109
-140
-119
-131
-118
-76
-45
-44
87
126
122
95
249
139
197
148
148
152
100
43
35
-10
-7
-43
-25
-25
-44
-53
-73
-74
-70
-81
-97
-72
-98
-93
-86
-79
-105
-99
-117
-105
-74
-28
-27
81
115
131
159
159
191
195
187
163
151
148
148
52
33
11
-12
-12
-22
-13
-12
-31
-30
-28
-59
-79
-73
-60
-76
-53
-82
-93
-80
-79
-85
-71
-10
-28
70
110
127
151
193
175
183
193
163
155
131
129
59
26
7
-12
-5
-28
-41
-29
-21
-41
-53
-76
-85
-98
-65
-107
-102
-82
-109
-108
-108
-109
-94
-53
-44
-9
78
111
122
119
148
181
167
162
159
139
84
52
11
-14
-25
-49
-44
-58
-61
-55
-63
-97
-105
-93
-105
-121
-129
-108
-106
-103
-77
-111
-117
-63
-44
-30
11
99
121
139
151
148
163
163
161
154
125
97
62
39
22
-7
-13
-33
-19
-39
-28
-46
-67
-76
-81
-97
-81
-67
-71
-86
-85
-81
-105
-66
-70
-41
-5
52
103
131
159
139
183
198
185
186
147
145
126
75
51
33
-1
-5
-17
-26
-27
-31
-13
-41
-57
-73
-77
-69
-76
-85
-80
-77
-95
-77
-81
-59
-34
-28
65
87
145
140
136
161
179
182
155
155
129
91
50
22
-16
4
-28
-37
-33
-39
-49
-81
-67
-81
-109
-108
-113
-108
-94
-121
-111
-113
-99
-108
-62
-33
-18
39
94
123
122
135
144
154
148
138
139
103
52
33
10
-21
-3
-29
-28
-21
-61
-69
-95
-83
-79
-94
-93
-83
-105
-109
-95
-108
-108
-97
-86
-45
-23
-8
70
107
122
143
145
187
171
179
142
155
113
74
46
15
11
-11
-23
-34
-31
-30
-49
-64
-77
-72
-85
-76
-59
-73
-70
-99
-76
-57
-50
-58
-37
-24
57
105
131
145
150
187
177
179
163
148
145
83
53
36
17
11
-14
-18
-27
-37
-18
-46
-58
-77
-81
-61
-101
-101
-94
-77
-106
-81
-71
-76
-50
-28
-23
68
97
139
135
145
145
163
145
143
123
68
67
31
5
-12
-13
-25
-38
-38
-61
-63
-78
-77
-85
-107
-115
-105
-108
-125
-114
-103
-86
-79
-55
-31
-31
55
93
117
153
147
141
153
148
150
146
98
80
47
39
2
19
7
-12
-15
-15
-27
-65
-76
-65
-63
-59
-97
-76
-93
-83
-86
-81
-61
-34
-21
-1
71
89
118
138
138
171
177
181
163
160
150
131
71
67
37
27
23
-1
-13
-23
-33
-21
-31
-61
-59
-63
-67
-61
-81
-76
-70
-62
-47
-27
-37
-18
75
84
98
121
146
127
175
154
163
119
132
123
83
47
47
5
-7
-9
-21
-17
-62
-93
-71
-83
-101
-102
-117
-110
-106
-98
-93
-109
-67
-63
-44
-31
-17
47
83
105
127
122
147
138
151
135
101
99
71
52
24
3
-12
-28
-37
-43
-76
-118
-87
-93
-110
-108
-111
-109
-109
-114
-108
-93
-76
-58
-25
-37
-12
59
100
128
119
144
128
139
148
147
99
65
48
27
7
-27
-8
-44
-28
-26
-27
-41
-71
-54
-50
-62
-41
-55
-31
-40
-44
-18
-18
-10
11
35
39
53
78
84
87
98
121
132
116
116
107
111
101
85
56
53
43
45
43
14
3
-7
-28
-18
-39
-37
-43
-44
-44
-55
-28
-28
-12
-43
-18
11
11
26
49
52
57
71
82
87
91
82
75
75
77
62
46
54
29
33
-9
-6
-12
-19
-33
-43
-39
-66
-77
-70
-71
-65
-54
-61
-40
-27
-30
-28
-33
-23
3
11
18
35
35
64
73
54
67
65
67
56
39
35
20
29
9
-5
1
-6
-3
-12
-32
-21
-33
-44
-53
-54
-51
-45
-43
-43
-18
-34
-35
-9
20
9
35
47
63
47
50
52
73
79
79
69
63
52
50
50
31
39
30
24
17
20
-5
-16
-1
-12
-25
-34
-41
-33
-12
-12
-7
-19
8
3
7
22
51
49
27
37
