-34
-42
-42
-44
-55
-26
-38
-28
-12
-39
-34
-45
-42
-49
-43
-44
-57
-47
-15
-21
-1
3
-12
11
5
-12
-2
-12
-5
-29
-11
3
-5
-25
-18
-9
-13
-10
6
10
0
3
9
-17
-9
-1
-17
-10
5
11
10
19
6
15
6
5
7
14
30
35
14
18
11
14
26
16
19
11
1
3
7
-1
9
1
18
5
8
3
20
0
9
22
-5
13
-13
5
-8
-5
-12
3
-5
-5
-11
-25
-16
-15
-15
-12
-15
-19
-12
-23
-28
-30
-15
-31
-12
-28
-25
-37
-40
-28
-44
-39
-18
-55
-31
-27
-16
-19
-17
-15
-21
-23
-30
-27
-28
-41
-25
-25
-33
-27
-32
-29
-39
-31
-41
-43
-31
-45
-34
-26
-29
-32
-44
-42
-46
-45
-44
-44
-54
-38
-2
62
88
103
95
55
26
14
-29
-43
-58
-55
-25
-25
-12
-23
-32
-22
-12
-35
-54
-44
-48
-55
-70
-86
-102
-146
-143
-176
-156
-41
99
127
274
275
223
164
112
25
-45
-33
13
21
41
54
35
1
-5
-2
-44
-28
-49
-45
-2
-5
-12
18
9
3
-27
1
-1
-13
-35
-39
-29
-47
-46
-63
-76
-69
-81
-105
-86
-74
-65
-65
-30
9
48
54
55
51
75
67
59
58
52
21
35
20
-17
-27
-38
-31
-58
-76
-102
-108
-121
-129
-171
-171
-207
-217
-199
-126
-47
130
266
276
233
158
116
23
-34
-77
-101
-58
-58
-26
-44
-37
-59
-94
-101
-114
-82
-76
-46
-32
3
-28
-44
-59
-94
-137
-153
-172
-197
-200
-207
-229
-194
-93
51
223
337
329
261
194
116
121
-24
-44
-21
22
58
56
33
14
-7
-17
-27
-47
-37
-12
-15
19
23
-22
-18
-38
-49
-129
-162
-197
-204
-221
-196
-197
-159
-46
110
291
357
326
267
195
127
83
-30
-33
-17
18
55
39
5
-9
-33
-44
-58
-38
-54
-53
-27
6
-3
-33
-59
-137
-199
-236
-264
-255
-231
-197
-172
-154
-61
-44
114
213
244
211
167
147
116
33
-13
5
15
17
15
-7
-6
-17
-17
-41
-46
-44
-70
-28
-55
-44
-39
-101
-141
-186
-237
-273
-284
-300
-316
-337
-325
-183
-42
123
351
382
353
291
227
121
18
-30
-27
27
51
57
19
19
-11
-15
-59
-55
-101
-76
-59
-39
-17
9
-21
-27
-46
-133
-197
-233
-225
-268
-271
-317
-332
-251
-51
114
329
403
414
333
263
186
129
-7
3
51
85
104
65
43
34
15
3
-41
-46
-39
-30
20
23
2
-14
-53
-39
-162
-191
-242
-239
-271
-284
-317
-352
-236
-47
122
359
405
371
311
219
123
20
-44
-39
30
52
58
35
1
4
-13
-44
-39
-44
-73
-31
-37
-1
-31
-41
-47
-146
-187
-241
-281
-292
-299
-317
-364
-347
-220
-40
126
344
374
340
289
195
116
-29
-45
-47
5
47
47
1
1
-17
-27
-44
-63
-80
-63
-62
-29
-12
-21
-50
-76
-155
-211
-235
-278
-273
-297
-323
-357
-310
-137
25
291
395
373
339
307
202
127
-2
5
30
65
67
69
21
18
15
-9
-25
-43
-63
-33
-28
7
5
-21
-44
-41
-166
-201
-251
-247
-245
-266
-313
-331
-220
-38
131
358
419
385
325
275
178
123
5
27
57
83
75
31
19
-2
-15
-29
-43
-61
-73
-53
-28
-9
25
1
-30
-64
-188
-221
-269
-268
-285
-295
-349
-332
-221
-49
135
368
374
339
307
237
142
5
-23
-40
-12
63
30
-5
-30
-15
-33
-63
-63
-83
-101
-74
-53
-43
-37
-27
-64
-157
-231
-284
-318
-313
-306
-337
-364
-318
-126
17
283
363
342
309
273
198
123
-12
-21
14
48
52
19
7
-13
-19
-23
-37
-57
-85
-73
-63
-45
-33
25
7
-44
-45
-203
-253
-252
-280
-281
-313
-361
-280
-87
93
299
398
389
351
305
209
118
22
-13
26
84
79
51
23
13
23
-13
-31
-39
-45
-57
-28
-15
-1
39
23
6
-32
-185
-217
-268
-300
-308
-328
-355
-286
-106
118
294
377
374
353
288
195
131
13
-12
-5
52
64
27
-9
3
-12
-13
-35
-44
-63
-76
-55
-44
-43
11
20
-6
-56
-183
-245
-287
-294
-345
-353
-389
-351
-184
-39
159
341
371
319
275
180
129
-16
-37
-30
27
58
38
22
-2
-10
-15
-37
-49
-55
-82
-74
-46
-59
13
26
-5
-57
-186
-245
-282
-285
-337
-350
-387
-342
-186
-49
133
353
419
363
323
235
141
30
9
11
67
74
74
35
8
21
24
9
-37
-28
-47
-43
-44
-12
46
59
34
-26
-108
-197
-236
-278
-285
-321
-332
-331
-205
-55
129
379
406
395
347
295
148
118
-7
15
3
114
91
67
55
30
5
-23
-30
-28
-49
-51
-28
-27
38
27
-15
-27
-145
-225
-285
-310
-332
-348
-376
-353
-268
-61
126
325
378
379
319
291
145
116
-27
-8
42
68
67
37
17
10
-9
-18
-39
-39
-82
-61
-59
-55
14
21
-29
-53
-236
-289
-319
-332
-335
-343
-359
-344
-219
-65
122
345
372
373
326
249
133
127
-12
-5
57
84
82
45
35
18
7
-28
-38
-39
-50
-37
-45
-10
35
52
1
-47
-189
-266
-295
-298
-298
-319
-344
-343
-217
-61
125
379
419
410
387
311
182
121
22
52
81
123
112
66
35
52
14
7
-17
-27
-28
-38
-17
41
67
53
-13
-57
-190
-239
-265
-307
-295
-329
-374
-363
-207
-44
118
382
410
419
371
313
179
127
-11
17
54
82
57
47
34
5
3
-37
-46
-60
-71
-49
-53
14
38
19
-44
-155
-246
-304
-319
-332
-329
-357
-365
-343
-172
-55
159
362
390
372
340
245
129
33
-12
-1
61
67
52
19
-5
-10
-15
-55
-71
-93
-97
-76
-67
-28
11
-15
-56
-187
-229
-241
-295
-315
-305
-350
-369
-345
-160
-39
267
382
411
398
365
291
155
106
37
38
84
99
68
37
11
24
-19
-41
-56
-60
-60
-53
-61
55
59
17
-56
-138
-211
-231
-242
-266
-281
-290
-329
-295
-140
-19
319
467
487
458
409
299
172
118
27
25
90
91
71
20
13
10
-15
-38
-54
-71
-76
-69
-57
-17
0
-7
-54
-168
-213
-236
-267
-283
-300
-343
-382
-359
-207
-55
254
406
475
449
398
293
171
116
5
3
42
70
30
15
3
-25
-38
-73
-103
-118
-125
-103
-53
-44
15
-9
-42
-209
-241
-262
-297
-300
-297
-364
-396
-378
-188
-45
291
419
467
419
369
265
143
25
-23
1
35
67
47
19
-15
-23
-56
-41
-97
-98
-75
-60
-43
9
20
-23
-49
-172
-231
-239
-269
-282
-289
-345
-387
-335
-161
-15
339
454
500
459
410
313
159
135
11
26
83
75
51
35
5
13
-28
-37
-51
-41
-59
-41
2
26
23
-24
-44
-183
-204
-243
-239
-252
-291
-337
-395
-333
-146
67
357
467
499
467
419
282
131
77
1
19
83
50
20
-6
-6
-24
-44
-46
-101
-110
-77
-35
-44
9
-13
-43
-140
-193
-254
-282
-273
-298
-317
-374
-412
-329
-114
123
343
419
419
406
339
212
123
8
-12
-10
54
25
-2
-38
-29
-45
-35
-76
-121
-108
-75
-61
-35
-9
-2
-44
-195
-235
-237
-267
-257
-263
-295
-370
-405
-290
-61
121
419
467
484
419
370
213
139
20
-5
47
67
52
11
15
-6
-12
-35
-50
-103
-85
-65
-61
3
-15
-28
-50
-157
-188
-202
-235
-217
-229
-285
-355
-369
-213
-62
287
419
513
484
419
317
174
114
11
20
67
80
61
23
7
-8
-13
-35
-44
-86
-87
-46
-49
-2
9
-19
-140
-204
-253
-235
-253
-247
-254
-322
-366
-359
-184
-44
269
419
453
419
374
267
126
24
-27
2
46
57
27
-14
-12
-43
-51
-44
-93
-105
-108
-40
-67
-45
-29
-106
-181
-201
-236
-251
-255
-251
-285
-334
-424
-382
-172
-44
298
419
463
419
371
243
114
-6
-42
-12
35
35
25
3
-17
-23
-41
-28
-98
-108
-80
-56
-39
-12
-39
-44
-145
-197
-231
-236
-242
-237
-243
-316
-364
-259
-78
130
372
447
467
419
376
237
116
36
3
49
83
59
21
24
2
-12
-40
-69
-44
-82
-62
-45
9
-9
-17
-45
-139
-164
-227
-237
-229
-223
-271
-362
-374
-236
-49
133
398
419
465
410
310
153
139
-13
-17
56
73
50
23
-7
-21
-26
-49
-81
-83
-74
-44
-37
-13
-29
-60
-157
-175
-205
-257
-268
-251
-285
-353
-393
-329
-156
11
307
373
419
379
318
193
121
-17
-45
9
51
34
-1
-41
-15
-27
-57
-110
-112
-102
-69
-58
-23
-28
-43
-60
-167
-217
-268
-279
-273
-293
-301
-395
-390
-221
-37
127
366
404
414
382
274
142
91
-9
20
83
95
49
33
17
-25
-34
-46
-50
-65
-49
-33
17
5
-28
-64
-139
-174
-211
-233
-251
-250
-281
-353
-366
-241
-41
139
373
443
419
398
327
183
127
17
21
87
88
84
38
10
-5
-28
-49
-62
-55
-50
-46
20
20
-13
-29
-55
-164
-213
-254
-268
-269
-305
-361
-390
-313
-108
101
322
398
405
387
323
206
118
4
-3
47
66
52
22
-11
-25
-29
-61
-76
-108
-81
-44
-45
-12
-28
-40
-135
-187
-225
-268
-297
-285
-284
-343
-425
-359
-176
-42
266
362
393
379
362
237
128
6
-7
32
71
79
26
13
-18
-47
-55
-37
-76
-69
-45
-16
-10
-18
-28
-54
-157
-206
-235
-268
-279
-284
-345
-405
-342
-158
-37
291
411
419
403
370
257
133
57
14
34
83
89
59
26
-12
-7
-34
-44
-30
-47
-41
37
41
22
13
-32
-61
-172
-208
-268
-280
-268
-297
-353
-357
-199
-45
251
406
419
404
403
298
161
118
19
36
89
80
69
27
-1
-26
-55
-54
-76
-86
-45
-43
5
-3
-47
-55
-145
-199
-257
-287
-285
-306
-341
-396
-381
-206
-33
171
381
402
382
356
241
131
29
-1
17
63
52
36
1
-23
-44
-40
-99
-121
-81
-49
-44
-6
-5
-44
-50
-167
-225
-273
-269
-291
-314
-332
-410
-374
-205
-49
154
372
393
406
369
267
142
114
11
21
74
95
52
31
-2
-15
-29
-38
-97
-76
-31
-5
25
11
-21
-55
-133
-189
-247
-268
-269
-280
-306
-380
-349
-155
-44
283
390
456
451
419
283
152
121
41
46
97
112
67
22
14
-1
-41
-44
-62
-55
-37
35
22
21
-24
-33
-156
-193
-262
-270
-271
-306
-329
-396
-345
-157
-41
293
401
419
417
387
274
139
47
6
33
83
75
33
18
-17
-37
-49
-93
-98
-77
-41
-43
-13
-41
-51
-129
-186
-229
-262
-299
-319
-332
-364
-429
-347
-172
-45
267
374
404
382
369
228
127
21
-1
23
81
52
43
-17
-26
-31
-44
-94
-82
-69
-40
-43
-18
-39
-50
-118
-184
-242
-282
-300
-283
-320
-345
-411
-303
-118
91
319
419
419
419
341
231
116
65
31
62
94
84
47
27
-13
-29
-39
-47
-44
-53
-41
21
-12
-17
-48
-43
-150
-200
-266
-259
-270
-291
-359
-366
-281
-61
106
358
461
419
411
355
239
118
89
41
95
118
85
55
9
-10
-49
-70
-59
-82
-62
-46
-6
-1
-23
-50
-129
-202
-245
-279
-300
-297
-315
-378
-390
-268
-85
131
363
419
414
402
335
199
129
39
17
75
84
73
19
-14
-28
-44
-44
-112
-82
-67
-54
-49
-29
-55
-55
-153
-221
-267
-312
-334
-322
-347
-414
-405
-256
-49
116
355
419
419
386
307
181
133
21
51
95
94
57
15
-2
-17
-38
-50
-81
-69
-50
-43
-12
-23
-43
-44
-154
-220
-267
-305
-299
-306
-334
-374
-355
-155
-14
289
414
467
449
395
308
178
118
63
84
116
122
73
38
14
-15
-28
-43
-58
-60
-6
43
-4
-9
-39
-43
-146
-229
-246
-282
-290
-306
-348
-373
-316
-114
100
325
419
451
449
390
264
130
123
65
74
100
86
46
26
-17
-21
-44
-64
-75
-81
-53
-29
-13
-30
-45
-114
-186
-265
-284
-366
-310
-332
-374
-422
-332
-149
65
298
419
459
419
357
244
132
41
23
55
83
53
26
-12
-13
-47
-57
-112
-73
-75
-43
-38
-22
-45
-54
-156
-199
-273
-309
-298
-309
-313
-377
-408
-326
-137
54
322
417
463
419
406
266
137
106
55
72
95
103
69
31
10
-23
-43
-69
-50
-45
-34
-6
-13
-23
-53
-120
-183
-239
-253
-285
-297
-310
-366
-386
-271
-61
112
355
455
491
451
409
275
161
139
79
103
121
121
76
33
23
-32
-45
-47
-58
-53
-44
3
-25
-25
-41
-139
-205
-263
-284
-318
-329
-336
-385
-389
-284
-65
110
362
419
462
419
356
243
106
82
47
95
110
97
43
-12
-21
-44
-53
-103
-61
-63
-44
-44
-44
-44
-95
-162
-221
-298
-319
-332
-332
-363
-403
-434
-287
-63
131
353
419
419
398
340
203
116
38
39
71
90
75
27
-10
-31
-43
-60
-105
-102
-75
-54
-14
-27
-25
-29
-176
-207
-261
-317
-318
-300
-319
-395
-396
-262
-27
149
374
473
482
449
362
227
114
114
63
106
123
104
61
20
-7
-28
-33
-41
-65
-34
-41
29
20
-24
-35
-126
-207
-245
-225
-271
-281
-314
-350
-385
-268
-43
127
390
470
503
449
379
235
121
116
58
87
121
102
43
18
-11
-26
-64
-83
-76
-47
-47
-7
-10
-44
-54
-150
-220
-268
-283
-323
-325
-329
-382
-406
-279
-98
116
342
451
419
419
355
227
131
27
11
57
85
78
33
-12
-28
-55
-22
-123
-125
-85
-57
-29
-22
-47
-55
-141
-208
-278
-291
-309
-316
-337
-364
-422
-347
-154
-12
308
419
455
446
387
259
145
116
46
73
95
106
67
19
0
-39
-44
-63
-81
-57
-44
-23
-23
-17
-44
-13
-172
-246
-268
-299
-295
-309
-341
-396
-319
-134
52
321
419
482
456
419
304
180
114
69
87
116
143
101
50
36
-13
-28
-47
-61
-63
-57
7
35
-3
-28
-56
-159
-221
-269
-281
-291
-287
-334
-396
-364
-201
-59
175
386
481
455
419
335
181
127
23
57
103
103
84
25
-6
-29
-44
-59
-108
-86
-65
-41
-29
-14
-44
-54
-159
-220
-268
-300
-322
-334
-347
-427
-396
-265
-41
101
363
419
414
392
313
154
121
31
32
67
99
52
30
15
-44
-45
-110
-118
-105
-65
-44
-48
-29
-27
-45
-137
-208
-268
-297
-318
-294
-321
-369
-400
-300
-78
138
362
464
465
419
372
225
137
110
53
84
108
110
62
25
5
-9
-46
-60
-78
-62
-49
9
11
-3
-34
-49
-159
-206
-249
-285
-277
-299
-332
-392
-305
-86
123
357
419
475
419
387
274
139
116
52
89
116
110
67
23
17
-37
-41
-75
-94
-58
-45
-42
-9
-25
-44
-118
-178
-233
-290
-297
-322
-325
-366
-414
-343
-153
-1
311
419
455
406
376
259
121
81
3
40
95
79
53
6
-25
-47
-47
-108
-112
-108
-55
-44
-40
-41
-43
-114
-185
-266
-305
-329
-332
-315
-348
-410
-393
-236
-37
123
379
419
409
403
293
158
127
23
41
91
87
54
11
1
-39
-57
-108
-85
-73
-46
-71
-31
-12
-45
-45
-159
-201
-268
-299
-303
-314
-355
-406
-374
-203
-59
183
409
467
419
411
335
183
116
58
57
93
114
86
51
10
-8
-47
-55
-76
-70
-44
-43
22
5
-27
-61
-140
-202
-256
-297
-300
-321
-306
-386
-387
-199
-28
243
404
473
448
392
303
180
122
52
52
84
103
53
20
-8
-47
-43
-114
-123
-97
-71
-63
-53
-27
-49
-53
-172
-213
-284
-325
-337
-314
-351
-414
-396
-233
-50
116
386
419
419
374
281
141
116
18
25
79
69
55
-13
-28
-58
-59
-126
-122
-103
-74
-33
-44
-24
-44
-49
-179
-213
-279
-305
-318
-334
-355
-410
-390
-183
-39
286
417
474
457
403
314
161
110
36
42
101
106
73
43
6
-25
-29
-44
-85
-69
-35
-44
9
-9
-31
-43
-124
-183
-225
-268
-289
-278
-302
-364
-342
-140
-35
308
419
491
470
419
327
207
118
95
88
116
123
122
37
31
-21
-28
-39
-48
-61
-34
5
-2
6
-25
-54
-141
-204
-257
-300
-298
-325
-364
-396
-337
-121
100
335
414
454
419
382
259
118
103
33
59
97
84
39
17
-31
-14
-50
-129
-129
-108
-58
-30
-28
-32
-43
-39
-174
-242
-300
-336
-343
-359
-385
-438
-370
-172
-41
273
382
414
389
363
219
122
8
-1
31
73
52
34
-15
-34
-53
-48
-129
-118
-97
-76
-54
-31
-21
-27
-43
-164
-215
-251
-297
-280
-313
-351
-401
-301
-106
121
327
416
447
393
377
247
116
97
25
70
116
102
67
31
6
-17
-44
-33
-93
-44
-41
20
26
6
-13
-44
-108
-181
-219
-251
-281
-286
-348
-379
-245
-65
114
357
419
419
414
389
239
112
98
52
94
91
110
41
9
-13
-42
-35
-81
-76
-57
-44
-33
-5
-33
-44
-46
-178
-223
-268
-296
-307
-332
-379
-396
-243
-51
121
369
419
405
403
329
175
134
8
30
69
84
55
-6
-21
-44
-53
-105
-125
-110
-93
-45
-46
-54
-38
-54
-130
-172
-225
-251
-284
-328
-317
-403
-414
-268
-43
112
345
403
401
382
329
186
126
31
35
75
98
81
18
10
-30
-28
-71
-108
-79
-60
-50
-2
-11
-18
-46
-46
-153
-211
-242
-251
-283
-307
-357
-386
-245
-44
126
374
419
419
405
351
217
116
59
63
84
99
75
50
20
-14
-58
-49
-54
-60
-53
-44
17
-19
-13
-39
-63
-145
-194
-235
-265
-284
-309
-389
-396
-250
-37
125
363
419
419
398
331
179
114
19
29
89
91
67
23
3
-29
-50
-43
-125
-108
-69
-58
-39
-25
-47
-58
-108
-183
-236
-290
-299
-310
-316
-382
-412
-252
-58
127
327
370
390
361
305
148
122
-2
16
70
52
53
14
-27
-44
-55
-108
-134
-106
-79
-61
-41
-1
-12
-46
-112
-164
-221
-257
-284
-287
-309
-376
-395
-247
-49
127
351
414
417
374
326
193
114
55
52
83
110
77
14
15
-3
-33
-35
-73
-77
-41
-49
13
-5
-27
-37
-53
-164
-195
-217
-257
-266
-285
-358
-351
-204
-44
127
369
414
419
387
321
171
120
49
53
116
99
64
22
-10
-26
-42
-47
-93
-59
-45
-42
-5
-17
-23
-31
-30
-141
-217
-254
-274
-269
-299
-364
-378
-239
-57
116
339
386
385
352
291
162
114
20
31
57
67
51
9
-25
-37
-31
-76
-108
-93
-44
-50
-41
-31
-44
-40
-139
-194
-233
-274
-281
-315
-332
-412
-384
-197
-44
145
343
362
385
366
257
148
95
19
37
57
65
29
11
-21
-27
-44
-47
-78
-76
-57
-30
-9
-12
-18
-49
-116
-162
-204
-225
-251
-252
-300
-369
-348
-187
-41
127
366
417
390
390
294
163
121
58
61
95
97
75
35
24
-10
-29
-43
-44
-46
-41
11
4
11
-39
-53
-60
-180
-206
-235
-241
-269
-295
-364
-307
-140
-44
301
395
409
403
387
271
150
116
38
59
73
79
53
-6
-15
-27
-46
-54
-77
-70
-57
-33
11
-25
-46
-45
-155
-204
-225
-249
-277
-265
-332
-384
-371
-207
-42
116
337
390
372
361
262
126
50
20
23
31
55
15
-2
-31
-35
-59
-83
-105
-69
-60
-63
-28
-37
-28
-42
-145
-207
-221
-255
-268
-268
-300
-371
-390
-220
-39
129
345
405
404
379
321
171
130
41
36
75
89
67
9
-6
-21
-26
-29
-44
-45
-49
10
-2
11
-23
-49
-129
-168
-190
-233
-245
-229
-250
-327
-366
-249
-45
123
343
419
419
395
355
231
118
81
37
75
98
73
31
15
-2
-22
-38
-34
-45
-45
1
17
-2
-19
-29
-108
-164
-204
-237
-252
-255
-285
-337
-403
-307
-103
100
319
390
406
410
347
223
131
43
10
37
81
52
7
-27
-17
-37
-69
-44
-101
-57
-38
-32
-22
-45
-42
-145
-197
-237
-265
-269
-271
-300
-360
-427
-349
-142
-37
281
369
404
395
347
219
116
25
7
47
78
51
17
-11
-26
-44
-59
-55
-69
-47
-44
-11
-5
-33
-46
-108
-170
-233
-236
-249
-250
-270
-322
-398
-347
-172
-39
256
377
419
417
409
295
145
116
47
69
84
81
42
11
-9
-3
-28
-46
-53
-47
-23
13
21
-5
-31
-59
-137
-176
-207
-213
-227
-233
-256
-347
-369
-253
-49
137
342
418
455
419
345
212
121
51
34
77
71
61
17
2
-12
-14
-44
-45
-50
-50
-53
20
-19
-29
-53
-140
-207
-236
-257
-257
-268
-293
-353
-427
-305
-118
116
323
385
411
395
356
228
116
22
11
52
67
39
3
-32
-31
-39
-59
-98
-93
-76
-51
-45
-23
-42
-63
-155
-206
-227
-278
-281
-268
-289
-337
-427
-343
-186
-44
269
393
419
398
385
253
130
101
13
43
65
46
42
14
6
-23
-48
-50
-50
-44
-58
9
16
-12
-28
-45
-162
-221
-235
-233
-241
-268
-310
-377
-376
-213
-62
219
409
447
419
419
343
192
127
53
57
116
97
68
33
13
2
-2
-44
-63
-31
-37
7
33
-1
-17
-45
-156
-203
-231
-257
-236
-257
-282
-385
-387
-236
-51
130
363
451
453
414
343
183
131
39
32
50
69
35
2
-12
-21
-44
-57
-67
-77
-49
-44
4
-27
-45
-83
-172
-205
-264
-271
-268
-285
-309
-394
-431
-301
-103
114
308
451
414
405
340
193
126
22
23
65
53
24
0
-19
-31
-31
-34
-93
-71
-63
-58
-11
-13
-28
-47
-151
-209
-231
-277
-280
-269
-301
-380
-422
-321
-110
101
349
414
451
419
378
239
138
106
51
72
82
83
35
20
3
-12
-42
-58
-43
-28
-7
39
9
-34
-44
-156
-189
-232
-252
-249
-242
-269
-339
-398
-293
-102
116
347
445
463
451
393
267
132
118
51
69
110
71
26
21
-12
-26
-29
-43
-49
-44
-25
33
4
-34
-42
-160
-205
-247
-278
-283
-282
-268
-374
-435
-326
-140
116
315
416
449
419
366
233
139
39
20
47
51
49
2
-21
-13
-25
-33
-85
-93
-51
-56
-32
-19
-41
-47
-172
-225
-269
-274
-285
-288
-301
-361
-454
-349
-172
-44
291
398
419
419
403
251
116
99
15
65
71
62
31
-13
-22
-28
-34
-50
-77
-44
-45
19
-7
-21
-34
-156
-182
-221
-267
-299
-257
-266
-348
-414
-353
-162
-29
290
419
488
474
446
293
176
118
67
75
93
86
58
26
19
-18
-26
-44
-41
-28
19
47
20
-12
-93
-125
-199
-219
-268
-261
-252
-268
-318
-401
-357
-168
-43
310
417
465
475
419
308
150
125
26
61
87
63
20
-5
-12
-28
-58
-62
-79
-83
-50
-2
17
-25
-44
-147
-215
-256
-268
-280
-284
-295
-343
-450
-396
-221
-31
199
390
419
451
419
299
142
118
27
23
55
52
-7
-25
-15
-40
-39
-108
-118
-70
-57
-37
-13
-29
-45
-158
-223
-255
-287
-303
-282
-285
-342
-427
-400
-217
-61
170
390
465
462
450
327
182
116
41
73
74
66
39
2
-6
19
-55
-30
-61
-54
-39
21
23
-12
-25
-108
-187
-220
-241
-246
-242
-263
-309
-392
-382
-204
-43
281
419
491
499
473
355
195
114
102
63
99
108
53
35
0
-17
-22
-42
-59
-32
-38
23
22
-9
-28
-116
-188
-237
-253
-263
-267
-282
-317
-429
-396
-237
-59
131
404
473
462
419
340
197
110
23
23
86
37
34
-3
-14
-22
-49
-40
-98
-70
-57
-39
-13
-25
-58
-166
-229
-246
-282
-281
-299
-291
-349
-430
-427
-248
-45
129
384
454
451
419
331
183
122
19
10
61
71
20
-18
-26
-33
-51
-45
-76
-81
-53
4
20
-25
-65
-150
-187
-229
-256
-281
-253
-268
-300
-412
-401
-249
-31
121
403
469
484
471
357
213
131
58
67
84
84
63
30
3
-9
-28
-30
-47
-55
7
37
38
5
-41
-53
-170
-209
-247
-261
-257
-256
-284
-397
-381
-233
-49
145
398
486
503
482
353
197
127
49
52
83
82
25
23
3
-32
-27
-48
-67
-47
-41
9
10
-23
-53
-150
-199
-236
-278
-277
-281
-282
-328
-414
-425
-282
-45
131
372
467
467
459
369
211
134
23
20
55
52
15
-12
-39
-29
-53
-95
-98
-78
-49
-58
-1
-31
-51
-161
-236
-263
-288
-279
-293
-297
-343
-422
-431
-266
-53
116
382
463
475
457
343
202
127
46
36
83
84
27
10
-17
-26
-33
-43
-45
-44
-46
31
31
-39
-57
-139
-210
-241
-251
-277
-243
-256
-307
-416
-425
-236
-39
283
419
490
496
507
366
212
133
116
75
87
87
52
20
15
-12
-28
-44
-43
-39
7
26
53
-6
-33
-139
-203
-231
-255
-266
-251
-272
-327
-429
-396
-221
-37
275
406
481
499
474
343
182
114
53
50
62
71
22
-17
-7
-14
-44
-54
-58
-39
-55
17
10
-44
-39
-176
-219
-282
-284
-303
-295
-305
-393
-461
-377
-187
-45
303
419
463
458
417
267
135
118
20
35
47
46
5
-25
-21
-25
-47
-106
-86
-51
-39
35
-5
-50
-40
-176
-224
-263
-298
-289
-268
-285
-358
-456
-359
-181
75
337
419
500
499
419
291
148
130
54
69
83
77
24
25
-12
-33
-26
-33
-53
-26
20
43
11
-41
-64
-168
-217
-233
-247
-252
-241
-268
-365
-437
-315
-85
133
381
481
515
511
447
271
155
120
59
85
99
72
30
3
-18
-10
-53
-34
-46
-41
20
41
-7
-38
-134
-178
-211
-268
-305
-286
-293
-319
-412
-442
-305
-79
123
370
467
483
483
401
223
112
47
36
50
46
38
-13
-35
-37
-60
-45
-82
-77
-60
-37
-7
-29
-39
-178
-241
-265
-321
-299
-281
-294
-348
-459
-443
-284
-57
123
395
459
479
465
355
212
123
47
35
70
58
18
-12
-9
-42
-30
-69
-35
-60
-53
26
18
-17
-46
-161
-221
-242
-284
-294
-275
-295
-351
-442
-382
-204
-53
309
451
503
510
501
366
194
118
105
71
101
91
47
20
18
-12
-44
-44
-59
-34
35
47
47
-12
-55
-154
-204
-251
-278
-275
-282
-281
-379
-453
-348
-155
110
345
463
521
536
469
321
162
131
67
67
57
52
7
1
-23
-23
-33
-35
-71
-58
-61
35
-1
-23
-59
-176
-241
-286
-321
-314
-300
-315
-405
-466
-345
-129
112
353
449
491
488
419
273
138
99
41
53
47
26
-13
-12
-44
-55
-57
-103
-101
-55
-34
3
-12
-54
-143
-194
-263
-269
-316
-300
-289
-339
-421
-462
-322
-93
110
377
475
513
513
447
259
139
139
59
61
70
47
-6
-5
-12
-42
-48
-37
-61
-44
-44
23
7
-42
-59
-181
-241
-251
-268
-262
-253
-309
-396
-413
-289
-37
114
419
521
566
561
419
287
142
116
59
87
105
70
11
-12
-8
-42
-48
-54
-58
-57
19
34
-5
-39
-121
-216
-252
-264
-282
-269
-277
-310
-431
-439
-278
-45
134
419
503
520
515
411
255
136
116
52
52
51
25
-23
-23
-28
-41
-125
-101
-108
-79
-53
-1
-9
-61
-140
-178
-250
-270
-300
-281
-315
-337
-451
-459
-268
-62
122
387
487
503
483
385
212
135
32
21
46
33
-7
-29
-44
-42
-37
-77
-98
-76
-39
-44
21
-2
-44
-136
-201
-257
-296
-285
-285
-284
-335
-431
-427
-221
-39
243
417
487
503
499
369
211
123
84
49
71
67
43
21
-12
6
-33
-46
-28
-48
-7
27
51
6
-31
-53
-183
-221
-268
-258
-261
-269
-335
-434
-389
-199
-46
308
446
520
564
510
373
203
123
67
59
81
99
36
11
7
-19
-44
-61
-41
-77
-53
-6
36
-1
-33
-147
-194
-237
-268
-284
-265
-305
-361
-457
-410
-237
-29
269
417
496
504
466
339
193
138
21
20
34
43
10
-61
-25
-42
-51
-80
-101
-72
-44
-30
-13
-27
-53
-158
-247
-268
-307
-286
-300
-309
-390
-462
-414
-206
-44
283
419
470
472
463
305
179
125
29
46
63
49
17
-7
-26
-30
-41
-51
-61
-57
-46
23
29
-18
-43
-157
-213
-249
-284
-284
-293
-289
-394
-437
-341
-139
112
353
475
527
483
470
329
180
110
74
79
85
70
34
14
-5
-29
20
-28
-40
-37
21
51
29
5
-49
-167
-229
-268
-288
-267
-274
-281
-357
-427
-323
-93
116
387
498
549
539
470
309
176
110
59
67
59
46
6
-12
-43
-40
-47
-63
-72
-69
-45
9
9
-26
-53
-191
-254
-272
-298
-289
-274
-304
-414
-441
-310
-79
131
398
469
530
523
419
267
118
91
2
33
20
-2
-23
-29
-31
-57
-47
-76
-93
-73
-60
-17
-17
-46
-118
-197
-236
-256
-283
-297
-279
-329
-424
-426
-300
-69
116
377
483
515
531
419
267
145
118
43
46
62
46
10
-5
-1
-18
-33
-41
-55
-23
19
23
20
-38
-53
-172
-211
-254
-257
-268
-263
-313
-418
-414
-245
-41
134
419
503
564
527
419
273
139
114
67
63
72
35
19
13
-12
-41
-41
-38
-65
-41
-1
31
-11
-38
-64
-202
-231
-268
-300
-285
-271
-341
-441
-445
-253
-50
133
405
507
499
507
387
211
116
52
23
52
38
-7
-37
-27
-37
-44
-55
-67
-83
-56
-39
5
-37
-58
-150
-213
-267
-296
-293
-309
-329
-358
-472
-431
-271
-34
126
369
475
495
470
366
193
116
43
13
36
34
23
-28
-42
-35
-53
-61
-47
-66
-38
-45
17
-23
-73
-116
-190
-252
-269
-275
-282
-281
-352
-446
-396
-213
-55
302
455
510
511
519
359
217
112
100
66
84
67
14
19
-12
-11
-13
-28
-44
-44
-12
49
42
-12
-37
-65
-183
-221
-252
-263
-263
-284
-335
-443
-361
-162
47
339
463
517
515
499
349
198
121
46
51
66
52
23
-21
-37
-49
-43
-47
-76
-65
-41
-30
-10
-44
-64
-175
-233
-264
-279
-300
-303
-342
-412
-463
-332
-121
116
356
466
500
510
463
287
137
129
20
33
31
7
-18
-66
-43
-54
-76
-105
-105
-83
-57
-44
-12
-69
-126
-216
-250
-293
-300
-293
-317
-335
-435
-454
-288
-65
122
398
499
523
531
419
275
143
137
29
35
45
20
-13
-28
-37
-31
-44
-81
-95
-53
-58
-12
-21
-49
-112
-186
-231
-240
-251
-268
-271
-297
-434
-394
-213
-61
273
419
511
558
547
419
265
133
125
51
63
59
20
-28
-21
-15
-34
-37
-55
-43
-48
6
22
9
-43
-136
-204
-229
-279
-287
-280
-278
-366
-450
-369
-166
-46
314
419
500
522
500
355
191
131
35
38
53
35
-16
-33
-43
-44
-49
-85
-76
-66
-71
-44
-21
-61
-78
-154
-231
-271
-293
-290
-286
-328
-405
-488
-370
-142
87
315
419
500
500
459
306
153
116
47
29
41
-3
-12
-41
-46
-62
-76
-93
-95
-93
-49
-23
2
-39
-51
-186
-250
-271
-310
-299
-290
-318
-398
-443
-310
-64
114
398
500
530
525
467
294
162
118
58
51
62
21
8
-17
-33
-44
-21
-59
-39
-33
-21
20
2
-34
-47
-164
-197
-245
-262
-270
-269
-309
-413
-411
-233
-53
291
459
530
563
547
419
283
129
116
54
78
52
35
-6
-14
-18
-18
-44
-46
-61
-57
-28
20
-1
-53
-142
-205
-229
-285
-285
-273
-277
-336
-426
-385
-205
-45
291
454
519
531
532
411
243
121
146
35
50
49
4
-38
-28
-28
-59
-97
-101
-42
-44
-57
-21
-53
-105
-190
-220
-261
-287
-300
-297
-303
-376
-432
-365
-156
65
355
467
532
562
511
366
227
118
116
54
77
51
7
-38
-26
-45
-58
-46
-76
-55
-58
21
21
-34
-51
-158
-205
-264
-273
-274
-269
-270
-341
-425
-301
-93
121
419
531
567
569
515
372
223
147
143
83
73
45
14
-13
-33
-23
-47
-49
-48
7
39
23
-9
-34
-45
-168
-209
-237
-261
-265
-248
-297
-405
-379
-219
-45
271
419
526
566
563
450
277
148
136
66
54
52
17
-28
-31
-31
-47
-45
-78
-75
-57
-41
15
-41
-44
-171
-207
-273
-297
-300
-301
-298
-353
-459
-390
-197
-53
295
449
513
532
494
355
202
129
63
37
47
20
-15
-39
-46
-37
-29
-93
-95
-61
-49
15
-7
-43
-130
-204
-246
-267
-299
-309
-288
-315
-392
-421
-341
-110
116
379
496
537
550
488
343
185
114
118
84
84
70
8
-7
-2
-30
-44
-51
-43
-40
26
51
2
-28
-45
-183
-233
-278
-269
-284
-282
-301
-393
-387
-236
-45
281
467
551
565
567
483
314
180
138
123
83
70
51
3
-17
-19
-39
-27
-32
-46
-11
21
18
-37
-39
-157
-237
-263
-293
-277
-289
-282
-344
-416
-350
-123
95
349
484
533
549
507
401
241
123
114
55
51
24
-1
-26
-28
-63
-44
-108
-74
-65
-44
-29
-44
-78
-161
-195
-240
-293
-304
-307
-301
-325
-417
-422
-283
-50
131
403
500
533
532
450
303
116
139
31
35
43
3
-9
-41
-44
-44
-93
-82
-71
-45
-44
5
-34
-39
-162
-217
-257
-298
-300
-290
-288
-311
-409
-371
-184
-50
323
482
554
578
554
419
271
159
114
70
65
37
20
-18
-38
-37
-39
-47
-43
-51
-57
-11
-6
-53
-67
-166
-215
-253
-255
-257
-269
-274
-364
-398
-268
-61
127
419
532
533
543
500
345
187
134
102
67
71
19
-15
-25
-33
-57
-50
-69
-65
-55
-41
-47
-50
-47
-140
-201
-225
-270
-298
-285
-313
-329
-421
-365
-190
-42
289
455
500
523
491
394
219
131
133
26
39
7
-19
-31
-69
-86
-124
-108
-102
-81
-54
-34
-47
-55
-135
-203
-217
-281
-311
-306
-299
-312
-393
-411
-314
-98
118
379
499
529
526
467
311
182
123
46
63
52
2
-35
-39
-43
-58
-101
-105
-81
-59
-50
6
-23
-46
-136
-186
-235
-255
-274
-277
-270
-293
-369
-377
-225
-75
207
419
532
563
545
484
310
166
118
83
82
67
31
-5
-22
-28
-33
-59
-44
-67
-54
9
21
-9
-57
-125
-186
-236
-233
-263
-255
-261
-300
-396
-382
-204
-40
276
419
507
539
533
419
274
139
116
47
50
30
6
-44
-48
-43
-53
-108
-106
-83
-45
-35
-26
-25
-122
-186
-237
-269
-302
-295
-283
-284
-334
-435
-370
-190
-79
308
459
532
535
499
371
225
112
43
21
27
15
-28
-42
-62
-44
-94
-114
-114
-93
-55
-61
-33
-45
-76
-163
-223
-270
-282
-296
-285
-261
-321
-427
-361
-175
-20
327
450
532
553
525
404
244
123
116
35
68
47
17
-19
-31
-45
-44
-47
-65
-45
-43
14
-7
-33
-59
-143
-191
-236
-250
-267
-259
-268
-294
-379
-322
-154
43
357
483
532
546
535
414
247
139
121
55
73
63
1
-1
-5
-14
-57
-67
-47
-50
-57
2
11
-29
-58
-155
-207
-253
-278
-274
-282
-285
-353
-427
-379
-188
-60
312
453
511
538
499
390
228
131
67
41
43
30
-9
-22
-45
-40
-50
-95
-103
-93
-53
-38
-12
-43
-42
-161
-225
-275
-306
-304
-300
-289
-337
-439
-418
-237
-44
154
409
503
515
491
398
241
131
53
39
43
45
9
-30
-33
-59
-49
-48
-94
-76
-30
-42
3
-27
-42
-108
-178
-229
-273
-277
-273
-273
-295
-394
-416
-269
-49
123
386
515
531
518
459
293
162
125
50
63
71
34
3
-9
-16
-33
-44
-39
-57
-15
22
24
15
-31
-45
-149
-200
-225
-237
-268
-268
-266
-342
-402
-297
-93
121
382
486
517
546
496
331
191
131
56
37
49
45
15
-26
-28
-33
-53
-51
-69
-57
-51
-19
15
-37
-58
-159
-216
-237
-282
-291
-285
-299
-343
-417
-349
-170
-28
319
419
454
491
469
337
185
131
34
26
41
31
-21
-37
-44
-55
-63
-106
-85
-116
-46
-45
-48
-43
-37
-161
-210
-240
-275
-303
-277
-295
-305
-401
-427
-252
-60
116
387
469
500
507
419
259
137
116
49
52
49
43
-18
-6
-25
-47
-49
-44
-46
-44
-38
15
-12
-28
-42
-152
-209
-236
-249
-253
-241
-283
-323
-400
-302
-110
103
372
478
523
517
496
371
217
120
121
50
79
65
-9
-9
-6
-15
-24
-44
-55
-43
-28
27
27
-33
-57
-139
-193
-220
-259
-268
-285
-274
-313
-402
-379
-210
-39
265
404
500
506
499
371
229
116
121
36
49
53
9
-16
-13
-28
-39
-58
-78
-71
-62
-44
-12
-49
-45
-155
-204
-229
-251
-268
-283
-272
-317
-387
-427
-305
-81
116
343
459
470
487
419
273
130
116
26
25
34
8
-12
-28
-33
-38
-53
-93
-70
-71
-47
9
-13
-25
-33
-162
-223
-239
-269
-268
-278
-271
-322
-412
-337
-149
42
331
451
503
499
488
371
217
135
106
49
54
51
-12
17
-29
-19
-33
-30
-45
-48
-7
33
22
-23
-37
-71
-185
-209
-225
-236
-224
-233
-284
-377
-369
-210
-76
215
419
484
507
503
419
267
148
129
46
67
49
34
-21
-12
-37
-38
-58
-53
-55
-44
-31
3
9
-41
-112
-151
-233
-261
-262
-281
-273
-310
-352
-422
-301
-95
122
340
419
495
488
419
301
139
116
27
20
35
1
-21
-12
-44
-62
-97
-103
-75
-69
-45
-40
-26
-32
-57
-175
-231
-263
-293
-291
-293
-287
-345
-425
-362
-158
-25
297
419
494
515
490
359
203
116
75
43
43
37
-5
-21
-25
-44
-45
-45
-60
-37
-42
19
-12
-26
-56
-134
-191
-204
-229
-255
-221
-245
-268
-364
-393
-236
-31
105
411
504
517
519
449
298
155
114
61
85
71
35
20
-14
-7
-23
-49
-46
-37
-41
-5
18
-7
-33
-45
-160
-203
-259
-268
-264
-268
-262
-321
-396
-310
-105
112
337
451
501
506
484
313
175
123
50
49
47
26
1
-23
-48
-39
-50
-61
-65
-70
-31
-29
5
-29
-75
-152
-217
-268
-284
-300
-288
-272
-310
-396
-390
-225
-54
96
371
463
479
463
358
211
120
41
15
25
20
-14
-15
-45
-44
-38
-76
-74
-73
-49
-55
-7
-25
-50
-135
-203
-236
-268
-259
-268
-247
-269
-332
-398
-273
-49
131
361
463
491
485
419
291
185
118
35
65
47
25
-8
-5
-15
-41
-57
-47
-51
-76
-18
21
8
-27
-43
-143
-183
-231
-253
-254
-237
-236
-300
-353
-310
-141
-6
315
419
499
493
494
378
227
118
120
42
70
43
20
-2
-10
-28
-34
-43
-44
-45
-51
18
-9
-33
-45
-151
-189
-239
-256
-277
-268
-266
-300
-364
-378
-242
-39
123
382
451
479
459
395
251
133
116
35
25
20
6
-29
-44
-39
-50
-97
-95
-108
-76
-61
-46
-34
-59
-124
-202
-254
-281
-273
-274
-278
-303
-366
-425
-301
-112
114
325
419
484
479
419
281
149
118
39
36
51
-12
-7
-38
-44
-38
-53
-44
-63
-61
-45
6
9
-25
-45
-168
-188
-221
-251
-251
-265
-254
-303
-363
-334
-157
-55
308
419
495
483
470
397
241
126
118
65
55
58
25
-1
-12
-12
-44
-61
-61
-30
-1
8
18
-11
-29
-78
-179
-209
-247
-252
-242
-236
-267
-350
-353
-209
-55
116
398
479
495
487
405
275
131
116
30
52
34
3
-23
-25
-44
-55
-60
-79
-73
-45
-73
-25
-21
-44
-116
-181
-221
-251
-267
-274
-271
-289
-332
-419
-317
-106
100
314
411
419
466
403
283
162
135
27
22
19
3
-18
-34
-44
-71
-83
-105
-76
-59
-49
-44
-34
-45
-122
-164
-221
-268
-274
-281
-271
-275
-327
-386
-307
-150
22
301
406
469
495
487
337
209
118
103
59
59
25
-5
-26
-3
-43
-41
-44
-49
-38
-53
11
-7
-23
-44
-139
-172
-225
-241
-261
-245
-247
-293
-351
-336
-161
-45
283
419
482
503
469
400
251
153
131
52
68
51
25
-12
5
-13
-29
-39
-44
-37
-53
3
35
-13
-34
-108
-194
-225
-263
-284
-269
-267
-284
-343
-374
-263
-57
116
372
419
485
482
393
254
127
134
53
38
49
5
-22
-35
-44
-50
-61
-93
-79
-62
-44
-15
-18
-44
-142
-191
-243
-277
-287
-295
-294
-311
-366
-427
-275
-75
116
331
419
473
451
403
276
147
134
49
53
25
3
-25
-29
-41
-54
-51
-95
-74
-47
-44
7
1
-32
-55
-164
-209
-232
-285
-309
-265
-272
-312
-392
-318
-114
104
322
447
501
490
467
335
187
118
110
61
51
41
3
-12
-23
-23
-45
-63
-35
-27
7
11
-1
-28
-53
-103
-176
-206
-233
-250
-251
-261
-293
-359
-332
-183
-43
266
418
473
495
490
373
221
134
110
49
54
27
3
-37
-45
-44
-59
-35
-66
-74
-35
-26
2
-15
-54
-154
-204
-249
-290
-279
-284
-273
-332
-395
-382
-233
-46
118
366
454
477
459
357
244
123
114
7
20
10
-12
-29
-37
-57
-43
-95
-103
-93
-54
-55
-48
-34
-31
-130
-188
-241
-277
-297
-281
-287
-302
-369
-382
-284
-84
103
325
419
482
484
419
294
183
135
48
38
49
10
-12
-21
-28
-31
-59
-49
-67
-33
-43
1
7
-26
-59
-153
-194
-204
-298
-283
-266
-271
-302
-385
-319
-126
53
321
419
496
504
479
361
227
143
123
77
80
55
15
-3
-12
-28
-39
-35
-47
-42
-26
33
5
-28
-44
-140
-172
-233
-241
-268
-275
-283
-301
-380
-364
-205
-59
209
405
467
473
469
366
215
118
131
31
37
34
13
-9
-26
-63
-34
-85
-79
-78
-75
-33
3
-33
-51
-147
-205
-242
-262
-300
-300
-302
-325
-387
-423
-279
-64
130
339
419
483
462
395
288
139
116
26
30
20
-14
-39
-43
-53
-41
-61
-76
-81
-80
-46
-5
-12
-29
-38
-149
-209
-237
-257
-284
-275
-271
-350
-401
-305
-77
106
351
453
501
491
449
320
195
114
89
59
56
53
17
-23
-26
-37
-57
-44
-58
-44
-19
1
9
-43
-44
-112
-174
-197
-237
-229
-237
-258
-281
-374
-331
-144
-26
299
419
478
483
484
355
217
118
138
51
51
26
-9
-17
-37
-19
-54
-45
-49
-63
-53
-5
-12
-43
-61
-162
-203
-225
-265
-289
-279
-279
-318
-389
-355
-202
-55
219
395
446
455
463
342
206
118
51
3
38
22
-30
-38
-43
-53
-83
-80
-108
-76
-71
-38
-35
-34
-44
-133
-207
-250
-273
-300
-283
-301
-308
-364
-401
-267
-85
122
340
419
419
455
398
265
142
106
41
39
30
11
-11
-30
-38
-47
-47
-50
-69
-53
-42
2
-7
-40
-57
-157
-198
-221
-268
-267
-270
-254
-329
-385
-313
-125
95
326
414
473
467
419
323
182
114
114
48
73
53
-1
-17
-21
-21
-40
-41
-54
-49
-54
3
14
-11
-43
-106
-180
-237
-255
-279
-284
-269
-306
-373
-357
-193
-33
147
385
419
467
447
347
213
118
77
16
25
19
-19
-26
-41
-42
-42
-83
-85
-71
-51
-57
-41
-69
-94
-156
-203
-235
-273
-268
-269
-297
-305
-386
-397
-268
-41
125
362
419
419
419
366
229
127
75
22
14
20
-11
-30
-43
-50
-58
-82
-94
-69
-77
-57
-13
-12
-29
-46
-181
-225
-242
-278
-275
-274
-289
-339
-371
-265
-49
135
363
480
487
473
419
303
167
127
118
52
58
33
-9
-21
-37
-35
-28
-50
-46
-18
-5
10
5
-28
-23
-153
-197
-213
-190
-221
-241
-242
-298
-351
-299
-108
101
353
450
507
596
406
275
275
154
98
71
57
39
1
-12
-12
-28
-31
-45
-59
-57
-55
15
-5
-31
-58
-151
-206
-239
-272
-309
-289
-284
-326
-409
-337
-161
-27
310
414
459
458
419
323
176
131
51
9
3
7
-44
-51
-61
-50
-76
-103
-108
-81
-45
-47
-51
-44
-140
-172
-213
-268
-284
-284
-290
-290
-305
-425
-390
-237
-57
101
370
419
462
445
371
212
133
116
22
49
35
-6
-17
-35
-37
-50
-31
-61
-57
-56
-40
9
-29
-47
-125
-185
-246
-258
-270
-275
-251
-277
-362
-364
-236
-65
137
404
494
504
500
419
289
168
123
125
79
69
39
10
-9
-16
-21
-44
-49
-50
-29
35
22
-1
-26
-45
-172
-213
-233
-258
-254
-246
-275
-334
-358
-247
-49
118
365
479
491
475
419
306
172
118
69
66
39
19
-21
-41
-49
-60
-33
-74
-79
-41
-58
18
-7
-44
-78
-190
-237
-264
-282
-285
-287
-304
-358
-411
-285
-78
112
329
419
478
419
417
287
168
114
26
37
35
10
-37
-18
-49
-65
-85
-106
-70
-60
-39
-50
-50
-46
-139
-199
-253
-253
-271
-289
-274
-270
-353
-382
-296
-125
103
331
419
499
482
449
319
180
114
103
63
40
36
1
-9
-18
-29
-44
-55
-72
-65
-29
35
17
-46
-35
-149
-210
-236
-279
-272
-254
-274
-332
-390
-303
-98
110
353
479
523
514
487
366
215
150
125
59
57
39
15
-3
-12
-39
-45
-38
-44
-61
-42
3
3
-44
-59
-172
-225
-257
-268
-289
-268
-291
-326
-390
-334
-143
-18
301
419
467
484
449
337
212
145
118
35
43
20
-22
-27
-45
-49
-108
-108
-108
-104
-47
-42
-15
-28
-60
-156
-248
-290
-329
-329
-314
-289
-336
-406
-339
-146
63
302
419
447
491
419
318
195
123
54
34
11
14
-45
-41
-45
-61
-103
-108
-85
-67
-37
-43
-39
-54
-103
-156
-217
-236
-269
-259
-267
-287
-321
-398
-296
-108
101
340
469
529
499
485
343
186
127
122
57
46
31
-9
-21
-17
-44
-54
-75
-93
-47
-46
22
20
-25
-61
-158
-211
-245
-267
-267
-253
-251
-321
-380
-291
-125
110
318
475
529
521
481
347
213
123
129
46
46
27
-13
-33
-45
-53
-56
-105
-81
-61
-49
-29
-11
-39
-54
-172
-217
-264
-284
-309
-280
-287
-363
-405
-315
-141
89
333
455
488
494
419
310
182
123
41
31
15
7
-45
-42
-57
-93
-114
-102
-76
-44
-45
-59
-44
-103
-154
-207
-245
-284
-301
-321
-299
-336
-387
-412
-288
-62
101
355
469
491
471
419
303
164
116
49
27
47
3
-25
-33
-31
-25
-44
-58
-76
-61
-49
21
-7
-51
-110
-199
-231
-269
-281
-287
-284
-291
-366
-374
-233
-54
116
410
502
510
513
419
303
179
116
110
75
63
10
-19
-17
-16
-59
-49
-50
-43
-95
15
19
18
-46
-95
-219
-237
-274
-271
-265
-282
-298
-369
-369
-217
-49
138
394
490
515
485
404
255
139
134
52
61
35
-1
-22
-32
-32
-47
-44
-93
-82
-60
-25
11
-37
-61
-172
-213
-269
-290
-329
-321
-315
-333
-418
-392
-236
-45
114
389
459
493
467
382
213
128
116
22
23
18
-10
-45
-47
-44
-57
-82
-78
-86
-66
-45
5
-43
-47
-159
-204
-268
-294
-304
-317
-317
-327
-416
-365
-213
-51
276
414
504
503
491
379
227
143
127
43
46
25
4
-21
-39
-24
-44
-54
-45
-57
-39
78
38
-12
-28
-146
-189
-245
-268
-295
-268
-261
-287
-387
-358
-172
-42
301
453
517
514
502
393
237
149
127
49
51
54
-3
-24
-23
-25
-38
-41
-67
-45
-58
33
-12
-33
-56
-157
-217
-237
-277
-300
-298
-300
-331
-413
-376
-215
-46
257
419
485
495
467
370
217
131
123
21
36
6
-30
-37
-45
-47
-65
-74
-79
-79
-69
-44
-6
-34
-54
-156
-242
-284
-314
-328
-319
-327
-345
-426
-403
-247
-30
116
387
479
495
467
379
239
123
108
31
51
43
-9
-13
-44
-41
-51
-40
-41
-75
-48
-13
3
-41
-54
-143
-191
-249
-269
-275
-280
-283
-318
-397
-359
-193
-63
242
419
500
494
507
398
251
143
127
77
58
51
17
-7
-17
-25
-15
-44
-53
-45
-14
26
43
9
-12
-44
-178
-236
-270
-286
-285
-290
-301
-373
-365
-221
-54
164
419
478
511
515
395
248
146
130
53
71
31
6
-37
-43
-41
-49
-55
-76
-69
-41
-23
10
-18
-46
-140
-202
-258
-290
-314
-318
-304
-319
-381
-410
-255
-44
118
390
459
469
467
395
228
131
108
11
19
7
-15
-42
-57
-45
-44
-76
-81
-87
-61
-55
-1
-33
-44
-147
-221
-261
-274
-301
-317
-302
-320
-398
-402
-267
-44
123
395
479
479
490
419
247
146
116
73
62
36
-10
-28
-18
-12
-21
-41
-50
-44
-31
16
27
14
-44
-45
-191
-237
-254
-293
-290
-268
-285
-364
-397
-225
-34
118
419
500
514
523
419
291
179
142
116
70
67
29
-6
15
-22
-21
-45
-44
-44
-41
20
21
-9
-27
-61
-191
-244
-268
-285
-295
-272
-301
-371
-432
-307
-101
118
353
419
485
484
419
290
163
125
39
31
38
-10
-39
-28
-44
-46
-53
-97
-73
-58
-41
5
-9
-29
-118
-172
-254
-272
-307
-318
-287
-300
-366
-412
-353
-171
-49
293
406
470
467
419
315
171
137
52
36
25
10
-37
-57
-45
-58
-61
-79
-96
-70
-41
20
-9
-27
-44
-157
-225
-248
-284
-289
-282
-277
-314
-382
-355
-168
-43
303
419
500
517
484
372
224
125
122
58
72
47
13
-23
-21
-10
-34
-28
-55
-53
-6
24
31
-2
-26
-135
-181
-217
-265
-273
-261
-262
-293
-380
-350
-175
-41
313
419
500
512
498
374
237
127
131
52
66
37
14
-37
-25
-27
-33
-47
-58
-76
-46
20
-9
-12
-45
-166
-225
-253
-281
-300
-301
-306
-332
-382
-376
-207
-55
202
419
467
483
465
366
217
129
91
36
23
17
-13
-37
-44
-57
-60
-103
-86
-93
-65
-30
-14
-15
-63
-153
-203
-252
-302
-320
-316
-299
-320
-389
-412
-262
-61
131
378
457
490
495
390
245
152
126
35
49
15
-12
-41
-21
-33
-30
-47
-58
-42
-41
22
-6
-22
-38
-142
-203
-220
-256
-264
-268
-252
-284
-364
-382
-249
-55
118
394
491
498
509
419
283
162
116
99
59
51
23
-13
-27
17
-12
-23
-55
-38
-44
17
35
0
-41
-61
-172
-236
-249
-268
-281
-268
-289
-360
-394
-284
-77
123
372
471
511
496
419
287
142
127
52
34
20
21
-26
-40
-33
-47
-53
-65
-81
-53
-42
-11
-38
-50
-145
-202
-248
-262
-297
-297
-301
-293
-349
-434
-345
-138
-15
308
411
471
483
419
290
181
134
33
33
33
-5
-43
-27
-44
-44
-41
-73
-93
-73
-37
-49
-9
-28
-55
-174
-237
-268
-295
-299
-297
-298
-320
-382
-358
-204
-58
276
419
495
491
481
378
244
123
116
57
46
31
-1
7
-22
-33
-27
-44
-41
-43
-24
30
20
-13
-53
-134
-225
-206
-249
-250
-241
-274
-297
-369
-364
-172
-44
254
419
500
515
485
419
266
167
112
52
64
53
3
-6
-12
-12
-33
-50
-49
-50
-30
-45
11
-13
-41
-102
-204
-253
-284
-294
-287
-289
-309
-385
-396
-263
-57
127
374
485
483
479
406
267
139
131
29
20
20
-12
-33
-49
-55
-33
-43
-73
-81
-53
-31
-38
-49
-53
-141
-211
-246
-285
-289
-299
-294
-314
-369
-429
-301
-76
118
358
419
482
480
419
263
155
116
53
45
27
-17
-28
-38
-22
-44
-44
-50
-69
-43
-41
14
-9
-23
-42
-189
-253
-269
-273
-273
-268
-294
-349
-403
-300
-85
116
374
490
518
503
477
310
191
131
106
63
52
36
14
1
1
-25
-25
-47
-33
-44
2
35
10
-11
-46
-153
-190
-240
-262
-289
-253
-273
-322
-390
-329
-141
18
322
449
501
493
469
339
215
123
118
41
46
37
-23
-17
-29
-44
-34
-43
-74
-38
-50
-2
-21
-21
-93
-172
-223
-265
-290
-294
-293
-291
-364
-418
-374
-205
-66
259
419
475
483
459
347
210
138
45
20
20
2
-11
-49
-44
-55
-45
-77
-85
-103
-56
-51
37
-41
-71
-184
-235
-275
-309
-307
-289
-282
-321
-398
-392
-199
-44
293
395
488
507
483
378
229
118
114
65
40
38
3
-13
-26
-11
-39
-46
-55
-60
-53
36
26
-38
-53
-141
-191
-251
-264
-270
-275
-266
-300
-390
-357
-198
-63
277
419
506
515
527
419
276
164
108
120
79
54
19
-12
-9
-21
-28
-30
-69
-49
-18
19
-6
-37
-29
-150
-204
-249
-269
-294
-293
-284
-313
-388
-396
-221
-39
134
406
496
504
491
398
233
149
127
34
45
14
3
-31
-44
-66
-58
-69
-95
-76
-54
-44
-38
-43
-66
-179
-252
-283
-334
-322
-303
-320
-329
-414
-408
-221
-41
149
406
469
504
477
370
235
131
132
39
25
21
-19
-45
-59
-45
-42
-94
-74
-59
-37
9
-6
-25
-37
-172
-220
-278
-305
-311
-283
-285
-332
-397
-362
-157
-25
308
467
527
527
498
369
239
139
130
58
57
52
-3
-17
-18
-17
-38
-31
-34
-76
10
43
15
-28
-56
-172
-221
-250
-295
-277
-279
-273
-331
-385
-318
-114
106
343
484
539
527
488
363
239
143
133
72
71
33
-13
-37
-27
-39
-57
-44
-64
-71
-39
9
-26
-44
-160
-199
-260
-294
-302
-314
-258
-309
-372
-410
-313
-97
106
343
465
514
503
467
302
179
118
55
37
25
-9
-32
-47
-55
-51
-85
-106
-106
-71
-59
-28
-33
-50
-155
-233
-277
-307
-329
-329
-317
-332
-374
-414
-316
-108
116
374
469
507
513
459
322
195
116
122
37
49
21
-14
-19
-27
-49
-61
-46
-54
-41
-12
-9
-28
-65
-138
-204
-249
-270
-289
-292
-273
-309
-384
-390
-239
-44
131
419
518
542
539
465
308
210
127
145
79
64
20
-5
-14
-35
-15
-34
-41
-60
-28
26
33
-12
-57
-134
-191
-245
-293
-301
-290
-281
-318
-406
-398
-236
-44
116
419
513
531
523
419
291
162
128
61
65
31
3
-17
-30
-55
-44
-57
-81
-58
-51
-43
-21
-41
-108
-157
-225
-279
-297
-317
-327
-311
-345
-430
-405
-245
-49
123
397
487
511
484
386
225
137
118
51
41
15
-23
-56
-53
-59
-44
-79
-83
-82
-49
-27
-12
-37
-44
-170
-220
-274
-300
-307
-309
-298
-325
-411
-396
-204
-61
298
451
521
527
507
403
258
142
121
63
57
52
-1
-7
-33
-18
-30
-46
-45
-44
-47
36
20
11
-44
-149
-182
-255
-273
-275
-285
-279
-303
-374
-374
-172
-29
308
465
543
551
525
419
221
162
131
105
65
52
-9
-26
-31
-21
-53
-44
-57
-59
-59
17
5
-40
-44
-164
-220
-265
-284
-300
-289
-306
-336
-427
-377
-206
-57
293
446
495
527
491
373
271
143
135
36
52
-1
-17
-37
-41
-43
-51
-99
-80
-55
-53
-41
-17
-44
-122
-188
-278
-300
-317
-341
-327
-323
-343
-455
-385
-198
-49
302
419
500
507
487
369
229
146
114
35
30
22
-27
-26
-29
-32
-51
-43
-65
-65
-59
15
2
-28
-57
-172
-225
-272
-302
-294
-295
-296
-319
-398
-361
-190
-44
315
449
529
553
518
406
251
162
130
100
52
39
20
-9
-5
-16
-6
-30
-27
-41
1
19
22
-7
-42
-144
-201
-241
-267
-287
-293
-260
-328
-409
-353
-176
-29
334
459
514
534
504
385
229
138
116
54
39
27
-11
-46
-45
-33
-49
-53
-60
-76
-42
6
0
-15
-75
-213
-239
-282
-327
-335
-320
-305
-353
-449
-387
-172
-43
308
451
501
527
491
341
219
129
110
22
21
5
-27
-47
-59
-27
-81
-97
-99
-76
-58
-53
-15
-45
-54
-172
-251
-291
-300
-344
-317
-303
-350
-438
-378
-197
-44
286
453
511
531
515
387
257
158
123
81
51
51
-11
-30
-32
-28
-33
-44
-55
-44
-31
14
-8
-41
-67
-164
-205
-268
-275
-285
-283
-274
-295
-384
-374
-185
-51
308
459
538
563
535
401
259
158
133
116
71
53
11
-22
-12
-10
-51
-47
-30
-31
-43
37
20
-31
-43
-142
-209
-253
-283
-304
-332
-282
-319
-410
-405
-232
-29
159
411
500
515
506
419
249
148
118
57
47
5
-21
-38
-57
-33
-44
-60
-72
-82
-59
-44
-13
-30
-33
-167
-236
-268
-301
-337
-319
-315
-332
-410
-431
-282
-55
134
401
495
515
511
411
266
147
116
42
17
7
-31
-37
-55
-24
-31
-94
-87
-49
-44
-44
15
-13
-44
-157
-213
-268
-296
-329
-300
-300
-306
-377
-409
-263
-44
118
419
500
534
529
447
306
166
127
116
51
42
14
-22
-30
-30
-35
-43
-60
-35
-33
21
46
8
-37
-67
-181
-245
-266
-296
-273
-285
-289
-381
-396
-236
-45
122
418
511
551
555
469
311
175
121
103
65
31
9
-31
-42
-23
-54
-37
-49
-74
-63
-41
6
-12
-43
-153
-210
-263
-281
-315
-310
-299
-305
-373
-441
-303
-75
118
389
487
527
523
455
301
175
116
25
11
19
-1
-44
-51
-49
-61
-94
-108
-101
-69
-54
-41
-30
-38
-139
-227
-285
-297
-336
-331
-296
-317
-390
-441
-309
-93
116
387
484
523
527
475
321
175
145
56
52
46
7
-29
-54
-53
-46
-47
-53
-69
-57
-37
24
-1
-45
-118
-179
-221
-274
-302
-303
-284
-283
-350
-402
-285
-69
127
406
511
564
539
494
353
198
134
121
67
57
21
-18
-25
-21
-21
-43
-21
-56
-42
14
23
14
-45
-57
-186
-249
-261
-300
-320
-297
-310
-357
-398
-263
-41
139
419
511
538
503
467
308
148
131
63
31
26
-19
-42
-44
-41
-55
-63
-83
-78
-46
-62
10
-29
-75
-167
-213
-254
-295
-343
-337
-237
-310
-409
-433
-297
-76
126
382
471
507
501
419
278
157
118
43
20
26
-21
-42
-58
-43
-50
-76
-97
-79
-66
-46
-2
-28
-49
-129
-212
-280
-304
-332
-332
-322
-332
-412
-406
-236
-49
118
455
523
549
537
459
277
147
114
51
52
27
-5
-49
-44
-28
-55
-45
-44
-64
-49
26
62
2
-34
-118
-171
-231
-289
-297
-295
-271
-315
-412
-390
-182
-41
337
469
553
549
558
419
302
149
138
74
57
39
9
-29
-19
-28
-40
-50
-34
-71
-42
-1
5
-25
-63
-139
-205
-290
-329
-345
-329
-310
-351
-423
-390
-190
-54
319
458
534
536
510
377
245
131
123
45
25
-3
-28
-38
-44
-42
-73
-72
-110
-68
-63
-48
-15
-41
-65
-197
-268
-319
-331
-349
-333
-334
-374
-447
-379
-194
-37
327
466
532
531
495
379
217
129
126
43
36
3
-19
-58
-49
-54
-38
-94
-76
-66
-49
-26
-12
-16
-53
-166
-221
-268
-340
-343
-323
-307
-352
-420
-339
-130
116
371
503
551
579
518
393
235
151
118
59
70
30
-12
-30
-18
-17
-48
-41
-58
-41
-10
21
-1
-25
-46
-172
-242
-285
-299
-319
-301
-319
-379
-425
-315
-77
110
417
528
554
535
516
339
195
132
101
55
52
14
-39
-34
-53
-60
-50
-93
-85
-61
-55
-1
-12
-31
-140
-221
-287
-306
-337
-345
-325
-334
-396
-447
-309
-83
126
381
510
521
532
474
315
151
118
39
30
6
-25
-32
-58
-44
-75
-94
-102
-98
-63
-45
-44
-13
-44
-140
-241
-274
-305
-327
-343
-327
-325
-405
-421
-303
-53
128
419
532
563
565
503
323
179
123
114
68
37
19
-33
-44
-49
-62
-45
-51
-64
-47
-31
40
14
-35
-75
-172
-255
-275
-307
-304
-282
-286
-364
-392
-285
-63
143
459
563
599
595
529
366
239
149
127
94
69
34
-28
-12
-13
-28
-44
-45
-60
-33
15
35
-12
-28
-57
-205
-262
-300
-327
-327
-273
-307
-377
-412
-278
-44
116
457
563
587
579
504
343
179
127
116
38
34
-10
-33
-21
-53
-29
-48
-97
-58
-53
-46
20
-24
-46
-143
-236
-269
-321
-334
-341
-315
-341
-389
-408
-254
-43
183
479
547
578
573
469
305
171
131
47
41
35
2
-50
-57
-39
-44
-85
-97
-59
-47
-29
3
-25
-57
-154
-213
-265
-309
-321
-301
-277
-302
-377
-393
-225
-54
297
491
595
607
601
491
327
195
124
106
69
46
-8
-25
-41
-42
-29
-50
-44
-47
-49
15
14
-12
-43
-123
-201
-268
-285
-297
-274
-281
-282
-361
-373
-221
-53
295
496
579
599
587
514
339
207
110
135
61
27
-9
-34
-47
-53
-33
-61
-37
-46
-56
-8
-6
-15
-45
-157
-229
-273
-297
-319
-325
-287
-323
-402
-349
-187
-29
339
500
567
591
545
419
274
161
110
31
11
-9
-27
-43
-39
-67
-80
-81
-69
-82
-49
-50
-1
-25
-49
-183
-236
-287
-325
-332
-317
-306
-332
-397
-363
-182
-28
351
500
564
591
560
445
276
159
131
49
35
4
-29
-43
-47
-41
-53
-74
-47
-55
-55
29
33
-28
-50
-172
-225
-245
-294
-299
-285
-281
-295
-380
-342
-156
-17
349
531
603
603
564
482
299
187
123
123
63
73
-13
-27
-29
-15
-17
-54
-44
-41
-30
11
7
-14
-59
-140
-205
-265
-286
-295
-284
-256
-297
-359
-350
-186
-17
314
501
571
591
587
475
303
151
112
23
20
-12
-37
-44
-48
-62
-77
-98
-77
-53
-61
-51
-38
-53
-105
-176
-227
-289
-315
-316
-300
-299
-307
-382
-426
-239
-44
139
458
519
564
526
464
276
147
120
36
-8
-21
-43
-46
-106
-74
-93
-104
-101
-105
-74
-53
-33
-33
-34
-168
-221
-284
-278
-315
-307
-285
-285
-343
-385
-271
-41
131
466
559
594
571
511
335
181
116
45
17
6
-15
-43
-39
-54
-62
-57
-76
-65
-39
-45
20
-13
-38
-45
-176
-229
-242
-284
-261
-237
-242
-300
-373
-268
-81
148
451
564
591
598
550
387
233
118
103
38
19
-12
-45
-45
-64
-50
-76
-76
-44
-49
-65
17
-14
-33
-33
-185
-217
-249
-286
-314
-281
-251
-302
-364
-350
-137
87
382
515
567
559
547
389
221
123
31
5
-3
-25
-60
-75
-77
-97
-81
-101
-64
-65
-59
-50
-29
-31
-142
-191
-244
-285
-306
-300
-309
-289
-326
-392
-370
-186
-31
321
485
559
567
521
404
233
114
50
3
-19
-29
-44
-39
-73
-49
-77
-58
-60
-62
-76
-35
-1
-30
-62
-144
-241
-253
-296
-293
-257
-249
-265
-353
-348
-201
-50
319
491
587
607
562
479
313
163
135
45
39
-1
-14
-46
-49
-53
-47
-37
-65
-66
-46
3
19
-17
-40
-33
-184
-236
-268
-278
-263
-247
-262
-320
-365
-249
-33
136
457
555
598
581
526
345
179
129
36
4
-5
-21
-55
-48
-76
-64
-35
-73
-101
-67
-44
-50
-14
-30
-125
-210
-258
-250
-305
-297
-284
-287
-332
-397
-322
-108
103
374
523
559
545
496
347
195
135
22
-3
-26
-34
-53
-110
-99
-76
-94
-106
-106
-71
-45
-34
-41
-62
-149
-204
-258
-277
-310
-308
-283
-298
-300
-382
-327
-129
106
366
519
586
570
551
390
247
123
116
23
9
3
-42
-44
-45
-66
-59
-76
-69
-57
-41
6
-5
-18
-71
-168
-231
-256
-287
-278
-271
-255
-282
-373
-351
-170
52
389
535
606
595
577
462
279
148
126
51
20
8
-43
-27
-27
-44
-37
-67
-63
-44
-25
14
-6
-25
-56
-172
-225
-268
-287
-297
-282
-268
-284
-364
-379
-188
-34
322
496
593
585
567
419
276
141
110
27
25
-15
-29
-66
-81
-76
-76
-103
-73
-76
-49
-54
-38
-49
-131
-197
-257
-301
-329
-332
-305
-293
-331
-385
-405
-252
-44
161
455
532
555
551
467
275
149
118
29
7
-12
-27
-47
-73
-81
-60
-71
-71
-64
-47
-52
-14
-43
-55
-172
-252
-288
-320
-322
-305
-285
-278
-374
-363
-233
-50
307
491
577
595
582
507
321
178
118
50
35
19
1
-35
-44
-37
-41
-38
-44
-45
-31
23
8
-28
-42
-155
-203
-269
-281
-290
-281
-277
-273
-332
-385
-221
-63
278
487
578
625
575
517
327
179
116
49
37
2
9
-34
-44
-33
-44
-46
-40
-69
-49
-66
3
-29
-44
-171
-221
-290
-320
-329
-311
-289
-321
-353
-412
-285
-55
106
447
535
587
553
483
340
171
132
31
4
-5
-44
-41
-82
-73
-76
-102
-101
-94
-76
-37
-45
-27
-41
-181
-233
-284
-318
-332
-320
-319
-320
-352
-414
-351
-127
114
387
519
579
583
525
401
221
121
91
15
9
-12
-23
-45
-53
-44
-47
-37
-63
-44
-69
5
-3
-45
-136
-205
-253
-293
-317
-293
-281
-266
-305
-373
-337
-140
104
385
543
607
600
574
419
255
147
131
46
39
23
20
-43
-46
-31
-31
-37
-42
-61
-29
35
15
-34
-44
-153
-227
-280
-293
-305
-291
-268
-294
-390
-365
-203
-41
329
485
590
585
553
465
278
161
136
18
11
13
-32
-45
-30
-70
-38
-62
-75
-67
-33
-74
-21
-29
-53
-176
-247
-299
-306
-319
-306
-300
-317
-382
-413
-299
-44
129
449
551
579
547
467
287
142
118
1
-6
-19
-25
-53
-72
-73
-81
-87
-77
-73
-61
-37
-23
-14
-49
-161
-205
-246
-291
-313
-301
-265
-291
-310
-411
-329
-116
125
397
559
595
575
534
404
237
133
110
18
20
-12
-32
-57
-33
-45
-44
-57
-44
-42
-28
10
15
-25
-45
-164
-224
-256
-288
-286
-263
-255
-254
-307
-382
-166
65
379
529
607
617
569
465
276
148
116
50
32
11
-33
-47
-29
-45
-58
-40
-50
-53
-54
-46
-28
-43
-116
-189
-223
-270
-288
-294
-299
-277
-315
-373
-409
-213
-53
283
494
564
577
574
455
286
168
116
25
3
-21
-28
-44
-85
-76
-65
-69
-108
-71
-66
-45
-50
-35
-123
-194
-249
-289
-306
-315
-303
-310
-300
-374
-426
-322
-71
121
419
553
585
564
501
340
185
127
27
24
9
-32
-43
-50
-44
-53
-69
-61
-62
-43
-50
-10
-37
-49
-138
-204
-253
-287
-299
-266
-275
-270
-329
-402
-307
-97
110
418
559
627
606
535
414
261
131
127
52
43
0
-38
-38
-34
-22
-44
-49
-44
-49
-13
-2
-18
-28
-30
-190
-236
-268
-294
-289
-272
-268
-300
-396
-348
-161
56
386
535
596
615
570
446
259
110
131
30
13
-1
-42
-43
-29
-54
-58
-76
-95
-71
-44
-47
-25
-59
-133
-204
-250
-273
-311
-317
-298
-295
-329
-398
-389
-225
-45
307
483
557
587
555
419
265
129
106
-7
-19
-33
-34
-43
-81
-48
-87
-106
-98
-80
-61
-41
-43
-64
-43
-184
-227
-286
-311
-315
-319
-299
-317
-366
-402
-277
-61
114
456
583
611
594
514
343
180
112
29
16
0
-11
-57
-47
-38
-54
-46
-43
-65
-60
-29
13
-26
-51
-149
-213
-243
-257
-287
-278
-276
-282
-335
-389
-301
-61
126
462
571
627
607
558
403
217
122
125
39
3
-5
-47
-31
-43
-38
-44
-47
-49
-45
-46
8
-28
-43
-123
-189
-241
-271
-295
-319
-297
-300
-327
-402
-333
-137
116
401
537
582
589
532
382
217
132
57
-7
-6
-2
-38
-53
-67
-76
-78
-69
-75
-80
-73
-42
-51
-42
-123
-181
-260
-314
-321
-335
-326
-316
-349
-427
-381
-203
-44
343
499
564
555
547
417
231
114
49
-9
-13
-30
-44
-56
-57
-61
-62
-75
-80
-65
-54
-50
-39
-39
-139
-172
-229
-280
-278
-297
-295
-284
-332
-398
-365
-162
-28
369
535
583
586
571
447
267
135
131
36
20
18
-18
-41
-25
-43
-45
-40
-51
-50
-49
-9
11
-25
-44
-140
-203
-237
-265
-284
-284
-282
-300
-374
-361
-190
-45
331
507
587
609
567
451
293
148
118
31
29
5
-12
-55
-57
-57
-54
-42
-77
-66
-50
-41
-30
-31
-44
-156
-217
-258
-279
-311
-306
-293
-313
-396
-427
-284
-61
129
447
539
563
545
470
295
148
135
1
-12
-11
-18
-45
-74
-73
-73
-103
-98
-93
-76
-75
-44
-53
-129
-188
-213
-278
-295
-310
-315
-314
-311
-398
-441
-299
-53
130
419
563
579
563
485
326
163
131
47
11
1
-29
-44
-38
-44
-49
-60
-40
-61
-43
-41
-26
-37
-53
-106
-176
-243
-281
-285
-304
-295
-292
-355
-410
-293
-61
116
419
563
603
610
555
390
213
114
121
47
-4
7
-9
-31
-25
-1
-41
-47
-42
-38
-37
-23
-17
-39
-125
-172
-221
-268
-287
-299
-297
-285
-362
-421
-327
-108
99
403
527
585
563
525
374
189
116
36
20
-3
-41
-50
-44
-39
-50
-61
-71
-71
-63
-37
-35
-56
-49
-155
-194
-273
-299
-323
-322
-321
-342
-374
-441
-357
-140
104
390
515
563
558
518
363
185
123
19
-5
-10
-31
-45
-61
-70
-66
-73
-97
-78
-86
-48
-44
-69
-44
-110
-176
-237
-294
-294
-317
-329
-309
-364
-426
-364
-149
99
372
507
587
601
561
406
235
144
138
36
20
-15
-40
-41
-39
-28
-47
-53
-46
-42
-47
-7
-17
-39
-53
-171
-219
-235
-268
-300
-289
-275
-327
-406
-351
-121
105
419
563
613
601
570
414
237
80
131
33
9
-11
-27
-45
-38
-40
-45
-37
-60
-76
-48
-44
-27
-34
-63
-167
-225
-279
-298
-301
-297
-306
-358
-421
-369
-183
-34
362
502
585
592
539
403
241
116
70
7
-14
-28
-35
-59
-77
-69
-102
-76
-104
-93
-65
-33
-59
-77
-114
-205
-252
-284
-299
-321
-319
-316
-364
-445
-402
-211
-61
308
474
553
581
549
419
259
121
123
20
14
-15
-28
-45
-41
-43
-76
-73
-77
-76
-42
-45
-27
-25
-61
-183
-231
-265
-317
-300
-284
-287
-321
-406
-392
-172
-14
363
511
595
599
585
419
262
139
122
36
34
15
-16
-29
-27
-43
-38
-47
-46
-53
-45
5
-1
-11
-47
-149
-217
-249
-294
-294
-294
-277
-314
-396
-370
-172
-44
362
539
603
587
571
419
263
130
101
36
2
-22
-42
-57
-53
-45
-81
-59
-93
-76
-54
-44
-49
-28
-143
-174
-236
-306
-316
-329
-339
-305
-340
-443
-405
-204
-38
343
500
579
566
538
406
217
128
52
6
-19
-45
-44
-76
-85
-78
-75
-105
-110
-108
-60
-29
-44
-49
-137
-187
-263
-287
-314
-321
-348
-309
-343
-434
-402
-194
-45
353
503
585
587
563
419
263
116
114
35
20
-13
-44
-39
-61
-44
-41
-37
-49
-69
-45
-55
-18
-44
-31
-172
-190
-264
-290
-309
-297
-285
-314
-393
-344
-149
89
368
542
631
614
574
451
281
143
123
36
15
15
-30
-60
-53
-57
-49
-59
-71
-59
-35
-25
-28
-31
-116
-206
-235
-289
-318
-331
-322
-321
-348
-427
-370
-162
88
373
521
595
567
547
401
228
146
47
13
1
-28
-53
-63
-65
-76
-87
-108
-104
-85
-53
-49
-44
-56
-139
-219
-293
-315
-334
-359
-337
-328
-353
-455
-403
-195
-43
353
495
561
559
543
405
213
141
31
17
-12
-28
-37
-53
-76
-67
-99
-86
-71
-74
-55
-34
-39
-50
-130
-182
-268
-296
-334
-315
-300
-296
-369
-419
-348
-133
110
384
525
607
596
543
406
229
110
90
29
-6
-6
-40
-33
-58
-44
-12
-61
-37
-45
-46
-12
-7
-51
-55
-172
-253
-281
-289
-314
-285
-286
-332
-412
-319
-105
116
419
567
628
613
583
382
213
126
91
3
11
-12
-44
-35
-44
-45
-76
-83
-79
-77
-55
-47
-18
-44
-59
-201
-263
-312
-302
-311
-314
-320
-351
-421
-329
-105
106
406
546
593
603
545
373
210
139
27
7
-14
-45
-56
-65
-77
-94
-94
-98
-103
-79
-65
-42
-59
-61
-140
-207
-257
-305
-318
-317
-317
-300
-366
-424
-307
-73
118
447
569
631
613
551
358
199
121
32
19
1
-25
-55
-49
-46
-47
-87
-81
-77
-65
-49
-37
-19
-39
-41
-191
-233
-289
-300
-303
-299
-285
-356
-396
-284
-49
122
469
590
627
614
547
390
212
118
110
29
8
-3
-30
-39
-45
-50
-70
-44
-66
-64
-58
-54
-28
-45
-123
-204
-266
-300
-314
-322
-311
-300
-379
-429
-310
-108
123
419
551
597
579
522
357
201
116
15
11
-13
-38
-55
-50
-54
-47
-77
-94
-99
-70
-49
-61
-71
-58
-140
-220
-274
-309
-332
-341
-321
-347
-385
-443
-334
-110
121
419
559
575
569
504
340
176
122
29
20
-14
-37
-34
-53
-69
-67
-82
-101
-77
-75
-58
-61
-41
-45
-133
-197
-255
-308
-324
-312
-299
-306
-364
-406
-311
-102
116
419
561
603
607
543
372
223
112
114
35
41
-6
-29
-43
-29
-33
-58
-51
-53
-63
-44
-1
-7
-47
-41
-158
-235
-270
-283
-293
-291
-287
-335
-393
-300
-71
127
457
578
650
628
579
409
229
151
121
36
20
17
-33
-44
-44
-31
-53
-59
-55
-65
-53
-41
-15
-44
-43
-197
-239
-286
-323
-341
-319
-325
-350
-414
-349
-127
106
381
527
607
598
559
389
211
131
27
-11
11
-21
-45
-59
-75
-60
-93
-108
-82
-93
-66
-51
-44
-50
-140
-202
-268
-311
-303
-363
-331
-326
-366
-450
-373
-135
99
385
519
607
603
570
390
243
127
52
11
11
-29
-37
-47
-57
-45
-45
-75
-93
-76
-57
-42
-18
-43
-98
-183
-249
-295
-322
-319
-321
-303
-364
-423
-332
-118
120
419
575
633
617
569
419
249
147
118
53
37
13
-18
-35
-31
-35
-28
-58
-63
-42
-33
-1
2
-29
-45
-168
-229
-278
-301
-266
-284
-304
-337
-429
-363
-127
116
398
547
607
619
565
404
233
134
106
15
14
-6
-33
-57
-44
-44
-70
-75
-81
-73
-58
-44
-44
-51
-133
-188
-254
-281
-306
-313
-325
-311
-358
-433
-409
-209
-47
339
495
564
596
555
419
244
148
30
-13
-7
-45
-59
-67
-99
-71
-102
-82
-95
-103
-61
-44
-41
-43
-123
-186
-233
-294
-301
-327
-300
-322
-325
-427
-410
-221
-56
378
490
591
611
595
482
281
171
106
29
18
-5
-39
-50
-42
-45
-61
-49
-42
-51
-57
-39
-15
-25
-44
-139
-219
-245
-288
-286
-278
-286
-297
-394
-382
-204
-47
317
518
621
643
619
527
325
183
138
36
19
18
-30
-44
-45
-30
-47
-42
-46
-38
-54
-41
-29
-39
-44
-137
-204
-268
-293
-307
-303
-284
-309
-381
-413
-300
-62
114
458
571
611
597
517
345
179
116
25
-9
-23
-31
-47
-76
-50
-75
-93
-85
-94
-70
-47
-38
-65
-125
-156
-244
-288
-318
-319
-328
-321
-321
-382
-443
-332
-108
116
419
535
598
591
507
357
183
123
20
-5
-26
-42
-51
-63
-60
-61
-85
-87
-84
-71
-45
-47
-30
-47
-125
-205
-265
-294
-298
-307
-288
-300
-359
-429
-332
-104
116
419
582
628
615
564
388
237
139
88
23
1
-12
-26
-43
-50
-30
-51
-52
-49
-51
-5
-9
-7
-34
-61
-151
-215
-247
-288
-305
-283
-297
-337
-424
-349
-139
118
411
591
643
649
591
419
257
139
105
9
-9
-15
-75
-61
-42
-65
-48
-48
-60
-76
-65
-43
-41
-51
-98
-176
-232
-294
-291
-323
-310
-323
-349
-429
-390
-204
-26
353
533
597
594
564
411
237
135
20
-11
-23
-37
-49
-70
-72
-63
-76
-85
-108
-73
-76
-57
-56
-57
-140
-186
-239
-289
-323
-336
-337
-315
-374
-465
-429
-210
-53
343
537
603
625
587
455
247
146
128
3
14
-25
-24
-57
-57
-41
-19
-33
-44
-40
-45
-44
-38
-27
-45
-134
-223
-246
-274
-284
-282
-280
-318
-392
-411
-237
-44
278
501
617
655
629
533
339
179
127
38
33
9
-26
-33
-38
-26
-41
-34
-39
-45
-47
-44
-26
-28
-57
-135
-185
-236
-285
-298
-284
-271
-291
-378
-430
-305
-95
129
419
559
607
601
550
363
203
139
25
-7
-9
-30
-63
-57
-39
-61
-49
-60
-66
-61
-57
-60
-50
-50
-137
-219
-274
-315
-298
-325
-306
-357
-409
-478
-403
-168
99
362
523
597
596
533
358
191
128
18
-3
-23
-28
-59
-43
-56
-45
-61
-85
-76
-81
-60
-57
-53
-59
-129
-189
-233
-271
-300
-289
-285
-290
-348
-403
-398
-221
-50
339
529
611
617
593
471
287
162
137
34
20
-23
-25
-45
-47
-38
-31
-31
-46
-37
-42
2
-12
-25
-46
-137
-187
-239
-278
-270
-259
-263
-281
-353
-398
-271
-48
112
469
597
627
626
544
343
207
114
25
13
3
-13
-44
-39
-40
-34
-33
-65
-44
-59
-34
-43
-29
-41
-153
-207
-250
-294
-318
-318
-302
-306
-369
-453
-373
-149
116
410
535
599
596
550
386
212
127
21
-7
-23
-12
-73
-75
-75
-61
-95
-93
-75
-79
-61
-54
-45
-95
-147
-213
-257
-306
-325
-305
-319
-300
-350
-459
-434
-225
-47
307
507
610
603
570
419
257
147
116
6
2
-9
-34
-61
-43
-54
-44
-49
-44
-56
-44
-23
-13
-12
-126
-175
-243
-279
-277
-292
-278
-289
-329
-410
-412
-231
-45
319
530
623
631
599
498
292
153
131
27
35
27
-26
-31
-25
-39
-30
-30
-54
-35
-37
1
10
-21
-61
-140
-217
-245
-268
-278
-294
-274
-298
-368
-417
-289
-54
137
469
567
610
603
521
341
184
122
18
9
1
-29
-37
-58
-65
-42
-44
-51
-76
-73
-51
-28
-81
-123
-174
-229
-289
-289
-317
-302
-298
-332
-382
-465
-351
-127
106
379
507
589
583
519
347
185
139
22
-11
-28
-43
-59
-63
-55
-57
-55
-71
-93
-72
-41
-61
-47
-106
-149
-220
-272
-305
-301
-299
-279
-305
-351
-442
-396
-178
-29
387
534
609
603
552
459
246
135
116
35
18
1
-38
-39
-45
-32
-44
-43
-44
-43
-34
-5
-12
-33
-47
-146
-207
-270
-272
-275
-261
-254
-317
-396
-387
-225
-61
308
506
609
654
613
501
314
167
123
37
19
3
3
-33
-35
-28
-23
-47
-61
-93
-42
-54
-14
-44
-47
-164
-236
-266
-291
-293
-291
-283
-304
-389
-441
-313
-75
110
419
551
607
597
527
329
168
114
21
-21
-17
-44
-45
-45
-61
-61
-76
-76
-77
-82
-45
-70
-61
-114
-172
-242
-261
-297
-311
-317
-309
-322
-393
-450
-385
-194
-37
341
500
579
564
547
382
209
129
31
-3
-5
-28
-44
-61
-46
-54
-53
-46
-67
-65
-53
-39
-30
-47
-108
-174
-235
-257
-293
-297
-289
-285
-323
-427
-418
-236
-53
308
488
611
627
596
500
281
154
118
35
27
-1
-31
-29
-14
-11
-14
-37
-44
-33
-28
-12
-7
-31
-39
-158
-211
-249
-273
-277
-271
-268
-313
-349
-419
-301
-62
121
419
578
613
596
515
337
191
118
47
22
-12
-23
-60
-40
-55
-46
-57
-46
-54
-70
-63
-34
-62
-41
-145
-197
-268
-278
-300
-309
-316
-314
-349
-458
-421
-211
-53
335
504
563
578
558
405
223
130
34
5
-5
-34
-44
-69
-77
-65
-74
-87
-77
-71
-71
-48
-60
-65
-134
-213
-263
-282
-303
-305
-302
-299
-325
-417
-438
-297
-49
131
463
565
607
593
487
295
151
114
-6
23
-2
-27
-38
-44
-37
-30
-53
-44
-38
-59
-54
-3
-39
-47
-138
-205
-233
-271
-267
-268
-262
-268
-360
-422
-311
-114
128
414
557
596
609
549
393
231
118
123
43
31
5
-42
-45
-19
-16
-26
-30
-54
-41
-33
-13
-15
-46
-110
-183
-236
-268
-284
-273
-268
-283
-337
-427
-398
-221
-33
293
494
579
587
563
448
275
127
116
6
-5
-19
-33
-57
-73
-44
-44
-71
-63
-55
-63
-45
-43
-54
-136
-172
-252
-284
-314
-306
-306
-302
-332
-417
-431
-294
-73
118
419
559
581
555
471
285
145
116
7
-6
-15
-29
-43
-44
-59
-49
-59
-85
-76
-69
-31
-27
-44
-53
-170
-221
-267
-291
-299
-302
-278
-275
-361
-442
-314
-99
114
419
555
595
593
543
359
182
147
84
33
27
-13
-40
-28
-37
-25
-55
-39
-43
-35
-22
7
-17
-45
-45
-161
-197
-253
-254
-286
-268
-281
-339
-410
-364
-149
66
371
530
596
619
577
418
237
137
118
21
17
-12
-29
-42
-61
-37
-37
-62
-49
-57
-66
-44
-42
-49
-135
-178
-249
-278
-329
-303
-284
-290
-350
-412
-411
-243
-44
251
467
564
581
549
419
266
134
134
18
5
-12
-28
-45
-78
-85
-69
-75
-77
-97
-55
-46
-45
-69
-138
-172
-248
-286
-309
-297
-315
-317
-335
-419
-443
-295
-66
137
419
563
611
610
500
308
164
130
37
10
7
-37
-37
-38
-45
-43
-47
-33
-44
-63
-69
-18
-38
-47
-139
-184
-245
-268
-267
-268
-268
-280
-343
-413
-333
-138
99
382
545
611
613
579
419
274
132
114
37
37
17
-23
-35
-28
-25
-44
-28
-33
-33
-33
3
-5
-33
-60
-158
-233
-268
-278
-281
-269
-275
-314
-410
-395
-223
-48
297
494
598
619
573
467
275
133
116
22
-6
-15
-37
-42
-58
-40
-53
-33
-75
-72
-58
-56
-33
-46
-129
-172
-237
-277
-301
-314
-305
-300
-315
-426
-441
-293
-60
123
419
535
571
543
455
283
148
121
15
3
-13
-43
-63
-54
-53
-63
-76
-80
-76
-62
-65
-51
-37
-54
-157
-204
-269
-287
-303
-299
-283
-309
-360
-425
-323
-106
114
419
547
596
601
522
371
197
118
49
15
21
7
-44
-30
-25
-25
-49
-44
-44
-28
-11
2
-14
-37
-112
-172
-206
-239
-257
-284
-262
-266
-299
-414
-332
-151
105
385
531
610
595
574
390
246
127
127
27
5
-1
-50
-28
-41
-57
-44
-72
-41
-49
-49
-46
-37
-30
-77
-181
-249
-275
-293
-298
-279
-300
-347
-427
-386
-229
-42
299
467
577
581
537
413
251
123
72
13
-2
-27
-30
-61
-48
-54
-82
-75
-101
-75
-62
-47
-59
-108
-130
-193
-249
-274
-294
-293
-307
-325
-349
-440
-427
-269
-49
130
449
559
578
547
402
271
155
116
7
25
-1
-27
-43
-45
-32
-44
-44
-61
-46
-63
-58
-28
-39
-50
-157
-221
-249
-270
-285
-270
-265
-314
-402
-381
-235
-58
273
467
567
582
563
473
281
148
135
35
48
31
-7
-21
-38
-35
-25
-28
-23
-38
-43
20
2
-13
-38
-134
-181
-251
-265
-284
-281
-293
-315
-390
-405
-269
-47
131
453
551
575
575
458
289
167
139
22
17
-7
-37
-54
-65
-44
-51
-45
-50
-69
-50
-59
-43
-56
-59
-172
-205
-266
-279
-283
-300
-293
-319
-413
-461
-301
-69
127
405
500
532
551
467
290
143
110
8
-12
-13
-25
-43
-69
-57
-69
-76
-81
-93
-70
-45
-55
-44
-44
-172
-221
-268
-278
-306
-299
-297
-304
-389
-412
-275
-65
129
419
549
575
570
494
313
163
142
35
6
7
-10
-38
-54
-31
-23
-31
-49
-59
-41
-28
-12
-19
-57
-121
-190
-236
-256
-269
-257
-258
-285
-361
-393
-297
-61
139
419
563
597
590
523
351
195
125
69
22
11
2
-29
-27
-42
-28
-42
-42
-55
-38
-32
-5
-21
-63
-140
-206
-239
-258
-290
-273
-289
-301
-366
-414
-313
-110
110
404
519
564
565
500
327
171
110
23
-1
-11
-27
-50
-55
-66
-66
-50
-75
-65
-66
-44
-61
-46
-42
-141
-224
-259
-295
-311
-329
-305
-318
-371
-439
-339
-145
116
353
484
561
549
501
353
183
116
26
7
-12
-30
-37
-43
-62
-62
-71
-64
-63
-49
-63
-37
-35
-46
-141
-187
-247
-254
-290
-285
-277
-284
-349
-423
-300
-102
112
403
531
597
591
532
372
201
123
79
35
11
-14
-26
-42
-29
-29
-33
-43
-45
-33
1
20
-23
-45
-30
-162
-219
-237
-242
-285
-270
-263
-337
-398
-311
-140
118
393
519
569
586
523
382
212
125
56
8
3
-12
-31
-63
-43
-65
-61
-44
-69
-57
-45
-41
-30
-45
-133
-193
-233
-253
-276
-286
-289
-298
-365
-427
-349
-140
83
353
484
535
535
501
333
191
131
30
-1
-17
-38
-37
-41
-76
-66
-77
-77
-97
-76
-58
-44
-64
-44
-138
-203
-240
-252
-297
-296
-291
-303
-348
-412
-363
-159
33
345
491
549
547
501
372
212
132
45
8
-3
-1
-31
-43
-44
-35
-45
-45
-44
-44
-48
7
-19
-29
-42
-162
-217
-242
-263
-284
-262
-273
-345
-389
-326
-138
108
373
537
591
579
555
403
215
147
116
39
29
15
-21
-48
-27
-37
-39
-19
-49
-44
-30
5
-15
-28
-55
-172
-217
-253
-268
-275
-265
-294
-335
-417
-327
-140
84
351
483
554
558
514
379
209
129
51
14
-11
-39
-47
-57
-38
-59
-70
-65
-74
-61
-43
-46
-37
-47
-145
-210
-237
-271
-302
-285
-287
-316
-363
-443
-379
-166
-45
342
475
535
545
507
365
191
114
19
5
-12
-31
-44
-103
-57
-57
-74
-74
-71
-63
-53
-43
-31
-54
-141
-189
-239
-268
-295
-281
-277
-279
-341
-412
-314
-121
94
381
510
583
563
531
382
212
135
77
20
21
-3
-22
-53
-41
-44
-37
-43
-53
-15
5
11
-9
-42
-108
-172
-219
-236
-265
-274
-268
-268
-342
-406
-280
-76
121
414
552
579
599
511
335
213
112
106
37
7
-10
-44
-51
-39
-33
-42
-35
-46
-53
-29
-5
-29
-42
-123
-186
-229
-278
-305
-300
-294
-309
-378
-433
-331
-101
116
369
477
565
547
491
320
182
116
22
2
-5
-31
-30
-49
-72
-49
-71
-76
-69
-61
-41
-53
-55
-118
-172
-204
-259
-281
-295
-300
-311
-305
-366
-442
-345
-126
99
357
499
538
547
500
336
180
139
37
23
-7
-19
-44
-46
-45
-56
-44
-50
-56
-51
-26
-17
-35
-67
-136
-189
-236
-254
-245
-272
-268
-282
-345
-411
-325
-102
106
393
515
576
583
513
373
205
108
118
36
34
2
-39
-31
-30
-31
-22
-29
-33
-38
3
20
-9
-34
-57
-174
-225
-269
-278
-274
-262
-290
-351
-390
-317
-108
134
390
504
577
571
503
371
211
116
59
10
-5
-31
-44
-54
-30
-59
-38
-65
-65
-55
-55
-45
-59
-61
-108
-156
-236
-250
-297
-300
-317
-304
-366
-422
-377
-201
-39
299
447
532
531
515
373
215
123
23
-6
-5
-49
-57
-50
-63
-81
-61
-76
-76
-61
-43
-45
-49
-61
-125
-201
-229
-267
-269
-284
-278
-277
-332
-413
-402
-258
-50
116
451
539
571
543
454
267
167
112
29
15
-1
-18
-44
-65
-33
-44
-30
-58
-42
-44
7
3
-26
-38
-150
-185
-221
-233
-265
-265
-253
-277
-364
-390
-267
-58
137
419
547
579
576
475
325
174
114
52
31
7
-15
-37
-47
-29
-37
-39
-47
-44
-29
-14
-12
-31
-55
-145
-192
-231
-283
-259
-266
-280
-313
-406
-421
-295
-93
116
389
504
533
542
467
315
163
106
26
18
-7
-34
-44
-44
-57
-50
-69
-76
-65
-62
-53
-44
-59
-98
-182
-221
-268
-271
-251
-281
-289
-315
-377
-443
-379
-183
-13
323
458
543
535
499
372
197
123
43
7
1
-12
-47
-46
-56
-59
-39
-45
-59
-47
-45
-33
-15
-51
-105
-185
-219
-249
-257
-274
-280
-277
-325
-405
-360
-193
-38
295
473
539
576
527
457
259
148
116
39
27
6
-12
-38
-29
-15
-13
-28
-82
-26
-17
14
-12
-14
-58
-116
-185
-221
-236
-251
-265
-253
-299
-378
-385
-249
-49
123
419
534
559
568
470
305
163
147
37
18
1
-17
-37
-39
-41
-45
-49
-49
-49
-51
-34
-29
-39
-65
-185
-213
-242
-281
-283
-288
-289
-326
-379
-438
-335
-106
104
370
496
534
535
475
309
191
108
11
-1
-5
-54
-66
-54
-73
-53
-61
-76
-66
-62
-41
-54
-58
-101
-146
-215
-249
-274
-299
-302
-295
-300
-353
-425
-366
-172
-57
315
475
547
551
528
371
225
131
118
20
20
5
-19
-53
-44
-29
-53
-31
-21
-43
-21
17
-27
-93
-125
-203
-227
-241
-256
-274
-252
-261
-329
-396
-350
-176
-44
320
482
563
596
563
419
279
175
106
55
53
19
-17
-12
-19
-14
-30
-30
-27
-28
-13
31
-21
-38
-54
-157
-197
-254
-258
-285
-273
-268
-309
-394
-394
-249
-44
123
414
534
551
547
445
281
157
135
23
19
-5
-28
-48
-63
-45
-44
-44
-57
-61
-49
-44
-33
-62
-108
-172
-217
-268
-287
-303
-303
-306
-333
-394
-431
-329
-73
114
362
480
533
535
467
307
184
116
31
3
3
-39
-49
-59
-55
-58
-50
-59
-47
-55
-61
-25
-26
-54
-159
-207
-274
-279
-273
-285
-263
-300
-353
-418
-300
-74
110
398
523
571
571
507
368
207
135
118
36
25
-15
-27
-44
-28
-37
-28
-37
-29
-33
-29
3
-40
-53
-135
-168
-221
-242
-243
-252
-270
-284
-360
-410
-282
-94
114
403
532
567
595
525
374
231
118
118
27
22
4
-31
-44
-37
-37
-44
-50
-59
-53
-28
-30
-31
-60
-155
-213
-251
-282
-301
-289
-277
-314
-362
-418
-340
-110
100
366
488
555
561
502
350
225
118
70
27
3
-15
-41
-45
-70
-77
-76
-86
-58
-94
-43
-41
-72
-118
-162
-213
-281
-310
-309
-305
-297
-311
-345
-431
-347
-116
95
355
486
555
563
542
372
221
116
110
37
13
-16
-41
-44
-38
-54
-59
-54
-51
-49
-44
-13
-25
-54
-137
-179
-237
-270
-277
-289
-293
-294
-362
-401
-313
-103
112
387
522
583
611
545
372
229
143
123
35
41
1
-22
-37
-33
-33
-43
-43
-31
-25
-12
-5
-41
-44
-138
-229
-236
-257
-268
-278
-266
-304
-364
-401
-281
-43
122
405
535
594
591
499
335
191
108
54
23
5
-27
-41
-44
-44
-44
-61
-67
-76
-66
-44
-62
-30
-112
-176
-221
-267
-275
-307
-297
-316
-323
-396
-429
-285
-79
118
386
527
554
535
467
315
180
139
19
1
-26
-37
-39
-70
-76
-73
-80
-57
-87
-59
-43
-41
-59
-108
-181
-225
-263
-277
-291
-288
-285
-300
-396
-396
-245
-129
138
447
547
591
596
513
340
209
121
66
41
10
-17
-41
-50
-33
-28
-39
-28
-45
-19
-7
-17
-44
-45
-138
-201
-229
-253
-259
-253
-269
-289
-365
-364
-207
-49
267
482
571
613
603
503
345
199
132
116
20
25
-17
-29
-47
-33
-44
-44
-39
-39
-26
-11
-13
-30
-46
-127
-209
-236
-267
-273
-275
-283
-305
-381
-374
-213
-53
247
449
582
597
593
474
297
181
141
42
4
-15
-42
-57
-47
-57
-57
-63
-57
-59
-37
-42
-47
1
-118
-187
-217
-258
-274
-282
-267
-297
-327
-403
-377
-206
-53
278
475
575
585
570
459
291
164
132
23
-1
-5
-9
-54
-44
-51
-45
-50
-54
-50
-27
-44
-44
-39
-50
-157
-186
-219
-241
-248
-250
-273
-309
-374
-357
-168
-58
314
483
587
611
587
465
302
175
139
79
25
-2
-26
-44
-32
-44
-44
-22
-28
-38
-13
1
-5
-43
-54
-149
-204
-227
-241
-254
-248
-255
-325
-373
-325
-134
45
339
507
593
599
566
419
274
159
133
34
15
-24
-50
-50
-46
-55
-64
-50
-57
-49
-48
-44
-47
-47
-108
-166
-197
-253
-273
-261
-281
-289
-358
-396
-332
-154
-28
334
487
563
565
564
406
259
160
116
18
-13
-27
-39
-105
-63
-54
-70
-83
-44
-43
-58
-61
-45
-102
-133
-187
-220
-246
-255
-269
-249
-279
-309
-392
-332
-138
57
342
496
595
609
566
446
276
159
127
54
10
-21
-45
-47
-31
-55
-45
-46
-47
-21
-25
-17
-34
-69
-114
-159
-183
-231
-213
-233
-225
-236
-293
-366
-286
-95
112
385
564
611
633
578
419
273
159
114
37
27
-5
-24
-53
-54
-31
-34
-44
-28
-43
-22
-17
-28
-41
-116
-152
-182
-231
-254
-245
-237
-245
-313
-370
-305
-114
105
366
500
589
575
527
387
235
121
110
7
-11
-38
-37
-82
-93
-76
-63
-71
-57
-37
-44
-43
-45
-114
-151
-195
-221
-273
-279
-269
-281
-296
-348
-406
-315
-133
95
374
495
533
534
499
357
171
114
23
4
-30
-61
-44
-95
-99
-75
-69
-62
-57
-53
-49
-49
-70
-97
-145
-206
-236
-236
-271
-250
-273
-261
-335
-369
-267
-81
116
403
527
567
575
521
377
201
126
131
19
5
-29
-45
-44
-75
-54
-51
-30
-41
-41
-5
-14
-28
-62
-108
-163
-194
-225
-237
-247
-229
-270
-311
-362
-237
-53
123
411
531
597
589
532
366
217
118
106
20
-12
-28
-57
-60
-59
-63
-71
-54
-44
-43
-48
-37
-23
-44
-133
-187
-217
-237
-229
-255
-263
-295
-337
-393
-270
-66
116
374
510
543
547
487
327
197
121
10
-15
-31
-58
-54
-108
-101
-82
-76
-93
-59
-76
-54
-44
-70
-125
-172
-191
-232
-258
-247
-268
-284
-293
-353
-382
-270
-59
114
382
509
551
552
494
331
185
110
40
19
-27
-41
-43
-76
-57
-76
-74
-73
-53
-59
-59
-21
-53
-43
-126
-182
-215
-242
-233
-250
-253
-267
-342
-357
-206
-40
129
419
529
563
563
501
321
181
135
74
30
-2
-10
-33
-47
-58
-44
-37
-48
-28
-29
-3
-2
-34
-47
-149
-198
-219
-221
-235
-233
-244
-284
-348
-315
-181
-44
277
419
531
539
535
419
275
135
122
34
-7
-28
-57
-58
-79
-70
-75
-73
-73
-61
-23
-39
-54
-93
-129
-194
-224
-249
-268
-283
-290
-286
-312
-377
-353
-172
-38
287
419
507
515
491
397
223
118
50
-5
-20
-37
-66
-98
-99
-98
-82
-81
-66
-69
-51
-43
-62
-124
-159
-201
-245
-290
-269
-267
-290
-291
-350
-377
-281
-71
125
366
500
551
543
473
347
191
116
86
17
-13
-39
-61
-55
-40
-44
-45
-51
-43
-29
-9
-12
-43
-62
-143
-186
-213
-257
-251
-259
-257
-269
-337
-332
-194
-37
241
464
526
564
558
467
311
176
114
70
19
-7
-33
-29
-51
-44
-39
-30
-37
-37
-37
-28
-38
-62
-114
-154
-206
-253
-272
-279
-278
-273
-324
-364
-321
-137
3
309
467
547
535
517
387
228
139
106
27
15
-21
-43
-37
-77
-67
-63
-76
-74
-61
-44
-55
-49
-121
-164
-206
-245
-279
-302
-298
-306
-319
-353
-366
-290
-82
110
359
419
515
523
466
329
187
130
33
-6
-21
-33
-45
-53
-58
-64
-51
-63
-51
-42
-69
-31
-57
-93
-164
-204
-237
-280
-284
-275
-267
-300
-350
-333
-183
-42
241
419
533
553
558
447
296
183
122
42
30
3
-39
-34
-23
-47
-38
-53
-31
-23
-12
-6
-17
-42
-45
-143
-203
-235
-237
-275
-256
-263
-309
-359
-293
-121
102
340
483
553
567
515
410
265
149
123
35
41
5
-44
-53
-50
-50
-44
-30
-54
-39
-38
-28
-42
-59
-155
-189
-211
-268
-287
-274
-268
-291
-329
-396
-268
-106
118
353
467
518
539
491
340
211
116
54
20
-12
-46
-44
-69
-73
-65
-63
-85
-93
-60
-49
-45
-86
-133
-175
-216
-269
-300
-300
-295
-268
-287
-370
-374
-265
-39
134
401
486
550
539
467
328
203
129
52
15
-2
-35
-44
-55
-44
-58
-49
-55
-47
-44
-28
53
-45
-134
-174
-205
-252
-278
-283
-270
-257
-297
-353
-328
-194
-54
291
467
555
562
547
449
308
182
133
99
62
21
-28
-33
-28
-40
-18
-37
-41
-30
-28
-10
-14
-46
-129
-168
-233
-249
-282
-267
-252
-268
-306
-364
-303
-123
99
343
495
547
531
515
402
257
138
123
24
17
-22
-39
-45
-69
-44
-70
-45
-70
-59
-58
-50
-74
-121
-166
-221
-255
-282
-284
-295
-300
-300
-357
-380
-268
-50
123
374
500
549
535
475
307
180
137
35
14
-27
-30
-58
-75
-76
-76
-69
-61
-72
-66
-73
-61
-44
-140
-189
-235
-267
-300
-309
-282
-283
-305
-348
-343
-183
-44
265
467
537
564
547
470
283
185
116
66
19
-11
-21
-53
-50
-47
-33
-73
-43
-44
-17
-15
-23
-37
-114
-176
-221
-247
-242
-265
-241
-255
-291
-345
-300
-133
89
337
511
564
587
558
451
289
148
133
56
47
18
-27
-35
-31
-37
-43
-27
-53
-53
-15
-10
-23
-46
-170
-206
-245
-271
-284
-293
-278
-285
-360
-381
-270
-79
102
373
495
536
550
503
335
209
121
133
13
-15
-32
-44
-39
-45
-64
-76
-75
-71
-70
-56
-45
-108
-159
-198
-258
-284
-290
-310
-311
-307
-323
-390
-359
-221
-29
118
417
515
531
523
419
263
159
114
35
31
-13
-45
-47
-59
-49
-55
-71
-42
-69
-49
-53
-44
-50
-143
-189
-225
-262
-277
-269
-263
-268
-315
-364
-279
-108
99
329
473
554
564
542
403
266
159
133
46
39
23
-44
-34
-27
-34
-27
-21
-37
-18
-12
-15
-31
-61
-140
-189
-229
-233
-268
-254
-265
-258
-313
-358
-236
-37
127
393
511
553
553
499
353
215
127
116
26
21
-32
-33
-65
-38
-45
-53
-57
-69
-69
-47
-65
-53
-146
-176
-229
-272
-279
-285
-299
-297
-317
-364
-366
-225
-37
116
398
499
526
526
419
271
150
129
34
3
-23
-47
-57
-71
-63
-93
-82
-69
-97
-66
-44
-83
-135
-142
-215
-253
-268
-285
-287
-311
-286
-323
-389
-316
-146
-30
305
451
523
538
501
390
247
148
114
37
18
-9
-38
-47
-62
-59
-44
-61
-42
-34
-42
-11
-34
-44
-125
-204
-236
-259
-281
-257
-249
-284
-322
-318
-237
-37
135
398
515
575
571
484
363
245
151
126
46
37
4
-37
-33
-34
-45
-47
-54
-55
-42
-28
-39
-44
-55
-139
-209
-220
-246
-261
-261
-275
-295
-331
-364
-239
-41
118
401
479
531
532
459
318
191
112
43
33
11
-41
-47
-59
-39
-70
-69
-82
-71
-76
-44
-48
-76
-140
-176
-224
-269
-284
-281
-294
-287
-320
-379
-374
-236
-39
133
394
483
487
513
418
285
163
126
33
15
-22
-43
-44
-65
-81
-76
-93
-76
-72
-47
-45
-69
-114
-149
-164
-209
-247
-277
-257
-267
-283
-305
-364
-323
-145
-40
276
419
500
511
506
419
281
148
129
41
33
5
-29
-33
-69
-41
-57
-70
-55
-42
-9
-22
-43
-49
-129
-168
-205
-239
-253
-257
-245
-250
-301
-349
-269
-124
103
339
461
537
558
522
389
224
151
114
63
52
-5
-44
-34
-49
-51
-44
-47
-45
-54
-59
-31
-43
-47
-144
-197
-205
-253
-270
-281
-279
-285
-315
-373
-290
-112
122
318
451
495
503
478
339
211
116
110
18
15
-18
-47
-46
-73
-67
-82
-82
-105
-79
-59
-57
-77
-114
-168
-227
-246
-263
-279
-278
-268
-293
-333
-382
-294
-98
103
331
419
491
499
453
334
195
125
110
22
9
-34
-42
-50
-53
-61
-63
-59
-63
-58
-44
-45
-44
-76
-153
-187
-213
-233
-233
-236
-245
-258
-332
-331
-223
-44
123
374
475
507
532
447
311
203
129
134
54
25
-27
-17
-28
-25
-23
-50
-50
-53
-28
-1
-13
-57
-44
-140
-168
-221
-236
-252
-237
-253
-283
-337
-331
-191
-28
129
393
495
501
484
406
287
171
101
55
39
5
-26
-47
-51
-45
-70
-69
-71
-61
-41
-58
-56
-42
-135
-167
-215
-245
-265
-268
-266
-284
-293
-355
-350
-213
-41
129
371
454
484
455
372
243
127
121
23
6
-28
-44
-41
-76
-70
-75
-79
-93
-79
-62
-44
-61
-84
-140
-202
-231
-225
-270
-267
-264
-279
-305
-348
-310
-153
-37
258
414
479
499
461
371
244
133
116
50
39
5
-27
-30
-58
-45
-30
-44
-65
-44
-57
-33
-29
-44
-95
-133
-189
-215
-220
-241
-247
-253
-266
-314
-268
-123
-35
301
419
509
498
486
405
265
162
118
114
52
35
-14
-21
-58
-45
-57
-57
-54
-44
-28
-9
-41
-56
-140
-172
-200
-221
-236
-242
-242
-271
-274
-334
-307
-176
-35
251
390
470
474
447
361
227
130
118
35
31
-7
-35
-59
-57
-75
-76
-82
-93
-63
-61
-44
-77
-118
-161
-191
-206
-251
-261
-267
-282
-271
-305
-341
-307
-140
-50
257
382
464
462
419
335
199
105
103
35
17
-15
-41
-64
-69
-62
-79
-87
-76
-61
-45
-55
-50
-116
-159
-191
-219
-236
-241
-236
-241
-253
-280
-332
-242
-79
99
323
419
467
483
419
343
212
143
131
51
52
20
-31
-31
-21
-54
-42
-32
-49
-22
-21
-13
-29
-46
-129
-170
-204
-217
-237
-205
-229
-232
-278
-286
-207
-55
116
358
453
470
467
414
302
181
116
118
59
18
2
-27
-66
-44
-39
-47
-50
-73
-44
-64
-54
-41
-121
-157
-201
-229
-268
-259
-266
-258
-277
-307
-323
-198
-56
114
340
419
419
419
369
244
147
123
38
25
-1
-28
-58
-55
-93
-82
-105
-108
-85
-61
-53
-66
-105
-145
-191
-213
-237
-229
-250
-251
-271
-274
-332
-321
-170
-47
118
345
419
455
414
331
243
143
126
50
49
11
-29
-23
-47
-47
-58
-77
-47
-45
-55
-54
-28
-45
-122
-172
-198
-217
-246
-237
-229
-233
-256
-294
-278
-140
-38
211
379
419
463
419
358
233
164
116
116
55
33
1
-25
-37
-27
-49
-37
-37
-44
-39
-28
-40
-49
-129
-162
-197
-211
-220
-229
-232
-235
-248
-285
-284
-142
-49
139
366
419
417
390
343
221
129
135
43
23
-7
-23
-54
-35
-50
-77
-93
-82
-69
-58
-59
-76
-108
-168
-189
-225
-233
-261
-262
-266
-271
-287
-312
-284
-149
-45
139
343
393
404
382
294
176
139
58
20
-11
-26
-43
-45
-80
-81
-98
-101
-83
-94
-77
-51
-75
-126
-147
-172
-233
-245
-258
-250
-257
-253
-271
-297
-245
-108
43
263
390
419
419
398
308
193
149
116
55
37
5
-12
-30
-29
-38
-41
-60
-57
-45
-19
-9
-29
-44
-123
-159
-193
-211
-205
-207
-217
-221
-233
-266
-219
-78
106
287
401
454
471
414
339
231
139
112
112
65
27
-1
-33
-21
-27
-45
-53
-44
-44
-16
-25
-42
-67
-142
-185
-202
-241
-253
-220
-239
-241
-269
-279
-223
-63
94
270
408
419
419
379
319
195
134
118
82
39
11
-17
-32
-74
-51
-72
-85
-65
-73
-49
-61
-76
-126
-161
-199
-227
-256
-270
-241
-243
-267
-275
-300
-249
-79
100
283
394
419
419
377
305
171
162
118
46
20
3
-33
-46
-28
-50
-58
-54
-55
-53
-45
-47
-54
-102
-138
-193
-219
-245
-231
-237
-233
-241
-248
-291
-248
-105
73
259
377
451
451
385
308
207
139
123
65
40
15
-5
-14
-31
-33
-60
-43
-57
-33
-39
-37
-42
-33
-140
-176
-212
-229
-221
-235
-225
-225
-246
-268
-199
-67
99
271
371
419
414
385
323
216
130
137
59
39
20
-18
-37
-45
-62
-58
-83
-71
-54
-61
-73
-44
-101
-156
-176
-207
-236
-246
-237
-231
-245
-268
-284
-245
-136
-38
131
351
395
398
387
323
205
114
68
15
20
6
-35
-41
-59
-62
-77
-66
-75
-55
-69
-62
-75
-129
-158
-191
-229
-239
-243
-242
-245
-243
-253
-277
-252
-121
-21
129
371
419
419
393
329
241
141
118
77
40
31
15
-17
-21
-58
-49
-51
-53
-34
-44
-27
-37
-45
-140
-168
-189
-216
-211
-205
-225
-210
-252
-249
-213
-78
51
266
374
446
467
419
353
245
148
127
116
58
43
19
-12
-42
-39
-51
-56
-33
-49
-16
1
-31
-51
-127
-168
-215
-221
-236
-213
-236
-233
-239
-286
-259
-135
-57
112
355
404
419
405
337
227
137
116
63
53
21
4
-62
-58
-49
-37
-71
-75
-63
-43
-30
-59
-108
-145
-197
-235
-265
-249
-268
-277
-275
-268
-295
-266
-172
-61
110
325
402
403
377
319
227
151
116
62
25
-3
-22
-37
-60
-53
-71
-82
-66
-61
-45
-57
-49
-44
-141
-185
-225
-236
-245
-233
-248
-229
-249
-271
-262
-172
-55
121
339
398
419
419
374
289
191
129
112
43
38
5
2
-15
-21
-44
-29
-55
-31
-12
-9
-14
-37
-33
-145
-185
-228
-215
-213
-219
-207
-221
-235
-261
-188
-59
99
310
387
419
419
379
307
213
133
114
59
36
50
-13
-31
-44
-44
-44
-34
-43
-55
-53
-44
-29
-118
-157
-207
-237
-237
-252
-237
-248
-241
-258
-291
-231
-82
50
231
340
406
406
374
289
182
131
116
43
11
-13
-38
-62
-60
-76
-85
-76
-93
-63
-62
-59
-93
-112
-157
-217
-240
-246
-256
-243
-255
-263
-261
-268
-247
-126
-53
130
331
393
400
370
311
229
143
114
46
51
35
-10
-16
-34
-33
-51
-51
-43
-31
-28
-29
-44
-43
-135
-184
-219
-219
-242
-241
-229
-231
-237
-253
-252
-140
-51
116
340
404
419
451
347
279
180
118
138
79
45
23
-1
-15
-44
-28
-28
-27
-35
-11
-7
-39
-47
-112
-151
-190
-206
-221
-221
-224
-221
-237
-248
-270
-181
-37
102
297
378
405
405
358
265
176
112
118
33
10
-11
-37
-44
-61
-41
-49
-45
-53
-58
-45
-65
-41
-140
-181
-211
-257
-264
-270
-251
-246
-235
-269
-267
-229
-95
66
227
341
390
372
335
261
167
131
67
29
13
-12
-44
-44
-63
-45
-76
-66
-57
-45
-55
-63
-105
-114
-171
-179
-235
-242
-233
-233
-220
-217
-236
-253
-225
-108
-25
148
343
395
405
363
309
212
151
118
55
42
27
-16
-46
-29
-43
-35
-42
-54
-49
-29
-12
-11
-48
-125
-142
-195
-197
-205
-205
-187
-209
-229
-221
-210
-106
-45
114
339
405
414
406
343
285
167
133
118
63
40
17
-22
-37
-18
-41
-44
-50
-62
-28
-39
-51
-44
-129
-172
-206
-221
-217
-235
-217
-221
-236
-259
-250
-178
-30
114
278
357
388
350
347
271
168
123
55
18
14
-13
-27
-44
-45
-59
-66
-67
-76
-62
-53
-28
-103
-144
-176
-213
-231
-257
-253
-232
-236
-240
-242
-237
-217
-94
-17
131
325
393
389
339
293
207
135
122
35
9
3
-12
-39
-53
-63
-54
-55
-50
-59
-23
-25
-33
-54
-127
-171
-204
-210
-219
-199
-209
-221
-211
-231
-203
-106
-46
120
341
403
406
386
340
261
163
132
104
55
25
15
-14
-21
-23
-28
-42
-41
-15
-6
-24
-19
-34
-114
-168
-176
-215
-217
-204
-227
-217
-207
-236
-200
-118
-41
137
339
401
406
374
323
249
150
133
52
30
10
-19
-40
-29
-47
-46
-45
-41
-61
-49
-58
-44
-44
-118
-172
-201
-217
-251
-246
-235
-221
-233
-271
-259
-172
-52
100
255
363
377
363
323
246
155
131
42
34
20
-13
-30
-41
-43
-73
-71
-76
-44
-63
-54
-53
-49
-125
-161
-202
-231
-243
-229
-236
-219
-219
-215
-249
-199
-93
41
175
347
377
390
337
282
219
121
125
68
23
21
-11
-35
-45
-44
-39
-47
-54
-33
-15
-21
-17
-46
-140
-167
-172
-198
-203
-204
-188
-176
-209
-219
-172
-81
-46
121
334
406
405
377
323
248
163
123
122
54
41
21
-26
-21
-23
-23
-12
-44
-25
-19
-20
-38
-59
-142
-172
-193
-204
-195
-219
-213
-213
-221
-236
-233
-145
-45
128
295
344
374
357
299
225
148
110
38
42
17
-12
-28
-49
-53
-55
-44
-61
-73
-57
-65
-57
-97
-146
-182
-204
-235
-219
-233
-231
-249
-242
-298
-236
-185
-54
93
246
325
349
343
287
237
150
121
63
27
11
1
-23
-42
-43
-60
-33
-49
-54
-46
-17
-34
-49
-118
-159
-172
-217
-205
-213
-193
-203
-229
-236
-225
-172
-44
85
255
345
382
359
331
281
201
128
112
59
52
51
20
-1
-27
-27
-5
-37
-21
-1
-10
-22
-33
-58
-133
-143
-172
-176
-189
-182
-172
-203
-205
-217
-197
-125
-51
127
307
371
357
340
308
228
143
116
81
65
25
-11
-2
-27
-37
-47
-50
-59
-27
-43
-37
-50
-71
-155
-174
-205
-223
-193
-210
-219
-210
-235
-242
-225
-154
-51
108
258
310
340
311
276
197
131
130
50
25
9
-29
-28
-45
-59
-45
-69
-77
-54
-61
-54
-75
-125
-161
-167
-191
-197
-213
-217
-190
-229
-221
-240
-229
-171
-67
57
121
302
339
341
297
244
171
116
126
50
49
30
3
-25
-13
-22
-29
-44
-39
-15
-29
-41
-48
-105
-149
-172
-176
-187
-186
-170
-193
-198
-209
-193
-172
-73
-23
127
317
353
347
323
304
215
145
125
112
67
62
20
2
-22
-28
-23
-31
-25
-13
-27
-23
-37
-49
-133
-168
-174
-193
-164
-182
-182
-200
-198
-221
-197
-140
-39
106
255
303
308
307
267
210
141
116
59
37
14
16
-21
-29
-28
-63
-34
-45
-46
-61
-48
-93
-122
-168
-172
-201
-191
-181
-197
-203
-210
-217
-221
-219
-146
-59
71
139
271
308
292
244
185
116
116
52
25
13
35
-5
-42
-44
-63
-46
-37
-38
-49
-51
-75
-108
-137
-163
-172
-185
-189
-179
-172
-186
-199
-197
-158
-131
-51
99
151
277
313
303
276
229
151
123
106
52
46
21
16
-5
-37
-26
-28
-26
-28
-29
-45
-58
-45
-110
-157
-156
-147
-153
-140
-156
-140
-156
-153
-141
-106
-48
101
131
286
315
291
286
223
172
133
131
52
51
38
15
-15
-38
-11
-45
-28
-28
-27
-39
-60
-97
-147
-164
-182
-202
-186
-194
-182
-172
-193
-175
-170
-114
-57
103
106
251
275
263
251
179
127
118
55
23
31
3
-15
-39
-44
-42
-39
-66
-70
-57
-73
-110
-141
-172
-190
-205
-202
-195
-185
-204
-195
-186
-164
-156
-94
-39
100
168
263
277
244
212
167
131
128
63
31
31
-6
-34
-15
-49
-42
-25
-17
-45
-45
-44
-103
-108
-172
-168
-182
-172
-162
-157
-172
-157
-154
-122
-93
-34
97
131
244
277
283
285
225
182
139
123
83
40
31
20
7
-13
1
-7
-18
-21
-33
-29
-44
-94
-126
-145
-168
-153
-168
-157
-143
-158
-140
-127
-108
-49
-48
114
138
244
276
263
242
190
138
131
100
43
35
4
-10
-17
-30
-21
-31
-21
-54
-48
-99
-123
-156
-155
-187
-182
-204
-197
-203
-185
-176
-159
-145
-97
-59
67
116
223
224
242
235
183
130
110
48
33
-7
-1
-37
-31
-37
-46
-51
-54
-43
-76
-95
-137
-123
-172
-172
-204
-223
-231
-200
-168
-187
-154
-133
-108
-45
67
127
225
239
263
233
202
170
134
132
67
47
36
18
-8
-19
-22
-11
-25
-33
-66
-54
-102
-108
-134
-170
-145
-156
-147
-149
-151
-147
-143
-110
-76
-43
67
118
235
261
259
263
231
185
152
116
133
65
39
21
-17
-6
-29
-26
-14
-37
-47
-53
-93
-125
-133
-151
-172
-163
-174
-178
-114
-144
-129
-114
-74
-58
38
133
159
231
241
212
201
171
131
112
52
11
-1
-13
-27
-46
-33
-51
-50
-43
-76
-108
-135
-164
-190
-190
-172
-188
-204
-204
-186
-163
-161
-137
-85
-49
51
108
186
201
217
190
163
212
118
52
35
20
-10
-29
-25
-34
-23
-44
-55
-63
-63
-118
-140
-140
-172
-178
-193
-171
-166
-145
-167
-149
-116
-81
-44
62
116
123
203
233
217
202
170
131
118
103
51
38
33
26
-9
-6
-12
-43
-31
-46
-62
-94
-122
-130
-153
-145
-162
-152
-157
-145
-118
-98
-64
-47
25
89
121
215
271
246
219
199
162
123
135
