18
16
17
4
6
8
3
-12
-1
-5
9
2
14
-2
-2
14
6
-6
5
-1
-7
1
-1
5
-7
-11
-6
0
3
-11
-15
-2
-13
-6
-5
-12
3
6
3
6
5
-1
-2
10
-11
7
-10
17
15
20
14
7
3
9
10
19
-5
20
20
10
20
31
19
17
15
11
27
22
6
-1
2
19
20
20
17
23
21
15
20
40
24
21
35
25
35
43
29
34
34
20
27
43
23
29
26
18
20
27
22
32
27
35
30
22
25
34
35
39
13
23
20
15
34
20
15
3
21
20
17
27
6
26
20
20
20
18
20
3
9
14
20
7
9
-7
5
8
14
-2
13
3
13
-11
3
3
7
-8
1
11
-14
-13
-5
-18
-12
-9
-11
2
2
-7
-6
-5
2
-12
3
-11
-13
-9
-10
-7
3
-9
-7
5
-11
-8
3
-12
3
6
3
3
1
-5
-9
11
-6
7
10
20
8
10
10
20
17
18
1
20
9
13
7
25
9
14
19
17
11
20
17
15
10
20
15
22
19
21
30
19
19
26
23
35
35
37
27
25
23
27
33
20
37
23
21
23
19
23
20
26
33
15
19
16
15
23
20
14
22
17
15
17
11
22
29
11
9
11
17
3
20
20
3
10
11
-1
10
9
7
9
-6
-5
-5
-9
13
7
9
-11
-15
4
-6
-12
0
3
-11
-11
-12
-12
-12
-2
-13
-5
-9
-12
-18
-13
-1
-14
-10
-16
-18
-23
-7
-3
-23
-1
-11
-11
-5
-12
-11
-18
-9
-5
-26
-7
-18
-6
9
-7
-9
5
-12
6
1
9
2
2
14
-12
-1
11
11
13
11
3
10
3
-1
7
14
3
9
15
9
22
22
9
7
20
22
5
15
7
16
15
19
19
7
19
23
36
39
36
27
20
26
23
21
15
30
27
26
18
24
18
20
15
7
20
11
20
17
17
4
20
19
19
4
4
20
15
11
7
15
3
13
3
-5
3
16
7
6
5
-2
7
13
1
5
-3
-5
-5
1
-1
10
-8
3
-6
8
-9
-5
-8
-27
-28
-12
-23
-29
-43
-26
-28
-27
-32
-39
-30
-19
-22
-32
-33
-34
-33
-37
-37
-21
-17
-5
-8
-14
-9
-11
-10
-11
-6
0
-7
-2
-9
11
-13
-1
-7
1
2
-7
7
-13
-2
5
-5
-8
11
5
-9
2
-1
-1
11
21
23
10
23
3
15
33
30
29
32
20
20
15
22
5
20
7
15
20
7
0
8
10
9
21
4
15
5
20
31
26
33
23
21
38
57
77
102
87
63
47
34
-1
-10
-9
-13
-15
-31
-21
-33
-93
-95
-105
-105
-117
-93
-53
-27
65
116
137
151
162
150
33
-7
-12
-34
-19
5
43
26
23
4
-22
-21
-62
-57
-60
-47
-37
-23
-29
-21
-27
-93
-118
-125
-131
-122
-110
-70
-66
-55
-75
-76
-85
-50
10
139
245
244
167
139
47
-18
-30
-86
-47
-25
52
52
31
-1
-8
-28
-32
-60
-49
-41
-37
-17
31
3
-2
-30
-36
-97
-110
-109
-103
-67
-55
-67
-74
-93
-109
-102
-31
-14
148
247
275
237
179
139
27
-12
-30
-27
27
70
89
56
30
18
-12
-21
-22
-44
-37
-32
21
33
16
-12
-27
-82
-104
-117
-119
-108
-93
-105
-101
-104
-117
-123
-43
133
287
337
303
209
153
55
-12
-37
-76
-28
20
90
84
33
5
-25
-25
-65
-94
-74
-31
-25
-16
-13
-23
-57
-66
-67
-95
-121
-151
-142
-143
-141
-162
-175
-165
-141
-21
137
281
331
283
183
136
7
-25
-117
-85
-29
89
123
75
27
-19
-21
-77
-98
-87
-62
-31
-37
7
-9
-15
-27
-97
-131
-172
-209
-189
-138
-126
-111
-121
-139
-135
-33
117
266
335
274
186
147
36
-12
-21
-48
-33
113
147
127
53
11
-12
-37
-25
-72
-59
-28
-44
22
16
18
3
-25
-33
-119
-158
-151
-141
-117
-118
-125
-137
-155
-121
-28
149
327
355
308
239
180
141
5
-23
-34
-31
98
117
83
34
3
-16
-28
-81
-102
-65
-44
-31
-17
-25
-14
5
-12
-38
-108
-155
-177
-172
-184
-170
-172
-175
-193
-189
-76
79
281
355
335
259
180
159
14
-26
-76
-26
71
107
67
17
-12
-33
-39
-103
-108
-83
-76
-53
-31
-39
-33
-30
-22
-44
-133
-181
-206
-204
-189
-168
-204
-199
-201
-186
-47
126
299
337
303
247
180
142
5
-29
-45
-26
111
121
80
10
-11
-21
-33
-74
-82
-67
-37
-28
-27
-17
-12
4
-19
-115
-163
-172
-174
-166
-153
-128
-140
-172
-170
-59
119
317
391
379
307
219
152
135
-31
-27
-33
96
130
121
38
20
-7
-24
-26
-82
-76
-49
-39
-39
-16
-12
1
-18
-27
-139
-183
-185
-153
-150
-155
-157
-162
-203
-191
-37
136
345
383
351
276
202
131
1
-37
-45
-28
91
113
77
25
3
-1
-29
-101
-97
-105
-76
-57
-37
-39
-28
-31
-33
-165
-220
-218
-221
-185
-179
-177
-167
-200
-203
-94
56
281
369
349
276
201
141
35
-31
-74
-37
73
103
81
47
1
-27
-37
-76
-112
-85
-71
-50
-28
-37
-12
-17
-28
-157
-203
-222
-204
-177
-142
-147
-155
-170
-171
-48
107
287
363
355
287
219
155
129
-19
-22
33
103
126
85
41
10
-1
-10
-32
-69
-61
-44
-41
-37
-27
-5
30
-1
-29
-165
-203
-202
-182
-167
-151
-144
-152
-149
-60
118
275
354
327
267
211
148
57
-21
-28
7
79
114
59
36
-8
-28
-39
-73
-99
-106
-104
-77
-78
-47
-45
-42
-27
-145
-202
-243
-212
-201
-181
-171
-178
-197
-173
-46
138
275
327
318
249
163
148
15
-29
-37
-31
77
83
43
-10
-21
-37
-82
-109
-124
-118
-76
-77
-79
-48
-39
-33
-9
-25
-153
-204
-213
-203
-205
-188
-200
-202
-172
-39
129
290
355
320
277
205
129
47
-9
-21
36
113
106
62
20
-11
-14
-22
-25
-76
-76
-61
-39
-39
-45
-44
-41
45
6
-28
-140
-183
-159
-170
-199
-204
-219
-213
-113
-29
138
356
367
313
245
171
139
15
-11
17
83
116
88
51
3
-7
-24
-26
-65
-79
-73
-53
-59
-75
-64
-9
-14
3
-38
-157
-172
-189
-177
-185
-198
-203
-215
-170
-31
142
322
331
289
244
170
145
-2
-27
-29
40
93
90
20
-18
-28
-33
-75
-139
-141
-133
-120
-96
-86
-119
-69
-36
-12
-26
-140
-173
-175
-193
-172
-214
-218
-235
-209
-76
113
276
340
318
264
212
148
59
-21
-38
42
84
103
41
5
-26
-26
-33
-59
-73
-79
-65
-53
-62
-45
-44
-35
20
-26
-122
-171
-165
-172
-165
-177
-193
-224
-204
-51
141
298
378
340
275
222
174
147
11
-6
58
111
131
69
18
6
-11
-22
-33
-45
-76
-49
-46
-49
-34
-27
-15
-11
-22
-150
-173
-165
-157
-158
-166
-197
-218
-164
-29
137
323
347
307
264
212
146
6
-11
-10
54
115
97
37
-12
-28
-12
-29
-76
-78
-83
-71
-69
-45
-24
-39
-26
-28
-135
-199
-213
-201
-172
-177
-187
-222
-223
-140
-26
148
330
335
275
243
181
143
-7
-28
-18
79
105
52
14
-12
-37
-45
-50
-76
-83
-106
-76
-56
-54
-27
-26
-27
-129
-171
-187
-183
-163
-157
-147
-173
-215
-192
-44
148
313
351
308
246
219
154
59
-12
1
65
111
88
29
-11
-2
-13
-21
-29
-58
-56
-44
-28
-27
-1
-12
-34
-123
-157
-181
-179
-171
-134
-138
-156
-202
-189
-43
147
327
357
339
291
230
148
128
-17
6
57
117
107
49
-7
-14
-27
-28
-44
-79
-76
-62
-28
-25
-26
-28
-114
-167
-214
-222
-198
-194
-169
-150
-178
-226
-158
-23
148
355
335
276
244
185
153
-14
-28
-18
51
99
54
-8
-30
-44
-45
-79
-103
-98
-98
-55
-37
-31
-34
-95
-155
-203
-229
-224
-209
-197
-146
-161
-220
-236
-81
99
283
355
331
275
234
179
148
-14
-29
27
87
95
30
-6
-21
-30
-31
-29
-55
-93
-57
-42
-25
-13
-28
-129
-174
-201
-218
-203
-192
-140
-133
-171
-215
-87
79
318
395
387
311
279
243
147
36
21
61
112
129
75
37
1
3
9
-27
-24
-31
-32
-16
18
-6
-40
-140
-187
-209
-220
-217
-193
-157
-140
-170
-166
-62
123
326
401
378
303
251
211
149
30
3
52
115
123
73
-9
-25
-14
-28
-23
-29
-70
-31
-29
1
-13
-29
-140
-182
-231
-251
-253
-204
-171
-157
-198
-179
-27
134
317
367
310
259
214
171
138
-1
20
59
129
121
41
-9
-25
-28
-28
-28
-71
-75
-12
-33
1
-13
-81
-161
-198
-238
-242
-239
-205
-146
-149
-188
-126
-18
143
403
411
351
267
245
176
151
17
35
94
139
127
39
-12
-12
-13
-12
-23
-69
-44
-41
-12
-7
-30
-93
-158
-220
-241
-257
-240
-193
-161
-156
-183
-108
-9
310
419
411
369
297
243
161
96
-15
35
99
127
82
15
-21
-12
-29
-42
-101
-107
-79
-34
-33
-12
-31
-135
-190
-220
-253
-268
-242
-185
-147
-172
-197
-97
51
323
419
404
326
265
215
143
25
-28
-1
78
106
71
0
-28
-27
-62
-78
-107
-114
-83
-32
-28
-23
-122
-166
-217
-236
-262
-264
-236
-185
-145
-177
-215
-260
-17
293
403
386
329
274
227
141
27
-12
41
115
131
67
3
-21
-28
-18
-71
-85
-93
-77
-22
-41
-13
-28
-140
-177
-219
-237
-240
-206
-167
-125
-155
-206
-122
-12
292
419
419
372
298
263
173
152
15
33
116
147
151
47
1
-8
-7
-24
-27
-55
-37
-33
-28
-15
-25
-115
-173
-219
-236
-241
-213
-183
-135
-125
-172
-160
-17
138
419
449
372
320
276
211
149
34
31
105
131
141
51
6
-3
-25
-33
-38
-93
-67
-52
-41
-25
-23
-117
-173
-215
-239
-263
-236
-201
-145
-121
-156
-222
-111
-19
299
393
371
318
276
241
138
32
-5
39
106
126
65
11
-37
-34
-29
-76
-103
-110
-95
-43
-23
-35
-93
-142
-191
-236
-242
-249
-236
-185
-138
-133
-178
-183
-41
143
351
415
341
283
246
195
137
11
3
69
117
134
57
-14
-17
-18
-25
-76
-81
-76
-62
-21
-27
-29
-93
-143
-191
-204
-215
-207
-171
-137
-76
-107
-159
-123
-21
148
411
419
341
273
231
181
147
24
43
100
148
133
35
-11
-27
-37
-32
-66
-85
-85
-45
-28
-30
-29
-121
-164
-181
-213
-194
-181
-137
-108
-81
-125
-161
-136
-33
154
377
372
325
257
235
154
139
2
18
86
106
81
3
-21
-28
-50
-77
-93
-115
-108
-71
-34
-55
-85
-149
-175
-222
-226
-233
-205
-174
-137
-113
-138
-167
-73
109
297
373
341
259
221
187
147
20
7
37
105
102
54
-7
-38
-39
-65
-69
-108
-108
-93
-29
-32
-28
-87
-123
-183
-181
-191
-193
-173
-145
-108
-99
-133
-125
-43
139
351
387
336
276
212
189
147
10
31
85
121
118
63
7
-9
-26
-26
-41
-75
-59
-29
-13
-28
-22
-73
-126
-158
-180
-183
-189
-153
-108
-81
-85
-117
-101
-19
147
359
375
318
250
212
151
130
15
27
83
116
91
41
-12
-27
-35
-48
-81
-106
-79
-57
-33
-44
-26
-109
-161
-189
-187
-213
-206
-165
-133
-99
-119
-137
-58
99
281
351
331
265
207
166
143
23
-7
34
77
85
47
-12
-28
-49
-66
-77
-112
-111
-101
-53
-41
-39
-93
-129
-157
-194
-207
-195
-199
-154
-109
-108
-119
-133
-45
131
276
350
325
255
206
185
155
25
9
57
114
116
53
-7
-19
-34
-27
-65
-73
-93
-71
-33
-19
-22
-25
-102
-155
-177
-193
-202
-157
-134
-93
-64
-101
-93
-27
159
345
369
331
263
217
166
135
36
41
89
130
129
65
10
-1
-23
-28
-24
-65
-47
-43
-13
-12
-13
-30
-117
-161
-172
-177
-181
-151
-121
-70
-78
-110
-93
-30
147
323
334
287
238
195
148
139
25
29
75
103
107
34
-15
-25
-41
-23
-70
-93
-93
-37
-28
-23
-37
-121
-151
-172
-187
-201
-213
-177
-143
-95
-113
-119
-107
-41
145
308
324
275
233
178
145
67
16
23
73
99
88
23
-10
-28
-43
-38
-66
-79
-83
-44
-30
-17
-31
-110
-143
-156
-182
-203
-191
-161
-108
-75
-49
-85
-76
-31
155
319
327
298
243
213
161
135
35
52
87
119
107
38
18
-15
-12
-14
-44
-23
-49
-22
-44
-10
-28
-33
-126
-140
-172
-172
-153
-122
-98
-55
-48
-73
-55
-19
146
322
330
303
238
209
165
147
33
41
82
116
90
39
-25
-5
-22
-29
-37
-75
-77
-45
-28
-23
-22
-73
-135
-171
-161
-172
-157
-140
-124
-93
-75
-77
-93
-41
118
247
307
287
241
193
147
148
20
3
37
67
78
35
-6
-33
-38
-57
-79
-95
-81
-76
-43
-28
-67
-102
-129
-165
-165
-165
-179
-157
-119
-108
-81
-76
-103
-29
115
141
311
294
255
215
171
135
52
34
54
94
103
67
13
-22
-19
-34
-30
-63
-75
-72
-27
-33
-28
-28
-93
-123
-149
-167
-155
-145
-105
-76
-59
-58
-81
-53
78
139
344
315
282
226
197
149
139
49
61
96
127
89
57
-5
1
-18
-35
-27
-51
-49
-39
-30
-12
-28
-35
-122
-136
-156
-165
-156
-147
-97
-85
-61
-73
-67
-30
129
246
294
262
219
191
153
127
41
34
55
83
84
35
-11
-17
-29
-35
-66
-73
-76
-85
-29
-22
-37
-99
-139
-170
-177
-185
-203
-159
-140
-111
-108
-127
-117
-20
155
313
315
267
212
185
147
51
5
25
63
99
89
25
-1
-37
-27
-43
-76
-81
-78
-53
-16
-15
-39
-81
-125
-141
-158
-159
-158
-145
-107
-67
-62
-61
-76
-43
59
146
290
290
261
219
186
135
116
41
51
96
100
79
35
1
-13
-12
-29
-37
-43
-43
-18
-31
-10
-28
-85
-123
-140
-140
-162
-149
-121
-94
-55
-78
-93
-27
142
303
363
315
248
221
171
148
39
31
61
100
119
66
26
-5
-18
-39
-17
-70
-77
-61
-39
-27
-28
-29
-105
-146
-156
-166
-172
-177
-143
-113
-93
-74
-108
-66
-6
147
310
295
255
212
169
164
52
11
27
61
94
83
9
-12
-23
-18
-59
-76
-93
-93
-46
-31
-33
-73
-117
-151
-175
-181
-166
-187
-165
-125
-79
-93
-129
-76
-5
155
343
337
274
208
194
143
72
31
43
90
114
82
31
-5
-14
-29
-27
-31
-95
-66
-38
-39
-17
-25
-77
-137
-162
-166
-172
-173
-142
-101
-58
-53
-95
-53
-9
143
367
363
309
243
195
155
158
33
67
103
145
122
52
13
-12
-21
-25
-26
-74
-63
-39
-43
-14
-34
-105
-147
-155
-156
-193
-172
-146
-105
-87
-95
-113
-40
130
299
366
338
275
215
207
139
52
36
37
98
103
85
17
-18
-29
-23
-62
-77
-79
-94
-49
-27
-28
-109
-150
-167
-201
-193
-205
-204
-175
-133
-102
-101
-136
-26
122
297
357
308
247
206
165
147
23
5
52
115
116
65
3
-12
-21
-23
-53
-101
-93
-69
-31
-21
-58
-110
-151
-154
-185
-187
-192
-159
-139
-81
-76
-119
-105
-39
141
359
383
329
251
208
174
134
37
31
81
131
130
61
-6
7
-18
-13
-21
-82
-59
-29
-26
-33
-41
-107
-123
-156
-163
-165
-188
-155
-109
-70
-78
-130
-29
134
327
406
372
307
233
190
143
73
29
51
115
137
115
33
-10
-13
-12
-27
-78
-95
-73
-27
-21
-37
-94
-147
-166
-176
-197
-210
-205
-156
-114
-121
-139
-77
-12
278
395
389
318
227
212
148
63
-12
20
82
107
97
36
-9
-14
-27
-31
-101
-109
-87
-50
-37
-59
-114
-153
-172
-185
-204
-221
-215
-178
-155
-128
-136
-106
-28
139
393
403
330
250
215
177
142
13
24
84
131
147
84
9
-2
-25
-30
-29
-76
-77
-37
-31
-29
-55
-110
-156
-157
-183
-190
-213
-166
-127
-98
-108
-109
-29
147
363
419
404
303
247
213
151
83
40
67
121
145
137
34
-2
-12
-5
-44
-35
-75
-45
-34
-28
-13
-105
-139
-158
-165
-199
-213
-200
-157
-136
-120
-137
-66
100
318
419
417
334
251
227
148
129
11
43
110
128
129
36
2
-19
-32
-23
-93
-114
-93
-49
-32
-71
-113
-157
-185
-191
-217
-233
-220
-204
-151
-149
-167
-155
-25
153
376
419
351
286
222
179
150
17
8
52
118
135
57
-3
-17
-24
-37
-76
-99
-118
-63
-27
-41
-98
-138
-171
-204
-216
-197
-209
-174
-141
-138
-129
-165
-49
130
347
447
410
339
263
212
142
99
25
69
116
146
148
43
0
-6
-23
-17
-29
-93
-73
-33
-18
-30
-85
-140
-162
-192
-203
-193
-177
-140
-120
-86
-143
-98
-39
260
445
468
375
315
262
183
146
27
39
107
148
146
130
17
-12
-28
-23
-32
-88
-62
-53
-29
-57
-98
-150
-157
-193
-198
-225
-205
-207
-155
-140
-153
-149
-25
159
403
419
382
295
243
193
147
20
20
61
122
146
79
15
-12
-26
-18
-78
-113
-113
-93
-63
-53
-104
-141
-188
-203
-211
-239
-236
-213
-173
-142
-155
-172
-66
131
339
451
404
326
249
207
153
43
20
49
121
133
134
46
-11
6
-26
-39
-94
-28
-45
-56
-29
-81
-117
-158
-170
-201
-221
-223
-194
-159
-133
-138
-156
-117
-30
233
419
451
369
313
289
202
150
27
47
105
142
149
148
20
1
-1
-18
-29
-98
-93
-53
-38
-27
-73
-143
-166
-177
-216
-216
-209
-177
-126
-118
-128
-159
-37
138
387
447
404
328
264
221
148
37
27
77
139
150
126
21
-8
-22
-26
-31
-104
-108
-99
-48
-41
-84
-143
-172
-204
-227
-241
-236
-222
-173
-129
-156
-174
-102
-21
299
419
413
335
249
218
147
90
13
30
90
146
123
54
-12
-25
-32
-24
-93
-130
-98
-59
-49
-74
-143
-181
-204
-220
-233
-236
-240
-173
-159
-143
-163
-123
-21
287
451
419
359
293
249
183
155
8
45
98
139
141
75
7
-1
-12
-28
-9
-97
-81
-61
-28
-55
-93
-146
-173
-201
-217
-218
-225
-198
-145
-119
-155
-125
-33
159
451
469
395
319
253
215
145
30
43
89
130
145
143
11
1
-12
-12
-42
-81
-113
-72
-41
-43
-105
-156
-181
-215
-223
-237
-248
-195
-152
-140
-157
-172
-29
153
385
419
395
315
257
203
143
31
5
70
135
151
97
20
-2
-27
-22
-49
-125
-113
-102
-57
-81
-130
-165
-198
-230
-231
-261
-250
-222
-172
-139
-175
-188
-48
141
365
419
395
298
249
206
145
41
17
55
120
147
131
39
-12
-17
-35
-38
-108
-108
-75
-44
-49
-85
-133
-177
-217
-213
-235
-236
-218
-184
-142
-137
-156
-65
122
351
455
419
354
278
241
165
150
36
46
116
136
147
119
20
15
-5
-25
-22
-97
-73
-38
-37
-64
-108
-169
-197
-208
-217
-220
-206
-169
-135
-121
-166
-119
-32
229
419
475
390
294
255
187
134
30
49
109
141
145
78
20
-12
-27
-21
-12
-85
-82
-78
-45
-67
-118
-171
-202
-225
-238
-239
-236
-211
-172
-145
-166
-158
-35
153
387
419
372
282
244
180
155
21
11
74
114
135
73
-9
-1
-26
-26
-33
-110
-126
-102
-73
-49
-115
-165
-205
-235
-253
-257
-268
-229
-181
-141
-137
-169
-69
131
346
451
404
323
255
229
159
130
27
65
134
147
141
36
-10
-10
-10
-19
-28
-93
-75
-62
-63
-109
-143
-169
-203
-210
-220
-237
-213
-155
-133
-134
-166
-85
86
329
459
419
371
299
259
201
158
49
78
123
131
135
123
14
0
-7
-31
-41
-97
-61
-37
-42
-79
-138
-177
-194
-206
-237
-237
-222
-198
-143
-147
-185
-140
-33
259
419
419
361
275
247
187
145
23
36
97
133
135
59
-18
-15
-17
-30
-78
-109
-109
-69
-71
-98
-149
-190
-227
-237
-269
-268
-236
-198
-175
-165
-198
-185
-26
146
395
419
361
287
244
191
133
43
38
81
65
128
133
3
-2
-25
-33
-35
-109
-108
-86
-45
-55
-111
-184
-199
-227
-238
-231
-234
-204
-162
-141
-174
-172
-95
157
375
487
419
353
276
241
155
148
43
74
134
145
139
35
-11
-1
3
-19
-29
-78
-93
-43
-29
-71
-119
-166
-204
-220
-222
-222
-210
-165
-127
-137
-172
-129
-29
299
455
455
385
327
265
217
139
50
58
123
134
148
131
1
11
-5
-12
-26
-86
-73
-62
-61
-74
-151
-181
-204
-236
-249
-232
-232
-199
-156
-142
-191
-183
-31
143
375
459
395
323
261
231
150
58
21
69
122
139
84
1
-13
-21
-33
-41
-108
-108
-99
-65
-73
-127
-186
-217
-224
-241
-265
-251
-224
-191
-172
-167
-217
-123
-9
319
451
419
340
279
259
165
147
27
63
117
129
147
54
-2
-7
-12
-35
-44
-93
-93
-44
-33
-79
-140
-175
-217
-234
-247
-238
-221
-184
-159
-137
-201
-174
-21
139
419
480
407
341
303
241
149
133
65
101
149
183
145
31
14
6
-12
-15
-28
-87
-62
-28
-55
-119
-159
-213
-225
-242
-246
-237
-199
-166
-153
-189
-215
-101
94
343
419
417
361
290
247
175
133
34
79
125
129
143
42
1
-10
-18
-26
-30
-101
-86
-73
-70
-103
-153
-203
-236
-257
-262
-251
-234
-214
-172
-186
-223
-197
-29
150
387
419
373
307
270
199
142
27
31
98
133
133
68
-6
-10
-23
-31
-37
-103
-95
-107
-63
-75
-117
-172
-219
-236
-247
-237
-226
-204
-165
-150
-175
-207
-113
23
323
447
417
359
299
267
186
157
53
97
135
135
149
102
18
10
21
-9
-18
-31
-53
-37
-37
-76
-133
-157
-193
-201
-223
-208
-203
-158
-134
-140
-172
-171
-31
148
449
468
419
347
310
266
148
137
83
135
135
182
158
38
20
13
-1
-23
-28
-42
-44
-38
-65
-134
-173
-182
-205
-222
-241
-226
-199
-159
-150
-172
-195
-44
141
387
469
409
350
296
251
168
148
51
93
142
139
147
35
2
-2
-5
-14
-34
-98
-76
-49
-66
-108
-159
-206
-223
-241
-253
-247
-216
-172
-159
-156
-204
-165
-26
131
419
447
395
335
291
227
148
71
70
121
148
166
133
35
17
14
-13
-22
-39
-81
-59
-45
-71
-118
-175
-186
-233
-241
-247
-222
-188
-157
-143
-171
-189
-62
132
369
468
419
361
321
277
197
149
57
95
139
180
159
103
36
15
18
-27
-18
-76
-76
-37
-29
-65
-145
-196
-209
-241
-233
-248
-221
-178
-138
-146
-184
-165
-21
149
419
451
407
331
279
231
148
62
47
99
141
141
137
30
-1
-12
-10
-30
-95
-110
-69
-59
-83
-134
-179
-217
-236
-250
-248
-246
-210
-158
-165
-177
-225
-121
45
330
419
393
335
291
259
177
139
18
57
131
147
145
35
-1
-1
15
-13
-33
-103
-97
-47
-39
-102
-136
-202
-213
-222
-235
-242
-220
-172
-144
-146
-187
-190
-45
135
399
458
398
330
291
257
151
139
47
100
119
131
131
51
15
3
-7
-29
-34
-86
-59
-13
-29
-79
-130
-171
-202
-229
-218
-194
-174
-143
-123
-135
-159
-136
-33
163
419
459
395
329
283
258
148
115
67
114
147
171
131
38
21
11
-8
-28
-25
-69
-53
-42
-62
-135
-157
-190
-205
-217
-223
-205
-177
-137
-127
-156
-172
-65
127
347
419
401
323
267
239
155
142
17
61
116
148
139
36
9
-12
-18
-25
-37
-85
-59
-59
-64
-125
-159
-187
-222
-225
-236
-229
-193
-177
-155
-157
-201
-166
-27
149
382
417
367
307
267
228
144
43
54
94
145
158
87
7
-13
-12
-12
-27
-76
-108
-55
-43
-38
-106
-171
-205
-214
-236
-229
-217
-178
-140
-119
-155
-185
-97
118
352
451
419
375
311
291
200
145
55
87
123
139
145
121
23
34
11
-21
-21
-22
-61
-31
-50
-93
-131
-169
-194
-199
-206
-218
-197
-165
-133
-131
-183
-125
-40
133
413
468
407
327
289
235
138
65
54
102
149
127
143
23
-10
-13
-7
-22
-78
-93
-59
-39
-66
-140
-183
-201
-218
-229
-245
-219
-191
-155
-142
-175
-204
-82
65
330
419
404
340
287
244
175
153
20
66
111
142
123
25
4
-12
-29
-25
-108
-122
-97
-44
-61
-96
-143
-195
-236
-238
-249
-233
-218
-165
-146
-152
-175
-181
-29
148
393
464
404
345
294
247
150
134
51
100
148
137
139
41
20
-7
-12
-27
-34
-86
-56
-42
-44
-93
-154
-199
-209
-226
-213
-213
-177
-124
-108
-135
-186
-127
-28
301
463
468
403
323
297
229
151
58
66
131
135
148
147
35
8
9
-5
-26
-31
-73
-45
-25
-76
-137
-175
-234
-247
-243
-253
-236
-204
-157
-161
-198
-198
-44
147
372
455
419
340
291
243
153
120
35
84
134
155
126
20
-13
-13
-5
-22
-73
-109
-95
-49
-73
-105
-171
-221
-237
-262
-267
-250
-204
-169
-153
-163
-214
-172
-26
148
400
419
371
310
276
223
154
38
45
85
143
142
52
11
5
-11
-12
-26
-76
-86
-60
-45
-66
-117
-167
-208
-224
-223
-237
-209
-185
-153
-140
-166
-174
-85
125
359
453
419
369
308
273
181
143
61
73
123
138
134
105
20
9
13
-10
-45
-55
-69
-31
-38
-28
-105
-157
-202
-219
-222
-217
-184
-165
-137
-130
-172
-162
-31
147
387
473
419
367
303
246
167
129
35
85
133
133
149
43
6
-7
-8
-35
-54
-95
-57
-50
-73
-110
-153
-186
-211
-214
-229
-218
-177
-151
-140
-149
-194
-157
-38
147
404
445
387
313
279
213
134
20
20
69
121
135
81
10
1
-19
-34
-25
-93
-108
-76
-44
-59
-117
-165
-203
-220
-241
-237
-227
-190
-149
-124
-169
-190
-121
-9
340
451
419
367
307
267
187
150
38
55
125
137
127
53
20
-5
-14
-13
-29
-94
-78
-32
-26
-44
-109
-169
-204
-204
-205
-206
-175
-147
-99
-78
-145
-176
-58
131
383
485
457
375
319
276
182
139
39
73
123
136
145
55
14
-5
5
-28
-33
-97
-54
-25
-25
-70
-134
-177
-204
-221
-231
-221
-204
-145
-124
-137
-165
-165
-43
151
411
459
402
345
273
211
153
14
20
66
134
127
84
15
-12
-17
-13
-28
-105
-108
-81
-65
-65
-115
-183
-222
-229
-237
-238
-235
-197
-155
-141
-170
-204
-140
-22
185
419
419
387
307
267
186
154
27
43
83
131
139
66
-6
-7
-23
-21
-31
-83
-95
-43
-45
-86
-141
-187
-189
-215
-206
-209
-201
-156
-129
-140
-166
-176
-31
147
411
484
418
347
299
251
161
66
37
73
143
147
155
33
7
3
-1
-10
-32
-76
-38
-26
-37
-85
-138
-172
-183
-199
-220
-210
-172
-130
-117
-149
-170
-94
105
339
489
459
387
321
295
197
145
22
51
122
131
147
59
2
-1
-19
-19
-42
-108
-82
-54
-44
-74
-120
-177
-209
-236
-225
-239
-206
-167
-145
-135
-186
-189
-53
127
377
452
417
343
303
226
142
20
5
53
118
137
82
18
-28
-21
-22
-26
-97
-122
-93
-60
-79
-107
-176
-218
-239
-256
-262
-258
-205
-150
-152
-140
-189
-157
-35
147
419
473
389
337
283
227
151
20
35
85
145
139
91
29
-6
-12
-10
-29
-77
-87
-55
-44
-45
-82
-147
-181
-203
-220
-221
-209
-156
-121
-109
-136
-163
-107
16
330
469
459
377
318
282
194
155
20
51
119
146
149
84
23
14
6
-12
-25
-94
-76
-44
-32
-29
-108
-154
-187
-223
-205
-218
-199
-173
-129
-114
-146
-187
-59
145
371
467
447
357
308
263
158
126
20
52
125
145
138
35
6
-18
-28
-33
-95
-110
-94
-61
-66
-94
-156
-200
-250
-262
-267
-240
-220
-172
-151
-140
-197
-201
-28
148
405
466
399
337
282
219
147
19
20
70
135
149
75
17
-5
2
-23
-38
-101
-103
-77
-46
-40
-86
-153
-182
-204
-221
-238
-226
-195
-159
-121
-141
-194
-151
-23
191
419
470
390
339
295
235
148
45
53
99
135
147
74
37
6
13
-2
-17
-38
-63
-50
-25
-62
-113
-154
-165
-198
-209
-204
-191
-167
-140
-125
-134
-185
-97
30
339
472
468
378
338
303
209
143
33
53
120
148
141
69
20
21
7
-12
-43
-93
-76
-42
-30
-73
-143
-198
-220
-239
-253
-253
-226
-187
-156
-140
-185
-204
-43
151
401
471
419
329
287
234
147
38
15
67
131
155
107
38
-5
-1
-15
-39
-104
-125
-93
-63
-60
-124
-178
-204
-263
-257
-263
-248
-206
-171
-162
-161
-219
-143
-28
243
459
457
395
335
286
212
143
25
41
111
143
153
148
20
20
-2
-11
-30
-107
-85
-73
-44
-67
-125
-172
-226
-239
-236
-239
-218
-199
-150
-127
-153
-204
-49
133
401
499
471
399
323
289
191
132
63
75
139
201
148
138
47
23
20
-12
-25
-93
-67
-40
-44
-75
-149
-187
-220
-237
-236
-236
-206
-166
-127
-144
-191
-170
-34
139
419
483
415
355
320
244
151
36
35
91
137
148
144
41
15
0
-11
-23
-95
-109
-78
-42
-71
-126
-175
-209
-234
-263
-282
-269
-223
-175
-166
-183
-234
-133
-27
337
419
419
356
313
265
176
147
26
53
123
147
147
58
0
10
-15
-28
-26
-98
-93
-54
-45
-94
-145
-199
-230
-249
-271
-275
-236
-194
-157
-138
-198
-179
-34
148
414
483
419
361
306
251
158
75
47
114
145
181
154
47
33
35
7
-25
-26
-76
-65
-37
-30
-72
-141
-190
-221
-230
-251
-232
-193
-156
-135
-140
-191
-126
-28
308
470
479
419
343
325
230
135
30
51
114
149
151
132
43
24
18
-3
-33
-101
-81
-51
-43
-74
-124
-182
-220
-241
-238
-285
-259
-219
-165
-153
-188
-230
-69
122
367
467
409
335
276
241
147
52
20
56
123
149
105
36
1
-10
-22
-28
-106
-124
-108
-57
-67
-117
-167
-230
-250
-267
-275
-275
-236
-193
-158
-159
-204
-167
-12
267
468
475
399
321
289
207
150
30
47
107
149
155
115
20
19
9
-29
-44
-82
-94
-64
-53
-78
-151
-173
-206
-233
-251
-255
-226
-188
-140
-146
-191
-169
-33
147
419
500
419
386
324
259
174
139
35
101
145
178
155
55
32
20
5
-27
-29
-93
-71
-29
-54
-107
-173
-213
-236
-242
-262
-234
-205
-161
-126
-162
-192
-77
127
366
500
468
389
322
326
174
142
26
52
118
155
142
50
20
7
-7
-30
-25
-108
-101
-51
-63
-99
-166
-202
-232
-254
-277
-279
-229
-173
-156
-172
-218
-181
-43
137
419
471
411
323
273
211
157
6
11
75
130
131
59
23
10
-11
-16
-35
-109
-102
-81
-63
-95
-155
-193
-223
-242
-267
-277
-246
-207
-156
-152
-179
-211
-107
114
351
463
467
381
319
271
180
131
5
47
123
150
148
67
33
20
6
-28
-33
-93
-85
-53
-49
-78
-142
-185
-205
-229
-232
-249
-220
-171
-109
-140
-179
-154
-23
148
458
514
419
361
309
246
136
48
43
89
142
149
147
39
21
-9
2
-24
-97
-98
-83
-49
-65
-108
-173
-215
-236
-254
-250
-233
-212
-166
-147
-167
-207
-115
-19
330
477
468
383
315
261
174
141
2
25
89
149
143
32
7
2
-33
-30
-106
-122
-125
-98
-110
-142
-182
-210
-238
-253
-271
-256
-242
-193
-170
-159
-207
-190
-33
153
398
469
419
349
276
225
148
17
6
65
118
139
97
19
-10
-17
-28
-31
-103
-111
-78
-61
-78
-129
-181
-219
-233
-237
-237
-234
-209
-162
-129
-171
-191
-94
101
371
491
467
471
337
281
182
146
20
65
125
148
148
131
17
20
2
-22
-35
-98
-74
-61
-55
-76
-133
-173
-214
-220
-247
-233
-205
-176
-135
-139
-184
-154
-22
138
419
495
451
349
282
230
154
15
20
58
133
139
87
22
-7
-12
-13
-38
-106
-122
-102
-54
-95
-129
-193
-217
-237
-250
-261
-251
-205
-172
-161
-181
-205
-128
-29
290
447
462
387
308
251
165
133
-13
11
87
126
113
38
3
-26
-43
-39
-117
-133
-130
-94
-77
-109
-151
-206
-233
-249
-261
-254
-236
-199
-159
-157
-175
-241
-60
142
395
483
419
349
287
243
159
52
11
52
121
133
125
33
-11
-12
-10
-25
-109
-122
-82
-74
-98
-138
-177
-187
-214
-231
-229
-217
-203
-158
-134
-147
-162
-93
-9
329
487
486
404
335
277
203
143
19
43
101
137
142
63
20
-9
-2
-12
-33
-103
-85
-73
-71
-110
-171
-186
-204
-217
-236
-253
-220
-185
-145
-142
-173
-141
-37
143
451
489
416
345
289
207
145
9
15
53
129
139
70
25
-12
-13
-35
-76
-111
-113
-94
-76
-103
-162
-204
-223
-236
-237
-266
-236
-218
-169
-124
-141
-191
-84
103
346
467
446
377
307
254
164
127
18
50
113
147
134
51
-12
-5
-9
-27
-81
-125
-99
-65
-53
-99
-145
-197
-205
-221
-236
-237
-205
-156
-112
-118
-156
-127
-27
145
419
495
419
355
303
229
153
52
49
98
148
148
133
36
25
11
-12
-33
-98
-102
-53
-41
-57
-97
-152
-186
-204
-214
-237
-221
-185
-156
-134
-146
-165
-93
61
329
475
462
367
289
245
154
147
1
27
113
143
143
54
13
-1
-25
-39
-101
-119
-113
-75
-67
-97
-140
-194
-224
-246
-254
-268
-235
-176
-145
-126
-141
-174
-69
145
355
419
405
329
275
219
142
27
-1
29
111
131
103
22
-25
-15
-28
-44
-118
-117
-117
-103
-123
-149
-191
-219
-246
-261
-247
-236
-211
-172
-135
-130
-172
-117
-30
158
419
419
359
267
247
160
150
20
35
93
142
149
69
7
16
-12
-29
-44
-109
-108
-71
-54
-107
-157
-170
-198
-221
-236
-231
-227
-186
-131
-109
-129
-145
-31
145
369
484
446
375
302
257
185
142
29
74
116
147
155
62
7
-11
-17
-31
-37
-102
-67
-41
-63
-102
-171
-204
-214
-236
-238
-261
-211
-184
-140
-121
-138
-126
-29
147
419
471
398
311
276
215
135
35
31
85
139
139
83
27
-3
-14
-26
-30
-110
-117
-93
-75
-108
-157
-186
-206
-225
-237
-268
-249
-189
-153
-107
-80
-156
-93
63
323
459
447
356
277
227
185
147
-9
51
102
136
129
52
-21
-27
-40
-74
-114
-121
-125
-98
-57
-101
-145
-178
-204
-235
-226
-238
-218
-163
-113
-98
-119
-140
-38
148
409
479
419
352
276
229
141
61
36
73
133
131
146
49
7
-1
-10
-30
-77
-97
-75
-47
-45
-93
-165
-188
-204
-218
-221
-225
-181
-145
-105
-82
-110
-82
-5
321
458
468
373
302
231
169
139
10
7
63
142
137
72
14
-15
-24
-27
-81
-113
-105
-80
-74
-101
-143
-183
-206
-220
-236
-243
-209
-179
-153
-117
-117
-169
-45
146
347
405
387
299
258
211
131
39
7
30
95
119
81
22
-17
-17
-27
-82
-135
-129
-121
-99
-101
-126
-189
-211
-214
-236
-237
-236
-203
-165
-140
-113
-131
-118
-29
157
379
419
371
307
245
199
135
24
31
69
123
127
77
8
3
-23
-29
-99
-122
-133
-107
-63
-104
-124
-172
-185
-205
-221
-234
-226
-181
-136
-94
-76
-121
-34
126
350
474
450
381
290
246
191
148
32
59
113
135
150
71
11
-10
-6
-15
-37
-105
-85
-61
-54
-106
-147
-179
-174
-203
-218
-226
-189
-149
-111
-93
-98
-95
-28
146
390
419
392
325
243
215
139
51
33
42
116
120
84
-2
-32
-44
-53
-101
-135
-121
-99
-95
-97
-136
-183
-198
-229
-239
-251
-237
-205
-172
-127
-106
-123
-81
-27
145
391
419
343
257
217
165
160
3
3
55
99
87
31
-18
-28
-27
-29
-108
-117
-106
-108
-76
-108
-157
-187
-197
-211
-218
-234
-203
-162
-124
-99
-95
-102
-18
149
383
455
398
308
257
211
159
45
18
75
129
131
119
31
-12
-12
-6
-44
-101
-94
-77
-49
-58
-111
-150
-167
-182
-189
-210
-197
-171
-141
-107
-76
-114
-42
127
340
447
455
371
307
254
187
131
18
39
103
131
133
49
17
8
-7
-23
-76
-105
-105
-71
-51
-85
-155
-175
-206
-221
-233
-236
-207
-154
-119
-95
-117
-121
-39
151
403
419
389
319
247
203
138
5
-1
67
116
137
65
1
-21
-21
-30
-108
-122
-125
-112
-108
-108
-175
-204
-204
-221
-241
-243
-218
-185
-141
-109
-118
-133
-39
133
342
459
419
351
279
234
150
115
7
50
95
146
119
37
-9
-19
-21
-29
-94
-121
-93
-74
-75
-117
-172
-199
-189
-218
-223
-217
-198
-145
-95
-121
-141
-69
85
319
451
419
379
305
247
179
147
32
31
107
130
139
75
17
3
-9
-28
-37
-97
-93
-63
-61
-78
-137
-173
-186
-206
-217
-229
-206
-162
-110
-102
-95
-107
-21
147
419
466
419
338
286
237
148
40
5
69
119
138
97
17
1
-11
-27
-23
-99
-105
-93
-101
-105
-159
-191
-199
-211
-225
-236
-217
-181
-145
-133
-117
-146
-46
128
323
446
419
340
289
223
148
121
5
34
82
131
99
31
-9
-27
-28
-20
-126
-109
-105
-93
-98
-134
-181
-199
-225
-230
-236
-236
-209
-157
-109
-101
-136
-93
-15
307
467
457
395
323
272
203
149
35
26
109
127
147
63
17
-10
-13
-27
-36
-105
-93
-93
-63
-113
-156
-174
-178
-204
-217
-205
-187
-157
-119
-101
-111
-100
-37
150
411
471
419
371
306
238
149
88
27
73
133
146
131
31
-2
-7
-10
-37
-108
-108
-95
-69
-93
-135
-161
-195
-211
-226
-225
-226
-197
-137
-123
-123
-143
-39
133
363
467
419
347
286
233
142
52
7
52
113
133
99
35
-13
-7
-28
-73
-121
-137
-127
-93
-117
-151
-194
-215
-234
-236
-253
-236
-207
-165
-155
-141
-155
-98
-24
273
419
419
377
295
243
149
132
14
20
69
123
131
67
8
-23
-29
-34
-99
-118
-117
-78
-78
-111
-150
-183
-218
-220
-225
-248
-207
-160
-121
-108
-149
-128
-20
147
413
459
419
361
306
245
151
66
52
99
130
154
137
42
15
2
-14
-28
-98
-82
-72
-59
-76
-119
-172
-175
-209
-224
-236
-206
-190
-154
-139
-145
-157
-35
116
341
450
419
367
295
245
159
203
17
52
116
155
152
49
9
-6
-13
-37
-101
-110
-108
-95
-93
-129
-175
-216
-226
-225
-241
-236
-200
-181
-141
-140
-173
-94
-25
228
415
443
386
291
254
164
133
-11
16
66
127
119
48
1
-15
-33
-38
-109
-141
-140
-119
-106
-158
-184
-230
-238
-253
-250
-252
-229
-178
-141
-123
-151
-153
-26
133
386
478
419
366
312
249
158
63
35
79
125
148
110
23
3
6
-22
-19
-103
-101
-81
-70
-83
-135
-170
-181
-213
-231
-219
-209
-185
-145
-98
-129
-151
-49
116
341
467
483
413
347
297
210
132
34
57
119
134
137
78
27
-1
-11
-23
-69
-112
-97
-76
-82
-114
-172
-174
-214
-223
-222
-237
-207
-171
-135
-109
-149
-125
-34
133
405
467
419
355
299
227
152
39
29
78
127
130
84
20
-10
-19
-15
-108
-131
-123
-123
-99
-138
-175
-197
-224
-239
-255
-267
-215
-199
-166
-156
-158
-160
-61
127
339
453
447
383
299
239
164
147
27
50
102
127
107
43
-6
-17
-38
-30
-122
-127
-107
-98
-121
-145
-172
-205
-199
-221
-236
-222
-204
-172
-149
-138
-141
-44
105
315
419
466
403
331
276
195
135
43
62
107
142
134
67
19
6
-12
-33
-79
-101
-93
-74
-70
-107
-157
-172
-193
-207
-223
-221
-204
-162
-135
-121
-147
-95
-17
139
415
473
447
378
301
238
147
59
55
93
123
147
85
23
-21
-14
-41
-75
-104
-118
-93
-93
-121
-171
-206
-204
-220
-231
-251
-222
-201
-156
-130
-143
-141
-34
131
359
419
419
365
291
242
151
55
9
63
109
121
84
19
-28
-28
-27
-105
-127
-126
-115
-105
-108
-155
-195
-207
-229
-229
-257
-250
-205
-155
-141
-143
-151
-59
83
297
404
415
366
307
239
167
155
26
44
84
121
82
45
-11
-14
-35
-26
-103
-108
-95
-81
-107
-133
-174
-177
-185
-211
-230
-222
-190
-159
-129
-119
-134
-65
-10
229
419
475
419
369
307
235
145
106
52
121
130
148
86
27
-9
-13
-41
-57
-108
-108
-81
-77
-107
-142
-179
-203
-204
-222
-229
-202
-172
-139
-121
-140
-130
-42
129
347
419
419
359
308
244
167
137
47
65
116
131
91
27
2
-22
-34
-94
-119
-111
-107
-101
-119
-149
-178
-218
-233
-236
-253
-244
-216
-174
-155
-141
-156
-70
-9
285
415
419
372
314
263
177
133
20
52
95
119
99
30
-3
-28
-43
-77
-117
-133
-103
-108
-98
-141
-183
-209
-220
-239
-237
-230
-198
-160
-127
-126
-143
-102
-12
149
401
447
419
345
308
226
153
107
65
84
118
143
78
37
-13
-12
-29
-61
-101
-97
-76
-66
-93
-146
-169
-197
-210
-218
-218
-183
-147
-123
-108
-119
-105
-25
141
391
462
419
367
319
265
157
131
71
81
127
151
82
23
-7
-19
-29
-76
-111
-109
-96
-108
-127
-167
-200
-204
-225
-226
-241
-221
-185
-142
-126
-156
-140
-41
116
314
411
419
375
309
249
179
148
43
39
87
115
85
13
-28
-33
-23
-93
-117
-133
-110
-100
-123
-145
-184
-225
-223
-238
-237
-236
-203
-172
-137
-127
-157
-96
-17
148
395
419
394
329
271
203
139
34
37
78
125
123
52
-10
-13
-23
-41
-93
-122
-117
-93
-76
-127
-156
-187
-204
-219
-227
-202
-187
-171
-135
-121
-135
-103
-30
149
391
451
418
370
303
230
160
84
35
84
121
147
145
45
-12
-6
-14
-35
-76
-93
-75
-75
-102
-138
-171
-199
-209
-204
-209
-204
-179
-140
-129
-126
-139
-28
126
315
419
415
369
311
270
180
151
53
54
115
116
94
36
-9
-37
-28
-66
-101
-102
-106
-81
-113
-165
-187
-213
-221
-236
-225
-225
-189
-157
-131
-138
-153
-66
-28
167
387
419
349
305
257
175
138
23
35
69
115
77
30
-19
-29
-39
-86
-123
-118
-114
-108
-117
-157
-185
-204
-226
-219
-231
-220
-189
-168
-137
-137
-124
-71
7
270
419
447
398
327
273
212
153
89
72
103
138
126
55
19
-5
-17
-16
-39
-99
-76
-70
-74
-97
-137
-181
-204
-193
-199
-187
-171
-140
-117
-107
-126
-76
-35
149
395
447
399
340
299
225
157
143
84
97
141
126
79
20
-7
-21
-39
-77
-93
-95
-94
-111
-133
-179
-189
-211
-209
-221
-203
-184
-172
-140
-110
-125
-99
-21
145
351
409
371
309
263
221
159
138
72
84
111
97
45
-10
-25
-28
-33
-83
-113
-109
-103
-86
-117
-154
-197
-213
-221
-223
-229
-210
-167
-145
-133
-130
-117
-27
148
346
415
385
327
285
241
161
148
79
98
116
135
77
7
-12
-31
-33
-40
-108
-49
-94
-69
-81
-140
-167
-208
-201
-234
-225
-221
-165
-138
-113
-110
-117
-43
89
344
419
411
354
313
273
209
155
122
99
123
141
117
52
7
1
-11
-31
-46
-75
-67
-59
-76
-119
-177
-187
-195
-203
-205
-217
-183
-138
-125
-121
-129
-60
116
323
407
419
355
317
274
212
144
116
81
99
127
100
35
3
-17
-27
-42
-83
-106
-80
-101
-93
-138
-171
-204
-209
-218
-241
-226
-194
-167
-131
-140
-153
-93
-23
148
393
404
341
309
259
195
141
78
52
91
113
81
21
-12
-23
-44
-12
-94
-118
-171
-74
-93
-122
-173
-213
-206
-197
-241
-209
-149
-175
-140
-126
-157
-108
-30
146
391
419
379
331
282
237
150
150
74
101
130
117
52
25
-12
-12
-12
-25
-81
-76
-74
-61
-108
-140
-181
-193
-199
-213
-206
-193
-157
-108
-108
-110
-83
-37
139
366
459
419
361
308
255
198
144
133
113
148
143
97
41
10
7
-5
-17
-29
-98
-66
-65
-93
-138
-171
-195
-205
-213
-232
-209
-172
-145
-126
-140
-129
-47
115
323
419
404
351
289
267
213
150
116
79
116
122
83
20
-13
-12
-13
-29
-85
-108
-94
-87
-106
-142
-175
-205
-220
-236
-235
-223
-197
-166
-140
-127
-161
-70
-24
209
399
405
347
276
251
211
147
131
73
100
113
84
33
-5
-12
-11
-21
-80
-105
-107
-101
-93
-130
-163
-199
-207
-213
-203
-204
-202
-160
-138
-129
-145
-93
-37
149
399
453
375
330
287
253
175
137
95
114
127
119
61
19
-7
-3
-25
-23
-69
-93
-65
-71
-83
-145
-165
-194
-213
-217
-199
-181
-159
-115
-95
-135
-133
-37
154
363
419
419
337
302
273
194
149
129
101
127
113
69
23
3
15
-21
-35
-97
-99
-95
-81
-113
-142
-186
-213
-205
-224
-221
-217
-198
-157
-121
-139
-155
-61
99
308
400
395
347
290
263
207
145
86
67
91
110
71
20
-29
-25
-23
-40
-95
-123
-129
-98
-121
-137
-188
-218
-221
-233
-246
-233
-199
-167
-135
-133
-162
-102
-12
151
372
419
372
303
265
227
148
154
91
103
119
110
55
-5
-13
-14
-22
-42
-106
-99
-85
-76
-122
-142
-175
-203
-208
-207
-203
-201
-169
-135
-113
-129
-111
-30
153
369
419
415
355
315
266
210
147
151
130
131
154
77
23
13
2
-5
-12
-28
-102
-71
-57
-73
-123
-178
-191
-215
-214
-218
-210
-154
-140
-108
-133
-126
-33
129
315
411
417
347
291
275
203
138
139
105
115
119
79
25
-9
-19
-28
-34
-97
-113
-102
-106
-109
-130
-183
-211
-214
-231
-235
-223
-213
-162
-145
-142
-156
-107
-23
139
374
399
355
297
276
226
149
144
66
94
117
95
35
11
-23
-14
-23
-76
-110
-137
-80
-104
-128
-144
-200
-220
-218
-219
-211
-204
-172
-140
-133
-138
-127
-21
125
355
419
403
339
304
275
198
147
145
103
125
138
75
31
-5
-7
3
-15
-13
-86
-79
-74
-76
-114
-169
-172
-200
-201
-211
-200
-172
-140
-122
-127
-130
-51
118
310
415
419
362
315
275
221
150
142
99
116
123
84
30
9
-1
2
-18
-30
-101
-104
-99
-85
-109
-169
-185
-219
-217
-226
-221
-199
-162
-129
-129
-153
-140
-28
151
366
417
369
313
276
246
159
141
79
81
115
98
31
-7
-23
-35
-32
-86
-121
-127
-125
-108
-134
-171
-211
-234
-237
-238
-251
-236
-182
-151
-133
-145
-161
-49
117
308
419
386
338
292
273
191
142
82
94
94
107
73
5
-12
-9
-35
-29
-83
-121
-107
-93
-114
-131
-175
-215
-204
-233
-229
-225
-199
-154
-122
-131
-154
-76
22
275
415
411
374
315
287
245
180
145
115
129
145
105
47
20
10
1
-14
-41
-79
-73
-69
-81
-111
-140
-172
-181
-210
-219
-213
-194
-162
-123
-102
-133
-108
-29
136
390
419
410
340
305
251
180
139
116
109
135
116
63
9
-9
-19
-21
-21
-102
-103
-77
-74
-105
-159
-175
-201
-210
-230
-226
-211
-177
-140
-135
-141
-145
-34
123
340
411
404
347
297
269
203
133
147
97
117
131
67
11
-12
-12
-18
-35
-33
-106
-98
-76
-101
-134
-172
-188
-204
-220
-233
-213
-183
-153
-120
-122
-139
-63
62
303
419
451
387
325
294
257
187
148
138
130
135
128
63
21
17
21
-11
-28
-33
-87
-65
-53
-83
-126
-150
-182
-188
-210
-216
-185
-140
-108
-103
-123
-76
-28
150
395
419
405
351
338
294
210
146
139
143
146
142
84
20
21
11
11
-12
-23
-80
-76
-69
-107
-141
-171
-206
-219
-242
-242
-229
-185
-155
-131
-125
-140
-59
20
275
389
411
356
305
279
215
154
139
83
115
123
81
20
-12
-14
-17
-28
-85
-117
-111
-102
-113
-151
-198
-205
-214
-239
-259
-257
-221
-199
-154
-142
-165
-139
-41
155
357
403
372
311
279
238
190
143
130
115
129
118
52
1
-11
-11
6
-30
-85
-98
-81
-76
-108
-136
-172
-188
-205
-225
-226
-235
-175
-142
-133
-142
-143
-29
134
347
415
404
365
308
291
227
180
137
143
141
147
151
73
34
25
14
-14
-37
-73
-77
-68
-63
-114
-155
-178
-204
-213
-229
-221
-191
-142
-117
-115
-131
-79
-21
143
405
449
383
335
299
275
201
148
153
155
142
157
70
22
16
17
-12
-43
-73
-83
-81
-93
-95
-142
-204
-213
-234
-236
-237
-218
-178
-133
-140
-152
-140
-37
135
326
411
382
322
291
266
212
148
131
111
133
129
97
31
7
-6
-21
-21
-54
-104
-93
-81
-97
-133
-182
-199
-223
-229
-246
-234
-185
-158
-135
-126
-141
-93
-28
148
393
419
372
323
291
261
185
127
150
114
134
122
69
30
-5
5
-15
-22
-75
-76
-73
-71
-100
-142
-165
-194
-203
-227
-204
-198
-157
-127
-105
-119
-108
-35
149
357
450
402
343
312
291
216
152
151
139
145
163
123
50
10
20
-10
-23
-27
-93
-76
-76
-93
-118
-161
-187
-227
-231
-233
-223
-205
-159
-140
-125
-140
-76
-25
180
407
405
359
314
279
234
171
139
107
119
126
131
55
10
-12
-7
-16
-41
-119
-109
-107
-107
-123
-161
-205
-235
-255
-242
-253
-226
-203
-152
-140
-157
-137
-30
134
319
405
379
315
271
257
197
148
147
117
115
130
86
37
-7
-13
-12
-30
-79
-93
-76
-97
-94
-127
-172
-201
-211
-237
-233
-235
-190
-154
-117
-117
-127
-39
111
290
404
404
362
309
276
238
167
139
146
153
148
132
62
25
9
-9
-22
-31
-76
-93
-57
-63
-85
-125
-165
-189
-209
-215
-231
-199
-173
-136
-130
-108
-80
-34
143
367
419
395
335
310
251
199
155
137
143
131
153
79
34
27
5
-23
-37
-54
-111
-98
-93
-87
-126
-182
-205
-221
-241
-248
-236
-194
-168
-135
-141
-133
-81
-39
139
371
387
350
283
259
235
153
142
95
109
121
99
36
-11
-10
-28
-24
-70
-119
-115
-99
-108
-128
-153
-191
-230
-233
-253
-254
-212
-193
-149
-133
-141
-133
-17
117
334
404
383
317
271
265
195
145
149
101
138
119
78
36
-10
-14
-12
-23
-127
-108
-79
-93
-79
-117
-145
-193
-217
-239
-242
-223
-183
-146
-123
-108
-107
-44
83
289
409
419
366
318
299
245
192
139
134
139
148
152
55
36
-6
10
-24
-43
-103
-95
-78
-76
-85
-143
-175
-191
-221
-231
-221
-199
-149
-127
-114
-127
-105
-18
154
350
419
372
313
286
247
191
139
128
113
130
122
69
23
-12
-9
-29
-35
-95
-127
-109
-93
-113
-129
-183
-208
-227
-257
-237
-248
-217
-167
-143
-141
-149
-70
87
259
393
379
308
267
259
213
145
147
106
114
133
89
41
-1
-11
-27
-39
-34
-108
-97
-103
-75
-118
-163
-183
-207
-213
-232
-232
-206
-156
-143
-120
-128
-86
-44
142
377
419
375
319
292
251
182
143
141
133
131
148
68
34
15
3
-1
-15
-27
-85
-73
-69
-60
-99
-141
-171
-198
-210
-225
-197
-175
-135
-117
-126
-114
-29
131
320
419
415
340
297
272
218
171
149
133
112
141
103
37
15
-5
-6
-29
-42
-107
-76
-82
-71
-126
-167
-187
-204
-225
-230
-222
-211
-171
-151
-129
-143
-115
-21
148
357
403
359
289
273
230
179
147
75
84
121
84
39
-2
-18
-23
-21
-66
-125
-42
-114
-102
-117
-140
-186
-192
-239
-235
-245
-226
-185
-151
-118
-127
-140
-43
126
303
403
390
331
275
267
212
138
141
99
110
139
84
37
-2
-6
3
-21
-28
-109
-101
-73
-73
-101
-145
-178
-197
-200
-220
-220
-194
-154
-124
-129
-138
-76
-11
166
405
419
382
329
307
251
187
148
147
138
137
146
67
25
20
-7
-12
-39
-29
-94
-69
-69
-94
-125
-156
-185
-209
-138
-204
-193
-214
-179
-138
-117
-111
-41
131
343
419
403
337
278
259
199
142
130
95
116
126
69
20
-5
-9
-11
-21
-87
-119
-110
-93
-93
-111
-155
-188
-205
-220
-231
-222
-211
-167
-146
-141
-155
-77
-28
151
387
403
343
293
271
211
143
131
75
94
107
95
22
-12
-19
-26
-34
-57
-110
-120
-83
-69
-104
-137
-173
-183
-199
-234
-207
-204
-172
-122
-110
-120
-125
-18
142
323
411
385
340
283
263
195
151
143
97
127
135
89
34
6
-12
-14
-29
-27
-81
-85
-71
-53
-103
-122
-169
-178
-195
-192
-191
-157
-127
-98
-103
-105
-44
57
262
395
419
372
311
276
244
175
144
110
117
136
109
58
7
2
-3
-12
-27
-95
-113
-76
-61
-103
-141
-168
-204
-218
-231
-214
-197
-173
-128
-121
-138
-128
-26
127
342
388
373
323
275
229
186
155
75
83
94
89
51
-12
-13
-31
-30
-59
-117
-123
-131
-108
-98
-134
-155
-193
-236
-236
-237
-217
-191
-158
-120
-114
-135
-75
-12
190
379
399
323
291
249
195
155
138
87
103
109
84
36
-5
-14
-14
-21
-29
-96
-110
-85
-77
-109
-139
-166
-202
-204
-210
-206
-193
-153
-101
-78
-108
-76
-34
153
371
419
377
321
289
259
183
130
89
107
113
105
52
14
3
-11
-12
-28
-42
-99
-78
-79
-78
-106
-143
-175
-205
-204
-223
-199
-166
-134
-108
-101
-102
-17
126
310
411
395
340
278
261
210
139
125
99
88
116
73
15
3
-18
-16
-28
-96
-121
-81
-98
-101
-135
-171
-204
-209
-236
-236
-217
-182
-149
-117
-117
-130
-47
116
289
373
391
331
267
242
183
145
99
74
85
107
69
14
-26
-47
-12
-33
-95
-117
-112
-97
-105
-117
-155
-199
-226
-238
-240
-217
-199
-169
-130
-112
-114
-65
52
279
403
409
346
294
267
211
145
141
99
113
130
91
47
16
-7
-6
-28
-21
-82
-101
-76
-76
-98
-141
-181
-194
-204
-207
-205
-173
-143
-108
-85
-102
-60
-23
148
395
419
386
314
286
247
185
149
143
116
150
122
73
13
-5
-1
3
-23
-76
-93
-82
-85
-98
-140
-165
-205
-217
-239
-227
-215
-174
-135
-126
-129
-102
-24
142
355
409
362
313
267
221
165
144
91
113
127
91
57
3
-12
-39
-25
-38
-117
-131
-121
-106
-113
-145
-188
-221
-241
-243
-268
-237
-214
-172
-147
-140
-125
-38
125
303
374
355
319
267
240
178
149
102
90
103
115
81
17
-1
-11
-13
-29
-94
-119
-112
-82
-101
-123
-161
-204
-219
-236
-236
-235
-189
-150
-120
-135
-122
-39
127
305
413
395
340
291
263
210
148
139
136
128
151
129
35
15
14
5
-17
-23
-97
-103
-81
-75
-98
-135
-192
-188
-222
-225
-213
-201
-150
-109
-108
-118
-69
-29
139
371
409
373
310
286
257
182
134
151
113
135
122
62
11
-5
-1
-17
-27
-102
-104
-93
-85
-95
-139
-178
-203
-220
-252
-254
-225
-186
-158
-136
-157
-125
-29
143
335
379
346
308
265
235
161
138
94
90
125
115
57
10
-9
-14
-25
-39
-110
-121
-119
-108
-108
-143
-181
-204
-236
-247
-251
-243
-204
-167
-141
-134
-137
-40
125
283
391
385
339
295
259
215
163
146
122
133
135
99
52
9
5
-18
-23
-13
-97
-102
-76
-81
-106
-147
-181
-227
-225
-237
-204
-201
-159
-127
-123
-110
-44
97
278
389
419
374
325
297
247
180
136
136
143
133
126
55
2
-14
4
-33
-41
-114
-105
-77
-76
-95
-123
-175
-205
-223
-211
-234
-204
-172
-144
-140
-133
-79
-18
147
369
378
355
301
262
214
147
139
107
109
133
105
46
-5
-17
-22
-29
-37
-106
-113
-115
-95
-113
-143
-189
-214
-237
-262
-237
-223
-192
-156
-157
-174
-110
-32
135
305
375
371
309
258
219
164
145
99
90
121
116
67
19
-17
-25
-25
-35
-103
-111
-108
-76
-86
-103
-159
-193
-223
-236
-245
-219
-197
-155
-125
-129
-127
-28
141
329
415
401
342
310
260
212
151
143
133
135
129
81
26
1
-9
-9
-29
-65
-98
-111
-78
-86
-119
-154
-183
-205
-221
-236
-206
-174
-140
-121
-109
-105
-48
81
242
401
417
375
323
295
231
171
151
131
119
131
109
47
3
-11
-12
-13
-29
-94
-117
-81
-76
-78
-124
-179
-206
-235
-233
-230
-205
-173
-145
-119
-144
-103
-28
148
337
404
374
326
275
219
159
133
84
91
97
99
35
3
6
-23
-27
-67
-127
-139
-139
-108
-121
-155
-185
-219
-237
-259
-244
-218
-199
-158
-136
-129
-122
-37
115
286
385
391
343
291
273
211
143
148
95
116
117
95
37
4
-9
-17
-34
-77
-115
-107
-93
-95
-121
-138
-175
-202
-225
-233
-204
-178
-141
-115
-105
-101
-85
-35
126
367
419
375
321
281
257
187
148
142
125
129
123
71
31
1
-12
-22
-29
-85
-83
-97
-81
-83
-117
-161
-201
-201
-202
-214
-195
-161
-140
-124
-125
-109
-30
133
335
407
387
340
281
246
178
143
123
102
111
107
59
18
-17
-18
-33
-34
-93
-112
-122
-106
-102
-120
-161
-201
-215
-236
-239
-219
-215
-172
-150
-140
-142
-71
-12
139
356
374
339
285
235
189
146
142
75
90
97
83
23
-5
-21
-34
-30
-93
-121
-122
-108
-108
-125
-149
-189
-221
-236
-246
-245
-203
-173
-146
-125
-135
-79
-26
131
354
402
369
317
269
226
161
153
120
91
119
88
55
13
-7
-13
-26
-41
-75
-107
-81
-76
-104
-137
-158
-195
-204
-215
-231
-194
-172
-126
-105
-108
-105
-28
130
299
397
401
351
306
251
211
135
153
99
115
116
83
31
-12
-18
-29
-40
-98
-108
-118
-97
-97
-117
-147
-189
-209
-245
-238
-223
-199
-167
-141
-127
-140
-71
-22
151
379
404
350
289
251
217
149
126
79
82
90
78
15
-17
-33
-14
-33
-95
-133
-139
-124
-113
-140
-165
-204
-221
-230
-258
-251
-221
-184
-160
-140
-139
-121
-19
137
312
391
383
308
274
237
180
149
142
95
113
116
59
9
-12
-13
-23
-45
-78
-108
-104
-81
-81
-114
-146
-198
-197
-220
-223
-213
-181
-140
-118
-109
-107
-33
102
305
389
419
372
315
275
234
165
138
133
131
137
133
66
35
1
-10
-13
-44
-76
-93
-66
-71
-85
-123
-166
-186
-219
-206
-209
-166
-140
-122
-108
-114
-79
-28
146
377
419
391
319
294
239
181
135
135
119
117
111
52
17
-7
-7
-18
-34
-78
-108
-109
-86
-94
-129
-171
-198
-217
-236
-229
-215
-199
-152
-129
-141
-138
-61
35
219
363
371
318
281
243
212
139
139
84
111
83
67
19
-26
-26
-29
-40
-106
-131
-119
-119
-105
-117
-159
-183
-208
-236
-238
-229
-213
-172
-146
-139
-143
-101
-25
134
355
395
375
318
283
233
187
153
126
99
115
110
50
15
-12
-15
-18
-29
-98
-117
-109
-95
-93
-120
-150
-175
-198
-215
-203
-194
-175
-145
-109
-119
-133
-41
87
265
378
387
342
289
246
197
153
143
88
110
104
84
31
9
-15
3
-32
-39
-107
-107
-94
-99
-112
-133
-166
-191
-207
-222
-206
-182
-166
-135
-123
-140
-83
-32
148
326
385
355
304
282
239
179
142
84
98
113
99
47
7
5
-27
-33
-39
-109
-126
-107
-107
-99
-133
-183
-209
-214
-242
-237
-217
-202
-157
-129
-153
-138
-54
107
287
402
377
329
287
241
207
139
144
91
117
121
79
22
-7
-9
-12
-33
-27
-99
-85
-75
-81
-93
-134
-166
-177
-202
-206
-209
-181
-154
-115
-103
-122
-69
-25
148
372
410
391
327
293
255
179
139
142
148
144
155
61
33
13
-1
-5
-13
-34
-93
-60
-76
-70
-113
-142
-171
-183
-205
-210
-186
-171
-137
-113
-108
-100
-35
151
333
419
386
327
291
263
211
146
139
114
116
116
85
7
-21
-9
-5
-17
-32
-109
-101
-86
-86
-102
-137
-181
-204
-219
-235
-210
-182
-172
-133
-124
-141
-86
-13
146
354
381
338
279
255
214
148
131
67
91
103
71
31
-13
-28
-24
-28
-69
-109
-140
-98
-104
-113
-133
-177
-195
-236
-233
-234
-217
-172
-140
-111
-123
-114
-22
129
321
385
371
315
282
245
198
138
133
102
121
127
71
25
-16
-21
1
-38
-37
-99
-96
-83
-81
-97
-125
-140
-193
-203
-206
-204
-181
-141
-101
-97
-117
-65
-19
155
378
419
379
327
276
231
181
148
139
128
137
131
47
15
3
-5
-15
-31
-41
-98
-85
-83
-77
-95
-137
-179
-198
-217
-209
-193
-181
-127
-117
-109
-119
-43
114
298
391
382
334
294
246
211
155
133
101
109
116
78
20
-13
-12
-22
-11
-47
-111
-117
-108
-109
-107
-149
-182
-199
-236
-248
-249
-209
-179
-136
-126
-133
-117
-37
148
315
372
351
308
265
238
180
147
95
87
115
115
49
-12
-22
-26
-17
-22
-83
-93
-114
-101
-106
-121
-140
-172
-191
-223
-208
-206
-181
-145
-113
-110
-125
-57
14
190
370
395
353
294
270
234
169
133
106
131
127
83
39
3
5
-7
-8
-16
-41
-78
-61
-73
-81
-107
-140
-165
-187
-201
-195
-177
-141
-121
-108
-113
-110
-39
146
309
393
383
331
291
258
207
146
145
116
116
138
67
31
6
-11
-11
-27
-44
-101
-97
-102
-95
-140
-129
-169
-205
-215
-221
-225
-199
-169
-139
-131
-140
-108
-30
131
331
378
350
305
267
214
153
139
71
84
94
84
38
-12
-15
-38
-21
-26
-102
-125
-107
-119
-107
-126
-140
-173
-204
-221
-233
-220
-187
-156
-142
-123
-135
-93
-29
148
341
372
345
299
259
229
179
135
98
127
135
84
23
11
-17
-18
-33
-12
-76
-93
-97
-76
-82
-82
-118
-155
-188
-206
-204
-201
-154
-141
-114
-119
-108
-63
74
283
394
407
370
311
276
239
171
139
163
125
142
99
43
18
0
1
-9
-28
-76
-81
-82
-81
-64
-93
-137
-165
-193
-201
-193
-187
-170
-131
-119
-127
-139
-48
125
288
371
389
336
289
266
199
149
142
99
107
111
75
15
-12
-12
-13
-13
-39
-93
-108
-122
-95
-123
-134
-185
-204
-235
-234
-220
-206
-190
-156
-147
-145
-153
-26
133
308
385
367
299
271
233
179
147
77
93
94
99
41
8
-21
-13
-28
-44
-103
-137
-117
-123
-138
-143
-146
-181
-172
-216
-229
-195
-178
-141
-133
-135
-157
-126
-34
148
351
393
354
283
255
213
148
144
91
90
154
93
51
6
-5
-1
-1
-25
-34
-98
-78
-76
-71
-95
-123
-126
-165
-193
-213
-204
-161
-122
-108
-111
-137
-69
-17
145
387
403
355
318
294
237
149
148
85
115
121
94
21
-12
-1
11
-22
-27
-93
-104
-108
-78
-101
-111
-145
-182
-194
-221
-217
-209
-169
-157
-125
-146
-152
-76
46
262
367
362
314
276
246
191
133
91
85
91
97
59
-2
-9
-16
-23
-34
-85
-109
-122
-114
-108
-114
-139
-174
-213
-244
-236
-238
-215
-201
-159
-140
-151
-133
-41
127
311
399
387
321
279
263
189
157
135
107
117
116
74
20
-2
-2
-14
-14
-25
-97
-99
-99
-81
-85
-108
-126
-179
-204
-197
-211
-180
-149
-119
-117
-125
-101
-25
139
361
419
402
327
307
257
193
148
133
116
139
142
71
21
17
7
-1
-9
-13
-76
-83
-93
-108
-114
-139
-146
-185
-213
-237
-217
-181
-142
-113
-135
-142
-105
-42
158
363
409
366
318
271
230
154
138
84
91
123
101
38
-5
-17
-18
-18
-29
-108
-109
-99
-107
-102
-134
-149
-191
-223
-225
-236
-236
-194
-157
-147
-162
-171
-107
-27
151
371
387
335
276
253
197
149
135
85
103
125
70
29
-11
-12
-23
-26
-17
-97
-114
-107
-86
-105
-140
-155
-179
-204
-234
-218
-219
-172
-153
-147
-153
-153
-50
111
293
395
394
339
307
266
219
151
148
111
127
135
91
30
3
2
5
-12
-37
-64
-93
-76
-69
-85
-114
-134
-149
-198
-215
-218
-181
-147
-123
-114
-123
-114
-34
131
323
405
377
339
299
275
207
167
151
116
149
131
67
22
-7
3
-7
-15
-17
-95
-110
-76
-101
-109
-121
-172
-182
-229
-236
-216
-201
-178
-153
-140
-157
-121
-25
153
353
414
355
317
264
226
159
150
79
101
110
75
27
-25
-27
-23
-31
-35
-106
-129
-129
-117
-121
-137
-145
-179
-216
-236
-254
-226
-218
-182
-145
-168
-175
-109
-29
151
373
399
353
313
271
217
153
139
89
118
127
89
31
5
-9
-1
-12
-38
-85
-101
-98
-85
-110
-123
-143
-177
-204
-215
-234
-214
-186
-138
-134
-149
-138
-39
132
339
446
419
356
306
291
212
147
135
123
141
135
84
27
19
13
-5
-7
-17
-102
-104
-93
-94
-99
-121
-157
-199
-209
-226
-219
-205
-170
-154
-140
-158
-102
-15
159
391
414
363
315
286
245
155
153
95
106
122
84
46
11
-7
-6
-9
-30
-93
-125
-118
-106
-111
-138
-171
-211
-229
-252
-255
-243
-214
-185
-165
-190
-172
-46
123
310
387
385
315
276
249
179
149
84
79
67
134
9
3
-15
-17
-30
-30
-98
-107
-117
-117
-95
-122
-146
-153
-204
-233
-251
-241
-218
-177
-157
-161
-161
-123
-30
137
361
411
369
340
302
251
167
143
116
119
142
115
52
12
3
-7
-3
-29
-27
-108
-102
-77
-93
-114
-138
-140
-204
-226
-225
-199
-172
-157
-141
-140
-155
-55
67
281
392
407
354
307
275
227
159
147
115
123
125
84
35
-3
19
3
-13
-28
-101
-113
-101
-94
-102
-138
-170
-197
-224
-237
-242
-218
-194
-160
-162
-171
-153
-28
137
350
419
377
319
277
241
177
139
87
89
116
84
35
-7
-19
-28
-25
-62
-118
-139
-145
-155
-149
-142
-162
-179
-215
-254
-266
-262
-227
-201
-171
-193
-203
-108
-29
182
377
388
340
287
253
180
148
83
90
115
115
69
27
-15
-11
-12
-21
-32
-94
-123
-110
-87
-107
-122
-151
-178
-206
-250
-230
-235
-198
-157
-151
-178
-125
-38
148
373
419
395
340
321
278
202
145
149
128
126
148
79
32
7
-5
-12
-25
-104
-105
-118
-109
-76
-108
-141
-169
-177
-209
-220
-213
-204
-166
-161
-166
-177
-76
105
314
411
407
355
307
287
211
147
131
103
115
121
80
33
-10
-10
5
-28
-28
-109
-117
-108
-101
-127
-138
-168
-204
-232
-255
-257
-235
-206
-189
-169
-204
-146
-29
147
359
403
351
318
289
243
153
146
85
89
127
94
35
-12
-13
-17
-12
-27
-129
-139
-114
-129
-122
-129
-150
-161
-204
-236
-249
-246
-229
-200
-165
-181
-189
-73
85
302
414
389
345
308
282
207
137
137
116
119
126
87
20
-1
13
-1
-19
-31
-105
-117
-95
-93
-105
-105
-118
-165
-198
-207
-225
-217
-186
-165
-118
-175
-123
-29
147
390
410
379
329
319
272
180
148
138
119
134
137
66
30
-2
14
-13
-22
-104
-113
-103
-103
-109
-115
-121
-155
-182
-224
-234
-255
-220
-198
-167
-173
-156
-33
138
329
411
381
333
301
255
180
150
91
91
107
116
62
7
-12
-17
-22
-37
-106
-126
-136
-137
-139
-133
-146
-157
-199
-229
-245
-250
-231
-203
-177
-181
-194
-121
-29
143
387
387
331
295
267
212
142
118
91
104
119
111
23
2
-13
-26
-28
-25
-94
-125
-119
-106
-108
-127
-144
-159
-205
-221
-230
-236
-204
-179
-159
-175
-133
-33
150
386
399
347
323
305
246
170
141
116
116
148
147
59
26
4
26
10
-28
-39
-81
-102
-70
-77
-85
-121
-124
-162
-209
-213
-220
-204
-172
-143
-181
-145
-33
131
362
419
398
329
291
259
199
139
107
116
138
137
57
7
-5
6
-12
-31
-98
-125
-118
-111
-107
-110
-110
-133
-179
-202
-235
-257
-232
-201
-181
-173
-209
-111
-34
153
373
387
325
276
261
212
143
71
71
99
119
78
19
10
-11
-12
-27
-21
-112
-139
-119
-109
-107
-122
-141
-162
-204
-223
-247
-227
-215
-186
-163
-193
-172
-27
138
331
403
365
314
282
255
171
147
75
103
119
133
62
18
7
9
5
-13
-35
-105
-103
-81
-98
-107
-105
-127
-150
-204
-233
-236
-205
-172
-146
-149
-170
-61
113
323
404
405
350
318
281
223
157
146
99
137
139
95
37
11
7
13
2
-46
-108
-108
-94
-93
-97
-82
-108
-145
-172
-222
-233
-211
-203
-166
-158
-171
-151
-22
149
365
386
343
302
277
243
153
147
88
113
125
100
31
1
-22
-15
-23
-28
-115
-133
-125
-111
-111
-122
-126
-168
-179
-220
-245
-241
-234
-203
-165
-174
-193
-93
51
302
383
355
297
275
250
197
145
72
73
116
126
71
-6
-10
-13
-2
-28
-23
-110
-125
-94
-107
-103
-121
-123
-152
-172
-212
-215
-219
-199
-157
-157
-165
-123
-39
148
386
395
357
308
303
245
162
144
84
118
139
146
38
13
10
22
-6
-12
-28
-93
-77
-64
-53
-74
-75
-108
-133
-205
-221
-203
-198
-157
-138
-139
-146
-45
129
309
401
394
323
295
283
207
149
148
102
122
130
84
23
-14
-5
-11
-21
-27
-108
-111
-95
-107
-99
-108
-125
-140
-186
-222
-230
-236
-205
-186
-163
-172
-121
-21
149
378
371
350
277
261
221
145
131
67
84
117
82
20
-6
-18
-7
-27
-27
-107
-133
-119
-117
-113
-119
-121
-145
-182
-231
-247
-246
-217
-172
-165
-178
-170
-44
135
315
409
356
302
287
270
161
148
84
103
130
128
70
14
7
-11
-9
-31
-34
-95
-111
-76
-85
-98
-122
-140
-172
-194
-222
-222
-221
-172
-139
-142
-149
-58
57
303
403
404
351
307
299
229
151
148
94
143
130
116
49
6
13
25
-1
-38
-85
-105
-97
-71
-81
-97
-117
-153
-181
-213
-236
-224
-191
-172
-153
-181
-119
-21
149
374
401
358
285
283
227
162
150
79
116
113
103
35
-15
-15
-28
-25
-42
-126
-132
-111
-93
-106
-137
-154
-173
-202
-236
-227
-251
-223
-183
-171
-194
-165
-37
135
340
387
327
307
257
225
161
137
64
87
115
99
46
-12
-18
-18
-9
-50
-96
-119
-123
-111
-99
-131
-150
-150
-189
-214
-225
-239
-220
-187
-160
-159
-159
-53
133
326
404
371
311
306
264
201
148
131
117
135
133
71
20
2
2
10
-11
-22
-85
-85
-81
-76
-97
-115
-127
-138
-187
-205
-209
-197
-154
-140
-155
-154
-49
118
315
411
386
340
307
291
223
163
145
118
127
135
91
39
5
6
-5
-9
-41
-107
-107
-108
-98
-102
-125
-139
-169
-193
-229
-236
-227
-197
-163
-166
-177
-110
-24
151
372
387
329
289
271
213
138
130
75
123
116
73
18
-12
-23
-21
-39
-69
-118
-127
-133
-127
-134
-140
-159
-186
-202
-235
-246
-241
-206
-178
-159
-177
-135
-14
148
361
390
343
293
271
231
159
148
90
115
127
105
27
11
-10
-7
-21
-30
-77
-111
-115
-96
-109
-112
-143
-151
-193
-209
-237
-225
-204
-165
-149
-177
-140
-19
135
377
419
383
331
315
276
199
148
143
119
135
147
58
20
7
11
3
-28
-25
-102
-76
-74
-86
-108
-136
-149
-177
-208
-210
-226
-190
-179
-151
-165
-133
-27
137
355
419
382
323
287
265
207
143
116
99
129
123
52
20
-12
-5
-22
-13
-95
-121
-114
-94
-102
-117
-129
-152
-197
-221
-237
-237
-222
-189
-175
-174
-170
-38
138
323
395
347
299
276
251
180
143
83
85
135
116
51
-5
-10
-21
-13
-33
-93
-130
-121
-111
-106
-118
-140
-153
-185
-217
-237
-245
-224
-189
-179
-178
-172
-49
130
308
387
394
337
313
271
211
143
148
115
127
137
88
35
-5
-1
-9
-25
-27
-99
-85
-76
-75
-101
-99
-129
-153
-191
-213
-213
-211
-177
-140
-143
-143
-61
67
287
407
408
367
335
294
244
167
141
135
139
141
118
34
11
-1
9
-2
-29
-108
-105
-101
-93
-83
-118
-134
-150
-205
-225
-236
-241
-194
-165
-165
-183
-123
-30
142
377
393
355
321
284
229
163
147
99
103
123
99
27
3
2
-1
-29
-42
-120
-118
-111
-111
-121
-144
-176
-183
-211
-237
-262
-284
-219
-170
-181
-204
-167
-33
147
372
383
349
299
275
219
154
143
89
117
125
109
39
-5
-9
-25
-12
-29
-103
-114
-108
-95
-107
-125
-138
-154
-198
-215
-240
-236
-219
-170
-156
-173
-125
-34
137
371
404
377
330
308
279
197
145
148
131
138
133
79
14
21
3
18
-29
-29
-98
-93
-85
-101
-99
-111
-135
-151
-195
-229
-222
-205
-181
-143
-171
-137
-27
145
361
409
383
343
297
276
191
144
134
117
134
127
58
7
-11
-9
-12
-25
-75
-107
-111
-103
-108
-129
-135
-154
-172
-215
-236
-243
-222
-204
-167
-194
-159
-37
129
315
400
358
319
293
247
195
146
98
90
116
115
53
-1
-6
-5
-7
-21
-107
-130
-136
-111
-114
-118
-138
-145
-189
-221
-249
-254
-229
-194
-182
-186
-178
-63
109
308
389
375
341
315
274
227
147
147
103
134
146
89
6
-11
-2
9
-12
-42
-93
-97
-108
-95
-108
-129
-124
-162
-171
-204
-227
-210
-176
-153
-154
-169
-59
99
290
407
411
373
330
311
250
175
151
145
130
148
130
52
15
2
-3
-14
-39
-98
-108
-93
-103
-98
-104
-134
-166
-183
-230
-233
-238
-194
-166
-181
-203
-137
-26
145
371
399
365
334
297
245
167
147
119
115
133
88
38
6
-6
-2
-23
-29
-108
-130
-121
-122
-136
-157
-165
-188
-213
-230
-252
-257
-229
-198
-204
-204
-172
-29
141
329
383
351
309
290
247
187
137
121
107
144
101
45
-9
-15
-23
-23
-31
-108
-109
-121
-105
-119
-121
-140
-151
-173
-195
-239
-245
-218
-190
-165
-198
-157
-64
130
337
393
376
383
325
290
228
158
155
135
135
149
107
36
9
20
17
-9
-19
-79
-93
-80
-93
-94
-111
-135
-147
-189
-208
-231
-207
-192
-154
-169
-159
-86
-21
187
399
404
369
333
311
257
180
146
145
141
133
127
41
3
-1
1
-6
-34
-96
-98
-107
-109
-121
-121
-138
-165
-187
-222
-229
-230
-201
-175
-171
-195
-129
-26
141
350
395
373
334
291
251
185
151
134
127
118
99
34
11
-9
-7
-17
-21
-94
-121
-104
-124
-110
-129
-141
-154
-179
-205
-239
-239
-226
-182
-156
-185
-147
-33
137
355
406
389
355
331
281
228
169
157
138
153
155
133
37
20
26
2
-11
-38
-75
-81
-98
-77
-97
-108
-127
-151
-179
-191
-213
-204
-166
-158
-153
-125
-28
139
339
419
419
390
357
339
262
195
148
155
180
175
151
74
33
32
17
-9
-13
-29
-94
-77
-61
-93
-103
-119
-143
-187
-203
-229
-206
-174
-151
-147
-169
-82
1
199
402
403
371
330
308
251
179
149
146
135
137
143
52
15
4
-2
-24
-28
-107
-124
-113
-111
-121
-131
-155
-174
-209
-231
-253
-243
-237
-194
-170
-199
-156
-37
131
311
367
353
313
287
241
180
147
97
116
137
113
52
5
7
-12
-13
-35
-72
-108
-129
-118
-107
-129
-135
-156
-172
-217
-226
-247
-202
-199
-159
-177
-156
-27
142
323
414
387
355
308
295
226
160
146
138
148
141
84
33
13
10
5
-15
-37
-79
-78
-76
-85
-94
-117
-129
-155
-172
-222
-221
-204
-172
-145
-146
-135
-54
103
283
394
405
375
339
313
243
178
155
148
149
169
150
79
30
13
10
-19
-25
-37
-76
-73
-79
-107
-109
-118
-162
-199
-217
-236
-227
-188
-176
-162
-175
-103
-18
143
362
403
353
326
294
257
199
149
149
143
136
145
59
11
6
-6
-7
-29
-79
-102
-106
-110
-122
-113
-144
-172
-204
-242
-239
-257
-216
-198
-168
-172
-123
-11
147
357
404
363
325
306
263
201
155
144
131
138
139
73
34
20
-1
5
-28
-28
-78
-97
-76
-110
-118
-134
-161
-174
-219
-233
-242
-197
-166
-159
-165
-108
-22
138
361
413
386
355
331
295
227
159
135
143
171
159
131
40
31
22
-5
-13
-33
-61
-83
-61
-79
-93
-122
-153
-173
-203
-227
-237
-208
-177
-161
-158
-123
-28
130
343
404
395
351
335
286
235
167
149
151
147
143
144
33
14
20
-13
-12
-15
-85
-87
-97
-97
-126
-145
-179
-188
-218
-249
-245
-238
-204
-186
-185
-155
-57
119
321
385
371
339
293
265
209
147
142
99
131
147
70
15
-8
-15
-13
-27
-70
-107
-108
-101
-110
-138
-140
-166
-198
-234
-245
-257
-237
-198
-172
-177
-156
-48
131
309
404
381
351
327
292
227
175
137
148
151
135
147
47
4
22
6
-12
-16
-61
-81
-85
-103
-113
-113
-150
-172
-190
-205
-235
-217
-189
-159
-157
-153
-47
129
315
417
407
371
347
308
249
181
147
148
154
178
149
57
29
20
25
-17
-19
-26
-65
-74
-75
-110
-125
-143
-160
-203
-220
-236
-227
-199
-157
-165
-161
-70
9
273
387
399
346
315
289
247
187
149
150
125
150
127
62
9
-1
-7
-12
-14
-103
-108
-102
-117
-125
-143
-167
-189
-229
-236
-269
-265
-223
-187
-179
-202
-120
-21
135
351
377
342
305
293
246
185
146
131
126
141
121
43
6
-5
-6
-28
-33
-101
-83
-107
-81
-109
-140
-151
-163
-189
-226
-233
-235
-210
-175
-171
-172
-131
-31
150
351
404
379
340
311
273
217
144
138
135
153
137
123
42
20
20
11
-12
-43
-69
-76
-73
-101
-105
-140
-151
-173
-202
-236
-234
-190
-169
-156
-166
-139
-44
131
331
404
383
343
325
277
215
151
148
130
147
138
93
34
19
-5
-1
-28
-33
-97
-94
-101
-94
-114
-142
-142
-187
-210
-255
-265
-234
-210
-193
-190
-165
-44
123
289
375
363
327
305
270
213
148
149
107
127
123
83
21
-2
-16
-13
-28
-78
-101
-108
-108
-108
-129
-141
-162
-204
-217
-254
-264
-229
-204
-187
-179
-173
-45
128
308
382
378
330
308
283
215
161
148
126
150
147
116
42
21
-3
-3
-25
-23
-79
-93
-75
-74
-102
-117
-145
-171
-199
-229
-230
-199
-200
-166
-153
-155
-76
91
294
401
419
365
330
321
245
179
141
147
153
150
143
57
37
10
16
-6
-21
-28
-93
-78
-93
-97
-127
-140
-172
-195
-241
-241
-231
-204
-183
-175
-187
-77
3
267
386
403
350
309
281
239
160
137
107
129
145
97
33
2
-9
-11
-31
-37
-105
-110
-101
-110
-125
-143
-161
-189
-210
-241
-262
-242
-220
-204
-193
-189
-103
-17
159
361
379
321
291
271
215
165
149
97
129
139
95
39
9
-12
-21
-21
-29
-109
-103
-106
-108
-129
-138
-135
-158
-194
-245
-236
-236
-199
-172
-177
-172
-97
-27
148
382
394
347
323
274
243
163
147
93
116
127
97
67
11
18
-3
-12
-21
-29
-93
-70
-82
-105
-98
-117
-140
-172
-199
-218
-219
-179
-156
-149
-142
-107
-44
129
372
413
383
335
299
263
194
151
147
123
147
153
69
31
3
8
-21
-28
-41
-79
-82
-93
-109
-114
-141
-155
-173
-217
-230
-230
-208
-182
-161
-169
-138
-27
129
333
403
387
329
307
255
179
133
94
98
141
117
54
13
-9
-37
-21
-21
-106
-115
-137
-108
-117
-133
-142
-156
-187
-230
-251
-236
-222
-182
-171
-170
-161
-43
131
307
400
379
341
295
267
211
151
143
100
116
135
83
20
11
-10
-9
-13
-21
-73
-87
-86
-101
-109
-128
-141
-169
-185
-225
-222
-219
-178
-157
-156
-151
-39
127
307
406
405
358
330
290
229
159
147
133
135
151
146
46
13
3
5
-13
-34
-78
-79
-75
-86
-95
-122
-133
-137
-183
-203
-218
-213
-186
-156
-140
-149
-76
-6
258
406
403
349
313
286
222
178
148
94
129
131
93
35
11
-11
-22
-17
-27
-93
-107
-93
-107
-99
-118
-120
-152
-182
-206
-237
-233
-223
-185
-149
-182
-137
-43
146
337
377
347
311
283
237
163
150
79
101
117
107
54
1
-12
-17
-25
-40
-83
-97
-104
-93
-112
-128
-135
-144
-176
-195
-217
-229
-204
-174
-160
-150
-139
-67
84
276
375
387
342
295
282
203
147
147
88
133
138
90
38
20
-3
-21
-31
-22
-94
-93
-77
-76
-109
-105
-108
-145
-169
-204
-195
-189
-178
-151
-133
-134
-76
-15
138
379
415
371
320
291
231
163
139
137
122
135
132
63
19
7
17
-17
-22
-51
-79
-94
-82
-108
-99
-118
-126
-170
-211
-233
-232
-206
-188
-170
-159
-162
-34
148
340
398
377
314
279
238
187
145
82
91
122
122
43
6
-14
-2
-14
-27
-95
-103
-117
-108
-111
-124
-150
-153
-181
-215
-237
-253
-236
-194
-171
-181
-159
-67
-5
248
383
363
329
295
257
198
153
139
95
111
116
75
21
-9
-25
-9
-25
-28
-93
-103
-98
-97
-97
-131
-142
-160
-203
-213
-230
-222
-209
-165
-156
-159
-97
-33
159
373
406
355
309
291
243
171
146
157
143
162
150
71
45
29
19
-6
-13
-45
-77
-70
-77
-93
-113
-131
-145
-189
-221
-237
-237
-209
-172
-172
-152
-114
-30
143
347
403
379
335
299
265
187
148
143
126
126
145
67
37
-1
-8
-13
-30
-28
-108
-94
-81
-95
-127
-128
-154
-195
-225
-240
-253
-230
-198
-171
-158
-149
-59
116
295
383
349
323
278
237
180
141
61
66
101
107
52
2
-12
-29
-37
-21
-93
-111
-143
-129
-122
-141
-129
-157
-187
-225
-245
-249
-236
-215
-183
-174
-156
-49
101
281
375
372
339
305
267
195
148
137
101
139
133
103
50
16
2
-4
-12
-29
-75
-94
-83
-77
-101
-97
-117
-156
-193
-202
-242
-203
-182
-149
-145
-155
-98
-30
154
361
387
365
308
294
244
167
141
147
131
155
146
73
40
19
6
-22
-22
-26
-81
-70
-85
-109
-123
-131
-155
-179
-202
-230
-229
-198
-173
-167
-161
-114
-27
148
345
391
363
313
279
227
176
154
95
109
126
111
47
2
-14
-7
-28
-28
-82
-98
-93
-82
-194
-128
-147
-173
-175
-213
-253
-246
-226
-203
-172
-181
-159
-26
146
315
375
371
303
263
243
175
151
81
87
122
110
52
7
-6
-13
-15
-23
-66
-108
-112
-108
-105
-114
-115
-123
-162
-191
-229
-223
-207
-184
-163
-156
-154
-44
116
295
387
377
340
294
276
213
148
135
106
126
141
116
42
21
14
8
-11
-28
-73
-71
-70
-73
-82
-109
-108
-139
-165
-187
-201
-203
-160
-139
-133
-141
-81
-14
150
372
393
354
303
283
231
159
147
84
123
118
99
41
-3
-12
-7
-31
-59
-119
-113
-117
-94
-110
-149
-120
-140
-157
-209
-204
-211
-203
-163
-172
-170
-141
-31
134
331
389
347
295
276
238
158
147
82
94
114
83
52
-6
-15
-33
-32
-37
-106
-122
-108
-95
-108
-119
-133
-150
-172
-210
-236
-249
-229
-184
-172
-166
-156
-55
122
299
394
361
315
274
249
175
145
101
109
132
131
81
23
-2
-7
-21
-31
-26
-101
-106
-93
-76
-93
-111
-119
-140
-174
-191
-218
-204
-172
-150
-127
-141
-25
101
289
391
400
356
315
283
215
154
159
121
137
139
129
65
18
20
-15
2
-28
-85
-77
-60
-76
-87
-107
-118
-151
-172
-213
-226
-205
-186
-150
-133
-151
-119
-19
149
340
387
358
294
283
239
152
149
94
99
133
115
47
6
-11
-5
-17
-28
-79
-109
-101
-101
-94
-122
-138
-155
-187
-201
-229
-237
-213
-195
-157
-173
-172
-63
122
294
359
353
303
262
231
159
135
83
91
123
102
56
5
-7
-27
-22
-28
-85
-108
-110
-83
-83
-118
-149
-139
-173
-186
-227
-234
-219
-173
-161
-155
-170
-61
85
274
386
372
328
285
253
205
147
134
101
117
151
94
35
5
7
-3
-26
-25
-98
-76
-69
-59
-73
-78
-108
-139
-161
-181
-208
-193
-169
-139
-135
-155
-102
-22
148
357
405
369
302
275
243
179
151
105
113
143
111
56
3
-18
-11
-31
-39
-85
-108
-93
-93
-107
-115
-134
-160
-173
-193
-213
-219
-203
-162
-149
-154
-149
-30
117
313
371
356
309
266
230
178
147
74
87
117
100
57
-7
-15
-21
-27
-62
-97
-121
-109
-118
-108
-108
-135
-151
-175
-203
-239
-237
-232
-189
-160
-171
-171
-76
65
274
382
362
302
276
254
181
125
98
84
116
103
59
20
-8
-13
-11
-22
-76
-113
-110
-83
-96
-95
-102
-110
-140
-177
-221
-227
-211
-185
-166
-157
-155
-109
-38
151
352
383
355
313
297
242
178
148
121
123
127
129
63
20
3
-6
-13
-25
-61
-101
-85
-81
-93
-104
-113
-133
-165
-177
-205
-215
-192
-157
-130
-140
-146
-58
113
273
371
372
323
281
251
195
149
91
83
108
110
63
13
-1
-18
-28
-26
-82
-106
-118
-119
-122
-126
-121
-140
-157
-187
-214
-235
-236
-202
-179
-173
-179
-134
-28
139
325
358
331
276
247
212
137
130
67
87
118
87
34
-11
-15
-34
-44
-69
-105
-111
-121
-110
-121
-133
-124
-145
-154
-204
-223
-216
-193
-185
-161
-160
-159
-58
103
275
379
383
338
291
269
199
135
138
114
141
138
95
25
20
7
9
-16
-22
-78
-83
-77
-63
-82
-85
-93
-118
-165
-190
-204
-193
-162
-137
-131
-113
-66
-24
148
379
409
379
323
297
245
171
135
127
131
145
141
65
23
14
3
-21
-35
-45
-85
-80
-73
-85
-112
-113
-141
-171
-204
-207
-204
-194
-172
-168
-145
-125
-28
131
340
379
355
310
286
239
171
139
99
105
122
113
49
3
-4
-7
-30
-24
-93
-107
-107
-118
-108
-125
-139
-156
-192
-204
-231
-233
-219
-190
-170
-166
-151
-69
-15
229
358
376
326
291
251
183
139
99
85
107
115
67
20
-12
-15
-25
-29
-74
-102
-103
-83
-98
-107
-137
-141
-172
-199
-208
-237
-211
-190
-169
-155
-165
-95
-13
139
367
395
347
315
286
226
159
148
100
134
130
117
50
5
-21
-28
-12
-30
-76
-108
-95
-94
-113
-141
-155
-172
-199
-219
-237
-209
-177
-165
-138
-147
-121
-19
148
343
389
361
318
291
241
177
141
85
85
116
101
62
11
-14
-21
-13
-25
-101
-122
-102
-93
-109
-125
-139
-170
-189
-206
-238
-222
-207
-170
-168
-170
-140
-35
139
307
372
345
306
274
219
179
142
80
84
105
95
35
-3
-21
-33
-43
-35
-101
-108
-109
-108
-101
-122
-140
-178
-177
-229
-239
-220
-205
-186
-171
-172
-138
-33
148
308
394
378
350
291
263
203
151
136
107
126
133
74
20
13
-12
-12
-26
-29
-76
-93
-78
-85
-108
-129
-140
-162
-194
-190
-204
-172
-151
-129
-140
-129
-27
123
309
415
419
361
335
289
231
165
137
148
147
149
119
53
7
15
3
-17
-31
-76
-79
-76
-71
-81
-113
-136
-158
-204
-214
-220
-214
-189
-169
-151
-156
-76
-13
149
387
379
350
319
261
223
148
144
101
119
129
98
30
3
-14
-23
-21
-81
-94
-121
-109
-106
-126
-139
-172
-189
-220
-236
-246
-239
-215
-183
-172
-161
-113
-39
148
335
377
361
291
263
225
160
138
84
93
109
86
34
-19
-18
-15
-28
-59
-85
-108
-103
-106
-120
-138
-160
-179
-190
-211
-229
-216
-188
-175
-167
-153
-130
-28
130
340
393
371
330
287
247
180
130
131
119
131
130
69
21
11
-12
-7
-17
-31
-73
-97
-87
-101
-95
-109
-113
-146
-188
-207
-207
-192
-153
-140
-141
-136
-50
116
293
395
404
353
313
281
227
165
148
144
132
133
90
23
17
-6
-13
-25
-28
-94
-101
-94
-101
-137
-150
-179
-187
-189
-225
-226
-209
-203
-157
-146
-157
-97
-25
151
342
387
339
295
265
210
148
139
99
111
119
83
25
-12
-17
-21
-27
-71
-108
-110
-121
-114
-124
-140
-167
-190
-204
-217
-232
-235
-193
-167
-167
-156
-141
-27
145
315
379
385
340
291
246
187
147
127
110
129
105
63
16
-11
3
-12
-33
-58
-93
-97
-95
-113
-79
-134
-156
-184
-215
-234
-218
-202
-170
-156
-130
-140
-63
107
283
395
410
379
339
287
231
166
150
148
139
143
111
47
20
2
-12
-22
-21
-76
-103
-73
-79
-111
-124
-133
-158
-179
-201
-208
-204
-169
-156
-140
-142
-121
-30
143
340
391
371
331
289
245
169
145
100
101
117
90
54
7
-22
-28
-38
-93
-106
-135
-126
-129
-130
-123
-142
-183
-204
-225
-249
-232
-222
-195
-188
-173
-181
-85
-34
150
347
369
337
297
271
193
145
134
93
107
116
73
21
-11
-11
-29
-15
-81
-117
-107
-123
-114
-117
-131
-157
-183
-204
-235
-229
-209
-191
-171
-147
-157
-125
-34
128
327
383
363
360
308
262
195
143
146
117
127
101
51
5
-13
-27
-21
-33
-77
-85
-86
-80
-82
-104
-111
-137
-161
-185
-204
-191
-181
-172
-133
-140
-140
-55
67
275
379
405
371
339
299
223
175
143
135
116
131
105
38
1
-11
-12
-27
-43
-102
-94
-94
-98
-121
-133
-165
-183
-207
-222
-225
-210
-184
-161
-157
-165
-120
-27
123
303
357
355
314
276
242
151
142
91
106
116
99
50
3
-12
-13
-28
-74
-109
-121
-121
-108
-122
-139
-162
-172
-184
-206
-233
-255
-205
-183
-163
-169
-203
-139
-76
212
363
392
335
307
279
207
138
138
94
111
117
98
23
-11
-8
-14
-32
-39
-103
-95
-105
-102
-117
-127
-155
-183
-202
-226
-222
-217
-175
-172
-165
-162
-130
-39
138
310
387
393
372
323
287
214
154
139
143
143
167
87
23
5
1
-5
-21
-31
-75
-76
-97
-120
-119
-154
-174
-181
-204
-220
-217
-193
-181
-159
-155
-169
-104
-39
148
366
403
377
329
287
235
180
152
101
116
142
84
69
6
-27
-15
-34
-35
-94
-101
-114
-99
-114
-119
-140
-177
-200
-221
-241
-219
-206
-173
-172
-172
-166
-42
114
299
373
347
321
274
244
177
145
70
84
118
105
57
1
-14
-14
-25
-31
-78
-101
-115
-103
-123
-123
-141
-149
-176
-209
-209
-230
-220
-174
-168
-144
-167
-126
-29
153
363
386
379
334
301
251
180
131
134
115
127
106
53
15
3
-9
-12
-25
-69
-75
-82
-83
-93
-108
-97
-126
-151
-177
-204
-215
-182
-156
-148
-154
-151
-62
-11
258
374
411
374
331
308
239
180
151
143
137
143
115
41
20
11
5
-12
-28
-76
-75
-80
-95
-95
-106
-119
-157
-173
-204
-213
-215
-187
-168
-163
-160
-150
-44
129
309
383
387
340
303
259
191
155
127
104
113
113
67
6
-10
-26
-27
-41
-101
-102
-114
-104
-113
-121
-137
-157
-176
-219
-231
-218
-220
-187
-167
-154
-178
-130
-37
146
311
379
347
311
307
235
175
130
84
100
116
94
52
-9
-2
-12
-29
-29
-79
-108
-85
-94
-95
-105
-117
-138
-172
-203
-218
-205
-188
-157
-155
-133
-141
-82
-21
145
379
405
370
343
307
244
181
138
149
127
149
125
53
9
27
-3
-12
-27
-46
-79
-76
-73
-93
-109
-117
-143
-172
-199
-220
-197
-154
-140
-125
-139
-141
-44
113
293
388
375
367
321
267
212
164
135
102
121
121
72
21
15
-9
-12
-44
-73
-108
-103
-108
-82
-112
-133
-156
-163
-206
-219
-233
-220
-192
-173
-170
-163
-142
-37
138
313
372
343
305
282
226
153
142
80
106
110
91
30
-12
-12
-18
-28
-71
-97
-107
-108
-109
-117
-118
-145
-158
-179
-203
-229
-236
-206
-162
-171
-159
-157
-93
-19
135
338
373
347
319
293
239
155
146
116
121
134
109
43
11
1
2
-13
-33
-70
-71
-81
-71
-79
-117
-137
-159
-167
-190
-198
-194
-169
-145
-128
-139
-126
-43
131
289
395
394
355
329
285
222
155
139
118
143
144
73
41
1
-12
-12
-28
-30
-75
-103
-81
-93
-105
-130
-142
-166
-189
-218
-267
-181
-167
-172
-159
-168
-113
-28
139
334
392
372
336
295
244
163
148
91
99
116
97
38
10
1
-16
-27
-25
-105
-112
-123
-110
-115
-140
-141
-169
-195
-226
-236
-251
-214
-185
-163
-178
-170
-95
-12
141
348
373
317
305
271
195
148
143
95
115
111
75
20
-7
-3
-23
-22
-44
-75
-93
-77
-93
-110
-134
-144
-171
-192
-220
-220
-188
-169
-157
-147
-156
-108
-31
131
331
387
387
340
304
274
207
148
143
139
143
127
78
35
20
-2
-12
-29
-12
-79
-94
-69
-79
-99
-111
-145
-171
-199
-207
-204
-204
-150
-141
-157
-140
-44
114
286
375
395
356
311
295
215
145
148
99
123
123
75
23
6
-3
-18
-25
-70
-97
-103
-105
-105
-107
-140
-163
-197
-223
-253
-265
-220
-205
-183
-171
-177
-166
-28
130
291
358
355
330
283
233
169
163
74
84
91
84
34
-6
-11
-15
-39
-30
-108
-122
-117
-129
-139
-141
-156
-187
-214
-235
-268
-266
-213
-202
-175
-177
-177
-76
-21
143
362
390
367
321
274
211
148
150
116
116
127
89
27
-8
1
-18
-26
-38
-79
-93
-105
-102
-121
-124
-141
-177
-221
-237
-222
-201
-165
-140
-141
-151
-95
-37
143
357
403
395
370
330
283
187
147
146
148
143
131
57
27
18
-9
-12
-12
-66
-97
-101
-76
-98
-118
-130
-157
-197
-221
-238
-210
-217
-174
-172
-160
-157
-49
111
275
375
404
354
325
278
213
143
134
97
119
116
55
19
-1
-15
-3
-27
-97
-114
-125
-125
-123
-139
-159
-190
-214
-236
-257
-254
-229
-199
-175
-181
-174
-108
-23
145
355
371
355
308
286
217
155
149
115
110
121
81
20
-16
-26
-37
-29
-103
-108
-122
-130
-120
-117
-137
-157
-172
-220
-223
-247
-214
-187
-171
-145
-158
-101
-21
155
355
406
387
345
315
259
190
133
155
125
126
123
58
17
20
-5
-12
-25
-27
-94
-71
-77
-83
-129
-143
-175
-204
-207
-221
-209
-178
-149
-167
-145
-122
-28
131
341
403
391
357
322
276
208
148
148
115
134
119
65
15
-4
6
-23
-35
-81
-112
-106
-109
-131
-145
-158
-172
-204
-240
-236
-249
-211
-201
-185
-172
-137
-43
141
312
403
387
340
291
259
181
143
84
84
107
84
42
14
-19
-26
-34
-73
-103
-121
-133
-111
-140
-138
-153
-189
-223
-242
-263
-253
-234
-213
-197
-187
-140
-33
122
303
390
399
349
309
275
197
143
150
105
129
116
71
20
1
-7
-21
-34
-77
-101
-110
-93
-109
-137
-158
-166
-197
-221
-237
-237
-205
-174
-166
-170
-150
-42
131
333
419
407
361
331
291
211
170
145
150
138
138
77
35
7
-6
-8
-21
-17
-74
-61
-76
-107
-141
-157
-181
-197
-221
-227
-221
-207
-194
-179
-181
-126
-25
126
334
397
387
355
308
250
195
143
150
103
125
110
59
20
-11
0
-15
-24
-82
-110
-121
-122
-125
-145
-169
-187
-222
-252
-255
-267
-235
-210
-204
-194
-134
-28
145
341
390
365
326
295
231
154
147
86
103
116
87
45
5
-12
-22
-21
-42
-114
-125
-117
-97
-114
-145
-151
-187
-219
-229
-254
-246
-214
-183
-185
-175
-121
-34
143
331
400
399
371
329
265
190
150
150
134
127
121
82
22
11
5
-11
-22
-40
-83
-105
-105
-114
-140
-163
-168
-189
-218
-221
-204
-182
-159
-155
-150
-111
-27
162
341
419
404
375
337
279
207
148
143
139
136
139
69
30
18
3
-11
-35
-78
-95
-99
-109
-99
-138
-172
-189
-202
-237
-241
-237
-207
-174
-175
-195
-141
-38
148
330
389
373
340
308
261
194
151
138
114
117
97
57
13
-5
-26
-7
-25
-108
-121
-123
-122
-141
-158
-179
-211
-209
-245
-257
-243
-231
-202
-204
-189
-167
-38
139
313
391
372
343
307
263
187
147
135
118
123
126
52
22
-9
-3
-15
-34
-96
-97
-109
-108
-107
-115
-144
-165
-204
-223
-291
-239
-221
-181
-179
-171
-140
-31
135
340
404
401
373
342
292
223
163
144
136
151
137
143
52
35
20
-6
-18
-28
-76
-99
-76
-78
-120
-134
-158
-188
-220
-221
-220
-198
-173
-172
-155
-142
-47
101
283
387
404
387
327
297
239
149
159
143
139
132
107
46
1
3
-12
-22
-42
-105
-111
-113
-121
-133
-138
-156
-197
-236
-238
-253
-236
-203
-202
-201
-182
-99
-19
143
341
367
354
319
281
212
147
146
91
111
110
84
23
9
-15
-11
-29
-79
-116
-108
-101
-111
-133
-147
-177
-191
-231
-251
-256
-229
-188
-171
-175
-181
-113
-28
154
356
395
371
331
311
244
169
147
131
124
143
116
59
20
20
1
-28
-29
-96
-102
-94
-76
-95
-141
-140
-168
-193
-221
-229
-209
-204
-155
-143
-155
-102
-27
149
357
411
401
366
334
276
203
147
135
150
147
149
79
37
19
1
-11
-39
-25
-79
-101
-99
-98
-125
-124
-172
-189
-224
-235
-230
-204
-189
-175
-167
-131
-43
123
299
372
385
346
311
263
209
138
146
107
119
119
78
20
5
-10
-24
-29
-93
-108
-128
-110
-108
-140
-157
-171
-205
-233
-251
-250
-245
-214
-185
-192
-173
-66
42
234
355
370
340
307
275
211
147
151
95
131
129
54
23
5
-7
-26
-34
-83
-111
-109
-97
-109
-108
-133
-158
-177
-205
-230
-240
-226
-195
-172
-169
-144
-73
-11
180
370
391
367
340
291
241
154
134
148
139
153
125
65
35
15
-3
-14
-41
-70
-83
-76
-80
-103
-107
-119
-157
-178
-213
-233
-208
-177
-146
-149
-165
-83
-23
145
358
411
390
350
297
253
175
143
139
153
139
147
52
17
2
-7
-22
-28
-102
-108
-95
-108
-123
-139
-159
-172
-183
-221
-237
-235
-213
-172
-169
-181
-139
-26
143
322
375
363
329
296
238
171
155
89
97
113
99
52
7
-5
-11
-29
-70
-118
-130
-118
-125
-130
-147
-151
-178
-215
-238
-251
-240
-227
-195
-186
-172
-135
-34
131
322
382
366
339
294
258
197
149
145
116
122
127
70
29
9
-18
-18
-28
-83
-101
-105
-103
-114
-118
-134
-157
-178
-214
-223
-220
-203
-187
-161
-166
-108
-21
147
326
402
391
351
331
286
218
145
148
146
131
155
106
29
20
-2
-11
-33
-21
-93
-93
-76
-106
-117
-126
-146
-174
-204
-243
-247
-207
-183
-170
-162
-123
-32
139
304
379
381
341
311
270
195
141
137
119
139
115
74
35
3
-12
-22
-41
-105
-117
-112
-114
-113
-140
-158
-171
-203
-220
-236
-237
-229
-205
-199
-185
-160
-39
111
291
372
362
339
279
263
185
159
125
97
127
105
84
9
-12
-21
-33
-21
-101
-123
-125
-95
-111
-129
-139
-170
-181
-204
-235
-235
-221
-194
-170
-169
-140
-45
116
281
375
395
346
309
276
227
148
137
131
127
135
107
35
20
11
-13
-32
-23
-102
-74
-85
-93
-106
-130
-138
-172
-187
-203
-220
-202
-177
-149
-156
-134
-37
101
274
385
409
371
335
292
233
163
131
143
143
135
141
46
17
3
-3
-8
-27
-95
-104
-106
-101
-117
-130
-141
-177
-195
-221
-225
-221
-204
-172
-163
-156
-98
-41
145
342
377
355
308
279
244
154
155
106
119
135
91
35
3
-17
-17
-44
-75
-119
-126
-129
-118
-129
-139
-154
-199
-223
-238
-249
-234
-204
-170
-168
-162
-118
-25
143
309
369
355
334
290
244
179
139
131
117
131
110
52
33
-5
-13
-22
-34
-76
-102
-99
-101
-111
-109
-143
-151
-175
-209
-205
-210
-181
-170
-141
-140
-121
-39
135
303
379
374
356
331
276
227
173
135
159
148
150
127
65
25
3
-6
-26
-26
-93
-94
-93
-76
-108
-118
-137
-174
-199
-207
-205
-188
-165
-156
-153
-128
-46
116
274
372
401
360
318
280
227
166
127
147
131
122
84
46
21
-11
-18
-31
-71
-79
-119
-101
-108
-123
-139
-169
-178
-193
-211
-226
-218
-193
-175
-175
-169
-95
-23
157
325
362
340
306
273
229
163
143
103
105
116
81
27
-7
-15
-9
-42
-63
-103
-121
-118
-104
-127
-141
-150
-173
-201
-221
-221
-222
-205
-177
-171
-162
-111
-34
131
372
391
367
340
308
273
189
153
148
149
135
134
82
29
11
-5
-14
-21
-55
-93
-83
-76
-77
-106
-134
-156
-183
-188
-218
-189
-181
-146
-139
-147
-98
-31
145
319
404
394
347
327
277
209
162
137
147
127
155
95
53
3
15
-1
-27
-27
-93
-98
-93
-98
-111
-130
-159
-189
-201
-237
-221
-214
-177
-161
-162
-119
-29
131
291
371
373
340
299
275
200
145
159
126
143
106
77
13
-6
-19
-26
-21
-82
-117
-134
-113
-135
-139
-159
-199
-206
-233
-252
-237
-218
-198
-173
-188
-159
-45
111
267
363
359
333
297
255
211
143
128
115
133
116
73
22
3
-6
-12
-25
-76
-109
-108
-103
-111
-110
-138
-157
-188
-217
-222
-220
-201
-190
-163
-151
-145
-42
116
275
367
393
369
330
291
233
167
141
157
151
146
149
47
20
19
3
-21
-21
-76
-86
-77
-97
-107
-139
-161
-183
-207
-211
-211
-185
-173
-163
-154
-134
-69
3
139
367
404
371
323
283
234
185
127
145
157
147
106
49
20
-11
5
-28
-23
-93
-109
-107
-106
-133
-150
-182
-189
-210
-221
-235
-221
-204
-193
-185
-172
-76
-23
161
341
374
340
296
276
225
163
145
91
110
127
82
27
-5
-5
-18
-34
-71
-98
-121
-120
-129
-115
-154
-172
-198
-215
-239
-246
-236
-204
-195
-165
-169
-102
-12
150
353
383
351
318
286
241
170
147
148
149
143
125
65
22
10
-17
-27
-38
-78
-105
-76
-85
-113
-125
-154
-174
-197
-217
-218
-208
-187
-161
-140
-144
-110
-28
148
335
397
387
353
313
287
209
173
145
146
155
141
146
37
19
14
-12
-25
-29
-95
-78
-94
-109
-133
-145
-161
-191
-220
-217
-204
-172
-181
-143
-157
-121
-11
141
275
351
372
321
307
267
207
149
151
131
134
131
62
9
7
-13
-8
-29
-85
-82
-110
-93
-109
-123
-163
-182
-213
-221
-236
-237
-215
-204
-181
-194
-173
-77
-12
158
341
351
330
289
259
201
151
129
150
118
121
68
34
13
-9
-5
-34
-77
-97
-76
-95
-112
-140
-154
-178
-195
-213
-229
-233
-199
-174
-165
-166
-157
-61
-12
145
354
383
357
313
282
235
179
135
150
138
135
130
55
11
13
-6
-3
-26
-60
-77
-66
-81
-117
-118
-140
-173
-197
-201
-210
-206
-172
-151
-152
-97
-72
-21
155
359
389
359
339
308
244
194
139
142
139
158
135
50
15
-12
-6
-31
-34
-93
-106
-107
-107
-125
-147
-151
-189
-213
-218
-229
-225
-189
-172
-156
-171
-119
-30
133
303
363
362
315
292
245
180
147
128
116
126
105
37
-10
-13
-28
-29
-77
-117
-129
-110
-119
-141
-146
-174
-198
-217
-223
-258
-220
-205
-183
-165
-159
-141
-46
99
267
356
351
339
308
263
209
143
139
129
121
143
81
15
-6
-7
-13
-25
-78
-107
-113
-85
-107
-129
-138
-158
-181
-185
-210
-215
-183
-139
-143
-140
-126
-93
-33
137
318
379
372
353
319
278
217
166
147
143
164
155
122
29
3
-3
-5
-23
-39
-63
-73
-77
-93
-95
-140
-154
-174
-189
-200
-194
-173
-138
-141
-134
-138
-58
-6
151
343
383
341
327
291
244
179
142
148
151
137
126
41
-2
1
-9
-22
-33
-93
-102
-96
-93
-108
-129
-152
-174
-190
-203
-204
-201
-165
-140
-153
-141
-128
-39
116
275
361
366
329
291
275
215
154
137
139
148
131
69
0
-9
-21
-11
-19
-32
-93
-76
-77
-85
-112
-133
-154
-172
-189
-181
-181
-167
-127
-105
-114
-109
-61
-13
155
345
387
365
340
323
263
199
155
148
133
152
157
84
35
17
3
-1
-27
-30
-57
-47
-44
-65
-76
-108
-135
-156
-157
-162
-153
-140
-114
-82
-82
-93
-21
137
287
387
385
367
339
291
255
190
159
155
153
135
166
63
5
5
-7
-11
-22
-75
-66
-74
-85
-108
-142
-150
-157
-186
-173
-193
-174
-137
-115
-118
-118
-121
-33
116
243
341
334
309
287
265
211
151
139
103
111
105
69
10
-12
-17
-12
-28
-79
-108
-107
-125
-119
-124
-152
-157
-185
-186
-206
-201
-183
-159
-139
-124
-125
-94
-29
130
289
335
331
308
275
244
198
139
139
129
119
113
49
4
-9
-13
-13
-21
-42
-73
-62
-75
-101
-119
-149
-149
-156
-175
-169
-142
-130
-118
-109
-78
-73
-44
83
145
337
347
331
318
287
243
194
154
148
143
149
148
61
23
20
2
-12
-23
-28
-44
-58
-63
-73
-111
-126
-140
-141
-150
-153
-134
-124
-79
-81
-82
-76
-19
123
254
343
354
312
289
266
226
161
151
148
123
120
83
20
11
-17
-10
-15
-27
-55
-65
-76
-77
-113
-125
-140
-158
-181
-165
-171
-156
-129
-119
-117
-109
-86
-31
116
243
315
322
292
276
244
195
154
139
133
114
116
82
5
-22
-28
-37
-29
-50
-74
-85
-78
-99
-109
-138
-156
-149
-160
-156
-140
-137
-108
-85
-97
-93
-76
-29
127
259
323
327
306
262
254
217
171
151
134
137
107
78
23
-1
-23
-23
-15
-25
-43
-72
-67
-85
-109
-115
-130
-130
-150
-142
-125
-127
-98
-85
-75
-63
-28
-27
139
301
341
346
313
283
261
197
175
143
147
147
121
58
9
3
-10
-10
-28
-28
-56
-70
-105
-101
-129
-141
-163
-165
-165
-157
-158
-114
-108
-104
-97
-101
-50
-18
130
225
301
303
291
254
229
189
154
145
134
88
91
43
15
-11
-32
-29
-28
-75
-81
-109
-125
-136
-143
-162
-175
-172
-170
-157
-156
-145
-111
-113
-109
-83
-59
-34
131
199
278
297
273
250
222
191
149
145
107
106
83
52
9
-5
-12
-12
-43
-37
-61
-79
-93
-108
-134
-140
-140
-146
-143
-137
-138
-109
-106
-85
-77
-64
-54
-38
123
266
315
330
287
271
244
203
162
147
148
153
116
74
27
4
7
-1
-17
-26
-21
-74
-76
-93
-117
-125
-138
-126
-130
-129
-113
-107
-97
-65
-73
-59
-45
-25
122
166
294
299
288
247
244
197
157
138
114
111
94
56
19
-9
-26
-33
-44
-38
-82
-85
-107
-139
-151
-165
-171
-156
-141
-154
-137
-140
-111
-95
-109
-71
-51
-28
116
186
271
259
239
219
179
151
148
88
84
70
52
16
-11
-34
-33
-33
-57
-83
-107
-126
-129
-145
-140
-154
-156
-146
-151
-154
-154
-123
-95
-97
-83
-64
-30
63
163
243
283
271
258
216
182
147
148
98
83
85
61
24
-11
-21
-21
-13
-28
-60
-94
-93
-108
-135
-127
-140
-139
-135
-127
-117
-108
-99
-81
-71
-41
-38
-13
139
249
305
289
262
254
213
173
157
151
97
89
78
37
18
-2
-12
-13
-39
-27
-108
-108
-119
-140
-134
-168
-158
-146
-139
-130
-138
-123
-107
-95
-79
-51
-43
87
137
261
290
261
243
212
181
145
147
85
70
73
35
5
-15
-18
-22
-14
-77
-97
-109
-137
-154
-158
-175
-170
-150
-155
-161
-141
-126
-137
-114
-107
-77
-51
-23
131
131
249
264
239
218
185
153
131
85
81
59
51
18
-12
-16
-29
-47
-33
-82
-108
-119
-129
-135
-69
-148
-155
-156
-129
-122
-125
-115
-108
-71
-60
-41
-28
119
146
259
278
263
250
223
191
148
163
131
109
77
31
16
11
-12
1
-28
-29
-63
-81
-114
-129
-140
-141
-111
-121
-121
-123
-113
-105
-94
-93
-67
-35
-33
107
148
276
283
258
255
218
200
151
143
126
90
72
47
3
-17
-29
-23
-28
-58
-106
-125
-138
-140
-163
-179
-168
-169
-161
-140
-150
-123
-129
-102
-71
-60
-21
101
148
229
238
243
217
276
153
151
131
79
52
41
8
-14
-31
-34
-53
-70
-81
-120
-135
-155
-169
-178
-179
-173
-185
-162
-172
-149
-135
-125
-105
-76
-37
56
126
225
247
251
240
219
206
168
139
137
84
66
43
1
1
-18
-28
-34
-76
-83
-108
-124
-136
-141
-161
-157
-166
-153
-135
-141
-131
-121
-98
-74
-33
-17
129
158
270
279
261
244
219
198
170
148
148
121
70
58
14
-2
-13
-31
-28
-74
-101
-113
-133
-151
-163
-155
-172
-165
-157
-156
-140
-140
-120
-103
-44
-16
96
135
219
247
245
244
229
193
161
137
148
84
71
35
2
-9
-13
-25
-76
-85
-110
-140
-163
-174
-186
-204
-204
-196
-186
-181
-185
-174
-139
-98
-60
-23
84
131
197
230
245
239
221
203
149
147
147
82
66
20
11
-12
-24
-23
-58
-80
-125
-152
-165
-185
-194
-199
-201
-174
-187
-165
-153
-140
-121
-76
-29
-18
116
138
239
249
255
259
233
217
177
151
147
137
73
52
31
-2
-14
-21
-14
-76
-108
-140
-150
-162
-177
-157
-171
-155
-171
-145
-137
-108
-67
-27
-28
99
134
227
255
278
261
243
230
215
180
165
137
137
63
35
19
7
-30
-33
-82
-111
-133
-158
-173
-187
-204
-195
-197
-189
-182
-155
-119
-93
-40
-27
70
142
148
227
234
233
223
197
184
179
142
137
86
48
20
11
-22
-29
-93
-113
-143
-174
-187
-217
-205
-211
-220
-217
-204
-189
-153
-134
-93
-28
-13
83
134
146
215
227
223
207
197
165
154
142
143
89
51
33
-2
-28
-17
-93
-113
-142
-153
-170
-206
-205
-193
-189
-171
-171
-138
-113
-67
-31
29
99
138
151
223
245
240
235
214
197
173
161
135
145
65
47
8
-3
-28
