45
46
53
62
66
74
68
67
58
57
49
65
63
69
66
65
66
79
52
63
52
47
46
52
49
47
43
35
47
38
63
23
47
26
1
7
20
7
20
-9
9
-10
18
-12
-18
-14
-7
-12
-14
-18
-7
-12
-13
-19
-13
-17
-29
-37
-27
-33
-51
-37
-46
-49
-27
-29
-44
-63
-65
-56
-45
-69
-76
-63
-85
-81
-93
-82
-106
-108
-69
-93
-83
-93
-77
-61
-79
-96
-98
-77
-54
-66
-65
-74
-56
-61
-62
-61
-21
-42
-42
-44
-61
-35
-21
4
-55
-28
-26
-42
-31
-10
-12
-12
-16
-17
-38
-6
-18
-11
25
5
-7
-10
-9
31
47
49
49
32
14
-31
-23
-74
-37
-37
-18
46
64
52
52
21
-9
-19
-13
20
-2
14
58
119
267
271
235
219
167
171
163
-1
-14
-31
-5
43
49
48
54
43
45
31
-28
-23
-51
-29
-29
-54
-139
-175
-217
-218
-217
-225
-204
-66
114
251
321
309
229
148
146
7
-46
-166
-170
-133
-45
-31
20
13
18
31
3
1
-44
-65
-93
-97
-128
-121
-162
-202
-238
-247
-316
-344
-303
-269
-217
-206
-173
-169
-39
145
227
271
231
131
135
29
-32
-27
-144
-75
-28
-29
33
33
3
50
13
22
5
-10
-7
-23
-6
-45
-106
-156
-166
-215
-231
-217
-207
-171
-134
-99
-104
-125
-93
-38
125
337
366
328
281
218
191
138
25
-1
20
58
100
105
99
84
99
115
123
86
54
57
43
21
-25
-38
-40
-145
-157
-202
-141
-207
-163
-137
-133
-94
-150
-97
-76
113
293
353
339
303
215
182
117
41
-9
-25
-19
32
36
52
32
43
65
71
33
6
-33
-28
-44
-98
-138
-185
-225
-261
-277
-300
-302
-270
-225
-185
-182
-209
-235
-172
-70
121
275
305
271
203
170
142
-2
-33
-137
-107
-59
-72
-22
-31
-37
-38
31
-11
-7
-49
-38
-57
-108
-140
-172
-236
-265
-266
-297
-301
-291
-240
-172
-151
-145
-170
-145
-59
111
276
357
388
329
282
263
174
126
3
-12
41
89
113
100
87
71
117
106
94
74
42
35
3
-37
-26
-123
-166
-191
-227
-252
-225
-209
-128
-82
-61
-67
-81
-70
-71
138
379
458
419
376
319
273
178
133
27
17
50
107
97
116
75
90
113
109
52
36
37
32
20
-12
-29
-140
-171
-195
-247
-268
-277
-238
-191
-166
-137
-149
-153
-145
-25
141
311
372
335
287
235
158
142
-21
-53
-76
-41
-39
3
-9
-17
2
2
-10
-10
-50
-59
-98
-97
-131
-185
-221
-275
-327
-354
-359
-338
-310
-267
-217
-192
-184
-190
-118
-29
131
315
351
323
267
200
114
118
-14
-44
-41
47
75
74
52
48
82
75
55
25
8
1
11
5
-29
-33
-149
-171
-221
-249
-277
-245
-178
-137
-108
-80
-81
-70
-34
135
381
455
451
386
321
279
203
134
34
38
89
111
135
135
153
153
129
147
123
51
46
52
52
16
-12
-31
-145
-201
-245
-268
-310
-273
-217
-157
-125
-126
-134
-82
-44
149
391
419
379
308
237
186
141
0
-54
-40
18
77
97
67
29
29
36
-10
-13
-43
-41
-76
-65
-76
-141
-187
-251
-300
-333
-389
-370
-338
-283
-238
-236
-226
-231
-171
-44
135
290
359
307
259
183
123
52
-35
-93
-47
-29
64
51
39
45
41
65
20
-21
-31
-9
-29
-37
-14
-93
-156
-183
-229
-301
-317
-321
-283
-221
-167
-121
-119
-134
-76
-21
171
419
456
399
355
279
238
131
20
-2
47
97
137
122
151
135
137
145
139
37
-5
33
21
34
17
-9
-21
-47
-171
-207
-251
-297
-275
-207
-139
-93
-75
-104
-108
-46
131
353
468
419
347
275
230
130
20
-32
-16
37
115
116
134
103
99
103
55
-12
-9
-50
-50
-44
-33
-18
-86
-161
-204
-267
-319
-381
-378
-346
-285
-223
-172
-132
-169
-162
-31
131
296
363
335
235
164
121
7
-42
-151
-122
-43
-43
62
43
25
1
9
-31
-28
-126
-135
-139
-111
-108
-99
-102
-143
-198
-252
-342
-378
-397
-367
-297
-223
-154
-145
-172
-137
-33
119
299
383
366
291
207
190
129
-14
-37
-28
-39
101
134
138
138
129
119
84
67
6
-12
-12
7
6
20
27
19
-5
-50
-183
-236
-271
-247
-204
-139
-75
-29
-44
-64
-72
103
291
406
419
379
309
266
190
119
-33
-4
14
75
119
142
96
59
84
59
25
5
-29
-27
-41
-53
-64
-58
-63
-76
-97
-162
-252
-298
-332
-318
-262
-222
-146
-133
-129
-172
-141
-12
123
299
313
269
214
150
148
-12
-34
-133
-118
-41
-13
17
7
19
22
-22
-44
-21
-140
-140
-136
-135
-135
-153
-129
-119
-134
-188
-261
-316
-331
-319
-300
-225
-173
-133
-97
-172
-159
-29
133
287
339
308
245
211
177
139
-19
-41
-33
23
83
83
81
73
91
52
34
-33
-14
-42
-44
-12
-7
-11
-11
-6
-12
-29
-139
-175
-215
-221
-188
-116
-69
-16
-17
-12
-41
73
148
373
419
386
329
258
212
132
42
-12
21
78
116
116
125
116
88
116
39
29
-14
-29
-44
-62
-71
-61
-39
-42
-29
-70
-162
-229
-265
-283
-254
-221
-133
-78
-69
-99
-108
-41
126
266
308
273
221
163
151
3
-39
-97
-76
-44
-5
51
22
6
-21
-41
-33
-103
-144
-157
-145
-130
-118
-137
-125
-109
-125
-193
-214
-277
-327
-331
-306
-264
-190
-134
-98
-119
-108
-43
104
244
317
295
224
163
155
91
-22
-39
-63
-31
61
100
73
47
39
47
17
-27
-37
-1
-51
-44
-41
-44
-31
-13
-5
-28
-113
-183
-225
-230
-221
-142
-74
-31
-45
-25
7
111
263
366
403
327
282
251
207
158
33
9
35
86
138
138
148
144
89
89
53
1
-12
-41
-37
-33
-28
-42
-22
-33
-37
-31
-144
-204
-238
-265
-238
-183
-129
-58
-46
-51
-29
-2
136
297
311
291
197
148
139
10
-29
-97
-51
-39
52
54
33
20
-7
-23
-29
-121
-157
-141
-140
-121
-107
-107
-93
-81
-105
-176
-262
-304
-332
-342
-321
-251
-185
-154
-119
-124
-70
-9
134
278
263
212
141
146
37
-1
-31
-93
-42
-29
97
87
53
37
19
-12
-34
-29
-106
-105
-93
-61
-50
-35
-59
-37
-29
-112
-173
-225
-268
-265
-205
-140
-77
-49
-27
-18
103
147
339
404
355
290
237
181
131
23
-2
42
107
126
185
170
151
126
102
52
-12
-65
-35
-44
-5
18
39
20
39
-12
-38
-85
-198
-249
-293
-269
-199
-126
-53
-44
-28
-34
115
275
343
346
290
228
159
111
3
-71
-42
-14
75
105
111
70
52
7
-11
-37
-119
-137
-145
-125
-85
-107
-57
-73
-79
-129
-172
-246
-307
-346
-354
-299
-242
-172
-126
-143
-119
-29
99
119
273
244
177
139
131
-5
-55
-93
-81
-19
75
79
83
11
7
-14
-35
-27
-150
-140
-130
-93
-74
-46
-22
-54
-37
-93
-156
-223
-293
-311
-284
-249
-153
-106
-52
-45
-29
114
246
353
373
339
281
198
142
113
25
20
50
137
134
197
171
151
146
131
43
20
-33
-46
-21
-13
25
14
33
47
-12
3
-99
-179
-231
-230
-220
-143
-79
-51
-39
-40
-9
95
291
357
362
299
221
179
145
13
-39
-27
59
91
149
135
147
87
33
13
-19
-29
-126
-125
-108
-76
-44
-41
-45
-58
-118
-156
-219
-289
-316
-332
-275
-223
-178
-149
-133
-109
-47
87
135
269
245
209
137
119
9
-28
-97
-93
-41
22
82
55
25
21
-11
-31
-97
-140
-151
-140
-143
-119
-75
-66
-62
-93
-117
-169
-238
-305
-303
-316
-247
-205
-153
-106
-96
-38
-39
135
303
321
323
261
221
141
135
20
3
43
113
130
183
179
126
121
117
52
-12
-14
-33
-51
-33
2
27
11
31
14
-17
-57
-150
-198
-233
-210
-154
-111
-53
-51
-59
-29
85
125
318
372
363
308
244
185
113
37
19
21
67
126
123
135
136
82
65
33
-13
-25
-99
-78
-42
-44
-54
-44
-28
-42
-107
-169
-231
-296
-318
-314
-282
-216
-176
-160
-119
-81
-43
79
132
259
267
210
167
142
24
-19
-39
-44
-41
59
54
45
21
5
-31
-21
-105
-165
-158
-170
-145
-113
-45
-97
-84
-85
-119
-179
-239
-283
-311
-332
-285
-205
-186
-123
-113
-98
-43
-38
126
278
308
283
233
191
149
123
7
3
47
110
129
133
139
131
101
70
20
-21
-40
-25
-44
-28
-25
9
34
19
-9
-13
-40
-166
-203
-185
-204
-163
-103
-61
-28
-75
-28
123
139
335
371
379
337
276
206
140
117
28
73
114
119
126
145
142
119
79
31
3
-35
-47
-85
-77
-44
-29
-45
-29
-61
-76
-140
-185
-256
-322
-279
-225
-193
-163
-135
-117
-75
-46
126
258
279
273
209
166
130
14
-29
-49
-31
-27
74
85
57
27
23
-6
-25
-129
-149
-175
-159
-157
-154
-94
-125
-106
-137
-153
-202
-257
-286
-322
-301
-277
-247
-197
-161
-130
-96
-44
126
265
347
283
226
185
151
53
-12
-12
9
91
110
145
155
116
83
75
20
-14
-44
-39
-57
-53
-28
-29
-25
-14
-17
-50
-29
-137
-193
-221
-236
-171
-125
-75
-44
-33
52
121
314
383
405
378
313
233
159
135
36
52
85
119
115
199
180
155
146
126
41
-31
10
-59
-29
-14
-22
-44
-23
-69
-41
-18
-133
-185
-213
-245
-245
-214
-198
-106
-108
-54
-39
107
146
308
292
273
218
162
118
-7
-12
-57
-44
52
82
97
68
41
26
-21
-36
-126
-131
-163
-146
-143
-126
-125
-121
-139
-133
-161
-215
-269
-317
-345
-350
-288
-219
-187
-150
-116
-62
93
131
275
281
226
183
153
102
-12
-44
-46
-44
56
102
111
99
82
39
20
-17
-44
-83
-53
-73
-61
-62
-42
-44
-17
-33
-34
-107
-158
-195
-223
-210
-170
-125
-71
-49
-53
71
141
298
389
397
340
297
225
154
148
55
43
113
113
98
175
187
139
137
139
55
3
-13
-17
-26
-42
-13
-7
5
27
-27
-76
-11
-165
-197
-224
-219
-199
-165
-126
-73
-33
-34
123
168
331
343
297
242
179
144
23
-7
-26
3
59
115
99
84
51
24
-17
-47
-58
-125
-137
-121
-142
-125
-98
-106
-102
-117
-159
-191
-253
-296
-305
-305
-300
-261
-190
-175
-134
-77
-28
167
176
262
248
182
130
123
-5
-43
-53
-61
-44
85
91
91
84
23
-1
-38
-29
-97
-105
-101
-80
-62
-61
-51
-44
-37
-48
-104
-169
-198
-215
-226
-186
-163
-110
-76
-41
-47
99
129
321
407
354
290
259
227
126
110
50
68
116
131
179
195
116
148
151
118
17
-11
-2
-7
-9
25
12
17
13
23
26
-26
-28
-134
-204
-209
-206
-169
-126
-78
-78
-23
-17
126
245
317
339
291
231
167
133
57
17
3
19
81
123
123
91
83
38
-12
-31
-33
-107
-107
-113
-108
-65
-74
-107
-66
-101
-123
-177
-236
-286
-301
-301
-295
-237
-197
-141
-140
-75
-59
111
121
244
245
182
155
126
-9
-21
-32
-45
-44
71
84
81
37
53
-14
-47
-27
-117
-135
-108
-94
-73
2
-38
-29
-47
-86
-116
-157
-203
-235
-237
-223
-213
-147
-83
-64
-42
3
115
263
338
347
309
263
207
130
142
50
42
95
122
118
181
155
155
131
131
42
14
-12
-10
-17
-18
20
10
20
23
0
-1
-28
-134
-170
-141
-187
-162
-123
-65
-55
42
-11
84
123
278
331
323
282
213
148
164
31
9
34
63
107
116
149
106
63
40
14
-28
-43
-108
-108
-76
-70
-63
-59
-56
-70
-109
-160
-191
-234
-264
-285
-267
-245
-190
-149
-126
-108
-45
-19
133
227
254
210
149
148
47
9
-34
-95
-37
-33
14
55
52
39
-1
-12
-49
-47
-111
-111
-125
-108
-99
-66
-55
-65
-85
-109
-142
-186
-231
-263
-233
-223
-195
-158
-111
-74
-62
-12
158
271
325
297
270
225
167
133
42
37
38
95
126
147
167
117
152
100
67
43
-3
-11
-11
-9
9
20
27
41
67
36
14
-53
-137
-156
-172
-172
-149
-113
-72
-31
-43
38
148
217
322
371
329
278
217
154
121
21
7
18
91
121
145
119
116
86
38
18
-27
-29
-42
-59
-53
-59
-55
-52
-46
-41
-83
-137
-171
-223
-275
-267
-242
-263
-175
-157
-107
-107
2
-12
144
230
244
225
163
143
27
-13
-12
-57
-53
-18
17
38
51
5
33
-72
-26
-117
-128
-140
-140
-126
-95
-81
-82
-73
-77
-119
-149
-198
-234
-261
-259
-252
-207
-149
-93
-105
-41
-37
118
129
308
307
281
211
163
129
35
18
19
70
122
118
142
143
134
95
55
41
-11
-10
-17
-28
-14
26
34
39
22
14
-26
-42
-96
-161
-172
-135
-189
-121
-38
-45
-50
-29
107
114
276
341
355
310
247
185
129
118
22
20
65
114
126
135
142
84
70
27
9
-27
-31
-80
-55
-49
-41
-46
-42
-27
-72
-102
-147
-204
-257
-252
-251
-236
-197
-150
-122
-93
-65
-37
99
134
261
244
199
146
129
20
-43
-55
-47
-42
36
47
57
35
-9
-41
-46
-37
-139
-135
-143
-134
-113
-108
-85
-94
-95
-130
-142
-206
-240
-252
-269
-279
-220
-189
-161
-107
-81
51
-93
101
245
326
271
232
177
197
115
94
-25
5
63
121
160
148
157
85
66
55
-17
-28
-41
-29
-41
14
6
37
39
22
14
-11
-33
-139
-169
-173
-172
-117
-70
-41
-43
6
66
123
122
335
361
347
302
258
196
126
130
52
65
112
121
148
131
141
145
51
23
-7
-23
-28
-43
-42
-49
-33
-24
-28
-27
-38
-85
-171
-215
-236
-246
-227
-203
-156
-115
-83
-69
-44
-21
111
243
250
242
199
138
117
33
-21
-41
-38
2
52
54
35
21
13
-14
-49
-125
-129
-140
-143
-129
-111
-83
-123
-76
-87
-114
-162
-206
-261
-269
-284
-257
-231
-169
-125
-110
-97
-44
3
111
223
271
266
227
170
125
71
-5
-2
14
69
112
115
119
84
73
73
27
1
-23
-37
-53
-28
-19
58
14
14
-6
-19
-35
-106
-153
-172
-183
-161
-109
-66
-9
-48
3
54
130
243
321
370
355
309
238
163
132
135
53
68
114
119
171
147
131
126
83
25
21
-14
-28
20
-43
-37
-10
-19
4
-6
-53
-45
-157
-199
-210
-225
-223
-170
-143
-102
-73
-75
-49
-12
141
242
271
257
187
131
135
18
-38
-28
11
9
52
63
47
34
-14
14
-44
-84
-130
-135
-123
-124
-111
-82
-103
-110
-129
-141
-183
-215
-267
-257
-293
-251
-236
-178
-140
-97
-63
-61
25
142
123
269
245
217
167
126
63
13
-1
9
46
134
165
87
97
59
38
14
-14
-44
-14
-49
-38
-17
7
3
19
10
-14
-33
-93
-150
-166
-163
-156
-166
-53
-53
-43
19
49
110
137
275
342
419
323
247
198
133
139
51
71
123
133
147
148
158
131
118
53
19
9
-34
-28
5
-18
-2
3
-54
-29
-44
-43
-137
-182
-194
-193
-189
-171
-121
-76
-61
-44
-21
38
119
159
252
282
231
185
148
55
-14
-27
-26
-9
53
65
61
40
11
50
5
-16
-108
-125
-137
-133
-134
-99
-107
-106
-123
-145
-162
-214
-226
-273
-289
-284
-235
-202
-156
-121
-123
-76
-17
84
148
244
261
258
183
145
119
-2
-53
-13
38
133
83
81
67
52
20
-5
-29
-25
-45
-35
-38
-37
-41
-21
-13
-13
-39
-29
-94
-143
-157
-186
-160
-128
-85
-28
-37
-24
20
91
138
307
363
370
315
262
209
154
150
55
55
114
126
174
180
123
137
111
59
33
-11
-12
-13
14
6
20
19
4
-22
-24
-44
-106
-153
-169
-198
-189
-161
-108
-65
-42
-43
-28
18
103
138
281
299
244
203
148
143
27
-10
-29
-14
43
77
99
52
5
6
-21
-41
-108
-117
-126
-121
-108
-93
-96
-114
-109
-113
-155
-190
-250
-267
-283
-279
-234
-207
-174
-142
-111
-86
-29
-17
151
180
231
230
167
150
146
-27
-23
-28
-41
25
78
70
62
35
21
-1
-13
-33
-21
-85
-73
-49
-29
-33
-26
-7
-23
-23
-85
-141
-159
-173
-169
-145
-106
-59
-35
-41
9
67
131
244
314
351
340
265
211
167
129
66
67
91
117
138
163
145
143
121
83
46
21
-7
-12
-12
21
35
29
3
-13
6
-49
-39
-124
-161
-197
-197
-171
-134
-76
-51
-27
-44
3
79
117
270
307
279
213
159
168
49
-12
-34
-7
47
79
84
81
26
4
-22
-29
-33
-109
-105
-133
-106
-105
-82
-99
-108
-137
-155
-172
-221
-254
-265
-282
-221
-223
-165
-129
-112
-98
-76
10
93
158
226
215
178
135
119
14
-29
-44
-21
-42
42
53
58
29
31
-14
-27
-61
-93
-93
-73
-41
-12
-45
-57
-46
-45
-79
-117
-157
-189
-187
-187
-158
-126
-79
-47
-28
-7
52
107
139
296
340
314
271
243
163
135
83
21
89
115
129
161
165
145
155
151
61
25
-18
2
-11
26
27
38
39
36
9
-43
-29
-93
-156
-169
-175
-167
-129
-104
-79
-34
-47
-21
52
116
244
277
267
228
174
133
111
11
0
-1
51
78
78
94
63
26
3
-27
-31
-107
-97
-98
-107
-75
-83
-70
-75
-101
-129
-173
-209
-245
-268
-271
-246
-209
-170
-159
-125
-137
-76
-7
83
123
198
213
166
135
55
-12
-50
-26
-44
-47
50
59
26
35
23
-27
3
-41
-102
-99
-78
-76
-62
-41
-38
-66
-38
-97
-119
-175
-174
-204
-215
-178
-141
-87
-44
-41
-21
43
121
217
299
331
299
249
186
159
145
52
37
84
126
143
181
161
131
145
68
47
14
-14
-12
5
3
27
13
20
-1
3
-11
-12
-121
-142
-142
-163
-136
-76
-41
-12
1
-28
47
110
128
294
295
243
238
178
131
59
20
13
40
78
115
99
87
75
31
5
-42
-42
-78
-69
-71
-53
-44
-51
-62
-93
-107
-159
-181
-210
-256
-277
-271
-225
-210
-167
-134
-108
-102
-33
66
119
123
203
195
134
116
3
-28
-76
-49
-2
-25
55
51
20
-3
-7
-13
-33
-129
-111
-97
-108
-69
-44
-50
-57
-65
-101
-106
-166
-195
-210
-210
-211
-172
-129
-75
-47
-25
-41
69
139
279
292
297
243
211
175
145
31
18
55
102
151
135
145
133
165
100
52
14
-5
-10
-17
10
31
37
22
23
14
-22
-19
-76
-121
-159
-143
-138
-93
-63
-45
-37
14
26
115
113
275
297
303
258
197
117
148
11
7
42
70
103
123
102
72
58
19
9
-33
-37
-75
-58
-62
-62
-53
-67
-76
-98
-125
-165
-206
-242
-252
-236
-236
-181
-155
-123
-73
-74
-27
-27
98
134
217
180
125
131
3
-19
-14
-85
-29
-35
29
46
22
-5
-14
-12
-43
-108
-125
-119
-105
-94
-93
-76
-79
-61
-83
-140
-163
-187
-204
-217
-219
-184
-137
-117
-61
-55
-35
49
107
218
283
275
249
207
144
153
41
19
31
91
116
126
135
131
135
79
33
3
7
-12
13
10
33
43
34
21
14
-19
-37
-54
-126
-149
-141
-147
-94
-38
-53
3
9
52
116
134
297
321
298
283
207
149
143
29
5
47
84
106
126
116
93
85
52
-5
-37
-33
-24
-61
-49
-53
-39
-54
-39
-65
-121
-151
-183
-225
-246
-236
-201
-169
-146
-101
-108
-65
-33
47
131
207
212
182
155
135
33
-10
-39
-70
-31
-33
10
22
23
-19
-11
-28
11
-121
-140
-125
-119
-93
-108
-93
-95
-97
-133
-157
-169
-204
-237
-238
-217
-209
-145
-108
-82
-70
-50
-33
111
139
257
271
238
183
142
130
36
13
26
49
101
116
146
91
84
84
51
14
-6
-26
-16
-21
3
22
23
22
14
19
-22
-17
-114
-171
-149
-133
-106
-61
-34
-37
3
51
99
128
299
327
303
249
212
148
148
27
49
75
101
152
139
101
99
84
55
18
-29
-23
-46
-33
-41
-34
-44
-16
-43
-28
-102
-133
-150
-199
-204
-217
-215
-174
-125
-106
-82
-33
-42
67
131
219
225
194
162
150
46
-12
-27
-38
-21
-29
51
52
29
2
9
-26
-29
-134
-165
-138
-126
-113
-117
-109
-106
-107
-121
-153
-185
-204
-248
-240
-239
-203
-185
-118
-111
-67
-59
-59
121
155
250
235
212
162
139
65
8
-23
20
35
96
111
111
86
69
84
35
5
-22
-10
-28
-13
-28
1
13
14
7
-10
-29
-27
-108
-139
-131
-150
-95
-77
-28
-29
20
84
131
139
297
323
301
266
206
148
149
45
51
59
99
116
138
126
129
70
47
20
-2
7
-6
-35
-9
-33
-11
-35
-29
-49
-87
-118
-131
-157
-192
-207
-199
-172
-119
-113
-79
-59
-9
117
138
254
229
159
129
125
50
-5
-18
-65
-42
67
65
57
25
13
-22
-42
-85
-116
-145
-108
-140
-111
-108
-76
-110
-108
-137
-169
-204
-222
-220
-223
-246
-206
-166
-145
-119
-95
-61
-25
107
116
223
228
198
149
114
20
-11
-33
-31
29
73
62
85
67
46
26
5
-28
-27
-49
-21
-45
-29
8
8
4
11
-31
-17
-53
-126
-122
-141
-157
-93
-76
-26
-35
39
71
119
218
308
340
313
263
225
151
113
110
29
79
99
143
148
119
122
79
73
42
0
-28
-29
-43
-42
-29
-20
-38
3
-43
-26
-43
-113
-149
-166
-156
-162
-140
-76
-57
-55
-27
-25
99
130
219
257
229
208
148
128
7
-11
-33
-43
17
52
47
43
9
-9
-10
-54
-79
-126
-141
-109
-135
-97
-115
-102
-123
-137
-156
-169
-191
-254
-265
-257
-240
-201
-158
-117
-107
-59
-29
63
123
201
218
193
139
117
37
-10
-29
-28
-21
52
86
81
72
24
27
-1
-21
-9
-45
-39
-43
-39
-29
-7
-12
-12
-29
-47
-61
-93
-143
-151
-147
-110
-77
-45
-23
-1
41
116
131
283
310
313
275
235
150
149
143
52
50
78
115
151
107
123
166
125
79
29
-2
2
-10
3
21
7
10
-44
-28
-44
-5
-93
-139
-156
-155
-164
-141
-96
-70
-28
-40
-38
95
129
209
262
243
202
139
148
43
-26
-26
-33
23
55
57
52
29
14
-17
-38
-12
-101
-116
-105
-93
-76
-98
-103
-108
-108
-140
-156
-191
-233
-262
-246
-221
-213
-183
-167
-129
-106
-75
-45
87
145
227
218
155
147
63
3
-44
-50
-2
14
53
69
66
49
29
14
13
-39
-41
-56
-38
-69
-66
-39
-55
-43
-42
-54
-76
-118
-170
-166
-140
-159
-109
-65
-33
-37
-11
43
112
135
298
336
307
275
228
163
131
86
42
58
117
113
118
116
131
143
85
57
33
3
-28
-7
-12
31
19
8
21
-14
-27
-43
-82
-109
-152
-165
-159
-118
-93
-69
-42
-43
-35
100
146
249
276
259
227
162
89
34
1
-29
-22
32
55
75
58
23
3
-1
-12
-44
-79
-95
-76
-93
-85
-77
-46
-79
-105
-140
-187
-204
-237
-253
-249
-236
-206
-185
-162
-121
-108
-85
-44
99
116
201
166
147
119
31
-12
-25
-33
-48
-50
41
54
52
22
4
-25
-61
-42
-23
-76
-70
-55
-42
-44
-49
-70
-50
-97
-81
-149
-182
-175
-170
-147
-117
-117
-53
-34
-33
46
91
122
288
312
311
250
195
152
136
48
52
66
117
144
143
163
141
133
117
78
20
-3
9
5
20
37
11
13
-1
-5
-24
-44
-76
-110
-136
-140
-115
-113
-98
-29
-65
-61
-29
99
169
244
283
275
221
179
138
41
-7
-13
-3
57
91
75
91
43
42
-8
-18
-33
-45
-93
-108
-55
-81
-101
-86
-97
-119
-130
-168
-198
-233
-249
-252
-252
-191
-161
-140
-123
-50
-55
-62
123
155
202
185
147
149
11
-13
-19
-69
-42
-12
37
52
36
31
10
-13
-53
-58
-94
-85
-76
-58
-55
-71
-67
-21
-74
-111
-125
-187
-190
-201
-199
-177
-142
-76
-78
-28
-38
59
115
219
297
308
277
231
185
137
118
39
40
73
104
130
141
139
155
126
83
41
36
11
7
31
21
11
27
17
-1
-17
-5
-61
-102
-138
-154
-125
-126
-93
-51
-41
-51
-28
84
115
209
303
298
263
211
163
163
48
10
16
35
107
121
114
85
63
23
-1
-16
-28
-43
-78
-76
-76
-76
-69
-54
-82
-105
-139
-178
-219
-251
-264
-251
-243
-177
-155
-134
-113
-82
-62
84
115
212
212
151
137
113
14
-25
-40
-76
-29
-65
29
38
31
-21
-11
-49
-44
-105
-117
-97
-69
-93
-103
-75
-82
-93
-81
-125
-171
-179
-268
-213
-205
-170
-77
-108
-57
-31
-28
52
131
244
289
297
249
209
183
150
35
14
46
82
122
143
133
130
134
111
78
67
37
14
11
5
54
21
39
33
7
-31
-28
-42
-101
-153
-143
-140
-121
-69
-28
-37
-14
25
105
101
276
319
309
249
201
147
130
29
6
29
55
96
143
123
100
79
50
21
-7
-18
-44
-47
-72
-57
-63
-53
-65
-75
-111
-150
-174
-219
-213
-250
-234
-214
-222
-150
-119
-97
-64
-44
99
123
212
195
158
137
80
35
-53
0
-71
-76
-24
20
39
14
-6
-1
-22
-47
-105
-113
-102
-110
-103
-76
-82
-78
-93
-107
-158
-177
-229
-222
-234
-219
-169
-151
-97
-49
-34
-29
63
137
243
308
277
258
194
134
137
18
7
34
103
135
148
146
148
141
77
50
20
8
7
1
20
21
54
13
18
35
11
-55
-29
-128
-151
-150
-135
-115
-44
-49
-12
20
51
119
259
308
356
315
263
202
147
139
36
7
52
97
111
111
131
99
75
43
10
-10
-25
-61
-37
-21
-41
-45
-49
-28
-74
-108
-140
-189
-217
-261
-258
-231
-200
-156
-113
-93
-93
-29
-41
126
137
242
209
159
148
50
-13
-41
-29
-46
-43
38
51
35
5
-34
-29
-44
-33
-106
-111
-123
-95
-101
-108
-78
-86
-131
-142
-183
-215
-233
-256
-252
-221
-176
-140
-81
-65
-59
-24
66
147
254
276
273
214
175
143
41
3
8
37
88
114
171
118
107
87
79
39
35
21
-11
-12
25
33
54
25
35
5
-11
-41
-126
-157
-158
-150
-121
-76
-57
-41
3
19
75
109
214
331
349
327
311
215
148
145
49
40
75
106
121
119
171
109
87
43
47
-11
17
-17
-23
-17
-5
-12
-12
-14
-34
-121
-152
-203
-229
-242
-236
-204
-173
-137
-126
-114
-46
-28
40
125
243
265
196
164
113
42
-3
-57
-45
-38
-29
49
39
53
-5
-12
-29
-25
-99
-108
-111
-103
-78
-76
-94
-81
-93
-123
-140
-186
-236
-267
-265
-257
-223
-177
-146
-97
-105
-57
-44
98
131
281
276
271
227
148
143
37
-10
2
36
82
87
116
107
90
71
53
17
-7
-12
-19
-9
25
41
31
23
-8
-10
-37
-137
-137
-157
-146
-140
-103
-78
-37
-29
-28
64
116
162
339
371
347
289
244
174
151
133
49
70
107
141
150
153
135
130
67
29
17
-29
-44
-25
-21
-39
-9
-1
-13
-65
-39
-81
-141
-188
-223
-223
-202
-171
-106
-76
-105
-85
-35
53
133
249
281
247
197
164
134
5
-43
-39
-43
10
62
58
36
33
3
-29
-39
-54
-107
-107
-140
-106
-98
-82
-106
-122
-140
-148
-217
-270
-268
-284
-265
-252
-203
-163
-142
-111
-73
-45
37
129
257
265
275
190
145
132
17
-31
-27
19
62
101
121
111
83
50
41
14
-7
-18
-12
-28
14
20
6
-12
-13
-45
-59
-123
-146
-177
-160
-139
-123
-83
-31
-44
-16
31
102
143
326
403
387
339
276
212
126
99
52
41
93
133
131
126
145
99
130
47
6
-7
-33
-41
-13
-41
-2
-43
-11
-7
-14
-108
-150
-181
-229
-217
-198
-177
-137
-118
-67
-37
-28
-33
117
253
299
283
229
143
131
25
-21
-22
-45
-43
32
84
61
35
-5
-28
-37
-27
-106
-99
-119
-109
-103
-113
-125
-112
-137
-171
-202
-261
-269
-294
-285
-287
-239
-172
-145
-130
-97
-61
-16
119
249
244
251
170
148
119
-12
-14
-53
-12
41
84
101
82
65
41
3
-41
1
-9
-23
-2
-31
-38
-48
-3
-22
-28
-27
-85
-138
-173
-186
-187
-149
-103
-63
-44
-29
31
100
139
318
372
372
323
276
210
132
129
47
45
95
137
134
171
179
116
115
81
46
11
11
-1
0
-1
24
-2
-6
-12
-37
-61
-114
-204
-204
-209
-190
-169
-115
-82
-39
-54
-28
77
131
257
309
305
251
180
161
54
-12
-37
-27
16
71
65
79
52
23
-5
3
-44
-44
-101
-97
-108
-65
-75
-59
-58
-109
-119
-170
-219
-274
-282
-284
-274
-251
-201
-154
-130
-97
-33
-53
123
249
286
246
191
109
112
6
-39
-54
19
38
79
91
83
71
66
52
3
-19
-22
-46
-50
-44
-44
-9
-5
-11
-29
-26
-66
-137
-188
-197
-177
-163
-113
-59
-28
-44
6
63
121
283
355
389
359
288
244
169
142
61
43
81
114
131
198
167
122
143
111
74
27
29
13
33
29
47
62
37
16
7
-26
-44
-158
-166
-185
-163
-159
-141
-82
-48
-64
-37
69
121
259
311
323
296
225
139
129
20
-21
-14
43
53
84
99
65
51
26
-11
-16
-44
-109
-82
-93
-93
-56
-65
-46
-77
-95
-136
-174
-225
-250
-277
-268
-237
-199
-178
-137
-108
-86
-28
95
147
225
238
182
159
130
31
-49
-43
-57
-49
-18
35
52
52
53
19
-6
-33
-16
-77
-93
-77
-41
-50
-44
-24
-28
-38
-28
-141
-149
-183
-193
-172
-151
-109
-77
-28
-42
6
75
143
327
379
385
293
265
195
147
67
39
51
111
135
193
175
159
137
141
150
73
20
32
25
20
51
63
53
55
29
8
-33
-43
-124
-125
-150
-126
-97
-61
-57
-76
-47
-25
107
130
303
345
315
271
206
117
52
-22
-12
-11
48
101
116
101
52
42
17
9
-25
-37
-34
-61
-43
-47
-33
-31
-34
-67
-85
-139
-181
-229
-249
-265
-242
-210
-165
-139
-108
-115
-93
-29
99
147
238
243
185
123
145
-32
-18
-54
-83
-40
-25
53
49
47
3
-9
-29
-40
-9
-102
-61
-75
-44
-51
-44
-37
-28
-24
-103
-140
-185
-184
-203
-189
-159
-130
-58
-44
-37
-26
67
137
271
347
351
287
228
186
148
62
-1
20
52
116
138
142
149
134
138
82
43
21
18
36
14
22
20
36
49
21
2
-37
-42
-139
-175
-190
-174
-114
-77
-42
-28
-61
-22
52
138
277
323
343
335
207
171
154
17
-21
-39
14
65
94
84
79
65
34
13
-1
-44
-106
-79
-74
-74
-59
-82
-73
-101
-118
-153
-219
-227
-250
-259
-247
-231
-193
-182
-129
-94
-77
-38
69
109
223
219
197
160
147
8
-14
-109
-81
-42
-59
55
56
47
14
3
-43
-43
-46
-97
-113
-107
-65
-37
-63
-74
-65
-106
-138
-155
-190
-229
-229
-233
-185
-150
-93
-73
-70
-43
74
141
265
327
297
254
210
141
123
14
-12
27
77
116
129
129
131
121
138
78
50
20
-7
-10
38
20
54
41
-6
18
-33
-101
-102
-117
-174
-160
-119
-108
-66
-29
-31
11
59
117
235
321
329
308
229
195
145
29
6
-14
10
70
95
134
126
79
53
53
4
3
-44
-44
-76
-43
-45
-44
-57
-63
-63
-141
-172
-229
-246
-283
-270
-236
-207
-156
-133
-106
-82
-12
66
142
203
233
197
147
153
-5
-20
-114
-115
-110
9
2
39
23
26
-18
-9
-7
-101
-121
-109
-114
-103
-103
-108
-80
-78
-103
-139
-151
-236
-221
-247
-236
-186
-154
-126
-59
-62
-44
31
119
266
298
276
243
219
143
148
20
1
19
81
117
126
135
115
150
106
74
40
19
-9
-1
-10
33
16
20
10
-6
-22
-37
-71
-110
-140
-153
-95
-129
-81
-53
-33
-28
62
105
126
305
351
327
275
222
130
143
39
-18
27
31
85
107
107
139
94
52
35
-12
-25
-83
-38
-53
-53
-66
-35
-65
-69
-97
-129
-165
-214
-235
-245
-236
-185
-165
-133
-81
-66
-37
72
118
211
231
207
149
148
43
-35
-108
-98
-114
-63
-10
31
29
25
-6
-26
-28
-82
-107
-139
-117
-133
-107
-93
-86
-108
-97
-162
-178
-190
-220
-226
-236
-204
-173
-112
-99
-73
-37
-21
103
171
245
289
212
170
145
51
-1
-43
-7
31
67
117
129
123
118
85
54
14
11
-18
-12
-5
14
-1
20
20
20
20
-4
-43
-118
-140
-156
-142
-113
-74
-69
-40
-22
54
107
126
290
323
329
340
247
169
131
27
36
5
33
94
123
153
102
77
55
33
10
3
-62
-44
-41
-18
-10
-37
-22
-23
-39
-114
-141
-178
-204
-207
-205
-179
-143
-93
-81
-106
-35
26
125
169
227
229
146
139
41
-7
-11
-108
-76
-39
-17
13
46
34
1
-47
-44
-110
-129
-137
-149
-156
-102
-136
-114
-129
-93
-125
-166
-204
-236
-245
-254
-223
-191
-165
-105
-77
-78
-1
50
171
235
267
235
193
147
151
20
-11
-25
-21
29
73
113
113
103
91
51
36
-7
-14
-23
-23
-7
0
8
-11
-13
-3
-25
-29
-77
-101
-119
-109
-102
-63
-41
-22
3
34
66
126
151
308
359
308
263
198
143
148
-10
14
35
82
117
139
143
129
123
71
25
-12
-14
-42
-26
-62
-44
-13
-27
-26
-38
-39
-108
-171
-169
-185
-169
-172
-140
-95
-65
-44
-35
-28
87
131
227
240
223
179
138
34
-22
-41
-83
-46
-39
21
45
29
11
-1
-44
-53
-93
-117
-121
-130
-109
-75
-102
-103
-108
-118
-167
-174
-222
-243
-243
-238
-204
-170
-125
-110
-81
-50
-43
74
139
194
244
211
167
152
103
-1
-25
-44
-35
52
67
95
83
82
59
35
-5
-2
-16
-22
-25
-33
5
20
7
7
-10
-27
-41
-115
-133
-140
-137
-114
-75
-34
-29
42
37
91
123
244
302
345
308
259
200
134
153
41
34
50
86
119
121
144
134
135
87
83
38
-9
-44
-29
-22
-28
-27
-40
-38
-82
-31
-108
-140
-166
-169
-189
-165
-115
-93
-53
-47
-37
27
86
126
212
227
211
169
161
44
-9
-41
-63
-85
-55
-12
34
20
18
14
-12
-33
-44
-109
-94
-117
-105
-94
-96
-126
-108
-139
-153
-174
-218
-246
-269
-265
-236
-190
-156
-117
-99
-76
-34
-62
85
131
197
201
180
157
113
9
-26
-25
-44
-33
29
52
66
65
26
25
14
-11
-29
-43
-47
-43
-37
-28
-29
-27
-35
-21
-25
-93
-133
-137
-126
-126
-82
-51
-26
-9
36
66
110
135
271
331
308
283
227
183
131
90
21
38
85
115
137
126
121
133
85
55
27
-9
-1
-13
-14
20
3
-17
-13
-45
-58
-43
-85
-140
-147
-165
-150
-123
-87
-69
-35
-42
-45
46
116
148
245
226
203
150
142
34
-14
-38
-45
-53
25
49
33
37
20
7
-12
-31
-108
-113
-126
-108
-82
-82
-104
-101
-133
-142
-174
-189
-217
-246
-251
-247
-237
-188
-151
-107
-83
-77
-57
-4
129
146
185
155
148
117
25
-25
-53
-69
-54
-44
52
63
53
38
36
21
-2
-37
-61
-47
-34
-37
-13
-29
-12
-26
-29
-44
-93
-129
-142
-155
-145
-137
-93
-37
-14
-22
29
84
138
211
281
308
265
244
179
129
133
42
65
91
103
143
131
122
147
125
84
52
52
2
3
17
20
20
5
20
-1
9
-31
-28
-123
-145
-171
-165
-150
-105
-77
-44
-44
-39
36
95
134
244
251
226
174
126
126
-12
-26
-25
10
22
43
63
51
18
-9
-12
-29
-46
-93
-109
-99
-121
-93
-76
-101
-83
-130
-140
-187
-207
-252
-270
-257
-222
-198
-167
-153
-121
-85
-21
-7
86
137
209
197
153
147
29
-41
-65
-93
-44
-45
39
65
47
63
40
1
-5
-17
-41
-55
-69
-57
-12
-44
-44
-21
-45
-37
-69
-76
-133
-156
-150
-141
-101
-41
-28
-28
2
46
114
126
243
291
302
276
199
167
129
59
41
47
63
148
130
130
133
162
107
81
42
11
1
9
13
47
55
49
37
7
-18
-28
-63
-98
-133
-130
-135
-109
-81
-29
-31
-26
-33
47
106
126
245
251
222
178
131
48
18
-49
-23
-7
27
47
55
53
29
35
-5
-29
-45
-71
-76
-97
-74
-76
-62
-71
-75
-106
-141
-174
-207
-243
-239
-236
-207
-173
-159
-119
-119
-95
-69
-40
91
116
130
187
147
139
28
-27
-61
-22
-53
-65
-12
52
33
34
7
-1
-14
-37
-10
-71
-67
-77
-57
-38
-33
-21
-43
-46
-93
-105
-140
-122
-125
-113
-82
-62
-41
-34
11
37
76
129
229
277
281
267
222
150
136
57
40
43
78
104
121
141
143
133
103
87
31
52
9
-11
11
8
41
29
27
17
-3
-9
-17
-44
-74
-117
-81
-95
-79
-42
-39
-28
3
22
85
121
228
257
246
212
147
117
43
-9
-22
-28
7
47
52
41
52
23
20
-23
-33
-38
-93
-101
-81
-46
-59
-55
-49
-86
-119
-126
-173
-185
-204
-238
-205
-169
-167
-131
-133
-94
-85
-49
-44
99
143
143
151
123
57
6
-27
-57
-85
-41
-44
-2
31
20
20
9
-12
-2
-21
-44
-61
-66
-44
-28
-34
-34
-28
-37
-58
-114
-141
-153
-158
-139
-129
-95
-59
-75
-48
14
20
87
136
233
303
299
267
218
167
126
52
41
38
63
117
133
138
139
129
98
83
46
37
17
20
31
33
35
39
43
36
14
-2
-51
-28
-76
-95
-85
-93
-71
-12
-18
-35
-5
17
59
134
224
278
263
217
198
160
95
-7
2
-2
39
52
58
72
52
41
6
-14
-25
-26
-73
-65
-82
-77
-57
-49
-73
-76
-111
-153
-166
-181
-219
-206
-221
-185
-159
-124
-121
-101
-77
-65
-53
94
143
115
163
126
137
9
-23
-34
-102
-59
-33
-17
31
7
-5
-12
-18
20
-71
-44
-73
-79
-43
-44
-21
-11
-37
-50
-63
-93
-133
-141
-172
-149
-123
-108
-66
-49
-17
-21
-10
64
119
131
276
275
250
223
161
139
23
9
6
63
90
115
123
150
148
133
97
52
34
27
32
20
46
47
66
35
33
-1
5
-38
-65
-79
-97
-66
-79
-44
-29
-79
-41
19
20
74
145
126
260
249
213
152
147
35
-3
-43
-34
17
75
81
82
81
39
22
6
-12
-39
-21
-48
-41
-55
-39
-31
-44
-76
-105
-146
-162
-187
-204
-221
-218
-173
-151
-119
-79
-101
-93
-76
-54
69
119
129
203
145
114
21
-17
-101
-86
-73
-21
-10
29
27
11
4
-22
-50
-43
-101
-76
-93
-77
-50
-39
-62
-12
-44
-75
-106
-133
-154
-156
-172
-140
-98
-77
-49
-34
-1
7
52
117
154
264
279
252
202
163
135
41
5
-1
29
84
118
138
129
146
111
94
57
43
24
38
31
31
34
43
51
37
10
-21
-38
-1
-72
-78
-77
-80
-44
-31
-59
14
29
46
95
137
229
247
251
213
151
145
50
-14
-7
-10
26
49
74
99
63
39
29
10
-23
-1
-14
-69
-63
-44
-55
-29
-61
-61
-98
-126
-165
-193
-226
-236
-204
-173
-142
-119
-111
-113
-87
-37
2
121
147
171
142
126
43
7
-28
-129
-85
-96
-41
-25
24
21
19
9
-14
-39
-49
-97
-108
-80
-70
-46
-37
-25
-45
-93
-119
-154
-187
-193
-205
-171
-142
-126
-83
-69
-28
-28
-21
97
139
267
282
267
197
158
115
46
0
6
51
90
123
126
128
123
115
85
65
35
29
20
29
22
37
21
25
19
-12
14
-21
-26
-114
-110
-119
-85
-50
-51
-42
19
35
89
123
129
276
301
261
230
153
142
39
-12
-1
-1
52
81
113
115
101
67
63
20
-12
-61
-25
-55
-59
-44
-58
-44
-54
-57
-74
-125
-170
-204
-205
-202
-201
-165
-139
-103
-78
-76
-49
-28
99
145
202
180
154
116
11
-33
-55
-83
-100
-71
-47
-25
89
5
-10
-17
-29
-28
-105
-98
-109
-81
-94
-94
-63
-69
-76
-81
-106
-156
-173
-191
-199
-178
-133
-97
-70
-57
-43
-23
85
125
235
279
276
213
153
126
40
-12
-11
-13
55
100
147
123
155
111
82
74
29
36
14
34
25
35
54
57
52
52
27
-9
-17
-21
-110
-119
-93
-34
-44
-39
25
51
65
95
131
245
310
291
297
217
126
137
25
9
-43
-12
52
84
116
84
65
79
52
17
8
-48
-26
-38
-33
-38
-25
-39
-37
-41
-77
-121
-156
-204
-204
-202
-218
-165
-93
-70
-45
-50
-27
11
142
122
208
187
129
130
-6
-33
-113
-103
-79
-44
-28
19
11
-11
-14
-69
-69
-85
-79
-112
-114
-113
-103
-66
-57
-73
-76
-108
-143
-165
-193
-220
-205
-213
-141
-110
-63
-43
-29
-43
55
135
223
247
250
207
150
143
25
-11
-23
-12
39
84
119
126
110
93
91
73
27
11
7
8
22
20
39
50
46
23
-1
-9
-31
-97
-123
-93
-108
-86
-23
-33
14
14
43
110
146
262
307
309
282
233
161
146
23
-13
-12
14
83
85
87
87
89
89
58
26
-13
-21
-25
-39
-41
-23
-26
-14
-41
-51
-41
-115
-159
-186
-183
-204
-186
-169
-108
-59
-45
-53
-32
89
134
234
228
192
135
43
-32
-41
-121
-86
-62
-38
-21
22
10
-9
54
-22
-31
-107
-136
-137
-118
-108
-81
-85
-85
-73
-109
-125
-158
-200
-214
-204
-195
-170
-145
-107
-61
-25
-5
42
119
148
267
291
226
159
146
32
-23
-31
-41
-37
84
116
129
117
84
82
53
16
3
-19
-5
-51
-18
-12
19
46
20
-3
13
-29
-55
-117
-140
-117
-78
-44
-45
29
55
63
130
154
271
318
315
275
195
148
117
23
1
-14
22
86
91
123
122
75
67
71
21
18
-5
-33
-11
-25
14
10
-7
-6
29
-38
-105
-155
-177
-188
-198
-169
-155
-93
-56
-49
-39
-21
88
131
217
225
166
137
45
-28
-46
-106
-107
-56
-39
1
9
20
13
-5
-25
-54
-97
-137
-151
-113
-149
-102
-61
-126
-105
-107
-137
-159
-182
-226
-226
-209
-209
-150
-110
-81
-53
-48
7
115
123
265
277
189
145
118
25
-21
-27
-73
-42
52
84
84
91
82
73
34
23
5
-28
-28
-8
-18
-8
9
13
23
0
-21
-33
-83
-140
-117
-111
-79
-46
-45
5
53
100
121
275
341
333
291
219
152
149
52
-9
12
42
89
103
138
117
138
102
69
63
-21
35
-6
-21
-28
-2
-13
31
10
8
-13
-25
-115
-165
-172
-206
-174
-138
-103
-45
-55
-48
59
121
149
257
233
178
134
52
-27
-45
-130
-114
-44
-21
35
35
42
22
10
-27
-49
-107
-119
-151
-123
-138
-97
-108
-73
-83
-121
-156
-188
-213
-242
-268
-250
-208
-192
-140
-98
-67
2
-59
145
136
229
212
149
118
20
-21
-51
-59
-63
-26
61
83
95
82
77
52
52
-21
-29
-50
-45
-73
-41
-23
-37
-14
19
-3
-29
-44
-110
-151
-153
-141
-111
-45
-33
23
49
116
148
277
343
345
291
234
165
126
6
-25
14
39
79
119
135
147
131
111
91
71
11
-17
-43
-22
-37
-67
-26
16
10
19
-3
-76
-13
-126
-166
-193
-145
-129
-93
-50
-22
14
63
103
125
250
265
231
148
139
3
-39
-34
-93
-64
-5
22
42
29
17
4
-7
-29
-28
-122
-109
-126
-121
-117
-86
-93
-50
-97
-102
-139
-185
-229
-257
-240
-243
-197
-153
-126
-78
-56
-43
85
111
210
212
147
116
26
-12
-47
-117
-119
-46
-44
35
67
71
47
26
9
11
-28
-26
-27
-29
-44
-44
-44
-38
-1
-9
5
-26
-58
-111
-140
-150
-108
-77
-41
-41
27
66
107
169
277
325
307
267
191
147
134
-9
-25
-19
39
88
100
116
116
148
78
63
25
-5
-27
3
-24
-12
9
65
33
46
-2
10
-22
-29
-131
-130
-133
-126
-117
-59
-44
-38
3
70
121
131
258
252
219
155
131
-2
-44
-63
-97
-58
-42
19
37
33
27
10
-9
-44
-85
-117
-124
-115
-93
-103
-71
-59
-75
-94
-110
-140
-173
-193
-235
-213
-215
-189
-156
-126
-93
-71
-28
-1
129
138
203
177
147
133
-1
-41
-39
-83
-59
-45
-37
82
63
69
36
19
-9
-19
-45
-108
-106
-96
-50
-41
-49
-29
-37
-28
-42
-76
-110
-141
-156
-121
-114
-63
-42
-49
20
38
118
151
277
313
312
253
186
132
123
18
-7
21
74
111
135
151
121
150
126
51
41
1
-12
-37
-27
-6
-2
9
36
37
-12
-1
-27
-54
-140
-146
-122
-117
-86
-85
2
-28
37
89
139
245
275
260
235
159
111
-12
-31
-37
-58
-25
-10
59
51
57
27
14
-21
-28
-26
-108
-107
-108
-113
-72
-77
-69
-67
-99
-125
-153
-197
-229
-229
-229
-224
-202
-170
-98
-97
-63
-42
42
95
146
180
170
147
13
-27
-42
-114
-108
-53
-35
20
73
31
43
36
-6
-23
-39
-62
-97
-82
-57
-59
-35
-37
-43
-37
-44
-93
-121
-157
-143
-173
-157
-102
-46
-39
36
54
115
138
259
310
295
240
187
129
43
-18
-27
-14
43
105
133
129
139
155
139
117
69
39
1
7
21
28
29
20
35
39
14
-4
-31
-44
-142
-157
-161
-113
-83
-27
-63
-57
14
79
137
243
292
263
203
166
114
18
-39
-26
-32
-9
58
90
84
83
52
35
22
-12
-37
-114
-111
-108
-82
-77
-79
-78
-74
-107
-125
-150
-185
-235
-262
-269
-218
-182
-129
-117
-71
-69
-42
99
133
201
190
148
130
20
-28
-59
-98
-97
-54
-31
35
57
29
10
-14
-13
-37
-45
-107
-107
-83
-101
-61
-64
-38
-39
-51
-77
-131
-185
-189
-193
-172
-167
-137
-65
-43
-44
29
99
135
276
306
291
228
181
142
67
3
-12
11
59
113
138
133
133
119
143
106
53
23
-1
-3
-7
11
29
14
29
27
3
7
-37
-47
-137
-159
-142
-108
-75
-35
-103
21
41
84
137
184
279
276
215
163
150
23
2
-44
-28
-12
49
105
103
89
70
52
23
6
-45
-34
-81
-66
-80
-69
-47
-44
-59
-62
-118
-141
-170
-204
-213
-233
-201
-165
-130
-95
-97
-59
-47
37
115
170
195
159
123
49
-7
-97
-140
-117
-106
-41
-41
45
37
14
5
-29
-11
-27
-107
-107
-85
-66
-76
-37
-43
-12
-37
-67
-139
-173
-184
-174
-204
-187
-149
-94
-37
-33
-42
40
98
145
253
286
243
244
159
132
14
-17
-14
51
84
116
177
121
150
148
119
59
34
-9
-6
23
3
9
26
52
29
3
-1
-27
-69
-97
-124
-110
-121
-76
-23
-7
36
29
84
131
215
302
289
244
210
148
138
14
-63
-17
-12
65
107
114
100
86
74
47
9
-28
-45
-53
-105
-86
-79
-53
-39
-46
-50
-79
-141
-166
-204
-226
-217
-214
-172
-133
-93
-57
-55
-42
-26
111
123
190
181
131
103
-12
-28
-107
-130
-99
-49
-14
23
7
11
-21
4
-45
-45
-102
-111
-139
-105
-77
-65
-61
-72
-47
-76
-108
-157
-185
-191
-207
-181
-143
-94
-45
-44
-33
-1
74
137
229
276
259
228
164
135
35
3
-23
-11
46
105
116
130
113
121
95
61
42
20
23
1
27
16
31
38
40
63
39
21
-8
-66
-125
-125
-123
-102
-77
-50
-17
29
43
98
133
245
283
276
242
187
123
131
-1
-8
-65
-3
47
86
116
106
103
69
52
5
-12
-29
-38
-44
-42
-37
-51
-47
-23
-39
-76
-134
-157
-195
-223
-230
-178
-170
-119
-81
-46
-54
-39
49
130
130
211
162
142
45
-14
-24
-117
-129
-97
-77
-63
26
20
3
-5
-26
-44
-117
-126
-135
-121
-115
-81
-95
-59
-57
-73
-95
-141
-166
-179
-209
-210
-181
-156
-108
-58
-28
-42
-21
77
132
151
248
253
203
163
126
23
-5
-25
-24
37
83
118
126
109
87
83
36
-12
-11
-9
-21
-10
35
21
27
47
34
35
-14
-39
-10
-103
-124
-103
-93
-43
-28
37
35
55
94
131
254
308
314
274
203
157
129
5
-28
2
58
84
111
101
86
65
89
41
14
-12
-44
-42
-61
-29
-35
-33
-49
-42
2
-41
-107
-172
-171
-193
-204
-172
-141
-76
-103
-62
-76
-53
-12
115
149
183
157
126
107
-9
-33
-108
-85
-59
-57
-26
20
20
20
14
14
-35
-85
-108
-114
-126
-125
-111
-79
-43
-78
-99
-119
-140
-185
-204
-224
-197
-203
-145
-134
-76
-76
-44
-41
67
117
163
246
235
180
147
126
-5
-25
-49
-28
-6
54
91
95
91
89
71
37
5
-6
-23
-42
-28
-7
11
33
20
29
-7
-9
-31
-45
-106
-119
-130
-81
-23
-67
20
41
65
86
143
265
313
323
276
229
167
159
41
20
-23
25
68
89
105
102
84
63
37
14
-18
-29
-42
-29
-44
-31
-29
-13
-37
-35
-28
-93
-123
-167
-195
-199
-182
-154
-125
-74
-65
-48
-29
46
98
147
217
175
146
134
-9
-45
-118
-123
-107
-44
-12
14
26
18
1
-65
-33
-76
-103
-144
-129
-141
-133
-121
-101
-104
-99
-86
-140
-170
-206
-221
-232
-203
-183
-133
-79
-50
-27
-35
-14
85
137
229
235
198
145
135
9
-31
-41
-41
-23
55
82
102
106
81
91
52
20
-7
-33
-28
-34
-18
-8
21
10
6
20
-10
-27
-41
-102
-125
-99
-79
-53
-33
66
65
51
79
132
243
289
309
278
235
163
135
21
3
13
19
77
144
123
155
104
79
31
45
1
-20
-70
-55
-28
-44
-26
4
-17
-37
-55
-44
-156
-172
-184
-186
-172
-143
-93
-42
-87
-48
-37
66
132
157
231
212
153
123
5
-29
-55
-113
-85
-33
-27
36
41
29
10
-25
-17
-39
-119
-129
-126
-138
-101
-113
-117
-105
-107
-107
-137
-171
-208
-223
-223
-227
-191
-157
-125
-69
-45
-6
-12
135
135
247
233
181
123
117
-1
-28
-28
-41
-17
52
87
100
102
70
57
50
1
19
-25
-37
-38
-13
3
19
27
25
9
-7
-33
-37
-118
-133
-115
-102
-45
-58
8
45
67
99
159
261
303
322
289
209
123
139
20
-11
-10
25
114
135
116
123
133
87
64
22
1
-6
-27
-61
-70
-45
-69
-28
11
-1
-27
-44
-133
-147
-172
-181
-175
-125
-70
-57
-33
-25
-26
89
139
233
233
195
137
125
-2
-54
-79
-109
-85
-43
-26
52
27
20
-3
-41
-49
-96
-125
-148
-140
-125
-104
-113
-95
-93
-77
-124
-147
-203
-234
-238
-247
-193
-199
-141
-113
-80
-59
-50
26
131
152
227
210
167
143
11
-17
-21
-87
-57
-29
51
84
77
84
70
37
20
-17
-39
-41
-43
-58
-45
-33
3
14
-2
-6
-17
-28
-103
-145
-137
-105
-108
-49
-33
47
46
70
142
185
267
305
293
235
165
110
52
-11
3
19
52
105
117
129
135
138
77
47
18
-14
-62
-44
-34
-28
-50
-65
-16
10
-18
-41
-135
-159
-172
-188
-209
-156
-78
-57
-29
-34
20
84
133
230
254
243
147
131
31
-37
-32
-97
-67
-59
3
47
53
41
5
-14
-42
-69
-145
-155
-165
-147
-126
-102
-93
-108
-119
-93
-150
-193
-213
-237
-259
-217
-191
-135
-65
-44
-49
-42
54
129
126
227
213
153
143
10
-43
-72
-110
-82
-59
-37
42
51
36
32
17
-2
-29
-42
-87
-73
-74
-65
-59
-35
-14
-10
-11
-39
-103
-126
-167
-165
-151
-119
-47
-39
6
40
84
129
245
305
340
308
231
211
115
99
-7
18
3
81
123
116
135
143
145
119
71
29
3
-18
-35
-34
-6
-2
37
11
-5
6
-48
-135
-155
-178
-182
-161
-138
-57
-34
-40
-23
11
91
137
230
244
240
165
139
75
-18
-45
-94
-59
-21
19
49
52
55
20
14
-9
-41
-108
-117
-135
-129
-118
-108
-106
-94
-93
-128
-174
-204
-247
-253
-257
-247
-221
-173
-121
-108
-54
-54
-8
121
139
231
203
157
115
19
-28
-28
-111
-49
-76
43
89
91
89
52
25
-13
-14
-12
-98
-75
-69
-26
-63
-46
-33
-17
-21
-31
-101
-166
-191
-182
-156
-111
-49
-27
21
52
94
123
251
337
339
291
261
187
143
66
16
3
51
91
122
125
145
155
136
145
51
41
-9
-14
-31
-25
10
7
31
31
27
-22
-71
-97
-145
-177
-178
-141
-108
-78
-29
-40
35
70
129
212
281
308
272
190
143
63
-23
-39
-72
-43
-33
65
58
63
43
3
10
-21
-44
-107
-141
-121
-105
-105
-106
-77
-85
-102
-126
-160
-204
-254
-277
-275
-254
-210
-160
-138
-106
-79
-17
20
142
155
238
183
157
122
-31
-44
-129
-101
-29
-25
43
80
55
53
39
25
-17
-14
-63
-108
-71
-73
-53
-44
-29
-37
-41
-25
-70
-140
-173
-192
-197
-165
-118
-57
-45
16
90
109
143
294
353
323
291
214
147
143
17
-3
2
77
116
138
157
167
98
149
133
36
-3
-13
-14
2
-29
-3
6
26
36
11
-17
-37
-108
-158
-174
-187
-150
-107
-57
-17
-9
42
95
111
285
323
305
247
163
146
9
-21
-32
-44
-53
61
84
91
86
51
34
2
-12
-43
-110
-135
-102
-85
-65
-82
-51
-61
-82
-138
-162
-210
-262
-278
-258
-219
-186
-129
-93
-84
-44
-26
117
145
229
221
121
131
45
-28
-61
-124
-82
-45
-13
66
52
59
5
1
-14
-18
-69
-101
-112
-106
-75
-58
-44
-25
-44
-29
-61
-145
-178
-208
-221
-205
-182
-110
-45
-45
-14
45
116
147
339
346
327
244
177
121
51
2
-23
24
79
117
135
166
157
145
142
87
65
20
-5
-9
-14
3
14
29
20
22
-7
-23
-34
-140
-152
-155
-150
-114
-33
-28
-59
39
84
135
249
330
311
277
197
131
126
-17
-21
-23
-44
49
116
114
103
80
58
35
-7
-37
-38
-103
-93
-83
-70
-65
-55
-70
-45
-83
-133
-188
-233
-260
-278
-240
-192
-139
-108
-82
-45
-41
95
150
238
244
159
132
35
-37
-93
-147
-126
-47
-21
36
53
53
29
19
-12
-46
-31
-140
-134
-125
-109
-105
-72
-53
-59
-49
-98
-145
-187
-207
-251
-220
-190
-140
-86
-42
-33
-12
109
126
309
323
290
230
192
126
20
-27
-29
-23
64
119
122
128
144
139
128
69
16
-12
5
-32
-39
14
14
46
35
38
35
1
-17
-158
-172
-151
-151
-76
-44
-44
-13
41
114
119
293
363
350
267
191
143
67
-12
-57
-29
-13
69
106
131
107
74
57
27
-3
-9
-45
-93
-101
-76
-73
-69
-46
-47
-76
-105
-153
-204
-238
-273
-266
-217
-176
-142
-103
-76
-54
-41
98
148
238
231
175
131
26
-49
-138
-166
-117
-76
-29
21
27
29
19
-13
-44
-31
-97
-131
-139
-143
-126
-126
-101
-44
-75
-59
-112
-163
-208
-248
-243
-236
-186
-143
-102
-53
-31
-39
79
139
276
335
292
238
175
147
6
-12
-42
-29
39
114
118
137
134
155
129
71
21
-2
-2
-33
-9
9
33
40
36
37
16
-12
-19
-114
-161
-157
-133
-108
-48
-42
-11
53
90
144
311
406
373
315
244
175
135
-9
-9
-109
3
75
116
111
119
126
93
71
35
4
-14
-31
-54
-54
-71
-49
-28
-53
-25
-13
-33
-157
-204
-233
-250
-225
-173
-138
-63
-73
-26
-72
76
131
271
267
223
146
121
-27
-38
-121
-105
-55
-13
42
84
35
34
20
-50
-29
-59
-109
-131
-108
-105
-93
-55
-46
-49
-53
-113
-133
-187
-236
-268
-256
-197
-138
-96
-53
-43
-34
84
139
266
308
292
225
154
126
20
-22
-43
-41
36
105
121
136
141
132
123
74
37
-6
-3
-13
-26
22
27
37
46
63
38
3
-1
-53
-116
-149
-136
-97
-44
-49
27
67
97
134
263
339
366
346
282
210
143
105
5
-14
25
94
130
155
129
110
98
73
56
5
-2
-47
-44
-45
-49
-8
9
10
9
-33
-40
-139
-179
-217
-209
-193
-157
-124
-61
-41
-41
41
149
177
277
247
233
143
143
-17
-29
-102
-77
-41
-37
46
33
53
33
17
-14
-18
-108
-135
-147
-130
-108
-94
-78
-81
-66
-56
-111
-135
-192
-245
-247
-242
-204
-167
-129
-75
-45
-73
67
131
244
296
286
222
153
131
18
-45
-37
-44
5
85
98
122
110
106
86
51
9
9
-22
-29
-40
-13
29
35
61
35
14
10
-21
-101
-140
-136
-137
-67
-39
-48
43
59
106
171
276
343
369
357
290
212
131
130
11
-6
46
89
123
126
171
145
110
116
52
7
-17
-26
-39
-45
-29
5
35
14
13
-13
-41
-109
-176
-185
-181
-187
-157
-93
-50
-35
-37
35
101
138
273
277
221
163
142
14
-25
-34
-93
-59
-45
43
65
58
35
24
-19
-44
-27
-123
-125
-113
-126
-123
-97
-85
-106
-83
-114
-153
-207
-237
-257
-242
-235
-185
-141
-85
-62
-67
-47
103
117
265
282
219
155
145
1
-37
-44
-73
-53
-6
78
97
88
77
57
35
11
-29
-26
-55
-43
-41
-47
-28
3
20
10
-12
-40
-119
-140
-152
-140
-109
-78
-27
-31
38
62
99
143
293
335
341
299
235
146
147
17
3
-5
67
104
135
178
154
128
141
121
47
6
-33
-12
-25
-34
-11
13
-25
13
-41
-28
-32
-144
-189
-194
-204
-162
-118
-75
-57
-47
-19
57
117
199
251
244
195
141
117
-23
-40
-117
-76
-45
-44
41
52
49
35
3
-31
-38
-111
-147
-157
-145
-138
-128
-111
-108
-113
-137
-155
-175
-242
-269
-269
-264
-236
-185
-154
-86
-78
-39
-34
91
153
222
216
179
137
59
20
-49
-101
-76
-50
-14
69
75
107
66
34
17
-23
-41
-61
-93
-59
-65
-33
-47
-38
-6
-12
-21
-44
-139
-151
-186
-167
-133
-97
-44
-38
51
50
123
128
314
331
345
276
184
145
134
7
-9
1
52
117
147
131
147
148
121
119
41
-1
-12
-14
-27
1
17
17
11
11
-5
-14
-44
-155
-163
-193
-161
-157
-106
-53
-37
-37
33
84
153
245
267
259
183
126
77
-24
-14
-65
-58
-44
14
66
69
67
29
3
18
-43
-129
-119
-142
-113
-109
-98
-107
-99
-103
-94
-140
-174
-233
-251
-252
-250
-214
-199
-157
-110
-97
-49
-59
110
137
214
203
153
116
-34
-35
-63
-97
-70
-34
-61
82
70
79
36
31
-14
-62
-42
-93
-85
-93
-73
-44
-14
-33
-37
-29
-41
-93
-140
-114
-167
-126
-135
-86
-35
-37
19
67
100
142
291
312
309
244
193
148
130
19
-5
20
71
94
149
141
165
135
131
90
35
-17
34
-19
-14
3
11
29
14
21
-9
-29
-43
-126
-154
-189
-160
-134
-85
-59
-29
-31
35
98
144
251
273
238
201
135
119
-12
-28
-44
-47
-33
47
57
72
71
36
5
-18
-37
-98
-138
-136
-110
-93
-101
-81
-69
-77
-115
-141
-185
-214
-215
-254
-257
-220
-203
-146
-103
-81
-45
-40
94
147
138
187
162
132
3
-21
-104
-129
-105
-59
-33
55
70
67
39
23
-9
-42
-27
-103
-98
-85
-71
-59
-21
-39
-34
-39
-66
-107
-160
-175
-185
-160
-140
-94
-37
-33
-26
61
115
147
265
303
278
238
171
132
51
9
-28
22
69
131
116
148
131
129
138
143
48
-3
4
5
14
-9
6
20
34
20
5
-14
-29
-47
-108
-141
-139
-126
-75
-26
-28
-34
52
91
142
247
275
267
212
149
122
-7
-28
-38
-44
-45
67
93
79
84
52
26
-1
-26
-28
-121
-108
-125
-105
-81
-61
-76
-69
-81
-113
-161
-188
-235
-234
-237
-211
-177
-141
-105
-78
-49
-43
89
97
147
179
117
135
9
-17
-108
-115
-87
-26
-49
43
65
78
14
20
5
-43
-93
-121
-124
-78
-76
-69
-48
-34
-33
-45
-70
-121
-165
-182
-191
-157
-153
-96
-56
-33
-28
51
99
139
246
307
277
230
164
154
47
-1
-2
14
57
119
143
148
159
137
163
95
37
9
-11
14
-17
3
31
41
42
25
24
-13
-29
-53
-111
-122
-129
-94
-75
-75
-13
20
58
102
132
219
267
267
218
165
130
14
-1
-33
-28
2
80
115
97
89
90
62
-5
-33
-29
-98
-95
-101
-85
-74
-59
-44
-47
-79
-113
-140
-200
-229
-226
-231
-208
-173
-140
-105
-59
-38
-21
77
126
132
175
143
135
24
-5
-81
-133
-119
-62
-14
14
53
43
33
7
-14
-17
-50
-115
-105
-112
-81
-74
-43
-51
-57
-53
-75
-111
-113
-187
-175
-189
-163
-133
-93
-44
-25
-29
47
116
148
259
253
235
211
147
143
25
-6
-2
26
91
126
135
143
161
132
135
59
31
-10
4
-6
3
29
35
36
59
25
-4
11
-22
-79
-108
-138
-109
-69
-54
-42
20
35
93
154
148
263
277
261
181
97
134
-12
0
-37
-18
39
81
126
122
98
86
53
-12
-2
-43
-73
-71
-44
-64
-29
-56
-38
-62
-75
-108
-160
-199
-225
-230
-195
-181
-149
-110
-78
-67
-39
-34
98
130
206
187
126
133
-6
-33
-112
-131
-107
-38
-35
41
32
34
23
10
-42
-27
-117
-129
-102
-125
-103
-71
-69
-69
-66
-72
-93
-140
-170
-195
-188
-185
-156
-121
-76
-45
-38
-28
84
126
226
265
244
212
148
133
19
-22
-37
-11
52
105
128
131
141
126
84
59
36
7
-19
-17
11
14
39
42
33
23
23
-1
-25
-45
-104
-105
-126
-102
-29
-33
-5
36
65
129
134
253
283
283
226
166
142
37
3
-14
-34
22
53
91
118
112
95
83
23
-5
5
-39
-55
-55
-69
-31
-57
-47
-55
-44
-69
-113
-160
-191
-189
-197
-203
-166
-139
-93
-81
-58
-25
73
121
151
183
149
143
27
-44
-44
-93
-140
-76
-59
-42
35
46
22
-18
-23
-22
-115
-125
-126
-139
-125
-97
-93
-80
-78
-67
-81
-108
-166
-186
-201
-210
-186
-172
-121
-74
-39
-40
-10
71
135
227
263
233
180
139
59
3
-29
-34
-14
57
109
134
133
142
119
81
35
-18
-14
-12
-12
5
19
23
29
50
31
26
-16
-28
-39
-109
-118
-119
-77
-23
-46
0
43
95
107
233
282
307
281
207
139
123
17
-14
-55
-29
54
101
115
123
110
96
75
29
-17
-27
-11
-49
-19
-35
-39
19
-13
-28
-39
-107
-151
-193
-204
-236
-210
-190
-159
-122
-82
-67
-37
53
117
143
213
179
131
55
-34
-31
-123
-119
-69
-10
1
39
21
22
-14
-59
-55
-126
-129
-158
-135
-98
-102
-77
-81
-73
-59
-85
-140
-159
-214
-198
-215
-186
-182
-140
-73
-57
-35
-37
84
143
233
252
231
159
142
35
-14
-22
-26
-29
63
95
115
119
105
81
66
34
-7
-12
-44
-41
-35
-12
14
20
23
18
7
-9
-37
-79
-118
-117
-111
-57
-28
-39
34
59
123
103
269
321
327
289
227
150
133
26
-2
3
27
77
131
136
149
117
89
47
7
-28
-43
-14
-48
-44
-28
-76
-29
-13
-36
-29
-105
-141
-175
-188
-219
-194
-158
-119
-82
-54
-44
-41
90
123
228
216
180
123
48
-9
-43
-110
-113
-75
-57
50
54
50
26
8
-44
-62
-119
-126
-140
-173
-141
-129
-117
-82
-94
-93
-129
-154
-187
-221
-237
-265
-224
-172
-146
-101
-66
-71
-33
87
137
247
245
195
117
116
-1
-29
-17
-44
-28
52
99
105
129
103
77
41
20
-9
-43
-33
-43
-34
-14
11
31
37
14
-5
-28
-39
-112
-133
-119
-101
-53
-41
-19
41
83
98
212
292
336
327
279
191
122
123
5
-10
14
67
121
123
138
142
143
148
59
-6
-10
-44
-39
-69
-59
-22
-23
-12
-14
-23
-50
-106
-154
-141
-169
-179
-151
-130
-76
-46
-33
-28
91
135
227
254
203
159
138
14
-53
-110
-123
-81
-34
-24
65
39
47
29
-7
-17
-46
-121
-117
-131
-140
-108
-106
-86
-85
-103
-122
-145
-193
-221
-235
-261
-240
-220
-153
-131
-126
-85
-37
33
126
139
221
171
133
143
11
-13
-38
-69
-44
-23
74
115
102
85
81
39
21
-14
-29
-44
-29
-44
-29
-12
3
-1
21
11
-25
-33
-117
-137
-138
-135
-93
-57
-43
-22
69
104
131
265
318
323
299
242
154
135
20
-12
-3
39
95
128
113
131
139
131
134
55
6
-28
-5
-17
-58
-14
17
3
-11
27
-17
-27
-77
-137
-153
-167
-165
-153
-93
-69
-49
-34
66
116
185
251
228
185
128
55
-21
-41
-109
-86
-41
-28
52
71
46
39
14
-25
-50
-98
-121
-143
-133
-112
-79
-82
-105
-93
-105
-126
-149
-192
-235
-236
-247
-249
-214
-151
-125
-108
-33
-28
117
133
223
226
162
139
41
-29
-28
-109
-67
-47
-28
85
95
88
65
36
10
-17
-28
-33
-82
-65
-51
-45
-23
-25
2
-2
-6
-33
-76
-131
-146
-141
-126
-101
-47
-50
27
79
121
229
305
343
310
261
202
148
47
11
14
31
84
118
163
163
177
145
128
163
48
6
1
-11
-28
-5
14
46
35
25
-12
4
-49
-105
-140
-166
-190
-157
-126
-71
-57
-44
-11
98
146
250
259
238
165
117
25
-18
-53
-104
-51
-37
41
84
78
65
57
11
-13
-26
-93
-114
-133
-128
-108
-78
-98
-76
-64
-103
-119
-161
-218
-267
-262
-261
-236
-221
-156
-138
-98
-44
-39
88
134
219
181
139
135
-33
-29
-78
-123
-74
-44
6
82
79
50
59
23
11
-38
-45
-81
-83
-78
-64
-29
-57
-44
-12
-25
-33
-29
-129
-139
-157
-151
-126
-76
-37
-42
22
114
123
243
308
322
291
233
195
139
36
-12
5
35
91
107
131
180
163
126
133
128
14
-38
-13
-13
-28
-5
19
20
33
19
11
-12
-77
-77
-141
-156
-172
-139
-108
-69
-29
-21
52
147
134
247
273
223
162
141
3
-29
-53
-101
-39
-41
56
83
71
56
33
-5
-29
-29
-114
-123
-122
-106
-97
-76
-82
-59
-82
-107
-140
-181
-213
-223
-242
-237
-221
-191
-165
-105
-99
-29
43
139
123
197
149
147
20
-25
-94
-140
-141
-72
-77
-10
65
83
63
26
-3
-25
-39
-108
-107
-93
-47
-59
-35
-28
-38
-44
-45
-97
-123
-151
-172
-167
-141
-118
-85
-50
-45
29
104
129
263
314
299
249
175
129
55
-14
-7
-9
41
116
125
181
163
163
129
135
55
27
-13
-23
-44
-9
-14
18
39
51
18
9
-13
-26
-117
-133
-140
-140
-85
-51
-28
-42
45
110
119
281
302
287
233
171
135
20
-13
-29
-31
9
66
111
117
110
80
67
3
-25
-29
-113
-134
-111
-109
-95
-71
-45
-46
-74
-103
-135
-194
-204
-252
-240
-236
-179
-137
-98
-77
-55
-28
126
115
213
197
126
129
-12
-49
-126
-129
-78
-17
-14
63
73
67
27
20
-10
-61
-33
-117
-119
-101
-77
-45
-43
-39
-37
-41
-53
-98
-150
-167
-182
-165
-149
-111
-59
-45
-25
59
118
134
281
308
283
242
151
135
34
-9
-9
37
91
119
151
179
179
145
134
116
34
-6
-23
-50
20
31
-5
36
36
41
14
-10
-13
-78
-121
-139
-109
-104
-77
-46
-59
11
67
139
146
276
291
260
219
137
135
37
-29
-37
-5
35
105
116
129
137
85
55
1
-28
-31
-98
-104
-85
-63
-56
-39
-53
-61
-102
-126
-151
-189
-205
-228
-229
-197
-153
-123
-114
-70
-42
55
116
209
211
165
153
37
-10
-44
-152
-133
-56
-31
-24
53
83
63
36
-1
9
-63
-119
-119
-131
-75
-103
-62
-52
-19
-67
-79
-108
-139
-165
-177
-185
-181
-152
-133
-65
-47
-39
59
131
233
297
307
250
183
130
133
27
-14
-18
52
104
133
145
188
158
148
126
70
27
23
-25
9
-7
25
27
42
63
57
33
22
-22
-45
-107
-112
-93
-79
-55
-35
43
59
106
148
272
323
314
273
215
138
126
9
-29
-59
23
84
129
122
131
121
87
47
3
-14
-42
-76
-76
-69
-59
-27
-39
-28
-45
-32
-108
-161
-222
-223
-221
-217
-170
-142
-95
-83
-57
-45
86
149
234
227
161
137
27
-26
-22
-135
-111
-29
-41
17
55
64
21
-7
-25
-24
-58
-133
-138
-125
-97
-87
-73
-65
-93
-57
-76
-108
-150
-181
-215
-208
-213
-142
-103
-57
-67
-47
48
116
137
259
263
239
173
122
72
-3
-29
-27
26
95
119
133
159
146
141
135
47
29
-17
-25
-12
5
29
35
47
39
35
22
-28
-42
-47
-117
-137
-117
-76
-39
-46
19
66
111
148
276
337
322
279
211
155
147
6
-12
-28
35
67
135
135
148
126
115
59
6
-14
-37
-12
-49
-47
-31
-57
-33
-28
-14
-31
-105
-142
-172
-205
-198
-169
-177
-138
-79
-81
-29
-51
93
123
227
215
181
131
27
6
-64
-129
-77
-63
-61
14
35
73
35
7
-71
-43
-108
-131
-129
-133
-123
-71
-76
-51
-61
-69
-93
-130
-157
-183
-202
-203
-184
-161
-125
-93
-55
-32
31
123
169
279
258
213
150
129
20
-13
-37
-54
9
93
123
135
142
147
137
75
43
7
-27
-14
-9
19
17
24
18
41
39
18
-25
-13
-86
-106
-111
-109
-75
-43
-28
27
73
116
129
289
341
311
285
212
153
134
-2
-2
5
43
99
133
142
134
130
147
55
36
-1
-54
-23
-22
-46
-44
-43
-35
-41
11
-44
-71
-133
-173
-197
-206
-191
-151
-134
-79
-72
-44
-19
79
126
207
238
187
129
79
1
-41
-122
-110
-69
-44
29
55
47
25
-8
-9
-13
-107
-155
-165
-142
-57
-121
-109
-78
-93
-59
-61
-139
-177
-199
-233
-231
-209
-202
-143
-108
-47
-25
-93
98
123
238
235
214
159
142
21
-22
-50
-47
-29
43
116
129
130
126
101
73
23
2
-26
-27
-29
-21
-14
8
19
1
25
19
-35
-37
-98
-95
-126
-107
-79
-44
-53
-18
23
79
125
213
292
326
295
235
163
133
39
-19
3
27
65
113
131
115
178
103
139
55
-12
-23
17
-29
-43
-25
-38
-29
-12
-11
-29
-47
-113
-145
-174
-181
-181
-159
-140
-93
-62
-19
-39
54
116
134
263
212
154
133
-29
-14
-86
-119
-75
-44
-26
52
57
52
27
-5
-25
-28
-123
-162
-156
-154
-105
-119
-113
-101
-125
-113
-153
-154
-208
-233
-236
-226
-199
-173
-133
-93
-50
-38
-47
94
166
237
243
198
121
123
-13
-53
-78
-55
-33
53
115
133
105
111
91
46
-29
-12
-42
-28
-47
-41
-29
10
11
14
20
-10
-27
-44
-114
-145
-115
-86
-66
-28
-53
20
52
94
123
263
310
295
289
235
148
148
14
-42
20
49
83
131
133
154
134
116
131
42
1
-7
-27
-29
-12
-73
-45
-29
-19
-12
-22
-41
-109
-145
-165
-156
-167
-147
-130
-81
-59
-24
-33
67
133
217
251
212
151
147
17
-42
-119
-109
-95
-44
-17
63
102
52
9
-17
-45
-49
-111
-141
-139
-140
-128
-113
-78
-79
-97
-109
-157
-200
-231
-235
-240
-211
-214
-176
-133
-111
-71
-28
-37
113
131
229
238
163
130
43
-13
-44
-77
-59
-43
52
86
99
90
89
59
24
-19
-32
-41
-43
-43
-58
-38
-17
14
10
20
-28
-44
-97
-112
-141
-140
-111
-75
-43
-29
33
46
99
148
254
303
299
287
243
147
126
42
6
-18
47
110
134
145
131
147
148
135
45
1
-13
-5
-5
-66
-38
-27
-28
-34
-31
-38
1
-76
-139
-140
-155
-109
-131
-105
-93
-73
-34
-21
84
125
207
222
211
159
148
14
-29
-44
-95
-58
-31
3
62
84
67
31
-9
-34
-45
-98
-122
-140
-141
-125
-125
-106
-122
-119
-129
-155
-197
-225
-252
-263
-263
-242
-197
-151
-138
-98
-51
-26
106
135
215
202
133
155
2
-54
1
-105
-47
-43
73
85
99
94
71
26
-12
-5
-47
-69
-73
-61
-47
-40
-37
-50
-10
-37
-39
-44
-101
-122
-113
-130
-137
-74
-53
-23
16
66
123
116
291
303
282
243
186
139
95
9
-11
3
63
123
116
138
151
151
138
88
27
-9
-27
-47
-17
-13
-28
2
-1
-12
-29
-63
-29
-126
-142
-145
-150
-143
-112
-81
-41
-50
-35
73
119
135
262
247
201
137
126
-12
-34
-73
-69
-31
-29
62
70
64
42
27
-47
-44
-85
-161
-138
-169
-144
-109
-107
-146
-77
-104
-123
-169
-203
-227
-237
-249
-250
-194
-162
-140
-108
-59
-45
62
121
173
203
163
135
56
-13
-42
-75
-84
-29
-41
55
91
89
63
48
11
5
-40
-94
-103
-102
-71
-69
-58
-44
-29
-5
-22
-41
-75
-117
-119
-129
-117
-105
-54
-34
-17
43
84
116
238
302
282
277
217
147
138
41
-11
19
23
99
107
155
143
148
138
139
46
21
-9
-17
1
-17
-13
-6
4
21
3
-13
-57
-39
-114
-167
-126
-111
-121
-103
-71
-34
-50
35
113
153
250
270
223
175
150
36
-21
-42
-81
-43
-49
68
83
99
52
41
13
-23
-21
-105
-121
-140
-115
-105
-101
-85
-85
-95
-115
-143
-165
-199
-220
-223
-225
-199
-181
-159
-126
-103
-53
-36
87
145
163
194
145
133
-11
-27
-108
-131
-98
-25
-18
65
79
67
49
27
-7
-43
-42
-108
-93
-103
-61
-49
-73
-41
-49
-28
-37
-40
-108
-128
-125
-135
-101
-82
-42
-24
31
57
119
149
261
297
307
238
190
143
130
27
2
26
73
101
129
131
151
151
143
116
56
11
-46
19
-34
7
19
35
50
38
45
-11
-93
-61
-109
-134
-147
-93
-93
-51
-29
-29
-41
73
135
227
267
259
202
148
148
14
-38
-18
-37
-28
52
75
78
84
77
24
-8
-23
-39
-105
-133
-119
-115
-83
-45
-63
-53
-66
-106
-162
-193
-217
-215
-236
-204
-175
-156
-126
-93
-85
-28
21
67
99
163
171
149
83
-17
-29
-114
-134
-93
-59
18
39
46
58
49
-5
-22
-22
-76
-85
-117
-81
-82
-59
-47
-53
-37
-49
-25
-99
-141
-156
-146
-143
-115
-75
-62
-99
-37
13
83
145
244
277
307
251
194
137
141
38
-5
20
52
115
107
135
149
139
142
114
51
4
1
-5
-17
-14
26
10
21
20
19
-2
-26
-33
-101
-108
-125
-139
-79
-64
-33
-49
-29
19
106
143
217
263
235
194
145
117
1
-21
-33
-31
-26
53
75
93
85
39
20
-1
-27
-55
-108
-113
-117
-77
-76
-66
-61
-75
-97
-129
-162
-187
-210
-215
-220
-220
-186
-155
-130
-105
-53
-54
-58
111
135
153
114
138
-21
-13
-44
-101
-101
-55
-29
50
52
51
33
22
-7
-33
-12
-108
-129
-119
-77
-80
-38
-45
-48
-45
-59
-76
-124
-150
-166
-157
-144
-113
-77
-46
-37
-29
43
117
144
274
276
249
196
148
131
32
3
8
33
84
130
135
165
154
119
125
56
27
-13
-21
-17
-7
3
20
28
20
19
13
-21
-50
-85
-82
-117
-102
-104
-64
-44
-44
-8
20
89
162
167
257
259
223
153
128
35
-11
-17
-42
-2
52
89
95
87
71
39
-25
-37
-45
-109
-108
-105
-93
-85
-66
-46
-63
-79
-109
-145
-173
-187
-213
-206
-198
-183
-157
-129
-83
-55
-27
52
122
148
151
148
157
9
-31
-29
-157
-133
-59
-28
18
43
49
39
14
-23
-38
-78
-114
-111
-121
-141
-65
-65
-50
-46
-56
-79
-123
-149
-177
-190
-159
-158
-121
-93
-69
-36
-19
43
106
205
291
277
244
180
137
113
1
-6
-25
19
84
131
141
126
125
126
145
59
27
-4
-12
-8
-9
3
47
52
43
37
1
-28
-25
-61
-113
-107
-103
-93
-55
-23
-12
21
62
106
126
235
273
233
180
143
126
25
7
-42
-29
22
84
103
119
107
79
51
20
-17
-44
-103
-105
-97
-94
-53
-76
-51
-65
-70
-95
-135
-175
-187
-209
-203
-183
-183
-125
-111
-93
-63
-41
59
103
138
181
123
116
1
-41
-65
-133
-103
-49
-54
3
20
41
20
5
-27
-44
-101
-134
-107
-114
-129
-66
-73
-70
-44
-54
-97
-121
-149
-178
-177
-175
-161
-149
-109
-55
-44
-34
23
114
135
251
273
233
173
131
63
-1
-25
-27
23
68
88
131
143
131
116
90
46
17
-9
8
-13
5
13
20
53
51
57
2
-44
-10
-44
-77
-108
-93
-64
-17
-45
-11
33
70
107
129
247
275
257
211
148
112
9
-38
-14
-13
42
43
109
117
87
70
51
31
-25
-23
-77
-71
-38
-52
-62
-54
-47
-28
-61
-85
-126
-158
-190
-197
-195
-183
-151
-115
-97
-98
-55
-53
55
115
137
187
150
143
11
-28
-82
-140
-117
-77
-12
-34
4
14
3
-14
-23
-21
-117
-136
-140
-125
-106
-106
-75
-76
-65
-85
-103
-108
-155
-172
-175
-197
-175
-140
-125
-71
-40
-37
-35
81
140
219
245
219
170
139
52
5
-12
-21
1
71
89
115
139
131
110
77
45
-2
0
-22
-14
7
20
41
39
49
27
9
8
-40
-34
-93
-105
-109
-81
-54
-13
-10
36
67
114
145
267
276
267
212
158
154
23
3
-39
-31
16
71
94
116
115
105
88
27
-12
-41
-5
-73
-82
-58
-57
-43
-43
-44
-50
-77
-107
-135
-155
-193
-188
-202
-153
-135
-98
-75
-56
-28
69
119
134
189
175
138
52
-12
-39
-114
-112
-97
-31
-65
32
38
18
-21
-25
-14
-98
-126
-133
-128
-121
-76
-78
-93
-93
-126
-108
-111
-156
-193
-202
-203
-187
-171
-140
-83
-62
-49
-49
59
139
141
227
225
185
130
126
19
-12
-18
-29
29
81
115
115
117
123
100
40
13
-7
-14
-22
-22
-1
42
22
43
43
21
-12
-25
-44
-76
-101
-101
-94
-102
-45
-44
21
47
95
131
247
295
276
257
179
142
133
19
4
-35
5
67
110
121
97
111
63
39
13
-25
-44
-53
-76
-59
-38
-65
-49
-43
-25
-40
-71
-138
-171
-200
-199
-187
-157
-146
-102
-94
-76
-44
-31
93
138
193
183
133
126
-9
-22
-108
-122
-106
-45
-35
53
11
25
20
3
-59
-98
-121
-169
-145
-129
-125
-98
-82
-77
-65
-79
-122
-140
-177
-213
-185
-204
-173
-141
-103
-73
-61
-28
-23
83
126
229
231
207
147
137
7
-13
-41
-21
-25
63
97
117
126
105
99
67
14
-1
-12
-39
-37
-31
-33
20
29
20
20
7
-26
-33
-39
-103
-102
-103
-53
-25
-14
-5
38
84
137
141
277
290
276
239
183
123
47
23
-29
35
46
84
126
131
138
105
73
20
38
-28
-42
-27
-69
-34
-26
-33
-29
-37
-29
-27
-108
-134
-172
-193
-191
-183
-143
-112
-80
-73
-41
-44
71
121
191
199
164
133
35
-28
-25
-111
-113
-65
-29
-9
49
23
11
-9
-34
-12
-133
-172
-177
-138
-121
-149
-105
-85
-77
-76
-97
-140
-150
-201
-238
-206
-186
-176
-143
-97
-62
-31
-34
73
137
197
229
201
155
142
23
-28
-44
-39
-29
-26
85
105
135
123
94
67
38
-5
-42
-41
-22
-44
-11
-42
35
50
34
19
6
-27
-28
-76
-110
-108
-75
-44
-28
-17
29
53
116
133
243
303
308
252
197
148
145
2
7
20
63
110
125
139
131
156
89
55
0
-13
-39
-16
-53
-42
-59
-35
-21
-11
1
-29
-37
-108
-145
-173
-175
-177
-146
-71
-85
-46
-49
-28
41
116
145
227
195
133
133
1
-39
-101
-108
-110
-34
-26
41
37
35
25
-2
-22
-43
-133
-139
-153
-147
-128
-113
-93
-103
-75
-73
-97
-156
-177
-204
-226
-218
-189
-166
-119
-101
-39
-28
-28
85
138
210
201
189
122
148
7
-14
-50
-47
-29
58
87
111
107
113
67
55
36
-25
-38
-41
-31
-28
-27
-7
10
19
25
22
-28
-29
-37
-103
-103
-108
-85
-29
-7
1
29
73
131
149
267
315
306
240
179
163
123
2
3
25
67
116
107
139
133
131
115
38
2
-11
-46
-13
-41
-61
-29
-35
3
5
-12
-29
-43
-129
-155
-166
-172
-153
-123
-109
-63
-53
-53
-17
131
131
217
207
161
148
43
-29
-44
-131
-80
-42
-67
42
57
41
2
18
-8
-21
-114
-121
-145
-157
-138
-94
-110
-103
-79
-106
-142
-146
-167
-200
-221
-219
-204
-192
-151
-126
-95
-62
-12
20
138
143
230
177
153
151
20
-14
-44
-75
-44
-28
63
99
117
101
110
63
11
-3
-24
-47
-35
-50
-34
-37
17
22
11
20
-12
-31
-96
-109
-138
-103
-113
-62
-48
-26
34
83
129
171
292
315
309
308
199
133
198
18
-12
27
78
115
145
135
157
132
122
129
27
-13
-11
-29
-29
-26
-44
5
-13
9
-3
-21
-19
-126
-143
-159
-167
-139
-138
-95
-71
-34
-38
42
107
192
235
308
190
142
84
-23
-65
-76
-76
-44
-38
55
77
65
31
20
-14
-42
-114
-139
-143
-126
-114
-119
-87
-97
-76
-105
-122
-173
-187
-222
-247
-234
-221
-203
-162
-133
-70
-43
-53
10
119
135
225
213
169
142
-1
-28
-44
-76
-75
-33
55
97
109
83
85
55
14
-11
-43
-42
-69
-55
-43
-41
0
27
23
20
-12
-103
-69
-108
-141
-133
-105
-66
-42
-21
39
77
119
142
293
331
311
291
199
160
145
20
27
39
78
121
116
134
149
149
125
142
43
20
-14
-34
-1
3
-41
-14
-11
-1
-14
-23
-53
-117
-140
-170
-163
-140
-126
-75
-47
-29
-25
-22
86
123
243
249
225
179
116
3
-12
-35
-82
-49
-49
35
59
63
50
39
10
-34
-38
-115
-137
-156
-140
-108
-113
-81
-75
-110
-114
-140
-186
-215
-240
-236
-240
-223
-188
-149
-83
-95
-45
-28
85
117
215
212
149
163
31
14
-28
-106
-77
-26
3
70
73
85
84
73
29
-5
-40
-37
-78
-79
-69
-29
-28
-25
-2
-3
-29
-38
-133
-138
-154
-151
-137
-99
-44
-43
-43
19
70
197
245
311
325
306
226
183
158
45
31
5
34
73
99
134
125
148
148
147
68
26
-12
-21
-21
-37
-17
29
14
10
21
3
-29
-53
-137
-145
-166
-167
-145
-85
-69
-45
-53
-5
97
134
198
259
244
183
126
75
-59
-44
-105
-65
-44
45
84
81
91
52
20
-9
-59
-99
-145
-140
-122
-123
-108
-104
-94
-95
-61
-122
-184
-201
-225
-258
-238
-249
-177
-166
-141
-83
-59
-44
65
135
230
221
179
114
155
33
-37
-63
-81
-73
-13
80
102
113
89
52
38
8
-27
-17
-93
-93
-57
-86
-34
-25
-5
2
-7
-17
-39
-111
-126
-135
-141
-94
-42
-45
-43
49
57
148
252
307
357
326
276
208
151
122
35
20
67
123
133
171
149
171
129
167
122
49
13
-28
-23
-7
1
26
51
54
59
43
3
-27
-76
-126
-147
-138
-121
-82
-39
-46
-17
43
102
133
271
294
283
227
157
134
0
-32
-22
-61
-71
52
85
68
81
68
48
18
-29
-35
-112
-125
-109
-83
-86
-64
-62
-29
-76
-99
-137
-175
-220
-227
-231
-213
-182
-159
-115
-82
-38
-44
87
147
227
242
180
134
55
-12
-27
-102
-49
-11
-35
69
42
126
106
47
105
-6
-29
-23
-93
-75
-57
-49
-41
-41
-2
-1
-22
-28
-55
-109
-150
-130
-119
-95
-5
-61
-31
69
46
129
242
309
318
302
243
180
134
45
36
18
57
99
118
175
177
180
162
141
126
34
-5
-12
-18
13
-27
22
43
73
46
21
-4
-12
-79
-106
-111
-135
-103
-59
-63
-31
-37
71
130
158
279
306
271
201
159
139
7
-29
-28
-21
41
83
94
107
83
75
26
-12
-37
-28
-75
-125
-105
-103
-108
-63
-54
-45
-69
-117
-109
-179
-210
-221
-221
-218
-200
-139
-108
-76
-44
-56
90
126
206
183
147
150
29
-27
-42
-82
-59
-61
-11
63
79
82
52
21
10
-3
-44
-62
-107
-78
-105
-93
-41
-42
-16
-9
-18
-43
-114
-143
-149
-149
-129
-93
-50
-26
-28
52
107
128
250
314
308
272
218
139
142
33
-18
17
73
122
95
156
191
183
163
137
84
29
26
-38
-17
20
35
23
42
37
66
23
0
-21
-33
-109
-113
-105
-95
-76
-44
-12
38
67
111
197
295
233
215
206
157
68
-13
-31
-37
-13
58
107
116
111
73
64
34
-13
-29
-99
-119
-122
-98
-93
-61
-79
-56
-58
-66
-105
-159
-181
-238
-235
-210
-210
-149
-124
-111
-85
-71
-10
121
134
135
148
115
68
51
-76
-129
-107
-80
-48
-13
58
67
41
27
7
5
-10
-97
-106
-123
-113
-85
-74
-43
-28
-19
-49
-82
-106
-151
-165
-174
-190
-172
-117
-48
-41
-57
41
96
133
243
291
257
219
165
119
41
9
-17
20
57
126
125
158
136
106
113
126
38
-13
-17
-11
-28
-54
13
33
25
31
24
-21
-31
8
-140
-96
-109
-106
-44
-50
-27
-12
34
94
118
243
273
269
232
151
142
23
-28
-9
-29
27
85
116
114
114
84
58
9
7
-39
-57
-123
-146
-110
-83
-70
-45
-63
-67
-108
-155
-178
-204
-221
-217
-216
-185
-149
-108
-77
-63
-33
64
126
139
148
126
123
3
-25
-21
-129
-108
-76
-38
41
52
71
42
25
9
-76
-106
-125
-140
-139
-97
-80
-50
-71
-41
-28
-76
-113
-147
-169
-172
-156
-190
-151
-101
-49
-26
-28
64
107
193
256
259
234
171
85
52
2
-5
-24
101
114
126
115
151
150
139
128
71
20
-12
-28
-29
-12
1
27
37
29
21
14
-28
-29
-17
-121
-102
-116
-98
-45
-44
-12
63
107
163
244
264
253
244
159
119
52
-25
-39
-16
29
77
95
106
126
111
85
47
-7
-35
-33
-107
-101
-81
-77
-66
-49
-44
-49
-83
-126
-157
-175
-205
-190
-198
-158
-151
-117
-78
-28
-26
107
137
180
175
151
129
3
-39
-117
-143
-95
-37
3
1
48
49
37
14
-12
-25
-114
-145
-141
-136
-129
-108
-93
-69
-78
-49
-97
-117
-172
-172
-182
-174
-181
-172
-112
-75
-47
-43
57
142
227
251
261
203
150
145
11
-22
-26
-16
65
99
146
148
150
145
119
84
42
3
-22
-37
-27
-37
3
23
43
27
17
17
-17
-57
-84
-129
-107
-69
-73
-32
-27
-12
52
126
231
282
308
281
215
137
167
7
-33
-18
-26
31
107
131
142
126
117
77
22
-33
-46
-81
-51
-93
-83
-45
-28
-41
-44
-82
-93
-129
-171
-178
-198
-190
-177
-157
-139
-108
-48
-31
45
121
143
203
148
148
31
-12
-18
-135
-108
-69
-39
-38
36
43
51
17
-44
-55
-95
-140
-157
-161
-140
-141
-117
-76
-74
-83
-53
-113
-156
-157
-188
-198
-217
-171
-139
-113
-74
-45
-25
119
143
228
227
189
149
117
10
-27
-33
-49
23
99
107
123
135
147
119
75
26
1
-45
-29
-48
-37
-29
-26
16
37
29
35
-8
-14
-59
-102
-97
-72
-72
-33
-31
-16
59
90
117
273
295
287
275
201
126
51
20
-33
6
57
87
110
148
116
157
100
51
6
-12
-32
-29
-64
-51
-52
-55
-37
-27
-33
-45
-41
-121
-159
-172
-199
-178
-141
-117
-108
-55
-18
64
121
136
199
180
142
123
-1
-19
-110
-139
-93
-25
-58
46
36
27
31
-37
-93
-25
-113
-185
-172
-155
-149
-154
-109
-81
-74
-108
-105
-139
-174
-188
-193
-189
-171
-159
-108
-76
-3
-32
100
134
223
226
198
139
121
1
-39
-31
-31
-45
41
89
114
131
146
116
68
46
-12
-21
-32
-38
-29
3
-9
-5
18
27
6
-10
-21
-33
-44
-65
-78
-58
-45
-44
-21
65
95
148
276
298
298
263
215
116
123
9
-5
7
65
115
149
126
121
117
130
84
21
-1
-49
-41
-43
-10
-34
-24
-31
-18
-14
-38
-39
-42
-107
-130
-157
-149
-137
-109
-100
-69
-28
-25
61
122
195
187
161
143
46
-12
-28
-106
-106
-55
-44
37
14
46
29
-1
-31
-56
-105
-121
-147
-151
-157
-138
-158
-74
-93
-101
-111
-137
-140
-170
-199
-211
-210
-172
-150
-99
-85
-57
-14
95
142
166
210
185
144
143
-14
-42
-59
-65
-41
26
102
106
125
103
65
53
21
17
-31
-43
-63
-40
-43
-39
-11
17
23
11
-22
-37
-35
-81
-86
-85
-63
-28
-23
11
67
118
137
252
298
318
250
191
137
126
17
35
24
50
90
116
155
146
128
126
110
41
-2
14
-54
-61
-12
-44
-40
-22
-5
2
-27
-13
-37
-103
-113
-132
-125
-129
-108
-94
-45
-41
-21
86
133
213
218
183
134
131
-18
-22
-84
-81
-75
-41
49
57
65
38
20
-27
-48
-95
-125
-129
-144
-141
-122
-109
-122
-97
-129
-126
-122
-140
-170
-194
-211
-203
-198
-162
-135
-108
-76
-43
-27
141
164
187
187
126
128
-10
-27
-53
-59
-21
-46
48
102
98
89
64
35
17
-14
-28
-65
-50
-41
-41
-27
-39
-12
24
1
-19
-9
-46
-78
-101
-97
-80
-58
-28
-49
29
83
139
235
289
301
279
233
169
135
52
6
-6
23
50
139
129
134
139
125
139
66
27
-12
-14
-45
2
-42
-16
-31
20
14
-9
-42
-65
-43
-107
-124
-139
-128
-107
-95
-62
-31
-17
71
148
208
240
202
164
131
14
-28
-42
-93
-67
-42
-32
41
50
59
52
-6
-27
-53
-119
-137
-153
-139
-140
-107
-110
-71
-73
-93
-109
-140
-171
-188
-229
-213
-219
-176
-165
-125
-95
-65
-45
75
142
149
171
154
118
21
-29
-25
-101
-78
-14
-37
50
74
74
74
35
31
-14
-23
-108
-93
-74
-61
-44
-28
-29
-12
3
-12
-33
-34
-93
-98
-102
-94
-69
-44
-41
-29
52
103
122
243
312
304
259
199
158
147
19
7
25
55
117
122
145
147
151
143
139
47
3
-5
-28
-14
-29
-6
-27
10
-1
-9
-23
-12
-40
-95
-140
-140
-123
-118
-71
-76
-31
-29
52
123
131
235
242
215
150
135
2
-54
-23
-75
-31
-44
33
84
69
49
20
-2
-10
-21
-108
-126
-137
-131
-78
-109
-93
-76
-67
-66
-139
-140
-174
-225
-208
-209
-200
-187
-151
-108
-95
-47
-13
100
139
166
180
115
139
-14
-62
-65
-94
-54
-82
19
82
83
82
52
33
-25
0
-44
-69
-86
-71
-59
-37
-40
-42
-22
-22
-33
-38
-101
-108
-138
-114
-105
-74
-45
-28
-23
81
146
137
271
303
283
240
175
137
63
1
20
49
84
100
131
149
187
139
126
122
33
-22
-34
-37
-9
-13
4
14
20
36
3
-9
-42
-29
-107
-124
-126
-117
-101
-53
-44
-76
3
85
130
212
257
223
201
159
148
9
-29
-31
-43
-53
52
83
87
64
52
33
4
-28
-63
-117
-118
-138
-106
-103
-83
-65
-81
-95
-109
-143
-158
-195
-220
-233
-204
-197
-169
-118
-109
-77
-76
-31
111
116
155
138
116
43
-14
-35
-106
-123
-21
-44
45
47
74
52
19
-16
-28
-45
-97
-107
-104
-76
-77
-43
-28
-70
-33
-25
-26
-85
-108
-125
-133
-124
-114
-79
-37
-37
29
79
133
245
289
290
254
203
151
142
31
-5
21
70
116
138
133
169
151
134
131
62
17
-13
-13
-11
-44
-11
19
36
19
36
8
-9
-26
16
-103
-111
-126
-102
-81
-38
-39
-17
91
126
158
234
258
191
148
135
20
-7
-25
-59
-29
52
78
86
84
75
55
37
-28
-29
-45
-79
-93
-93
-98
-101
-93
-73
-99
-73
-117
-165
-190
-197
-215
-203
-194
-172
-158
-108
-73
-39
83
119
157
153
137
119
-3
-14
-93
-105
-101
-63
2
61
59
52
54
21
-12
-54
-46
-102
-126
-113
-98
-79
-64
-45
-25
-44
-58
-85
-117
-121
-138
-108
-121
-126
-76
-46
-42
-44
59
117
119
271
271
258
210
153
117
35
19
11
34
105
126
133
154
167
131
138
65
41
11
2
-17
-31
2
11
27
10
2
29
-22
-13
-66
-77
-119
-94
-97
-53
-50
-45
-53
68
121
126
273
278
225
180
118
53
6
-18
-57
-14
70
103
100
100
107
58
24
23
-39
-44
-95
-113
-98
-106
-93
-66
-69
-66
-69
-85
-142
-150
-192
-202
-204
-186
-177
-155
-107
-81
-41
-29
106
133
130
163
167
42
-28
-55
-146
-134
-93
-23
-6
51
49
43
18
-12
-33
-26
-75
-114
-117
-95
-85
-57
-76
-61
-55
-73
-75
-106
-134
-150
-157
-169
-145
-123
-98
-55
-28
-9
126
131
247
263
250
198
113
134
31
-12
-14
34
39
119
137
125
147
151
139
101
48
32
-14
-26
-7
-11
6
20
41
26
23
7
-18
-64
-51
-77
-108
-106
-59
-25
-66
-17
47
119
115
247
273
259
211
162
137
3
-49
-45
-23
39
95
111
117
115
85
66
11
-42
-27
-40
-69
-83
-93
-79
-63
-58
-74
-74
-108
-141
-165
-178
-181
-205
-226
-183
-166
-140
-106
-59
-44
65
110
150
179
143
115
-24
5
-119
-129
-126
-50
-49
-22
42
45
-1
0
-24
-41
-63
-126
-119
-117
-108
-74
-93
-81
-74
-86
-109
-130
-141
-154
-162
-172
-173
-139
-115
-97
-69
-26
71
126
247
247
227
212
146
121
23
-24
-39
-31
34
91
148
131
151
147
119
66
31
7
7
-6
-17
-1
6
3
27
23
36
14
-12
-57
-25
-78
-93
-82
-66
-44
-50
-29
14
90
148
213
272
276
276
193
125
126
-14
-23
-28
-18
49
99
105
111
111
84
47
11
-29
-31
-54
-67
-79
-62
-54
-47
-46
-46
-65
-95
-118
-150
-172
-191
-188
-171
-162
-124
-107
-76
-50
65
137
143
191
153
137
41
-18
-45
-125
-131
-94
-42
-24
33
41
36
27
-43
-43
-45
-109
-140
-140
-124
-108
-108
-69
-42
-34
-70
-98
-125
-145
-168
-170
-193
-169
-139
-76
-76
-28
-21
96
135
242
242
235
194
143
134
14
-5
-23
4
52
101
131
131
141
139
98
81
33
-5
-11
-14
-16
27
19
25
46
53
35
-5
-29
-42
-63
-107
-102
-65
-33
-39
-32
20
95
139
270
308
315
277
203
147
134
-1
1
-29
31
59
126
119
149
134
101
64
19
-7
-1
-28
-76
-59
-45
-44
-47
-29
-44
-38
-29
-101
-140
-177
-185
-186
-181
-151
-107
-85
-63
-41
54
114
134
197
174
148
72
-11
-45
-98
-113
-78
-32
-37
20
20
35
-2
13
-17
-79
-134
-153
-108
-139
-105
-110
-93
-76
-76
-102
-108
-137
-154
-170
-177
-189
-187
-146
-107
-85
-61
-27
52
117
142
235
234
180
139
134
-16
-29
-70
-81
-2
83
117
99
138
121
99
52
27
3
-12
-9
-44
-22
10
20
27
31
-1
11
-23
-41
-37
-94
-101
-62
-34
-33
-44
-13
75
115
131
281
322
299
247
186
135
62
9
43
14
61
111
148
131
144
131
97
54
34
-12
-46
-13
-64
-44
-33
-31
-23
-25
-34
-32
-54
-103
-173
-157
-177
-171
-140
-109
-86
-75
-41
-41
84
142
200
187
163
154
33
-14
-54
-111
-118
-55
-44
34
52
43
62
-12
-29
-53
-108
-140
-138
-151
-131
-136
-139
-71
-103
-53
-121
-111
-145
-184
-206
-217
-202
-159
-149
-103
-71
-51
-17
133
142
214
211
191
131
121
11
-10
-33
-44
-37
59
113
116
119
102
97
49
14
-1
-22
-44
-37
-22
-31
46
3
36
20
-5
-6
-29
-33
-76
-75
-77
-67
-39
-13
-11
75
123
135
247
303
291
275
187
157
116
31
-1
13
51
105
126
126
148
163
130
73
5
17
-47
-14
-77
-28
-37
-63
-45
-57
-40
-41
-33
-99
-114
-149
-171
-156
-147
-123
-82
-65
-44
-33
118
141
207
208
180
147
36
-14
-47
-95
-77
-44
-41
29
46
47
35
14
-22
-45
-108
-138
-156
-156
-137
-144
-141
-117
-111
-102
-123
-131
-169
-189
-211
-224
-218
-191
-149
-126
-97
-65
-37
116
145
230
193
180
148
115
-8
-24
-45
-47
-45
34
85
106
109
79
71
82
20
-18
-31
-33
-40
-34
-34
-38
-42
-5
-12
-14
-13
-33
-69
-97
-102
-113
-77
-44
-35
20
86
155
227
277
321
319
251
203
131
135
20
4
37
84
107
141
135
171
131
155
89
23
27
-1
-44
2
-26
5
-31
-49
-11
-29
-22
-29
-108
-126
-139
-153
-138
-123
-113
-75
-47
-37
74
115
198
233
214
161
139
37
-11
-39
-102
-57
-44
-14
63
55
62
49
-12
-29
-43
-150
-140
-158
-143
-115
-123
-143
-125
-109
-126
-145
-161
-193
-214
-238
-236
-177
-179
-137
-126
-83
-38
-9
123
149
214
180
155
147
7
-22
-54
-83
-44
-37
39
71
85
99
70
68
13
-9
-13
-45
-70
-77
-44
-47
-32
-41
-38
-6
-14
-53
-46
-62
-118
-134
-117
-93
-50
-47
-11
72
131
229
307
308
275
240
163
131
52
17
5
75
99
134
155
167
173
111
121
67
37
19
-24
-23
-29
-14
-7
-21
-28
7
-5
1
-51
-102
-125
-146
-137
-140
-106
-85
-57
-21
-27
99
116
219
250
222
147
126
23
-28
-46
-71
-69
-46
31
75
84
37
21
-25
-27
-22
-104
-126
-149
-126
-130
-101
-85
-75
-101
-134
-161
-202
-204
-225
-246
-222
-231
-204
-173
-138
-117
-49
-54
101
144
186
180
150
147
31
-17
-21
-81
-44
-12
-41
95
67
84
54
34
1
-25
-40
-45
-110
-57
-79
-77
-35
-14
-44
-59
-37
-37
-59
-114
-126
-119
-126
-107
-44
-37
-44
49
99
137
272
307
353
254
197
136
116
20
11
20
91
126
133
119
131
154
126
150
41
10
-1
-14
-5
-33
-11
-6
22
6
10
-55
-9
-33
-108
-125
-124
-131
-93
-76
-61
-43
-26
79
103
199
252
243
198
129
129
-7
-23
-67
-32
-44
41
75
64
74
53
21
-14
-32
-43
-116
-126
-133
-143
-123
-119
-85
-93
-107
-107
-154
-174
-201
-234
-228
-221
-204
-193
-140
-98
-67
-61
63
121
148
176
169
131
5
-34
-29
-105
-75
-58
-44
54
78
65
66
41
-21
-12
-46
-61
-86
-102
-75
-73
-65
-44
-44
-59
-41
-71
-71
-102
-108
-140
-131
-106
-66
-45
-29
43
107
140
278
307
291
243
187
159
126
26
20
35
83
119
134
134
181
150
162
148
53
23
9
20
-35
-1
-2
0
11
14
5
-14
-10
-45
-33
-114
-119
-115
-110
-108
-80
-22
-50
101
154
264
271
262
211
139
131
-12
-21
-27
-2
-43
64
84
84
75
75
71
6
-29
-33
-111
-123
-122
-103
-74
-93
-62
-77
-79
-125
-149
-172
-202
-215
-201
-204
-201
-156
-149
-85
-55
-22
57
133
116
169
133
143
7
-19
-61
-114
-77
-37
-41
27
54
52
52
26
-7
-7
-34
-106
-105
-119
-107
-73
-75
-58
-55
-39
-56
-85
-114
-123
-143
-147
-141
-119
-96
-43
-51
20
115
119
226
279
279
235
186
151
116
39
-8
21
77
147
146
175
170
150
118
123
65
35
19
11
11
1
-9
-27
13
8
10
-22
-45
-27
-74
-98
-113
-113
-95
-95
-57
-28
-25
104
129
262
281
262
195
151
126
-10
-42
-31
-31
37
79
101
117
90
79
53
-1
-39
-65
-119
-101
-113
-97
-43
-76
-67
-108
-108
-113
-139
-165
-188
-203
-204
-191
-179
-143
-113
-107
-55
-44
65
113
148
163
113
126
21
-29
-29
-109
-93
-45
-45
27
47
37
33
3
-27
-29
-99
-123
-125
-117
-85
-93
-25
-37
-50
-29
-73
-105
-113
-137
-170
-177
-143
-121
-95
-44
-44
-33
93
146
240
267
267
223
167
143
55
-5
-14
11
58
101
110
129
147
148
134
133
39
9
-29
-6
-14
-2
41
9
54
23
36
19
-16
-37
-51
-99
-101
-70
-50
-44
-33
6
33
123
139
244
275
242
198
146
126
34
-3
-21
-1
25
73
107
103
109
89
63
27
2
-27
-93
-97
-85
-79
-76
-53
-44
-70
-76
-85
-116
-166
-178
-193
-204
-203
-166
-142
-125
-78
-44
-49
107
142
171
163
151
52
-11
-44
-155
-126
-113
-28
-23
35
35
51
21
5
-22
-28
-79
-134
-128
-126
-125
-131
-102
-79
-79
-82
-81
-107
-140
-175
-185
-197
-156
-134
-110
-75
-5
29
115
148
267
267
215
165
131
47
-12
-27
-23
49
69
129
147
126
129
131
148
58
20
-8
-13
-28
-13
-1
13
38
33
39
18
1
3
-58
-44
-108
-69
-69
-34
-71
-42
51
100
123
231
286
281
253
180
145
116
-17
-37
-14
14
53
119
107
115
106
91
37
3
-10
-44
-79
-97
-79
-93
-78
-63
-51
-41
-76
-101
-125
-157
-183
-193
-187
-183
-149
-106
-93
-53
-37
91
135
134
162
130
126
21
-42
-86
-139
-105
-53
-37
35
11
27
-8
20
-35
-25
-55
-94
-126
-105
-124
-111
-129
-115
-83
-70
-94
-115
-129
-166
-181
-177
-183
-149
-125
-98
-53
-35
84
135
195
254
226
157
114
57
-12
-34
-33
3
43
95
117
139
141
113
98
54
21
4
-22
-21
-13
-27
63
27
55
39
29
14
-11
-31
-29
-57
-101
-93
-65
-38
-21
-25
47
111
145
243
305
285
227
170
131
46
-12
-9
4
75
93
109
119
112
91
78
35
1
-28
-40
-44
-59
-66
-49
-69
-42
-29
-39
-65
-85
-123
-157
-167
-165
-169
-133
-140
-97
-69
-43
-32
114
114
165
179
126
118
-9
-27
-102
-125
-71
-42
-17
17
19
14
35
3
-10
-5
-126
-113
-145
-129
-121
-101
-100
-75
-71
-81
-105
-142
-171
-177
-172
-198
-161
-143
-121
-97
-65
-37
25
101
139
223
208
158
135
90
2
-41
-44
-19
35
83
106
115
119
97
88
55
25
13
-11
-12
-21
-29
-21
-1
-11
16
-2
8
-17
25
-25
-38
-93
-74
-44
-44
-35
-7
72
142
169
282
285
275
217
187
133
45
5
7
29
64
106
137
97
179
106
85
38
0
-12
-108
-44
-17
-23
-28
-12
-50
-44
20
-34
-77
-109
-141
-142
-171
-153
-125
-115
-97
-55
-38
2
118
143
199
179
129
122
7
-32
-49
-98
-105
-49
-70
51
48
25
5
-8
-29
-39
-134
-141
-154
-172
-140
-138
-107
-108
-64
-76
-133
-115
-172
-157
-185
-178
-171
-173
-111
-105
-76
-14
-33
114
147
199
187
166
148
43
7
-12
-34
-18
14
79
89
116
95
98
66
39
1
-12
-18
-41
-8
-41
-25
14
29
24
11
-17
-22
-19
-33
-61
-74
-66
-45
-47
-31
37
68
121
142
266
287
281
199
179
177
118
11
5
25
82
119
123
139
121
131
83
38
43
-35
-26
-62
-35
-37
-16
-55
-18
-5
-10
-20
-29
-74
-115
-128
-153
-129
-111
-142
-85
-49
-43
36
99
155
181
177
145
119
23
-26
-42
-102
-69
-33
-28
42
42
22
19
-13
-21
-39
-107
-140
-137
-143
-146
-119
-103
-125
-95
-117
-135
-151
-193
-172
-202
-190
-178
-140
-146
-111
-75
-24
-69
121
133
167
182
131
131
36
-11
-44
-42
-72
-38
47
80
57
85
84
54
14
-7
-34
-28
-59
-61
-47
-35
-44
3
-26
14
-19
-19
-9
-71
-70
-76
-62
-45
-28
-29
31
82
142
153
267
307
263
227
180
121
131
19
9
23
87
84
116
133
167
123
139
68
26
-22
-5
-58
-35
-45
-51
-43
35
-11
-27
-46
-55
-81
-111
-126
-139
-109
-93
-77
-49
-44
-28
67
129
131
197
164
186
137
20
-5
-33
-78
-29
-21
-25
33
51
36
37
-2
-27
-43
-134
-151
-155
-151
-133
-109
-108
-103
-105
-119
-149
-156
-152
-191
-203
-204
-186
-155
-140
-113
-108
-16
-2
97
135
103
158
151
130
14
-21
-33
-55
-44
-41
33
83
72
84
55
33
-13
-26
-13
-62
-75
-63
-54
-54
-28
-9
-13
5
-14
-44
-55
-97
-54
-76
-57
-43
-44
-31
39
78
138
209
253
276
257
215
149
164
47
25
35
42
86
142
138
119
114
149
105
46
24
-6
-14
-29
-58
-27
12
-4
1
-5
-26
-17
-37
-76
-110
-107
-131
-93
-66
-86
-44
-29
37
98
136
196
227
180
139
129
20
-11
-44
-29
-27
-13
20
20
36
37
3
-11
-18
-31
-119
-129
-145
-117
-111
-109
-108
-93
-93
-122
-149
-171
-173
-189
-214
-199
-177
-156
-143
-135
-61
-35
-10
111
138
135
149
103
36
19
-59
-45
-61
-1
-38
40
54
61
47
59
9
-12
-27
-63
-93
-125
-77
-75
-44
-59
-29
-42
-29
-44
-79
-85
-106
-93
-83
-76
-57
-59
-38
20
91
147
223
271
270
244
210
155
126
34
19
20
75
99
147
93
121
135
131
66
43
-1
5
-14
-18
-26
4
19
24
14
2
-5
-35
-42
-93
-108
-107
-114
-75
-62
-17
-57
-29
67
141
131
223
215
212
158
133
19
-1
-22
-28
-19
31
49
62
52
49
25
-25
-43
-69
-121
-133
-125
-125
-85
-108
-98
-77
-109
-125
-130
-156
-185
-204
-203
-189
-182
-156
-108
-114
-108
-45
19
115
116
151
126
142
25
-59
-26
-78
-66
-66
-25
14
46
43
42
23
-12
-32
2
-86
-93
-119
-103
-66
-40
-44
-25
-33
-43
-69
-93
-101
-108
-103
-101
-65
-62
-21
-28
31
84
122
212
273
250
235
179
147
130
35
14
39
78
111
119
129
135
132
133
78
55
29
3
-26
-34
-33
-13
3
10
5
36
-12
-2
-27
-26
-97
-81
-125
-76
-47
-13
-29
-7
111
129
217
249
214
187
121
75
-2
4
-33
-27
7
57
77
70
83
24
19
-14
-45
-49
-94
-117
-101
-84
-106
-73
-80
-83
-77
-109
-129
-158
-173
-178
-179
-185
-149
-140
-151
-94
-97
-17
64
134
147
129
135
70
8
-23
-44
-108
-73
-29
-44
7
42
17
14
7
22
-28
-12
-61
-97
-95
-79
-75
-72
-53
-48
-59
-75
-78
-119
-108
-126
-133
-141
-86
-71
-61
-29
-9
99
143
244
254
245
207
161
135
58
22
17
14
81
93
131
125
138
138
123
53
25
9
2
-12
31
-9
5
14
39
29
20
4
-9
-14
-25
-61
-77
-57
-76
-59
-38
-29
7
63
136
171
243
230
201
159
141
35
1
-14
-28
14
52
81
73
63
65
31
1
-37
-37
-45
-105
-66
-74
-65
-75
-71
-85
-77
-109
-121
-141
-157
-157
-177
-182
-162
-169
-172
-129
-71
-61
84
116
125
133
123
54
-10
-37
-41
-126
-96
-27
-37
-31
11
35
31
5
-39
-31
-54
-101
-117
-106
-95
-71
-85
-47
-65
-47
-65
-93
-109
-131
-113
-126
-108
-103
-75
-58
-41
-32
7
95
135
221
229
238
183
162
137
20
18
18
27
80
99
117
126
131
117
83
61
51
19
16
20
19
18
26
-5
31
40
0
-11
-24
-44
-31
-44
-67
-45
-36
-70
-32
1
52
96
135
245
228
231
201
151
115
29
-37
-17
-7
37
62
83
86
88
58
31
3
-25
-28
-37
-82
-77
-67
-61
-61
-58
-46
-75
-93
-129
-126
-156
-155
-171
-167
-156
-123
-125
-105
-96
-35
-40
88
129
137
151
107
21
-45
-43
-85
-118
-69
-9
-74
-29
20
29
-5
-13
-31
-66
-94
-105
-95
-76
-55
-71
-82
-54
-93
-76
-94
-119
-118
-126
-141
-126
-111
-102
-79
-41
-37
-16
75
130
133
244
240
199
153
148
37
-5
-12
9
46
83
125
138
113
118
91
70
35
13
8
11
9
7
33
27
40
35
18
11
-1
8
-37
-47
-58
-28
-58
-20
-13
20
43
86
118
133
230
246
237
175
171
137
19
-21
-21
-5
50
77
107
91
73
53
31
2
-12
-18
-47
-37
-45
-76
-64
-45
-61
-69
-65
-106
-123
-138
-162
-169
-156
-153
-134
-123
-81
-93
-41
-29
79
125
138
135
148
70
-7
-26
-113
-129
-93
-59
-33
-29
35
14
-3
-6
-51
-27
-108
-111
-121
-117
-119
-83
-83
-85
-64
-85
-111
-121
-130
-134
-146
-140
-126
-121
-81
-54
-37
-29
-14
101
126
209
225
201
171
117
74
7
-14
7
21
91
91
131
102
118
83
47
50
22
7
-11
27
20
26
20
20
20
18
-9
-4
-11
-43
-16
-41
-10
-29
-61
-72
-59
18
65
126
133
246
271
244
212
165
133
38
11
-9
9
43
84
101
90
93
84
82
18
-14
-37
-31
-25
-41
-55
-44
-21
-41
-41
-49
-77
-108
-135
-165
-155
-147
-141
-131
-109
-75
-63
-51
-29
55
126
138
149
138
137
21
-27
-53
-125
-77
-87
-49
-28
-5
-5
2
5
1
-27
-101
-117
-118
-119
-106
-111
-76
-93
-79
-105
-96
-113
-140
-133
-153
-160
-163
-123
-96
-78
-54
-44
-41
84
123
158
214
201
176
126
62
-10
-13
-22
11
44
79
103
111
101
79
81
43
-14
11
-3
-5
10
13
31
19
25
24
22
5
-7
-44
-28
-43
-49
-57
-26
-18
-58
14
47
103
137
223
258
271
235
205
128
138
6
-12
42
35
74
95
85
89
79
59
48
26
-13
-31
-44
-37
-44
-28
-27
-44
-28
-37
-63
-109
-130
-145
-122
-163
-139
-126
-106
-98
-76
-55
-33
-6
100
128
116
151
155
63
3
-43
-96
-107
-83
-18
-28
-27
9
11
-26
-45
-17
-108
-121
-118
-126
-110
-117
-97
-76
-69
-101
-107
-111
-145
-151
-156
-163
-145
-136
-107
-98
-106
-63
-46
-53
77
119
119
212
199
170
148
37
3
-27
-26
17
55
93
107
99
116
84
62
23
7
-25
-5
-12
-5
31
19
20
27
27
14
2
-6
-44
-29
-43
-67
-62
-12
-50
6
41
25
86
116
126
231
259
251
213
147
132
39
-12
14
33
52
95
103
95
84
52
31
-5
-3
-14
-12
-29
-35
-29
-29
-33
-33
-44
-24
-71
-101
-133
-152
-130
-143
-131
-123
-108
-99
-65
-54
-49
70
111
119
116
143
165
17
-12
-46
-135
-81
-55
-38
-38
21
37
-12
2
-27
-53
-109
-125
-133
-125
-145
-123
-99
-63
-106
-59
-119
-126
-166
-173
-182
-177
-153
-149
-143
-83
-67
-70
-50
-23
99
134
182
184
159
139
69
13
-5
-38
-25
29
59
100
89
85
70
73
34
35
2
-9
-23
-28
-39
5
-7
23
20
13
-1
-26
-33
-49
-16
-58
-37
-38
-44
51
-11
33
75
116
143
243
271
258
211
171
147
62
29
19
45
51
103
84
116
99
81
35
39
-23
-38
-22
-39
-26
-5
-27
-13
-8
-27
-28
-33
-103
-107
-140
-137
-137
-126
-81
-77
-62
-45
-34
-21
74
122
131
181
166
147
36
-14
-16
-54
-71
-51
-37
-5
19
9
1
-44
-28
-55
-95
-108
-122
-118
-114
-109
-99
-113
-81
-71
-101
-113
-135
-145
-169
-177
-133
-125
-113
-57
-71
-29
-39
49
103
133
211
213
179
145
116
13
-22
-14
14
39
85
101
105
98
102
75
38
20
18
-6
-1
-25
0
25
29
31
35
13
20
-28
-45
-39
-38
-44
-37
-27
5
31
54
67
113
126
148
259
278
291
238
187
111
126
52
52
74
77
122
131
144
107
78
53
31
13
-12
-17
-46
-5
5
-14
-6
-10
-5
-25
-12
-45
-106
-115
-109
-126
-101
-111
-67
-49
-45
-53
-28
116
115
150
184
161
143
57
-1
-28
-49
-71
-44
-50
2
21
17
-2
-12
-28
-38
-57
-139
-117
-119
-140
-72
-110
-98
-107
-99
-101
-110
-133
-151
-162
-137
-145
-128
-109
-93
-61
-72
-55
-37
84
116
142
196
181
145
145
36
-1
-32
0
19
67
89
87
90
84
75
61
21
3
-23
-25
-14
-5
20
14
31
34
20
10
-12
-11
-29
-43
-54
-63
-12
10
20
37
37
86
115
149
227
286
275
230
207
151
145
52
40
52
91
99
135
125
126
114
84
63
19
-28
23
-28
-45
-12
-6
20
-9
-3
-5
-6
-42
-45
-85
-119
-108
-80
-71
-53
-54
-39
-42
-34
46
105
131
173
162
137
129
16
-21
-37
-45
-38
-25
-12
5
20
10
5
-7
-42
-29
-93
-133
-145
-129
-111
-85
-76
-73
-72
-109
-126
-130
-142
-161
-156
-150
-122
-109
-93
-75
-69
-81
-29
84
115
157
178
169
131
119
17
3
-33
-31
10
39
78
81
75
84
38
14
5
-25
-26
-44
-39
-28
-7
21
-5
20
-9
-1
5
-23
-28
-32
-21
-39
-28
-13
27
36
48
86
116
189
265
265
247
217
166
143
122
17
7
34
74
97
131
106
115
109
86
19
-8
-37
-38
-71
-61
-46
-46
-17
-13
-27
-28
-23
-45
-101
-119
-109
-77
-104
-76
-49
-35
-37
-33
-12
87
143
129
175
148
137
29
-28
-51
-86
-65
-29
-45
25
24
-7
-10
-1
-45
-104
-133
-149
-134
-141
-135
-140
-97
-65
-106
-155
-145
-149
-175
-185
-184
-178
-146
-117
-121
-81
-81
-39
-28
5
116
126
106
130
145
34
-27
-14
-45
-17
-25
18
37
81
67
47
47
16
-9
-29
-48
-62
-57
-42
-10
-44
-41
-5
-6
-12
-25
-17
-44
-59
-59
-44
-45
-29
-35
27
58
107
134
206
245
259
231
203
157
119
39
35
51
52
95
121
123
122
91
75
52
11
-4
-27
-65
-26
-29
-51
-25
-27
-18
-31
-31
-41
-65
-99
-107
-93
-69
-59
-66
-66
-57
-53
57
116
137
159
181
113
126
51
-17
-29
-41
-48
-21
-28
25
1
33
9
-18
-37
-37
-122
-139
-140
-142
-113
-119
-93
-110
-96
-126
-114
-155
-151
-165
-153
-167
-157
-161
-118
-101
-77
-46
-26
75
137
160
134
116
80
38
21
-12
-29
-44
-73
27
52
42
46
43
9
-14
-29
-59
-63
-55
-66
-45
-49
-38
-29
-21
-40
-37
-49
-49
-71
-55
-57
-44
-44
-29
5
39
84
119
185
238
243
244
201
144
129
55
63
53
63
99
137
135
139
126
99
65
-2
-14
-42
-5
-13
-11
-17
-12
33
-12
-28
-12
-42
-57
-80
-57
-59
-57
-37
-44
-25
-37
-2
59
116
133
207
179
155
148
67
46
-12
-37
-45
-9
33
50
43
35
20
-34
-9
-9
-117
-122
-126
-134
-119
-109
-85
-98
-108
-125
-142
-155
-166
-165
-187
-171
-157
-140
-146
-115
-103
-70
-51
84
118
131
126
75
27
-22
-40
-34
-73
-59
-95
29
20
36
20
20
-21
-29
-37
-94
-106
-85
-81
-53
-73
-57
-45
-63
-65
-81
-57
-85
-62
-71
-79
-67
-44
-28
-14
63
123
121
218
233
209
164
137
137
55
36
46
75
77
121
126
119
107
113
61
20
14
-13
-39
-45
-18
-8
5
11
-16
-3
-27
-13
-33
-44
-33
-58
-29
-42
-35
-74
-51
51
107
143
205
199
181
137
148
39
3
-25
-13
2
39
31
39
42
26
14
-9
-34
-62
-112
-102
-117
-109
-119
-99
-108
-106
-108
-117
-140
-140
-141
-154
-161
-145
-142
-137
-107
-76
-46
-38
82
122
102
84
58
9
1
-76
-58
-76
-57
-22
-23
-5
-1
-28
-11
-46
-18
-97
-103
-101
-117
-121
-108
-93
-76
-77
-81
-81
-78
-79
-101
-79
-66
-85
-73
-62
-29
36
107
144
178
189
185
161
125
131
55
36
36
49
63
85
98
94
94
84
69
58
13
-9
-5
-5
-11
11
4
-17
-14
-17
-43
-20
-22
-41
-21
-41
-41
-13
18
42
91
126
171
191
198
168
130
123
57
38
26
18
47
34
66
51
63
52
42
19
-12
-25
-47
-62
-66
-76
-99
-93
-65
-95
-82
-131
-133
-119
-121
-113
-126
-108
-108
-67
-40
-28
75
116
119
100
71
45
14
-26
-39
-39
-40
-28
-10
-55
-27
-38
4
-29
-55
-114
-108
-125
-125
-108
-109
-129
-138
-140
-126
-121
-119
-109
-140
-138
-117
-73
-76
-55
-41
67
111
135
143
148
148
131
67
25
23
14
29
34
57
57
61
73
57
22
9
5
-14
-12
-31
-28
-12
-25
-11
-18
1
3
-17
-29
-41
-14
-22
-9
27
67
107
119
131
211
231
200
176
155
163
87
64
79
82
89
63
59
59
75
52
11
7
-29
-39
-21
-78
-58
-44
-78
-47
-41
-65
-77
-73
-106
-93
-101
-62
-71
-49
-38
-9
78
126
133
116
137
83
27
5
-23
-37
-29
-28
-29
-5
-21
-19
-17
-43
-44
-76
-85
-121
-141
-129
-145
-145
-155
-140
-150
-147
-140
-146
-156
-143
-158
-135
-115
-97
-69
-31
40
91
114
119
102
65
55
11
-7
-27
20
-3
25
20
24
38
27
14
-9
-19
-39
-43
-46
-23
-50
-57
-44
-38
-34
-44
-63
-43
-48
-59
-39
-43
-45
-32
16
59
121
131
199
210
205
206
166
133
119
67
75
114
113
87
109
115
95
93
63
59
20
-1
-10
-1
-12
-21
-51
-23
-26
-25
-25
-29
-37
-61
-57
-67
-44
-44
-28
5
51
115
135
138
129
150
141
84
39
31
7
-9
17
14
14
20
18
-6
-12
-12
-45
-52
-99
-105
-114
-123
-134
-117
-113
-125
-139
-145
-139
-153
-143
-153
-125
-126
-113
-75
-43
-49
56
79
66
47
33
9
-2
9
-33
-14
-39
-6
3
-27
-27
-2
-17
-28
-44
-35
-63
-77
-85
-105
-85
-87
-94
-76
-74
-102
-98
-97
-59
-80
-63
-44
-37
-32
45
95
148
143
116
165
137
146
134
110
71
71
78
83
100
91
113
105
85
84
59
20
7
4
3
20
-28
-31
-25
-9
-21
-45
-1
-37
-43
-58
-27
-21
19
11
25
71
110
119
142
116
129
131
123
84
57
54
52
57
57
58
43
55
47
40
17
-9
-12
-27
-34
-76
-105
-93
-64
-95
-112
-114
-119
-123
-141
-137
-118
-113
-109
-75
-59
-25
-39
26
50
47
59
47
35
23
-21
-39
-22
-9
-22
-34
-3
-33
-21
-49
-41
-59
-50
-77
-85
-113
-118
-130
-121
-108
-110
-106
-112
-108
-121
-121
-109
-113
-105
-74
-55
-28
-23
46
58
88
111
100
98
98
76
73
78
67
72
82
83
81
69
67
73
47
51
25
33
19
9
-12
-9
-5
3
-1
3
-7
7
-28
-45
-1
-11
-11
19
7
48
61
84
117
145
123
149
142
112
147
142
139
91
83
84
91
89
68
47
47
35
25
-14
-5
-23
5
-32
-43
-51
-43
-35
-67
-74
-85
-102
-94
-101
-82
-78
-66
-62
-33
-44
-39
14
35
33
37
49
46
63
23
25
-3
-5
-11
-13
-29
-27
-23
-18
-44
-9
-77
-86
-81
-105
-123
-108
-140
-149
-134
-121
-134
-140
-153
-122
-119
-109
-113
-103
-43
-73
-74
-19
11
1
22
62
67
52
55
52
52
14
35
37
37
38
47
27
38
53
22
51
23
4
3
-17
-14
-27
-1
-11
-12
-21
-34
-24
-28
-5
-12
22
23
35
42
50
68
87
111
105
105
134
118
138
119
134
154
139
129
113
84
52
87
79
82
87
40
49
7
10
8
14
7
-21
-29
-40
-44
-50
-39
-37
-72
-54
-37
-44
-28
-29
-37
-14
-6
9
6
27
37
52
58
50
40
58
33
21
9
21
-1
-3
3
5
-28
-31
-7
-51
-28
-85
-81
-123
-109
-126
-140
-117
-113
-145
-143
-126
-135
-138
-121
-109
-103
-79
-67
-51
-39
-27
-51
-69
-18
33
55
66
53
35
14
-10
10
-25
6
19
38
16
33
25
-14
-9
-28
-16
-13
-26
-38
2
-13
-6
-1
-25
-11
-6
-1
3
5
6
41
19
51
51
81
