-10
-14
-23
-18
-28
-25
-12
-14
-15
-18
-12
-26
-18
-27
-39
-43
-47
-59
-44
-67
-61
-67
-57
-71
-58
-66
-54
-45
-54
-65
-53
-48
-45
-42
-37
-42
-37
-33
-44
-28
-49
-44
-34
-44
-30
-23
-28
-17
-24
-23
-11
-12
-14
2
-2
2
2
1
7
7
3
-2
9
25
21
35
40
29
37
43
51
52
47
49
49
50
36
65
57
63
79
75
68
79
78
82
82
85
94
66
84
78
72
85
77
79
71
70
84
53
52
52
54
55
59
70
69
51
63
50
43
50
36
41
35
35
27
26
30
26
19
23
15
13
20
20
14
26
20
12
-1
-11
-7
-9
-5
5
-2
-17
-6
-14
-21
-21
-12
-24
-29
-32
-21
-38
-48
-45
-45
-61
-43
-57
-61
-61
-55
-45
-44
-50
-49
-55
-46
-39
-49
-53
-44
-35
-44
-35
-32
-37
-44
-44
-44
-44
-28
-21
-22
-23
-28
-10
-17
-28
-6
-12
-1
5
-2
15
16
5
20
15
27
39
-43
21
39
46
26
36
39
45
34
43
45
52
52
50
52
61
59
75
74
78
83
58
84
82
71
80
81
85
84
87
82
86
79
71
78
84
87
59
50
51
52
67
66
63
58
61
57
59
52
47
51
35
37
37
37
35
27
26
27
22
20
21
11
30
11
19
9
15
13
1
-1
-7
-22
-12
-17
-10
-5
-1
-12
-18
-5
-21
-26
-23
-41
-27
-30
-49
-35
-43
-53
-47
-49
-44
-58
-43
-54
-43
-50
-51
-44
-44
-54
-44
-48
-41
-39
-34
-19
-29
-39
-28
-37
-16
-23
-28
-27
-15
-25
-1
-6
-12
-18
1
-5
-7
20
17
15
3
12
10
14
6
19
42
33
29
39
49
36
52
45
43
52
63
51
57
58
59
52
69
78
82
84
88
79
70
75
84
82
89
86
81
84
80
87
61
75
83
63
52
52
55
50
53
64
63
66
59
53
41
38
38
36
38
38
45
30
30
20
21
20
27
9
15
21
20
22
14
15
4
-12
1
5
1
-23
-1
10
-9
-56
53
-13
-25
-14
-30
-21
-27
-33
-40
-27
-45
-37
-32
-44
-50
-43
-49
-41
-43
-53
-39
-54
-41
-45
-53
-45
-30
-47
-33
-27
-15
-21
-27
-41
-16
-57
-23
-16
-25
-26
-17
-2
-6
-13
-14
-11
15
17
10
20
15
13
25
14
26
21
19
41
36
35
42
34
55
37
40
51
52
43
52
53
63
59
55
73
80
90
87
77
94
86
77
83
85
84
87
84
91
83
87
67
78
85
77
55
65
82
71
56
67
58
81
61
61
49
55
43
43
45
37
32
41
26
49
23
36
20
17
25
14
15
14
19
15
19
2
1
-1
-7
1
-13
6
-6
6
-12
-12
-6
-15
-21
-26
-27
-23
-45
-37
-29
-39
-49
-30
-59
-60
-47
-51
-61
-60
-43
-49
-45
-44
-45
-47
-37
-30
-29
-34
-28
-28
-29
-29
-14
-12
-28
-30
-7
9
-6
-21
-9
2
-5
-9
-3
9
9
9
21
20
22
11
30
19
21
19
35
36
55
59
49
49
52
47
47
67
57
43
75
79
50
55
74
79
78
84
84
93
95
84
95
84
83
87
85
85
98
84
83
83
81
69
73
59
59
58
73
66
71
58
63
57
52
46
52
53
48
41
47
49
27
25
37
34
20
22
21
27
37
21
23
21
-12
6
5
3
7
-3
-7
-13
-12
-1
-12
-5
-12
-19
-27
-15
-30
-35
-30
-43
-39
-30
-33
-29
-45
-43
-44
-34
-44
-42
-27
-41
-35
-44
-53
-30
-18
-33
-25
-29
-41
-30
-30
-37
-33
-30
-28
-13
-9
-6
-22
-3
-13
-7
-5
-2
13
11
18
9
14
27
11
22
16
8
25
48
51
53
47
51
43
50
43
42
57
45
50
53
63
66
71
78
74
89
85
83
84
85
99
85
87
85
85
97
75
82
99
84
85
84
66
67
45
56
55
56
49
65
61
52
52
41
39
41
30
42
50
52
50
51
51
30
41
22
21
23
37
19
21
15
17
7
-1
-25
1
-12
-3
-2
-12
-12
-11
-9
-23
-33
-26
-18
-27
-21
-28
-27
-43
-28
-30
-44
-37
-28
-25
-42
-38
-39
-42
-71
-76
-87
-71
-103
-83
-65
-59
-45
-44
-30
-28
-40
0
75
102
105
63
4
-9
-37
-81
-96
-82
-57
-45
51
79
77
63
25
35
19
-12
-44
-21
-43
-29
-15
35
22
49
51
2
-6
-28
-30
-9
-9
25
61
84
121
141
251
227
180
131
59
27
4
11
15
59
103
137
137
155
139
151
130
51
-2
-12
-35
-23
20
41
23
18
-5
-22
-26
-16
-8
26
74
142
265
266
197
150
20
-17
-45
-101
-101
-45
-43
100
127
131
116
81
51
18
-17
-45
-118
-135
-107
-73
-53
-57
-44
-44
-59
-109
-123
-165
-178
-146
-82
-30
66
147
239
187
144
-17
-44
-158
-204
-195
-159
-76
-40
82
110
91
81
30
-8
-30
-134
-187
-172
-142
-117
-101
-77
-63
-63
-65
-107
-127
-108
-77
-47
-28
112
246
279
219
146
33
-22
-35
-122
-130
-65
-22
126
147
148
153
143
141
111
-1
-44
-86
-83
-57
-30
-50
-33
15
21
4
-26
-30
-30
-30
75
124
278
393
402
320
209
138
-11
-44
-104
-94
-33
71
147
241
242
198
167
133
123
12
-38
-87
-121
-109
-74
-53
-50
-37
-28
-16
-93
-119
-138
-118
-41
-33
113
276
372
354
248
133
-12
-109
-171
-185
-168
-79
-25
133
145
190
147
130
47
-18
-33
-190
-236
-242
-202
-187
-172
-165
-133
-139
-153
-174
-198
-186
-149
-130
-47
99
266
323
288
165
79
-39
-161
-217
-239
-183
-69
30
132
191
170
147
102
25
-28
-39
-174
-186
-204
-146
-141
-127
-93
-65
-71
-111
-104
-140
-137
-76
-44
38
133
339
399
387
246
130
-1
-28
-129
-157
-85
-33
135
267
305
276
212
163
148
103
5
-19
-123
-124
-97
-57
-43
-53
-45
-37
-10
-37
-25
-37
-61
-27
46
142
371
473
419
307
148
6
-42
-115
-159
-118
-23
110
229
276
234
180
147
139
22
-22
-44
-134
-151
-167
-176
-171
-160
-145
-127
-108
-97
-127
-114
-130
-105
-81
-37
131
339
379
325
171
3
-25
-204
-257
-268
-181
-49
74
130
190
147
148
30
-14
-37
-134
-190
-203
-234
-222
-224
-210
-197
-172
-141
-130
-133
-157
-149
-142
-117
-95
-25
135
355
411
345
181
84
-33
-159
-202
-215
-127
-30
137
246
261
194
147
131
49
10
-37
-49
-117
-147
-146
-166
-140
-123
-107
-80
-47
-38
-44
-42
-29
-41
-32
71
146
395
485
450
329
155
49
-28
-107
-147
-79
-23
142
276
322
276
217
159
131
34
-12
-33
-45
-85
-108
-146
-167
-141
-130
-123
-85
-70
-70
-69
-54
-75
-55
-38
18
147
408
419
335
177
122
-44
-155
-223
-216
-122
-44
138
235
215
166
137
84
-3
-50
-136
-170
-170
-183
-195
-223
-234
-227
-236
-223
-194
-186
-193
-161
-154
-140
-129
-76
-42
139
361
355
231
130
-22
-134
-205
-251
-235
-134
-33
123
197
185
162
129
47
-18
-28
-117
-150
-161
-141
-165
-171
-181
-175
-167
-166
-134
-137
-98
-97
-78
-56
-34
-41
102
291
419
419
324
177
55
-29
-120
-191
-143
-34
113
212
309
294
245
181
149
130
20
-25
-26
-25
-41
-49
-94
-119
-135
-109
-107
-82
-61
-42
-25
-28
4
-12
43
122
340
447
419
287
142
15
-28
-149
-200
-144
-49
107
135
246
218
183
137
127
30
-21
-33
-95
-78
-95
-153
-210
-239
-251
-226
-197
-171
-141
-81
-50
-73
-78
-76
-47
52
276
335
277
145
17
-47
-169
-234
-278
-223
-103
-33
135
135
141
142
51
30
-22
-114
-155
-142
-123
-140
-179
-225
-257
-267
-246
-221
-183
-153
-93
-74
-65
-28
-73
-30
84
267
368
345
219
141
-28
-43
-178
-232
-168
-37
97
145
255
226
183
137
143
51
-26
-27
-37
-29
-37
-76
-128
-149
-169
-150
-126
-85
-63
-29
-27
33
26
22
42
126
349
463
449
331
175
131
-5
-38
-134
-134
-47
109
126
279
255
223
180
127
87
11
-37
-33
-44
-54
-69
-143
-153
-186
-179
-173
-153
-139
-108
-58
-29
-45
-29
-28
67
133
357
363
259
149
-22
-41
-172
-226
-221
-123
-29
116
145
177
137
123
46
-25
-29
-134
-156
-153
-133
-186
-190
-249
-224
-274
-268
-231
-236
-183
-135
-121
-93
-95
-65
-44
147
285
318
248
139
-13
-38
-165
-221
-234
-157
-47
90
139
175
148
146
66
34
-12
-37
-97
-99
-70
-83
-104
-155
-174
-198
-192
-165
-154
-119
-52
-34
-19
17
9
33
134
340
390
355
233
131
15
-15
-30
-143
-93
-37
128
245
262
244
197
174
143
128
16
-2
-14
-14
11
-17
-28
-109
-149
-154
-137
-127
-76
-47
-33
-25
10
14
27
98
244
373
359
277
148
19
-33
-129
-177
-173
-78
-22
131
117
168
145
116
71
20
-43
-71
-119
-101
-93
-114
-133
-169
-205
-215
-220
-225
-186
-181
-134
-115
-101
-69
-71
-30
99
155
287
241
133
-8
-40
-172
-241
-248
-177
-81
-28
115
147
122
87
49
3
-19
-82
-140
-137
-104
-108
-126
-147
-169
-204
-200
-213
-206
-175
-131
-93
-51
-55
-30
3
87
149
339
338
244
141
21
-26
-93
-144
-143
-47
-21
137
212
206
171
158
137
69
19
-10
-11
-8
18
3
-12
-28
-93
-120
-127
-114
-103
-73
-15
24
39
52
37
71
135
331
371
347
230
148
14
-37
-78
-121
-83
-40
126
141
207
197
149
143
87
21
-23
-30
-44
-43
-54
-78
-110
-141
-174
-207
-193
-169
-152
-121
-73
-29
-44
-38
-19
57
139
283
278
201
144
-23
-34
-162
-218
-199
-141
-37
79
117
99
71
37
3
-29
-44
-133
-136
-124
-121
-129
-157
-221
-236
-224
-230
-203
-189
-165
-111
-76
-53
-69
-57
-50
109
248
293
248
150
127
-29
-108
-171
-184
-122
-1
63
141
122
133
148
129
42
7
-21
-29
-39
-37
-16
-19
-122
-141
-162
-159
-141
-113
-74
-26
-37
37
59
55
74
129
293
376
377
291
179
143
7
-25
-97
-71
-33
116
137
234
232
173
148
143
61
13
-11
1
-2
-9
-33
-38
-109
-141
-153
-155
-133
-114
-77
-33
-28
-21
-2
3
51
135
281
319
267
171
137
-11
-30
-167
-183
-120
-26
75
128
150
134
85
50
-11
-27
-34
-107
-111
-103
-139
-173
-193
-233
-242
-246
-215
-219
-199
-149
-109
-87
-85
-93
-42
14
102
233
230
159
129
7
-49
-151
-223
-181
-85
-38
102
145
141
99
64
23
11
-29
-44
-93
-95
-109
-108
-140
-165
-187
-190
-180
-161
-138
-103
-45
-37
-17
9
22
94
137
323
357
279
181
129
-7
-44
-107
-82
-37
67
142
238
244
203
179
146
147
61
23
10
7
3
-10
-30
-44
-97
-133
-99
-111
-101
-65
-51
-35
25
37
39
83
139
311
375
342
246
134
55
-12
-37
-123
-97
-22
91
131
180
163
143
128
39
20
-21
-37
-45
-119
-121
-171
-151
-135
-194
-201
-207
-205
-144
-113
-140
-70
-76
-54
-34
-28
107
146
270
225
148
8
-40
-156
-199
-209
-163
-57
-17
99
100
98
52
6
-9
-7
-34
-123
-123
-140
-142
-158
-169
-193
-218
-213
-197
-190
-167
-140
-95
-56
-30
-29
-22
84
148
298
326
261
151
52
-8
-30
-143
-108
-37
38
133
149
186
165
123
143
67
-9
-12
-41
-40
-39
-39
-57
-73
-83
-94
-105
-105
-87
-67
-30
-29
41
55
54
97
129
318
381
357
291
191
131
11
-25
-97
-61
-46
117
138
206
182
161
126
133
21
-3
-39
-43
-33
-53
-61
-101
-122
-155
-161
-182
-172
-155
-123
-95
-51
-28
-41
2
35
135
207
279
251
163
131
-14
-48
-140
-157
-131
-44
-18
104
106
85
84
19
-13
-41
-127
-140
-159
-138
-142
-167
-192
-204
-211
-230
-236
-238
-216
-172
-121
-82
-54
-55
-57
-44
113
137
270
243
162
131
-11
-30
-130
-157
-111
-43
84
137
143
142
131
74
30
-5
-28
-45
-67
-65
-72
-78
-98
-127
-134
-141
-150
-124
-140
-93
-14
-19
1
37
49
102
142
339
363
326
239
158
135
20
-18
-44
-37
85
135
212
222
204
153
138
139
61
-1
-21
-34
-37
-43
-33
-75
-82
-108
-122
-123
-123
-109
-106
-53
-46
-25
6
15
73
135
278
309
264
179
130
19
-13
-118
-127
-93
-30
83
131
138
127
79
32
-12
-12
-43
-123
-109
-109
-122
-127
-146
-197
-224
-229
-237
-221
-204
-187
-154
-111
-83
-77
-55
-28
114
118
243
197
134
2
-19
-110
-143
-149
-109
-93
43
105
123
86
68
25
-22
-29
-30
-107
-105
-98
-85
-129
-133
-167
-166
-173
-177
-172
-158
-123
-60
-42
-44
-26
21
82
148
297
330
295
194
149
30
-25
-37
-76
-24
72
129
175
222
210
164
145
126
52
20
-10
-17
6
-7
-17
-15
-44
-71
-98
-113
-93
-98
-85
-44
-37
20
37
52
115
133
315
355
310
221
129
43
-21
-30
-84
-50
-24
126
135
170
146
126
69
41
-1
-38
-28
-93
-76
-81
-108
-122
-140
-159
-173
-177
-185
-193
-172
-141
-108
-57
-64
-33
-29
95
129
243
222
147
82
-32
-50
-161
-173
-144
-71
-44
105
95
66
51
9
-25
-33
-76
-119
-121
-114
-124
-127
-133
-170
-183
-197
-203
-207
-198
-178
-134
-83
-44
-26
-21
47
115
235
299
295
193
133
23
-26
-37
-113
-65
-23
103
131
158
166
141
148
74
35
-13
-14
-23
-38
-25
-30
-42
-59
-54
-85
-75
-78
-75
-46
-26
-45
39
39
84
134
177
339
385
331
248
161
127
-19
-28
-30
-37
57
138
185
199
182
155
148
23
30
-1
-29
-29
-43
-66
-81
-102
-108
-111
-122
-135
-136
-142
-124
-114
-74
-25
-35
-44
61
135
258
279
244
151
116
-9
-43
-146
-139
-101
-35
59
101
99
69
47
22
-27
-42
-126
-137
-165
-153
-153
-155
-169
-179
-189
-191
-213
-218
-223
-175
-157
-102
-61
-45
-47
-17
116
153
259
203
131
34
-15
-30
-119
-130
-82
-41
91
135
127
123
86
49
15
-12
-26
-30
-66
-77
-59
-59
-57
-69
-96
-105
-117
-130
-128
-118
-85
-49
-41
37
50
106
142
335
376
311
234
137
126
7
-23
-35
-21
74
131
219
217
191
155
145
137
51
-7
-13
-25
-15
-38
-30
-14
-37
-30
-81
-98
-122
-134
-107
-76
-43
-26
11
33
84
129
274
295
244
171
135
-5
-33
-123
-119
-78
-30
84
111
131
91
65
26
9
-30
-38
-95
-108
-119
-126
-123
-139
-165
-157
-165
-187
-187
-206
-208
-195
-167
-115
-97
-61
-37
91
145
222
225
131
9
-42
-77
-141
-149
-123
-45
-26
95
114
97
56
38
-2
-28
-37
-87
-82
-99
-108
-110
-106
-98
-111
-104
-129
-149
-155
-149
-138
-76
-65
-22
15
99
131
265
327
291
197
145
17
-23
-43
-73
-39
-25
114
134
213
195
155
137
132
66
20
20
15
-8
-10
-29
-11
-24
-33
-38
-41
-57
-76
-61
-75
-41
-32
25
64
99
137
311
342
289
207
138
9
-17
-45
-98
-56
-17
116
131
143
134
137
77
26
-5
-6
-44
-44
-75
-105
-112
-109
-121
-140
-140
-141
-151
-173
-175
-156
-119
-101
-55
-30
47
115
131
212
175
138
-5
-44
-162
-187
-187
-126
-39
-28
78
77
58
30
10
-13
-43
-81
-118
-121
-111
-123
-140
-140
-147
-161
-155
-157
-172
-172
-160
-135
-111
-57
-46
-41
75
134
275
279
211
138
15
-13
-38
-115
-97
-46
18
122
137
162
151
142
75
49
11
-7
-9
-10
-12
-28
-39
-41
-41
-29
-49
-65
-59
-53
-61
-45
-41
30
54
105
142
289
355
347
275
177
136
1
-28
-47
-42
-44
113
143
195
187
170
147
122
61
9
-14
-42
-45
-43
-42
-30
-64
-95
-105
-103
-130
-137
-139
-117
-70
-44
-21
-11
47
137
229
283
230
159
73
-21
-41
-141
-150
-101
-37
-1
113
105
78
49
10
-19
-27
-30
-113
-138
-136
-147
-156
-173
-172
-163
-176
-182
-172
-204
-201
-158
-135
-99
-58
-40
-21
115
197
255
212
123
33
-25
-28
-144
-134
-85
-25
54
120
137
139
99
63
46
-14
-10
-43
-33
-49
-61
-66
-58
-65
-70
-93
-87
-97
-105
-110
-70
-44
-33
18
65
109
155
325
354
315
227
133
50
-2
-33
-43
-12
93
116
218
203
190
158
150
138
65
26
1
-12
-23
-39
-28
-27
-37
-44
-58
-60
-85
-93
-95
-61
-46
-43
-1
64
123
200
283
307
243
146
20
-15
-25
-121
-95
-46
-25
91
128
127
87
19
20
-11
-21
-41
-97
-119
-113
-135
-123
-137
-155
-157
-170
-182
-197
-203
-197
-170
-151
-108
-73
-42
-30
127
244
225
163
131
-25
-44
-147
-171
-145
-93
-30
66
103
85
79
52
9
-18
-18
-34
-81
-103
-113
-109
-127
-127
-138
-123
-119
-109
-122
-129
-149
-107
-65
-57
-41
41
124
243
318
306
235
121
54
-22
-21
-97
-57
-41
97
143
199
190
175
147
149
83
52
19
-6
-12
-25
-28
-33
-22
-44
-43
-27
-38
-58
-69
-49
-48
-39
-37
36
116
132
281
327
311
228
138
23
-21
-27
-94
-43
-50
107
127
185
161
142
115
41
17
-13
-39
-30
-83
-76
-101
-97
-140
-140
-133
-143
-150
-157
-170
-145
-111
-71
-55
-37
-9
116
217
262
195
127
7
-28
-140
-173
-184
-139
-50
-15
78
100
75
34
-3
-28
-28
-47
-111
-109
-133
-145
-153
-138
-150
-172
-167
-157
-162
-156
-153
-135
-114
-76
-45
-34
91
148
283
306
227
138
52
-13
-43
-109
-102
-34
-11
116
148
187
163
123
134
61
33
1
-13
-27
-26
-29
-37
-28
-53
-61
-46
-48
-57
-61
-45
-28
-29
30
111
91
143
305
355
375
321
211
135
42
10
-43
-37
-46
81
130
209
212
191
147
135
99
39
-1
-12
-42
-28
-29
-30
-109
-99
-110
-98
-98
-111
-118
-126
-76
-61
-33
-38
46
113
138
283
299
209
139
19
-27
-103
-138
-140
-69
-41
89
130
135
91
36
11
-15
-30
-30
-108
-140
-142
-140
-160
-169
-188
-186
-171
-178
-192
-159
-185
-138
-103
-69
-34
-42
69
129
273
267
207
147
17
-28
-76
-124
-109
-71
9
95
155
131
130
143
61
20
-6
-30
-81
-15
-73
-85
-109
-61
-44
-69
-45
-63
-77
-95
-93
-45
-45
-21
38
84
148
295
356
366
309
212
185
52
-12
-27
-12
46
148
148
257
222
205
171
151
131
55
30
-1
-14
-23
-41
-44
-27
-23
-37
-35
-28
-63
-81
-93
-47
-34
-37
29
84
129
273
339
338
269
155
119
-12
-27
-75
-77
-53
94
134
135
131
134
100
51
13
-22
-45
-79
-95
-124
-140
-135
-155
-140
-134
-158
-181
-181
-197
-201
-156
-114
-107
-69
-21
81
135
265
248
146
167
-39
-9
-153
-151
-129
-70
-17
114
139
117
90
55
20
38
-38
-26
-121
-133
-122
-103
-112
-124
-131
-113
-114
-117
-126
-126
-117
-107
-56
-54
-27
49
131
279
346
323
245
165
138
-6
-42
-28
-53
-2
135
180
241
190
180
155
133
131
52
20
-1
-23
-26
-11
-21
-21
-19
-33
-28
-37
-37
-51
-39
-39
8
38
63
100
135
312
383
354
287
163
149
11
-12
-24
-37
3
131
119
222
175
149
131
68
38
15
-26
-44
-81
-78
-86
-102
-124
-136
-128
-121
-124
-139
-140
-131
-106
-44
-33
-33
2
118
127
322
234
166
138
-17
-30
-162
-156
-133
-46
-28
99
114
91
56
19
-19
-30
-28
-117
-133
-117
-147
-123
-123
-133
-145
-149
-158
-171
-169
-166
-152
-114
-54
-53
-25
21
117
165
308
291
214
147
39
-29
-45
-114
-49
-28
82
117
191
186
133
145
86
57
18
-13
-28
-27
-30
-46
-51
-58
-63
-58
-53
-34
-39
-45
-47
-43
-3
50
84
129
137
313
377
359
276
166
143
26
-17
-29
-44
32
118
129
217
205
180
130
115
47
3
5
21
6
-63
-69
-75
-34
-98
-117
-76
-108
-119
-137
-101
-86
-13
-49
15
64
133
158
294
274
198
135
-11
-29
-110
-140
-109
-53
-29
102
118
114
79
25
-21
-29
-49
-103
-135
-172
-167
-181
-172
-172
-200
-180
-185
-177
-188
-172
-210
-107
-97
-44
-55
-40
97
124
261
246
165
129
-28
-41
-140
-136
-113
-39
33
122
130
141
122
71
20
-13
10
-42
-66
-106
-97
-98
-63
-93
-95
-41
-110
-58
-105
-107
-95
-61
-28
10
59
100
137
294
347
352
230
126
121
-12
-21
-23
-41
57
122
230
264
246
212
123
149
94
14
19
-12
-45
-29
-33
-72
-103
-77
-83
-74
-60
-70
-64
-55
-40
-34
-6
37
109
142
290
306
243
166
119
-20
-29
-108
-98
-56
-28
105
131
133
127
86
52
36
-6
-22
-93
-119
-118
-139
-137
-131
-151
-135
-142
-161
-186
-189
-182
-172
-133
-108
-93
-44
-30
118
171
259
178
159
15
-29
-182
-181
-146
-70
-71
53
131
53
51
46
19
-44
-28
-66
-93
-77
-105
-124
-133
-123
-131
-122
-124
-126
-114
-136
-107
-137
-27
-76
-38
18
131
148
290
323
223
117
163
7
-29
-33
-53
-28
89
123
189
181
158
135
130
84
53
27
10
-17
-29
-32
-27
-39
-39
-45
-37
-44
-41
-38
-58
-34
-30
20
50
85
121
271
322
323
253
161
147
-5
-28
-66
-58
-33
84
131
134
166
146
145
61
35
-13
-21
-29
-45
-85
-107
-119
-119
-127
-138
-153
-73
-147
-144
-140
-129
-102
-57
-33
-38
95
133
227
228
165
130
-34
-96
-165
-172
-171
-42
-73
51
130
69
75
20
-21
-28
-66
-95
-137
-122
-146
-149
-175
-169
-157
-165
-169
-174
-129
-161
-142
-147
-101
-81
-37
-3
148
143
255
227
153
146
73
5
-133
-111
-82
-37
81
133
138
133
150
147
55
38
9
-28
-44
-35
-50
-48
-49
-71
-54
-71
-46
-57
-47
-61
-39
-23
-9
37
87
122
171
307
342
341
212
177
118
16
19
-39
-16
52
129
138
182
185
157
131
131
55
-3
-21
-28
-44
-45
-73
-83
-102
-57
-150
-120
-105
-121
-107
-101
-78
-71
-44
-12
90
139
246
276
219
147
47
-27
-86
-140
-124
-85
-43
61
116
107
84
67
19
-18
-22
-85
-114
-133
-155
-153
-175
-172
-179
-172
-170
-185
-189
-183
-172
-158
-121
-87
-45
-23
67
129
219
233
164
149
-10
-39
-127
-146
-117
-61
-37
82
115
137
103
78
51
11
-12
-23
-26
-77
-95
-122
-139
-109
-98
-101
-80
-66
-71
-63
-61
-58
22
-29
-26
110
171
289
326
305
209
141
63
5
-33
-23
-32
97
131
211
237
171
225
179
139
79
8
-12
-3
-57
-41
-50
-77
-61
-77
-69
-47
-44
-40
-51
-37
-43
-28
21
79
118
201
292
299
231
148
52
-38
-45
-113
-77
-27
43
114
139
148
148
81
27
17
-16
-38
-79
-107
-123
-140
-134
-146
-171
-121
-161
-197
-107
-94
-161
-140
-109
-103
-65
-39
68
136
215
180
147
21
-29
-134
-188
-159
-135
-83
-38
85
99
98
61
21
-12
-18
-41
-98
-117
-123
-130
-156
-147
-139
-140
-141
-126
-127
-126
-119
-101
-63
-39
-35
-1
97
143
253
278
243
147
202
18
34
-27
-75
-33
69
154
131
181
180
147
148
63
30
22
1
-21
-18
-38
-40
-34
-39
-33
-45
-35
-45
-44
-28
-37
-1
30
79
111
127
246
308
297
246
153
138
6
-61
-49
-38
-39
79
124
137
185
122
139
77
27
15
-15
-22
-46
-109
-120
-117
-101
-109
-116
-98
-121
-126
-108
-114
-103
-66
11
-12
41
119
127
263
230
143
52
-29
-131
-163
-175
-117
-69
-30
35
89
73
7
-1
-93
-60
-93
-103
-139
-141
-156
-181
-172
-157
-167
-145
-146
-161
-220
-149
-134
-121
-71
-63
-46
67
148
215
258
191
123
26
-1
-26
-128
-108
-53
-27
85
138
131
121
129
19
41
23
0
-30
-23
-34
-60
-73
-71
-71
-76
-61
-66
-47
-69
-56
-41
-22
30
11
105
142
272
323
340
272
183
134
37
-18
-38
-26
27
110
137
203
181
161
133
145
69
27
7
-15
-25
-30
-55
-29
-101
-97
-101
-78
-93
-76
-77
-61
-49
-44
-40
23
115
128
213
293
251
195
137
13
-42
-123
-76
-111
-44
-17
91
116
110
78
39
-1
-14
-37
-44
-124
-143
-151
-172
-161
-182
-163
-177
-172
-162
-158
-186
-172
-140
-113
-69
-42
-43
100
139
227
191
137
27
-29
-119
-159
-146
-111
-29
10
97
102
105
74
51
13
-17
-25
-44
-126
-93
-111
-140
-133
-134
-117
-107
-107
-76
-58
-50
-25
-30
-34
25
115
135
243
313
276
225
141
53
-11
-27
-26
-29
46
119
150
203
199
181
148
131
129
51
9
10
14
-33
-34
-44
-47
-46
-55
-47
-79
-45
-30
-32
-40
3
35
71
134
225
287
283
231
146
115
-21
-34
-86
-69
-34
37
110
138
138
129
115
61
33
-18
-29
-50
-114
-136
-161
-145
-133
-131
-124
-108
-119
-117
-133
-133
-104
-75
-49
-45
63
119
145
186
137
55
-23
-117
-159
-230
-154
-83
-28
55
94
89
58
50
15
-21
-26
-34
-118
-140
-158
-188
-178
-185
-155
-145
-130
-110
-104
-124
-108
-81
-57
-23
-17
99
131
246
246
180
134
10
-25
-45
-102
-67
-35
67
121
132
179
163
142
149
56
35
11
-15
-26
-57
-82
-50
-46
-33
-44
-17
-30
-12
-13
17
-1
35
63
99
129
267
335
308
259
195
155
3
-29
-61
-46
-32
107
147
195
194
171
147
134
52
20
-7
-37
-43
-101
-114
-97
-108
-102
-93
-101
-76
-76
-101
-79
-65
-38
-41
39
110
131
243
239
173
129
-11
-30
-137
-139
-109
-57
30
86
102
93
58
21
-15
-42
-44
-95
-140
-156
-168
-170
-199
-204
-201
-179
-165
-155
-159
-127
-105
-75
-75
-49
-46
67
118
180
202
142
139
-24
-39
-134
-149
-105
-59
-44
84
129
131
111
82
63
30
-5
-33
-29
-46
-78
-93
-97
-104
-87
-108
-94
-71
-61
-59
-49
-29
-27
47
63
118
146
278
315
286
205
131
33
-21
-15
-28
21
100
129
211
211
195
174
149
139
67
40
10
-24
-13
-30
-76
-97
-76
-71
-54
-44
-44
-39
-19
-44
-26
21
51
110
121
251
280
227
148
115
-28
-39
-107
-106
-54
-39
106
126
149
129
83
51
18
-15
-28
-39
-105
-110
-140
-156
-156
-156
-142
-158
-175
-155
-140
-155
-140
-110
-93
-66
-39
67
139
138
167
134
23
-23
-109
-151
-173
-129
-33
-37
74
89
83
63
30
-13
-12
-44
-47
-86
-99
-113
-140
-126
-134
-140
-146
-129
-123
-111
-78
-67
-63
-30
-29
41
85
142
245
275
256
169
142
19
-27
-35
-64
-43
55
111
137
180
163
138
137
91
53
30
9
-6
-45
-13
-17
-28
-45
-44
-30
-30
-39
-30
-22
-9
22
47
58
99
134
275
314
291
229
133
99
1
-45
-60
-44
-33
102
117
131
151
130
132
47
21
-11
-28
-37
-49
-69
-117
-122
-130
-124
-119
-118
-102
-93
-86
-76
-67
-70
-54
-41
67
121
213
214
162
131
5
-41
-153
-172
-152
-110
-33
-13
71
73
55
29
-17
-30
-37
-107
-109
-123
-155
-139
-158
-167
-156
-174
-147
-149
-133
-130
-133
-101
-61
-47
-33
42
139
126
240
211
134
52
-18
-34
-121
-113
-61
-43
69
126
144
129
106
75
47
34
-5
-5
-17
-38
-32
-76
-86
-75
-103
-70
-43
-39
-43
-57
-1
9
27
63
114
144
291
329
313
239
147
147
-11
-28
-37
-45
55
131
143
180
180
148
138
119
71
30
13
-13
-11
-33
-33
-77
-76
-101
-93
-81
-75
-57
-70
-57
-55
-41
-44
27
85
140
255
257
211
148
22
-23
-93
-137
-140
-67
-44
50
96
119
70
54
10
-18
-35
-48
-106
-122
-133
-145
-183
-204
-203
-199
-188
-165
-153
-154
-154
-115
-120
-81
-53
-33
84
135
213
197
132
30
-23
-127
-185
-170
-124
-49
-29
99
101
95
75
43
3
-22
-25
-37
-65
-81
-102
-102
-128
-113
-117
-117
-86
-101
-76
-69
-74
-57
-30
-30
51
123
142
267
291
264
177
135
3
-7
-41
-28
-45
75
117
122
187
167
149
147
115
46
47
23
2
-11
-30
-43
-63
-55
-65
-70
-61
-37
-44
-28
-33
-41
2
56
115
143
266
279
244
155
127
-25
-33
-121
-118
-63
-40
80
123
135
115
88
27
-2
-23
-38
-38
-93
-111
-139
-157
-159
-169
-156
-155
-155
-127
-121
-122
-113
-113
-97
-94
-33
86
127
122
167
137
-10
-43
-140
-204
-209
-157
-93
-44
47
53
43
24
15
-17
-30
-48
-105
-123
-143
-155
-170
-190
-166
-165
-141
-138
-133
-117
-138
-123
-93
-57
-17
-7
103
131
267
228
161
137
-1
-40
-107
-108
-73
-40
66
111
146
145
151
143
55
39
11
9
-1
-19
-42
-37
-44
-55
-65
-60
-44
-30
-47
-17
-11
7
36
45
102
136
254
298
319
267
169
119
-7
-46
-61
-45
-43
82
132
143
181
148
129
94
53
21
-5
-12
-33
-39
-85
-113
-123
-133
-122
-110
-98
-82
-71
-69
-49
-44
-43
-44
79
124
246
223
198
143
15
-32
-129
-163
-139
-101
-53
43
82
83
65
38
11
-18
-32
-88
-94
-110
-155
-189
-217
-210
-194
-174
-159
-149
-123
-115
-80
-97
-93
-78
-47
-44
116
139
231
202
137
68
-25
-25
-139
-141
-76
-34
63
117
126
133
103
77
34
3
-13
-30
-37
-32
-63
-102
-122
-94
-71
-75
-57
-35
-41
-41
-54
-12
35
67
99
129
283
341
321
231
159
127
-9
-29
-38
-26
71
113
139
206
212
190
135
138
66
33
3
-5
-23
-25
-27
-76
-77
-95
-93
-65
-61
-59
-44
-45
-39
-41
-27
45
121
141
256
279
203
139
35
-35
-7
-129
-118
-67
-42
69
115
97
83
56
23
-12
-30
-28
-82
-109
-123
-141
-172
-172
-189
-201
-185
-173
-161
-151
-146
-127
-121
-101
-72
-33
95
138
197
151
135
-10
-30
-173
-177
-169
-113
-45
-33
71
83
71
33
13
-27
-39
-30
-75
-102
-113
-142
-156
-161
-157
-133
-140
-108
-94
-108
-93
-83
-71
-43
-32
46
122
239
293
286
212
139
34
-21
-39
-98
-61
-46
87
116
171
169
165
139
131
79
41
30
19
11
3
-30
-39
-46
-57
-59
-44
-37
-29
-5
4
-12
-3
19
53
130
213
307
340
283
195
148
7
-37
-80
-73
-44
-37
115
135
143
147
139
83
35
-12
-26
-21
-43
-44
-111
-121
-119
-145
-124
-137
-123
-115
-111
-108
-98
-74
-63
-44
-28
116
143
248
228
148
5
-37
-147
-202
-201
-156
-65
-49
35
71
59
21
9
-27
-41
-85
-123
-117
-111
-133
-146
-186
-185
-194
-184
-181
-165
-130
-126
-105
-81
-75
-57
-44
55
126
228
243
203
126
33
-30
-21
-140
-140
-78
-28
83
133
115
110
131
70
36
15
-8
-28
-33
-41
-30
-76
-94
-81
-93
-81
-54
-34
-39
-44
11
3
38
69
127
187
312
353
322
239
147
103
-7
-37
-55
-29
-13
103
131
165
165
153
122
116
53
15
-1
-15
-33
-33
-97
-103
-121
-108
-98
-106
-81
-72
-59
-76
-61
-37
-44
26
83
135
246
287
191
131
33
-23
-102
-140
-141
-85
-50
52
87
112
77
47
10
-21
-44
-101
-110
-117
-139
-163
-214
-235
-218
-205
-198
-172
-146
-139
-135
-105
-81
-65
-37
1
116
163
258
213
143
30
-33
-110
-176
-157
-118
-46
-18
97
119
89
71
47
11
-12
-29
-33
-33
-33
-94
-119
-129
-141
-141
-137
-97
-76
-66
-44
-45
-44
-26
25
55
127
214
313
311
285
159
132
19
-28
-37
-46
-33
100
121
203
198
167
165
132
146
45
26
34
-8
-30
-35
-108
-119
-103
-94
-73
-33
-23
-45
-39
-26
5
-2
43
114
138
292
311
275
169
149
-12
-42
-123
-142
-61
-42
86
105
116
147
91
54
10
-14
-28
-27
-102
-139
-160
-173
-171
-159
-165
-152
-134
-129
-130
-131
-126
-115
-81
-51
-39
71
132
215
193
148
19
-44
-150
-189
-191
-167
-72
-33
37
97
99
51
30
-15
-30
-37
-77
-108
-121
-141
-161
-176
-182
-189
-166
-149
-143
-108
-105
-75
-53
-28
-41
30
99
133
261
267
215
143
69
-7
-41
-123
-108
-45
-29
113
148
133
150
135
121
65
20
-1
-1
-13
-28
-41
-76
-61
-60
-46
-44
-44
-26
-28
-13
29
17
39
71
116
171
291
341
293
231
143
15
-13
-30
-76
-49
-28
100
133
126
163
145
137
75
20
1
-6
-42
-41
-107
-124
-147
-151
-153
-143
-133
-106
-85
-77
-76
-73
-30
-34
-28
95
148
245
225
183
122
-29
-41
-157
-173
-163
-113
-30
4
83
74
56
14
-17
-33
-44
-109
-127
-151
-157
-185
-165
-184
-221
-192
-194
-161
-158
-141
-138
-110
-65
-46
-45
2
117
147
237
205
143
39
-43
-53
-157
-133
-105
-41
59
103
135
131
73
45
20
-11
-12
-13
-30
-33
-76
-111
-124
-119
-121
-110
-81
-45
-35
-29
-35
-25
37
51
110
127
281
325
318
267
153
139
5
-27
-37
-33
-15
111
145
199
191
171
139
119
59
21
6
-15
-19
-30
-34
-65
-76
-95
-109
-99
-83
-67
-69
-53
-30
-41
2
30
95
135
257
275
243
151
133
-12
-37
-135
-140
-82
-45
38
83
115
111
73
35
-10
-37
-30
-83
-94
-108
-173
-206
-204
-195
-197
-197
-183
-172
-153
-141
-131
-97
-78
-67
-34
83
133
229
169
133
20
-39
-111
-166
-172
-145
-67
-41
59
94
79
59
35
1
-23
-18
-41
-77
-106
-127
-140
-155
-155
-140
-147
-123
-95
-85
-74
-46
-42
-44
19
84
131
248
281
276
203
129
30
-14
-33
-81
-49
-30
87
144
207
190
168
133
135
67
52
41
19
-11
-26
-37
-43
-74
-63
-86
-66
-39
-54
-54
-33
-12
37
52
97
138
251
311
293
233
155
131
-7
-34
-93
-93
-38
35
101
116
149
115
75
59
10
3
-12
-45
-43
-80
-133
-158
-146
-143
-149
-156
-144
-133
-118
-105
-95
-70
-37
-43
42
116
130
215
177
131
7
-45
-143
-172
-175
-130
-76
-44
47
75
53
43
20
-19
-37
-50
-70
-93
-130
-162
-187
-202
-204
-184
-176
-150
-126
-119
-97
-65
-70
-33
-39
52
115
178
266
243
177
129
-14
-45
-109
-123
-107
-26
84
111
131
127
141
134
68
20
20
7
-23
-28
-33
-94
-85
-105
-95
-61
-39
-44
-30
-13
-9
20
55
71
100
131
283
339
355
306
208
141
35
-12
-39
-54
-39
75
123
145
191
167
137
143
42
14
20
3
-7
-29
-39
-106
-122
-129
-113
-123
-114
-101
-76
-57
-44
-35
-41
-12
50
114
148
244
246
178
139
-5
-41
-144
-156
-161
-79
-41
47
91
84
53
18
-2
-44
-48
-117
-117
-126
-153
-204
-202
-210
-204
-206
-205
-187
-157
-149
-140
-93
-61
-38
-45
46
131
139
232
207
131
19
-44
-135
-153
-143
-107
-23
-5
99
123
99
81
50
23
1
-23
-33
-19
-82
-110
-113
-119
-108
-108
-111
-107
-81
-63
-51
-43
-37
-21
24
70
128
255
305
315
271
171
144
39
-32
-28
-45
-29
81
131
158
210
178
149
134
119
33
21
21
17
2
-15
-53
-108
-105
-97
-71
-65
-41
-17
-29
-49
-1
19
30
78
134
263
293
286
185
148
9
-37
-107
-129
-94
-46
-7
102
119
101
90
41
5
-22
-32
-39
-73
-81
-119
-155
-183
-181
-165
-172
-181
-167
-161
-157
-135
-124
-105
-95
-65
-27
93
137
222
183
147
9
-23
-117
-181
-189
-130
-75
-43
55
94
66
43
5
-13
-19
-34
-70
-51
-69
-111
-138
-170
-151
-140
-149
-141
-140
-108
-74
-50
-33
-47
-42
39
105
133
271
302
243
162
135
-9
-43
-109
-97
-34
-27
110
137
137
158
145
139
88
52
39
46
35
-1
-13
-33
-37
-37
-61
-49
-57
-48
-37
-12
7
30
22
52
93
136
258
313
306
244
154
117
1
-44
-95
-93
-21
46
116
132
163
143
100
49
20
-23
-28
-28
-41
-43
-94
-137
-140
-143
-161
-159
-143
-117
-107
-71
-46
-47
-56
-37
-8
101
137
222
193
138
20
-47
-140
-169
-182
-159
-85
-30
43
61
43
26
-12
-30
-39
-93
-105
-103
-105
-115
-149
-181
-177
-185
-179
-189
-160
-138
-118
-93
-75
-44
-54
-44
59
123
233
243
212
131
105
-12
-44
-130
-133
-79
-44
69
115
116
117
100
77
23
19
2
-15
-22
-30
-41
-77
-93
-104
-94
-97
-85
-57
-44
-44
3
23
59
80
119
147
299
338
325
259
168
134
15
-13
-26
-38
-45
84
121
143
153
152
148
116
69
21
6
9
-6
-15
-37
-116
-124
-115
-109
-85
-93
-74
-56
-44
-45
-28
-44
25
90
135
259
276
213
142
45
-30
-28
-154
-157
-107
-45
-29
69
87
68
45
14
-17
-33
-99
-105
-77
-109
-150
-176
-197
-206
-204
-206
-200
-174
-177
-149
-134
-93
-95
-81
-37
37
133
194
231
195
115
-1
-40
-124
-158
-173
-111
-32
55
84
99
107
52
17
13
-27
-29
-44
-30
-39
-56
-110
-135
-124
-135
-133
-130
-109
-69
-57
-44
-40
-5
30
49
115
150
293
333
277
185
131
43
-16
-29
-38
-44
81
127
148
197
197
147
129
129
36
24
40
21
19
-12
-70
-102
-119
-108
-101
-70
-53
-27
-35
4
19
9
5
73
119
237
308
307
243
161
128
-27
-50
-133
-115
-53
-30
97
126
127
104
67
30
-10
-37
-23
-39
-76
-101
-122
-141
-145
-170
-154
-175
-170
-145
-143
-153
-117
-108
-72
-65
-53
-6
126
143
205
175
130
-1
-25
-159
-202
-172
-127
-44
-21
75
91
74
39
18
-21
-45
-49
-65
-75
-63
-81
-112
-140
-189
-174
-171
-155
-124
-76
-54
-44
-37
-53
-7
35
95
143
275
277
234
154
119
-17
-33
-105
-101
-43
30
118
147
131
147
143
121
46
27
27
25
30
13
-12
-26
-38
-65
-61
-63
-49
-30
-22
-17
11
22
27
57
76
123
209
307
330
285
218
123
51
-14
-29
-82
-48
-37
96
131
130
143
134
81
47
-22
-17
-28
-28
-33
-43
-93
-110
-124
-140
-153
-149
-147
-117
-121
-95
-74
-53
-56
-45
-25
123
135
249
215
148
115
-25
-124
-183
-193
-160
-93
-39
39
67
49
27
2
-33
-29
-108
-113
-97
-97
-119
-124
-157
-195
-185
-204
-201
-172
-158
-134
-113
-73
-61
-44
-34
-50
107
146
263
242
191
142
9
-38
-118
-146
-115
-53
-29
103
127
130
116
82
59
38
-8
-13
-19
-12
-22
-43
-75
-85
-95
-101
-95
-82
-65
-42
-30
-24
15
23
59
67
126
269
343
358
321
217
148
53
-12
-29
-47
-44
34
98
129
153
164
119
132
63
36
-6
-13
-12
-7
-18
-28
-106
-121
-135
-136
-119
-101
-94
-60
-58
-40
-25
-26
1
81
138
259
275
218
155
151
-39
-40
-156
-161
-121
-39
-33
82
97
65
51
18
-23
-37
-107
-114
-115
-109
-140
-172
-193
-206
-213
-207
-204
-189
-171
-165
-131
-129
-123
-93
-61
-35
102
137
253
223
153
131
-30
-30
-155
-171
-131
-57
-44
78
101
109
67
47
22
-11
-18
-32
-44
-29
-61
-115
-169
-167
-138
-133
-124
-95
-70
-53
-37
-44
-15
-12
19
69
129
274
341
335
271
177
137
14
-19
-38
-57
-34
73
136
205
179
186
149
135
71
39
18
25
27
-11
-44
-28
-79
-69
-76
-108
-82
-70
-39
-47
-44
-30
-29
13
43
148
138
307
331
265
180
143
0
-29
-115
-131
-76
-32
71
127
127
91
67
27
0
-37
-39
-49
-75
-108
-109
-172
-197
-191
-197
-165
-197
-170
-154
-134
-123
-121
-126
-101
-55
-45
100
141
227
198
133
15
-44
-152
-209
-183
-130
-57
-30
90
97
69
46
18
-5
-29
-25
-74
-73
-106
-122
-163
-169
-172
-173
-163
-124
-108
-75
-65
-75
-66
-47
-28
-40
87
128
271
322
295
198
126
20
-39
-57
-105
-61
-28
90
116
148
183
141
138
108
65
30
25
11
-23
-29
-34
-71
-60
-75
-54
-47
-21
-39
-10
-17
-6
-1
20
51
117
147
304
355
319
227
148
38
-19
-46
-77
-63
-33
99
139
154
161
123
82
47
3
-23
-14
-34
-82
-111
-152
-140
-141
-147
-140
-114
-110
-93
-105
-85
-107
-101
-63
-41
-2
138
165
263
227
139
25
-28
-143
-193
-193
-153
-77
-43
51
89
52
26
23
-25
-18
-74
-105
-149
-165
-186
-179
-189
-186
-176
-159
-140
-117
-129
-147
-123
-108
-79
-59
-30
65
139
248
283
249
163
128
-13
-44
-133
-118
-71
-28
77
123
135
147
135
85
51
35
-1
-25
-35
-93
-114
-93
-96
-81
-77
-61
-44
-44
-37
-38
-28
-38
15
55
91
134
278
351
386
323
202
165
25
-10
-30
-23
-25
59
137
121
180
173
148
130
66
23
-10
-13
-76
-83
-108
-109
-101
-95
-86
-67
-57
-77
-102
-109
-77
-55
-43
-39
55
119
245
282
274
207
127
-14
-28
-140
-146
-121
-41
-30
91
127
99
76
35
-10
-17
-32
-139
-172
-179
-214
-203
-209
-191
-204
-174
-155
-165
-179
-182
-162
-127
-129
-66
-35
63
131
223
259
197
138
18
-26
-134
-166
-143
-93
-29
54
100
127
99
78
46
15
-12
-21
-114
-129
-137
-138
-124
-135
-108
-105
-79
-73
-72
-114
-74
-49
-44
-43
33
90
149
293
338
320
217
127
122
4
-35
-22
-45
30
116
139
214
219
179
153
127
69
27
-2
-41
-27
-79
-93
-87
-103
-82
-45
-35
-45
-49
-60
-41
-39
-44
19
63
147
242
324
326
266
165
129
-17
-44
-110
-108
-43
-29
101
127
146
142
123
29
17
-12
-25
-61
-137
-159
-177
-197
-189
-182
-156
-142
-109
-111
-126
-141
-140
-108
-93
-76
-34
84
143
231
230
138
101
-28
-126
-199
-197
-141
-82
-44
77
115
113
77
38
-2
-22
-41
-73
-107
-113
-145
-168
-172
-170
-178
-165
-142
-114
-69
-97
-83
-75
-39
-26
-46
35
132
259
308
307
239
142
139
-28
-25
-95
-73
-33
87
139
136
171
148
146
131
65
43
21
1
-28
-27
-93
-99
-77
-82
-70
-35
-27
-34
-9
3
11
19
5
50
111
139
288
359
343
275
177
132
-3
-30
-66
-50
-32
83
119
133
153
148
134
65
30
8
-12
-33
-27
-126
-129
-167
-166
-159
-141
-124
-127
-74
-76
-93
-79
-76
-43
-44
-35
121
142
262
274
186
134
-3
-41
-174
-195
-172
-108
-44
56
84
75
71
20
-23
-18
-60
-99
-97
-117
-153
-204
-186
-194
-204
-199
-173
-165
-133
-118
-123
-109
-96
-76
-49
-23
75
143
272
299
235
158
127
1
-48
-141
-129
-66
-29
99
124
147
131
103
83
52
25
-12
-13
-3
-13
-46
-113
-145
-143
-124
-113
-85
-67
-34
-44
3
17
18
23
59
122
249
339
370
359
276
175
145
9
-27
-76
-32
30
116
143
182
167
148
147
135
47
25
14
5
-19
-33
-43
-95
-113
-133
-123
-124
-98
-77
-58
-59
-63
-50
-28
-39
6
110
135
290
297
251
163
107
-5
-124
-154
-143
-103
-27
74
113
100
69
51
9
-14
-43
-79
-107
-97
-130
-161
-192
-206
-225
-215
-221
-197
-173
-156
-150
-124
-127
-106
-77
-49
-50
124
213
267
219
154
131
-28
-97
-172
-177
-140
-44
-39
87
113
99
74
55
18
-7
-23
-26
-25
-41
-76
-113
-140
-147
-151
-141
-113
-77
-75
-57
-27
-28
-29
-26
6
67
127
255
353
339
265
212
126
20
-28
-39
-48
-29
91
143
199
199
187
159
137
107
67
29
15
23
-9
-37
-35
-95
-121
-101
-81
-66
-45
-37
-27
-43
-39
-29
-9
27
83
145
276
340
290
218
123
7
-32
-111
-141
-97
-45
35
117
133
107
91
49
20
-9
-41
-37
-66
-58
-98
-139
-186
-204
-207
-191
-179
-172
-154
-140
-118
-118
-117
-135
-99
-41
-39
130
226
229
180
143
-11
-42
-172
-194
-170
-108
-29
20
86
84
78
51
10
-17
-34
-32
-75
-77
-86
-113
-137
-155
-159
-153
-159
-131
-108
-108
-73
-54
-65
-49
-33
-44
49
148
276
331
307
235
148
87
-15
-30
-93
-59
-27
80
133
150
171
146
143
137
61
43
30
36
33
-2
-22
-30
-82
-93
-74
-54
-33
-28
-37
19
5
-13
4
5
57
122
258
371
370
291
219
134
-1
-42
-108
-103
-49
-27
102
145
129
145
131
53
33
-5
-23
-30
-30
-30
-78
-130
-155
-171
-165
-145
-144
-131
-108
-97
-85
-93
-86
-87
-61
-37
109
138
263
235
166
139
-34
-123
-177
-190
-171
-118
-55
20
68
66
51
3
-28
-39
-61
-76
-69
-107
-127
-155
-191
-187
-190
-176
-155
-140
-131
-103
-104
-108
-99
-80
-63
-44
69
133
279
299
275
191
139
-5
-39
-135
-133
-79
-29
85
122
135
131
134
131
63
32
19
-2
-6
-11
-26
-39
-73
-79
-93
-76
-67
-57
-37
-29
-34
-2
19
27
53
91
137
286
363
377
306
228
133
23
-23
-30
-76
-39
38
126
149
175
161
139
143
57
21
20
-25
-11
-34
-42
-99
-132
-146
-147
-133
-111
-93
-65
-54
-48
-53
-59
-54
-55
-29
118
215
292
273
191
133
3
-41
-156
-173
-162
-70
-29
71
80
55
42
21
-13
-34
-51
-114
-101
-113
-140
-173
-187
-204
-209
-206
-197
-190
-145
-131
-118
-107
-113
-103
-83
-45
-27
118
155
271
244
187
143
-29
-30
-157
-145
-118
-49
-13
113
142
129
91
66
21
-10
-13
-24
-38
-41
-35
-38
-77
-108
-115
-117
-103
-79
-78
-69
-43
-42
-33
-4
20
67
131
246
337
372
329
246
157
127
3
-42
-44
-44
51
121
135
173
163
157
131
73
35
5
8
21
26
-7
-41
-29
-126
-129
-122
-87
-77
-61
-41
-37
-34
-41
-42
-25
29
107
135
307
311
259
165
136
-17
-39
-144
-140
-77
-29
63
101
105
85
54
20
-15
-30
-35
-65
-71
-86
-129
-166
-203
-204
-219
-206
-205
-186
-159
-136
-133
-137
-134
-105
-101
-49
27
129
238
251
199
129
10
-41
-147
-189
-170
-119
-44
7
79
95
79
67
14
-23
-33
-43
-37
-47
-63
-81
-118
-140
-159
-154
-143
-137
-107
-94
-61
-37
-38
-28
-17
10
94
142
295
339
321
244
148
127
-10
-45
-71
-43
-30
110
124
197
201
179
143
131
78
40
51
34
22
5
-28
-43
-77
-85
-114
-108
-71
-63
-44
-41
-27
-9
-11
20
63
131
239
329
341
286
181
154
7
-42
-134
-115
-53
-42
84
116
139
119
74
47
19
-8
-34
-40
-27
-101
-128
-156
-168
-172
-175
-162
-172
-142
-127
-129
-124
-118
-123
-102
-76
-29
84
143
229
219
155
123
-26
-120
-182
-210
-173
-108
-38
19
77
80
54
43
-11
-28
-28
-83
-74
-93
-93
-129
-147
-193
-173
-173
-145
-157
-139
-108
-98
-76
-71
-44
-45
-34
78
145
283
315
276
191
147
20
-28
-70
-106
-43
-37
106
118
128
155
142
141
85
33
47
30
30
20
1
-18
-33
-78
-78
-73
-43
-42
-28
-28
15
18
8
-6
30
85
131
242
326
355
307
212
131
47
-29
-44
-78
-28
-26
113
129
148
146
131
71
32
11
-21
-15
-9
-30
-39
-107
-130
-135
-153
-139
-149
-128
-108
-74
-93
-99
-85
-69
-38
-30
114
135
271
255
187
148
-12
-28
-174
-189
-172
-108
-28
-21
55
52
33
-3
-13
-34
-61
-97
-98
-97
-123
-137
-156
-189
-201
-193
-177
-159
-146
-140
-113
-114
-93
-85
-65
-28
-30
123
231
266
242
174
124
-9
-32
-124
-143
-78
-44
39
113
145
129
106
88
51
10
-3
-7
-10
-25
-33
-44
-108
-123
-107
-85
-76
-70
-28
-29
-12
-9
2
9
30
99
139
276
355
358
299
203
135
34
-28
-33
-55
-37
52
123
147
150
150
134
134
69
20
6
-18
-13
-28
-33
-78
-107
-124
-119
-127
-111
-108
-76
-85
-78
-67
-59
-43
-33
-17
103
130
270
275
209
138
13
-29
-126
-159
-142
-73
-37
49
75
83
55
20
-29
-15
-72
-77
-97
-95
-133
-163
-189
-219
-207
-198
-209
-199
-179
-161
-107
-133
-118
-99
-80
-57
-29
120
131
246
211
147
88
-28
-45
-181
-153
-111
-50
-19
78
94
100
58
51
7
1
-22
-14
-14
-22
-33
-101
-141
-130
-137
-127
-86
-103
-61
-40
-44
-29
-44
-7
19
39
134
234
325
353
307
231
147
116
-6
-28
-46
-37
85
138
143
201
181
161
131
145
52
43
23
15
7
-28
-38
-86
-82
-109
-94
-65
-66
-30
-43
-30
-33
-25
-15
2
70
119
257
299
306
228
146
59
-12
-44
-122
-86
-33
-28
85
116
103
95
54
20
-12
-15
-33
-44
-74
-94
-117
-158
-172
-199
-200
-200
-177
-153
-134
-127
-127
-107
-95
-86
-47
-40
111
175
241
178
136
15
-44
-129
-165
-150
-110
-22
-12
85
87
79
46
25
3
-15
-33
-29
-29
-78
-117
-158
-161
-156
-145
-117
-115
-76
-61
-60
-70
-60
-38
-33
-38
99
134
290
323
296
233
131
94
-22
-29
-77
-41
-30
116
143
194
198
168
154
127
61
52
54
59
20
4
-34
-30
-55
-61
-46
-37
-42
-13
21
-3
-14
-2
4
38
107
136
310
347
327
259
159
135
-9
-29
-76
-49
-47
84
127
135
135
143
110
59
35
-9
-5
-12
-9
-28
-61
-142
-170
-160
-156
-140
-124
-85
-74
-76
-73
-85
-76
-66
-41
99
134
242
235
191
143
-10
-44
-143
-173
-171
-102
-38
-26
75
63
55
30
3
-28
-29
-44
-69
-74
-78
-122
-142
-171
-172
-166
-151
-140
-133
-108
-98
-80
-73
-76
-44
-33
52
132
246
302
298
218
138
34
-38
-43
-115
-80
-25
67
131
129
144
131
129
83
42
27
19
9
-1
-13
-12
-28
-65
-59
-61
-38
-35
-37
-14
10
19
30
42
59
114
127
299
383
355
291
193
142
25
-23
-35
-46
-38
95
139
139
180
148
135
131
52
22
20
5
-16
-29
-43
-103
-117
-122
-115
-87
-78
-65
-49
-58
-59
-44
-57
-42
-29
105
147
262
293
237
155
124
-28
-75
-154
-142
-93
-21
46
85
85
66
39
6
-12
-32
-53
-93
-107
-127
-146
-172
-183
-194
-179
-154
-153
-122
-97
-108
-111
-82
-61
-75
-42
-26
131
225
281
246
165
135
-10
-44
-138
-133
-101
-44
61
118
117
136
102
57
35
20
-26
-26
-28
-30
-38
-27
-102
-117
-101
-78
-59
-47
-44
-35
-25
-8
2
18
47
116
139
315
383
360
291
197
134
25
-21
-30
-37
38
116
129
212
189
163
145
146
89
35
20
10
20
-9
-15
-29
-37
-73
-76
-57
-30
-14
-44
-39
-29
-17
-23
3
37
117
145
293
311
258
163
138
-12
-53
-105
-113
-70
-29
82
116
119
99
66
23
11
-28
-40
-43
-76
-97
-129
-174
-178
-189
-157
-149
-142
-142
-123
-114
-117
-115
-121
-93
-45
-30
123
177
244
203
135
34
-12
-119
-167
-168
-117
-30
-42
79
95
82
61
36
11
-17
-13
-45
-76
-96
-107
-111
-118
-124
-102
-77
-69
-78
-61
-50
-44
-55
-29
-29
-23
91
141
302
322
307
243
138
127
-9
-34
-79
-50
-29
114
146
207
201
163
139
130
83
61
46
18
9
-12
-21
-27
-39
-26
-32
-47
-29
-28
-14
-13
-26
-1
10
43
100
138
276
337
308
244
153
129
-21
-46
-121
-81
-38
36
116
119
131
122
85
50
23
-14
-12
-30
-43
-78
-121
-129
-150
-153
-140
-134
-108
-105
-81
-82
-98
-108
-81
-59
-38
23
116
241
230
185
138
-10
-51
-167
-200
-183
-126
-47
-39
71
83
48
35
11
-12
-29
-34
-105
-110
-122
-130
-146
-171
-159
-149
-123
-119
-93
-110
-86
-93
-86
-74
-53
-33
65
139
279
321
271
187
138
-3
-45
-113
-111
-65
-32
87
137
148
147
147
142
78
47
35
10
-1
-17
-9
-10
-27
-43
-33
-30
-29
-38
-9
1
14
17
15
23
51
107
137
277
369
355
266
181
129
-10
-37
-76
-63
-41
74
127
147
177
135
150
73
47
20
-9
-19
-30
-44
-73
-103
-123
-106
-109
-101
-66
-76
-57
-61
-79
-101
-78
-56
-41
42
129
243
291
239
164
134
-28
-121
-162
-186
-150
-77
-37
52
80
61
35
1
-23
-44
-85
-124
-127
-137
-140
-153
-153
-177
-172
-149
-136
-134
-121
-105
-113
-115
-111
-101
-65
-38
84
135
261
276
219
134
30
-29
-124
-157
-142
-81
-37
82
119
129
116
79
49
50
4
-5
-26
-38
-37
-30
-45
-71
-98
-93
-53
-39
-35
-43
-43
-37
-23
3
24
47
103
137
311
387
360
275
182
133
7
-25
-41
-65
-33
96
148
179
160
135
141
99
59
30
15
-12
-12
-28
-30
-35
-70
-78
-77
-75
-71
-53
-46
-49
-50
-40
-47
-44
-30
106
143
287
306
237
199
146
-61
-77
-159
-162
-122
-32
-14
83
101
86
63
26
-15
-44
-39
-81
-105
-109
-108
-129
-170
-203
-207
-188
-186
-165
-151
-146
-117
-93
-111
-103
-94
-49
-13
143
244
244
184
139
6
-44
-169
-183
-170
-114
-30
54
88
100
83
55
27
-11
-15
-44
-28
-41
-7
-38
-69
-82
-102
-131
-140
-107
-86
-66
-53
-49
-30
-30
-27
7
54
115
229
319
342
295
185
131
34
-18
-39
-56
-38
63
129
137
197
161
146
137
119
52
42
33
22
22
22
-28
-37
-25
-66
-64
-64
-42
-44
-33
-14
-23
-12
-7
15
81
134
248
315
311
235
142
61
-19
-108
-137
-94
-51
-44
81
111
129
87
49
19
-14
-26
-37
-37
-73
-61
-74
-106
-117
-138
-150
-166
-145
-156
-137
-141
-128
-113
-85
-108
-78
-45
-28
131
181
217
175
139
-10
-33
-153
-192
-193
-113
-38
-1
63
68
48
22
-2
-27
-30
-30
-61
-66
-65
-75
-126
-140
-158
-139
-141
-107
-104
-73
-44
-48
-39
-47
-29
-43
53
116
259
327
280
207
124
37
-28
-34
-110
-74
-22
71
139
134
148
143
137
129
116
35
33
36
37
36
30
-11
-14
-30
-37
-60
-42
-25
-21
11
27
19
3
5
38
103
135
307
338
309
229
139
45
-18
-34
-110
-55
-43
84
122
132
136
105
67
35
1
-13
-35
-23
-37
-39
-34
-97
-123
-140
-139
-136
-128
-104
-77
-93
-97
-76
-77
-70
-41
1
134
212
233
180
147
11
-44
-139
-202
-193
-152
-74
-33
49
52
33
19
9
-16
-37
-97
-77
-81
-75
-67
-76
-129
-156
-182
-175
-157
-156
-119
-82
-76
-72
-65
-61
-53
-27
82
134
259
278
228
148
131
-27
-44
-143
-117
-71
-15
89
129
137
129
107
81
50
22
1
-2
4
14
3
-12
-25
-33
-61
-49
-33
-38
-17
11
17
20
17
20
35
89
148
270
341
371
285
212
131
13
-35
-82
-81
-35
52
129
149
151
149
145
89
57
30
-3
3
7
-9
-18
-27
-29
-110
-117
-124
-94
-93
-59
-44
-50
-33
-43
-53
-43
-41
94
142
267
251
195
138
5
-41
-161
-171
-163
-85
-23
-25
67
53
45
13
-28
-17
-29
-85
-108
-93
-107
-109
-120
-156
-173
-181
-155
-172
-150
-122
-110
-103
-108
-85
-86
-73
-59
9
135
240
251
215
142
35
-30
-118
-140
-149
-101
-43
66
95
114
88
63
45
17
-11
-21
-28
-12
-10
-21
-13
-37
-77
-82
-104
-69
-61
-33
-30
-17
6
3
5
38
110
135
291
347
331
286
200
131
33
-29
-44
-44
-44
83
135
143
181
163
147
129
63
27
30
21
25
20
20
-5
-29
-34
-80
-82
-67
-46
-55
-26
-29
-32
-26
-22
-17
34
107
148
277
281
227
147
109
-9
-76
-149
-143
-87
-47
7
94
81
72
27
5
-17
-27
-43
-65
-49
-93
-108
-133
-165
-173
-187
-188
-176
-145
-129
-121
-119
-110
-114
-119
-79
-38
83
142
239
223
160
133
-17
-67
-172
-177
-158
-81
-35
58
79
79
52
49
20
-6
-27
-42
-39
-25
-44
-38
-57
-110
-113
-109
-108
-97
-73
-41
-45
-19
-38
-39
-27
-21
55
142
251
310
311
251
166
130
-10
-27
-42
-53
-27
89
117
151
179
158
134
131
82
61
38
30
36
34
21
-11
-25
-41
-82
-74
-44
-42
-39
-12
6
13
-5
1
47
117
137
291
308
267
187
139
-8
-44
-127
-123
-75
-29
70
113
119
105
79
42
2
-21
-22
-37
-44
-57
-53
-96
-122
-146
-154
-163
-142
-123
-108
-105
-109
-113
-113
-109
-103
-44
-21
129
153
212
159
135
-16
-45
-173
-203
-170
-121
-61
-25
75
83
58
22
-5
-22
-41
-83
-79
-67
-74
-81
-105
-131
-139
-142
-137
-111
-99
-81
-73
-59
-46
-64
-44
-38
-28
123
142
270
291
243
163
132
-9
-29
-101
-93
-47
-28
99
137
133
142
136
79
63
55
36
23
17
19
15
-5
-12
-42
-33
-44
-32
-29
7
20
26
15
24
19
71
126
226
310
319
276
190
147
15
-30
-74
-83
-43
-39
94
134
117
127
101
73
35
9
-21
-38
-37
-29
-33
-49
-82
-99
-109
-108
-119
-105
-108
-95
-77
-81
-70
-58
-45
-37
89
134
227
217
149
115
-34
-137
-175
-202
-166
-97
-35
-17
40
35
20
-16
-28
-50
-99
-95
-93
-108
-109
-107
-119
-124
-145
-161
-161
-143
-138
-121
-113
-93
-83
-73
-60
-29
-1
122
161
259
229
158
135
-6
-43
-129
-141
-101
-44
-17
86
110
130
105
81
42
30
3
-12
-11
-5
-26
-14
-39
-29
-57
-73
-58
-39
-41
-13
-5
1
6
35
57
124
127
271
326
338
276
180
137
9
-27
-51
-61
-41
52
122
119
131
138
139
84
56
38
10
-12
-13
-10
-25
-30
-30
-77
-83
-93
-66
-72
-71
-72
-51
-44
-40
-12
-18
78
135
230
251
212
141
46
-33
-117
-166
-157
-126
-55
-28
54
70
55
34
-13
-37
-34
-75
-103
-113
-101
-110
-133
-140
-167
-172
-173
-151
-153
-135
-110
-108
-127
-102
-77
-58
-44
52
118
134
213
169
136
10
-25
-129
-165
-160
-95
-44
-23
84
87
70
58
41
6
-12
-30
-33
-32
-27
-29
-69
-61
-71
-79
-73
-81
-49
-44
-45
-38
-43
-13
17
78
131
230
307
311
271
187
135
30
-13
-29
-49
-41
78
133
139
187
169
131
133
78
50
35
20
13
14
7
-12
-37
-38
-28
-34
-46
-44
-50
-44
-24
-28
-15
-4
30
72
134
244
279
257
186
139
1
-45
-114
-123
-107
-46
-14
67
81
84
63
37
5
-17
-41
-30
-81
-76
-95
-101
-130
-140
-147
-144
-142
-137
-142
-135
-133
-146
-130
-121
-77
-49
-14
131
127
198
161
148
-22
-29
-143
-171
-163
-109
-29
-33
49
52
52
30
0
-19
-42
-30
-30
-76
-61
-81
-114
-109
-109
-117
-105
-75
-76
-76
-67
-70
-61
-43
-28
-23
107
149
271
294
246
166
137
-2
-44
-104
-98
-50
-44
99
132
135
116
148
138
71
55
33
28
20
21
20
2
-2
-32
-37
-37
-28
-21
2
9
-19
-17
5
3
61
113
142
276
311
276
212
147
20
-25
-45
-102
-79
-43
52
100
118
99
85
50
19
8
-26
-23
-34
-46
-41
-97
-119
-140
-133
-123
-126
-122
-99
-93
-82
-81
-93
-61
-49
-37
119
142
194
158
130
-9
-35
-156
-204
-204
-165
-93
-42
-24
34
23
1
-12
-29
-48
-76
-98
-102
-99
-108
-133
-157
-172
-171
-143
-137
-109
-103
-103
-97
-98
-76
-73
-41
-29
116
137
244
214
153
130
-7
-42
-129
-124
-103
-53
13
109
119
120
101
65
48
22
5
-17
-15
-28
-34
-21
-44
-60
-47
-44
-30
-50
-28
-5
-12
7
37
25
80
116
211
299
337
294
223
145
84
-38
-45
-76
-44
-40
89
121
137
131
143
115
51
26
15
-1
-25
-21
-44
-23
-46
-94
-109
-94
-102
-95
-76
-66
-59
-46
-45
-37
-44
27
114
143
246
225
159
129
-21
-42
-140
-167
-141
-71
-34
54
53
35
27
-12
-12
-44
-41
-111
-119
-119
-114
-127
-149
-169
-173
-170
-149
-137
-131
-140
-102
-98
-76
-69
-40
-36
99
145
218
222
163
131
2
-44
-133
-139
-119
-58
-53
75
113
93
94
68
33
18
-7
-15
-30
-41
-46
-44
-30
-61
-76
-71
-44
-43
-34
-45
-33
-28
-12
7
49
84
128
254
337
340
281
211
133
30
-19
-28
-33
13
84
131
145
180
165
139
144
98
51
33
10
-6
-3
-1
-15
-18
-37
-32
-44
-37
-44
-29
-33
-30
-14
-9
17
49
96
120
265
280
228
161
135
-5
-45
-111
-108
-75
-28
-11
81
91
66
39
27
-22
-14
-41
-79
-85
-118
-147
-150
-158
-162
-166
-157
-138
-127
-142
-140
-140
-145
-137
-108
-54
-50
105
119
201
161
148
-21
-44
-151
-174
-172
-124
-67
-29
57
55
51
20
1
-12
-43
-44
-76
-111
-118
-121
-114
-127
-134
-123
-101
-102
-93
-85
-105
-69
-45
-38
-41
57
131
244
290
287
203
137
27
-14
-28
-98
-65
-25
66
118
131
148
148
139
130
78
43
21
3
-5
-12
-27
-28
-35
-45
-30
-29
-27
-5
-12
-21
-17
11
23
61
133
234
322
323
286
180
139
21
-34
-44
-77
-42
-33
83
118
139
123
90
61
26
10
-12
-13
-27
-73
-76
-105
-104
-127
-124
-118
-107
-93
-102
-117
-106
-96
-69
-44
-39
53
121
212
222
179
135
1
-39
-149
-189
-183
-124
-56
-28
37
37
38
16
-10
-22
-39
-86
-82
-82
-117
-137
-151
-163
-155
-156
-137
-123
-113
-115
-101
-99
-81
-65
-44
-44
82
147
257
263
211
148
81
-26
-45
-129
-122
-63
-37
84
124
119
124
96
69
46
23
18
-13
-29
-21
-39
-39
-44
-74
-66
-45
-40
-50
-29
-6
-9
16
27
43
59
116
239
308
372
311
233
142
122
-12
-41
-80
-49
-30
99
119
128
151
145
146
67
41
17
-11
-26
-41
-41
-81
-80
-103
-98
-77
-73
-61
-65
-60
-58
-57
-37
-37
-41
52
148
231
275
238
144
127
-12
-41
-157
-158
-134
-55
-30
70
78
55
20
7
-30
-39
-75
-111
-120
-128
-155
-156
-156
-175
-182
-173
-151
-141
-140
-133
-113
-105
-73
-65
-43
-35
106
131
248
235
153
128
-22
-39
-134
-165
-121
-43
-35
90
117
101
84
52
35
6
-12
-26
-39
-44
-74
-81
-79
-93
-93
-69
-74
-50
-40
-39
-45
-35
-22
15
25
87
141
299
357
330
255
167
135
15
-17
-38
-35
34
99
148
187
180
153
140
123
71
47
5
-10
-13
-28
-41
-34
-37
-61
-58
-55
-39
-44
-40
-22
-41
-42
-23
35
69
135
244
299
287
222
132
20
-27
-102
-124
-123
-46
-32
70
86
99
78
39
9
-18
-13
-42
-94
-110
-109
-150
-149
-153
-172
-171
-170
-159
-153
-141
-147
-142
-128
-109
-71
-44
39
131
212
219
163
148
-26
-47
-147
-172
-140
-108
-33
-22
69
57
51
36
-7
-23
-29
-26
-61
-76
-93
-118
-136
-133
-134
-129
-122
-74
-94
-78
-67
-65
-57
-48
-39
21
119
142
293
319
270
184
135
-9
-25
-85
-93
-47
-17
113
127
137
170
134
139
87
47
43
30
20
6
-6
-30
-28
-40
-39
-37
-57
-35
-11
-12
-22
-25
-8
20
59
119
141
287
339
285
205
139
13
-30
-43
-107
-65
-23
80
123
122
120
99
49
21
3
-10
-30
-45
-42
-79
-108
-109
-130
-130
-151
-121
-113
-101
-107
-106
-107
-101
-78
-42
-34
84
135
227
225
143
107
-17
-134
-191
-190
-173
-122
-6
-38
45
55
33
-5
-7
-46
-41
-71
-93
-94
-113
-141
-150
-158
-172
-149
-138
-126
-107
-108
-97
-85
-78
-55
-38
-35
119
130
299
276
198
147
27
-30
-107
-134
-103
-44
-30
111
130
137
134
87
55
33
20
-10
-11
-26
-34
-25
-30
-51
-59
-46
-53
-29
-43
-13
-12
-9
10
23
45
97
132
274
337
326
290
198
137
18
-24
-71
-69
-43
46
111
139
143
145
123
70
37
10
-11
1
-27
-30
-38
-55
-113
-110
-110
-101
-97
-76
-58
-58
-53
-60
-61
-48
-41
73
135
228
267
227
148
105
-24
-119
-169
-167
-129
-54
-41
39
52
37
20
-17
-30
-43
-102
-108
-131
-131
-141
-157
-167
-193
-183
-177
-167
-156
-121
-111
-114
-98
-98
-75
-59
-30
113
138
254
239
159
139
-12
-43
-149
-154
-114
-44
-27
87
106
105
86
46
25
-5
-18
-33
-37
-33
-51
-41
-65
-73
-76
-94
-66
-56
-46
-37
-44
-45
-30
11
21
97
134
282
347
338
279
186
135
11
-23
-30
-28
-27
79
131
135
175
139
146
142
51
34
11
7
-12
-9
-10
-41
-44
-40
-69
-61
-59
-47
-46
-42
-29
-44
-41
-2
25
116
139
259
297
251
160
133
-23
-35
-109
-139
-105
-41
30
75
86
70
55
19
-21
-44
-59
-77
-98
-108
-102
-143
-166
-156
-158
-174
-163
-153
-155
-143
-153
-133
-127
-108
-76
-35
91
139
235
191
147
82
-25
-103
-166
-192
-155
-93
-29
51
84
81
46
15
-12
-11
-34
-29
-63
-75
-69
-95
-108
-109
-114
-119
-82
-82
-71
-75
-71
-49
-39
-38
-25
53
123
257
309
309
251
157
123
-10
-51
-95
-69
-24
85
141
136
153
163
137
131
75
52
22
3
7
-9
-17
-26
-25
-30
-38
-39
-44
-44
-34
-29
-28
-13
3
35
82
116
244
330
323
278
163
145
-11
-43
-102
-76
-57
-28
83
107
112
98
71
39
11
-15
-28
-27
-29
-95
-111
-137
-141
-140
-152
-146
-117
-118
-111
-93
-112
-112
-82
-76
-49
-43
115
146
227
182
131
-9
-40
-171
-201
-193
-165
-81
-34
52
52
38
26
-12
-29
-46
-45
-93
-123
-121
-138
-145
-162
-146
-170
-133
-124
-110
-97
-107
-103
-102
-77
-43
-44
71
131
251
278
270
163
132
6
-44
-120
-117
-73
-28
75
117
134
147
147
82
61
35
11
-7
-3
-23
-32
-28
-37
-39
-44
-33
-33
-30
-25
-12
-12
-9
9
23
65
119
149
285
356
336
246
150
123
-3
-41
-76
-59
-39
75
129
139
145
154
75
49
20
7
-12
-21
-41
-44
-76
-85
-106
-93
-101
-86
-75
-76
-73
-102
-93
-81
-49
-45
-33
99
144
251
245
191
155
2
-37
-151
-155
-158
-117
-44
-29
45
53
35
6
-18
-42
-76
-108
-134
-140
-141
-170
-165
-169
-170
-165
-151
-139
-133
-140
-127
-137
-124
-108
-67
-37
66
147
244
249
209
149
33
-21
-107
-135
-143
-74
-34
78
110
113
95
66
36
11
1
-19
-28
-28
-33
-22
-75
-74
-81
-82
-65
-67
-53
-39
-30
-32
-37
-38
29
79
121
137
303
349
315
259
159
135
8
-39
-29
-39
35
107
122
141
179
145
131
58
36
20
13
-2
-17
-41
-43
-33
-66
-71
-73
-54
-70
-54
-56
-54
-55
-42
-44
-33
52
107
209
293
278
229
131
30
-43
-123
-142
-129
-69
-38
57
81
90
71
27
-6
-12
-41
-85
-106
-118
-152
-156
-149
-158
-172
-186
-181
-172
-163
-159
-158
-140
-137
-118
-101
-39
-28
117
160
235
192
139
9
-42
-135
-171
-171
-115
-51
-24
83
86
67
52
23
-10
-9
-36
-27
-73
-79
-95
-109
-122
-111
-122
-124
-93
-74
-71
-57
-46
-41
-23
-28
48
103
142
276
325
306
215
147
30
-12
-33
-61
-44
3
115
147
180
178
148
138
116
71
39
-13
6
-12
-23
-22
-39
-41
-32
-70
-58
-53
-49
-39
-42
-23
-5
19
39
109
139
273
340
293
224
139
37
-26
-32
-109
-83
-38
15
109
122
114
86
51
38
-12
-17
-21
-83
-94
-105
-119
-115
-140
-140
-160
-156
-139
-139
-143
-110
-115
-111
-106
-73
-36
30
129
174
214
159
138
-19
-28
-162
-198
-189
-137
-44
-47
47
69
42
23
1
-23
-45
-76
-107
-108
-126
-140
-141
-127
-155
-165
-157
-141
-130
-109
-109
-85
-74
-49
-38
-1
78
131
266
291
276
177
149
20
-43
-108
-110
-46
-32
79
127
129
132
122
82
52
26
13
1
-6
-6
-17
-27
-34
-28
-25
-29
-25
-33
-41
-10
-12
7
19
34
59
118
137
305
329
295
228
150
59
-12
-47
-78
-53
-32
75
113
133
131
117
79
43
20
1
-23
-33
-42
-67
-96
-106
-123
-121
-122
-109
-110
-110
-106
-107
-70
-65
-66
-46
-41
97
136
246
237
162
131
-19
-44
-174
-190
-166
-109
-34
-17
52
38
21
-14
-15
-44
-93
-109
-140
-140
-131
-115
-170
-172
-173
-185
-173
-159
-156
-141
-126
-118
-95
-66
-39
-37
71
138
241
260
181
135
-1
-25
-107
-137
-117
-60
-40
73
111
98
100
71
49
21
-6
-9
-26
-22
-34
-28
-34
-79
-69
-61
-76
-57
-57
-50
-38
-35
-5
37
30
66
135
222
314
355
318
227
135
118
-12
-28
-30
-35
-7
121
131
153
135
139
99
65
45
11
1
-17
-29
-34
-34
-50
-77
-102
-101
-93
-66
-71
-58
-58
-45
-29
-44
4
73
137
238
276
259
159
135
-30
-44
-141
-167
-122
-59
-43
57
83
54
47
3
-15
-22
-47
-117
-141
-127
-151
-153
-166
-184
-186
-176
-173
-156
-145
-159
-154
-140
-112
-99
-93
-33
84
128
244
219
166
129
0
-43
-144
-159
-139
-97
-50
54
77
89
58
37
-13
-1
-29
-37
-37
-49
-83
-81
-95
-108
-109
-111
-113
-74
-61
-46
-38
-28
-30
-28
41
67
134
229
307
325
271
163
142
14
-21
-39
-45
-38
69
124
134
170
148
145
143
86
51
23
22
-10
-2
-10
-23
-29
-46
-63
-61
-49
-53
-38
-28
-43
-30
-28
19
43
102
133
261
308
273
185
142
-1
-29
-105
-108
-77
-34
52
93
110
97
71
43
0
-25
-29
-33
-77
-97
-103
-131
-138
-149
-149
-149
-155
-130
-130
-142
-133
-119
-85
-71
-41
-33
83
123
217
180
147
17
-28
-127
-177
-186
-169
-93
-29
45
59
65
35
11
-23
-33
-43
-93
-100
-106
-117
-122
-124
-124
-146
-139
-122
-111
-93
-96
-65
-65
-39
-39
-29
64
116
242
289
283
213
131
38
-18
-30
-107
-53
-45
82
119
138
147
147
127
66
70
41
26
-3
-9
0
-15
-30
-28
-33
-29
-33
-33
-33
-21
-12
-1
10
51
52
105
138
273
327
322
259
165
130
-2
-33
-42
-73
-43
43
124
137
135
127
84
51
29
1
-21
-33
-77
-77
-73
-93
-97
-99
-108
-118
-118
-123
-121
-122
-93
-74
-69
-35
-38
77
126
249
254
203
134
2
-33
-149
-190
-188
-137
-71
-30
36
47
24
-3
-34
-29
-37
-117
-122
-153
-145
-143
-142
-158
-154
-169
-176
-169
-156
-154
-151
-138
-79
-66
-34
-27
55
129
239
270
227
148
126
-10
-13
-135
-135
-77
-45
58
107
107
102
111
59
41
15
-5
-23
-47
-43
-43
-45
-72
-95
-93
-76
-64
-51
-51
-35
-26
-9
23
43
79
119
244
335
361
331
248
155
133
-8
-38
-30
-33
-25
94
131
143
147
137
134
77
42
11
-16
-33
-42
-53
-65
-81
-97
-103
-108
-81
-93
-94
-93
-97
-45
-18
-46
-7
64
133
255
274
244
164
137
-12
-47
-141
-153
-129
-63
-33
67
72
51
35
14
-28
-42
-79
-123
-140
-140
-156
-156
-170
-188
-175
-200
-190
-171
-156
-166
-145
-122
-98
-58
-41
-27
117
131
240
214
147
37
-29
-111
-141
-157
-120
-56
-28
77
91
75
67
33
26
-2
-13
-50
-82
-102
-93
-76
-93
-108
-93
-82
-101
-65
-81
-74
-53
-45
-37
-10
37
99
135
285
340
313
228
159
139
19
-13
-30
-30
-30
110
143
187
171
152
126
131
75
50
15
6
-3
-39
-30
-59
-93
-81
-70
-50
-61
-42
-30
-30
-37
-23
17
45
94
131
275
314
285
202
141
14
-28
-111
-129
-95
-41
33
90
112
84
59
30
-7
-29
-39
-29
-73
-93
-108
-127
-155
-157
-172
-169
-167
-156
-149
-137
-133
-109
-113
-99
-61
-30
104
129
237
198
148
32
-30
-127
-178
-192
-153
-69
-28
49
65
55
37
7
-19
-47
-33
-69
-96
-77
-111
-131
-145
-153
-158
-151
-131
-107
-108
-93
-77
-57
-44
-44
-45
67
123
246
311
294
223
148
41
-11
-43
-108
-57
-26
74
119
136
137
139
139
87
56
52
14
11
7
-5
-21
-17
-43
-34
-59
-44
-37
-42
-28
-3
-2
19
18
47
79
123
275
337
330
259
165
139
3
-45
-103
-78
-30
27
114
135
141
117
84
39
20
-11
-29
-39
-46
-73
-93
-103
-129
-130
-153
-130
-121
-126
-119
-119
-108
-79
-48
-47
-47
79
145
248
265
185
135
-12
-34
-174
-189
-190
-139
-60
-41
55
43
27
-2
-34
-26
-43
-102
-112
-124
-108
-124
-141
-156
-165
-175
-178
-162
-151
-129
-118
-99
-97
-70
-54
-41
49
137
241
279
251
165
139
-8
-25
-130
-129
-93
-39
52
103
119
122
89
70
46
33
-10
-10
-27
-38
-40
-41
-44
-57
-76
-96
-64
-67
-44
-33
-30
-29
17
43
84
121
143
317
371
366
273
185
148
3
-34
-43
-57
-43
69
119
147
151
127
129
74
53
13
-9
-1
-28
-44
-42
-86
-101
-111
-127
-108
-107
-98
-95
-75
-59
-59
-39
-26
29
116
139
280
281
212
138
17
-41
-134
-162
-140
-97
-45
39
75
69
59
16
-12
-35
-53
-53
-169
-123
-95
-118
-177
-195
-209
-205
-193
-185
-170
-154
-146
-141
-113
-82
-47
-44
20
127
239
277
203
148
27
-33
-112
-172
-153
-113
-50
-8
91
96
91
65
38
9
-18
-30
-44
-43
-75
-76
-95
-123
-110
-108
-113
-98
-76
-71
-74
-51
-22
-39
7
36
101
142
299
350
351
258
158
133
11
-12
-37
-24
19
99
131
180
185
147
146
137
49
49
27
-11
-33
-41
-26
-95
-69
-101
-93
-71
-45
-44
-55
-50
-41
-44
-26
19
70
123
244
307
309
241
148
52
-21
-33
-124
-102
-65
-22
78
111
88
73
34
7
-21
-30
-33
-94
-95
-131
-130
-146
-172
-151
-169
-172
-172
-161
-150
-157
-139
-129
-110
-79
-45
-23
119
215
254
181
126
3
-38
-153
-171
-157
-119
-45
-23
52
75
38
20
-11
-13
-23
-34
-78
-98
-119
-124
-143
-155
-151
-146
-139
-113
-93
-76
-95
-75
-74
-42
-46
-21
91
137
291
329
289
211
149
26
-18
-39
-99
-44
-33
99
130
137
155
146
131
87
50
35
23
18
-7
-5
-22
-43
-35
-34
-54
-45
-37
-30
-35
-39
-42
-30
20
37
95
111
279
341
347
276
179
123
17
-44
-98
-93
-33
20
101
115
129
101
61
19
9
-15
-22
-30
-76
-86
-99
-127
-137
-155
-157
-137
-121
-111
-107
-117
-109
-98
-69
-47
-27
67
147
227
251
181
123
7
-33
-145
-199
-193
-140
-61
-44
57
52
35
-5
-5
-33
-28
-101
-105
-113
-130
-140
-185
-151
-172
-173
-172
-157
-135
-137
-108
-111
-94
-65
-33
-27
67
146
276
290
271
187
145
-11
-49
-139
-127
-74
-39
83
123
135
132
106
75
53
30
3
-9
-30
-38
-29
-57
-80
-66
-63
-67
-44
-43
-44
-29
-16
7
21
49
70
120
240
354
385
341
246
161
137
-9
-45
-77
-39
-38
115
137
150
162
154
143
63
39
6
-21
-19
-37
-39
-95
-101
-102
-129
-124
-114
-93
-95
-75
-78
-51
-47
-22
-45
58
135
239
291
267
179
135
1
-42
-170
-156
-131
-66
-29
77
73
67
18
-7
-28
-29
-71
-114
-129
-150
-166
-172
-172
-181
-199
-201
-201
-172
-174
-154
-143
-108
-87
-74
-47
-44
67
131
259
259
213
135
20
-30
-124
-161
-143
-93
-34
55
115
103
87
65
29
11
-22
-37
-30
-37
-82
-83
-108
-123
-130
-124
-105
-85
-43
-70
-53
-46
-28
-23
37
59
130
270
347
371
302
225
145
42
-21
-34
-34
-22
75
119
133
181
169
139
145
84
37
10
-13
-14
-29
-29
-41
-81
-83
-93
-93
-78
-69
-57
-57
-45
-30
-34
-21
33
118
138
307
308
246
155
153
-2
-39
-127
-127
-93
-30
49
94
105
81
57
15
-22
-27
-44
-105
-113
-105
-129
-133
-156
-182
-197
-200
-185
-181
-161
-157
-141
-119
-95
-82
-66
-44
131
157
241
211
148
19
-28
-109
-161
-169
-123
-61
-43
70
71
80
36
16
-15
-37
-20
-77
-76
-97
-121
-149
-143
-152
-147
-137
-130
-108
-95
-80
-69
-58
-37
-39
35
106
147
291
343
287
203
138
37
-21
-39
-94
-50
-30
115
131
178
170
145
148
75
40
42
10
-2
-4
-23
-29
-41
-47
-59
-71
-76
-48
-42
-43
-42
-29
-11
23
61
116
141
325
354
308
215
143
52
-27
-46
-93
-58
-44
81
116
133
100
83
51
20
-5
-21
-29
-39
-37
-111
-141
-169
-166
-172
-169
-157
-129
-130
-109
-108
-78
-76
-57
-45
-28
115
135
241
221
145
20
-25
-129
-181
-204
-139
-86
-29
46
36
67
19
-9
-34
-33
-74
-103
-111
-109
-140
-159
-175
-182
-201
-177
-166
-105
-128
-127
-105
-77
-73
-44
-24
53
133
267
294
274
191
131
7
-44
-108
-123
-63
-30
81
124
135
118
116
79
52
24
7
-9
-18
-28
-13
-35
-61
-79
-81
-86
-57
-53
-23
-45
-18
19
33
52
84
123
234
335
377
327
259
155
122
-12
-41
-85
-26
-34
110
139
143
152
134
123
58
24
18
-13
-22
-22
-48
-93
-121
-133
-138
-140
-122
-93
-67
-76
-70
-42
-33
-33
-33
59
137
246
276
243
147
121
-26
-51
-171
-147
-113
-49
-28
66
58
52
17
5
-21
-35
-93
-114
-123
-126
-156
-171
-197
-209
-206
-204
-189
-165
-147
-122
-103
-93
-76
-69
-51
-50
116
235
267
222
137
74
-25
-44
-141
-137
-94
-30
59
102
111
101
83
36
20
-6
-22
-44
-53
-56
-58
-82
-101
-99
-107
-101
-93
-94
-58
-59
-39
-49
-21
27
42
129
212
326
362
319
242
149
119
-7
-23
-29
-30
36
116
137
186
185
139
129
95
38
23
-7
6
-10
-18
-43
-75
-101
-114
-108
-103
-83
-53
-51
-30
-46
-30
-7
20
89
127
277
309
243
182
123
2
-38
-114
-139
-81
-25
-15
95
91
77
51
17
-12
-25
-37
-77
-86
-109
-138
-143
-172
-199
-205
-220
-189
-172
-162
-151
-153
-137
-119
-117
-73
-50
84
137
233
239
137
35
-25
-27
-159
-172
-138
-81
-35
49
66
58
36
21
17
-22
-44
-66
-94
-77
-106
-126
-135
-156
-155
-150
-138
-114
-101
-77
-77
-59
-105
-29
-3
87
139
287
339
311
221
143
84
-13
-27
-83
-42
-38
82
117
131
163
147
137
83
54
39
30
20
-1
-10
-17
-43
-35
-47
-59
-65
-19
-29
-49
-30
-34
-29
29
42
95
130
297
344
323
238
153
121
-5
-27
-94
-65
-46
59
99
131
115
85
61
28
6
-28
-37
-26
-57
-97
-115
-140
-141
-165
-161
-159
-151
-127
-139
-108
-93
-66
-74
-46
-41
82
143
234
225
170
135
-14
-38
-162
-182
-155
-101
-38
-22
52
42
43
3
-13
-41
-44
-76
-75
-81
-122
-141
-162
-187
-198
-193
-159
-124
-126
-108
-97
-74
-70
-57
-33
-26
115
147
286
294
234
137
84
-1
-53
-114
-102
-37
33
109
124
114
142
103
54
37
22
-1
-1
20
-12
-17
-38
-48
-65
-82
-55
-69
-44
-37
-33
7
20
52
53
103
144
276
346
378
333
234
149
21
-23
-37
-44
-44
59
115
141
167
148
135
81
38
26
2
-26
-14
-42
-28
-110
-98
-138
-143
-113
-107
-78
-69
-61
-58
-44
-34
-30
-37
101
147
275
283
227
139
42
-38
-33
-134
-145
-93
-19
42
63
67
43
29
-10
-25
-37
-76
-106
-128
-141
-158
-171
-191
-201
-191
-194
-172
-154
-122
-109
-79
-76
-69
-47
-49
63
131
251
263
221
147
81
-7
-43
-140
-99
-73
-49
59
105
123
111
83
59
4
-6
-12
-30
-38
-43
-59
-65
-97
-103
-103
-95
-69
-69
-60
-41
-39
-32
17
24
73
139
254
345
371
327
243
163
146
5
-10
-41
-12
83
138
132
181
167
138
142
103
43
14
-12
-12
-19
-13
-41
-38
-93
-97
-77
-57
-69
-48
-30
-37
-34
-23
19
55
115
149
306
301
262
180
131
70
-29
-108
-123
-100
-37
52
107
87
97
49
20
1
-23
-41
-85
-120
-135
-127
-143
-174
-199
-181
-181
-166
-160
-162
-145
-133
-103
-77
-69
-41
15
131
219
235
186
144
19
-18
-59
-145
-157
-98
-37
21
75
82
65
39
17
5
-23
-39
-59
-102
-93
-107
-107
-118
-119
-111
-110
-108
-93
-107
-86
-81
-39
-43
22
52
130
197
319
336
277
209
148
85
-17
-37
-42
-39
55
129
148
183
166
148
132
126
67
50
15
-22
-2
-12
-28
-27
-37
-42
-40
-53
-28
-34
-26
-21
20
30
55
119
141
248
343
347
293
202
120
41
-28
-37
-76
-43
1
96
121
191
121
82
59
30
7
-10
-39
-37
-79
-103
-99
-111
-126
-137
-127
-134
-129
-134
-105
-106
-86
-66
-37
-30
57
135
219
246
191
137
21
-44
-140
-163
-171
-124
-55
-45
55
35
50
21
-18
-21
-25
-39
-93
-118
-118
-139
-149
-153
-170
-156
-140
-107
-108
-119
-99
-79
-66
-41
-42
-44
91
147
276
304
254
180
147
3
-38
-108
-108
-46
-30
99
123
131
138
131
79
57
24
10
-17
-44
15
-70
-44
-21
-40
-65
-46
-53
-39
-30
-37
-25
18
27
55
97
129
239
328
358
329
248
148
113
-12
-32
-33
-33
-1
104
143
110
148
145
129
55
35
-7
-25
-41
-27
-44
-93
-109
-124
-131
-109
-94
-80
-77
-76
-69
-53
-45
-34
-70
69
124
254
263
235
154
139
11
-19
-137
-155
-111
-53
-41
57
52
52
20
-1
-32
-35
-108
-129
-173
-167
-165
-175
-175
-186
-187
-174
-175
-150
-137
-129
-111
-106
-63
-53
-54
-11
131
133
251
244
153
131
-63
-41
-139
-131
-97
-53
35
95
94
107
87
52
15
-12
-17
-29
-69
-69
-71
-73
-83
-85
-85
-75
-93
-93
-79
-71
-44
-37
-37
26
52
126
143
308
356
354
273
179
145
25
-28
-40
-30
52
103
139
179
163
159
139
113
48
27
7
-15
-17
-13
-47
-33
-86
-76
-69
-76
-70
-50
-44
-38
-30
-40
-12
30
73
123
243
292
289
202
131
7
-37
-127
-139
-77
-48
-61
79
70
84
66
35
-1
-21
-41
-82
-105
-124
-119
-145
-169
-186
-197
-173
-157
-172
-158
-149
-136
-145
-102
-80
-65
-44
71
134
244
223
148
142
-1
-33
-130
-162
-140
-78
-41
55
73
83
63
33
9
-11
-23
-33
-97
-101
-102
-108
-103
-119
-107
-117
-126
-108
-102
-98
-73
-67
-26
-34
55
70
123
246
308
311
257
165
114
47
-29
-45
-60
15
124
134
142
178
163
143
135
59
57
26
-38
10
20
-13
-6
-44
-30
-47
-44
-44
-49
-44
-45
-22
-1
30
3
85
129
257
325
327
255
166
127
1
-18
-93
-77
-34
-25
91
146
119
113
75
51
19
-12
-29
-17
-78
-86
-103
-128
-131
-158
-172
-149
-141
-123
-129
-127
-105
-74
-66
-76
-34
33
127
195
231
180
142
-12
-42
-153
-170
-176
-126
-41
-37
49
59
35
5
-1
-30
-27
-32
-108
-134
-138
-140
-150
-146
-154
-166
-151
-143
-122
-117
-121
-86
-75
-35
-41
-16
95
149
277
291
242
147
137
-12
-44
-111
-81
-42
-30
103
119
139
126
132
78
49
30
8
-5
-23
-28
-39
-42
-24
-45
-28
-41
-44
-44
-30
-47
-15
18
34
57
82
135
244
325
361
321
234
133
68
-25
-34
-41
-30
20
106
139
135
136
141
88
51
23
1
-29
-37
-29
-44
-97
-110
-122
-126
-109
-109
-106
-86
-77
-71
-64
-42
-43
-44
67
139
223
276
238
151
116
-23
-39
-145
-149
-114
-65
-30
49
43
52
91
1
-57
-75
-99
-126
-165
-156
-143
-165
-177
-182
-182
-191
-174
-147
-133
-130
-111
-94
-99
-122
-34
-37
107
143
266
243
180
163
6
-37
-127
-158
-110
-50
-23
81
127
101
106
61
25
1
-3
-57
-29
-12
-56
-63
-93
-108
-95
-111
-84
-73
-61
-53
-46
-34
-17
20
57
115
139
295
347
340
293
211
139
35
-9
-28
-38
17
91
124
142
181
154
149
91
49
26
11
-6
5
-27
-29
-33
-59
-73
-113
-81
-83
-76
-61
-53
-53
-38
-77
-18
37
101
141
275
315
265
177
137
6
-41
-126
-123
-93
-27
-18
82
102
77
52
15
-12
-28
-41
-101
-108
-118
-141
-162
-171
-195
-187
-195
-172
-171
-157
-154
-131
-119
-73
-93
-47
-23
57
105
222
239
227
113
11
12
-134
-173
-140
-75
-32
58
84
82
52
36
2
-12
-25
-39
-76
-67
-93
-108
-117
-137
-151
-140
-118
-106
-93
-98
-59
-45
-30
-39
20
70
131
244
313
318
335
167
139
17
-17
-39
-44
-39
84
138
130
177
167
139
121
75
66
29
14
10
-17
-22
-30
-39
-34
-61
-81
-69
-55
-51
-33
-41
-26
19
37
71
111
147
292
340
305
224
136
37
-19
-39
-102
-61
-37
52
105
115
103
90
53
18
-10
-37
-41
-75
-86
-105
-139
-151
-194
-172
-172
-156
-141
-137
-122
-107
-95
-95
-76
-58
-26
83
149
231
229
155
123
-12
-49
-168
-189
-183
-131
-39
-6
53
63
51
25
5
-26
-27
-94
-94
-118
-129
-150
-157
-175
-165
-161
-147
-135
-108
-135
-95
-73
-50
-47
-30
36
122
147
292
291
235
150
130
-5
-41
-108
-74
-44
20
107
137
133
138
131
73
51
20
5
16
3
-13
-28
-33
-43
-75
-74
-65
-50
-33
-38
-29
5
18
41
34
73
127
242
313
347
315
219
136
120
-13
-30
-29
-58
-27
95
139
127
95
139
74
50
30
-5
-22
-37
-44
-105
-103
-129
-122
-124
-127
-130
-108
-108
-108
-97
-77
-73
-42
-34
-8
110
143
267
246
184
130
-6
-35
-155
-174
-166
-97
-42
-13
55
52
33
-14
-28
-41
-97
-105
-118
-133
-161
-166
-201
-220
-207
-194
-166
-156
-107
-122
-114
-111
-83
-77
-43
-44
103
133
246
267
213
131
33
-13
-39
-146
-117
-53
-30
74
116
114
101
67
51
22
17
-25
-21
-29
-46
-41
-102
-130
-138
-115
-93
-93
-39
-38
-37
-28
17
35
47
84
131
262
342
355
325
229
147
147
7
-21
-41
-44
70
134
132
159
147
142
135
75
42
27
9
5
-28
-37
-44
-96
-114
-124
-122
-93
-71
-57
-50
-45
-28
-41
-27
-19
79
148
244
303
275
217
139
6
-46
-122
-140
-121
-58
-43
65
91
73
50
21
-17
-21
-35
-103
-115
-140
-140
-166
-195
-198
-204
-211
-195
-185
-169
-143
-140
-113
-106
-73
-67
-41
59
127
227
248
194
147
15
-26
-119
-149
-145
-96
-30
36
85
85
82
41
21
-7
-18
-11
-39
-63
-77
-101
-117
-149
-147
-153
-124
-115
-79
-56
-46
-29
-30
-12
9
43
130
203
323
322
295
212
145
48
-7
-37
-28
-37
59
133
134
175
175
149
147
117
51
35
18
-2
-15
-12
-30
-83
-99
-105
-76
-70
-38
-37
-34
-39
-10
3
21
43
106
138
289
308
279
211
139
35
-27
-43
-118
-67
-35
59
115
116
115
101
29
10
-27
-46
-39
-95
-106
-127
-138
-153
-173
-185
-185
-161
-149
-127
-134
-135
-108
-99
-76
-54
-29
95
145
225
225
138
70
-28
-80
-173
-185
-153
-106
-45
67
61
59
38
19
-26
-28
-41
-94
-99
-101
-108
-139
-157
-171
-170
-181
-140
-137
-119
-99
-81
-67
-37
-30
-38
45
123
191
294
299
235
163
130
1
-26
-82
-74
-39
39
116
137
134
146
115
61
54
24
21
20
-9
-12
-45
-28
-66
-94
-77
-65
-30
-47
-42
0
21
20
47
68
84
126
251
323
340
287
207
149
35
-3
-41
-61
-45
-19
102
121
130
126
96
65
25
1
-21
-35
-41
-44
-81
-118
-139
-140
-153
-156
-127
-126
-113
-123
-73
-71
-57
-38
-29
78
126
235
242
195
131
26
-37
-140
-175
-161
-139
-47
-43
39
47
30
13
-22
-38
-41
-103
-108
-111
-143
-146
-153
-186
-202
-204
-188
-158
-167
-140
-107
-108
-63
-41
-63
-30
43
118
245
272
239
164
138
-5
-30
-103
-119
-75
-30
47
99
116
94
89
69
49
24
-5
-17
-17
-30
-14
-41
-93
-86
-117
-114
-93
-70
-49
-29
-24
13
36
53
89
127
225
322
355
337
263
177
131
18
-28
-30
-44
19
84
137
143
137
138
116
85
42
21
-9
-9
-13
-26
-26
-108
-119
-76
-102
-114
-108
-106
-49
-43
-37
-28
-23
20
85
133
251
281
243
159
133
-1
-45
-137
-124
-111
-44
-39
52
78
53
34
18
-17
-41
-66
-110
-123
-131
-142
-173
-205
-204
-214
-217
-199
-171
-173
-135
-135
-81
-93
-71
-38
-28
126
148
228
201
137
49
-15
-38
-131
-129
-108
-47
-39
59
84
61
47
36
48
17
-33
-37
-28
-44
-73
-98
-121
-136
-135
-133
-105
-99
-69
-42
-33
-30
7
9
41
101
131
267
308
296
219
159
133
20
-29
-33
-30
26
95
123
145
159
151
148
117
30
36
41
11
-11
-12
-21
-39
-81
-101
-98
-79
-66
-40
-30
-43
-1
26
20
42
99
148
269
303
263
177
124
20
-32
-77
-117
-77
-30
23
45
91
99
71
40
-3
-11
-38
-44
-78
-79
-98
-134
-154
-173
-186
-183
-189
-162
-152
-130
-123
-95
-71
-66
-44
-29
100
147
207
173
148
11
-33
-145
-165
-172
-165
-58
-41
35
59
47
13
-10
-17
-33
-32
-77
-93
-101
-86
-158
-153
-169
-180
-172
-149
-130
-101
-83
-99
-37
-24
7
25
97
147
237
273
246
191
116
20
-22
-26
-93
-49
-37
66
118
131
114
103
71
65
52
39
20
14
-10
-11
-15
-34
-33
-85
-77
-61
-33
-37
-21
36
35
49
79
74
146
211
303
311
277
207
128
52
-33
-28
-79
-37
-44
79
116
115
101
95
65
36
9
-14
-21
-37
-42
-43
-79
-110
-144
-153
-152
-156
-129
-110
-93
-61
-39
-39
-33
-8
69
117
251
241
169
145
15
-30
-130
-169
-170
-138
-57
-41
17
29
-1
-5
-44
-28
-41
-107
-114
-101
-115
-149
-138
-166
-194
-186
-183
-172
-173
-156
-135
-93
-63
-66
-28
-33
95
121
238
246
211
146
127
-5
-46
-101
-117
-54
-41
67
99
119
99
99
67
38
34
2
-17
5
-13
-12
-43
-57
-118
-130
-107
-85
-49
-29
-22
51
59
68
82
130
147
291
345
341
277
190
131
42
5
-29
-47
34
84
126
139
148
145
135
102
73
46
37
15
2
-25
-22
-38
-81
-119
-119
-139
-99
-73
-65
-38
-38
-21
15
21
75
133
212
283
275
182
166
-21
-32
-107
-140
-107
-55
-21
49
71
63
54
20
3
-23
-28
-83
-106
-110
-107
-126
-154
-198
-215
-214
-219
-195
-177
-140
-133
-108
-61
-75
-55
-44
84
137
219
212
157
131
-19
-28
-124
-139
-139
-85
-33
32
71
67
-6
13
-19
-18
-12
-21
-55
-45
-72
-77
-106
-140
-149
-152
-140
-119
-95
-53
-28
-39
5
15
37
99
137
269
308
286
211
131
69
1
-37
-44
-43
-26
95
114
130
148
139
135
126
83
47
35
21
3
-12
-25
-21
-39
-135
-98
-78
-76
-56
-37
-50
20
23
39
45
110
119
249
297
278
207
135
51
-11
-28
-111
-82
-41
-5
89
111
97
99
23
7
-16
-34
-47
-46
-61
-74
-97
-124
-162
-172
-167
-157
-139
-120
-110
-109
-76
-69
-45
-38
-29
114
155
207
178
148
20
-28
-111
-155
-158
-134
-99
-33
83
86
58
26
19
-10
-29
-41
-44
-66
-70
-97
-108
-141
-155
-167
-172
-156
-131
-95
-71
-42
-43
-33
-11
20
88
201
227
277
265
187
131
29
-28
-21
-69
-28
-48
37
117
116
131
123
77
65
47
49
36
11
15
-5
-25
-25
-44
-76
-73
-47
-50
-44
-42
19
43
37
69
87
131
148
297
330
297
206
121
126
7
-41
-39
-39
-37
67
99
123
115
101
63
49
17
-27
-11
-30
-29
-39
-79
-121
-140
-159
-151
-153
-136
-121
-79
-61
-61
-44
-44
-35
61
102
224
265
194
159
20
-23
-85
-156
-172
-140
-76
-42
6
36
39
20
-5
-27
-33
-75
-99
-108
-119
-114
-143
-149
-209
-232
-146
-197
-150
-117
-157
-82
-7
-46
-17
-30
65
111
239
253
213
148
124
1
-43
-118
-103
-74
-37
52
98
103
97
85
71
43
35
9
-12
3
-28
-44
-25
-94
-105
-113
-109
-94
-76
-48
-44
-11
53
35
81
103
148
271
334
355
309
245
158
131
20
-14
-44
-44
58
106
121
147
130
149
95
87
66
21
15
7
-21
-33
-26
-77
-119
-129
-120
-97
-77
-102
-22
-43
-28
-30
54
33
98
146
269
303
238
155
134
-19
-39
-110
-175
-82
-44
39
95
141
71
51
9
-5
-15
-27
-81
-129
-133
-151
-204
-182
-218
-215
-230
-203
-172
-162
-140
-111
-97
-76
-53
-37
24
135
219
245
195
141
34
-33
-107
-162
-149
-103
-47
-23
70
83
66
84
-11
-13
42
-26
15
-29
-76
-93
-108
-140
-151
-140
-129
-117
-83
-77
-60
-41
-37
-12
26
59
146
207
314
335
291
209
145
52
-3
-29
-44
-30
55
119
151
179
171
149
106
127
43
19
29
34
-15
-28
-37
-95
-117
-106
-95
-70
-53
-17
-93
-23
57
40
23
103
134
248
303
309
253
180
127
6
-32
-103
-107
-50
-34
73
111
130
95
55
1
6
35
-53
-113
-105
-111
-135
-171
-172
-169
-173
-161
-160
-135
-130
-114
-119
-105
-80
-61
-30
50
127
187
223
171
133
7
-28
-140
-203
-167
-65
-39
-21
52
116
53
30
-11
-17
-32
-18
-97
-107
-128
-157
-172
-172
-177
-159
-149
-139
-119
-108
-78
-70
-44
-37
-22
46
114
154
287
280
245
187
134
-7
-37
-79
-11
-41
51
67
122
123
144
129
26
65
53
83
-5
1
-15
-33
-29
-77
-93
-71
-48
-37
-41
-29
27
19
27
33
59
148
142
283
327
323
249
162
116
14
-28
-17
-35
-42
63
164
115
145
121
84
59
30
11
-42
-29
-30
-106
-110
-129
-133
-135
-140
-115
-108
-108
-119
-85
-71
-54
-28
-43
41
120
179
215
246
159
110
-25
-63
-141
-163
-150
-73
-44
33
48
46
22
-12
-23
-29
-73
-108
-137
-171
-169
-182
-187
-176
-172
-168
-157
-153
-147
-93
-155
-113
-67
-93
-17
37
138
228
245
222
137
97
-6
-78
-101
-105
-61
-39
67
115
122
110
86
39
37
20
-1
-14
-38
-67
-81
-114
-93
-95
-93
-75
-74
-54
-44
-111
-39
-21
47
30
123
179
286
346
363
299
203
141
73
-11
-27
-24
20
81
129
146
153
135
139
109
59
32
-9
-12
-42
-40
-73
-81
-97
-107
-93
-93
-78
-63
-73
-43
-30
-27
-65
5
52
83
251
285
254
186
117
9
-38
-117
-122
-98
-47
-30
74
91
85
55
20
-24
-61
-65
-115
-129
-174
-172
-181
-194
-190
-176
-170
-223
-139
-161
-157
-129
-109
-93
-42
-23
73
142
226
244
182
137
3
-29
-119
-145
-137
-105
-30
49
90
83
74
51
17
-1
-10
-39
-70
-106
-110
-112
-109
-178
-124
-102
-65
-75
-75
-11
-50
-39
-33
11
52
114
142
278
310
263
205
144
69
-1
-46
-30
-45
52
110
122
142
167
161
139
139
73
47
22
-21
-30
-32
-24
-44
-27
-47
-73
-86
-105
-39
27
-27
-11
37
51
105
148
244
311
310
235
155
131
-6
-76
-54
-7
-29
-26
96
109
107
89
71
39
22
-15
-38
-28
-59
-93
-188
-161
-149
-165
-161
-140
-127
-131
-123
-121
-93
-46
-60
-44
-15
111
131
207
177
159
5
-12
-127
-155
-171
-128
-73
-97
29
55
23
64
51
-21
-27
-41
-108
-151
-156
-155
-167
-157
-165
-137
-140
-143
-127
-109
-121
-76
-55
-44
-28
79
135
219
270
255
180
131
9
-14
-40
-81
-58
-49
61
147
180
116
133
123
52
19
15
-5
-25
-35
-38
-58
-57
-67
-61
-48
-41
23
-23
-29
-28
11
42
94
119
127
274
323
341
283
181
143
19
-12
-29
-34
-38
69
113
199
134
197
133
63
57
15
-18
-33
-28
-58
-93
-98
-108
-134
-133
-104
-114
-103
-78
-76
-44
-22
-28
20
67
138
212
246
211
148
81
-10
-12
-121
-153
-115
-53
-44
47
52
35
30
-12
-12
-49
-110
-131
-165
-167
-173
-177
-182
-197
-191
-165
-171
-161
-140
-128
-108
-81
-49
-33
-29
98
130
229
229
164
134
-7
-41
-105
-126
-108
-47
-29
72
102
93
95
54
30
-2
-12
-33
-34
-86
-97
-83
-113
-128
-111
-93
-81
-76
-69
-53
-29
-30
9
47
79
124
238
295
334
275
191
139
51
2
-23
-29
27
78
116
145
180
179
139
142
83
37
15
-14
-41
-39
-72
-60
-74
-77
-71
-76
-70
-70
-58
-45
-33
-41
21
49
117
146
259
277
246
163
139
9
-23
-27
-98
-65
-43
36
91
95
84
57
22
9
-5
-28
-76
-122
-135
-127
-147
-161
-166
-189
-182
-169
-157
-150
-139
-107
-108
-83
-42
-45
66
127
163
198
148
135
5
-25
-138
-160
-123
-77
-30
35
67
65
43
9
-10
-26
-27
-30
-111
-124
-124
-147
-151
-146
-159
-136
-127
-101
-85
-83
-77
-46
-28
-34
50
111
147
276
283
256
186
137
21
-29
-47
-59
-42
2
113
119
138
150
148
137
86
61
26
6
-17
-14
-21
-21
-35
-35
-50
-41
-14
-32
-28
-44
15
7
34
73
115
153
283
314
297
231
142
139
-13
-43
-37
-55
-46
73
109
130
133
106
65
35
1
-10
-25
-47
-95
-114
-108
-129
-149
-143
-146
-121
-119
-109
-105
-102
-64
-45
-34
-44
85
133
228
227
179
135
-11
-33
-137
-166
-145
-108
-46
-37
30
39
30
17
-6
-37
-44
-102
-147
-144
-138
-140
-156
-156
-175
-172
-166
-143
-154
-133
-117
-93
-59
-33
-41
53
129
174
259
219
171
133
-6
-34
-61
-102
-59
-46
52
89
116
118
103
73
52
36
10
-30
-26
-35
-67
-69
-93
-76
-79
-72
-71
-42
-37
-21
-9
20
52
84
119
142
287
321
338
287
187
137
45
-11
-25
-22
18
57
135
139
142
135
143
131
58
29
-7
-21
-49
-46
-71
-93
-109
-83
-96
-93
-75
-79
-70
-58
-49
-43
-23
35
93
148
245
259
219
150
110
-11
-28
-108
-124
-69
-35
-12
63
81
54
35
17
-28
-46
-95
-123
-151
-163
-170
-172
-195
-186
-207
-177
-173
-150
-159
-145
-113
-78
-73
-45
-32
106
146
229
212
139
98
-18
-15
-118
-133
-108
-55
-43
57
95
84
52
30
17
-5
-26
-37
-55
-103
-105
-121
-118
-127
-137
-111
-82
-76
-59
-55
-44
-29
-26
34
83
121
228
302
307
246
175
139
30
-16
-22
-29
18
90
132
145
191
165
147
135
102
49
23
-1
-12
-34
-39
-42
-82
-93
-66
-75
-50
-44
-44
-27
-27
24
43
81
118
145
283
307
259
194
146
23
-23
-44
-82
-53
-44
55
116
135
101
85
52
23
5
-28
-37
-101
-124
-137
-146
-145
-172
-156
-162
-137
-140
-118
-108
-113
-98
-77
-48
-29
89
143
211
197
137
45
-28
-45
-150
-173
-138
-83
-41
-3
70
65
39
29
-11
-30
-32
-71
-123
-133
-150
-140
-141
-161
-153
-142
-135
-117
-110
-93
-73
-60
-30
-43
39
99
154
241
275
225
142
162
11
-34
-38
-65
-39
-7
99
135
139
137
133
84
65
46
15
-6
-2
-21
-43
-30
-63
-57
-69
-47
-29
-28
-33
7
22
33
69
84
135
127
298
319
291
233
149
141
4
-14
-35
-39
-10
83
119
129
131
147
100
73
37
5
-12
-25
-41
-69
-98
-107
-123
-142
-145
-113
-103
-98
-99
-65
-57
-42
-43
-33
55
118
148
251
219
147
130
-5
-37
-123
-153
-133
-61
-41
35
49
53
15
-12
-25
-42
-73
-93
-108
-121
-149
-174
-198
-223
-195
-183
-144
-139
-134
-118
-97
-94
-73
-75
-18
20
129
212
239
221
148
127
-12
-39
-122
-117
-82
-37
66
91
117
91
85
84
30
6
-11
-30
-27
-34
-39
-75
-103
-107
-115
-108
-76
-60
-49
-37
-33
-26
19
41
103
137
247
334
347
314
235
148
121
14
-11
-41
-20
71
115
147
186
148
143
119
53
47
30
7
-12
-14
-9
-42
-47
-82
-111
-109
-85
-78
-65
-43
-29
-34
-27
14
20
79
119
243
288
246
173
145
5
-32
-126
-124
-80
-39
-21
71
81
53
42
10
-12
-22
-26
-71
-93
-135
-140
-173
-182
-191
-204
-213
-198
-172
-151
-140
-137
-111
-81
-70
-35
-17
116
150
239
202
136
45
15
-46
-143
-149
-108
-53
-28
71
79
67
42
20
6
-13
-22
-44
-57
-77
-85
-85
-110
-126
-141
-140
-122
-118
-75
-59
-60
-44
-44
11
41
99
134
281
305
282
222
134
139
-17
-34
-30
-37
51
107
130
130
169
138
131
131
69
41
39
22
10
11
-21
-33
-29
-94
-85
-75
-63
-51
-35
-28
-5
15
42
58
112
143
268
303
290
221
143
52
-13
-49
-95
-43
-54
51
97
129
105
91
47
27
2
-12
-29
-45
-71
-87
-120
-140
-161
-172
-188
-165
-133
-136
-108
-81
-82
-64
-63
-44
-26
84
135
223
198
142
91
-14
-44
-158
-165
-152
-95
-45
33
37
48
42
25
-6
-25
-40
-57
-78
-77
-95
-109
-140
-141
-169
-167
-169
-140
-133
-108
-77
-57
-30
-39
-30
39
115
133
265
281
229
149
131
5
-44
-42
-54
-44
23
111
134
147
131
101
79
55
27
11
9
10
6
-1
-12
-30
-38
-66
-71
-43
-13
-30
-2
29
39
50
72
83
148
248
293
330
295
210
138
98
-13
-33
-42
-35
35
98
121
139
142
101
64
35
2
-5
-9
-30
-34
-33
-93
-122
-119
-133
-121
-119
-63
-81
-77
-76
-61
-53
-43
-26
73
119
229
243
211
151
101
-29
-38
-145
-150
-111
-58
-37
42
47
9
3
-12
-30
-34
-82
-98
-118
-109
-140
-153
-199
-203
-185
-162
-156
-131
-123
-105
-102
-75
-74
-56
-29
39
121
195
246
212
155
131
-11
-30
-93
-114
-71
-27
48
94
97
84
84
52
30
9
-2
-25
-25
-23
-15
-29
-78
-107
-110
-103
-78
-76
-25
-44
-37
22
35
58
78
117
148
309
351
334
263
174
139
22
-11
-27
-28
43
112
148
147
133
143
113
57
45
33
19
7
-11
-28
-26
-26
-95
-113
-95
-102
-82
-65
-53
-30
-37
-27
-49
-6
54
129
142
263
271
223
148
23
-47
-39
-124
-109
-70
-38
51
80
69
50
18
-12
-28
-43
-74
-108
-101
-94
-147
-155
-185
-208
-227
-214
-185
-161
-171
-118
-110
-97
-93
-53
-22
-39
135
163
234
202
139
36
-39
-63
-155
-145
-105
-41
-27
70
73
77
66
14
-11
-21
-40
-44
-41
-38
-63
-108
-129
-137
-152
-147
-134
-79
-63
-43
-30
-69
-28
7
30
98
141
270
315
289
227
161
143
10
-39
-45
-22
39
101
138
143
163
139
133
133
70
49
34
21
23
25
-3
-21
-33
-108
-101
-78
-61
-34
-41
-29
7
11
17
17
71
133
238
297
303
235
173
141
7
-29
-67
-79
-55
-28
79
114
110
67
52
41
-12
-9
-13
-43
-76
-79
-105
-115
-146
-172
-176
-169
-169
-140
-119
-134
-117
-107
-76
-82
-45
-42
94
143
212
207
124
37
-26
-65
-167
-140
-133
-76
-39
49
74
46
23
3
-27
-33
-55
-81
-80
-73
-102
-115
-154
-154
-178
-172
-145
-123
-93
-78
-46
-44
-28
-47
-30
41
118
223
276
259
216
142
124
1
-25
-44
-47
-27
70
119
137
131
116
98
61
35
27
27
20
20
6
-14
-17
-44
-59
-76
-53
-43
-21
-44
21
29
19
37
51
97
126
242
309
319
295
211
137
37
-25
-30
-30
-30
49
91
119
131
118
85
47
19
-12
-17
-38
-18
-44
-51
-103
-121
-141
-155
-144
-137
-123
-99
-73
-73
-65
-41
-23
-34
69
131
193
231
211
137
37
-28
-124
-157
-163
-109
-66
-28
30
43
30
-1
-22
-15
-66
-105
-110
-102
-130
-119
-133
-145
-191
-181
-194
-173
-157
-141
-113
-107
-76
-69
-39
-47
53
138
183
259
231
163
123
-11
-18
-57
-101
-57
-40
36
103
116
86
84
53
35
2
-6
-15
-10
-12
-39
-44
-82
-108
-97
-105
-70
-38
-32
-14
7
17
20
42
83
130
244
311
334
309
239
161
137
15
-21
-27
17
54
103
134
135
135
140
95
63
27
8
-9
-12
-28
-29
-41
-79
-110
-114
-105
-95
-93
-77
-50
-38
-42
-44
-23
18
99
146
238
244
227
151
140
-6
-38
-121
-118
-77
-47
-12
63
75
55
41
-1
-19
-30
-108
-114
-109
-117
-126
-165
-201
-215
-204
-211
-161
-172
-169
-119
-123
-79
-97
-78
-27
-19
119
137
222
183
143
43
-12
-41
-129
-131
-93
-41
-22
81
71
79
57
27
9
-16
-14
-39
-34
-81
-61
-99
-121
-137
-145
-124
-78
-66
-44
-38
-8
-29
11
30
63
124
182
279
305
262
189
123
70
12
-22
-24
20
84
107
127
163
137
147
138
73
49
37
15
-7
10
-12
-27
-44
-105
-118
-101
-61
-44
-41
-33
-23
-9
20
14
63
128
126
277
298
275
183
137
20
-17
-43
-97
-59
-43
81
97
83
78
36
19
-5
-25
-35
-65
-95
-85
-117
-140
-172
-189
-194
-171
-156
-140
-139
-126
-103
-95
-101
-83
-46
-21
116
147
195
163
142
11
-43
-140
-151
-143
-119
-46
-44
61
37
41
-9
2
-34
-27
-80
-105
-102
-108
-98
-133
-153
-171
-163
-163
-133
-119
-101
-71
-55
-44
-28
-29
12
99
135
233
277
248
194
134
22
-29
-25
-43
-45
-9
87
133
134
137
101
75
43
33
20
-6
-11
-27
-27
-18
-34
-44
-51
-49
-47
-39
-28
3
19
23
53
73
105
132
245
291
291
251
159
123
67
-12
-27
-32
-19
58
99
134
118
104
67
41
11
-25
-28
-47
-79
-85
-120
-123
-127
-133
-136
-121
-113
-109
-79
-66
-63
-45
-59
-41
70
147
213
229
171
133
13
-33
-123
-156
-150
-93
-38
-46
36
23
11
-12
-37
-33
-104
-119
-157
-140
-141
-158
-170
-154
-181
-180
-165
-158
-149
-129
-115
-82
-65
-54
-51
21
141
135
227
215
148
143
12
-35
-37
-103
-65
-33
56
77
99
97
83
37
22
13
-12
-30
-34
-23
-61
-101
-104
-105
-110
-103
-98
-45
-25
-47
-12
43
30
55
99
150
266
305
308
259
194
133
59
7
-15
-6
35
97
134
142
149
138
107
80
47
21
-11
-18
-23
-38
-39
-99
-111
-111
-105
-104
-69
-44
-43
-41
-34
-39
-19
30
116
139
251
255
217
155
137
-14
-28
-119
-93
-63
-29
30
70
65
55
20
-10
-20
-37
-85
-106
-123
-140
-149
-173
-198
-209
-204
-194
-187
-165
-151
-123
-101
-79
-83
-76
-45
65
147
135
195
147
130
20
-35
-111
-144
-103
-61
-23
41
65
63
37
26
3
-11
-39
-34
-73
-73
-76
-117
-124
-140
-157
-127
-103
-104
-70
-47
-40
-33
4
19
58
122
138
266
295
249
183
131
39
-12
-22
-28
25
84
129
148
135
148
131
153
73
49
23
29
20
-17
-12
-26
-44
-75
-77
-66
-71
-39
-25
-43
11
22
32
52
116
151
241
287
276
223
147
138
4
-16
-45
-47
-30
53
91
106
96
73
63
1
7
-15
-45
-57
-58
-93
-94
-151
-159
-182
-175
-158
-155
-114
-85
-76
-55
-57
-61
-41
-30
101
139
187
160
126
38
-38
-69
-157
-154
-99
-47
-28
21
38
18
15
-1
-5
-30
-39
-110
-140
-140
-158
-172
-174
-172
-155
-157
-121
-110
-81
-76
-73
-57
-28
-44
66
126
229
243
234
167
135
26
-37
-33
-71
-35
-43
87
110
119
118
96
75
47
36
-5
-25
-13
-47
-54
-55
-60
-69
-69
-47
-32
-43
-40
-3
26
73
57
59
115
135
255
297
303
239
161
129
29
-27
-29
-28
30
84
102
123
121
113
109
55
21
-7
-33
-38
-69
-93
-106
-109
-111
-113
-102
-86
-95
-85
-79
-49
-37
-38
-17
48
107
126
222
198
148
118
0
-43
-105
-118
-102
-40
-37
19
61
38
20
-12
-30
-41
-122
-169
-175
-195
-181
-191
-189
-181
-165
-154
-162
-151
-129
-111
-95
-73
-71
-43
55
116
121
196
177
143
43
-15
-43
-131
-82
-49
-26
57
72
98
86
66
51
19
-18
-33
-81
-93
-99
-123
-105
-107
-81
-79
-64
-75
-43
-41
-27
-34
9
30
84
139
225
283
283
257
193
134
52
13
-6
11
49
111
127
134
163
149
131
137
67
21
3
-23
-44
-69
-59
-74
-55
-39
-28
-29
-44
-34
-32
-28
6
37
47
118
146
239
275
243
170
120
25
-30
-32
-61
-41
-30
59
95
107
85
63
47
15
-29
-37
-107
-108
-127
-143
-142
-155
-152
-151
-137
-134
-126
-140
-118
-103
-83
-63
-28
-25
100
147
170
149
139
25
-44
-76
-127
-138
-95
-38
-19
64
71
61
32
-11
-12
-41
-82
-119
-123
-146
-139
-152
-124
-136
-118
-108
-64
-75
-55
-43
-33
-29
17
52
113
155
251
235
194
141
137
13
-22
-28
-27
30
99
120
151
148
142
147
91
54
20
16
-16
-12
-19
-35
-45
-29
-37
-44
-12
1
1
20
30
54
63
83
127
165
259
301
291
213
148
134
37
1
-12
11
57
115
143
131
124
139
93
53
20
-13
-26
-25
-74
-77
-103
-94
-76
-61
-75
-53
-43
-53
-55
-57
-35
-44
25
90
137
203
210
167
139
29
-12
-30
-95
-107
-70
-30
17
51
36
36
14
-11
-44
-21
-117
-135
-141
-161
-170
-173
-165
-165
-118
-108
-109
-105
-97
-93
-65
-43
-44
-37
95
138
211
180
147
103
13
-28
-39
-66
-47
-29
67
89
107
90
81
50
26
-2
-28
-44
-63
-93
-76
-63
-78
-63
-55
-42
-43
-42
-29
-17
-1
27
61
94
135
259
287
276
223
179
135
71
30
9
15
82
115
134
145
167
143
143
147
48
23
-25
-15
-42
-47
-33
-33
-44
-45
-29
-29
-51
-37
-13
-6
13
30
55
115
148
239
245
187
131
116
20
-13
-14
-23
-39
30
81
106
101
86
52
26
-9
-28
-29
-115
-124
-142
-126
-133
-119
-123
-129
-117
-113
-107
-108
-82
-81
-45
-46
-34
118
138
137
124
103
7
-26
-33
-105
-81
-43
-24
35
61
71
61
45
22
-21
-27
-44
-97
-108
-124
-119
-113
-113
-101
-85
-70
-72
-55
-55
-46
-40
10
15
81
126
176
254
227
175
141
47
19
-11
-6
3
55
115
135
135
142
138
131
105
55
46
15
-13
-27
-25
-14
-28
6
2
29
30
26
19
39
49
73
100
127
146
243
266
235
202
147
143
49
6
-12
13
37
87
120
137
119
115
99
61
19
-19
-41
-50
-98
-95
-103
-76
-93
-65
-51
-59
-59
-47
-44
-55
-28
-42
6
75
136
134
187
134
124
-9
-18
-42
-122
-108
-64
-45
33
36
43
19
11
-29
-28
-96
-124
-142
-158
-174
-162
-150
-153
-122
-115
-109
-95
-94
-93
-73
-47
-37
-30
55
127
145
183
149
148
49
-12
-29
-37
-81
-33
-18
83
86
100
84
75
49
19
3
-22
-33
-41
-49
-82
-81
-61
-63
-39
-46
-44
-25
-13
-2
21
25
66
99
129
241
287
276
237
169
141
45
25
17
27
51
116
141
181
154
143
131
70
33
5
-18
-38
-22
-30
-33
-37
-41
-44
-30
-29
-39
-22
-19
-11
17
21
83
106
149
198
187
197
131
135
9
-30
-35
-44
-34
-44
46
70
71
63
52
20
-18
-44
-93
-121
-124
-137
-141
-140
-147
-152
-143
-138
-122
-120
-119
-98
-93
-76
-47
-27
-21
99
123
133
145
55
-23
-37
-111
-97
-82
-38
-43
33
52
57
47
9
-14
-25
-30
-97
-110
-121
-124
-118
-124
-108
-78
-76
-70
-53
-45
-32
-44
-34
-25
33
83
155
219
231
205
166
143
52
15
-9
-18
15
49
116
127
131
139
122
117
83
30
11
-5
-17
-25
-22
-21
-26
-27
-1
1
18
20
2
20
22
20
53
66
113
143
246
262
235
186
150
22
-12
-22
-21
11
55
111
123
133
119
79
39
-2
-25
-46
-72
-95
-103
-96
-96
-79
-77
-93
-82
-78
-69
-70
-60
-53
-39
-44
34
90
134
144
145
135
127
17
-67
-102
-110
-96
-58
-46
-34
30
35
24
-12
-22
-33
-120
-140
-140
-157
-153
-154
-140
-129
-126
-110
-101
-118
-103
-93
-70
-63
-47
-11
14
111
139
138
181
163
148
20
-29
-30
-58
-51
-27
55
86
115
107
72
69
14
-28
-37
-44
-30
-75
-61
-59
-49
-37
-33
-37
-27
-27
-25
11
33
49
67
114
161
217
267
275
248
199
149
137
43
-5
13
41
72
126
139
145
119
133
79
52
17
-12
-27
-30
-33
-65
-61
-55
-44
-44
-43
-24
-43
-21
-29
-13
-13
8
43
106
117
223
210
170
143
49
-12
-44
-99
-76
-34
-21
81
70
70
51
30
-23
-44
-111
-124
-131
-167
-156
-153
-139
-140
-134
-140
-133
-133
-129
-124
-85
-77
-47
-39
-16
80
113
137
135
103
53
-11
-37
-114
-109
-75
-50
-37
55
70
75
45
22
-21
-45
-103
-109
-129
-127
-109
-108
-93
-93
-73
-73
-70
-64
-66
-29
-28
-49
39
67
135
159
225
225
213
174
131
36
-7
-26
-21
11
78
131
141
177
163
141
123
45
1
-23
-21
-38
-46
-28
-23
-12
-12
2
3
-26
-11
-10
-2
30
38
90
116
133
219
244
233
195
131
107
21
-18
-43
-30
19
65
86
117
118
87
53
18
-21
-33
-73
-115
-140
-111
-102
-129
-95
-103
-106
-75
-93
-93
-83
-85
-66
-32
-41
-16
95
121
131
134
84
29
-12
-29
-140
-146
-127
-61
-37
19
43
23
-7
-18
-29
-130
-141
-154
-158
-158
-154
-131
-117
-127
-129
-117
-105
-105
-93
-61
-41
-39
-39
23
79
116
145
187
157
147
39
-18
-37
-46
-54
-28
-23
71
107
105
106
65
51
9
-22
-30
-47
-70
-76
-44
-65
-58
-37
-33
-35
-18
7
15
23
33
43
73
109
137
225
266
265
230
227
135
36
9
-6
-8
19
63
115
129
142
145
122
52
-12
6
-25
-30
-77
-78
-69
-54
-38
-45
-33
-49
-46
-65
-37
-32
-41
3
53
91
129
135
195
165
131
71
7
-29
-78
-97
-76
-44
-29
47
71
59
26
2
-12
-46
-129
-140
-167
-179
-151
-150
-156
-158
-150
-155
-131
-137
-127
-122
-109
-77
-77
-58
-44
63
116
151
143
134
59
-1
-53
-81
-119
-95
-43
-14
39
69
70
46
30
-7
-28
-45
-96
-108
-115
-109
-86
-85
-63
-75
-75
-33
-41
-41
-47
-30
38
33
70
129
150
229
241
230
186
139
75
20
-3
3
15
52
110
137
133
131
149
131
91
52
30
-3
-14
-23
-30
-29
-14
-43
-44
-22
-24
-12
-1
14
18
33
39
39
83
117
137
238
238
203
146
135
-1
-21
-30
-43
-33
-29
91
101
84
84
52
3
-30
-43
-110
-118
-142
-133
-114
-123
-102
-93
-86
-93
-95
-109
-96
-76
-73
-65
-33
-45
63
109
118
117
83
17
-25
-43
-127
-107
-110
-80
-39
-17
19
30
20
19
-13
-28
-93
-102
-153
-140
-156
-127
-135
-115
-108
-82
-93
-95
-94
-82
-45
-44
-49
-35
52
84
146
124
187
161
137
39
-1
-3
-28
-28
-19
51
89
131
113
115
78
51
10
-26
-16
-29
-46
-46
-37
-33
-11
18
19
19
29
12
22
34
41
67
83
124
139
211
245
231
191
136
137
35
-10
-9
3
42
83
98
130
101
97
83
42
17
-29
-44
-39
-63
-85
-76
-44
-95
-66
-58
-44
-46
-44
-44
-45
-44
-50
-37
-10
75
106
138
149
139
131
20
-25
-37
-111
-108
-85
-41
-41
18
22
7
1
-28
-42
-117
-153
-168
-174
-172
-158
-151
-145
-133
-115
-137
-108
-114
-93
-93
-71
-43
-39
-43
47
91
133
146
134
71
21
-16
-29
-53
-76
-37
-29
34
52
52
55
32
18
-21
-22
-30
-84
-97
-73
-65
-55
-74
-37
-39
-29
-33
-33
-29
-21
-5
-1
35
57
113
130
215
239
217
179
149
146
49
13
3
30
61
111
148
131
77
118
87
51
9
-22
-41
-43
-61
-42
-29
-41
-37
-12
-1
-25
-18
-15
-30
-11
-15
49
59
99
139
149
159
147
139
116
37
8
-30
-37
-30
-17
13
36
38
38
21
-3
-11
-21
-93
-117
-134
-134
-138
-138
-108
-123
-120
-123
-123
-138
-121
-105
-113
-98
-82
-63
-30
-21
67
87
75
67
30
-17
-43
-41
-103
-71
-53
-46
-43
10
3
-1
-15
-28
-47
-108
-107
-124
-123
-124
-94
-82
-82
-61
-79
-69
-53
-44
-44
-18
-43
-6
37
79
115
143
153
147
148
138
59
47
20
-1
27
52
70
95
89
91
78
77
36
9
-15
-13
-22
-12
-29
5
5
4
2
-2
2
15
20
20
42
23
44
74
102
133
132
181
171
153
133
68
27
23
18
20
35
43
71
64
53
26
-1
-22
-37
-43
-85
-93
-72
-55
-73
-71
-63
-74
-72
-63
-57
-46
-28
-43
-41
24
52
73
85
87
57
49
14
-13
-30
-79
-70
-65
-53
-53
-29
-34
-43
-47
-77
-118
-121
-157
-144
-155
-157
-145
-121
-124
-124
-99
-98
-101
-104
-82
-76
-61
-25
-19
30
64
82
78
83
39
27
15
-17
-19
-29
3
26
43
29
47
14
2
-25
-28
-27
-30
-65
-65
-41
-39
-37
-32
-46
-39
-44
-27
2
11
14
30
91
106
135
147
143
162
144
147
139
139
85
67
70
66
85
94
91
85
61
46
9
-9
-21
-22
-29
-15
-45
-38
-33
-34
-33
-26
-34
-12
-17
-2
9
15
30
45
73
86
94
103
84
82
35
25
15
15
2
9
10
22
30
3
-23
-25
-44
-28
-93
-101
-107
-119
-113
-117
-122
-127
-130
-123
-124
-110
-93
-106
-95
-66
-69
-37
-34
-28
30
21
27
30
-10
-12
-13
-25
-18
-23
-30
-17
-21
-18
-26
-29
-44
-26
-59
-94
-111
-111
-102
-105
-108
-84
-76
-76
-59
-55
-45
-37
-37
-45
-33
-7
37
55
91
103
123
116
115
81
52
53
34
52
51
67
80
70
70
78
69
53
33
25
2
-5
-6
-1
-12
4
-7
-5
4
-6
23
3
19
33
9
37
42
67
99
100
116
139
138
148
133
79
64
38
35
37
52
64
55
49
43
19
2
-5
-49
-38
-43
-57
-59
-76
-74
-74
-73
-74
-105
-76
-77
-76
-49
-45
-41
-42
-28
-34
-6
22
48
45
52
29
17
-17
-30
-29
-50
-45
-46
-46
-30
-44
-32
-58
-82
-108
-117
-129
-127
-119
-126
-108
-105
-108
-121
-137
-129
-119
-108
-76
-65
-56
-39
-44
-41
-37
21
36
51
69
71
70
63
30
18
2
5
7
13
20
51
46
39
38
13
-9
-9
-34
-27
-45
-29
-49
-34
-37
-28
-19
-21
-7
7
4
20
20
55
52
90
73
91
117
127
129
133
143
142
117
103
61
43
41
61
52
69
84
51
52
21
9
-1
-14
-27
-41
-39
-43
-23
-41
-46
-49
-60
-44
-46
-43
-37
-38
-28
-28
-3
16
11
26
35
49
51
38
19
19
7
-6
-26
-18
-34
-41
-29
-30
-23
-38
-37
-76
-108
-115
-133
-140
-129
-140
-134
-138
-138
-140
-123
-130
-119
-94
-78
-78
-58
-49
-44
-37
-41
-33
9
19
27
46
22
11
-3
-9
-29
-12
-13
-7
-12
-6
-3
-3
1
-22
-30
-49
-44
-56
-73
-65
-61
-65
-40
-51
-43
-55
-34
-42
-13
20
23
35
41
48
71
83
87
116
129
131
133
105
111
91
84
83
73
75
102
85
81
69
63
53
35
34
20
13
-7
3
-6
-5
-17
-10
-3
-12
-5
20
7
20
20
26
30
38
53
67
78
82
85
84
70
53
41
42
14
11
27
10
12
1
3
-3
-21
-28
-39
-45
-71
-76
-77
-80
-75
-77
-78
-73
-114
-119
-107
-97
-83
-69
-71
-59
-51
-41
-35
-41
-41
-7
10
10
4
-12
-28
-33
-26
-26
-13
-15
-13
-26
-13
-26
-25
-28
-53
-61
-76
-72
-67
-79
-66
-69
-45
-58
-61
-59
-30
-39
-23
-37
-6
-5
20
19
19
52
71
69
82
89
83
53
53
51
39
46
52
36
52
52
50
50
41
35
32
11
16
22
8
18
7
7
10
11
7
27
24
11
38
54
45
33
49
52
69
86
99
94
90
82
74
52
36
37
25
38
43
25
32
20
13
2
-23
-33
-30
-18
-39
-47
-28
-21
-50
-44
-61
-61
-73
-57
-59
-41
-30
-33
-33
-30
-29
-22
5
-7
-12
-16
-19
-19
-35
-29
-45
-63
-57
-39
-66
-64
-63
-70
-74
-97
-97
-103
-97
-97
-101
-93
-76
-81
-72
-96
-77
-98
-75
-58
-58
-30
-38
-28
-17
-1
10
16
23
22
15
20
14
2
3
11
1
2
15
19
14
20
11
3
6
17
-1
11
3
10
7
3
19
17
17
30
33
52
59
80
83
97
107
107
101
116
102
115
99
89
78
83
75
84
76
78
84
60
45
38
35
35
36
20
37
35
22
27
10
23
10
11
22
19
33
30
36
30
38
39
27
35
60
41
39
19
25
10
-1
-12
-1
-18
-9
-12
-9
-21
-30
-39
-29
-39
-28
-37
-55
-44
-51
-51
-71
-67
-57
-51
-75
-57
-54
-49
-45
-30
-45
-42
-33
-44
-47
-30
-51
-61
-44
-50
-50
-28
-46
-54
-55
-50
-51
-61
-55
-54
-61
-50
-38
-47
-45
-36
-26
-34
-34
-28
-13
11
21
30
36
18
30
30
23
23
27
43
32
22
37
19
23
22
30
34
33
19
35
25
27
33
47
38
50
55
48
54
60
81
78
87
83
99
89
106
101
94
86
85
79
52
54
49
50
46
57
51
56
41
47
30
37
13
29
19
7
15
11
17
9
-3
3
20
13
21
25
30
39
42
23
35
7
20
-17
-12
-16
-28
-5
-21
-30
-17
-38
-29
-37
-33
-33
-53
-61
-71
-85
-65
-76
-79
-65
-70
-58
-44
-44
-44
-34
-45
-40
-30
-50
-47
-38
-23
-33
-48
-37
-30
-46
-30
-57
-53
-44
-56
-43
-44
-41
-39
-44
-39
-47
-45
-46
-35
-33
-29
-13
10
19
20
26
30
27
23
32
37
39
20
7
36
30
26
25
29
38
35
47
30
18
20
34
53
65
52
57
36
58
52
63
65
71
84
89
83
111
100
98
84
86
92
65
54
67
49
51
51
53
53
63
43
49
30
30
7
19
22
19
7
15
18
3
11
11
7
25
22
35
38
30
35
25
20
6
-2
-19
-1
30
-17
-13
-26
-29
-23
-35
-28
-25
-38
-37
-44
-63
-50
-61
-50
-76
-57
-65
-66
-77
-55
-63
-57
-46
-46
-33
-35
-37
-28
-37
-30
-26
-29
-33
-29
-30
-42
-38
-47
-33
-29
-49
-35
-30
-44
-32
-24
-24
-18
-35
-30
-21
-12
1
1
6
13
15
34
35
18
50
50
52
49
50
46
35
36
41
27
45
55
43
49
42
43
59
64
66
