49
51
58
43
30
13
11
6
-12
-5
26
18
13
13
30
31
41
42
55
42
41
44
15
15
11
-11
-48
-12
-5
3
1
-6
9
23
31
36
40
35
36
36
23
1
2
39
1
-31
-85
-37
39
-5
22
-1
11
13
16
23
27
47
37
13
-6
-29
-34
-30
-61
-54
-53
-27
11
-18
-6
6
20
23
47
59
57
55
18
10
-11
-39
-10
-65
-39
-41
-34
-30
-13
18
6
26
49
49
63
81
67
71
52
21
-19
-53
-54
-44
-44
-34
-39
-6
11
33
31
38
51
64
75
49
100
79
58
19
-23
-26
-44
-33
-27
-44
-27
15
23
31
49
55
55
79
90
111
116
105
99
52
6
-33
-2
-77
21
-53
-33
-29
-31
20
27
27
43
52
65
91
105
115
94
75
47
11
-27
-46
-111
-106
-83
-69
-35
-33
-29
22
19
20
37
47
73
103
119
105
91
57
3
-27
-32
-126
-129
-111
-101
-76
-62
-35
-27
-27
-13
10
39
63
84
107
114
99
73
39
2
-37
-85
-144
-140
-124
-93
-61
-97
-37
-27
46
-2
21
61
85
117
127
121
101
81
40
-3
-44
-121
-121
-122
-123
-95
-65
-37
-118
-12
23
42
42
70
115
146
119
141
139
99
54
13
-32
-101
-113
-124
-107
-76
-70
-30
-29
16
37
49
86
111
130
127
123
133
126
85
62
20
-4
-31
-42
-69
-97
-93
-69
-38
-29
-23
24
41
39
55
71
68
81
71
59
59
46
21
40
20
35
26
20
20
17
5
-13
-41
-75
-78
-76
-47
-27
-41
-27
-11
-13
-12
-15
-34
-25
-11
58
20
51
75
111
139
197
190
139
15
-47
-157
-186
-166
-141
-103
-54
-33
-27
-35
-74
-93
-79
-69
-43
-27
-31
0
-5
3
-19
-26
-27
23
84
135
239
299
265
163
139
-21
-119
-142
-141
-119
-57
-27
19
33
8
-54
-25
-27
-37
-40
-61
-78
-94
-76
-86
-99
-79
-73
-63
-37
-39
55
102
135
257
343
419
406
311
199
145
-41
-111
-159
-157
-104
-29
-42
22
13
-12
-39
-34
-27
-61
-44
-27
-31
-44
-34
-30
-124
-137
-153
-122
-63
-44
-21
78
116
212
251
291
335
403
373
319
175
20
-29
-158
-172
-168
-117
-53
-39
-31
-35
-66
-99
-83
-82
-69
-44
-37
-34
-39
-106
-140
-165
-174
-171
-146
-117
-57
-41
101
148
243
309
339
486
499
352
213
135
-33
-191
-284
-230
-187
-114
-47
-44
-43
-78
-110
-119
-113
-109
-71
-29
-27
32
-13
-43
-172
-202
-223
-195
-145
-93
-35
53
116
135
244
289
313
375
419
463
372
263
126
-17
-108
-159
-191
-179
-124
-80
-75
-57
-69
-93
-93
-78
-65
-49
-27
6
30
5
-43
-181
-236
-252
-205
-143
-35
-22
107
135
260
355
497
613
748
561
413
243
142
-32
-183
-220
-229
-151
-93
-63
-59
-77
-108
-123
-128
-121
-93
-41
-41
20
35
47
-12
-146
-251
-310
-315
-264
-161
-73
-44
98
138
251
340
469
630
735
660
479
259
133
-49
-219
-295
-287
-231
-156
-117
-86
-109
-155
-173
-172
-171
-137
-99
-23
-13
20
29
-5
-46
-245
-329
-347
-300
-204
-113
-33
51
123
168
277
404
563
703
750
607
401
171
-17
-189
-275
-312
-270
-236
-124
-76
-73
-131
-159
-172
-158
-145
-108
-35
-33
37
45
36
-10
-29
-269
-329
-330
-267
-170
-85
-30
113
131
277
377
505
689
820
755
563
339
134
-29
-213
-309
-299
-223
-138
-101
-76
-98
-136
-151
-168
-150
-127
-73
-37
23
43
38
42
-27
-157
-275
-335
-343
-270
-190
-46
-57
111
137
294
395
546
698
821
725
543
293
146
-47
-277
-341
-329
-223
-172
-127
-117
-141
-190
-183
-172
-181
-151
-95
-34
-37
19
27
-22
-43
-194
-303
-364
-337
-300
-284
-145
-25
75
139
249
356
515
705
826
739
543
299
134
-29
-268
-369
-348
-258
-165
-145
-114
-155
-182
-201
-198
-166
-154
-76
-29
-11
55
43
6
-31
-154
-286
-296
-332
-286
-204
-95
-35
123
137
297
417
543
743
867
793
589
355
129
-44
-236
-321
-332
-238
-147
-111
-97
-133
-169
-170
-171
-162
-129
-78
-43
55
69
55
20
-12
-155
-268
-327
-332
-295
-186
-82
-45
121
228
323
419
564
739
891
806
605
347
142
-34
-243
-313
-325
-231
-170
-115
-108
-108
-199
-195
-187
-193
-159
-79
-41
-12
41
42
5
-35
-178
-315
-373
-362
-316
-205
-107
-31
101
147
278
383
541
753
915
820
603
353
124
-41
-268
-356
-373
-266
-197
-156
-133
-151
-218
-225
-203
-221
-177
-71
-44
-43
51
22
10
-38
-201
-299
-359
-390
-342
-241
-149
-29
89
135
277
371
535
741
957
931
711
473
195
-23
-233
-332
-385
-297
-201
-140
-175
-129
-174
-210
-210
-190
-171
-82
-38
-2
68
53
19
-27
-133
-251
-326
-339
-319
-236
-145
-43
66
139
275
386
531
707
947
993
767
549
271
53
-197
-362
-370
-313
-210
-138
-126
-127
-172
-233
-217
-245
-191
-130
-41
-33
51
22
-2
-23
-140
-264
-339
-384
-358
-290
-187
-93
-46
117
233
314
451
629
889
1049
789
529
357
144
-178
-326
-425
-383
-264
-194
-140
-140
-199
-245
-254
-235
-220
-170
-97
-31
-11
23
-12
-21
-153
-268
-354
-394
-382
-326
-223
-103
-42
101
138
270
397
577
842
1047
931
689
404
137
-44
-295
-425
-402
-281
-174
-150
-117
-172
-217
-253
-236
-220
-173
-85
-11
-5
53
32
8
-17
-172
-298
-374
-389
-355
-253
-129
-30
74
139
257
355
490
706
1011
1108
907
641
329
139
-169
-325
-398
-340
-227
-140
-124
-119
-168
-207
-213
-213
-203
-140
-54
-26
53
59
36
-13
-44
-205
-300
-378
-295
-341
-235
-127
-33
71
61
261
360
521
743
1039
1047
846
592
257
-11
-246
-381
-441
-351
-241
-175
-137
-135
-204
-226
-245
-248
-223
-153
-75
-44
9
35
-6
-26
-124
-231
-330
-396
-421
-366
-243
-142
-46
-27
119
135
292
419
661
931
1077
907
660
339
134
-214
-375
-475
-416
-281
-188
-140
-120
-189
-218
-203
-231
-203
-152
-78
-27
21
41
-44
65
-85
-159
-282
-360
-410
-367
-271
-153
-46
-11
130
159
302
401
527
755
1043
1049
811
555
230
-23
-236
-396
-443
-335
-236
-145
-124
-129
-170
-197
-193
-199
-174
-99
-29
-32
73
52
20
-12
-33
-114
-233
-343
-399
-379
-299
-167
-61
-30
126
170
321
419
611
867
1103
1018
756
463
173
-39
-341
-423
-445
-348
-218
-165
-140
-165
-213
-229
-230
-223
-197
-111
-38
-31
52
25
-23
-33
-171
-219
-331
-380
-396
-365
-273
-149
-34
55
131
282
403
543
762
981
1003
800
521
223
-21
-266
-397
-428
-355
-270
-161
-165
-193
-220
-258
-249
-234
-214
-140
-76
-35
36
22
-13
-42
-140
-199
-284
-370
-379
-344
-266
-153
-44
71
130
287
372
483
759
997
1059
883
631
309
129
-199
-359
-443
-375
-257
-177
-131
-115
-175
-209
-215
-233
-204
-119
-57
-42
53
51
23
-13
-34
-152
-239
-336
-374
-351
-332
-99
-47
-44
85
245
343
473
667
907
1082
995
725
419
130
-25
-320
-416
-396
-301
-213
-173
-143
-189
-231
-243
-233
-219
-158
-109
-11
-21
30
17
-12
-38
-202
-294
-299
-424
-354
-286
-189
-129
-27
127
210
317
419
598
841
1013
931
701
404
135
-38
-325
-419
-417
-323
-235
-176
-173
-189
-236
-255
-268
-236
-197
-111
-45
-32
1
13
-29
-129
-216
-337
-365
-364
-341
-268
-173
-49
-17
131
270
358
499
659
879
1038
923
686
381
138
-34
-306
-405
-402
-290
-203
-145
-233
-198
-227
-242
-300
-215
-158
-86
-40
-15
34
6
-20
-126
-207
-299
-328
-338
-290
-221
-110
-41
127
148
319
417
564
756
995
1065
837
587
281
128
-204
-331
-390
-341
-262
-174
-137
-153
-201
-236
-236
-241
-219
-147
-75
-25
-13
51
9
-37
-172
-262
-320
-350
-346
-290
-215
-109
-53
118
229
331
419
587
788
983
975
751
482
183
-26
-252
-380
-418
-346
-241
-183
-133
-193
-249
-263
-268
-269
-215
-153
-94
-38
-73
-29
-26
-190
-251
-297
-314
-342
-335
-286
-182
21
-15
133
308
404
533
727
919
995
814
564
279
117
-198
-321
-397
-343
-251
-261
-178
-137
-214
-264
-268
-254
-222
-165
-93
-38
-37
-15
-34
-149
-209
-267
-284
-321
-312
-269
-161
-44
52
148
323
419
542
705
915
995
867
618
353
148
-33
-287
-360
-330
-215
-165
-69
-161
-193
-158
-267
-247
-215
-173
-79
-41
-45
-12
-44
-109
-185
-298
-319
-325
-349
-286
-178
-61
-21
127
303
405
529
674
867
977
835
607
339
138
-43
-282
-371
-345
-246
-177
-159
-165
-222
-269
-275
-274
-289
-241
-118
-73
-21
-53
-109
-157
-234
-277
-317
-348
-342
-300
-229
-93
-37
131
276
367
484
651
851
951
929
539
347
133
-1
-277
-364
-343
-267
-177
-156
-174
-219
-267
-255
-277
-240
-177
-137
-46
-45
-45
-40
-159
-194
-258
-300
-335
-319
-271
-201
-51
-18
139
306
407
532
707
891
993
833
629
333
146
-81
-254
-334
-301
-204
-149
-140
-155
-220
-238
-247
-251
-208
-154
-106
-34
-42
-15
-38
-149
-194
-259
-295
-298
-299
-263
-178
-44
73
90
325
415
575
755
931
991
805
577
283
131
-134
-293
-353
-315
-207
-146
-155
-186
-238
-277
-277
-247
-236
-189
-110
-75
-26
-69
-133
-204
-236
-282
-301
-326
-319
-268
-169
-53
52
148
282
408
555
743
911
905
729
491
214
-21
-220
-322
-364
-300
-235
-172
-192
-218
-277
-289
-288
-268
-223
-174
-108
-61
-48
-105
-153
-215
-251
-213
-251
-346
-319
-284
-121
-31
114
257
350
479
611
827
963
916
709
457
153
-21
-238
-327
-321
-262
-175
-151
-150
-217
-266
-279
-268
-236
-200
-133
-54
-39
-38
-63
-140
-202
-129
-303
-230
-326
-252
-145
-62
-10
163
340
447
547
725
931
1019
855
611
337
139
-44
-264
-319
-299
-209
-163
-146
-189
-241
-284
-283
-254
-236
-236
-140
-61
-139
-82
-121
-191
-240
-261
-285
-297
-293
-251
-161
-93
81
239
365
462
601
763
953
914
739
473
187
-15
-219
-323
-349
-296
-241
-183
-183
-247
-285
-313
-299
-290
-226
-209
-108
-145
-34
-203
-234
-223
-262
-305
-338
-317
-321
-225
-108
-39
136
308
399
533
696
882
963
821
566
337
131
-44
-277
-304
-252
-223
-178
-182
-199
-251
-286
-281
-278
-249
-200
-51
-75
-60
-157
-143
-184
-220
-257
-294
-294
-287
-242
-135
-27
124
297
403
518
675
871
993
930
707
419
157
-18
-201
-286
-295
-219
-159
-139
-215
-236
-275
-286
-262
-262
-197
-139
-75
-59
-63
-121
-162
-193
-230
-268
-282
-298
-270
-185
-57
55
131
350
450
566
750
947
971
783
547
261
123
-139
-285
-314
-285
-213
-171
-189
-300
-219
-390
-334
-327
-210
-198
-124
-108
-93
-127
-179
-223
-253
-294
-314
-322
-337
-251
-221
-50
118
294
383
498
647
827
951
839
623
355
180
-93
-245
-312
-311
-236
-204
-204
-222
-268
-325
-316
-286
-263
-210
-149
-101
-81
-106
-140
-197
-216
-258
-296
-287
-287
-266
-165
-39
115
290
390
465
629
803
967
923
753
495
207
6
-242
-273
-281
-239
-150
-183
-173
-221
-268
-278
-259
-252
-204
-129
-82
-65
-74
-98
-154
-189
-216
-262
-269
-293
-258
-186
-77
84
317
287
484
615
787
969
995
794
553
260
130
-45
-249
-297
-258
-199
-167
-179
-223
-317
-303
-298
-249
-203
-198
-134
-105
-87
-126
-174
-216
-236
-297
-319
-317
-293
-235
-108
-30
139
361
419
564
727
931
916
821
523
271
210
-27
-269
-320
-303
-223
-193
-189
-230
-293
-327
-310
-293
-264
-213
-151
-120
-117
-116
-170
-221
-235
-282
-314
-311
-308
-253
-141
-37
145
354
471
570
741
931
979
847
555
233
187
-15
-231
-284
-270
-195
-165
-182
-217
-268
-306
-300
-274
-249
-188
-140
-101
-93
-107
-138
-172
-220
-252
-271
-299
-273
-227
-118
-43
141
379
503
602
757
960
967
863
618
335
87
-114
-208
-273
-261
-157
-157
-166
-204
-269
-293
-295
-281
-238
-189
-121
-102
-84
-107
-135
-191
-257
-265
-301
-332
-289
-234
-136
-37
133
343
419
549
719
883
986
835
623
367
126
-30
-204
-289
-271
-222
-185
-187
-225
-284
-316
-317
-302
-287
-239
-172
-127
-117
-131
-177
-220
-241
-285
-309
-334
-319
-257
-172
-44
130
299
417
544
683
871
963
867
618
353
137
-38
-202
-285
-271
-204
-195
-191
-213
-266
-310
-321
-299
-254
-214
-157
-111
-102
-108
-145
-191
-217
-260
-242
-281
-267
-198
-186
-93
127
325
463
551
705
889
981
862
658
379
142
-26
-165
-249
-243
-187
-150
-165
-172
-239
-283
-295
-279
-236
-194
-110
-93
-58
-23
-121
-201
-205
-236
-265
-249
-272
-262
-151
-37
122
310
419
535
691
865
978
882
673
382
147
-21
-174
-273
-268
-210
-187
-171
-201
-257
-313
-305
-290
-277
-220
-165
-59
-102
-114
-136
-205
-261
-262
-279
-314
-310
-297
-200
-61
122
279
386
486
630
817
931
843
651
398
129
-13
-209
-297
-286
-245
-201
-134
-233
-271
-331
-329
-313
-279
-239
-167
-127
-131
-156
-155
-192
-199
-197
-291
-313
-302
-275
-199
-76
99
281
416
509
661
815
971
889
683
419
161
-22
-174
-268
-281
-221
-175
-163
-183
-236
-266
-251
-271
-252
-200
-173
-105
-85
-85
-107
-155
-185
-221
-249
-263
-265
-236
-171
-44
105
297
419
531
651
821
991
915
710
459
193
2
-141
-242
-265
-209
-157
-156
-174
-239
-280
-284
-286
-275
-202
-172
-120
-38
-97
-128
-162
-191
-236
-269
-295
-291
-263
-182
-37
114
299
419
553
743
846
975
867
667
393
138
-27
-183
-267
-273
-284
-198
-186
-205
-252
-318
-310
-300
-270
-223
-162
-134
-137
-116
-157
-172
-223
-264
-282
-313
-274
-253
-173
-63
116
289
399
529
661
857
961
857
654
382
130
-37
-194
-273
-268
-214
-186
-172
-204
-273
-300
-295
-282
-249
-207
-151
-123
-109
-103
-124
-168
-223
-223
-274
-267
-282
-234
-152
-47
123
318
419
530
667
839
965
889
675
419
167
-19
-157
-242
-254
-204
-149
-149
-169
-236
-285
-284
-270
-236
-209
-144
-106
-43
-108
-122
-145
-198
-221
-277
-278
-303
-258
-195
-61
79
265
387
503
639
802
947
911
703
455
163
-6
-156
-268
-273
-233
-189
-172
-202
-257
-309
-309
-301
-265
-234
-165
-142
-119
-134
-156
-193
-210
-246
-267
-314
-295
-283
-247
-103
-38
137
347
455
585
751
909
903
743
483
223
23
-140
-242
-288
-236
-204
-191
-197
-245
-300
-313
-301
-272
-238
-186
-146
-111
-126
-133
-170
-195
-222
-262
-295
-290
-278
-223
-108
-33
116
367
489
611
787
947
931
765
531
249
124
-29
-233
-268
-233
-197
-141
-174
-219
-255
-289
-287
-259
-219
-165
-117
-97
-119
-104
-123
-172
-202
-242
-279
-284
-261
-205
-93
-15
139
389
515
615
760
975
927
803
560
275
126
-37
-214
-261
-227
-154
-146
-177
-220
-279
-300
-295
-278
-236
-183
-129
-111
-109
-138
-158
-189
-219
-261
-300
-316
-291
-235
-132
-49
138
367
475
603
735
905
923
769
531
242
123
-45
-217
-269
-241
-198
-185
-201
-242
-302
-327
-318
-305
-252
-207
-155
-149
-140
-135
-166
-193
-236
-281
-307
-332
-300
-241
-97
-23
119
373
495
602
739
911
959
795
573
291
145
-33
-206
-249
-236
-171
-163
-170
-217
-286
-297
-300
-284
-247
-193
-145
-121
-120
-110
-143
-185
-195
-236
-275
-293
-281
-226
-115
-48
141
363
478
579
727
913
978
887
661
394
143
-12
-165
-249
-238
-174
-157
-172
-190
-265
-305
-286
-294
-247
-204
-172
-124
-127
-117
-140
-190
-185
-245
-270
-285
-343
-255
-163
-37
123
309
419
538
660
835
969
899
693
419
167
-17
-165
-269
-269
-214
-181
-187
-200
-263
-331
-337
-317
-300
-236
-200
-157
-131
-137
-157
-187
-213
-246
-269
-317
-335
-289
-227
-107
-27
139
372
486
595
747
927
923
756
527
256
123
-37
-235
-286
-236
-184
-177
-197
-239
-295
-321
-325
-287
-251
-202
-152
-124
-118
-151
-157
-177
-210
-244
-267
-300
-292
-236
-143
-38
116
330
419
547
687
859
993
891
692
419
165
-11
-158
-238
-233
-183
-151
-142
-170
-239
-283
-298
-285
-257
-206
-133
-106
-98
-97
-121
-142
-165
-199
-249
-295
-284
-273
-201
-65
73
246
394
484
611
778
953
951
779
565
276
131
-33
-236
-268
-226
-172
-162
-157
-226
-297
-327
-300
-277
-257
-200
-147
-126
-122
-142
-165
-188
-222
-241
-293
-310
-301
-254
-157
-42
116
298
401
499
655
821
918
846
643
381
142
-31
-207
-269
-262
-217
-190
-158
-205
-258
-309
-321
-316
-287
-236
-174
-145
-126
-138
-161
-185
-203
-236
-268
-300
-309
-284
-209
-78
-11
124
370
479
606
779
931
931
756
527
235
131
-33
-232
-236
-194
-152
-122
-140
-189
-277
-290
-297
-275
-230
-167
-111
-108
-104
-114
-156
-175
-185
-229
-236
-277
-275
-225
-134
-37
131
299
403
523
670
843
947
891
690
419
175
-17
-159
-200
-235
-165
-131
-135
-159
-217
-277
-278
-292
-280
-226
-157
-135
-111
-110
-151
-177
-210
-221
-236
-242
-272
-269
-206
-118
-25
130
283
391
489
670
851
927
821
614
339
133
-33
-229
-291
-236
-203
-158
-165
-187
-263
-314
-312
-313
-286
-236
-172
-139
-124
-130
-182
-207
-220
-236
-266
-285
-295
-265
-192
-93
-37
137
295
411
535
703
882
899
771
546
271
137
-29
-236
-262
-219
-153
-129
-150
-181
-257
-268
-298
-285
-257
-201
-128
-106
-102
-124
-159
-188
-204
-215
-233
-261
-273
-236
-161
-41
89
139
359
455
611
807
931
899
763
505
243
116
-43
-213
-222
-178
-135
-109
-137
-195
-242
-268
-299
-261
-221
-161
-109
-79
-95
-121
-162
-185
-203
-210
-234
-269
-268
-220
-140
-38
99
163
356
459
609
771
915
884
704
455
199
-6
-171
-236
-241
-192
-141
-129
-149
-215
-275
-285
-300
-287
-247
-189
-133
-103
-135
-168
-189
-223
-230
-238
-261
-279
-284
-229
-157
-46
63
133
330
419
595
785
883
821
660
404
153
-11
-188
-268
-251
-203
-155
-124
-149
-213
-268
-297
-300
-285
-236
-176
-123
-93
-122
-140
-173
-213
-201
-221
-241
-268
-247
-221
-133
-39
116
261
371
515
641
831
919
851
660
390
151
-22
-162
-226
-204
-153
-111
-95
-134
-199
-233
-265
-218
-241
-190
-141
-86
-62
-99
-123
-151
-203
-197
-187
-218
-241
-236
-202
-105
-45
126
275
387
489
660
834
927
833
651
395
153
-27
-173
-236
-219
-179
-129
-124
-149
-215
-267
-273
-285
-267
-215
-155
-118
-114
-108
-156
-194
-204
-217
-206
-231
-256
-242
-217
-133
-33
102
145
340
419
635
791
884
791
611
367
135
-16
-213
-294
-247
-214
-151
-149
-166
-238
-291
-300
-284
-284
-194
-149
-135
-108
-123
-171
-207
-220
-215
-230
-235
-261
-236
-214
-114
-44
123
249
367
467
641
815
911
842
644
389
151
-13
-185
-251
-226
-162
-117
-106
-130
-204
-247
-263
-261
-238
-186
-140
-97
-54
-93
-131
-162
-183
-203
-192
-241
-221
-204
-189
-95
-25
148
276
390
507
657
841
931
867
661
419
155
-32
-171
-236
-222
-159
-131
-108
-136
-192
-238
-265
-259
-265
-197
-157
-106
-85
-109
-144
-170
-204
-220
-219
-235
-223
-234
-213
-114
-37
115
245
372
482
633
811
911
820
634
372
132
-30
-204
-236
-242
-176
-133
-108
-156
-219
-283
-297
-306
-281
-229
-172
-124
-117
-129
-166
-210
-223
-223
-217
-236
-236
-253
-213
-130
-5
105
178
363
477
628
807
883
819
653
393
126
-27
-193
-269
-236
-172
-139
-109
-140
-197
-263
-272
-267
-252
-218
-156
-93
-71
-117
-142
-181
-206
-204
-205
-206
-229
-229
-189
-117
-33
111
251
373
503
658
799
931
899
721
478
209
26
-102
-226
-225
-167
-113
-76
-103
-181
-223
-259
-277
-251
-204
-157
-94
-76
-106
-121
-173
-204
-206
-205
-213
-220
-230
-208
-143
-22
103
139
345
459
577
755
913
891
722
490
217
32
-138
-248
-259
-200
-150
-121
-131
-200
-266
-285
-285
-273
-236
-193
-140
-115
-122
-156
-194
-234
-230
-235
-236
-268
-266
-249
-170
-70
-29
130
308
401
539
705
869
887
755
536
251
130
-38
-247
-269
-220
-167
-124
-135
-184
-242
-259
-284
-287
-242
-205
-140
-117
-107
-138
-173
-182
-198
-205
-230
-230
-254
-229
-171
-59
-29
134
325
419
570
743
915
931
789
561
287
154
-30
-209
-230
-197
-139
-76
-83
-147
-221
-266
-262
-245
-219
-172
-124
-76
-102
-113
-151
-172
-222
-183
-191
-218
-225
-223
-171
-62
-27
126
308
419
542
683
858
931
827
635
351
121
-35
-202
-265
-225
-170
-110
-108
-156
-221
-268
-284
-268
-263
-210
-140
-113
-120
-109
-184
-204
-216
-217
-215
-238
-245
-261
-220
-117
-43
123
259
363
486
625
811
905
819
629
372
141
-39
-222
-284
-266
-204
-145
-142
-155
-233
-265
-297
-293
-281
-227
-174
-129
-123
-149
-169
-204
-215
-204
-213
-222
-242
-243
-214
-128
-37
102
234
363
485
623
799
931
871
685
451
175
1
-172
-252
-248
-167
-113
-109
-118
-189
-254
-261
-274
-257
-210
-156
-113
-95
-103
-139
-173
-182
-187
-183
-204
-220
-226
-193
-122
-27
119
264
394
505
635
814
947
895
715
468
191
5
-140
-234
-232
-170
-124
-106
-122
-186
-253
-263
-275
-253
-235
-158
-121
-105
-133
-146
-185
-204
-207
-214
-221
-238
-236
-209
-156
-45
87
145
347
454
579
739
889
881
724
479
205
-1
-170
-240
-297
-215
-157
-128
-154
-202
-279
-313
-305
-294
-255
-201
-153
-152
-155
-185
-207
-223
-214
-218
-236
-254
-274
-239
-159
-57
69
137
377
467
583
757
899
874
715
465
210
-1
-140
-242
-251
-195
-130
-108
-133
-176
-247
-293
-290
-270
-236
-193
-139
-133
-122
-120
-193
-185
-189
-217
-236
-245
-238
-194
-102
-44
123
290
404
530
659
800
930
887
707
447
186
-5
-71
-232
-227
-160
-107
-93
-119
-185
-257
-281
-291
-272
-222
-156
-105
-133
-123
-170
-190
-181
-193
-209
-241
-265
-263
-219
-114
-41
129
307
403
515
655
830
931
831
653
370
135
-38
-185
-267
-239
-178
-126
-117
-161
-235
-287
-300
-301
-284
-239
-181
-159
-158
-173
-214
-223
-204
-231
-269
-284
-299
-301
-229
-108
-29
124
310
419
539
699
873
891
763
531
265
138
-23
-235
-257
-217
-161
-122
-129
-184
-254
-303
-301
-285
-267
-213
-171
-151
-156
-170
-193
-198
-215
-231
-263
-279
-289
-236
-153
-41
119
313
419
518
639
803
926
867
687
419
175
15
-31
-204
-204
-156
-108
-97
-130
-204
-268
-288
-264
-246
-221
-166
-130
-138
-143
-232
-185
-185
-202
-257
-251
-273
-273
-230
-128
-27
121
357
469
555
691
856
930
821
623
353
116
-33
-172
-223
-207
-160
-118
-122
-165
-245
-294
-303
-296
-267
-222
-166
-159
-146
-165
-191
-218
-214
-225
-263
-269
-297
-271
-214
-81
-22
119
358
447
561
713
877
880
743
499
239
123
-44
-249
-268
-241
-155
-133
-155
-206
-293
-303
-341
-285
-260
-209
-166
-172
-173
-191
-209
-217
-223
-245
-267
-285
-290
-267
-163
-58
117
290
404
515
631
817
921
867
659
407
175
-13
-157
-234
-229
-174
-114
-108
-141
-219
-268
-319
-297
-277
-225
-165
-142
-139
-141
-143
-187
-186
-204
-225
-257
-263
-219
-204
-93
-25
133
373
477
577
722
883
947
810
597
309
127
-37
-177
-209
-189
-122
-101
-77
-187
-245
-284
-290
-285
-255
-220
-171
-159
-147
-158
-199
-197
-198
-223
-235
-269
-289
-268
-199
-68
6
191
385
485
611
762
905
875
702
468
199
6
-130
-269
-236
-210
-141
-143
-151
-230
-294
-321
-319
-298
-268
-210
-181
-172
-172
-177
-223
-235
-235
-247
-268
-291
-303
-236
-145
-27
119
290
402
499
635
809
905
831
623
373
131
-27
-167
-253
-223
-172
-134
-118
-140
-235
-285
-301
-289
-283
-221
-179
-154
-143
-151
-203
-200
-207
-200
-193
-245
-262
-254
-205
-108
-41
136
369
419
576
719
909
955
819
587
310
145
-31
-161
-204
-183
-115
-76
-98
-149
-221
-273
-293
-272
-249
-204
-140
-144
-127
-161
-177
-193
-201
-210
-217
-257
-251
-249
-176
-53
75
265
399
505
611
756
911
865
707
419
183
25
-38
-220
-236
-182
-134
-114
-121
-205
-278
-307
-345
-289
-255
-216
-167
-165
-170
-183
-226
-225
-234
-247
-253
-289
-284
-247
-173
-41
121
279
411
522
659
818
883
774
574
315
145
-17
-173
-246
-222
-145
-113
-124
-155
-257
-295
-294
-283
-278
-227
-169
-155
-169
-172
-204
-213
-207
-209
-238
-243
-266
-245
-203
-81
-27
113
375
482
579
774
907
883
724
490
216
116
-33
-198
-210
-157
-107
-76
-81
-165
-242
-268
-267
-267
-223
-159
-117
-127
-135
-154
-165
-200
-185
-194
-201
-227
-221
-204
-133
-49
148
277
390
493
626
819
927
852
670
406
167
-11
-135
-215
-213
-137
-102
-79
-126
-209
-263
-291
-281
-289
-227
-178
-157
-150
-155
-183
-205
-201
-217
-207
-236
-255
-251
-227
-109
-44
131
315
419
535
691
839
851
722
518
254
148
-38
-232
-251
-216
-154
-114
-133
-190
-268
-302
-318
-309
-281
-236
-177
-159
-158
-172
-205
-227
-226
-221
-238
-233
-253
-233
-183
-70
-11
143
367
458
571
751
885
859
675
443
180
10
-41
-215
-210
-158
-108
-93
-111
-191
-262
-285
-288
-268
-219
-202
-143
-142
-146
-157
-183
-189
-183
-210
-210
-220
-257
-223
-119
-34
138
347
466
547
689
879
917
795
583
323
131
-17
-155
-205
-177
-115
-82
-98
-147
-231
-273
-279
-272
-236
-212
-167
-160
-151
-157
-183
-205
-203
-207
-207
-230
-251
-238
-185
-93
-27
129
355
447
553
711
867
855
707
499
216
84
-53
-219
-236
-193
-130
-121
-159
-195
-285
-326
-332
-303
-281
-186
-172
-172
-171
-200
-223
-218
-236
-236
-241
-278
-278
-242
-173
-57
67
238
386
486
611
779
875
811
603
369
139
-24
-169
-234
-204
-150
-109
-108
-131
-214
-294
-277
-271
-301
-229
-171
-157
-155
-154
-183
-203
-204
-204
-204
-209
-238
-243
-199
-113
-49
137
350
451
545
709
865
883
759
555
278
135
-27
-168
-193
-157
-106
-75
-79
-172
-230
-273
-259
-279
-236
-189
-155
-134
-140
-162
-181
-192
-195
-217
-220
-230
-236
-219
-156
-47
58
175
391
475
597
756
874
849
683
419
163
-12
-75
-225
-209
-171
-120
-107
-124
-201
-277
-301
-304
-290
-251
-204
-166
-155
-163
-197
-204
-210
-225
-222
-236
-267
-273
-241
-157
-49
100
245
369
486
598
774
851
788
607
354
131
-50
-195
-248
-223
-169
-97
-108
-156
-238
-300
-309
-335
-285
-247
-217
-171
-156
-172
-199
-202
-203
-216
-225
-249
-267
-255
-204
-93
-43
143
337
450
533
696
867
867
747
549
253
122
-26
-186
-208
-183
-108
-85
-105
-157
-247
-281
-275
-269
-247
-191
-161
-140
-128
-142
-161
-171
-184
-213
-206
-234
-252
-218
-165
-41
118
288
399
498
616
785
915
867
679
419
168
-13
-44
-198
-202
-138
-99
-86
-140
-215
-272
-302
-302
-281
-255
-188
-172
-157
-168
-185
-179
-199
-210
-209
-246
-254
-257
-231
-140
-37
117
283
405
527
665
821
887
770
543
287
148
-27
-206
-236
-205
-165
-108
-136
-181
-266
-321
-329
-337
-285
-231
-205
-190
-172
-181
-191
-204
-207
-221
-247
-265
-270
-266
-199
-76
-44
141
341
419
543
707
850
855
711
486
239
134
-35
-200
-223
-172
-136
-94
-121
-175
-268
-284
-294
-281
-239
-189
-160
-139
-145
-158
-178
-172
-181
-184
-213
-221
-223
-199
-119
-37
110
271
393
491
623
783
913
914
695
455
206
53
-25
-207
-189
-141
-81
-94
-115
-193
-258
-291
-284
-261
-232
-109
-145
-141
-114
-156
-156
-156
-174
-207
-215
-236
-249
-210
-124
-38
129
292
409
498
657
820
911
794
610
341
142
-17
-178
-236
-204
-147
-113
-108
-151
-233
-283
-306
-307
-289
-236
-191
-172
-157
-178
-198
-197
-199
-225
-236
-226
-258
-243
-206
-119
-29
126
289
387
507
653
817
875
761
564
321
154
-39
-204
-236
-204
-151
-108
-97
-151
-244
-300
-299
-293
-258
-192
-162
-155
-141
-145
-165
-179
-178
-193
-210
-219
-234
-201
-155
-49
67
139
351
450
566
742
891
891
743
507
261
135
-31
-184
-199
-156
-85
-61
-86
-139
-229
-258
-267
-242
-223
-172
-140
-118
-129
-145
-172
-172
-181
-206
-219
-220
-242
-206
-117
-29
115
315
414
521
661
839
884
803
599
340
148
-34
-156
-214
-189
-139
-103
-102
-163
-226
-282
-281
-287
-262
-204
-175
-170
-161
-165
-193
-193
-204
-201
-217
-248
-257
-246
-201
-103
-37
138
325
407
505
651
803
847
714
511
239
138
-37
-205
-245
-207
-129
-140
-137
-173
-255
-294
-291
-269
-246
-192
-173
-169
-159
-179
-198
-204
-203
-204
-217
-241
-253
-236
-156
-49
126
142
358
463
579
754
871
818
667
419
177
-9
-143
-222
-213
-156
-102
-69
-123
-197
-245
-254
-252
-249
-205
-158
-135
-129
-106
-161
-175
-181
-185
-176
-197
-193
-213
-174
-102
-39
107
276
383
468
611
774
874
794
643
401
127
-24
-140
-229
-217
-155
-107
-106
-131
-206
-265
-277
-257
-252
-210
-169
-145
-133
-129
-172
-189
-187
-200
-189
-204
-229
-233
-194
-111
-27
148
256
357
473
611
781
835
754
569
314
131
-31
-198
-255
-231
-156
-135
-130
-162
-253
-285
-284
-275
-268
-215
-169
-146
-153
-163
-190
-187
-215
-185
-202
-205
-238
-217
-171
-106
-29
127
275
367
483
628
803
839
743
554
293
133
-41
-179
-229
-196
-140
-103
-97
-154
-204
-269
-261
-249
-222
-197
-145
-124
-119
-131
-161
-154
-167
-183
-187
-184
-183
-188
-137
-55
-27
131
307
401
507
675
835
867
746
543
293
139
-13
-182
-206
-172
-134
-81
-82
-136
-209
-235
-249
-235
-204
-172
-130
-109
-109
-119
-157
-167
-163
-172
-171
-177
-189
-192
-139
-58
-29
145
299
389
529
689
833
819
690
486
219
117
-35
-213
-241
-192
-121
-96
-108
-184
-221
-267
-268
-259
-236
-179
-156
-140
-117
-187
-189
-199
-200
-197
-202
-210
-203
-197
-159
-71
-17
123
241
347
463
611
777
802
689
508
243
137
-35
-221
-268
-229
-162
-127
-109
-156
-235
-253
-270
-263
-229
-173
-133
-117
-124
-134
-153
-166
-186
-167
-168
-167
-176
-162
-120
-76
-44
121
145
323
419
587
769
841
761
599
357
134
-12
-156
-229
-197
-142
-85
-85
-105
-167
-215
-229
-235
-217
-173
-117
-76
-97
-107
-133
-145
-172
-167
-169
-158
-129
-172
-135
-103
-55
84
124
289
383
517
699
835
785
643
411
167
-11
-135
-235
-241
-177
-122
-102
-111
-167
-225
-241
-249
-231
-198
-157
-133
-121
-133
-144
-178
-181
-197
-172
-187
-189
-194
-182
-135
-83
-31
113
122
339
419
639
789
769
659
459
187
-5
-123
-247
-261
-197
-141
-129
-137
-171
-236
-249
-259
-247
-214
-169
-140
-124
-114
-145
-157
-179
-187
-183
-173
-181
-182
-170
-130
-74
-30
85
134
303
407
587
787
827
741
565
313
130
-38
-188
-242
-205
-154
-103
-97
-122
-173
-215
-223
-230
-210
-172
-109
-73
-74
-93
-119
-147
-156
-159
-157
-151
-143
-148
-119
-62
-25
74
127
276
379
515
692
838
807
670
451
200
19
-31
-226
-226
-162
-139
-95
-93
-153
-200
-233
-229
-223
-189
-143
-105
-101
-106
-126
-165
-182
-186
-167
-171
-168
-172
-162
-118
-67
-26
78
148
292
414
591
751
817
709
551
309
113
-34
-220
-261
-229
-172
-140
-124
-156
-220
-262
-257
-257
-236
-189
-153
-133
-135
-145
-175
-187
-191
-187
-186
-192
-183
-203
-151
-109
-43
11
131
258
371
521
709
831
763
617
384
155
-12
-140
-239
-234
-156
-128
-107
-109
-174
-210
-236
-223
-223
-181
-130
-108
-107
-109
-133
-165
-161
-161
-149
-150
-146
-143
-139
-98
-35
-37
116
187
345
454
642
819
853
755
555
291
116
-27
-190
-226
-173
-126
-107
-97
-130
-201
-229
-221
-222
-203
-157
-124
-105
-103
-117
-145
-156
-182
-165
-157
-165
-165
-182
-140
-94
-37
75
131
288
392
549
727
825
759
599
362
135
-25
-173
-246
-229
-169
-122
-127
-137
-213
-236
-253
-232
-239
-201
-162
-149
-134
-146
-166
-195
-204
-204
-195
-174
-187
-188
-171
-139
-58
-33
117
148
339
479
651
803
791
661
459
207
98
-43
-229
-258
-193
-151
-135
-119
-159
-227
-246
-230
-229
-191
-189
-137
-108
-101
-131
-155
-183
-177
-181
-158
-172
-170
-154
-99
-58
-29
91
137
315
419
597
789
863
758
603
355
146
-27
-169
-221
-190
-139
-105
-82
-121
-172
-221
-204
-215
-202
-128
-133
-104
-97
-111
-141
-167
-156
-176
-151
-153
-151
-147
-129
-70
-51
51
143
261
373
526
692
820
789
663
449
180
5
-42
-231
-225
-177
-133
-114
-130
-193
-229
-234
-221
-236
-206
-166
-121
-118
-139
-157
-177
-173
-193
-189
-185
-177
-189
-172
-127
-63
-43
79
157
251
399
575
741
785
691
513
277
149
-45
-219
-246
-217
-165
-138
-121
-166
-195
-248
-273
-236
-223
-181
-141
-137
-119
-154
-162
-182
-183
-178
-157
-154
-157
-151
-129
-77
-37
74
121
271
370
519
719
822
777
606
390
153
-6
-124
-236
-225
-175
-109
-93
-118
-169
-209
-220
-204
-204
-157
-110
-85
-93
-85
-121
-141
-162
-149
-154
-143
-139
-126
-135
-73
-29
-1
127
182
326
478
659
811
811
692
503
251
129
-5
-214
-222
-202
-137
-113
-111
-156
-210
-236
-246
-223
-201
-161
-110
-109
-121
-139
-172
-172
-187
-181
-159
-162
-172
-156
-111
-73
-39
73
121
283
382
563
738
795
693
539
295
131
-44
-219
-268
-233
-155
-155
-124
-165
-225
-243
-245
-251
-225
-197
-156
-118
-128
-153
-173
-178
-201
-193
-173
-171
-162
-166
-124
-76
-25
57
119
244
365
515
705
814
769
607
355
139
-17
-172
-236
-220
-171
-113
-115
-126
-194
-229
-225
-210
-209
-171
-118
-107
-101
-113
-143
-154
-159
-157
-147
-124
-117
-140
-93
-59
-20
47
116
148
325
469
660
820
795
683
495
244
131
-41
-205
-236
-189
-133
-109
-105
-153
-210
-227
-220
-221
-186
-153
-121
-100
-107
-131
-167
-165
-185
-175
-157
-143
-124
-147
-108
-57
-40
91
134
270
390
559
729
786
722
535
304
146
-38
-101
-271
-221
-172
-140
-124
-168
-223
-261
-262
-245
-225
-182
-166
-128
-118
-150
-173
-184
-207
-183
-169
-173
-182
-156
-141
-103
-54
41
131
258
357
533
727
795
722
578
340
135
-27
-175
-252
-219
-142
-129
-115
-140
-199
-241
-232
-236
-204
-187
-145
-117
-111
-143
-146
-153
-171
-172
-157
-157
-146
-155
-117
-66
-33
61
139
290
387
559
767
857
794
623
362
142
-12
-123
-214
-188
-140
-108
-77
-118
-174
-230
-222
-214
-204
-172
-131
-98
-97
-121
-146
-145
-153
-159
-157
-157
-161
-151
-111
-55
-34
75
148
279
391
559
747
809
739
579
362
127
-26
-167
-235
-218
-156
-139
-118
-149
-223
-247
-267
-243
-217
-185
-155
-143
-126
-157
-181
-178
-192
-197
-189
-192
-193
-177
-153
-102
-37
84
129
290
390
587
759
799
698
522
291
123
-37
-209
-256
-199
-174
-121
-142
-177
-236
-280
-261
-245
-218
-178
-159
-140
-141
-162
-179
-178
-187
-174
-167
-182
-176
-156
-121
-57
-29
118
133
323
419
626
790
819
727
547
308
121
-32
-187
-231
-189
-135
-122
-97
-154
-206
-236
-217
-204
-190
-161
-118
-109
-86
-118
-140
-147
-143
-161
-154
-163
-144
-135
-95
-44
-1
131
267
363
506
699
853
827
685
483
222
129
-44
-213
-215
-171
-134
-108
-121
-204
-263
-265
-253
-226
-213
-157
-140
-133
-137
-165
-169
-185
-165
-177
-175
-181
-173
-141
-106
-38
2
135
265
357
514
691
811
766
618
395
166
-6
-152
-242
-265
-192
-152
-149
-156
-236
-283
-281
-255
-241
-221
-193
-151
-142
-153
-150
-171
-173
-198
-194
-185
-184
-191
-143
-97
-35
97
143
315
413
587
774
820
755
587
327
145
-12
-171
-230
-209
-149
-133
-130
-158
-217
-255
-263
-236
-217
-166
-137
-131
-130
-138
-145
-137
-153
-160
-151
-135
-156
-155
-93
-54
-17
139
266
353
475
659
827
849
763
601
309
134
-15
-177
-223
-174
-139
-119
-117
-175
-236
-258
-243
-241
-217
-179
-146
-135
-118
-144
-161
-140
-167
-172
-157
-170
-158
-142
-106
-42
-27
127
245
341
477
653
820
821
699
499
249
148
-44
-208
-251
-201
-157
-156
-194
-205
-281
-282
-285
-269
-235
-215
-174
-170
-159
-172
-177
-187
-204
-197
-172
-202
-193
-166
-124
-41
66
132
295
419
566
739
867
774
602
369
133
-9
-154
-230
-210
-156
-141
-131
-169
-234
-284
-258
-253
-240
-195
-172
-154
-129
-143
-161
-163
-165
-169
-169
-176
-181
-162
-123
-48
-21
131
277
385
507
692
852
863
745
531
281
126
-27
-165
-201
-166
-111
-102
-123
-172
-235
-249
-246
-236
-194
-167
-138
-119
-114
-139
-154
-145
-157
-157
-156
-172
-173
-143
-93
-37
105
134
347
419
597
779
875
803
648
403
157
-13
-113
-220
-214
-172
-140
-134
-164
-239
-285
-274
-269
-254
-219
-185
-166
-147
-159
-174
-169
-197
-193
-195
-190
-204
-199
-141
-71
-37
135
269
355
486
670
818
819
703
493
241
137
-39
-213
-239
-187
-150
-141
-166
-215
-269
-290
-291
-268
-236
-204
-167
-140
-156
-155
-156
-183
-183
-193
-194
-216
-185
-171
-81
-29
123
287
385
485
675
841
867
756
563
315
135
-9
-172
-205
-177
-153
-119
-141
-170
-245
-266
-157
-247
-268
-172
-154
-130
-130
-129
-141
-142
-163
-173
-159
-166
-166
-143
-69
-41
167
199
367
410
603
779
898
827
675
419
179
18
-29
-204
-215
-169
-139
-111
-157
-233
-281
-284
-282
-267
-219
-191
-171
-141
-151
-167
-172
-165
-185
-193
-226
-222
-204
-123
-44
85
135
358
451
597
799
879
799
649
380
143
-15
-141
-249
-220
-174
-150
-149
-200
-271
-316
-317
-300
-281
-236
-220
-182
-173
-177
-197
-201
-197
-206
-222
-221
-225
-198
-141
-39
87
138
361
454
613
787
889
830
650
379
157
-6
-78
-219
-208
-151
-131
-127
-181
-239
-307
-287
-284
-259
-217
-201
-165
-135
-150
-159
-169
-179
-178
-183
-201
-202
-188
-124
-42
116
276
373
478
618
800
919
866
711
468
193
116
-37
-203
-193
-143
-118
-124
-155
-236
-293
-284
-282
-271
-222
-185
-166
-133
-114
-153
-157
-186
-198
-204
-220
-230
-189
-135
-26
121
278
395
501
659
847
899
807
626
355
139
-21
-145
-215
-197
-154
-142
-145
-191
-274
-317
-300
-299
-281
-241
-215
-194
-186
-194
-183
-205
-217
-217
-209
-220
-223
-189
-138
-44
81
134
339
449
601
779
891
815
650
383
148
-15
-158
-232
-230
-182
-172
-154
-201
-267
-310
-315
-293
-278
-242
-204
-178
-158
-153
-171
-165
-202
-202
-222
-241
-236
-204
-127
-40
115
294
406
532
705
873
907
791
581
315
142
-12
-153
-191
-169
-129
-110
-124
-172
-264
-287
-281
-268
-239
-203
-170
-140
-143
-155
-160
-163
-166
-190
-205
-221
-209
-190
-105
-45
123
346
467
595
784
917
879
727
486
213
132
-27
-187
-197
-172
-124
-124
-161
-231
-290
-327
-303
-285
-249
-225
-179
-175
-165
-176
-201
-202
-204
-219
-245
-239
-236
-187
-77
-31
123
345
463
582
771
883
809
655
378
146
-57
-157
-233
-219
-176
-167
-172
-204
-283
-353
-333
-325
-284
-255
-221
-198
-179
-177
-205
-206
-206
-217
-245
-249
-262
-235
-157
-47
103
267
399
523
673
859
902
805
596
309
139
-25
-155
-202
-182
-133
-119
-126
-205
-271
-313
-305
-297
-254
-222
-189
-153
-151
-157
-166
-167
-172
-187
-204
-232
-207
-177
-86
-37
136
359
468
591
774
949
917
786
535
274
119
-29
-156
-185
-137
-127
-107
-124
-207
-286
-300
-273
-269
-236
-201
-169
-150
-133
-155
-169
-172
-187
-204
-219
-226
-210
-159
-61
65
147
383
513
651
835
931
857
693
419
173
13
-33
-197
-190
-153
-135
-145
-175
-271
-321
-314
-321
-293
-263
-207
-183
-160
-165
-193
-202
-223
-236
-241
-268
-269
-241
-178
-46
123
292
407
531
670
882
903
788
564
291
138
-23
-166
-214
-197
-156
-124
-157
-221
-305
-332
-315
-307
-268
-234
-213
-184
-170
-174
-174
-189
-214
-232
-249
-268
-238
-210
-108
-34
137
385
504
647
820
955
867
714
451
190
118
-41
-173
-167
-133
-98
-93
-178
-251
-287
-315
-311
-279
-229
-208
-162
-149
-157
-157
-167
-186
-221
-231
-256
-265
-236
-153
-27
127
322
458
579
727
907
947
803
586
314
139
-10
-144
-177
-163
-137
-127
-155
-209
-316
-346
-323
-297
-275
-236
-194
-193
-172
-183
-186
-205
-225
-239
-248
-269
-263
-222
-141
-37
116
340
419
563
759
899
871
751
499
213
131
-42
-201
-232
-190
-163
-142
-177
-261
-343
-375
-342
-332
-283
-249
-204
-184
-183
-192
-200
-236
-245
-258
-288
-298
-268
-205
-76
22
276
410
543
675
879
931
855
665
383
142
-5
-76
-187
-181
-140
-150
-115
-185
-268
-310
-332
-305
-277
-243
-198
-179
-151
-137
-153
-186
-194
-219
-220
-253
-247
-217
-134
-33
141
373
447
607
783
971
975
827
597
310
124
-27
-150
-183
-145
-103
-114
-138
-206
-285
-314
-319
-301
-273
-235
-192
-161
-162
-169
-172
-204
-220
-236
-240
-259
-249
-217
-123
-39
111
355
469
587
779
947
951
785
549
259
129
-33
-173
-220
-188
-150
-139
-172
-267
-325
-364
-353
-347
-278
-263
-236
-203
-182
-194
-205
-219
-233
-258
-284
-290
-268
-221
-123
-38
137
372
478
616
803
931
907
719
479
207
116
-37
-204
-203
-157
-137
-124
-178
-258
-332
-334
-332
-309
-273
-235
-189
-175
-165
-181
-178
-205
-217
-239
-247
-269
-243
-187
-65
81
265
399
511
665
881
981
923
756
483
244
139
-22
-182
-175
-103
-101
-119
-147
-278
-305
-329
-316
-287
-262
-199
-166
-157
-144
-168
-177
-205
-204
-226
-262
-248
-230
-177
-58
99
273
399
511
695
849
973
921
718
529
175
73
-32
-204
-204
-149
-140
-124
-177
-255
-332
-349
-345
-328
-282
-242
-205
-175
-171
-194
-201
-220
-251
-265
-272
-290
-262
-209
-85
-23
146
363
469
602
803
931
869
707
446
191
19
-43
-209
-220
-181
-141
-129
-172
-269
-329
-342
-358
-331
-284
-236
-204
-178
-177
-180
-204
-210
-236
-255
-274
-272
-267
-198
-76
84
225
415
499
655
843
975
891
722
451
191
74
-38
-187
-182
-137
-117
-118
-157
-251
-305
-304
-310
-290
-254
-197
-172
-149
-150
-153
-172
-209
-207
-225
-221
-225
-208
-157
-61
27
143
353
468
614
792
961
949
799
532
259
131
-33
-171
-198
-156
-121
-110
-135
-218
-306
-326
-325
-305
-289
-236
-186
-157
-158
-172
-183
-197
-219
-235
-261
-273
-266
-223
-101
-30
133
335
453
592
800
931
883
746
483
218
116
-27
-204
-221
-162
-134
-123
-171
-251
-338
-342
-338
-333
-286
-257
-207
-186
-194
-203
-209
-215
-236
-246
-277
-273
-263
-210
-102
-44
135
331
446
569
774
917
899
755
499
229
146
-45
-182
-194
-141
-108
-95
-133
-220
-300
-313
-306
-304
-263
-219
-178
-172
-159
-166
-171
-204
-213
-219
-247
-254
-238
-168
-85
-27
143
347
457
596
788
950
931
799
563
271
137
-27
-162
-157
-126
-94
-75
-108
-203
-265
-300
-300
-285
-268
-204
-176
-152
-143
-155
-177
-197
-198
-229
-233
-255
-242
-194
-106
-35
130
308
417
555
759
931
911
759
546
258
143
-19
-172
-202
-158
-108
-103
-133
-212
-283
-329
-319
-306
-270
-242
-207
-172
-179
-199
-210
-217
-236
-243
-254
-252
-247
-210
-133
-43
84
135
337
419
615
820
902
841
635
371
143
-15
-173
-232
-204
-155
-120
-124
-173
-251
-309
-323
-319
-294
-255
-207
-171
-157
-171
-169
-187
-199
-209
-221
-229
-223
-216
-156
-41
-12
134
312
419
581
787
931
899
744
485
198
127
-45
-189
-178
-127
-93
-82
-110
-179
-253
-279
-275
-271
-236
-183
-146
-137
-123
-145
-162
-181
-194
-205
-213
-215
-199
-167
-71
-29
129
308
399
535
745
929
927
793
555
266
127
-41
-190
-194
-139
-108
-93
-123
-183
-261
-301
-309
-297
-265
-219
-173
-151
-151
-177
-191
-181
-222
-217
-227
-235
-239
-205
-138
-31
84
137
315
419
599
813
895
799
646
356
148
-30
-193
-253
-214
-154
-138
-124
-170
-252
-319
-322
-317
-302
-236
-205
-170
-156
-172
-179
-199
-210
-225
-223
-213
-244
-210
-156
-76
-43
127
258
361
491
711
875
905
787
555
279
130
-44
-199
-221
-167
-126
-97
-108
-154
-239
-336
-294
-230
-264
-207
-169
-149
-140
-141
-161
-172
-191
-186
-184
-204
-201
-167
-94
-34
103
131
346
419
595
811
931
887
722
469
186
52
-39
-205
-183
-153
-111
-85
-121
-209
-267
-282
-285
-268
-236
-197
-169
-158
-151
-170
-186
-183
-193
-219
-214
-219
-217
-160
-82
-44
116
212
347
451
655
855
903
803
606
329
139
-27
-197
-233
-186
-155
-123
-129
-168
-269
-311
-317
-314
-286
-245
-213
-194
-181
-186
-189
-210
-217
-220
-217
-236
-230
-204
-155
-76
-40
123
255
355
503
711
867
899
758
539
249
195
-23
-239
-223
-183
-142
-114
-131
-173
-261
-284
-284
-291
-251
-220
-183
-167
-165
-171
-189
-183
-181
-190
-213
-214
-207
-172
-105
-31
91
148
339
419
579
815
931
895
721
471
194
69
-43
-194
-171
-139
-78
-81
-113
-198
-253
-277
-253
-258
-229
-185
-168
-141
-145
-145
-169
-185
-177
-184
-185
-209
-191
-140
-76
-37
113
150
337
458
657
859
917
819
643
355
138
-17
-181
-233
-190
-134
-110
-109
-159
-245
-293
-291
-298
-279
-239
-207
-178
-158
-173
-177
-189
-219
-225
-236
-236
-247
-223
-169
-76
-29
127
238
371
530
710
867
863
739
503
212
126
-38
-226
-240
-178
-144
-126
-134
-204
-266
-291
-311
-283
-254
-223
-178
-166
-161
-181
-181
-195
-207
-213
-202
-220
-207
-173
-110
-43
81
127
286
393
547
756
911
875
719
486
212
116
-43
-220
-214
-155
-109
-105
-123
-178
-236
-257
-249
-239
-225
-178
-143
-139
-134
-139
-166
-174
-178
-172
-157
-173
-177
-140
-72
-30
118
139
295
404
575
799
918
894
737
468
187
11
-114
-236
-205
-159
-123
-115
-124
-195
-267
-286
-268
-239
-236
-201
-166
-166
-147
-155
-182
-189
-188
-198
-206
-223
-206
-161
-101
-44
75
141
299
407
578
800
873
806
644
361
143
-25
-203
-268
-218
-165
-140
-140
-172
-236
-285
-303
-310
-268
-235
-206
-170
-170
-155
-181
-204
-202
-206
-205
-199
-205
-195
-165
-97
-27
87
133
291
401
603
819
889
817
649
370
147
-20
-188
-236
-205
-163
-113
-117
-151
-213
-268
-266
-269
-246
-215
-172
-135
-134
-149
-159
-162
-174
-175
-175
-175
-167
-162
-122
-51
-34
119
207
340
419
627
834
917
835
651
419
143
-17
-156
-225
-190
-149
-121
-108
-145
-227
-253
-254
-264
-247
-206
-167
-146
-145
-151
-155
-159
-186
-182
-190
-184
-194
-174
-140
-69
-29
120
145
308
419
609
823
886
787
627
327
146
-31
-198
-247
-216
-158
-137
-137
-172
-254
-279
-300
-282
-265
-229
-203
-173
-163
-170
-173
-209
-240
-214
-204
-189
-198
-185
-140
-76
-34
65
135
267
383
553
774
867
818
644
387
136
-27
-188
-263
-229
-172
-149
-111
-155
-233
-267
-270
-266
-251
-210
-177
-158
-150
-155
-157
-162
-175
-171
-172
-156
-173
-167
-140
-61
-30
93
143
303
415
595
815
899
830
673
418
170
-15
-145
-220
-189
-138
-111
-93
-110
-191
-245
-239
-242
-216
-203
-162
-137
-134
-155
-152
-171
-176
-169
-162
-145
-171
-166
-118
-71
-26
84
126
291
399
575
795
891
820
644
399
131
-19
-175
-257
-209
-159
-137
-115
-155
-223
-280
-273
-284
-246
-223
-185
-162
-149
-174
-162
-190
-203
-193
-185
-175
-189
-197
-155
-76
-29
83
135
262
375
545
767
853
774
632
363
134
-27
-193
-268
-222
-173
-141
-133
-161
-235
-265
-286
-269
-248
-209
-198
-167
-171
-165
-178
-183
-197
-191
-177
-171
-160
-151
-129
-66
-44
99
130
302
402
587
803
875
805
639
389
155
-21
-174
-236
-209
-142
-114
-108
-136
-201
-235
-248
-236
-215
-176
-149
-122
-124
-137
-151
-155
-155
-156
-147
-135
-156
-139
-101
-39
-23
111
145
299
417
596
813
891
821
658
387
130
-19
-177
-226
-204
-150
-127
-96
-154
-204
-246
-267
-255
-242
-203
-181
-145
-146
-141
-159
-169
-195
-183
-175
-170
-156
-172
-119
-65
-42
89
134
266
381
555
781
845
769
621
351
147
-27
-207
-267
-232
-197
-139
-141
-173
-236
-276
-293
-281
-266
-223
-201
-158
-165
-169
-173
-174
-183
-176
-185
-177
-190
-165
-124
-61
-44
99
129
297
402
595
803
855
783
603
331
126
-27
-181
-243
-201
-154
-139
-123
-157
-218
-251
-257
-249
-226
-181
-149
-130
-140
-141
-154
-165
-161
-158
-149
-150
-145
-142
-83
-45
41
121
207
339
447
643
867
889
807
629
335
127
-25
-182
-236
-183
-139
-113
-106
-143
-217
-246
-239
-253
-209
-186
-174
-123
-140
-161
-154
-172
-177
-173
-165
-163
-149
-136
-93
-44
-33
114
139
314
419
628
831
863
771
581
289
135
-37
-220
-257
-203
-159
-133
-138
-183
-236
-277
-284
-282
-257
-219
-188
-168
-172
-191
-194
-195
-190
-199
-186
-202
-199
-179
-137
-49
-27
111
138
319
469
672
867
863
739
527
227
127
-30
-236
-251
-195
-155
-137
-115
-176
-241
-252
-273
-261
-239
-201
-161
-149
-142
-151
-172
-177
-190
-170
-169
-175
-174
-150
-104
-31
67
117
244
351
491
706
884
895
777
563
278
137
-44
-216
-220
-186
-134
-105
-108
-154
-204
-236
-249
-231
-205
-187
-140
-121
-131
-155
-169
-167
-157
-159
-143
-161
-157
-146
-99
-31
33
119
229
345
486
696
883
889
755
547
267
141
-43
-231
-251
-203
-142
-121
-119
-181
-247
-269
-266
-268
-241
-209
-179
-155
-157
-171
-186
-203
-213
-206
-202
-207
-203
-193
-111
-61
-43
124
138
323
486
719
865
852
691
468
227
31
-137
-269
-268
-188
-160
-141
-141
-204
-266
-282
-287
-283
-249
-204
-181
-166
-175
-172
-186
-193
-186
-190
-203
-183
-176
-156
-105
-39
38
138
241
356
498
729
889
869
731
499
219
123
-44
-236
-235
-167
-138
-119
-108
-184
-235
-259
-257
-236
-221
-195
-154
-133
-124
-140
-160
-173
-169
-166
-169
-171
-166
-141
-85
-21
97
134
289
404
564
786
911
863
696
447
167
-11
-151
-229
-204
-169
-139
-93
-108
-193
-258
-269
-282
-251
-222
-188
-162
-157
-144
-171
-186
-182
-182
-190
-173
-178
-110
-153
-93
-43
80
145
263
362
547
771
890
821
663
386
138
-35
-204
-268
-239
-209
-159
-140
-151
-222
-284
-301
-289
-278
-234
-194
-185
-159
-159
-188
-185
-199
-203
-188
-198
-191
-174
-141
-76
-37
87
127
276
399
571
800
879
799
643
374
137
-43
-189
-251
-209
-165
-135
-109
-129
-208
-245
-278
-278
-246
-209
-178
-142
-134
-147
-159
-156
-161
-172
-169
-142
-149
-138
-95
-41
-9
121
141
316
459
667
847
909
821
627
353
133
-18
-185
-232
-198
-147
-94
-118
-139
-223
-251
-258
-268
-238
-172
-171
-155
-133
-156
-166
-177
-185
-188
-183
-169
-175
-154
-109
-44
-12
105
148
306
475
670
857
852
742
533
246
129
-44
-233
-257
-200
-140
-121
-126
-174
-249
-289
-293
-293
-259
-221
-173
-158
-169
-172
-189
-202
-205
-210
-207
-201
-206
-178
-117
-42
-2
123
227
367
504
730
851
819
699
447
167
-11
-172
-247
-233
-177
-147
-113
-129
-195
-267
-268
-285
-257
-231
-169
-169
-145
-156
-143
-172
-181
-182
-186
-177
-199
-155
-134
-59
-47
89
149
276
394
561
811
913
848
692
411
163
-6
-149
-229
-193
-134
-99
-85
-107
-181
-233
-253
-238
-235
-194
-165
-143
-124
-131
-162
-161
-176
-169
-178
-171
-166
-153
-115
-51
-40
97
133
315
419
611
851
899
803
632
351
143
-25
-194
-245
-217
-146
-122
-99
-141
-220
-265
-268
-271
-248
-207
-175
-147
-142
-181
-183
-198
-204
-203
-177
-197
-204
-187
-144
-75
-34
113
131
322
455
660
843
835
735
523
227
127
-45
-241
-257
-187
-149
-109
-122
-175
-236
-285
-281
-290
-253
-210
-172
-146
-151
-172
-172
-203
-199
-202
-191
-191
-174
-146
-94
-37
47
127
241
352
483
693
865
875
738
511
228
134
-29
-227
-219
-175
-127
-83
-95
-155
-230
-255
-239
-236
-207
-165
-134
-121
-133
-142
-142
-160
-159
-172
-153
-173
-154
-135
-79
-37
94
131
292
401
562
773
907
857
711
458
179
6
-123
-220
-205
-149
-124
-86
-111
-183
-255
-271
-263
-249
-207
-173
-146
-140
-156
-167
-177
-191
-187
-195
-191
-185
-190
-146
-93
-44
83
144
291
403
581
799
875
800
633
351
145
-38
-213
-259
-227
-169
-140
-127
-153
-225
-277
-294
-275
-263
-236
-192
-170
-172
-178
-186
-198
-205
-199
-203
-188
-214
-207
-157
-76
-42
103
148
311
419
631
839
879
791
603
317
131
-49
-220
-236
-189
-136
-106
-101
-165
-230
-267
-267
-262
-241
-193
-156
-138
-124
-149
-157
-181
-184
-185
-166
-156
-172
-154
-118
-33
23
131
243
343
497
705
906
911
803
596
297
139
-22
-194
-216
-172
-122
-81
-94
-139
-230
-251
-273
-257
-225
-189
-151
-130
-124
-150
-165
-181
-191
-188
-189
-194
-186
-166
-122
-44
22
129
243
372
523
735
899
889
756
523
227
114
-47
-236
-252
-198
-143
-111
-117
-194
-257
-287
-297
-281
-253
-197
-187
-165
-170
-185
-185
-209
-227
-207
-209
-236
-234
-198
-137
-46
-13
126
274
372
545
753
893
851
718
463
173
-24
-151
-246
-236
-186
-147
-109
-146
-210
-262
-275
-282
-259
-235
-174
-157
-151
-161
-177
-190
-187
-191
-198
-181
-186
-189
-145
-82
-30
91
146
299
401
577
799
931
918
747
486
205
26
-75
-217
-219
-158
-122
-85
-93
-173
-240
-257
-254
-253
-199
-161
-140
-114
-140
-152
-170
-179
-182
-197
-202
-207
-186
-165
-102
-33
103
133
318
419
607
819
931
875
699
419
151
-23
-177
-242
-225
-163
-133
-109
-141
-220
-266
-289
-288
-268
-235
-197
-172
-159
-187
-178
-191
-213
-209
-215
-221
-230
-218
-181
-102
-34
75
139
294
419
596
809
915
835
649
370
147
-45
-220
-283
-236
-173
-142
-139
-173
-246
-284
-282
-300
-269
-249
-209
-181
-161
-163
-185
-201
-198
-215
-209
-226
-220
-201
-156
-72
-31
116
210
340
470
662
853
916
825
638
334
131
-29
-213
-226
-194
-172
-119
-117
-149
-236
-261
-263
-268
-238
-191
-160
-140
-136
-157
-163
-183
-181
-174
-177
-185
-169
-167
-113
-53
-27
123
254
363
489
691
894
931
841
623
339
147
-41
-204
-248
-201
-162
-121
-123
-170
-235
-272
-276
-268
-249
-219
-179
-155
-156
-171
-177
-203
-193
-203
-205
-219
-229
-204
-156
-69
-27
118
231
350
486
699
871
907
778
561
275
148
-41
-253
-247
-215
-172
-137
-143
-205
-273
-295
-293
-295
-263
-236
-197
-174
-172
-189
-191
-204
-199
-205
-203
-207
-215
-177
-155
-75
-23
126
251
357
511
725
906
913
766
539
255
137
-41
-261
-242
-204
-145
-114
-124
-185
-245
-287
-277
-269
-223
-193
-155
-134
-128
-159
-157
-162
-188
-189
-178
-200
-202
-149
-95
-38
90
138
339
451
617
837
970
929
756
499
209
85
-41
-210
-213
-152
-117
-101
-118
-187
-251
-266
-268
-245
-215
-179
-134
-121
-149
-153
-165
-161
-187
-186
-192
-172
-192
-157
-65
-42
110
133
327
443
613
837
927
854
663
377
146
-12
-188
-268
-215
-181
-133
-129
-153
-235
-285
-295
-300
-270
-204
-204
-172
-165
-176
-188
-203
-205
-217
-206
-215
-221
-205
-171
-106
-34
110
138
353
497
683
884
916
803
595
308
148
-41
-213
-261
-193
-162
-126
-121
-189
-263
-269
-282
-268
-253
-216
-161
-153
-145
-160
-165
-171
-191
-188
-218
-183
-201
-166
-121
-40
62
134
295
395
551
763
931
915
763
535
229
137
-43
-210
-223
-172
-124
-111
-111
-172
-240
-249
-261
-225
-206
-165
-123
-126
-130
-157
-157
-167
-177
-183
-186
-191
-185
-140
-85
-27
117
131
311
447
617
835
931
867
689
419
162
-23
-182
-258
-232
-179
-140
-137
-163
-223
-270
-275
-268
-255
-220
-183
-156
-165
-166
-189
-189
-204
-220
-213
-220
-216
-201
-167
-73
-38
98
147
309
451
667
837
871
769
566
279
135
-42
-236
-278
-229
-193
-161
-163
-194
-257
-289
-280
-275
-249
-209
-190
-165
-163
-183
-187
-201
-206
-197
-204
-215
-203
-193
-137
-53
-23
124
259
366
513
735
907
854
731
497
219
124
-33
-221
-229
-204
-156
-124
-124
-191
-245
-253
-268
-235
-204
-165
-150
-142
-143
-146
-153
-156
-167
-169
-170
-172
-175
-146
-76
-43
110
139
313
419
595
803
923
854
682
419
171
1
-139
-221
-209
-165
-129
-110
-150
-209
-255
-266
-270
-236
-187
-173
-151
-145
-159
-156
-169
-182
-198
-195
-195
-205
-176
-149
-65
-33
102
145
325
465
651
843
863
765
566
291
131
-53
-213
-244
-215
-173
-154
-143
-182
-251
-284
-300
-283
-241
-217
-178
-172
-169
-181
-179
-193
-192
-195
-213
-213
-198
-183
-121
-30
-27
117
257
371
530
724
884
841
713
481
214
117
-27
-225
-225
-179
-138
-126
-145
-197
-238
-267
-249
-246
-209
-172
-150
-137
-153
-150
-166
-162
-173
-165
-176
-177
-166
-140
-64
-39
81
131
299
409
579
809
905
875
719
459
179
47
-26
-221
-189
-146
-123
-101
-132
-204
-233
-253
-257
-219
-190
-142
-140
-106
-143
-156
-145
-166
-181
-170
-172
-177
-163
-140
-76
-27
85
138
281
399
587
802
875
806
641
375
141
-17
-185
-236
-226
-172
-134
-111
-157
-219
-259
-280
-275
-247
-199
-165
-152
-159
-166
-186
-187
-185
-195
-182
-188
-197
-183
-146
-101
-41
59
131
271
374
585
802
823
747
596
323
135
-30
-199
-245
-209
-161
-149
-129
-157
-225
-251
-251
-248
-231
-173
-144
-123
-134
-153
-164
-182
-183
-177
-159
-168
-172
-156
-124
-44
-33
90
134
295
417
627
819
853
767
581
323
138
-33
-179
-217
-177
-137
-105
-81
-134
-177
-210
-225
-222
-189
-140
-123
-107
-111
-124
-146
-150
-167
-156
-146
-153
-140
-133
-93
-44
-29
87
133
282
419
597
800
861
751
583
319
131
-13
-179
-240
-200
-162
-133
-108
-142
-210
-236
-241
-265
-206
-191
-135
-113
-141
-155
-177
-195
-197
-191
-174
-172
-171
-156
-124
-73
-32
69
134
243
358
558
769
794
731
555
288
133
-26
-213
-255
-231
-185
-143
-129
-158
-232
-254
-267
-248
-231
-170
-154
-143
-143
-172
-189
-192
-197
-188
-172
-162
-172
-147
-109
-54
-41
71
119
257
372
564
777
831
756
589
311
138
-37
-194
-247
-204
-142
-108
-93
-109
-194
-207
-241
-239
-204
-150
-94
-99
-95
-130
-145
-157
-157
-155
-141
-142
-129
-124
-76
-37
-44
84
135
274
379
578
791
859
785
615
359
122
-12
-174
-227
-199
-149
-117
-103
-124
-186
-210
-223
-227
-213
-169
-124
-107
-115
-143
-165
-184
-179
-186
-172
-171
-166
-133
-99
-62
-29
54
124
142
323
479
719
817
766
633
399
155
-17
-177
-254
-246
-179
-142
-135
-140
-206
-249
-256
-279
-254
-205
-172
-145
-142
-154
-178
-204
-209
-194
-197
-178
-169
-166
-122
-74
-17
-26
98
131
293
419
663
803
788
675
460
198
55
-44
-235
-234
-181
-145
-117
-124
-174
-241
-220
-234
-236
-182
-156
-122
-111
-135
-159
-165
-175
-159
-172
-161
-151
-151
-113
-50
-41
42
121
131
293
419
643
821
834
741
550
271
137
-27
-198
-221
-167
-142
-108
-96
-143
-215
-218
-233
-225
-197
-152
-108
-111
-124
-137
-154
-172
-172
-161
-159
-157
-147
-124
-117
-34
-25
90
127
259
394
591
791
819
743
558
299
142
-34
-218
-247
-204
-156
-124
-121
-157
-210
-248
-230
-241
-214
-185
-171
-154
-161
-172
-176
-185
-194
-189
-195
-197
-188
-157
-111
-47
-38
65
128
173
341
543
741
795
739
596
340
129
-27
-204
-256
-227
-175
-146
-126
-156
-214
-236
-238
-247
-209
-178
-152
-127
-139
-153
-161
-172
-182
-156
-163
-155
-151
-140
-107
-49
-27
85
146
251
351
551
751
821
783
641
393
159
-6
-145
-213
-203
-147
-110
-79
-123
-182
-218
-220
-215
-199
-162
-134
-113
-104
-130
-140
-154
-166
-150
-155
-156
-138
-129
-93
-44
-38
91
138
249
355
515
719
846
820
679
419
177
19
-46
-214
-219
-182
-135
-118
-126
-204
-214
-236
-242
-219
-172
-159
-134
-141
-140
-167
-185
-181
-187
-172
-175
-171
-158
-139
-73
-45
31
121
135
313
477
687
814
771
639
418
165
-5
-151
-268
-234
-190
-161
-138
-150
-204
-246
-239
-249
-235
-203
-172
-151
-140
-158
-181
-197
-190
-189
-181
-182
-172
-162
-135
-62
-37
71
116
193
342
491
727
831
788
657
451
186
41
-59
-208
-221
-158
-129
-117
-130
-186
-238
-229
-229
-210
-162
-155
-123
-101
-127
-140
-157
-165
-157
-150
-157
-138
-127
-109
-44
-42
97
132
262
359
526
761
856
819
695
453
193
82
-27
-213
-172
-158
-124
-111
-139
-198
-240
-236
-236
-204
-189
-145
-140
-127
-156
-156
-162
-182
-172
-165
-171
-179
-167
-121
-74
-43
66
124
235
345
527
724
819
784
663
417
163
-13
-166
-249
-229
-193
-156
-152
-172
-235
-251
-261
-262
-235
-207
-171
-166
-158
-183
-190
-198
-208
-200
-189
-172
-173
-153
-121
-65
-29
65
126
227
345
521
702
820
787
647
419
173
17
-77
-241
-199
-166
-167
-133
-147
-207
-236
-245
-245
-221
-197
-156
-140
-127
-145
-142
-172
-172
-174
-168
-157
-165
-153
-93
-41
-26
103
141
287
404
597
820
854
803
646
389
148
-4
-123
-203
-172
-140
-117
-98
-144
-191
-239
-232
-236
-197
-162
-143
-127
-138
-137
-149
-171
-166
-171
-174
-172
-156
-143
-83
-42
19
113
137
299
419
631
806
825
755
566
299
135
-15
-179
-236
-201
-145
-151
-143
-186
-251
-241
-242
-241
-227
-189
-178
-145
-173
-180
-184
-204
-201
-177
-181
-189
-193
-172
-122
-50
-30
129
174
319
483
689
811
792
695
469
208
127
-27
-245
-214
-178
-174
-144
-168
-215
-259
-261
-256
-236
-209
-171
-151
-133
-158
-160
-171
-177
-172
-177
-175
-170
-165
-117
-62
-29
89
131
286
395
573
782
875
802
659
401
165
3
-33
-200
-190
-150
-117
-108
-138
-213
-230
-226
-223
-193
-165
-130
-124
-123
-127
-156
-155
-159
-167
-146
-156
-153
-141
-82
-37
55
126
245
342
475
691
847
854
751
547
261
135
-27
-174
-210
-165
-147
-142
-135
-189
-236
-251
-257
-233
-204
-170
-139
-156
-150
-161
-175
-185
-188
-185
-177
-166
-173
-139
-85
-31
83
118
243
343
503
721
835
791
659
418
170
3
-149
-238
-236
-191
-159
-172
-188
-241
-267
-277
-267
-236
-197
-181
-146
-169
-172
-180
-175
-186
-177
-177
-177
-188
-154
-117
-61
-21
115
195
321
463
665
843
852
751
565
289
131
-31
-194
-220
-179
-149
-119
-137
-193
-251
-235
-252
-218
-207
-169
-129
-129
-130
-140
-146
-157
-158
-147
-153
-153
-141
-93
-40
-12
118
139
291
409
595
806
891
835
670
419
177
18
-34
-206
-214
-167
-133
-109
-157
-223
-253
-236
-236
-222
-194
-155
-140
-139
-151
-161
-162
-168
-171
-157
-165
-167
-145
-96
-21
77
121
244
351
497
707
839
825
722
501
236
127
-37
-216
-245
-199
-169
-161
-163
-234
-275
-285
-286
-246
-236
-205
-172
-162
-178
-190
-175
-193
-199
-197
-188
-173
-170
-121
-39
-35
117
133
282
387
579
802
859
779
599
355
135
-31
-178
-249
-213
-167
-161
-139
-169
-244
-268
-268
-236
-218
-187
-172
-146
-144
-165
-156
-159
-163
-156
-172
-159
-142
-126
-93
-34
91
137
285
394
555
788
895
869
722
473
222
131
-33
-204
-205
-157
-135
-121
-124
-215
-254
-246
-231
-227
-186
-159
-149
-140
-149
-149
-165
-159
-161
-156
-155
-160
-145
-111
-37
82
138
257
358
489
689
867
859
761
537
275
122
-29
-199
-234
-201
-169
-149
-149
-215
-271
-282
-296
-254
-220
-197
-172
-153
-167
-179
-175
-197
-189
-203
-194
-204
-189
-145
-74
-37
100
134
313
415
615
803
843
787
601
321
155
-19
-195
-235
-215
-174
-162
-167
-191
-262
-291
-279
-268
-243
-203
-177
-166
-158
-165
-167
-185
-183
-191
-182
-173
-172
-146
-69
-29
116
133
308
411
590
800
889
831
673
409
169
-5
-73
-217
-206
-164
-124
-119
-169
-227
-263
-251
-233
-205
-191
-165
-127
-131
-137
-140
-147
-161
-155
-146
-161
-156
-118
-59
-30
105
133
289
375
547
759
890
867
745
520
242
136
-38
-207
-232
-178
-146
-135
-145
-207
-262
-281
-266
-236
-221
-165
-168
-147
-162
-161
-171
-157
-189
-183
-182
-153
-169
-109
-42
-5
131
241
338
479
683
851
850
725
531
238
134
-37
-233
-262
-222
-183
-161
-173
-236
-289
-306
-298
-273
-251
-206
-201
-172
-171
-203
-202
-188
-199
-193
-187
-181
-161
-126
-50
-42
119
231
341
469
666
843
869
773
575
294
133
-22
-198
-230
-204
-157
-142
-135
-189
-280
-275
-268
-259
-226
-193
-161
-154
-144
-159
-171
-171
-173
-166
-161
-160
-139
-102
-39
15
127
244
341
463
649
853
899
827
634
356
138
-18
-163
-210
-205
-151
-133
-137
-174
-245
-287
-268
-249
-230
-179
-161
-147
-151
-149
-166
-170
-177
-170
-169
-178
-157
-137
-73
-39
124
148
340
450
628
825
891
790
613
343
137
-33
-179
-249
-223
-173
-171
-150
-189
-269
-302
-303
-283
-255
-215
-201
-183
-172
-186
-204
-199
-217
-209
-197
-201
-175
-153
-96
-37
91
143
293
395
578
777
867
803
629
362
148
-13
-163
-245
-221
-175
-172
-154
-185
-269
-294
-285
-267
-236
-209
-175
-149
-153
-163
-171
-189
-178
-172
-185
-189
-173
-140
-70
-37
118
138
311
419
582
803
903
831
679
399
159
-23
-94
-225
-204
-156
-129
-129
-159
-221
-268
-273
-255
-220
-193
-157
-138
-126
-147
-156
-162
-172
-163
-158
-157
-158
-137
-77
-35
105
138
304
399
555
788
911
849
690
419
168
11
-78
-222
-234
-178
-151
-146
-175
-238
-283
-300
-275
-252
-218
-183
-172
-159
-162
-188
-193
-193
-197
-178
-175
-186
-145
-109
-44
54
131
277
386
532
750
875
820
682
411
144
-15
-167
-242
-258
-202
-188
-179
-190
-254
-321
-321
-300
-268
-236
-204
-181
-168
-170
-179
-192
-201
-188
-190
-204
-187
-172
-122
-43
79
148
281
403
535
756
899
867
722
479
195
53
-44
-205
-230
-193
-165
-147
-155
-233
-289
-300
-268
-249
-216
-190
-160
-143
-145
-153
-170
-172
-174
-170
-161
-154
-146
-86
-43
97
127
323
405
561
779
915
891
747
499
215
116
-39
-214
-236
-186
-155
-145
-156
-231
-287
-302
-290
-268
-235
-194
-174
-150
-169
-172
-182
-198
-189
-205
-176
-184
-161
-123
-37
57
146
273
387
523
733
899
879
756
502
225
121
-34
-221
-263
-218
-172
-173
-183
-242
-318
-329
-323
-300
-248
-219
-198
-172
-174
-191
-203
-204
-223
-219
-206
-202
-166
-135
-49
-13
134
259
355
506
715
889
897
791
565
282
131
-37
-215
-246
-205
-166
-147
-166
-212
-270
-301
-293
-263
-241
-206
-163
-156
-156
-161
-171
-181
-187
-175
-172
-167
-145
-103
-39
65
128
283
375
532
722
931
987
883
651
357
138
-15
-140
-203
-189
-149
-131
-129
-169
-257
-284
-268
-269
-236
-199
-167
-140
-139
-157
-157
-172
-170
-185
-173
-167
-153
-111
-46
-19
129
263
370
503
679
885
959
851
628
347
131
-27
-197
-242
-229
-185
-163
-155
-210
-289
-314
-312
-300
-281
-236
-205
-179
-172
-177
-195
-204
-209
-217
-213
-215
-210
-158
-113
-34
107
134
311
419
615
834
920
835
639
347
144
-27
-185
-269
-242
-204
-172
-172
-218
-285
-337
-338
-315
-285
-255
-209
-189
-177
-186
-197
-204
-206
-220
-222
-208
-201
-158
-76
-38
117
135
327
462
618
847
971
893
718
419
167
-2
-118
-221
-221
-186
-151
-144
-172
-252
-302
-301
-281
-253
-230
-184
-167
-150
-141
-158
-171
-187
-187
-193
-177
-174
-124
-76
-42
111
159
340
451
609
827
963
916
754
483
199
58
-51
-222
-227
-204
-160
-147
-197
-268
-306
-332
-319
-284
-253
-216
-185
-183
-189
-191
-190
-214
-223
-217
-216
-203
-159
-97
-42
36
130
273
386
553
748
919
916
761
507
222
114
-29
-240
-284
-239
-192
-171
-200
-260
-332
-358
-348
-331
-283
-229
-198
-183
-188
-203
-204
-206
-229
-226
-220
-198
-198
-139
-61
-25
134
259
373
515
711
907
951
819
581
295
133
-44
-218
-249
-204
-175
-161
-162
-213
-301
-326
-315
-307
-266
-210
-188
-167
-154
-185
-172
-186
-213
-214
-199
-172
-166
-110
-42
52
133
289
399
532
741
951
961
884
639
340
136
-12
-174
-215
-178
-153
-133
-135
-204
-274
-323
-307
-300
-273
-220
-181
-156
-165
-172
-187
-191
-204
-218
-213
-198
-189
-121
-61
-39
119
223
345
473
667
885
983
873
675
372
135
-29
-197
-258
-230
-199
-160
-167
-198
-289
-333
-347
-318
-300
-259
-201
-189
-195
-202
-235
-236
-226
-238
-236
-221
-226
-175
-109
-26
83
139
291
417
601
827
959
891
702
419
164
-13
-172
-264
-257
-195
-165
-154
-205
-261
-313
-333
-321
-288
-236
-214
-174
-169
-173
-205
-204
-204
-223
-221
-206
-181
-161
-95
-57
59
139
276
385
553
758
969
963
820
562
258
130
-23
-213
-236
-198
-149
-121
-140
-195
-268
-291
-291
-272
-245
-193
-161
-151
-158
-163
-175
-194
-194
-204
-191
-183
-172
-111
-41
-19
117
226
345
472
683
915
979
875
651
351
129
-23
-189
-231
-219
-169
-140
-140
-190
-259
-316
-316
-296
-282
-236
-197
-166
-158
-177
-210
-221
-219
-212
-207
-191
-176
-167
-107
-27
20
132
253
377
535
771
927
889
715
465
176
-9
-140
-243
-270
-204
-171
-153
-165
-234
-302
-329
-315
-299
-262
-210
-187
-171
-189
-209
-233
-236
-223
-231
-198
-190
-171
-138
-46
-37
84
141
307
419
642
879
959
843
643
355
134
-27
-203
-238
-204
-167
-140
-124
-166
-243
-287
-294
-297
-262
-233
-174
-134
-146
-161
-177
-197
-203
-175
-184
-172
-161
-117
-69
-44
83
133
242
385
547
789
963
931
774
531
223
116
-45
-221
-245
-177
-137
-109
-135
-194
-268
-302
-299
-273
-251
-193
-165
-146
-143
-183
-222
-219
-218
-203
-201
-181
-166
-138
-65
-30
94
138
299
451
651
869
918
803
626
334
130
-44
-203
-269
-236
-185
-157
-140
-204
-282
-321
-335
-315
-291
-253
-204
-181
-186
-193
-210
-236
-236
-235
-229
-217
-197
-157
-96
-37
-22
115
143
322
471
694
891
907
761
531
244
139
-50
-233
-259
-204
-171
-124
-137
-186
-263
-302
-299
-286
-256
-203
-172
-159
-162
-171
-170
-209
-221
-207
-173
-159
-153
-108
-62
21
86
123
264
402
587
823
955
875
726
419
174
3
-57
-231
-226
-162
-121
-108
-133
-199
-262
-281
-282
-253
-223
-188
-153
-140
-149
-170
-191
-217
-203
-198
-172
-153
-142
-102
-31
-29
111
144
319
467
670
883
926
807
597
311
134
-29
-204
-252
-204
-170
-140
-141
-191
-258
-288
-300
-300
-268
-232
-188
-165
-162
-190
-214
-222
-234
-233
-217
-191
-172
-150
-108
-29
-23
87
137
302
463
699
881
879
757
518
227
100
-44
-240
-263
-204
-172
-156
-152
-207
-267
-299
-302
-303
-269
-235
-173
-154
-149
-172
-202
-209
-215
-194
-178
-172
-153
-126
-54
-43
66
131
244
379
579
815
953
871
703
419
171
-10
-156
-236
-219
-169
-127
-108
-130
-200
-246
-268
-257
-267
-207
-170
-126
-126
-113
-160
-170
-179
-193
-178
-156
-157
-139
-78
-35
-6
91
142
295
419
644
883
963
847
635
339
145
-27
-183
-236
-205
-170
-133
-119
-170
-236
-277
-285
-280
-278
-230
-179
-151
-137
-161
-181
-200
-209
-205
-191
-204
-181
-158
-108
-48
-29
100
133
305
467
696
895
897
757
520
233
123
-37
-249
-275
-229
-178
-155
-141
-219
-258
-303
-302
-287
-268
-233
-172
-151
-159
-173
-204
-221
-210
-229
-220
-198
-175
-130
-75
-53
53
118
148
347
515
765
907
897
743
463
199
15
-93
-220
-236
-187
-145
-118
-122
-194
-245
-282
-261
-249
-233
-183
-152
-140
-133
-159
-178
-191
-186
-178
-174
-162
-130
-97
-29
0
90
148
259
373
575
803
950
902
727
457
184
35
-49
-219
-232
-181
-140
-117
-137
-194
-254
-271
-282
-268
-225
-193
-146
-145
-138
-167
-197
-197
-204
-189
-189
-168
-157
-98
-49
-30
84
123
245
355
562
795
921
871
690
405
151
-21
-183
-255
-236
-203
-159
-169
-168
-230
-291
-305
-297
-285
-248
-217
-178
-172
-181
-194
-218
-236
-233
-215
-209
-198
-177
-113
-62
-44
79
123
239
369
579
799
895
839
639
373
139
-30
-181
-263
-233
-186
-138
-143
-172
-218
-269
-274
-283
-270
-225
-171
-157
-135
-165
-175
-197
-202
-204
-185
-173
-157
-143
-85
-37
-15
98
131
276
409
623
852
955
869
681
395
146
-19
-157
-221
-202
-161
-124
-110
-149
-203
-243
-252
-254
-249
-206
-172
-134
-138
-145
-153
-189
-201
-189
-171
-163
-157
-146
-93
-42
-31
89
133
261
387
615
843
917
827
647
365
134
-22
-185
-246
-215
-175
-137
-133
-160
-235
-277
-290
-277
-268
-234
-193
-162
-144
-150
-201
-228
-214
-217
-208
-195
-174
-156
-108
-45
-27
39
110
135
351
541
763
889
821
659
371
133
-27
-198
-257
-248
-205
-167
-143
-170
-235
-273
-284
-300
-269
-234
-200
-171
-140
-165
-181
-190
-213
-207
-198
-175
-165
-151
-104
-41
-34
71
129
226
361
549
787
918
891
707
419
179
-1
-166
-235
-221
-170
-139
-124
-140
-197
-244
-265
-246
-241
-223
-175
-140
-121
-135
-146
-171
-173
-172
-171
-159
-140
-127
-77
-43
-21
73
117
226
340
539
771
915
893
727
473
196
22
-108
-239
-233
-193
-157
-140
-128
-219
-259
-270
-277
-252
-251
-185
-160
-131
-139
-167
-188
-191
-203
-204
-186
-183
-170
-114
-51
-39
51
111
131
337
521
747
887
843
699
419
175
-12
-181
-273
-263
-218
-190
-158
-172
-238
-278
-298
-300
-302
-255
-209
-172
-149
-139
-181
-204
-216
-205
-207
-199
-172
-153
-101
-44
-37
37
103
147
314
483
707
884
883
769
506
227
127
-44
-230
-238
-223
-157
-144
-155
-197
-240
-267
-257
-257
-246
-193
-140
-121
-117
-138
-159
-171
-192
-165
-150
-131
-135
-86
-49
-25
68
119
195
330
486
724
916
931
793
555
271
137
-33
-221
-243
-204
-141
-133
-133
-173
-231
-247
-251
-265
-248
-207
-166
-136
-124
-140
-174
-191
-176
-187
-187
-169
-145
-118
-44
-27
46
111
127
282
451
673
869
907
789
566
281
129
-53
-226
-247
-230
-203
-156
-153
-194
-261
-287
-285
-284
-274
-210
-181
-165
-145
-172
-190
-204
-208
-209
-205
-193
-186
-146
-76
-37
-11
96
135
271
410
626
825
907
791
611
315
127
-43
-210
-259
-234
-193
-155
-140
-184
-236
-268
-269
-267
-255
-210
-185
-145
-145
-156
-157
-190
-172
-177
-178
-172
-154
-111
-47
-34
51
99
138
295
419
643
869
958
867
683
386
148
-23
-177
-236
-204
-161
-126
-113
-137
-221
-239
-245
-253
-236
-215
-155
-133
-119
-131
-151
-183
-183
-173
-166
-165
-139
-138
-76
-42
22
93
116
275
399
607
839
931
855
659
375
141
-27
-201
-246
-218
-174
-156
-140
-170
-236
-283
-281
-278
-273
-234
-197
-156
-140
-155
-186
-205
-215
-201
-197
-195
-171
-140
-74
-27
-30
36
107
139
329
505
751
897
869
711
455
179
-17
-172
-261
-261
-214
-175
-154
-156
-218
-267
-284
-297
-268
-246
-195
-150
-128
-131
-159
-182
-183
-200
-185
-189
-185
-154
-105
-33
-39
79
137
235
367
564
795
955
903
743
468
203
13
-156
-236
-235
-176
-140
-113
-139
-190
-226
-243
-255
-238
-209
-156
-133
-121
-118
-137
-158
-179
-171
-162
-141
-141
-123
-85
-27
-17
79
134
249
357
519
767
931
915
778
523
244
133
-44
-236
-245
-200
-141
-123
-143
-197
-246
-268
-273
-268
-249
-204
-154
-131
-138
-157
-191
-193
-187
-189
-177
-172
-166
-114
-61
-33
43
116
148
328
486
724
884
886
754
504
218
111
-124
-255
-272
-222
-189
-155
-167
-210
-284
-295
-309
-284
-236
-210
-171
-145
-143
-163
-193
-201
-204
-199
-183
-161
-157
-109
-59
-33
41
91
130
305
419
698
885
921
818
595
297
143
-43
-236
-268
-217
-169
-140
-137
-167
-236
-267
-267
-258
-247
-201
-156
-127
-108
-131
-169
-177
-165
-169
-156
-150
-156
-108
-44
-41
75
122
228
331
497
735
927
955
819
578
303
139
-27
-219
-241
-195
-161
-130
-115
-167
-225
-252
-269
-268
-251
-201
-170
-119
-124
-139
-173
-185
-204
-189
-178
-172
-159
-134
-62
-34
50
116
130
308
465
687
891
907
789
564
281
142
-43
-254
-255
-239
-181
-156
-155
-194
-268
-291
-284
-303
-268
-230
-202
-165
-142
-171
-191
-215
-203
-204
-191
-190
-166
-135
-93
-35
19
105
148
293
419
672
873
907
790
564
282
145
-37
-249
-257
-231
-188
-131
-139
-175
-236
-285
-271
-268
-241
-222
-173
-145
-114
-161
-169
-187
-181
-184
-175
-169
-142
-122
-54
-35
57
122
155
331
499
731
931
931
839
569
286
134
-44
-204
-231
-188
-145
-110
-117
-160
-232
-265
-263
-266
-236
-195
-140
-138
-127
-140
-172
-187
-188
-181
-175
-158
-156
-127
-45
-33
64
115
138
303
465
675
884
915
799
564
273
124
-31
-236
-261
-217
-170
-131
-130
-188
-249
-269
-291
-297
-266
-209
-172
-139
-140
-171
-193
-204
-215
-218
-204
-199
-186
-142
-93
-41
-23
100
145
279
419
657
851
899
774
538
259
135
-35
-238
-255
-222
-179
-141
-150
-190
-265
-286
-290
-297
-261
-221
-166
-147
-146
-149
-174
-204
-197
-204
-189
-172
-156
-130
-65
-47
45
116
148
308
463
696
910
931
803
574
273
135
-44
-225
-242
-184
-141
-103
-106
-162
-232
-253
-261
-263
-248
-204
-156
-111
-109
-135
-158
-171
-175
-162
-166
-154
-140
-82
-43
-42
61
114
138
308
470
687
887
931
791
565
287
129
-33
-214
-255
-199
-153
-123
-127
-165
-241
-268
-269
-290
-268
-207
-177
-133
-139
-161
-179
-198
-202
-194
-202
-171
-145
-117
-51
-27
23
72
130
251
405
629
835
898
793
575
287
139
-31
-236
-291
-238
-182
-154
-141
-177
-259
-290
-300
-300
-289
-247
-182
-157
-146
-151
-178
-191
-209
-209
-197
-199
-176
-130
-67
-45
45
118
143
305
451
687
899
907
774
546
249
147
-40
-234
-249
-198
-155
-123
-126
-171
-233
-273
-269
-267
-247
-197
-169
-136
-113
-131
-157
-171
-167
-169
-150
-140
-128
-76
-45
-32
65
136
133
301
419
675
891
931
811
592
315
134
-27
-207
-238
-204
-167
-124
-111
-156
-231
-268
-236
-273
-255
-231
-163
-141
-128
-146
-166
-176
-178
-179
-163
-163
-156
-134
-65
-40
32
107
142
287
447
660
879
905
782
558
265
129
-33
-236
-273
-223
-160
-134
-137
-197
-267
-294
-291
-300
-297
-236
-206
-165
-140
-162
-185
-204
-204
-205
-194
-203
-165
-139
-65
-29
49
111
135
295
499
705
882
875
735
491
223
110
-42
-249
-247
-198
-149
-127
-129
-188
-246
-268
-281
-285
-265
-223
-167
-147
-121
-140
-169
-177
-186
-168
-172
-151
-151
-107
-54
-41
64
117
139
331
499
724
909
919
777
542
231
133
-40
-214
-236
-167
-129
-113
-107
-165
-223
-257
-266
-269
-267
-204
-155
-127
-111
-150
-159
-170
-189
-226
-146
-151
-137
-101
-45
-34
73
127
137
323
515
763
903
858
717
465
191
-10
-139
-227
-236
-198
-149
-134
-140
-205
-268
-285
-277
-293
-268
-210
-174
-140
-153
-175
-186
-202
-215
-213
-189
-201
-167
-135
-66
-30
55
114
129
333
527
767
871
811
649
374
135
-21
-195
-259
-247
-194
-149
-138
-153
-234
-268
-284
-290
-285
-253
-205
-155
-135
-142
-171
-174
-188
-186
-172
-172
-150
-131
-85
-47
-27
84
123
241
377
566
811
899
839
653
372
136
-26
-174
-249
-205
-157
-118
-101
-151
-216
-245
-253
-261
-247
-213
-170
-124
-109
-115
-142
-158
-154
-163
-159
-145
-150
-111
-65
-35
46
113
134
281
407
628
851
926
815
611
339
129
-30
-192
-234
-204
-162
-139
-108
-159
-236
-270
-279
-277
-275
-223
-174
-139
-140
-143
-179
-188
-194
-197
-177
-186
-178
-141
-81
-29
-10
98
146
266
419
639
841
865
743
531
251
135
-32
-253
-278
-230
-179
-139
-153
-202
-268
-299
-297
-305
-286
-221
-182
-155
-144
-169
-178
-183
-198
-201
-197
-197
-174
-141
-65
-29
43
109
143
307
494
724
886
873
737
481
189
84
-41
-226
-231
-189
-153
-124
-127
-193
-265
-281
-283
-264
-246
-197
-151
-117
-133
-141
-159
-171
-167
-140
-172
-141
-117
-73
-37
-5
83
135
244
349
520
767
918
891
725
459
199
53
-33
-235
-221
-177
-140
-109
-123
-199
-247
-268
-279
-268
-236
-183
-156
-109
-124
-154
-166
-185
-188
-184
-163
-167
-139
-83
-33
-27
101
132
249
369
564
791
883
819
628
351
145
-25
-185
-261
-242
-189
-157
-137
-173
-253
-299
-300
-302
-303
-251
-199
-170
-151
-154
-183
-187
-206
-207
-197
-192
-195
-157
-95
-41
-29
103
131
293
449
675
854
847
731
503
219
129
-44
-234
-236
-201
-159
-149
-131
-204
-265
-271
-277
-279
-241
-189
-165
-129
-129
-153
-172
-175
-179
-182
-161
-149
-137
-85
-41
-35
71
137
194
323
523
744
895
871
721
454
191
134
-41
-217
-205
-153
-117
-94
-133
-177
-239
-255
-261
-257
-220
-177
-123
-122
-121
-147
-147
-162
-173
-168
-158
-137
-140
-93
-37
1
91
142
262
402
596
814
879
786
599
315
131
-46
-187
-238
-205
-172
-134
-82
-184
-236
-271
-273
-284
-262
-230
-176
-151
-141
-150
-183
-190
-204
-201
-189
-178
-172
-138
-93
-44
-17
85
119
267
409
651
833
818
713
499
213
120
-41
-241
-255
-201
-169
-140
-138
-204
-253
-281
-284
-289
-274
-209
-167
-140
-133
-149
-161
-185
-181
-172
-166
-159
-133
-93
-38
-34
75
126
168
331
517
751
865
827
682
410
174
1
-124
-241
-221
-172
-139
-107
-128
-197
-235
-265
-262
-245
-217
-153
-130
-101
-108
-119
-145
-151
-157
-141
-124
-121
-102
-69
-37
55
105
131
262
403
618
850
881
803
585
317
146
-38
-200
-236
-201
-156
-130
-108
-157
-225
-261
-256
-267
-261
-206
-169
-138
-117
-140
-159
-183
-185
-176
-171
-156
-140
-121
-55
-30
25
103
145
275
419
658
839
839
706
483
200
42
-65
-256
-262
-220
-178
-150
-150
-204
-265
-274
-284
-277
-262
-214
-175
-141
-135
-140
-181
-178
-181
-177
-153
-141
-133
-95
-50
-44
43
116
138
330
523
756
867
820
651
389
145
-13
-175
-247
-232
-172
-129
-113
-139
-207
-249
-252
-263
-253
-210
-163
-145
-108
-124
-142
-145
-172
-163
-139
-140
-126
-102
-57
-23
61
119
137
287
419
659
851
883
786
564
282
134
-23
-191
-229
-181
-137
-118
-94
-155
-220
-249
-253
-251
-231
-187
-141
-117
-117
-118
-166
-160
-182
-167
-160
-149
-124
-101
-48
-43
41
103
131
259
455
691
867
838
722
477
206
34
-101
-252
-247
-200
-170
-123
-107
-190
-258
-273
-281
-295
-265
-219
-177
-141
-140
-166
-177
-188
-194
-185
-187
-172
-139
-117
-53
-30
36
109
147
323
515
752
862
793
628
369
135
-29
-197
-268
-231
-205
-137
-121
-133
-205
-247
-269
-269
-253
-234
-193
-155
-119
-124
-149
-162
-165
-167
-152
-153
-140
-113
-65
-27
43
101
148
283
419
659
851
883
776
551
273
138
-29
-204
-227
-167
-133
-102
-82
-147
-207
-225
-231
-242
-223
-175
-155
-109
-102
-108
-145
-150
-160
-157
-140
-124
-117
-86
-35
-38
65
116
131
322
507
746
871
847
692
419
180
5
-154
-248
-223
-181
-140
-114
-130
-174
-236
-257
-268
-264
-249
-198
-158
-129
-135
-146
-167
-169
-189
-170
-171
-151
-129
-108
-49
-41
54
123
147
356
547
783
839
758
575
303
143
-27
-222
-274
-235
-185
-165
-121
-149
-225
-279
-279
-274
-266
-236
-185
-155
-120
-126
-155
-159
-169
-183
-166
-172
-155
-121
-73
-30
42
115
145
287
451
689
871
854
727
484
217
127
-38
-217
-229
-172
-139
-107
-110
-156
-223
-235
-229
-247
-217
-166
-124
-108
-101
-121
-133
-150
-155
-149
-135
-134
-104
-57
-37
-3
79
118
231
343
532
769
867
835
687
403
165
2
-145
-226
-223
-156
-129
-107
-113
-182
-225
-241
-241
-255
-225
-189
-139
-129
-124
-155
-149
-165
-172
-169
-145
-162
-133
-85
-31
-12
87
116
228
379
577
803
849
759
561
279
127
-37
-223
-281
-236
-173
-152
-113
-165
-242
-279
-279
-284
-263
-222
-182
-157
-140
-143
-173
-176
-187
-178
-165
-154
-155
-119
-76
-35
-11
96
131
295
467
707
859
834
713
451
174
3
-144
-249
-236
-181
-135
-108
-115
-172
-225
-281
-258
-265
-230
-182
-140
-97
-111
-124
-157
-152
-161
-157
-153
-140
-117
-65
-33
-6
90
129
263
387
598
819
906
820
630
355
137
-16
-184
-236
-199
-155
-101
-86
-122
-197
-245
-236
-243
-236
-205
-171
-124
-102
-123
-133
-155
-157
-159
-167
-154
-147
-114
-45
-35
46
111
134
303
475
693
855
833
710
475
183
35
-102
-242
-231
-185
-156
-122
-138
-185
-249
-277
-277
-289
-255
-216
-174
-141
-145
-159
-173
-185
-179
-186
-190
-190
-166
-127
-73
-44
58
111
139
345
569
773
843
771
601
323
129
-37
-202
-254
-221
-189
-137
-119
-155
-220
-259
-265
-284
-268
-231
-178
-139
-127
-137
-143
-163
-159
-171
-163
-174
-173
-137
-77
-29
45
111
127
325
499
730
871
838
695
449
179
33
-49
-217
-213
-166
-133
-93
-108
-172
-225
-236
-249
-238
-216
-169
-131
-118
-102
-111
-140
-141
-160
-153
-139
-145
-140
-74
-31
-25
81
135
244
387
590
808
871
789
611
338
131
-29
-201
-245
-214
-158
-115
-114
-146
-219
-242
-253
-270
-253
-222
-187
-151
-129
-133
-146
-171
-179
-181
-190
-183
-175
-145
-101
-29
-26
99
145
289
459
692
842
807
670
410
149
-27
-173
-249
-247
-204
-170
-145
-141
-204
-239
-274
-269
-277
-242
-202
-165
-150
-140
-172
-172
-173
-169
-173
-174
-175
-152
-114
-44
-41
67
130
241
372
581
800
873
787
609
326
133
-32
-197
-233
-204
-167
-123
-105
-133
-205
-238
-245
-266
-245
-201
-167
-117
-101
-113
-123
-142
-143
-155
-160
-159
-130
-108
-38
-45
78
124
243
360
539
793
916
851
687
418
167
-13
-135
-230
-206
-153
-141
-107
-108
-187
-236
-256
-253
-257
-221
-182
-142
-126
-111
-140
-143
-162
-181
-172
-177
-183
-151
-86
-43
-21
94
145
266
419
643
826
855
771
519
242
135
-34
-227
-253
-220
-178
-146
-140
-177
-238
-268
-270
-295
-275
-233
-190
-141
-140
-167
-172
-191
-202
-203
-188
-201
-178
-141
-60
-45
52
117
212
359
566
787
852
788
607
335
148
-29
-199
-245
-213
-185
-139
-101
-133
-210
-255
-282
-275
-258
-220
-185
-149
-133
-134
-139
-144
-168
-173
-158
-163
-165
-124
-79
-26
63
116
228
355
543
763
907
867
699
419
186
21
-41
-206
-204
-161
-129
-78
-104
-175
-219
-247
-248
-248
-223
-181
-149
-121
-121
-140
-141
-167
-172
-171
-172
-158
-146
-101
-38
-18
114
148
287
451
675
871
869
767
532
258
145
-31
-225
-243
-203
-163
-127
-113
-173
-233
-273
-277
-280
-273
-223
-181
-156
-142
-165
-172
-177
-185
-206
-204
-199
-190
-146
-98
-27
-12
116
145
356
559
787
855
790
603
311
133
-38
-219
-252
-227
-182
-145
-120
-151
-236
-255
-283
-287
-279
-230
-188
-147
-139
-156
-166
-172
-177
-197
-172
-161
-156
-153
-76
-37
-29
99
129
287
465
693
879
875
735
519
244
142
-27
-215
-231
-193
-145
-105
-101
-153
-221
-223
-235
-236
-230
-177
-140
-110
-105
-126
-134
-145
-156
-166
-153
-165
-149
-93
-43
-37
91
126
257
419
628
857
909
815
610
343
137
-15
-188
-239
-190
-145
-119
-93
-135
-213
-239
-268
-258
-261
-213
-177
-129
-117
-140
-155
-166
-175
-204
-166
-161
-159
-129
-85
-27
-12
107
143
303
478
722
873
851
709
484
201
19
-150
-251
-253
-218
-165
-135
-140
-204
-255
-268
-284
-274
-249
-219
-174
-137
-124
-159
-165
-177
-172
-171
-168
-167
-161
-121
-49
-44
65
121
239
370
598
811
879
807
615
353
136
-13
-192
-239
-219
-158
-121
-113
-124
-209
-236
-257
-255
-249
-214
-157
-135
-111
-110
-140
-151
-145
-145
-136
-140
-114
-108
-45
-41
50
133
145
325
488
713
907
899
771
563
261
145
-42
-213
-226
-191
-153
-110
-105
-155
-209
-236
-249
-257
-236
-186
-142
-106
-106
-126
-140
-140
-154
-163
-155
-158
-150
-111
-44
-29
99
137
275
391
613
835
885
788
607
337
142
-27
-213
-263
-236
-179
-145
-124
-155
-225
-265
-269
-278
-265
-221
-193
-154
-138
-156
-156
-170
-181
-185
-195
-170
-171
-153
-97
-37
35
118
133
343
533
771
874
811
655
403
153
-12
-185
-261
-257
-204
-159
-129
-141
-204
-255
-257
-258
-262
-222
-184
-138
-119
-110
-157
-156
-172
-172
-178
-173
-169
-140
-85
-43
47
113
137
328
481
719
891
887
734
521
244
135
-39
-206
-238
-194
-143
-122
-110
-165
-218
-205
-225
-251
-220
-168
-133
-111
-109
-140
-141
-161
-169
-155
-165
-169
-155
-94
-49
-29
99
131
278
405
603
831
884
787
596
313
133
-25
-221
-263
-236
-187
-150
-149
-156
-230
-249
-249
-271
-261
-225
-176
-154
-135
-149
-170
-172
-175
-189
-183
-182
-173
-151
-106
-40
-13
101
137
339
537
724
843
803
651
375
135
-13
-202
-274
-273
-230
-185
-167
-159
-210
-253
-269
-278
-262
-229
-189
-156
-141
-143
-167
-165
-172
-185
-170
-172
-162
-140
-108
-47
-33
117
133
306
473
686
852
863
726
515
243
131
-29
-235
-245
-209
-161
-124
-95
-154
-214
-229
-251
-246
-210
-174
-131
-108
-86
-109
-137
-123
-133
-140
-126
-151
-137
-93
-46
-13
111
134
289
411
611
827
889
822
646
366
148
-15
-172
-241
-229
-170
-127
-117
-133
-260
-238
-254
-242
-222
-189
-159
-138
-123
-122
-136
-147
-156
-161
-160
-150
-145
-138
-79
-15
11
113
143
313
478
690
843
847
730
507
238
127
-35
-236
-261
-222
-172
-153
-140
-204
-242
-268
-273
-271
-258
-201
-165
-124
-140
-155
-177
-165
-181
-182
-161
-158
-160
-117
-58
-38
69
130
236
367
575
779
871
802
647
377
144
-13
-174
-251
-236
-176
-141
-122
-127
-204
-236
-251
-257
-236
-210
-157
-146
-108
-109
-158
-140
-142
-152
-138
-140
-140
-119
-58
-34
63
133
143
313
475
703
825
907
803
583
291
131
-45
-206
-239
-201
-149
-106
-110
-140
-201
-229
-230
-243
-220
-173
-140
-118
-103
-107
-133
-145
-156
-146
-109
-140
-139
-111
-47
-29
94
131
244
355
542
763
869
803
673
405
163
-12
-172
-246
-252
-203
-159
-136
-145
-196
-249
-241
-246
-246
-222
-186
-159
-133
-135
-157
-162
-177
-172
-172
-174
-194
-154
-108
-46
-33
84
122
255
387
614
795
833
751
553
275
141
-39
-236
-268
-235
-197
-156
-130
-171
-225
-235
-249
-254
-232
-202
-159
-138
-124
-140
-151
-152
-166
-165
-151
-157
-154
-120
-61
-18
59
123
139
319
483
715
865
859
715
479
217
119
-40
-238
-239
-202
-145
-113
-108
-158
-199
-213
-207
-209
-201
-146
-135
-93
-93
-108
-146
-140
-124
-138
-130
-133
-123
-93
-37
-27
86
131
255
367
555
789
883
809
635
379
149
-6
-191
-262
-249
-190
-160
-118
-153
-201
-227
-234
-227
-229
-199
-171
-130
-120
-133
-153
-159
-170
-172
-170
-153
-154
-142
-93
-44
-35
68
123
148
335
523
745
821
771
602
341
145
-22
-222
-286
-268
-218
-179
-147
-162
-218
-249
-242
-247
-225
-205
-167
-151
-127
-143
-165
-169
-169
-167
-181
-152
-156
-129
-86
-39
19
84
137
235
359
571
800
839
759
591
319
131
-29
-216
-268
-220
-182
-145
-115
-142
-198
-219
-209
-225
-210
-179
-149
-109
-83
-111
-129
-142
-140
-135
-136
-127
-122
-85
-44
-42
59
107
135
279
404
624
819
859
767
592
339
147
-23
-218
-246
-218
-182
-130
-108
-147
-201
-225
-215
-218
-208
-175
-144
-123
-117
-127
-145
-149
-171
-159
-145
-142
-131
-108
-67
-42
51
90
130
247
379
579
802
817
727
553
293
129
-36
-236
-285
-255
-204
-154
-141
-177
-238
-252
-254
-256
-251
-220
-177
-156
-143
-157
-172
-177
-174
-172
-170
-161
-161
-111
-76
-39
46
113
135
249
375
601
783
803
711
536
259
131
-30
-236
-284
-231
-190
-141
-134
-172
-220
-236
-226
-235
-219
-188
-158
-138
-109
-136
-145
-139
-149
-149
-135
-140
-124
-93
-43
-35
77
126
147
305
419
661
835
821
737
526
245
143
-31
-218
-247
-204
-156
-122
-109
-147
-204
-217
-201
-210
-204
-178
-143
-109
-106
-124
-145
-147
-153
-156
-140
-140
-133
-79
-42
-27
81
115
133
302
419
659
821
788
691
473
212
122
-33
-242
-262
-231
-201
-156
-137
-187
-236
-241
-234
-240
-236
-197
-167
-141
-134
-161
-161
-172
-174
-172
-170
-171
-146
-108
-49
-42
67
106
147
294
475
683
795
755
618
373
147
-12
-172
-271
-277
-221
-188
-154
-151
-221
-239
-247
-245
-245
-210
-179
-165
-129
-135
-141
-145
-154
-167
-151
-141
-139
-122
-76
-34
33
93
138
227
330
525
739
833
771
625
387
149
-11
-172
-247
-229
-187
-142
-121
-137
-177
-221
-203
-219
-207
-174
-157
-123
-97
-98
-124
-130
-153
-140
-139
-139
-117
-98
-53
-33
57
127
137
244
358
535
735
824
751
610
343
134
-24
-184
-254
-241
-197
-157
-133
-161
-215
-242
-226
-236
-229
-205
-173
-143
-123
-129
-141
-157
-166
-170
-153
-141
-136
-103
-73
-45
57
91
131
223
327
519
721
774
694
547
291
146
-37
-217
-284
-252
-216
-172
-149
-193
-238
-263
-255
-261
-247
-213
-182
-143
-135
-147
-151
-161
-170
-163
-162
-150
-134
-103
-49
-44
62
105
139
232
355
555
743
774
703
545
308
137
-18
-215
-258
-227
-185
-129
-132
-166
-210
-220
-230
-223
-229
-184
-153
-124
-95
-108
-111
-117
-129
-135
-113
-115
-97
-65
-33
11
91
133
151
266
372
583
774
820
739
566
313
131
-21
-172
-242
-221
-173
-151
-124
-143
-203
-213
-217
-240
-213
-188
-151
-113
-106
-115
-139
-140
-150
-157
-140
-145
-110
-97
-32
-27
83
103
142
245
356
545
739
753
679
504
260
145
-47
-210
-267
-239
-197
-180
-159
-204
-247
-261
-246
-268
-247
-222
-172
-146
-126
-140
-140
-157
-170
-158
-167
-147
-134
-95
-35
-22
57
101
133
229
342
550
731
757
675
505
291
143
-25
-206
-253
-236
-199
-172
-153
-181
-217
-236
-242
-257
-238
-197
-166
-113
-101
-109
-113
-122
-149
-145
-130
-120
-76
-50
-35
22
97
123
134
275
379
575
755
791
707
531
299
148
-26
-181
-223
-191
-161
-140
-118
-161
-204
-229
-236
-233
-223
-186
-138
-97
-93
-86
-108
-126
-140
-124
-119
-108
-76
-57
-39
43
79
106
139
270
383
587
747
739
641
475
239
134
-27
-197
-257
-215
-174
-157
-143
-204
-234
-261
-268
-261
-240
-202
-141
-109
-124
-129
-139
-161
-155
-172
-155
-135
-108
-74
-37
-31
55
103
134
245
383
597
725
722
611
419
182
63
-29
-236
-251
-218
-181
-170
-163
-204
-236
-274
-266
-261
-222
-197
-140
-99
-105
-99
-127
-139
-142
-135
-128
-97
-73
-50
-30
43
86
134
141
275
378
579
735
731
649
475
245
137
-34
-202
-233
-190
-170
-130
-123
-177
-214
-251
-249
-241
-215
-150
-97
-67
-54
-67
-72
-105
-124
-105
-85
-94
-59
-43
-11
75
101
131
133
266
394
590
724
727
647
467
227
134
-44
-200
-235
-195
-174
-149
-153
-186
-235
-271
-277
-256
-235
-172
-113
-76
-76
-98
-101
-124
-156
-151
-124
-108
-66
-41
-43
42
79
119
126
257
372
578
691
688
589
399
173
54
-35
-223
-252
-207
-183
-157
-201
-223
-282
-296
-309
-283
-236
-165
-107
-76
-66
-93
-109
-134
-142
-140
-127
-107
-73
-39
-27
57
74
114
146
261
373
575
696
699
614
419
213
134
-43
-189
-231
-197
-150
-128
-149
-204
-262
-285
-274
-252
-174
-124
-61
-48
-37
-61
-83
-103
-117
-101
-75
-59
-39
-43
35
70
98
127
135
262
387
565
711
719
615
453
231
129
-45
-177
-195
-192
-157
-151
-151
-205
-267
-289
-268
-242
-177
-118
-67
-47
-47
-62
-93
-110
-111
-109
-114
-81
-69
-47
-44
47
90
110
137
271
375
555
670
660
579
405
198
131
-44
-192
-233
-203
-177
-182
-200
-254
-317
-320
-284
-239
-183
-129
-102
-73
-79
-113
-129
-150
-161
-142
-122
-108
-93
-67
-31
-13
80
110
131
267
390
547
649
641
558
375
190
127
-33
-181
-207
-186
-172
-172
-193
-247
-290
-295
-268
-219
-161
-108
-54
-43
-45
-75
-94
-157
-119
-118
-96
-93
-59
-43
-27
47
107
133
246
357
507
650
711
660
532
315
147
9
-38
-163
-159
-149
-144
-149
-205
-282
-284
-271
-235
-172
-114
-82
-47
-42
-65
-78
-98
-133
-124
-109
-107
-79
-53
-39
20
91
129
144
291
399
549
675
661
596
419
219
139
-15
-161
-185
-181
-172
-173
-206
-268
-305
-313
-275
-231
-173
-111
-99
-77
-70
-93
-119
-140
-161
-140
-151
-124
-108
-53
-38
33
84
84
215
331
494
614
651
585
459
273
131
-18
-124
-167
-182
-169
-192
-206
-268
-311
-315
-297
-242
-190
-151
-109
-82
-54
-85
-108
-124
-139
-137
-124
-109
-98
-51
-27
49
98
137
213
308
419
592
655
639
527
363
181
131
-21
-143
-156
-149
-140
-155
-209
-262
-284
-269
-221
-172
-133
-99
-66
-43
-27
-76
-93
-107
-121
-108
-107
-76
-46
-37
49
103
137
210
303
419
578
658
627
563
387
233
139
-22
-108
-151
-135
-155
-172
-217
-268
-287
-280
-252
-217
-170
-121
-93
-74
-77
-98
-110
-124
-140
-142
-138
-119
-74
-31
-44
75
121
137
262
387
534
615
599
519
387
210
116
-18
-136
-156
-163
-170
-198
-227
-277
-307
-306
-284
-239
-185
-140
-108
-93
-107
-108
-138
-154
-161
-161
-151
-124
-84
-34
-41
84
110
147
274
390
505
605
607
523
379
229
137
-12
-44
-134
-146
-160
-175
-225
-271
-289
-277
-259
-222
-172
-124
-82
-66
-76
-101
-121
-134
-141
-124
-115
-94
-39
-31
59
111
133
219
335
443
564
611
618
521
387
251
134
-10
-44
-117
-124
-140
-178
-207
-235
-268
-261
-249
-215
-161
-107
-82
-76
-75
-117
-139
-141
-158
-147
-124
-82
-57
-30
35
100
127
227
339
453
583
597
531
417
246
159
23
-31
-31
-94
-105
-137
-174
-236
-280
-299
-268
-238
-192
-161
-138
-108
-129
-143
-153
-183
-176
-169
-147
-126
-108
-49
-25
20
79
121
147
291
418
507
546
503
419
291
166
145
-24
-73
-133
-133
-157
-199
-236
-272
-287
-274
-241
-204
-172
-126
-102
-95
-118
-140
-167
-157
-155
-130
-107
-61
-43
-15
83
123
135
283
395
499
553
554
481
375
243
138
25
-34
-43
-103
-105
-133
-175
-210
-249
-236
-236
-189
-154
-109
-71
-63
-85
-105
-126
-153
-153
-137
-115
-93
-27
-44
59
116
139
229
334
419
510
513
495
419
317
210
135
23
-13
-29
-103
-143
-165
-232
-253
-266
-271
-239
-210
-172
-141
-119
-124
-127
-149
-151
-171
-177
-150
-108
-82
-41
-33
53
93
118
227
321
404
463
469
409
339
244
147
126
-5
-61
-75
-124
-153
-204
-241
-270
-275
-252
-246
-215
-182
-150
-140
-149
-161
-166
-178
-182
-172
-154
-108
-63
-33
-25
83
122
149
281
362
419
465
446
393
319
234
153
130
13
-26
-43
-110
-145
-181
-227
-241
-241
-227
-207
-191
-162
-139
-143
-143
-137
-161
-159
-151
-123
-109
-65
-44
-30
67
122
135
244
303
383
455
473
447
389
321
242
166
136
35
-12
6
-93
-142
-180
-209
-238
-230
-232
-206
-172
-160
-144
-153
-140
-158
-155
-167
-140
-129
-98
-55
-40
-41
51
103
135
261
337
381
407
407
359
314
249
185
133
71
10
-23
-42
-123
-174
-220
-241
-242
-261
-236
-227
-213
-175
-179
-167
-177
-178
-177
-162
-150
-127
-97
-58
-47
23
75
119
163
290
347
387
389
370
325
276
199
162
146
57
15
-21
-39
-107
-162
-191
-208
-219
-210
-192
-180
-167
-156
-155
-155
-155
-161
-158
-145
-108
-77
-53
-38
47
75
131
203
281
342
375
418
372
349
291
265
206
154
143
53
15
-33
-107
-154
-177
-193
-199
-191
-192
-182
-174
-165
-172
-156
-162
-159
-150
-137
-123
-108
-69
-44
-44
59
116
139
249
291
338
415
355
327
290
245
203
167
146
52
-5
-42
-108
-141
-172
-187
-204
-217
-213
-217
-204
-191
-193
-179
-173
-191
-181
-149
-156
-139
-108
-73
-35
-27
63
126
126
243
291
323
315
302
275
235
180
145
131
52
-2
-27
-61
-127
-161
-181
-202
-210
-204
-220
-218
-189
-189
-185
-193
-189
-183
-181
-159
-136
-108
-69
-39
-41
55
116
148
241
285
315
325
334
297
257
219
183
147
137
36
-3
-37
-37
-117
-156
-172
-185
-197
-198
-198
-183
-172
-162
-154
-155
-142
-146
-135
-108
-85
-44
-33
20
82
113
147
238
277
319
345
323
307
287
255
212
165
135
59
23
-17
-29
-108
-137
-158
-172
-195
-195
-193
-179
-185
-174
-175
-165
-162
-161
-157
-140
-108
-76
-51
-44
36
85
127
138
219
276
283
276
279
246
221
186
143
138
47
3
-15
-25
-127
-149
-169
-181
-217
-217
-231
-223
-210
-209
-201
-193
-179
-177
-163
-153
-140
-93
-69
-50
-27
79
121
137
223
254
267
279
265
239
194
166
149
147
57
15
5
-43
-108
-145
-181
-181
-193
-189
-190
-190
-201
-174
-178
-178
-168
-158
-147
-134
-86
-81
-41
-31
67
111
131
203
231
254
275
261
297
285
235
209
169
147
131
41
-9
-26
-45
-93
-115
-141
-140
-166
-167
-177
-158
-154
-171
-145
-157
-153
-135
-107
-93
-53
-42
-27
58
111
131
212
238
255
255
257
259
244
226
185
137
123
46
-2
-34
-37
-104
-124
-141
-167
-183
-193
-186
-185
-191
-167
-177
-172
-185
-154
-149
-123
-101
-54
-45
-47
50
123
148
123
206
225
248
227
213
206
167
148
135
78
20
-27
-47
-105
-115
-157
-171
-172
-174
-172
-193
-189
-185
-188
-186
-169
-155
-157
-131
-113
-82
-43
-29
36
81
116
137
193
210
238
239
245
239
209
184
143
134
82
24
5
-23
-44
-103
-122
-133
-143
-157
-174
-179
-175
-169
-155
-139
-124
-113
-106
-83
-65
-44
-27
52
88
134
135
199
223
227
244
259
258
243
210
187
145
131
65
38
19
-21
-33
-51
-110
-141
-167
-161
-161
-150
-153
-151
-155
-183
-155
-139
-107
-79
-62
-40
-34
59
84
116
129
138
207
222
226
228
229
212
177
129
135
41
23
-17
-44
-45
-119
-165
-160
-190
-199
-204
-193
-178
-179
-187
-158
-165
-170
-137
-99
-74
-41
-44
27
52
87
118
138
137
197
209
217
199
169
163
133
133
59
20
-6
-16
-41
-93
-108
-142
-156
-173
-175
-173
-155
-153
-153
-167
-165
-147
-121
-85
-47
-32
-21
53
75
111
111
121
134
212
210
212
207
199
180
166
137
133
123
50
41
9
-22
-34
