771
667
500
321
146
55
-17
-44
-47
-39
-48
-39
-12
-17
-33
-102
-178
-255
-361
-449
-524
-559
-534
-475
-357
-217
-42
250
531
723
787
743
628
470
275
132
-8
-37
-101
-83
-69
-72
-59
-44
-53
-76
-140
-194
-289
-381
-478
-551
-605
-566
-492
-389
-225
-50
299
545
687
754
735
566
414
209
127
-7
-56
-117
-114
-87
-69
-70
-60
-60
-95
-154
-209
-303
-394
-485
-541
-561
-540
-457
-345
-204
-44
327
555
697
763
707
583
419
238
143
-21
-44
-78
-85
-70
-59
-50
-44
-44
-55
-133
-209
-287
-371
-469
-536
-565
-533
-442
-315
-167
-25
397
611
755
793
724
603
407
246
105
-12
-37
-50
-59
-44
-45
-14
20
-8
-28
-45
-189
-253
-380
-459
-549
-543
-490
-425
-317
-158
2
383
596
739
775
711
586
401
212
131
-28
-49
-75
-76
-45
-38
-37
-41
-55
-46
-154
-227
-319
-396
-478
-553
-571
-524
-426
-316
-145
103
395
607
737
759
675
532
351
152
77
-44
-118
-134
-111
-81
-79
-63
-44
-60
-109
-171
-237
-337
-431
-533
-587
-605
-526
-449
-315
-110
122
419
635
757
747
651
505
337
145
20
-35
-110
-111
-76
-53
-63
-54
-36
-42
-38
-162
-241
-332
-418
-506
-553
-540
-491
-397
-267
-59
129
499
687
747
771
665
499
337
175
73
-31
-44
-79
-63
-50
-53
-25
-15
-43
-47
-149
-219
-309
-411
-489
-524
-519
-460
-359
-221
-45
219
529
703
788
756
639
487
277
123
8
-37
-49
-76
-60
-42
-54
-35
-26
-34
-93
-193
-262
-354
-460
-525
-533
-513
-460
-357
-219
-45
281
547
699
761
719
597
419
255
123
-31
-44
-123
-109
-95
-93
-46
-41
-42
-81
-153
-217
-307
-394
-501
-571
-605
-556
-472
-346
-198
-47
339
551
715
723
685
563
398
207
127
-28
-49
-113
-105
-73
-68
-57
-39
-43
-50
-159
-218
-311
-399
-478
-552
-574
-539
-441
-300
-159
-14
395
595
734
775
703
563
385
203
126
-26
-49
-103
-67
-61
-49
-61
-33
-22
-41
-126
-198
-294
-381
-482
-537
-546
-497
-415
-285
-109
119
419
660
775
803
703
570
402
212
129
-12
-44
-75
-62
-46
-44
-35
-14
-29
-44
-140
-197
-291
-393
-492
-540
-549
-492
-412
-295
-110
123
415
630
747
769
693
534
361
174
116
-29
-59
-108
-93
-73
-73
-44
-44
-47
-93
-145
-226
-325
-428
-523
-566
-576
-524
-428
-311
-140
117
406
607
719
731
643
498
319
147
8
-41
-107
-140
-108
-76
-79
-44
-44
-58
-113
-177
-233
-317
-418
-508
-551
-558
-514
-426
-299
-128
118
419
631
739
741
675
527
345
167
113
-33
-49
-101
-78
-46
-35
-46
-44
-61
-45
-159
-217
-303
-401
-487
-550
-537
-403
-396
-268
-79
123
466
663
751
787
683
541
356
187
133
-13
-44
-53
-50
-32
-35
2
7
-30
-43
-137
-210
-294
-373
-486
-524
-535
-493
-398
-261
-75
115
459
665
771
775
683
527
335
165
99
-39
-37
-105
-77
-57
-56
-51
-41
-53
-107
-173
-222
-332
-437
-495
-568
-543
-514
-419
-286
-77
123
419
626
741
751
643
490
317
145
1
-38
-121
-126
-118
-81
-76
-57
-59
-87
-125
-186
-265
-351
-442
-523
-576
-585
-517
-412
-274
-75
131
479
658
753
753
645
498
299
137
2
-44
-109
-108
-81
-66
-51
-44
-39
-33
-43
-141
-236
-333
-429
-493
-559
-542
-492
-396
-254
-73
123
491
683
762
755
667
517
327
153
75
-23
-45
-86
-60
-47
-43
-41
-12
-29
-55
-150
-229
-303
-391
-486
-525
-517
-451
-370
-227
-43
128
521
715
799
770
647
491
297
138
2
-20
-41
-93
-51
-39
-43
-47
-37
-38
-59
-168
-248
-334
-454
-531
-557
-550
-471
-364
-236
-49
119
505
685
771
739
628
475
283
129
-15
-44
-122
-108
-101
-86
-62
-53
-43
-102
-133
-213
-299
-380
-474
-542
-567
-556
-492
-387
-242
-29
127
500
672
739
703
615
419
258
149
-17
-41
-102
-105
-73
-65
-40
-43
-44
-81
-131
-208
-277
-354
-457
-529
-540
-518
-460
-355
-215
-32
238
539
705
788
745
627
468
290
119
1
-38
-44
-83
-59
-44
-42
-43
-22
-44
-117
-171
-257
-341
-428
-511
-523
-492
-434
-316
-172
-45
361
578
747
795
763
646
468
282
127
1
-37
-45
-69
-50
-53
-44
-22
-43
-37
-129
-181
-258
-358
-450
-522
-540
-524
-454
-343
-189
-42
330
547
701
758
707
599
419
243
134
-16
-53
-103
-93
-64
-60
-61
-44
-44
-103
-159
-235
-295
-383
-478
-553
-574
-538
-460
-350
-199
-53
308
545
693
747
689
571
414
229
134
-22
-55
-140
-113
-95
-63
-54
-41
-44
-76
-152
-215
-289
-396
-480
-540
-557
-538
-460
-347
-181
-44
337
547
721
766
713
583
419
258
116
-7
-49
-45
-73
-45
-51
-55
-23
-29
-50
-122
-193
-278
-363
-460
-507
-530
-506
-427
-309
-185
-46
341
576
720
783
754
629
471
276
137
-1
-37
-46
-43
-29
-31
-12
-2
-19
-43
-98
-194
-255
-341
-454
-524
-546
-519
-444
-336
-165
-53
325
561
721
783
727
587
419
263
133
3
-44
-50
-93
-61
-61
-46
-41
-39
-79
-143
-215
-283
-364
-461
-527
-562
-536
-474
-370
-221
-38
143
503
671
756
724
599
419
263
134
-28
-57
-119
-113
-74
-76
-53
-54
-69
-95
-155
-214
-290
-381
-480
-555
-578
-567
-485
-367
-223
-49
139
515
685
751
739
610
463
277
137
-24
-43
-110
-101
-54
-49
-53
-37
-29
-45
-114
-177
-246
-339
-447
-515
-536
-524
-463
-370
-236
-57
129
489
685
775
755
675
500
335
135
57
-37
-45
-81
-46
-44
-38
-7
-3
-33
-44
-150
-204
-305
-397
-491
-529
-512
-460
-365
-242
-50
129
484
683
777
767
675
519
329
155
99
-31
-44
-85
-50
-44
-44
-43
-44
-44
-95
-158
-237
-335
-430
-517
-556
-545
-501
-411
-266
-74
121
419
635
727
745
649
505
315
141
15
-43
-111
-108
-76
-57
-61
-44
-48
-93
-137
-194
-268
-354
-489
-530
-570
-573
-513
-428
-291
-96
135
419
628
747
731
649
502
321
148
9
-32
-80
-108
-82
-66
-39
-44
-44
-35
-117
-161
-233
-321
-418
-495
-533
-535
-487
-401
-268
-76
143
458
641
756
775
669
531
354
174
116
-26
-47
-77
-67
-44
-44
-23
-11
-30
-51
-142
-226
-299
-393
-465
-524
-514
-469
-380
-245
-47
131
487
698
769
788
703
544
363
166
114
-25
-43
-106
-83
-58
-44
-41
-11
-41
-45
-157
-229
-310
-412
-514
-555
-554
-499
-405
-270
-85
134
462
659
756
757
659
514
331
148
9
-39
-108
-102
-83
-47
-49
-47
-44
-33
-123
-170
-222
-321
-441
-524
-570
-574
-533
-443
-309
-124
117
418
628
729
735
658
499
314
144
-12
-30
-134
-135
-108
-93
-61
-40
-45
-44
-111
-156
-236
-335
-414
-527
-575
-564
-510
-398
-268
-93
115
475
666
785
782
683
523
340
161
19
-44
-107
-111
-79
-38
-33
-28
-13
-22
-55
-141
-225
-306
-411
-507
-540
-540
-477
-390
-265
-81
115
474
667
788
789
692
546
359
179
126
-19
-31
-74
-57
-28
-33
16
0
-11
-34
-157
-227
-307
-409
-499
-533
-540
-471
-395
-255
-72
131
467
657
789
775
677
514
319
138
-1
-42
-123
-125
-105
-59
-54
-44
-29
-38
-44
-177
-247
-318
-421
-524
-578
-567
-524
-422
-307
-98
121
419
647
747
756
639
479
294
123
-16
-41
-140
-129
-113
-76
-55
-50
-45
-45
-110
-187
-246
-346
-437
-530
-554
-554
-507
-394
-269
-86
121
467
662
762
757
647
507
317
135
-1
-34
-114
-104
-77
-44
-47
-41
-12
-27
-46
-145
-213
-307
-421
-489
-551
-538
-504
-395
-270
-82
121
485
686
807
788
693
537
349
159
52
-66
-43
-93
-44
-49
-35
17
14
-12
-37
-129
-205
-293
-395
-482
-534
-526
-483
-389
-263
-76
130
483
682
795
805
694
533
345
147
3
-50
-117
-110
-81
-51
-44
-44
-11
-41
-46
-159
-235
-320
-428
-525
-553
-577
-518
-407
-290
-93
117
463
660
771
759
660
498
307
127
-5
-46
-137
-138
-99
-66
-59
-41
-44
-53
-111
-178
-250
-347
-442
-540
-585
-571
-540
-444
-306
-113
116
451
655
771
774
681
517
327
155
-1
-41
-126
-141
-108
-62
-53
-33
-22
-25
-50
-154
-225
-305
-413
-522
-563
-542
-494
-397
-273
-75
127
507
698
802
803
698
525
341
149
14
-38
-107
-111
-77
-33
-50
-11
0
-12
-38
-138
-205
-289
-401
-490
-526
-529
-476
-374
-239
-49
129
505
737
827
826
694
543
353
147
11
-44
-105
-97
-93
-42
-47
-2
3
-15
-53
-141
-231
-316
-427
-512
-571
-556
-515
-422
-277
-95
121
470
683
789
789
675
519
310
135
1
-45
-123
-131
-75
-66
-45
-44
-56
-47
-119
-157
-253
-329
-441
-539
-605
-577
-524
-413
-285
-81
123
486
689
787
769
649
483
281
121
-17
-57
-151
-130
-82
-50
-37
-58
-39
-25
-43
-177
-250
-342
-428
-525
-561
-554
-491
-379
-251
-51
133
532
711
806
794
687
511
318
130
-12
-33
-113
-122
-71
-46
-12
-10
5
-15
-59
-159
-229
-325
-425
-519
-558
-539
-491
-375
-235
-41
163
554
739
851
823
703
532
325
149
8
-43
-106
-102
-61
-41
-50
5
-2
-35
-35
-162
-229
-333
-442
-524
-563
-554
-485
-377
-234
-57
117
542
724
809
783
655
483
287
118
-27
-44
-145
-125
-86
-47
-57
-42
-39
-38
-118
-206
-250
-365
-471
-556
-605
-563
-495
-386
-234
-45
200
562
727
803
751
617
449
243
123
-34
-130
-153
-137
-108
-74
-57
-44
-38
-50
-133
-210
-290
-375
-473
-547
-585
-552
-475
-353
-223
-49
309
566
751
813
763
631
462
259
131
-26
-109
-125
-114
-66
-42
-34
-3
-21
-43
-107
-191
-269
-359
-465
-542
-578
-538
-462
-332
-171
-46
373
631
816
849
773
623
419
243
130
-29
-44
-113
-102
-45
-49
5
27
29
-28
-71
-166
-263
-362
-460
-545
-552
-523
-461
-313
-160
-40
377
627
788
830
766
628
419
239
123
-44
-117
-142
-134
-67
-44
-42
-25
-30
-54
-136
-220
-299
-385
-493
-566
-586
-544
-457
-333
-167
-33
373
611
758
801
739
579
389
196
116
-38
-139
-161
-136
-93
-69
-55
-51
-45
-108
-160
-250
-311
-426
-498
-572
-605
-541
-459
-329
-165
-45
373
627
779
815
735
589
387
184
126
-46
-127
-139
-102
-73
-47
-44
-25
-28
-44
-151
-219
-294
-394
-494
-557
-561
-530
-449
-307
-152
89
419
675
831
857
763
609
407
203
129
-35
-103
-140
-107
-44
-55
-49
3
11
-28
-63
-177
-282
-365
-476
-540
-556
-503
-414
-283
-107
117
462
687
820
865
777
599
411
208
144
-32
-97
-113
-82
-56
-52
-43
-9
-23
-44
-138
-205
-295
-398
-511
-577
-578
-534
-444
-319
-158
51
418
667
811
839
744
593
399
177
