-12
37
83
89
84
39
-17
-113
-249
-332
-412
-469
-490
-497
-492
-459
-435
-405
-355
-278
-139
-31
126
371
419
467
457
419
367
314
251
196
147
126
7
-21
-37
15
54
99
95
73
10
-43
-196
-289
-365
-433
-476
-493
-473
-450
-425
-399
-361
-291
-181
-39
130
327
446
484
495
471
419
377
319
266
211
139
116
-1
-12
18
74
109
119
123
59
-12
-44
-213
-286
-373
-425
-460
-454
-437
-418
-386
-343
-307
-237
-94
71
279
407
481
510
499
459
399
340
283
227
166
135
15
-15
-9
38
82
113
111
81
19
-30
-178
-283
-353
-429
-477
-493
-482
-458
-429
-388
-377
-318
-204
-37
119
323
419
459
469
419
381
329
266
212
159
131
8
-25
-35
-40
11
66
86
82
35
-31
-156
-268
-362
-437
-492
-514
-493
-482
-457
-428
-396
-351
-262
-77
102
277
399
453
467
419
399
343
291
230
177
126
75
-15
-37
-27
36
83
114
109
77
20
-45
-201
-299
-370
-445
-477
-478
-473
-441
-406
-380
-327
-261
-117
-37
193
389
460
487
490
450
394
340
278
230
175
137
20
-11
2
51
102
119
126
114
54
-27
-44
-236
-323
-394
-450
-459
-459
-446
-412
-370
-351
-295
-189
-46
126
331
419
484
481
462
402
339
277
226
170
126
21
-21
-35
-15
25
67
90
97
64
-7
-45
-219
-322
-399
-461
-492
-492
-476
-461
-428
-413
-364
-281
-135
-41
123
367
419
446
419
387
327
274
223
163
120
35
-37
-44
-44
-36
51
83
146
59
-12
-46
-201
-286
-364
-427
-479
-498
-487
-467
-429
-403
-361
-314
-203
-49
114
295
419
468
475
459
404
340
281
213
171
134
21
-24
-27
6
59
101
118
117
79
20
-44
-192
-283
-364
-433
-464
-460
-441
-421
-392
-359
-318
-241
-112
-37
155
385
481
499
501
473
404
327
283
229
163
126
21
-6
-1
47
79
99
117
116
71
-2
-42
-223
-322
-397
-445
-473
-462
-438
-421
-397
-368
-332
-236
-76
99
275
387
451
470
467
407
355
289
228
169
120
43
-10
-31
-31
30
81
84
98
58
-7
-41
-201
-296
-374
-453
-490
-509
-482
-455
-423
-405
-369
-332
-218
-50
130
297
399
449
468
419
375
308
243
187
139
131
9
-25
-38
-12
35
69
109
100
65
-11
-40
-229
-326
-405
-459
-497
-480
-462
-426
-397
-368
-319
-252
-107
-6
273
400
484
501
495
447
382
311
258
196
142
131
-2
-28
-11
51
100
126
131
134
77
-12
-62
-236
-330
-399
-457
-459
-451
-416
-389
-364
-326
-284
-177
-44
130
350
447
491
499
473
419
351
287
241
182
131
51
-9
-18
19
61
97
117
117
79
11
-31
-219
-300
-380
-453
-480
-473
-459
-428
-397
-387
-346
-293
-159
-46
133
357
419
482
471
419
371
301
229
180
131
65
-10
-44
-47
-41
47
91
106
83
37
-29
-171
-274
-357
-439
-491
-492
-482
-459
-429
-406
-390
-334
-235
-69
107
281
390
419
471
419
392
333
285
225
159
135
30
-12
-34
-14
49
85
120
119
117
50
-28
-184
-281
-365
-433
-471
-459
-437
-419
-391
-367
-335
-257
-133
-37
129
385
473
515
503
453
406
343
279
223
163
131
25
-5
7
51
106
118
128
133
125
2
-47
-210
-300
-369
-427
-459
-459
-435
-407
-369
-332
-300
-223
-65
113
294
404
471
489
473
419
355
291
230
166
130
23
-27
-37
-28
35
91
114
114
84
29
-37
-190
-287
-367
-430
-478
-489
-473
-446
-409
-396
-369
-311
-191
-43
122
319
414
451
459
419
363
307
233
180
135
98
-15
-41
-49
-46
54
84
102
86
43
-25
-53
-239
-332
-397
-466
-492
-480
-464
-427
-397
-375
-332
-238
-92
94
277
401
469
491
477
419
356
303
237
185
130
54
-7
-17
-5
51
97
116
129
145
61
-21
-161
-262
-338
-403
-444
-437
-432
-410
-374
-346
-317
-268
-154
-39
134
371
468
499
503
455
403
337
271
210
162
131
35
-9
-12
31
78
117
131
120
123
8
-42
-213
-303
-381
-442
-466
-459
-437
-412
-384
-359
-321
-236
-92
71
258
379
462
479
458
402
339
273
217
153
126
20
-25
-33
-22
33
63
97
114
86
47
-31
-189
-296
-387
-434
-489
-490
-492
-457
-422
-401
-374
-333
-218
-45
120
308
414
459
455
411
357
303
241
190
148
129
2
-30
-34
-12
70
113
116
107
57
-11
-47
-214
-311
-379
-437
-459
-459
-445
-397
-357
-341
-315
-247
-92
42
259
399
475
498
482
419
369
291
234
184
133
120
10
-18
16
51
111
131
129
145
130
-12
-45
-241
-332
-403
-427
-427
-419
-393
-363
-350
-331
-274
-141
-42
131
370
488
405
523
419
404
247
255
207
149
130
7
-28
-16
27
84
116
131
131
86
-12
-49
-223
-321
-409
-459
-460
-462
-433
-411
-382
-359
-315
-225
-71
113
294
403
462
462
419
375
305
227
175
145
131
-11
-37
-44
-31
10
89
108
99
63
7
-37
-218
-314
-386
-449
-493
-490
-475
-437
-393
-357
-331
-269
-141
-41
151
362
419
467
453
411
338
262
201
155
131
42
-12
-29
-31
35
86
122
131
135
101
-11
-44
-246
-337
-407
-454
-459
-451
-426
-384
-359
-332
-293
-171
-45
129
369
462
500
482
419
318
289
263
206
153
128
21
-12
-9
33
106
116
123
148
126
25
-44
-201
-289
-354
-425
-459
-441
-424
-382
-348
-326
-300
-214
-54
116
315
419
470
482
471
401
315
251
195
137
129
18
-30
-44
-28
54
81
118
116
123
58
-12
-167
-281
-379
-423
-475
-472
-482
-438
-399
-396
-390
-331
-205
-44
122
331
414
448
419
392
330
265
193
146
133
37
-25
-42
-44
-41
63
105
117
103
66
-5
-41
-239
-316
-392
-438
-478
-465
-431
-403
-383
-350
-332
-252
-96
91
276
394
461
482
462
403
323
246
190
146
125
36
-23
-41
15
71
114
125
139
130
56
-29
-153
-246
-327
-396
-437
-430
-414
-385
-339
-319
-297
-250
-118
-29
135
377
482
499
486
419
361
289
227
182
137
126
2
-28
-25
33
84
122
135
107
122
-6
-44
-229
-325
-389
-434
-459
-432
-403
-370
-357
-345
-309
-217
-57
123
291
382
475
470
419
367
303
235
180
135
122
-12
-39
-41
-41
42
85
103
98
63
8
-48
-207
-325
-390
-450
-486
-476
-457
-426
-382
-379
-351
-295
-171
-41
125
345
419
455
419
399
319
257
199
135
129
25
-25
-44
-46
-30
62
114
128
126
71
-18
-76
-255
-345
-400
-451
-446
-428
-410
-373
-363
-330
-299
-215
-49
118
307
419
481
481
458
401
330
261
203
147
131
20
-27
-31
27
67
114
131
179
139
101
-22
-157
-264
-342
-397
-434
-423
-401
-369
-349
-330
-305
-235
-112
-24
227
455
469
495
467
414
345
286
218
181
155
68
6
-28
-28
42
51
114
120
109
113
-21
-141
-253
-332
-400
-451
-452
-445
-419
-380
-345
-333
-307
-229
-76
100
286
407
459
479
419
371
287
218
160
126
68
-12
-44
-44
-46
-21
75
111
107
155
7
-44
-218
-332
-403
-459
-482
-467
-453
-418
-291
-347
-343
-283
-156
-37
131
356
419
474
457
411
340
263
199
151
130
27
-30
-35
-38
31
75
118
133
135
131
17
-48
-235
-337
-394
-437
-459
-426
-390
-367
-345
-341
-305
-215
-53
123
327
455
419
547
475
419
282
262
271
153
123
33
-19
-24
27
87
116
139
159
135
126
-28
-165
-267
-359
-425
-457
-449
-421
-390
-350
-332
-307
-250
-109
-29
259
404
475
487
466
407
327
250
180
135
126
12
-27
-47
-49
23
79
117
120
131
90
-12
-44
-264
-358
-431
-472
-453
-431
-426
-399
-381
-363
-327
-236
-74
114
303
414
459
461
399
340
266
180
134
125
27
-12
-44
-57
-44
53
91
154
120
83
11
-38
-219
-325
-409
-457
-474
-450
-438
-393
-354
-331
-306
-239
-82
92
282
409
479
484
454
399
311
225
180
131
129
15
-22
-46
-41
49
107
126
165
147
129
-14
-140
-250
-332
-396
-421
-423
-407
-369
-347
-332
-303
-252
-137
-42
120
385
479
515
495
453
370
293
212
163
122
10
-15
-41
-30
35
99
117
130
159
126
20
-51
-229
-306
-390
-437
-448
-457
-399
-375
-343
-329
-306
-216
-61
113
307
419
482
482
419
353
278
209
154
131
39
-25
-45
-39
-46
38
92
116
119
95
-12
-42
-173
-363
-402
-459
-473
-460
-437
-410
-389
-375
-331
-269
-140
-47
135
363
451
478
419
373
309
226
171
126
84
-3
-25
-43
-41
-30
84
120
109
135
79
-25
-149
-261
-364
-418
-446
-428
-418
-393
-361
-347
-322
-268
-145
-44
129
371
469
487
471
405
339
271
194
151
131
42
-98
-24
-9
84
106
131
179
165
129
116
-41
-218
-313
-379
-415
-429
-405
-373
-345
-321
-309
-268
-161
-41
125
405
450
495
489
419
361
281
212
164
207
51
-12
-34
-44
-12
15
120
139
212
119
23
-47
-218
-322
-351
-457
-469
-472
-414
-367
-359
-343
-301
-225
-67
114
309
414
467
451
402
338
258
184
136
133
30
-27
-44
-76
-46
29
90
112
111
67
3
-39
-227
-331
-402
-449
-469
-470
-447
-401
-330
-335
-309
-248
-118
-23
241
383
467
468
419
377
305
225
153
120
71
14
-47
-44
-22
51
101
125
126
147
138
-18
-146
-272
-359
-437
-457
-451
-414
-383
-349
-325
-302
-241
-117
-25
263
402
489
511
513
419
346
343
194
159
138
43
-10
-17
-7
54
120
125
171
161
125
3
-47
-234
-325
-407
-437
-454
-413
-378
-341
-333
-288
-285
-179
-43
135
361
459
495
482
419
363
277
201
148
132
23
-28
-38
-50
-44
51
117
131
120
126
27
-44
-182
-330
-402
-464
-482
-454
-381
-380
-368
-361
-323
-237
-95
75
267
377
419
461
399
343
259
191
126
135
20
-23
-43
-76
-44
-25
88
119
123
122
41
-29
-235
-288
-384
-454
-469
-464
-429
-363
-359
-332
-311
-265
-140
-38
131
365
467
497
481
414
339
245
179
145
137
25
-10
-44
-41
25
91
126
133
158
126
17
-49
-236
-313
-393
-429
-427
-411
-374
-332
-322
-306
-268
-161
-44
123
355
487
506
501
419
368
270
198
154
137
47
-9
-29
-43
-25
83
123
148
159
89
84
-125
-199
-307
-385
-429
-450
-431
-362
-350
-337
-319
-297
-223
-83
90
281
404
475
478
449
367
286
211
139
123
33
-11
-44
-85
-41
-38
85
114
119
123
65
-25
-182
-299
-383
-459
-482
-478
-446
-415
-401
-382
-373
-299
-206
-53
131
343
451
470
462
387
307
239
163
126
65
1
-42
-47
-73
-38
74
114
125
131
119
18
