-310
-232
-59
105
299
419
500
526
553
545
505
455
399
340
250
195
119
11
-14
-31
-41
-121
-135
-173
-230
-253
-317
-363
-400
-425
-423
-407
-359
-339
-246
-82
87
263
386
469
505
531
499
469
414
363
291
215
139
104
-14
-19
-24
-119
-155
-167
-206
-241
-279
-332
-387
-428
-437
-479
-433
-412
-368
-310
-143
-31
116
341
419
483
481
471
463
397
351
286
227
131
17
-18
-44
-112
-135
-153
-169
-199
-235
-283
-338
-373
-407
-413
-424
-407
-396
-358
-286
-140
-37
133
370
454
507
522
521
509
475
387
342
249
158
116
10
-28
-35
-108
-129
-146
-162
-207
-242
-300
-343
-379
-393
-396
-386
-346
-321
-239
-95
67
275
409
498
551
570
562
529
479
407
343
280
167
116
7
-10
-45
-39
-112
-129
-162
-193
-251
-300
-339
-373
-412
-405
-403
-393
-345
-277
-133
-37
119
387
447
485
511
515
497
419
407
317
257
164
143
1
-29
-34
-108
-135
-173
-190
-236
-269
-327
-386
-421
-444
-460
-428
-411
-367
-319
-172
-44
118
323
411
468
471
468
465
411
359
276
207
148
111
-28
-49
-99
-133
-159
-181
-199
-238
-277
-329
-369
-418
-421
-428
-414
-389
-365
-285
-147
-41
135
351
444
490
503
517
507
451
400
327
257
161
105
20
-21
-34
-81
-117
-124
-157
-203
-245
-295
-337
-371
-407
-402
-385
-349
-333
-253
-118
-44
130
378
468
519
555
550
531
500
419
363
288
207
131
23
-21
-43
-47
-108
-145
-161
-199
-229
-291
-332
-355
-406
-407
-399
-364
-349
-286
-162
-39
131
363
451
495
500
502
498
419
379
323
250
162
143
-12
-34
-50
-115
-130
-165
-185
-234
-262
-332
-367
-413
-428
-428
-417
-397
-383
-321
-190
-42
135
317
419
458
475
484
467
419
347
279
217
148
121
-26
-50
-93
-140
-153
-172
-203
-237
-273
-330
-376
-411
-417
-428
-418
-390
-359
-300
-187
-44
130
340
419
469
499
513
498
457
398
333
266
177
130
26
-14
-34
-43
-86
-129
-163
-171
-225
-282
-309
-354
-386
-387
-393
-383
-332
-284
-162
-61
133
354
470
526
535
551
547
541
451
366
305
214
146
131
-1
-14
-33
-38
-108
-140
-173
-210
-278
-320
-370
-407
-411
-396
-382
-349
-314
-202
-34
116
318
419
478
507
529
507
463
404
340
261
191
118
7
-25
-37
-108
-121
-157
-177
-201
-257
-299
-347
-400
-430
-444
-428
-428
-385
-332
-245
-61
111
271
371
419
483
483
483
419
372
305
232
170
123
2
-29
-38
-111
-135
-153
-185
-217
-277
-307
-366
-402
-453
-447
-437
-428
-393
-332
-225
-42
123
323
389
475
511
514
499
481
418
340
287
210
126
119
-2
-39
-55
-108
-133
-141
-175
-203
-243
-341
-363
-396
-402
-396
-391
-349
-300
-220
-44
116
308
419
527
547
547
555
522
469
411
322
244
167
121
2
-6
-29
-49
-108
-122
-163
-193
-250
-317
-343
-391
-398
-406
-391
-365
-314
-250
-76
70
275
399
475
511
531
500
483
418
347
293
218
138
107
-14
-47
-93
-108
-157
-181
-189
-238
-294
-337
-392
-418
-441
-453
-416
-403
-349
-282
-121
-14
207
358
419
468
475
486
446
405
335
260
175
123
19
-31
-44
-119
-134
-151
-173
-225
-249
-289
-341
-397
-426
-433
-437
-414
-393
-360
-284
-101
-41
223
379
456
489
511
515
491
419
366
295
235
154
126
-5
-33
-34
-108
-129
-159
-174
-205
-263
-300
-334
-379
-402
-411
-382
-335
-312
-251
-77
94
277
405
499
523
543
547
515
458
391
331
259
179
114
2
-18
-46
-71
-106
-140
-151
-193
-254
-327
-358
-385
-398
-384
-378
-347
-337
-245
-95
-22
246
390
464
507
526
507
500
419
369
295
227
147
115
-32
-42
-111
-114
-149
-173
-205
-235
-302
-349
-380
-426
-428
-425
-405
-393
-357
-293
-140
-46
122
353
419
465
481
491
467
404
347
286
210
139
123
-14
-38
-123
-130
-162
-172
-196
-232
-289
-341
-380
-406
-432
-423
-425
-375
-337
-285
-145
-43
123
369
461
490
523
511
483
470
398
339
265
174
122
7
-32
-29
-94
-121
-135
-172
-199
-237
-294
-341
-368
-381
-378
-363
-341
-300
-265
-114
-29
163
403
472
519
542
555
519
499
419
355
279
215
133
27
-12
-39
-50
-93
-123
-140
-173
-235
-286
-333
-365
-396
-392
-391
-349
-293
-241
-119
-41
134
373
469
495
531
509
483
419
373
311
227
155
129
-27
-31
-101
-135
-141
-177
-190
-236
-283
-331
-369
-413
-417
-428
-402
-371
-353
-299
-146
-39
119
347
419
458
475
486
451
392
338
267
190
131
7
-34
-49
-143
-170
-175
-196
-241
-271
-314
-357
-403
-423
-446
-433
-404
-389
-341
-253
-55
99
276
387
463
491
511
495
461
390
319
287
213
130
36
-31
-44
-106
-115
-150
-166
-189
-235
-264
-338
-382
-381
-399
-377
-384
-343
-300
-196
-41
123
313
419
486
520
535
533
500
419
375
325
242
158
126
1
-14
-61
-42
-107
-149
-171
-214
-259
-335
-367
-365
-400
-364
-350
-332
-281
-185
-45
126
325
419
472
500
517
499
451
379
317
254
186
126
9
-27
-42
-107
-131
-140
-186
-208
-253
-293
-349
-393
-407
-424
-396
-382
-365
-300
-187
-41
139
313
409
458
479
468
446
407
354
291
228
148
123
-12
-50
-110
-140
-150
-173
-202
-238
-268
-342
-379
-412
-435
-412
-414
-396
-373
-297
-184
-31
119
331
406
468
499
495
463
419
375
309
245
167
116
18
-33
-44
-78
-130
-138
-171
-203
-225
-277
-346
-358
-399
-382
-391
-349
-310
-250
-121
-42
131
386
463
503
515
534
519
478
411
337
271
191
129
63
3
-27
-50
-41
-108
-135
-170
-214
-273
-316
-343
-372
-377
-369
-362
-316
-238
-125
-28
132
367
451
485
500
521
486
419
376
317
234
151
121
20
-37
-45
-99
-105
-149
-171
-210
-263
-315
-373
-389
-418
-433
-399
-373
-357
-272
-160
-41
126
343
416
462
467
485
482
404
330
266
196
135
126
-26
-45
-105
-129
-156
-177
-203
-227
-285
-332
-386
-414
-428
-428
-407
-380
-358
-289
-155
-34
118
347
414
458
483
486
449
404
351
291
234
159
133
-12
-31
-46
-101
-118
-126
-172
-202
-263
-301
-344
-373
-365
-375
-365
-332
-327
-251
-104
-33
221
387
458
495
515
507
503
451
383
335
250
167
142
14
-26
-53
-45
-85
-126
-141
-170
-236
-271
-330
-345
-364
-373
-377
-337
-305
-237
-76
23
257
371
419
491
503
491
475
411
359
303
209
135
123
-13
-22
-39
-98
-140
-138
-182
-207
-251
-310
-364
-398
-392
-416
-389
-355
-339
-269
-140
-35
134
333
395
419
467
465
446
395
340
265
183
131
14
-35
-54
-110
-154
-151
-173
-205
-232
-277
-335
-377
-410
-412
-418
-400
-367
-332
-281
-122
-33
129
347
407
458
478
491
456
400
339
282
212
117
131
-13
-44
-42
-105
-130
-125
-171
-187
-239
-286
-343
-367
-396
-369
-348
-323
-327
-218
-62
97
276
407
463
490
521
507
493
458
387
309
244
147
126
0
-28
-47
-44
-74
-100
-134
-185
-231
-277
-301
-332
-364
-364
-362
-329
-304
-236
-66
112
275
391
449
486
500
513
483
414
355
289
203
126
108
-12
-41
-32
-117
-133
-145
-177
-202
-251
-310
-339
-375
-409
-396
-397
-366
-332
-262
-108
-33
137
351
410
463
470
468
419
363
317
251
170
123
1
-28
-59
-125
-133
-147
-156
-196
-236
-279
-341
-387
-414
-425
-414
-406
-375
-349
-277
-135
-24
146
319
398
453
457
461
419
387
341
291
217
119
106
-26
-31
-49
-104
-123
-123
-165
-191
-245
-299
-339
-370
-376
-365
-363
-337
-301
-234
-76
29
229
372
457
483
497
511
491
449
372
307
243
145
119
11
-27
-39
-43
-59
-81
-125
-169
-229
-268
-317
-346
-363
-364
-349
-326
-295
-225
-76
88
267
372
451
470
486
486
481
419
342
292
209
129
100
-9
-14
-40
-108
-105
-140
-151
-217
-250
-295
-348
-364
-383
-396
-375
-374
-330
-246
-108
-39
119
339
419
419
419
419
404
372
315
244
191
119
-1
-32
-39
-103
-140
-129
-184
-205
-227
-294
-347
-373
-403
-397
-428
-391
-376
-351
-268
-103
-31
148
329
406
419
465
463
419
373
314
251
185
135
38
-9
-28
-37
-93
-108
-142
-163
-172
-246
-287
-338
-360
-375
-364
-345
-335
-311
-232
-62
52
256
385
419
483
498
482
463
406
355
287
234
132
135
18
-29
-37
-39
-44
-94
-117
-151
-193
-246
-301
-343
-357
-334
-353
-305
-288
-217
-93
69
249
375
419
467
483
483
469
409
341
276
196
129
99
19
-39
-38
-59
-107
-140
-153
-173
-223
-291
-326
-370
-396
-400
-384
-345
-333
-270
-133
-47
130
317
390
419
447
458
411
379
321
232
179
129
-3
-33
-58
-108
-115
-140
-141
-193
-209
-250
-300
-351
-396
-425
-410
-421
-396
-354
-303
-190
-47
134
299
390
419
455
419
417
391
323
269
215
139
119
-12
-19
-44
-70
-82
-108
-119
-173
-214
-257
-296
-348
-369
-379
-363
-364
-319
-285
-175
-47
111
304
403
468
483
479
469
458
391
323
273
209
130
85
6
-29
-23
-43
-50
-108
-134
-172
-231
-282
-311
-341
-347
-351
-330
-305
-283
-185
-57
117
299
400
467
483
486
479
419
402
338
256
187
125
19
-29
-35
-61
-76
-117
-129
-155
-203
-237
-300
-338
-373
-369
-383
-397
-353
-320
-245
-86
-40
126
333
405
416
457
457
419
367
302
234
177
119
8
-53
-37
-106
-130
-139
-163
-203
-227
-271
-303
-362
-378
-411
-396
-397
-369
-354
-265
-94
-34
119
347
404
419
419
419
419
385
308
254
181
114
6
-32
-29
-42
-101
-119
-123
-149
-183
-224
-251
-303
-339
-360
-397
-339
-321
-315
-239
-106
-12
133
373
419
461
475
479
458
411
353
287
227
139
131
10
-1
-35
-37
-66
-76
-111
-150
-187
-236
-268
-311
-334
-364
-360
-312
-271
-236
-126
-44
137
340
405
457
469
477
451
413
357
290
210
142
111
7
-22
-39
-41
-117
-133
-151
-166
-205
-259
-297
-339
-360
-378
-375
-362
-327
-290
-191
-41
117
275
359
414
409
419
403
373
329
278
209
123
133
-19
-34
-93
-98
-135
-153
-174
-203
-242
-274
-329
-367
-393
-405
-413
-381
-365
-334
-227
-77
107
250
359
387
407
419
419
399
353
293
227
155
118
-3
-28
-56
-85
-93
-108
-126
-156
-188
-236
-274
-322
-348
-364
-355
-340
-329
-288
-207
-44
117
270
386
419
419
467
469
419
399
335
267
214
121
59
3
-23
-33
-45
-44
-80
-125
-156
-183
-243
-290
-319
-334
-347
-329
-300
-268
-217
-76
105
249
383
419
463
475
468
419
390
334
271
203
148
41
-27
-56
-44
-103
-111
-123
-156
-186
-196
-259
-300
-387
-398
-329
-387
-311
