-262
-286
-330
-395
-453
-524
-580
-605
-582
-524
-454
-349
-241
-107
-37
291
507
675
769
822
805
699
595
499
401
340
262
177
135
11
-37
-130
-174
-211
-237
-241
-281
-316
-402
-473
-535
-579
-582
-553
-492
-399
-296
-172
-49
130
377
591
718
788
799
733
643
532
419
349
276
196
118
50
-28
-41
-198
-234
-258
-254
-273
-325
-373
-489
-549
-605
-616
-613
-560
-482
-387
-295
-140
-44
122
419
613
715
767
747
671
549
454
355
278
211
126
121
-29
-45
-173
-251
-283
-295
-297
-326
-362
-433
-513
-571
-605
-610
-584
-508
-428
-324
-216
-70
101
356
519
692
755
769
715
624
511
419
343
267
203
135
116
-27
-50
-175
-237
-240
-257
-273
-300
-351
-448
-511
-573
-605
-575
-529
-450
-376
-245
-141
-29
199
486
633
753
807
803
727
613
507
419
350
276
199
163
26
-27
-33
-161
-210
-225
-236
-257
-297
-383
-466
-541
-572
-605
-541
-492
-396
-302
-201
-63
128
342
533
683
762
790
737
657
534
414
337
289
212
139
116
-12
-44
-188
-239
-252
-274
-284
-316
-379
-439
-534
-578
-621
-605
-538
-485
-394
-289
-169
-43
139
419
597
707
754
730
657
534
419
341
270
197
143
120
-34
-50
-211
-236
-263
-285
-274
-289
-347
-428
-486
-552
-613
-620
-605
-522
-420
-332
-221
-74
114
339
526
665
763
755
714
631
513
419
352
291
209
139
125
-28
-38
-166
-197
-222
-249
-267
-293
-339
-437
-506
-542
-605
-559
-516
-434
-347
-245
-122
-41
279
483
649
767
795
775
724
615
494
383
327
267
195
127
15
-28
-48
-165
-207
-231
-233
-268
-306
-372
-458
-535
-573
-583
-550
-492
-396
-318
-217
-63
115
334
527
667
759
759
723
628
531
419
340
259
205
135
54
-19
-43
-153
-210
-253
-257
-282
-311
-364
-430
-524
-570
-615
-605
-556
-492
-407
-309
-193
-44
122
384
563
679
725
724
667
569
466
371
297
227
166
121
-35
-41
-146
-186
-229
-256
-269
-294
-340
-405
-469
-545
-585
-605
-573
-524
-434
-349
-235
-117
-31
227
450
623
711
767
737
653
564
457
383
307
241
171
118
9
-39
-108
-172
-214
-233
-246
-275
-330
-379
-449
-531
-574
-561
-530
-462
-372
-284
-157
-41
125
372
563
711
803
803
752
659
553
454
361
297
229
154
103
-5
-41
-152
-201
-220
-232
-262
-280
-353
-441
-501
-551
-567
-579
-524
-460
-366
-262
-156
-41
122
413
567
707
775
751
667
593
482
395
309
237
171
121
-1
-34
-142
-200
-237
-253
-274
-306
-351
-410
-464
-549
-605
-605
-567
-524
-446
-377
-266
-140
-37
139
419
596
683
718
695
624
537
419
349
290
214
147
122
-17
-53
-179
-227
-234
-275
-287
-297
-349
-407
-478
-547
-605
-605
-550
-487
-407
-296
-209
-57
111
342
535
691
775
790
711
623
519
419
355
283
225
139
123
-28
-37
-166
-203
-231
-236
-241
-295
-348
-417
-463
-524
-565
-540
-497
-428
-335
-236
-125
-34
127
419
626
743
799
788
709
615
501
404
325
266
201
121
34
-29
-77
-193
-203
-253
-256
-265
-331
-386
-475
-532
-571
-605
-546
-489
-405
-312
-234
-95
-23
267
478
634
715
755
724
639
543
419
339
276
212
139
117
-27
-35
-195
-236
-268
-283
-300
-332
-366
-453
-524
-572
-605
-607
-582
-520
-417
-322
-213
-69
117
340
529
659
747
751
692
590
490
357
307
239
171
151
6
-39
-135
-203
-241
-253
-262
-283
-313
-387
-458
-519
-575
-605
-553
-502
-431
-331
-237
-114
-26
119
419
628
731
779
759
705
587
491
375
305
247
186
133
25
-34
-117
-193
-213
-239
-240
-263
-317
-359
-428
-505
-547
-540
-520
-460
-369
-278
-188
-58
101
306
505
660
755
789
755
657
555
468
395
317
245
163
117
-5
-59
-171
-215
-242
-253
-269
-301
-346
-415
-501
-543
-582
-605
-533
-460
-377
-279
-169
-52
123
387
571
675
735
730
675
574
475
338
311
243
181
127
3
-42
-151
-221
-267
-286
-293
-318
-347
-402
-486
-550
-605
-606
-581
-537
-478
-367
-280
-162
-41
122
419
593
714
743
718
661
545
450
352
299
222
163
122
-6
-33
-139
-205
-250
-239
-257
-290
-326
-393
-468
-539
-559
-587
-540
-494
-415
-316
-213
-82
93
323
499
653
755
785
751
658
558
419
369
306
221
163
127
3
-37
-140
-203
-220
-217
-235
-268
-323
-389
-451
-513
-553
-540
-505
-437
-362
-253
-155
-44
115
394
596
699
779
775
703
617
483
395
330
247
169
133
39
-25
-96
-185
-214
-266
-273
-290
-323
-390
-458
-534
-574
-605
-567
-520
-428
-360
-239
-127
-44
196
453
611
719
743
707
643
531
419
339
259
190
143
50
-28
-44
-182
-230
-266
-281
-293
-316
-362
-412
-500
-558
-620
-605
-576
-503
-401
-335
-222
-108
-25
276
475
619
719
737
715
614
511
419
351
283
212
121
107
-25
-59
-160
-221
-233
-246
-274
-307
-345
-422
-486
-546
-572
-557
-527
-444
-350
-253
-133
-44
117
419
597
719
767
755
693
596
503
404
338
273
198
139
67
-27
-45
-154
-203
-221
-233
-255
-306
-366
-431
-502
-543
-561
-550
-478
-399
-315
-203
-78
31
285
489
624
727
759
726
659
551
450
359
306
234
154
148
-11
-44
-154
-193
-247
-257
-271
-302
-363
-428
-492
-552
-605
-572
-552
-491
-402
-316
-194
-54
121
347
533
655
739
727
661
561
464
369
293
223
167
130
-1
-45
-129
-217
-258
-265
-273
-294
-341
-385
-462
-517
-605
-605
-605
-540
-459
-367
-267
-153
-43
117
419
606
698
755
735
650
543
419
363
293
241
163
130
5
-31
-146
-185
-221
-235
-253
-268
-327
-385
-457
-525
-555
-556
-529
-475
-391
-300
-198
-64
103
319
497
659
771
797
743
660
564
459
390
307
257
180
135
33
-37
-113
-173
-210
-198
-227
-268
-327
-398
-460
-528
-558
-567
-514
-459
-379
-274
-178
-47
117
361
559
687
737
739
692
600
494
383
327
253
178
129
20
-37
-99
-181
-227
-233
-269
-281
-306
-374
-448
-524
-557
-582
-577
-537
-460
-375
-262
-155
-40
145
367
555
670
727
707
631
549
419
350
279
211
154
128
-15
-47
-156
-205
-253
-267
-269
-299
-332
-402
-470
-540
-605
-606
-572
-508
-412
-327
-226
-94
-29
254
459
623
731
767
729
647
561
450
362
293
221
163
121
-6
-47
-150
-203
-231
-248
-262
-284
-315
-396
-471
-537
-555
-556
-501
-446
-367
-259
-165
-46
137
395
585
715
789
807
739
645
523
419
359
291
217
138
115
-12
-28
-172
-221
-225
-225
-241
-288
-348
-427
-489
-541
-553
-551
-502
-403
-347
-247
-150
-54
127
418
609
718
751
742
660
545
453
373
297
228
158
129
-9
-28
-143
-193
-234
-262
-261
-292
-332
-414
-476
-553
-579
-583
-565
-517
-448
-364
-258
-124
-30
203
457
607
699
735
691
618
487
403
308
246
175
129
33
-12
-43
-171
-237
-251
-270
-268
-307
-357
-425
-486
-553
-581
-605
-539
-462
-375
-281
-188
-50
116
356
545
695
753
763
699
613
510
403
315
254
201
138
111
-28
-47
-167
-203
-229
-237
-251
-265
-329
-411
-483
-540
-549
-551
-508
-423
-305
-219
-113
-44
127
419
626
739
799
771
707
601
483
395
317
255
195
131
50
-29
-38
-172
-203
-236
-250
-278
-307
-369
-449
-507
-556
-581
-549
-485
-399
-315
-215
-109
-37
263
478
626
709
747
713
642
525
405
353
269
199
135
131
-27
-37
-172
-225
-258
-272
-284
-303
-357
-433
-519
-605
-606
-614
-568
-497
-418
-321
-215
-65
123
347
547
667
745
726
663
575
455
372
293
228
158
135
11
-42
-133
-217
-245
-259
-274
-269
-300
-364
-424
-515
-553
-577
-555
-514
-431
-347
-224
-125
-43
127
419
615
722
775
735
670
561
447
362
293
239
175
121
11
-37
-109
-179
-203
-214
-234
-227
-274
-364
-423
-506
-537
-535
-503
-439
-364
-289
-171
-55
118
343
517
671
755
789
737
629
519
419
353
283
239
150
122
-11
-37
-157
-208
-222
-236
-268
-297
-332
-396
-477
-533
-567
-574
-515
-455
-377
-280
-160
-29
118
377
564
663
743
727
661
563
463
355
295
226
171
138
5
-31
-123
-199
-245
-266
-284
-259
-345
-396
-475
-539
-586
-605
-605
-525
-451
-396
-275
-145
-46
126
414
587
689
744
692
622
519
410
309
251
199
142
126
-5
-46
-151
-201
-234
-249
-254
-279
-329
-381
-455
-514
-550
-546
-524
-478
-390
-293
-173
-54
116
351
530
659
724
761
691
597
498
401
331
262
213
149
119
-15
-43
-143
-172
-205
-213
-220
-263
-320
-383
-453
-497
-545
-515
-469
-396
-332
-227
-115
-47
116
409
581
683
755
731
671
568
469
383
305
244
179
123
21
-21
-103
-171
-221
-225
-243
-273
-318
-366
-453
-526
-557
-556
-528
-476
-396
-318
-211
-97
-17
198
419
616
686
724
690
603
483
389
311
246
197
134
54
-40
-44
-192
-229
-258
-279
-279
-307
-370
-441
-492
-555
-580
-605
-555
-481
-396
-306
-201
-63
123
318
501
641
697
707
654
573
454
359
293
242
183
148
21
-21
-47
-167
-221
-248
-245
-262
-276
-340
-412
-481
-524
-551
-545
-487
-430
-342
-223
-27
-37
127
419
594
713
753
731
651
547
446
371
311
241
183
131
30
-19
-43
-158
-186
-214
-236
-253
-298
-360
-425
-487
-535
-531
-496
-438
-362
-285
-188
-50
116
319
502
643
715
775
695
603
503
404
331
263
211
145
101
-11
-44
-157
-210
-231
-268
-284
-312
-349
-429
-476
-528
-553
-556
-500
-438
-363
-251
-165
-57
129
371
539
662
709
697
619
531
419
342
257
185
148
130
-12
-49
-165
-231
-255
-282
-293
-318
-343
-382
-470
-534
-569
-605
-551
-492
-429
-363
-216
-119
-39
125
419
591
690
719
690
613
523
410
335
276
215
148
126
-7
-44
-156
-201
-230
-236
-254
-285
-318
-393
-453
-515
-540
-544
-505
-441
-357
-265
-150
-47
127
355
538
681
746
757
703
611
497
401
327
291
228
146
139
3
-44
-124
-182
-203
-213
-237
-273
-326
-387
-460
-524
-543
-512
-469
-407
-309
-222
-109
-28
143
404
571
699
741
719
645
539
454
350
291
219
153
134
13
-55
-147
-191
-235
-261
-263
-276
-321
-365
-444
-521
-567
-563
-539
-474
-391
-311
-203
-94
-11
259
451
599
671
692
650
579
469
379
307
245
173
123
35
-34
-66
-185
-240
-265
-289
-293
-305
-367
-403
-472
-539
-566
-539
-521
-466
-363
-271
-165
-39
121
374
563
667
723
713
649
533
419
351
309
226
171
135
20
-26
-109
-185
-210
-223
-242
-259
-287
-338
-428
-478
-524
-540
-521
-460
-373
-293
-178
-53
97
295
485
633
747
767
731
649
537
455
367
299
254
181
117
18
-32
-82
-172
-201
-213
-225
-246
-301
-367
-433
