-243
-177
-143
-101
-31
141
418
649
827
899
857
726
567
395
229
146
15
-26
-151
-232
-290
-325
-317
-281
-223
-157
-113
-95
-108
-172
-251
-332
-390
-381
-332
-261
-204
-153
-108
-33
143
419
646
821
881
815
693
543
357
197
148
-12
-31
-185
-257
-319
-348
-345
-315
-249
-190
-137
-122
-140
-197
-286
-364
-405
-396
-348
-271
-206
-173
-118
-28
139
408
643
809
853
794
675
515
337
181
135
-17
-117
-203
-273
-330
-355
-346
-302
-243
-186
-141
-115
-134
-192
-285
-358
-395
-382
-330
-259
-191
-155
-107
-28
142
419
678
845
887
826
697
532
346
199
148
-5
-31
-173
-257
-313
-333
-322
-277
-214
-157
-111
-97
-113
-186
-268
-335
-381
-365
-301
-230
-177
-131
-66
-22
143
485
724
873
913
830
695
530
351
193
146
-15
-29
-181
-253
-303
-332
-318
-280
-207
-167
-114
-108
-127
-197
-297
-366
-409
-395
-322
-245
-189
-141
-69
-27
148
509
726
859
875
779
647
478
294
150
39
-28
-149
-229
-289
-341
-372
-325
-249
-221
-191
-137
-133
-169
-236
-335
-404
-428
-395
-327
-251
-207
-150
-73
-17
267
535
739
849
842
735
599
419
259
151
14
-29
-158
-236
-298
-351
-354
-320
-274
-214
-151
-115
-114
-158
-246
-331
-395
-412
-367
-300
-229
-172
-111
-37
123
379
628
815
902
855
739
591
403
244
143
19
-22
-159
-231
-298
-329
-332
-293
-227
-171
-121
-87
-99
-150
-237
-323
-373
-389
-332
-258
-181
-141
-79
-28
147
447
675
858
907
849
718
557
386
212
146
-5
-28
-174
-259
-317
-346
-332
-297
-236
-172
-111
-108
-120
-181
-284
-364
-415
-405
-338
-268
-204
-156
-86
-27
142
491
712
852
871
775
643
482
293
148
47
-23
-143
-219
-299
-343
-366
-346
-290
-236
-173
-134
-123
-159
-236
-326
-402
-439
-411
-341
-261
-204
-151
-64
-20
317
567
769
852
841
727
595
410
244
149
16
-33
-161
-241
-305
-343
-348
-321
-268
-193
-139
-109
-107
-159
-241
-325
-384
-405
-364
-300
-219
-158
-108
-29
135
407
651
839
905
847
715
563
381
218
143
4
-26
-159
-237
-302
-333
-320
-282
-222
-157
-109
-85
-103
-157
-237
-326
-378
-386
-326
-252
-189
-143
-77
-26
144
471
692
853
883
807
679
515
330
183
143
-11
-73
-193
-271
-323
-348
-331
-283
-229
-163
-121
-105
-133
-204
-300
-377
-418
-396
-332
-267
-204
-157
-93
-23
147
507
723
839
841
739
603
419
257
147
18
-37
-158
-236
-305
-351
-361
-345
-289
-220
-167
-140
-123
-169
-239
-329
-396
-426
-396
-321
-242
-190
-147
-71
-12
339
571
766
843
803
691
551
379
222
147
-1
-30
-162
-236
-298
-346
-339
-305
-251
-172
-130
-107
-103
-156
-236
-321
-380
-391
-351
-273
-207
-160
-114
-32
137
419
659
820
863
793
675
529
340
191
147
1
-31
-165
-250
-299
-325
-318
-268
-216
-141
-113
-105
-108
-165
-256
-334
-382
-385
-322
-245
-189
-146
-105
-28
143
470
685
825
843
753
628
467
289
154
62
-19
-122
-204
-279
-331
-348
-327
-275
-220
-158
-121
-105
-139
-201
-291
-364
-396
-390
-326
-241
-201
-161
-103
-28
147
521
715
819
803
698
571
400
243
147
15
-33
-154
-235
-300
-348
-349
-323
-265
-202
-146
-117
-118
-141
-215
-305
-374
-394
-365
-295
-213
-166
-140
-75
-12
331
571
759
842
811
705
559
387
231
142
15
-29
-149
-220
-283
-322
-317
-277
-230
-172
-121
-93
-101
-139
-221
-300
-349
-365
-319
-249
-186
-151
-113
-37
127
403
643
814
843
788
675
531
353
203
147
10
-37
-149
-230
-287
-313
-313
-269
-210
-154
-112
-101
-109
-159
-249
-321
-387
-376
-322
-245
-183
-156
-105
-29
142
467
671
802
809
723
596
419
283
151
52
-18
-131
-205
-269
-315
-339
-321
-270
-213
-157
-125
-121
-142
-204
-300
-364
-401
-379
-314
-240
-201
-161
-105
-30
144
493
692
783
767
675
554
391
227
146
10
-31
-152
-225
-294
-334
-337
-315
-265
-204
-150
-122
-119
-144
-220
-302
-371
-391
-359
-277
-215
-170
-140
-74
-26
148
485
695
771
753
651
515
353
195
145
1
-29
-156
-233
-300
-325
-330
-293
-236
-185
-140
-102
-111
-155
-236
-329
-379
-394
-344
-267
-192
-156
-119
-34
127
395
628
788
815
747
641
484
315
166
142
-11
-27
-168
-238
-299
-325
-311
-271
-158
-157
-121
-109
-125
-182
-268
-345
-388
-369
-318
-251
-197
-166
-117
-35
148
457
665
787
775
687
563
405
244
149
19
-28
-140
-217
-298
-334
-354
-332
-287
-226
-172
-131
-127
-160
-234
-317
-390
-412
-380
-319
-241
-193
-171
-108
-38
148
510
697
770
739
633
507
341
195
143
-9
-23
-161
-236
-299
-334
-346
-319
-255
-201
-151
-127
-138
-175
-253
-339
-385
-391
-358
-275
-210
-178
-150
-45
121
372
607
755
793
727
611
468
331
187
157
1
-35
-166
-250
-301
-337
-325
-289
-236
-179
-143
-114
-134
-175
-255
-332
-380
-379
-305
-236
-178
-147
-119
-29
148
419
651
781
795
717
607
449
283
152
70
-15
-73
-177
-250
-303
-318
-304
-268
-218
-161
-125
-111
-134
-204
-289
-362
-395
-375
-309
-243
-189
-162
-121
-29
147
451
655
767
756
661
549
387
234
149
19
-29
-142
-220
-282
-334
-348
-327
-276
-221
-159
-136
-144
-174
-245
-338
-391
-408
-373
-306
-243
-204
-181
-125
-25
151
490
671
755
725
618
500
325
189
147
-12
-27
-154
-233
-294
-342
-339
-305
-252
-206
-154
-126
-120
-157
-234
-311
-370
-389
-332
-268
-202
-170
-140
-71
-12
298
535
721
791
758
662
531
363
221
149
27
-23
-129
-201
-262
-296
-291
-268
-215
-159
-121
-97
-107
-138
-218
-287
-342
-351
-300
-236
-172
-143
-113
-43
115
351
578
746
801
755
651
522
355
213
147
22
-30
-131
-206
-268
-298
-302
-271
-217
-170
-129
-108
-129
-168
-241
-325
-364
-361
-312
-239
-184
-156
-134
-69
30
329
550
722
777
727
623
484
330
180
148
3
-31
-156
-235
-285
-322
-325
-284
-233
-186
-146
-134
-153
-201
-269
-342
-373
-366
-315
-254
-198
-172
-141
-69
43
337
564
717
761
730
621
486
318
180
145
4
-31
-148
-226
-281
-307
-303
-270
-227
-173
-133
-113
-121
-172
-231
-313
-348
-341
-289
-230
-172
-149
-130
-55
38
333
567
743
795
763
651
523
361
223
145
25
-21
-111
-192
-261
-287
-284
-255
-200
-153
-115
-93
-101
-144
-211
-287
-327
-334
-284
-221
-171
-138
-133
-62
-15
309
543
725
798
766
671
543
375
225
147
27
-22
-127
-195
-267
-302
-302
-275
-235
-177
-143
-125
-134
-173
-233
-311
-362
-363
-328
-255
-200
-177
-160
-113
-32
148
482
670
763
749
660
531
372
219
148
23
-24
-131
-206
-271
-313
-319
-300
-250
-204
-168
-141
-141
-177
-241
-310
-359
-367
-330
-269
-207
-177
-172
-140
-29
135
419
631
759
761
682
569
419
261
151
52
-5
-28
-172
-236
-289
-300
-285
-238
-195
-157
-127
-125
-145
-194
-253
-316
-338
-314
-261
-207
-162
-153
-129
-63
91
347
575
746
803
756
640
499
344
199
143
20
-28
-126
-187
-245
-275
-278
-247
-203
-157
-127
-111
-117
-158
-224
-287
-325
-328
-284
-226
-172
-158
-153
-107
-27
143
491
683
779
771
675
551
389
243
148
38
-16
-93
-183
-248
-296
-302
-280
-243
-191
-165
-138
-137
-165
-221
-290
-333
-345
-314
-266
-205
-176
-173
-161
-71
84
355
585
731
758
695
587
449
276
161
68
-14
-28
-162
-226
-289
-310
-309
-275
-226
-177
-147
-140
-151
-193
-242
-306
-345
-338
-295
-225
-181
-172
-165
-129
-29
150
479
683
788
774
675
554
390
241
145
35
-14
-30
-170
-233
-284
-291
-268
-219
-175
-140
-113
-121
-145
-185
-247
-295
-311
-287
-237
-175
-147
-144
-137
-69
11
342
577
745
803
757
643
507
343
201
146
22
-11
-112
-183
-245
-271
-283
-248
-204
-156
-126
-109
-126
-154
-205
-258
-299
-306
-268
-222
-172
-156
-167
-142
-43
130
397
619
747
770
699
578
418
271
142
63
-15
-28
-159
-222
-274
-293
-280
-251
-201
-163
-142
-139
-146
-189
-246
-301
-332
-319
-269
-215
-188
-185
-193
-161
-33
149
451
643
741
733
637
515
353
214
143
20
-25
-108
-177
-236
-282
-295
-283
-235
-201
-159
-140
-135
-160
-201
-256
-301
-321
-289
-233
-179
-157
-171
-170
-102
-29
308
549
725
785
741
628
500
335
194
146
22
-23
-105
-185
-236
-271
-271
-246
-208
-157
-133
-108
-117
-139
-194
-246
-283
-289
-248
-191
-153
-140
-154
-140
-51
123
375
603
743
785
715
599
465
297
167
143
15
-28
-120
-184
-243
-270
-261
-222
-193
-158
-139
-117
-137
-165
-211
-243
-308
-306
-266
-214
-175
-167
-179
-156
-33
135
415
627
739
743
660
545
395
244
145
39
-13
-29
-157
-231
-273
-296
-288
-249
-203
-169
-155
-140
-167
-204
-257
-300
-332
-321
-268
-222
-190
-186
-192
-147
-27
148
459
646
747
719
623
510
353
209
138
24
-15
-73
-172
-239
-277
-287
-269
-227
-179
-157
-129
-129
-159
-190
-247
-289
-302
-269
-229
-182
-158
-160
-170
-110
-29
218
523
707
771
731
627
491
335
203
148
34
-24
-31
-167
-226
-253
-259
-236
-204
-159
-127
-108
-119
-143
-191
-249
-284
-286
-246
-201
-166
-149
-158
-155
-57
115
355
584
727
766
706
585
458
291
165
148
10
-28
-117
-194
-252
-274
-282
-245
-205
-169
-140
-121
-144
-176
-226
-286
-325
-312
-267
-216
-177
-172
-188
-155
-37
135
407
611
723
719
638
523
367
225
148
37
-14
-35
-167
-239
-286
-302
-282
-242
-205
-169
-141
-133
-162
-197
-253
-302
-327
-305
-253
-206
-172
-167
-171
-125
-41
147
500
685
743
711
615
485
337
199
147
21
-17
-37
-162
-232
-262
-270
-249
-207
-167
-142
-112
-108
-145
-197
-256
-298
-302
-267
-205
-153
-140
-157
-140
-58
106
359
587
735
758
703
603
465
305
181
153
27
-22
-42
-169
-230
-257
-255
-221
-173
-142
-117
-109
-122
-157
-218
-271
-306
-295
-243
-190
-165
-158
-162
-123
-27
148
450
643
739
726
639
531
372
233
150
38
-9
-28
-156
-221
-258
-277
-269
-233
-191
-154
-130
-130
-157
-201
-268
-311
-321
-298
-243
-197
-172
-181
-172
-102
-31
281
515
673
723
681
574
419
283
167
139
3
-33
-130
-197
-253
-286
-285
-257
-220
-172
-146
-125
-146
-170
-223
-284
-313
-305
-268
-210
-171
-158
-162
-154
-41
131
397
611
724
724
658
549
399
259
145
131
2
-27
-124
-197
-250
-267
-251
-219
-172
-140
-111
-114
-133
-174
-226
-273
-301
-278
-227
-173
-146
-141
-140
-81
-26
219
515
687
756
723
627
500
353
212
148
47
-12
-25
-145
-213
-251
-257
-236
-201
-150
-125
-108
-117
-157
-201
-262
-289
-300
-263
-213
-172
-146
-159
-149
-59
128
367
585
699
724
647
