849
815
703
559
403
247
130
-6
-37
-143
-173
-204
-247
-281
-281
-291
-296
-314
-311
-304
-318
-346
-358
-405
-393
-322
-253
-157
-43
-13
148
271
419
618
756
823
850
739
597
468
279
133
19
-22
-129
-189
-235
-269
-292
-300
-301
-302
-327
-300
-285
-309
-371
-405
-395
-397
-358
-266
-191
-77
-12
146
157
379
563
699
823
811
755
618
456
308
148
17
-31
-98
-173
-219
-271
-286
-304
-338
-317
-328
-314
-342
-334
-364
-393
-425
-421
-379
-310
-214
-113
-22
90
143
344
523
639
784
843
751
659
527
341
183
134
-21
-42
-157
-194
-245
-265
-277
-293
-301
-310
-311
-295
-310
-352
-361
-396
-384
-370
-314
-237
-143
-29
83
159
329
500
661
756
835
799
696
562
399
250
133
30
-22
-129
-181
-236
-247
-282
-301
-302
-286
-296
-302
-325
-314
-337
-367
-385
-378
-314
-225
-111
-31
3
135
308
459
623
786
867
843
731
602
419
273
139
-1
-26
-140
-165
-223
-270
-275
-300
-303
-325
-326
-307
-303
-345
-346
-392
-411
-407
-342
-265
-183
-74
-27
138
261
406
579
715
839
831
746
595
419
267
133
5
-17
-130
-194
-250
-263
-314
-314
-338
-338
-332
-311
-337
-343
-371
-408
-400
-403
-364
-294
-189
-81
-19
139
183
404
558
717
819
819
757
627
466
322
149
52
-18
-125
-183
-231
-234
-296
-295
-335
-337
-319
-324
-300
-329
-347
-380
-405
-415
-362
-284
-204
-93
-18
134
180
403
565
747
819
857
779
667
484
339
171
123
5
-35
-117
-189
-236
-268
-271
-287
-332
-317
-300
-311
-310
-353
-366
-400
-381
-370
-282
-204
-108
-27
119
151
404
565
724
843
852
801
655
515
311
185
122
-12
-87
-166
-204
-245
-267
-329
-329
-338
-305
-328
-314
-346
-357
-413
-417
-416
-396
-332
-223
-119
-44
107
152
370
539
697
797
850
787
643
495
320
173
131
-10
-138
-178
-231
-262
-300
-310
-349
-319
-338
-318
-331
-330
-365
-385
-427
-422
-393
-314
-225
-135
-31
99
149
362
559
699
826
859
811
673
505
343
209
142
5
-44
-157
-176
-247
-301
-300
-333
-321
-325
-300
-296
-330
-350
-376
-417
-415
-396
-311
-219
-97
-39
91
161
390
559
739
854
875
827
675
526
356
208
143
-22
-6
-135
-205
-254
-288
-320
-323
-307
-296
-303
-305
-312
-326
-387
-406
-425
-383
-296
-222
-129
-33
95
149
371
567
738
851
883
809
657
523
319
185
115
-5
-123
-154
-219
-251
-314
-322
-349
-342
-339
-327
-295
-313
-363
-396
-440
-442
-401
-317
-236
-133
-27
72
167
367
539
735
818
838
757
635
495
329
167
69
-31
-108
-178
-204
-241
-291
-322
-343
-322
-301
-326
-314
-347
-361
-410
-428
-416
-379
-314
-231
-117
-33
107
138
391
584
731
833
863
787
658
483
323
167
142
-27
-79
-149
-204
-240
-265
-283
-303
-314
-284
-287
-309
-319
-357
-364
-412
-425
-382
-314
-200
-122
-47
130
148
401
567
739
863
867
789
679
515
340
180
133
2
-58
-140
-213
-223
-268
-308
-325
-302
-304
-301
-300
-309
-333
-371
-407
-423
-369
-319
-213
-108
-27
97
154
387
586
726
852
839
771
643
483
314
163
38
-5
-122
-155
-221
-267
-279
-328
-309
-332
-325
-287
-314
-338
-376
-396
-426
-429
-376
-327
-257
-108
-26
84
145
387
564
726
827
841
755
635
499
309
148
27
-22
-121
-155
-208
-252
-269
-314
-329
-331
-312
-307
-305
-331
-357
-399
-428
-419
-361
-330
-206
-113
-37
91
147
372
587
739
866
897
783
647
499
350
180
67
-1
-111
-138
-211
-235
-274
-300
-313
-296
-298
-282
-295
-295
-345
-376
-398
-396
-382
-302
-214
-101
-10
93
159
403
607
762
857
879
775
657
491
343
194
139
-21
-63
-161
-207
-220
-288
-291
-301
-319
-301
-301
-305
-314
-338
-405
-435
-435
-411
-342
-234
-141
-27
84
121
382
564
756
867
849
783
641
487
325
150
51
-5
-110
-144
-219
-246
-266
-296
-320
-330
-322
-303
-310
-327
-354
-402
-432
-449
-383
-348
-230
-151
-30
68
170
395
601
756
863
868
791
633
500
303
171
75
-22
-99
-172
-208
-236
-284
-296
-325
-317
-321
-285
-293
-318
-373
-394
-441
-412
-397
-309
-233
-122
-48
113
137
417
611
785
886
898
791
642
485
327
175
55
-9
-73
-159
-198
-245
-283
-285
-331
-322
-301
-305
-283
-296
-312
-361
-416
-416
-360
-305
-204
-123
-15
117
137
418
599
775
874
907
771
647
490
314
155
107
-10
-72
-143
-209
-251
-290
-313
-319
-333
-305
-296
-296
-338
-364
-396
-434
-427
-414
-290
-198
-107
-25
106
162
419
627
775
871
831
755
607
447
289
137
22
-49
-111
-187
-225
-269
-301
-332
-314
-327
-327
-336
-332
-313
-364
-402
-432
-442
-404
-285
-204
-85
-29
103
148
419
597
756
849
852
743
611
451
277
155
18
-12
-105
-169
-221
-267
-295
-309
-311
-327
-296
-303
-305
-314
-364
-399
-437
-413
-362
-300
-223
-111
-39
107
254
447
671
803
871
839
756
601
466
265
135
41
-17
-107
-157
-213
-245
-259
-307
-298
-300
-295
-305
-272
-332
-391
-381
-418
-411
-370
-284
-188
-77
-21
148
299
455
629
803
899
852
761
605
419
267
136
9
-11
-140
-172
-229
-257
-298
-311
-325
-317
-309
-295
-296
-332
-351
-433
-435
-437
-401
-288
-205
-111
3
119
244
447
631
789
870
835
713
575
397
249
131
4
-27
-109
-178
-238
-268
-302
-325
-332
-339
-294
-287
-299
-326
-367
-418
-425
-443
-394
-314
-178
-78
-38
139
286
474
671
811
904
820
715
564
419
226
131
32
-21
-126
-174
-210
-279
-285
-309
-322
-317
-290
-279
-311
-303
-351
-385
-424
-402
-357
-268
-173
-76
-25
133
278
467
674
803
884
857
742
596
419
258
131
3
-2
-113
-169
-211
-268
-281
-300
-312
-286
-286
-279
-289
-327
-366
-409
-431
-410
-369
-296
-185
-95
-34
133
290
500
673
807
859
821
705
579
415
251
157
13
-29
-133
-194
-229
-272
-300
-319
-327
-308
-321
-300
-313
-357
-373
-429
-431
-428
-379
-299
-197
-76
-30
121
279
419
649
779
855
827
717
555
391
243
145
-12
-47
-159
-198
-235
-253
-295
-330
-322
-300
-294
-290
-319
-329
-364
-387
-444
-428
-345
-289
-187
-93
-41
131
261
459
663
799
882
834
717
575
419
271
146
22
-25
-124
-161
-229
-243
-279
-296
-314
-309
-300
-296
-270
-295
-342
-390
-404
-423
-373
-296
-185
-65
-13
126
275
453
667
799
891
851
739
609
450
283
154
36
10
-140
-162
-223
-235
-262
-286
-293
-284
-289
-256
-280
-332
-339
-385
-408
-401
-376
-302
-219
-74
-32
135
161
419
627
779
867
873
747
596
462
277
144
-2
-44
-108
-201
-226
-269
-277
-310
-320
-314
-298
-305
-303
-342
-367
-370
-428
-428
-385
-291
-217
-123
-29
98
128
407
599
761
859
835
762
598
454
279
142
22
-27
-122
-175
-213
-268
-290
-319
-299
-311
-323
-281
-289
-302
-346
-412
-390
-429
-385
-300
-218
-116
-24
115
151
419
598
789
857
867
783
615
473
319
158
81
-13
-97
-172
-211
-273
-284
-309
-294
-314
-284
-279
-282
-291
-340
-396
-412
-415
-364
-285
-208
-69
-30
107
159
419
623
769
867
884
757
635
469
283
151
89
-21
-85
-156
-185
-267
-267
-313
-313
-300
-285
-300
-270
-300
-337
-395
-412
-417
-370
-317
-214
-101
-34
85
139
371
597
762
842
839
746
595
466
308
126
35
-18
-115
-171
-222
-263
-293
-331
-329
-307
-311
-268
-305
-300
-346
-398
-426
-409
-394
-326
-219
-141
-27
20
143
375
571
756
835
846
755
607
470
282
151
22
13
-114
-166
-220
-261
-289
-302
-323
-305
-296
-270
-268
-309
-318
-382
-396
-399
-357
-305
-242
-111
-6
83
125
391
584
725
827
851
761
625
468
322
175
118
1
-27
-141
-207
-221
-279
-283
-284
-303
-280
-268
-261
-282
-296
-353
-391
-399
-375
-311
-197
-113
-52
73
147
353
564
715
839
831
777
654
497
352
179
152
-25
-29
-140
-199
-239
-267
-271
-300
-300
-281
-269
-254
-284
-331
-367
-400
-411
-396
-345
-254
-157
-44
-13
116
291
499
683
785
811
779
651
500
343
192
144
-15
-9
-140
-192
-246
-284
-279
-302
-285
-299
-298
-286
-278
-336
-374
-398
-410
-390
-361
-261
-159
-69
-31
147
258
463
649
785
823
791
674
521
378
226
152
5
-25
-133
-165
-230
-238
-269
-309
-300
-267
-274
-251
-269
-295
-338
-382
-384
-395
-357
-243
-189
-76
-30
155
167
419
609
762
843
811
715
571
402
246
139
31
-27
-95
-150
-170
-217
-250
-268
-274
-238
-262
-249
-254
-268
-328
-366
-363
-383
-345
-279
-182
-104
-30
98
147
387
584
751
838
807
720
607
452
281
161
31
-29
-123
-152
-219
-238
-252
-270
-284
-281
-281
-275
-254
-295
-344
-381
-419
-371
-364
-325
-220
-133
-33
-29
143
313
530
698
795
819
739
628
475
331
169
59
-12
-127
-165
-187
-236
-256
-273
-312
-305
-282
-270
-272
-257
-300
-370
-396
-415
-401
-318
-236
-156
-70
-25
139
319
531
681
803
823
787
647
521
351
185
155
5
-44
-146
-186
-195
-251
-254
-288
-290
-242
-268
-271
-248
-303
-373
-364
-413
-376
-341
-242
-173
-49
-17
147
285
463
655
787
851
794
703
558
387
251
139
3
-25
-105
-145
-214
-245
-267
-273
-274
-275
-273
-253
-253
-282
-342
-393
-383
-381
-328
-284
-172
-66
-22
107
151
417
627
756
811
815
730
571
405
235
148
-12
-18
-127
-151
-217
-240
-290
-270
-294
-300
-279
-262
-249
-307
-332
-383
-389
-422
-382
-338
-216
-126
-27
55
139
355
564
719
787
803
715
564
454
286
143
6
-6
-123
-174
-216
-234
-262
-300
-313
-295
-282
-285
-254
-290
-331
-369
-418
-418
-364
-325
-219
-149
-49
-29
131
321
500
690
786
826
759
643
505
341
178
143
-12
-42
-134
-189
-221
-233
-273
-265
-268
-253
-238
-253
-289
-300
-343
-385
-376
-373
-332
-238
-155
-57
-26
150
291
483
665
792
839
810
683
559
401
226
134
9
-18
-133
-155
-192
-229
-258
-249
-263
-290
-236
-272
-251
-296
-314
-375
-410
-395
-347
-273
-198
-95
-11
131
149
419
627
773
809
803
691
562
399
247
155
22
-3
-136
-172
-217
-243
-273
-299
-300
-285
-278
-277
-256
-296
-327
-378
-409
-405
-373
-319
-233
-97
-41
77
147
379
539
715
787
817
725
602
419
266
142
41
-25
-108
-169
-201
-213
-270
-285
-271
-293
-289
-294
-274
-284
-314
-358
-396
-396
-364
-303
-220
-105
-27
41
139
340
500
681
791
830
758
659
491
347
180
119
18
-26
-141
-190
-214
-254
-253
-270
-280
-253
-275
-238
-245
-289
-332
-370
-395
-378
-333
-241
-137
-35
1
158
308
511
692
809
841
777
667
505
339
209
148
-13
-48
-108
-183
-228
-254
