775
596
366
142
-22
-215
-226
-215
-191
-171
-150
-185
-248
-252
-302
-335
-303
-284
-198
-185
-195
-251
-279
-284
-303
-246
-187
-124
-74
-31
99
119
283
419
648
799
882
815
660
379
150
-17
-243
-301
-259
-273
-240
-198
-233
-257
-310
-325
-359
-359
-321
-303
-233
-239
-229
-254
-325
-326
-336
-304
-181
-122
-57
39
88
127
295
466
737
841
875
787
567
339
121
-44
-262
-290
-270
-198
-176
-173
-172
-242
-266
-286
-300
-303
-236
-207
-171
-165
-201
-254
-265
-288
-256
-204
-87
-46
50
98
135
264
447
646
835
967
927
760
522
291
127
-26
-214
-225
-198
-117
-124
-143
-173
-216
-255
-273
-266
-241
-210
-173
-154
-157
-202
-223
-291
-270
-247
-197
-93
-29
67
105
227
343
543
735
919
950
809
623
349
111
-45
-249
-269
-233
-202
-197
-185
-222
-239
-309
-311
-341
-347
-283
-255
-198
-215
-236
-249
-311
-323
-305
-244
-178
-130
-66
55
115
123
334
547
721
835
805
675
419
221
117
-185
-284
-295
-263
-220
-221
-210
-227
-268
-335
-365
-349
-337
-273
-218
-201
-225
-252
-261
-294
-275
-235
-210
-101
-23
15
116
191
303
489
723
891
919
834
643
409
194
7
-213
-262
-213
-181
-159
-121
-202
-246
-254
-282
-287
-286
-237
-204
-140
-149
-154
-204
-208
-241
-219
-188
-124
-54
53
111
181
281
419
638
820
955
927
784
595
334
116
-44
-235
-242
-205
-170
-140
-173
-178
-225
-278
-311
-298
-302
-241
-229
-204
-199
-190
-219
-291
-299
-223
-218
-130
-76
-47
102
123
281
419
679
846
854
799
629
395
183
-18
-234
-304
-302
-252
-215
-210
-204
-268
-321
-374
-364
-360
-332
-283
-255
-219
-234
-312
-326
-338
-302
-290
-188
-127
-64
66
139
242
417
564
811
879
857
679
483
235
119
-60
-244
-286
-230
-204
-201
-204
-215
-266
-299
-326
-333
-299
-268
-166
-174
-194
-213
-233
-273
-271
-243
-185
-116
-30
55
107
239
318
451
681
859
930
875
697
483
212
121
-53
-215
-204
-186
-151
-129
-154
-177
-214
-262
-282
-291
-268
-197
-165
-106
-178
-204
-244
-279
-263
-244
-160
-76
-38
119
123
261
401
593
807
916
875
779
561
308
105
-44
-251
-268
-230
-177
-168
-193
-219
-246
-316
-300
-332
-313
-284
-236
-220
-221
-214
-266
-303
-310
-269
-253
-149
-65
-26
99
116
225
393
624
762
835
787
627
403
179
-25
-226
-300
-302
-268
-218
-213
-221
-272
-303
-360
-362
-369
-302
-238
-188
-199
-230
-265
-299
-317
-281
-268
-214
-102
-45
67
135
226
323
543
727
897
855
767
570
346
130
-47
-213
-259
-241
-186
-146
-160
-188
-201
-261
-300
-316
-300
-251
-174
-165
-150
-173
-185
-216
-236
-204
-157
-63
-43
69
123
207
303
475
683
882
947
866
702
499
281
110
-67
-234
-229
-186
-172
-129
-160
-205
-211
-249
-311
-319
-300
-239
-187
-182
-209
-219
-252
-246
-279
-222
-178
-109
-48
31
116
114
303
482
691
851
887
770
565
354
116
-21
-230
-274
-266
-235
-188
-193
-213
-282
-262
-334
-354
-374
-333
-254
-269
-249
-257
-271
-301
-300
-319
-249
-186
-95
-26
57
123
249
373
554
755
879
881
681
419
212
148
-204
-283
-278
-247
-190
-213
-204
-225
-284
-330
-359
-364
-285
-236
-185
-187
-178
-221
-251
-262
-279
-233
-157
-82
-28
84
122
227
323
523
715
879
919
809
619
417
167
11
-170
-233
-196
-165
-139
-111
-163
-172
-216
-279
-262
-264
-239
-202
-142
-140
-174
-173
-235
-265
-241
-197
-139
-30
-15
94
215
319
419
627
807
895
853
713
506
276
113
-65
-254
-246
-204
-176
-155
-211
-228
-233
-303
-331
-332
-295
-262
-216
-205
-214
-216
-262
-306
-284
-249
-205
-135
-27
-26
87
106
278
419
634
770
816
739
603
363
160
-23
-244
-323
-274
-268
-205
-204
-234
-282
-323
-332
-330
-353
-311
-284
-194
-181
-210
-262
-313
-316
-314
-236
-166
-79
-53
59
131
249
393
566
787
869
862
718
530
303
115
-6
-235
-275
-207
-191
-137
-143
-156
-236
-291
-286
-301
-278
-255
-177
-124
-151
-153
-212
-233
-202
-227
-188
-71
-55
104
119
219
340
461
677
859
963
907
747
513
261
131
-49
-215
-202
-159
-127
-140
-134
-171
-236
-215
-290
-290
-235
-216
-197
-167
-174
-207
-229
-261
-238
-241
-149
-104
-69
69
100
211
307
499
715
866
905
791
595
315
134
-65
-252
-275
-264
-214
-172
-183
-234
-247
-291
-349
-354
-342
-306
-249
-216
-211
-209
-284
-283
-317
-319
-236
-173
-81
-34
79
98
226
346
533
755
835
831
689
483
230
131
-67
-274
-279
-265
-218
-186
-183
-229
-251
-289
-345
-332
-271
-234
-197
-146
-199
-218
-268
-273
-265
-238
-177
-140
-61
88
106
215
313
466
675
867
886
855
647
419
212
84
-157
-236
-205
-171
-146
-140
-159
-207
-241
-269
-309
-242
-205
-188
-133
-138
-167
-200
-233
-224
-243
-187
-105
-55
-9
109
119
229
374
574
739
931
907
837
587
363
133
-34
-199
-269
-201
-192
-177
-168
-209
-204
-270
-307
-338
-332
-269
-209
-216
-202
-199
-259
-309
-311
-310
-254
-154
-83
-65
99
115
271
419
635
831
882
807
663
399
160
-49
-229
-313
-272
-244
-214
-201
-233
-273
-313
-342
-387
-359
-332
-290
-204
-214
-219
-258
-285
-321
-321
-257
-210
-140
-61
37
113
123
308
479
709
855
891
778
580
366
137
-53
-197
-288
-249
-188
-173
-171
-199
-246
-249
-316
-311
-316
-299
-207
-160
-157
-193
-232
-257
-270
-265
-210
-149
-38
0
137
227
325
517
739
917
983
931
763
531
276
102
-42
-215
-242
-185
-131
-119
-146
-185
-210
-279
-310
-332
-273
-239
-174
-163
-182
-221
-273
-277
-289
-256
-199
-97
-51
79
115
258
375
570
755
915
899
777
581
345
145
-65
-254
-296
-279
-207
-211
-185
-201
-266
-312
-341
-364
-374
-318
-265
-198
-191
-226
-282
-329
-346
-323
-287
-220
-140
-76
73
128
244
405
627
807
884
869
661
419
174
-9
-207
-274
-298
-236
-225
-198
-221
-267
-268
-314
-364
-364
-318
-257
-237
-201
-223
-243
-297
-314
-320
-275
-214
-75
-45
121
130
305
459
643
858
984
927
818
560
297
146
-33
-244
-236
-182
-154
-134
-169
-225
-249
-294
-302
-333
-305
-253
-167
-122
-145
-181
-210
-253
-257
-236
-156
-101
-27
102
130
269
387
563
779
979
981
863
658
407
171
-25
-204
-268
-244
-185
-172
-146
-197
-241
-290
-317
-361
-332
-308
-251
-188
-183
-201
-248
-279
-300
-323
-266
-188
-130
-41
84
142
309
454
641
799
923
884
717
451
221
136
-193
-300
-289
-283
-237
-187
-221
-263
-290
-369
-399
-396
-346
-299
-249
-220
-209
-249
-300
-332
-332
-281
-236
-123
-26
90
148
258
404
579
777
882
927
774
585
315
145
-59
-230
-253
-195
-167
-177
-166
-216
-204
-284
-337
-336
-298
-254
-202
-153
-137
-185
-188
-244
-268
-241
-187
-94
-66
59
121
261
381
534
753
979
1012
895
719
489
239
109
-75
-221
-188
-151
-126
-107
-155
-230
-230
-291
-329
-286
-273
-179
-154
-149
-191
-204
-254
-269
-263
-237
-152
-93
-25
116
233
323
483
715
899
931
907
711
484
246
142
-47
-223
-218
-234
-204
-166
-186
-241
-283
-341
-377
-360
-332
-251
-246
-204
-202
-262
-284
-307
-318
-241
-207
-146
-45
-1
128
212
367
527
723
839
852
760
533
295
116
-55
-249
-269
-272
-199
-202
-171
-192
-242
-307
-358
-365
-331
-298
-211
-173
-204
-226
-268
-285
-305
-283
-210
-140
-62
-18
116
237
321
529
707
885
931
861
691
461
230
147
-151
-253
-237
-193
-150
-142
-159
-198
-252
-281
-317
-283
-257
-218
-174
-137
-140
-171
-216
-249
-238
-204
-121
-57
42
116
227
339
465
679
871
971
931
795
571
326
111
-34
-207
-219
-178
-129
-143
-130
-202
-236
-266
-326
-321
-297
-267
-193
-173
-171
-186
-263
-287
-279
-277
-232
-140
-50
54
96
219
347
510
735
851
919
811
563
330
148
-46
-215
-283
-290
-219
-202
-209
-242
-294
-303
-396
-394
-358
-347
-285
-230
-220
-235
-268
-316
-334
-318
-277
-173
-94
-41
79
135
249
398
643
803
891
859
673
469
244
122
-66
-261
-266
-209
-202
-187
-174
-226
-242
-301
-338
-338
-281
-225
-193
-126
-158
-216
-236
-274
-249
-219
-179
-69
-46
98
138
276
392
629
788
911
895
834
601
374
171
15
-169
-223
-171
-140
-140
-129
-142
-184
-233
-268
-266
-268
-233
-151
-106
-130
-171
-200
-197
-233
-235
-185
-118
-38
83
141
234
331
465
675
850
916
843
683
484
230
126
-65
-238
-253
-214
-200
-169
-146
-188
-234
-297
-332
-321
-268
-216
-215
-173
-177
-256
-254
-299
-302
-258
-204
-107
-73
79
123
237
308
515
714
826
835
725
522
308
127
-29
-244
-287
-285
-241
-190
-185
-187
-249
-310
-326
-368
-320
-276
-223
-187
-229
-236
-272
-289
-300
-241
-199
-136
-42
41
100
177
326
470
673
857
855
847
665
419
194
111
-73
-205
-187
-197
-156
-129
-142
-172
-230
-268
-278
-257
-256
-190
-163
-140
-168
-197
-197
-225
-194
-165
-101
-55
70
94
244
339
466
634
823
923
919
789
567
363
119
-12
-171
-200
-206
-129
-120
-145
-172
-185
-222
-257
-313
-281
-206
-172
-193
-185
-214
-194
-273
-247
-239
-191
-131
-74
48
115
211
311
470
694
833
863
770
643
405
180
33
-188
-236
-229
-191
-172
-215
-209
-255
-277
-337
-343
-347
-314
-225
-219
-204
-243
-272
-314
-326
-309
-267
-179
-79
-55
111
119
271
394
581
755
867
839
715
498
230
138
-43
-226
-249
-204
-199
-157
-174
-220
-230
-289
-304
-325
-279
-241
-162
-169
-165
-201
-257
-268
-239
-230
-172
-99
-54
80
114
240
377
569
739
887
928
807
623
395
170
19
-152
-227
-190
-127
-137
-110
-129
-173
-225
-254
-268
-234
-202
-173
-53
-121
-157
-178
-227
-226
-202
-172
-110
-15
97
129
267
356
474
694
855
948
853
713
466
254
145
-60
-199
-205
-201
-172
-181
-174
-190
-265
-300
-317
-297
-263
-202
-187
-192
-190
-222
-247
-268
-268
-247
-156
-81
-29
86
138
249
375
607
777
859
819
706
479
244
107
-56
-269
-289
-236
-213
-221
-234
-275
-286
-324
-364
-342
-331
-271
-237
-188
-218
-225
-284
-295
-325
-292
-219
-139
-61
59
116
233
359
543
739
887
859
786
571
323
129
-5
-225
-249
-216
-188
-156
-179
-199
-225
-273
-299
-332
-268
-221
-181
-165
-137
-187
-220
-246
-238
-236
-193
-97
-81
85
163
276
399
551
783
959
931
852
661
459
191
104
-108
-218
-172
-199
-157
-126
-167
-220
-210
-295
-300
-293
-249
-193
-140
-172
-174
-204
-268
-294
-268
-226
-162
-55
-15
123
205
319
466
698
838
899
803
635
419
185
38
-197
-274
-272
-233
-198
-181
-218
-252
-282
-343
-342
-364
-295
-251
-221
-181
-213
-285
-301
-300
