-31
81
139
262
305
321
319
290
253
206
169
142
14
42
-11
-12
1
-21
6
20
17
31
-10
-33
-122
-153
-184
-175
-191
-202
-197
-220
-189
-106
-41
116
153
282
308
318
291
259
223
211
181
101
35
-1
-10
-28
-32
-34
-27
-10
-7
-12
-39
-102
-139
-197
-236
-205
-185
-229
-234
-231
-165
-59
-35
135
213
266
287
290
255
219
182
144
135
51
15
-11
-29
-28
-31
-35
-31
-29
-12
-39
-32
-170
-165
-185
-213
-209
-210
-215
-235
-201
-119
-17
111
151
261
281
306
291
256
213
170
148
135
39
9
-10
-16
-22
-23
-19
7
4
-13
111
-49
-108
-76
-183
-191
-203
-209
-213
-204
-139
-39
-5
163
227
278
299
304
289
255
206
159
152
84
35
12
-12
-25
-23
-12
9
10
3
-12
-31
-94
-141
-172
-189
-199
-207
-219
-225
-189
-99
-21
126
138
270
293
298
279
248
209
154
135
82
26
-2
-27
-29
-34
-29
-39
-13
-12
-12
-27
-103
-142
-172
-194
-204
-214
-229
-226
-222
-154
-59
-12
134
217
263
289
282
255
217
170
-313
-335
-379
-412
-29
-60
-45
-42
-28
-50
23
-7
-28
-33
-129
-156
-177
-204
-197
-204
-213
-227
-186
-108
-28
110
143
258
282
298
282
241
214
161
146
133
52
-429
-438
-445
-428
-33
-63
-1
15
-2
-28
-31
-117
-153
-172
-185
-186
-195
-204
-199
-142
-39
7
153
253
287
311
307
279
244
205
151
147
74
35
-5
-11
-28
-506
-487
-460
-453
-28
-17
-29
-101
-140
-159
-185
-187
-192
-201
-206
-185
-105
-29
89
145
314
283
308
285
244
211
159
148
99
38
-2
-25
-22
-28
-29
-25
-30
-501
-506
-533
-561
-133
-168
-197
-204
-201
-204
-236
-230
-154
-76
-26
116
148
244
275
277
250
218
198
143
133
53
14
-15
-27
-32
-51
-5
-27
-82
-7
-46
-14
-108
-151
-172
-189
-204
-199
-204
-217
-203
-130
-27
83
143
247
271
299
277
251
212
171
149
135
55
19
-13
-9
-53
-34
-4
9
-2
-5
-12
-25
-107
-79
-172
-172
-173
-188
-189
-204
-140
-42
-49
122
215
276
298
307
285
244
202
155
154
95
38
7
-15
-19
-26
-13
2
11
6
-22
-27
-78
-140
-158
-185
-187
-199
-200
-213
-204
-139
-29
80
121
244
265
275
298
244
244
191
170
105
42
3
-17
-25
-28
-29
-28
-31
2
-14
-27
-76
-130
-166
-185
-203
-205
-215
-204
-224
-185
-100
-30
117
143
247
273
250
229
265
181
145
134
50
19
-13
-27
-37
-35
-35
-34
-22
-18
-24
-33
-113
-146
-175
-191
-198
-209
-232
-225
-187
-129
-28
113
148
255
281
306
287
244
207
163
147
84
42
10
-13
-26
-26
-15
-26
-10
-6
-15
-12
71
-123
-149
-172
-171
-204
-203
-209
-203
-140
-29
71
148
251
291
311
299
272
237
200
150
133
57
53
-17
-15
-21
-13
-5
11
20
14
-11
-25
-109
-141
-170
-187
-203
-211
-222
-223
-190
-72
-28
118
149
261
293
307
275
233
247
155
151
56
-18
-11
-18
-17
-31
-41
-22
3
-9
-23
-34
-105
-142
-181
-199
-205
-222
-233
-236
-221
-140
-41
55
132
234
264
287
273
239
197
151
117
71
26
-1
-17
-33
-30
-32
-29
-26
-14
-17
-29
-80
-134
-172
-189
-204
-202
-138
-225
-221
-170
-67
-25
138
218
270
279
294
294
259
184
162
146
54
25
-10
-6
-25
-21
-17
3
19
6
-12
-23
-93
-135
-158
-175
-181
-188
-202
-210
-178
-101
-28
116
139
264
294
311
295
259
219
171
147
148
46
20
4
-26
-27
-13
3
22
15
-7
-15
-31
-137
-155
-172
-182
-201
-203
-218
-215
-153
-45
-22
146
225
266
295
290
259
229
180
147
135
43
3
-13
-28
-31
-28
-35
-28
-5
-1
-23
-28
-118
-149
-171
-199
-201
-221
-226
-233
-203
-119
-26
103
147
244
275
279
262
241
181
141
134
52
4
-10
-28
-33
-39
-29
-29
-28
-14
-14
-22
-93
-121
-167
-176
-187
-201
-202
-223
-213
-145
-47
-2
132
248
244
305
289
255
212
182
147
139
52
7
-30
-28
-26
-25
-6
1
15
3
-11
-23
-105
-140
-172
-176
-183
-190
-199
-197
-159
-75
-23
132
151
287
303
308
290
255
199
163
155
84
-12
-5
-9
-27
-26
-9
7
16
13
-7
-28
-37
-223
-209
-197
-178
-195
-204
-218
-208
-130
-28
61
141
238
267
279
319
245
218
214
147
84
34
1
-17
-29
-22
-21
-28
-9
-8
-22
-25
-31
-122
-159
-178
-203
-199
-219
-231
-236
-191
-101
-18
116
148
244
273
287
247
219
185
147
137
43
8
-12
-29
-30
-35
-29
-29
-23
-6
-14
-29
-107
-143
-172
-185
-190
-204
-211
-222
-201
-139
-35
97
143
276
263
303
289
247
212
171
154
107
37
-7
-13
-29
-28
-11
-11
10
15
2
-21
-41
-117
-137
-167
-176
-187
-199
-201
-203
-170
-58
-25
131
234
280
302
317
291
248
209
155
147
67
34
-7
-10
-33
-30
24
-23
33
4
-1
-24
-97
-145
-163
-182
-187
-223
-220
-258
-190
-108
-29
111
148
257
291
294
283
250
230
146
143
79
23
-12
-26
-469
-443
-430
-402
-401
-25
-21
-33
-108
-153
-172
-204
-211
-220
-242
-247
-222
-157
-53
-14
135
229
267
291
278
238
202
166
145
80
19
-17
-34
-39
-31
-28
-37
-444
-428
-428
-450
-480
-140
-165
-186
-207
-137
-270
-236
-239
-171
16
30
143
203
290
308
290
276
248
197
154
145
69
33
-5
-32
-16
-25
-12
6
20
9
-5
-476
-510
-537
-556
-506
-197
-204
-215
-220
-183
-93
-28
128
150
275
308
321
303
271
232
178
147
138
38
3
-10
-13
-25
-12
7
17
10
0
-23
-69
-140
-167
-633
-624
-620
-642
-263
-213
-133
-33
79
138
255
279
307
299
274
213
163
148
159
57
17
-23
-28
-29
-29
-17
-7
6
-12
-33
-101
-140
-177
-205
-217
-236
-241
-248
-238
-184
-81
-29
126
177
266
293
290
272
229
185
148
139
38
7
-14
-35
-33
-22
-44
-29
-28
-28
-17
-31
-120
-170
-201
-210
-223
-236
-246
-246
-186
-83
-29
131
221
270
309
319
287
242
210
162
142
67
31
33
-13
-13
-17
-21
17
15
9
-12
-31
-99
-146
-177
-202
-205
-215
-232
-229
-189
-98
-29
130
226
295
310
335
306
279
227
180
142
133
46
1
-9
-23
-15
-1
7
15
11
-13
-28
-94
-149
-175
-204
-221
-231
-242
-253
-198
-119
-30
119
144
259
309
319
293
262
213
165
145
81
27
-8
-19
-31
-28
-25
-7
2
1
-21
-28
-111
-156
-202
-218
-237
-241
-261
-253
-234
-146
-41
67
139
262
277
303
293
259
206
163
148
67
32
0
-21
-33
-33
-29
-21
-18
2
-19
-28
-106
-149
-197
-205
-230
-236
-253
-262
-237
-154
-44
70
139
259
291
327
319
279
231
183
147
147
52
13
-9
-17
-17
-15
15
19
15
7
-17
-24
-119
-140
-190
-211
-210
-218
-237
-218
-153
-43
57
144
270
312
341
329
297
258
214
158
143
67
26
-1
-11
-7
1
-13
-1
11
-14
-20
-33
-113
-161
-176
-213
-226
-241
-253
-241
-172
-74
-30
132
241
289
329
321
261
265
165
163
145
57
19
-12
-28
-30
-27
-26
11
5
-9
-15
-31
-134
-175
-204
-221
-239
-263
-268
-284
-213
-111
-28
129
148
275
308
305
283
244
205
150
148
56
11
-9
-22
-29
-38
-21
-12
-11
-13
-10
-26
-119
-158
-189
-218
-232
-245
-263
-265
-221
-125
-23
122
149
283
313
335
306
270
219
175
147
134
55
9
-11
-14
-15
-6
14
19
6
-11
-28
-93
-143
-174
-207
-219
-227
-239
-243
-214
-133
-25
110
133
282
321
335
327
291
248
195
149
183
107
52
20
5
-28
-44
10
9
54
-45
8
-6
-149
-173
-202
-221
-239
-248
-271
-234
-162
-50
14
142
258
307
333
323
293
246
191
115
135
54
10
-7
-13
-31
-29
-9
-2
-7
-11
-19
-61
-139
-187
-213
-232
-253
-272
-279
-268
-199
-85
-25
133
233
283
311
305
283
227
221
174
141
51
-1
-25
-17
-26
-12
-38
10
9
-34
-28
-33
-137
-178
-205
-236
-258
-285
-267
-279
-189
-105
-57
179
263
293
324
323
299
251
212
153
143
73
23
-1
-12
-18
-16
3
11
19
15
-2
-27
-108
-151
-187
-209
-217
-230
-245
-236
-199
-109
-30
131
231
277
264
343
323
278
230
181
150
145
52
14
-1
-17
-17
-10
11
19
23
3
-12
-105
-167
-186
-203
-219
-236
-245
-258
-220
-139
-28
69
139
270
319
326
308
263
223
179
148
130
46
-4
-21
-33
-462
-433
-428
-412
-25
-26
-25
-98
-149
-197
-214
-236
-253
-263
-287
-226
-173
-49
31
149
248
290
325
328
263
218
171
134
81
35
-8
-19
-31
-26
-39
-17
-2
-394
-396
-422
-467
-140
-182
-205
-233
-259
-253
-271
-246
-176
-67
-19
133
253
305
330
329
303
244
189
146
149
53
11
-2
-23
-25
-15
3
9
15
14
-10
-30
-605
-620
-640
-659
-210
-229
-236
-241
-177
-85
-28
122
248
297
339
338
308
270
215
170
151
123
36
3
-10
-19
-18
63
20
37
11
-12
-30
-108
-140
-185
-206
-610
-618
-623
-620
-215
-121
-19
116
150
274
311
326
299
261
213
175
144
83
36
11
-14
-21
-37
2
-22
40
30
-12
-13
-104
-145
-172
-201
-232
-250
-269
-268
-247
-163
-43
6
146
247
283
310
305
277
215
180
147
73
27
-2
-29
-37
-26
-29
-29
-14
5
-7
-27
-62
-142
-185
-203
-226
-230
-252
-251
-255
-193
-85
-28
143
251
281
321
323
291
250
199
148
145
69
20
-2
-17
-17
-22
-6
9
20
21
-14
-26
-106
-145
-184
-204
-210
-221
-236
-248
-201
-114
-26
126
200
293
326
340
315
275
221
177
145
138
41
18
0
-11
-17
-11
19
17
22
2
-23
-34
-108
-166
-201
-221
-227
-251
-262
-226
-152
-38
81
143
253
303
327
319
275
228
178
148
143
49
-3
-15
-33
-37
-29
-16
9
6
-2
-16
-45
-142
-173
-205
-229
-240
-253
-265
-265
-207
-97
-37
151
163
295
291
291
271
230
180
153
139
47
9
-12
-26
-31
-33
-11
4
49
10
-12
-27
-113
-167
-190
-215
-225
-229
-239
-257
-229
-142
-35
95
151
265
299
322
305
269
222
176
145
132
41
7
-17
-23
-29
-13
3
17
19
5
-11
-33
-156
-172
-194
-204
-213
-231
-235
-237
-167
-37
-29
130
273
303
332
329
290
250
209
149
133
67
35
-1
-18
-23
-12
3
7
26
17
-12
-48
-107
-153
-185
-201
-209
-221
-233
-241
-209
-126
-28
111
149
266
293
318
307
253
221
169
147
102
35
