-240
-199
-143
-86
-33
-31
51
128
305
419
495
499
479
415
347
259
163
151
37
-9
-24
-33
-93
-137
-140
-169
-193
-213
-221
-220
-239
-246
-268
-287
-296
-273
-267
-225
-154
-99
-45
-28
34
142
308
419
487
482
466
386
319
214
148
54
20
-12
-40
-29
-45
-117
-158
-163
-208
-215
-233
-219
-243
-246
-261
-274
-271
-256
-221
-186
-123
-60
-29
-15
102
141
385
478
514
499
475
399
323
226
145
70
25
-2
-15
-41
-64
-94
-114
-141
-169
-179
-189
-188
-205
-214
-239
-259
-258
-236
-204
-144
-86
-18
-33
57
219
283
419
521
515
497
399
383
313
203
145
55
26
0
-19
-31
-107
-137
-145
-167
-197
-206
-203
-217
-221
-238
-257
-264
-261
-236
-204
-153
-102
-39
-31
38
107
134
387
480
497
477
419
359
266
167
158
35
-12
-15
-28
-75
-117
-143
-155
-184
-206
-235
-246
-253
-274
-263
-275
-299
-283
-253
-233
-177
-118
-47
-41
-19
144
314
419
497
497
459
409
337
248
147
77
22
1
-15
-27
-76
-113
-131
-157
-189
-209
-200
-205
-220
-245
-231
-257
-265
-245
-226
-187
-133
-65
-37
-25
63
149
355
455
523
525
485
419
353
247
146
137
38
20
-2
-12
-29
-79
-106
-141
-161
-193
-193
-215
-207
-217
-224
-245
-243
-230
-205
-135
-106
-37
-44
43
103
139
385
478
511
486
419
375
308
212
148
57
23
-12
-17
-35
-80
-127
-145
-177
-204
-218
-227
-229
-236
-229
-263
-272
-271
-263
-236
-177
-124
-69
-43
-11
114
223
397
471
498
470
418
343
261
169
133
17
-19
-17
-29
-86
-113
-157
-163
-203
-205
-221
-237
-239
-270
-268
-275
-316
-269
-261
-219
-173
-108
-46
-25
-10
151
311
417
484
495
475
403
341
261
155
137
52
25
-13
-27
-60
-113
-141
-161
-182
-178
-206
-206
-217
-221
-236
-259
-268
-239
-206
-172
-131
-70
-28
-7
81
148
331
454
503
515
486
419
373
275
159
146
49
23
-9
-13
-29
-110
-105
-140
-187
-182
-209
-209
-213
-223
-242
-259
-256
-245
-226
-181
-133
-73
-38
-14
89
150
373
473
507
482
419
394
313
209
145
54
19
-6
-23
-17
-108
-117
-145
-181
-203
-219
-214
-239
-240
-259
-264
-283
-289
-268
-236
-191
-129
-93
-44
-29
49
157
387
469
490
459
397
356
267
147
141
27
-2
-23
-39
-93
-123
-140
-167
-187
-202
-220
-234
-229
-238
-248
-272
-271
-251
-248
-218
-142
-99
-46
-21
51
138
298
419
490
503
469
411
341
274
163
141
38
10
-5
-28
-26
-101
-109
-121
-152
-179
-204
-201
-204
-233
-230
-256
-248
-237
-220
-174
-133
-77
-10
-8
90
139
373
480
513
513
470
413
334
234
145
117
27
18
-13
-28
-23
-109
-133
-156
-171
-195
-198
-205
-217
-234
-239
-266
-246
-238
-215
-170
-108
-54
-25
-12
101
135
373
469
493
473
419
355
290
185
135
37
9
-13
-43
-76
-93
-133
-147
-167
-199
-215
-219
-238
-251
-248
-287
-297
-289
-266
-239
-190
-129
-86
-41
-22
119
267
401
481
484
451
387
323
255
155
106
35
-2
-23
-33
-76
-99
-126
-151
-185
-192
-224
-220
-226
-233
-240
-258
-261
-253
-234
-201
-142
-85
-35
-21
71
135
339
419
499
498
459
399
337
244
149
131
39
18
-12
-32
-34
-96
-138
-120
-140
-165
-179
-197
-208
-213
-221
-237
-242
-233
-213
-172
-133
-66
-30
-10
110
138
372
472
515
495
419
391
291
210
149
66
36
1
-15
-41
-49
-101
-104
-141
-170
-186
-204
-231
-227
-242
-264
-269
-271
-254
-234
-188
-128
-65
-25
-29
101
155
383
468
474
469
419
354
281
165
155
23
-5
-12
-42
-46
-118
-134
-144
-156
-184
-217
-217
-229
-245
-269
-274
-275
-275
-268
-233
-210
-156
-73
-34
-28
116
259
419
475
505
471
404
318
271
170
145
40
6
-11
-18
-35
-93
-117
-137
-159
-174
-205
-213
-220
-231
-236
-256
-254
-240
-221
-183
-140
-77
-35
-17
66
135
325
447
513
507
481
403
359
273
167
143
63
11
-9
-28
-23
-65
-93
-111
-138
-165
-182
-203
-207
-223
-236
-249
-252
-252
-219
-183
-141
-66
-29
-21
84
144
349
475
538
484
468
417
335
230
133
52
26
6
-16
-23
-77
-108
-129
-145
-174
-187
-201
-213
-226
-247
-251
-268
-282
-268
-231
-201
-131
-77
-42
-29
84
147
362
458
491
468
418
356
282
173
147
31
-1
-19
-28
-29
-111
-61
-156
-175
-197
-203
-211
-229
-236
-251
-253
-273
-269
-245
-218
-179
-118
-71
-24
-18
101
148
395
467
518
479
419
369
299
191
147
53
11
-13
-15
-33
-78
-103
-118
-140
-161
-187
-197
-207
-225
-236
-248
-263
-251
-240
-205
-145
-83
-43
-46
73
133
326
419
518
529
477
419
345
274
171
144
57
30
-3
17
-32
-71
-114
-134
-156
-212
-185
-190
-198
-213
-222
-247
-254
-226
-234
-195
-142
-70
-45
-30
59
142
315
419
495
503
459
399
326
227
148
87
20
3
-15
-29
-57
-108
-142
-154
-176
-204
-218
-226
-233
-247
-263
-283
-278
-270
-242
-217
-153
-97
-57
-28
77
138
340
419
475
470
419
373
293
185
142
36
5
-9
-13
-41
-85
-124
-155
-177
-193
-215
-213
-221
-258
-249
-252
-269
-263
-251
-210
-158
-112
-29
-23
42
122
260
402
482
507
498
419
369
285
195
138
50
30
7
-11
-19
-63
-108
-114
-137
-156
-223
-195
-226
-211
-229
-240
-251
-242
-229
-200
-156
-85
-27
-26
78
123
333
467
519
513
480
415
363
267
163
143
50
20
-1
-18
-41
-60
-108
-123
-175
-197
-211
-218
-220
-235
-240
-265
-246
-265
-249
-204
-159
-104
-28
-33
70
131
350
455
495
484
415
377
319
222
147
52
16
-7
-12
-29
-76
-109
-142
-171
-195
-218
-220
-246
-248
-193
-270
-299
-283
-277
-248
-217
-147
-83
-65
-31
105
149
371
468
495
479
385
342
305
180
143
54
5
-10
-53
-2
-83
-103
-117
-144
-199
-213
-218
-220
-229
-247
-246
-268
-270
-248
-218
-153
-114
-44
-28
59
143
327
451
518
507
482
419
359
262
169
148
49
36
3
-11
-18
-33
-94
-111
-141
-172
-172
-190
-204
-205
-231
-239
-243
-243
-220
-197
-147
-71
-27
-25
84
145
372
474
522
514
475
415
337
235
147
75
31
17
-12
-23
-29
-85
-108
-143
-191
-213
-219
-231
-236
-236
-268
-269
-277
-268
-236
-189
-147
-85
-29
-21
117
254
390
474
487
462
405
340
261
150
134
31
-8
-25
-25
-73
-108
-115
-153
-177
-203
-236
-229
-242
-261
-242
-283
-290
-283
-271
-242
-172
-120
-35
-41
43
143
329
449
482
515
469
395
331
246
159
91
24
11
-13
-21
-27
-76
-102
-131
-159
-193
-206
-210
-220
-246
-261
-268
-269
-258
-240
-204
-129
-64
-28
-10
113
243
393
505
544
507
465
389
337
217
150
96
52
17
8
-12
-28
-80
-101
-124
-156
-181
-199
-201
-226
-220
-247
-243
-258
-322
-220
-173
-108
-44
-42
46
138
293
419
502
507
473
419
356
274
171
148
37
3
-14
-28
-28
-81
-94
-102
-121
-170
-204
-229
-230
-239
-269
-283
-305
-285
-269
-245
-201
-120
-73
-26
-7
138
339
455
501
487
468
372
301
203
143
41
15
-12
-31
-37
-76
-93
-127
-147
-187
-211
-240
-215
-240
-237
-259
-284
-285
-263
-238
-219
-154
-83
-45
-33
95
145
383
491
519
495
419
389
318
203
143
51
35
-31
-26
-37
-26
-81
-107
-129
-162
-188
-209
-204
-217
-223
-243
-236
-259
-248
-226
-175
-124
-47
-27
48
115
308
419
527
541
511
447
395
307
186
143
55
-12
-1
-11
5
-66
-76
-85
-124
-154
-183
-210
-219
-236
-210
-270
-281
-275
-263
-223
-174
-121
-60
-25
55
149
351
470
517
513
482
401
343
240
139
79
24
-11
-28
-28
-37
-86
-110
-141
-171
-199
-208
-221
-219
-245
-284
-291
-301
-300
-269
-233
-185
-119
-43
-34
70
141
355
362
495
471
419
366
299
189
142
45
17
5
15
-28
-58
-95
-106
-141
-169
-204
-214
-220
-233
-251
-272
-281
-298
-275
-261
-205
-136
-76
-29
2
129
297
419
523
525
486
411
372
279
183
154
54
33
9
-7
-27
-44
-76
-77
-133
-162
-190
-197
-213
-214
-229
-252
-256
-261
-236
-203
-140
-80
-11
-41
90
138
347
474
532
517
486
419
340
259
157
143
52
36
20
-3
-14
-47
-105
-121
-139
-178
-194
-208
-220
-236
-266
-281
-297
-281
-253
-210
-171
-103
-45
-29
85
137
390
479
515
482
419
386
310
208
150
52
20
-5
-21
-25
-78
-105
-113
-154
-193
-227
-245
-238
-251
-279
-284
-295
-300
-300
-277
-221
-155
-77
-33
-23
116
262
404
487
513
482
419
345
273
178
142
45
26
-1
-28
-23
-76
-103
-118
-158
-177
-204
-207
-224
-230
-247
-269
-287
-278
-267
-234
-188
-115
-41
-23
51
141
331
470
527
557
499
443
362
281
171
146
52
30
9
1
-19
-32
-69
-103
-150
-177
-190
-213
-221
-251
-240
-242
-262
-265
-243
-221
-155
-73
-27
-25
90
143
371
487
539
523
479
419
366
243
154
135
31
20
-10
-19
-25
-75
-113
-143
-174
-205
-217
-225
-247
-176
-268
-284
-302
-284
-257
-215
-146
-81
-31
-21
101
142
399
475
491
497
419
367
285
190
148
27
3
-12
-39
-44
-34
-121
-145
-173
-206
-235
-235
-248
-254
-272
-282
-299
-294
-301
-258
-194
-159
-74
-30
-23
148
313
419
515
499
482
419
367
257
170
142
42
-2
-5
-12
-21
-76
-97
-127
-156
-187
-220
-229
-221
-236
-258
-274
-274
-277
-253
-219
-169
-77
-37
-32
91
148
367
484
531
535
484
419
354
239
155
151
64
36
13
7
-22
-27
-95
-120
-167
-190
-207
-207
-231
-285
-268
-274
-268
-269
-239
-204
-137
-77
-25
-27
104
155
395
482
519
497
455
378
318
211
147
54
20
-9
-28
-29
-27
-104
-133
-166
-195
-209
-219
-236
-249
-261
-283
-290
-293
-285
-253
-204
-153
-71
-29
-25
113
248
395
474
506
459
403
325
253
163
137
52
19
-23
-33
-23
-98
-113
-140
-167
-206
-226
-236
-243
-254
-271
-275
-287
-299
-279
-229
-177
-109
-61
-25
58
139
335
459
514
507
466
404
331
245
159
144
50
20
-5
-23
-27
-61
-82
-113
-139
-181
-200
-209
-229
-235
-254
-268
-279
-261
-221
-215
-147
-73
-31
-9
116
157
393
499
551
515
465
409
339
249
142
140
54
26
2
-12
-22
-44
-79
-138
-146
-183
-211
-225
-235
-257
-266
-283
-298
-284
-258
-211
-142
-69
-33
-22
118
269
411
491
515
472
419
367
278
179
145
43
43
-11
-21
-65
-78
-108
-124
-146
-181
-204
-220
-235
-246
-283
-303
-285
-300
-295
-271
-218
-140
-93
-29
-14
117
269
403
482
484
