-209
-171
-127
-93
-42
-39
61
121
371
501
619
660
628
527
419
306
159
129
39
-14
-44
-34
-146
-183
-187
-198
-188
-169
-157
-173
-197
-225
-241
-249
-253
-257
-250
-234
-174
-143
-97
-28
-30
89
251
404
563
623
593
521
410
303
163
130
22
-27
-45
-123
-170
-183
-213
-218
-216
-194
-205
-207
-219
-234
-175
-278
-300
-289
-300
-247
-205
-185
-156
-82
-54
15
133
329
490
579
591
503
419
337
219
115
20
-31
-37
-46
-134
-177
-205
-222
-228
-215
-194
-181
-194
-200
-213
-234
-252
-261
-273
-279
-201
-161
-123
-78
-37
57
112
319
481
583
647
595
507
404
276
148
111
66
-6
-28
-53
-109
-114
-177
-191
-172
-149
-145
-150
-155
-177
-204
-222
-231
-225
-219
-194
-150
-109
-59
-28
71
111
267
419
554
628
613
561
447
328
198
115
43
-12
-21
-47
-129
-157
-165
-177
-204
-197
-160
-173
-170
-190
-233
-261
-260
-263
-234
-213
-181
-171
-109
-54
-33
67
118
379
495
583
618
533
450
353
219
123
20
-34
-53
-73
-149
-199
-205
-219
-237
-222
-205
-190
-204
-199
-228
-270
-270
-295
-272
-261
-210
-177
-156
-96
-39
-37
99
307
468
554
611
579
483
377
261
134
111
-7
-12
-25
-77
-140
-172
-185
-199
-184
-168
-49
-155
-204
-184
-210
-222
-265
-254
-156
-205
-153
-139
-64
-49
51
101
291
449
559
655
655
569
457
367
222
109
84
12
-15
-25
-44
-151
-156
-174
-171
-169
-159
-140
-146
-146
-200
-210
-239
-243
-241
-197
-183
-123
-79
-63
-42
87
118
374
510
619
635
581
479
371
242
115
39
6
-44
-28
-127
-149
-194
-204
-204
-204
-175
-162
-176
-207
-225
-261
-269
-284
-270
-264
-215
-195
-129
-93
-33
-39
97
283
445
541
596
559
471
371
244
122
15
-25
-22
-42
-137
-94
-185
-252
-219
-209
-210
-189
-203
-197
-207
-234
-282
-270
-267
-254
-228
-172
-145
-93
-50
-38
81
270
419
562
625
625
530
419
319
203
111
22
-18
-25
-30
-109
-156
-189
-198
-175
-181
-165
-168
-163
-167
-193
-222
-239
-237
-219
-195
-154
-115
-83
-61
37
99
133
403
546
617
647
613
513
404
279
129
128
36
-19
-30
-39
-127
-166
-177
-183
-190
-177
-169
-165
-173
-187
-210
-237
-243
-236
-213
-190
-171
-122
-77
-65
54
126
296
469
590
641
600
490
401
275
149
129
15
-31
-38
-123
-165
-204
-206
-209
-216
-213
-179
-172
-201
-216
-241
-268
-268
-282
-266
-231
-210
-179
-103
-73
-53
79
131
398
513
596
579
523
419
287
183
129
22
-44
-32
-53
-152
-192
-189
-197
-202
-204
-188
-161
-186
-185
-205
-236
-265
-254
-263
-204
-197
-133
-106
-49
-41
94
112
391
543
601
651
571
468
369
242
122
117
20
-17
-30
-61
-140
-157
-172
-172
-159
-149
-140
-121
-152
-181
-268
-231
-258
-236
-215
-145
-133
-70
-44
-44
94
115
353
506
599
641
613
506
403
301
167
129
19
-1
-28
-38
-167
-183
-197
-204
-213
-172
-172
-156
-172
-204
-237
-261
-257
-277
-255
-213
-185
-152
-105
-57
-50
90
251
419
551
597
594
497
383
299
170
102
3
-37
-40
-108
-173
-225
-224
-236
-198
-222
-210
-209
-210
-201
-245
-261
-268
-264
-284
-253
-199
-171
-121
-69
-45
42
109
369
490
591
619
564
467
343
212
134
25
-14
-14
-38
-98
-147
-183
-177
-209
-172
-182
-197
-193
-160
-186
-239
-262
-246
-241
-216
-176
-122
-117
-63
-44
57
129
336
500
593
659
631
535
385
331
169
134
41
31
-25
-28
-71
-126
-170
-166
-174
-158
-155
-156
-129
-189
-216
-243
-241
-225
-236
-172
-142
-128
-60
-30
41
106
276
419
565
638
615
528
419
308
175
115
34
-14
-25
-27
-140
-163
-175
-172
-186
-189
-187
-172
-190
-187
-240
-274
-282
-281
-268
-237
-200
-157
-127
-50
-54
54
112
359
498
574
579
533
406
315
185
121
21
-7
-35
-38
-151
-179
-204
-234
-198
-215
-205
-193
-204
-204
-225
-268
-295
-268
-269
-239
-241
-172
-152
-98
-62
51
127
321
404
587
603
587
498
378
264
122
122
27
-11
-42
-57
-139
-171
-182
-169
-161
-154
-151
-162
-166
-185
-203
-239
-230
-268
-234
-194
-146
-114
-37
-74
169
112
278
459
559
646
638
567
451
343
198
126
63
20
-17
-39
-97
-150
-172
-193
-179
-186
-177
-162
-142
-179
-193
-216
-243
-250
-234
-209
-173
-125
-93
-44
-60
59
118
355
569
686
595
549
467
357
202
112
22
-7
-28
-35
-125
-175
-178
-225
-250
-228
-187
-195
-195
-207
-246
-267
-289
-274
-290
-249
-236
-183
-151
-108
-49
-28
109
299
419
555
587
515
419
355
279
81
22
3
-23
-42
-101
-140
-173
-185
-207
-194
-210
-178
-165
-179
-215
-240
-253
-249
-267
-215
-170
-197
-103
10
-56
5
129
267
419
549
634
611
515
419
317
181
112
-3
11
-33
-23
-43
-133
-171
-115
-150
-170
-139
-137
-131
-158
-168
-228
-219
-222
-203
-186
-153
-105
-76
-32
85
106
259
419
532
609
516
531
467
355
227
99
53
0
-33
-56
-63
-156
-172
-198
-199
-193
-153
-165
-160
-178
-188
-221
-282
-251
-256
-233
-198
-181
-103
-80
-45
53
132
303
490
586
565
613
419
345
201
131
31
-12
-49
-39
-141
-162
-210
-219
-207
-219
-207
-194
-201
-219
-225
-257
-283
-268
-284
-266
-219
-188
-135
-79
-50
-27
106
280
419
543
565
587
498
339
275
142
122
3
-12
-50
-62
-146
-145
-161
-185
-172
-182
-156
-172
-158
-171
-204
-241
-239
-233
-234
-163
-169
-112
-72
-44
39
86
277
419
563
629
611
579
447
337
230
106
111
37
-1
-25
-46
-118
-136
-151
-158
-155
-157
-142
-153
-172
-207
-268
-242
-318
-225
-203
-168
-115
-66
-87
-14
47
91
389
500
597
596
563
465
351
227
112
35
20
-31
-49
-85
-154
-165
-192
-206
-200
-204
-171
-172
-190
-216
-241
-269
-278
-278
-247
-224
-172
-140
-81
-43
-14
114
275
415
541
562
551
459
368
239
117
25
-5
-25
-30
-121
-172
-186
-213
-233
-225
-221
-199
-190
-197
-154
-171
-259
-266
-359
-263
-204
-174
-142
-98
-62
-18
99
133
397
532
527
625
467
419
267
210
106
38
-2
-22
-57
-126
-172
-183
-178
-179
-172
-171
-163
-141
-161
-171
-237
-219
-250
-231
-204
-161
-126
-76
-46
43
86
129
419
570
599
642
591
498
395
274
177
117
49
-11
-43
-32
-121
-163
-183
-181
-187
-172
-156
-145
-149
-195
-209
-236
-253
-251
-236
-189
-159
-111
-49
-31
34
111
297
419
562
607
564
500
391
276
131
115
-6
-22
-44
-93
-141
-182
-202
-205
-219
-201
-175
-194
-210
-213
-248
-284
-293
-295
-275
-222
-194
-172
-118
-74
-57
43
153
363
503
555
565
495
419
319
84
112
20
-31
-66
-53
-134
-159
-204
-201
-202
-203
-178
-172
-171
-207
-274
-262
-266
-239
-224
-234
-172
-156
-81
-62
-35
67
123
345
515
587
647
486
498
372
261
135
121
37
-11
-24
-45
-133
-166
-161
-161
-170
-169
-152
-139
-153
-189
-180
-219
-231
-227
-179
-160
-118
-75
-33
-48
65
129
291
419
565
611
596
531
404
302
182
112
50
-11
-24
-46
-133
-173
-181
-184
-177
-172
-66
-165
-153
-177
-245
-268
-249
-237
-258
-191
-213
-198
-152
-46
-45
66
115
394
504
585
585
515
403
290
216
180
1
-63
-12
-101
-138
-204
-222
-231
-219
-218
-225
-202
-201
-207
-245
-259
-282
-272
-282
-263
-221
-177
-129
-76
-44
33
127
340
462
550
582
536
451
335
228
142
53
5
-22
-65
-121
-145
-161
-172
-188
-178
-155
-161
-167
-161
-204
-230
-236
-237
-245
-233
-175
-159
-109
-37
-51
41
106
340
484
567
630
603
507
419
297
159
109
43
7
-9
-44
-43
-149
-145
-165
-169
-155
-161
-140
-133
-156
-207
-236
-256
-249
-222
-183
-152
-98
-56
-28
63
98
254
419
550
603
602
591
419
281
187
112
51
5
-17
-25
-133
-181
-191
-187
-201
-191
-201
-169
-175
-204
-237
-261
-268
-268
-265
-231
-197
-177
-126
-49
-49
61
145
369
467
562
567
486
404
287
163
127
8
-12
-50
-50
-139
-170
-204
-221
-234
-213
-195
-178
-189
-204
-225
-255
-284
-287
-273
-241
-204
-173
-138
-33
-45
49
103
347
479
599
611
539
507
351
282
118
106
30
1
-25
-43
-121
-170
-198
-194
-179
-157
-161
-156
-144
-185
-215
-234
-219
-225
-215
-154
-138
-99
-53
-44
59
87
310
485
559
641
597
542
419
308
176
99
54
20
-12
-35
-97
-144
-165
-170
-183
-172
-151
-146
-169
-184
-210
-261
-219
-283
-225
-213
-190
-147
-93
-46
-47
67
130
377
514
589
598
530
419
325
189
114
21
-12
-14
-41
-129
-172
-197
-204
-207
-222
-198
-181
-172
-194
-227
-273
-269
-300
-332
-258
-221
-198
-152
-77
-53
-25
109
323
459
539
579
532
418
377
244
117
20
-5
-27
-47
-105
-146
-118
-222
-199
-204
-189
-188
-169
-167
-207
-222
-237
-246
-234
-222
-205
-156
-118
-59
-42
34
127
276
414
539
613
585
532
419
309
185
134
33
23
1
-21
-44
-153
-161
-155
-158
-167
-145
-133
-143
-155
-159
-210
-234
-237
-207
-190
-156
-118
-70
37
34
93
118
372
523
586
603
557
454
351
244
123
115
12
-21
-27
-53
-156
-167
-199
-190
-181
-197
-167
-173
-170
-197
-237
-268
-273
-265
-225
-204
-159
-123
-85
-45
40
131
321
466
639
591
489
447
333
225
131
27
-6
-35
-69
-123
-175
-213
-216
-221
-236
-224
-189
-193
-189
-222
-236
-321
-281
-291
-346
-258
-175
-166
-108
-59
-43
77
145
392
504
575
569
485
375
293
158
130
20
-18
-47
-57
-125
-172
-178
-202
-209
-179
-172
-167
-147
-185
-209
-221
-236
-245
-237
-206
-166
-129
-86
-59
20
99
112
394
526
567
591
551
459
359
255
115
123
20
0
-11
-37
-109
-140
-170
-173
-156
-157
-140
-141
-159
-181
-225
-209
-175
-236
-243
-166
-145
-109
-69
-43
31
103
323
468
553
583
547
445
347
260
139
98
3
-10
-37
-35
-167
-177
-204
-185
-201
-204
-187
-178
-190
-204
-236
-253
-273
-265
-257
-215
-189
-150
-93
-24
-22
79
165
372
532
547
527
459
335
255
127
91
-6
-39
-37
-108
-161
-219
-204
-231
-234
-218
-194
-199
-179
-203
-239
-248
-268
-261
-248
-222
-199
-158
-118
-57
-54
83
131
375
489
571
579
515
404
319
199
109
42
21
-12
-28
-61
-140
-173
-185
-201
-171
-157
-156
-154
-156
-191
-206
-222
-237
-236
-188
-158
-140
-59
-47
50
98
200
403
514
593
611
563
489
373
262
126
94
39
22
-30
-49
-127
-173
-169
-177
-183
-169
-153
-145
-159
-187
-210
-241
-249
-257
-231
-204
-145
-105
-69
-43
39
105
307
455
530
591
543
468
