161
75
-14
-35
-106
-126
-76
-109
-106
-57
-81
-79
-134
-172
-206
-236
-270
-295
-300
-332
-289
-251
-236
-167
-121
-55
-20
65
145
327
465
501
499
471
386
298
162
135
-1
-41
-53
-77
-92
-69
-70
-28
-28
-71
-82
-137
-172
-218
-249
-281
-274
-284
-268
-236
-201
-127
-94
-31
-18
83
147
333
468
532
532
497
399
339
201
141
19
-18
-25
-22
-57
-35
-22
-25
-15
-34
-48
-117
-140
-198
-236
-261
-269
-284
-276
-227
-178
-149
-75
-41
-17
103
138
362
479
543
518
486
391
276
143
105
-13
-25
-101
-78
-83
-71
-71
-57
-39
-63
-117
-140
-197
-221
-268
-294
-328
-305
-294
-246
-233
-165
-110
-77
-41
-20
127
326
419
485
489
419
355
254
122
17
-28
-97
-119
-121
-126
-97
-71
-92
-69
-81
-92
-154
-202
-249
-238
-297
-297
-299
-279
-236
-221
-149
-113
-26
-24
73
129
358
466
547
534
470
390
276
163
127
-17
-12
-59
-48
-51
-76
-50
-28
-34
-28
-72
-117
-170
-203
-234
-242
-285
-261
-254
-221
-197
-149
-64
-26
-12
130
135
378
499
559
563
499
419
322
170
147
14
-34
-34
-44
-39
-44
-43
-23
-22
-32
-71
-111
-169
-171
-208
-245
-239
-271
-266
-258
-213
-135
-103
-34
-44
63
131
345
463
522
526
479
405
291
153
105
0
-8
-65
-66
-85
-77
-76
-53
-55
-56
-106
-138
-205
-243
-239
-273
-295
-323
-303
-278
-243
-172
-111
-63
-50
-12
127
307
407
479
515
467
386
296
201
137
-1
-39
-81
-106
-78
-85
-61
-54
-57
-72
-113
-140
-169
-194
-236
-257
-269
-268
-271
-256
-199
-161
-106
-45
-25
52
130
322
466
531
563
526
451
328
201
129
-10
-44
-20
-57
-63
-51
-22
-5
-23
-22
-41
-81
-122
-172
-193
-231
-251
-254
-233
-217
-178
-154
-97
-28
-26
72
157
331
486
561
551
527
419
340
239
139
13
-28
-43
-74
-43
-75
-47
-47
-39
-41
-82
-138
-158
-225
-217
-273
-298
-285
-268
-261
-229
-201
-114
-60
-28
17
123
244
419
519
523
494
405
325
194
146
-27
-15
-103
-103
-76
-118
-76
-83
-85
-77
-127
-140
-190
-236
-257
-278
-315
-327
-332
-283
-251
-195
-119
-85
-46
-26
131
274
419
499
522
499
417
309
187
135
11
-44
-94
-82
-76
-76
-61
-39
-55
-50
-59
-140
-138
-197
-239
-268
-265
-310
-289
-269
-233
-174
-113
-59
-13
64
146
304
455
503
567
545
483
371
213
130
18
5
-17
-17
-22
-32
-31
-50
-28
-22
-37
-103
-129
-170
-206
-222
-277
-305
-285
-238
-219
-153
-86
-47
-28
55
135
330
458
543
563
525
419
357
231
131
3
-30
-56
-61
-109
-76
-92
-53
-50
-71
-87
-131
-177
-205
-233
-295
-314
-302
-289
-251
-236
-172
-129
-97
-44
-31
115
270
419
499
520
507
406
319
195
151
-5
-37
-105
-77
-113
-94
-80
-71
-76
-71
-117
-122
-158
-227
-236
-279
-301
-310
-277
-271
-245
-188
-117
-46
-10
-13
123
304
419
527
547
514
457
339
227
126
-18
-18
-23
-63
-59
-57
-46
-41
-41
-52
-62
-115
-143
-203
-218
-253
-297
-286
-284
-236
-194
-165
-79
-57
-19
73
139
339
467
559
577
569
531
367
257
149
43
-12
-33
-46
-46
-44
-38
-28
-23
-27
-61
-106
-135
-189
-216
-257
-304
-305
-279
-249
-221
-177
-105
-81
-22
-12
123
303
417
511
555
506
465
340
215
142
3
-33
-62
-73
-99
-85
-82
-67
-39
-48
-92
-115
-166
-193
-259
-273
-311
-294
-307
-293
-236
-204
-139
-109
-53
-20
91
147
360
470
499
503
419
355
229
167
-12
-30
-79
-66
-92
-105
-101
-71
-57
-53
-106
-129
-190
-213
-261
-287
-294
-287
-307
-295
-235
-220
-130
-76
-33
-11
100
167
405
523
559
549
499
401
265
148
51
3
-43
-54
-59
-53
-46
-38
-14
-23
-48
-92
-138
-183
-199
-243
-265
-270
-236
-246
-213
-170
-97
-23
-34
72
127
249
419
547
570
583
530
447
337
203
143
13
-27
-40
-12
-55
-48
-27
-23
-37
-43
-106
-127
-192
-224
-267
-293
-285
-299
-277
-254
-185
-140
-79
-19
-33
57
124
338
468
521
527
455
375
273
127
33
-53
-71
-115
-48
-106
-105
-59
-76
-78
-111
-141
-183
-220
-234
-282
-316
-327
-319
-294
-267
-253
-167
-117
-61
-28
26
162
307
485
534
511
495
419
326
165
120
-14
-37
-76
-102
-85
-57
-48
-44
-23
-65
-103
-139
-182
-211
-231
-282
-285
-275
-269
-263
-204
-162
-72
-45
-22
83
143
350
495
546
555
523
419
317
201
147
11
-17
-41
-18
-27
-26
-12
0
-6
6
-53
-102
-137
-182
-199
-236
-271
-270
-258
-217
-194
-141
-75
-12
-23
69
147
329
447
546
562
529
447
340
223
134
20
-25
-33
-76
-101
-51
-59
-46
-46
-59
-81
-129
-146
-201
-262
-283
-293
-286
-290
-270
-231
-178
-129
-53
-12
-19
109
293
390
489
507
477
417
313
198
155
-9
-17
-106
-104
-109
-92
-97
-71
-74
-67
-115
-124
-184
-201
-254
-267
-285
-306
-300
-278
-238
-170
-126
-63
-45
-37
119
147
401
484
537
527
419
345
241
143
1
-28
-28
-61
-85
-76
-73
-44
-30
-48
-76
-97
-150
-179
-208
-247
-273
-275
-280
-220
-220
-166
-130
-39
-37
69
115
262
415
515
561
563
511
379
286
163
106
-10
-31
-17
-12
-16
-43
-30
-47
-40
-22
-77
-99
-159
-213
-239
-271
-273
-277
-231
-210
-189
-189
-76
-28
-28
89
142
376
491
553
547
491
386
292
166
22
-25
-39
-51
-70
-80
-71
-77
-56
-77
-60
-115
-165
-165
-220
-248
-300
-313
-314
-281
-279
-233
-169
-122
-86
-28
-37
136
281
408
483
515
473
373
283
157
131
-6
-55
-76
-97
-96
-85
-63
-73
-61
-64
-117
-140
-160
-211
-257
-268
-300
-296
-279
-266
-195
-159
-130
-45
-46
-15
150
279
411
499
523
507
419
362
235
149
-5
-31
-6
-61
-65
-27
-44
-43
-23
-44
-73
-113
-155
-172
-213
-245
-282
-268
-249
-217
-185
-151
-114
-41
-28
31
121
269
399
523
561
543
478
391
265
137
39
7
-41
-35
-47
-45
-28
-14
-37
-12
-65
-97
-141
-175
-202
-238
-261
-291
-263
-268
-261
-220
-163
-108
-59
-27
67
145
331
455
533
521
455
371
261
150
71
-28
-28
-99
-65
-83
-76
-82
-79
-61
-76
-114
-156
-190
-235
-270
-300
-314
-299
-269
-282
-236
-190
-145
-95
-43
-25
117
287
407
504
513
483
419
319
174
153
-7
-6
-105
-74
-95
-71
-38
-44
-53
-48
-105
-140
-142
-208
-231
-268
-304
-290
-268
-236
-202
-156
-121
-69
-14
-20
122
245
385
479
549
544
455
355
246
150
52
-20
-31
-44
-35
-26
-28
-31
-44
-22
-27
-78
-118
-172
-190
-219
-236
-268
-249
-213
-199
-150
-127
-71
-5
-16
99
147
359
511
538
542
473
378
276
151
40
-20
-15
-65
-63
-79
-61
-65
-46
-45
-97
-108
-157
-203
-242
-233
-283
-289
-300
-271
-271
-210
-185
-124
-69
-28
-27
151
299
409
485
491
419
371
273
144
27
-17
-99
-76
-121
-85
-103
-66
-77
-73
-85
-143
-166
-198
-217
-268
-287
-300
-293
-275
-249
-210
-171
-111
-44
-45
-20
139
295
419
491
531
468
403
308
166
143
-15
-17
-54
-59
-48
-70
-57
-50
-25
-28
-86
-133
-172
-188
-222
-261
-284
-267
-257
-227
-193
-170
-124
-71
-40
-13
126
277
410
515
547
547
471
367
254
148
-7
24
-6
-37
-31
-14
-17
-41
-41
2
-31
-81
-127
-190
-185
-239
-238
-285
-254
-234
-230
-183
-108
-77
-26
-33
83
136
355
468
527
515
419
371
239
143
27
-31
-66
-99
-76
-86
-68
-77
-66
-82
-103
-133
-157
-213
-213
-271
-306
-286
-300
-279
-282
-236
-182
-115
-76
-28
-25
132
295
419
475
487
458
353
274
135
37
-11
-43
-76
-92
-79
-76
-76
-66
-51
-92
-101
-139
-189
-208
-251
-281
-298
-286
-266
-230
-234
-163
-126
-65
-9
7
135
287
393
495
553
497
411
338
201
139
27
-25
-44
-65
-41
-71
-45
-33
-32
-56
-94
-103
-156
-197
-215
-203
-251
-277
-236
-206
-199
-145
-75
-44
-39
34
133
276
417
509
563
529
475
383
245
148
17
-28
-27
-11
-57
-48
-39
-28
-27
-30
-63
-121
-140
-179
-221
-251
-277
-288
-269
-263
-222
-201
-153
-83
-57
-46
63
135
360
455
499
507
447
371
259
147
25
-18
-46
-69
-94
-92
-76
-77
-73
-69
-66
-114
-189
-206
-234
-275
-325
-322
-320
-281
-279
-213
-154
-121
-59
-39
-13
127
287
419
499
511
458
397
271
163
135
-13
-28
-76
-92
-74
-85
-59
-57
-37
-65
-70
-147
-197
-199
-239
-274
-288
-281
-259
-251
-204
-169
-112
-31
-43
35
130
303
415
511
534
507
419
335
235
126
7
-11
-12
-45
-37
-60
-25
-53
-12
-28
-14
-81
-136
-188
-213
-217
-249
-277
-239
-212
-193
-153
-81
-47
-28
41
123
266
419
503
563
513
473
371
247
143
15
-15
-17
-38
-64
-50
-59
-41
-47
-53
-80
-128
-172
-190
-223
-257
-285
-317
-301
-264
-236
-220
-169
-80
-33
-37
87
138
363
481
542
499
419
339
213
143
19
-26
-85
-92
-81
-79
-61
-61
-81
-67
-123
-152
-174
-204
-246
-270
-300
-297
-289
-253
-258
-190
-149
-85
-26
-28
62
161
347
478
535
529
451
355
254
147
38
-18
-33
-38
-57
-73
-54
-45
-14
-41
-69
-102
-150
-175
-225
-247
-239
-268
-257
-245
-217
-205
-124
-79
-20
-28
106
148
379
483
528
526
485
417
308
211
144
23
-11
-13
-12
-37
-14
-37
-22
6
-41
-81
-44
-165
-185
-231
-257
-264
-263
-246
-225
-178
-136
-97
-37
-11
83
143
323
466
503
521
470
414
279
180
138
3
-25
-55
-81
-70
-79
-61
-43
-43
-76
-123
-161
-185
-220
-268
-283
-296
-311
-279
-279
-231
-184
-129
-69
-28
-25
118
278
419
489
484
454
370
293
174
151
-7
-30
-71
-86
-103
-73
-79
-65
-65
-101
-127
-157
-177
-229
-248
-297
-281
-309
-281
-272
-219
-172
-129
-74
-28
-28
127
278
419
507
543
493
419
349
241
155
10
-39
-17
-35
-77
-41
-53
-27
-31
-44
-65
-124
-157
-205
-225
-238
-282
-285
-277
-236
-195
-161
-75
-30
-34
80
133
276
419
515
570
555
463
363
246
132
30
14
-41
-39
-15
11
-39
-28
-7
-23
-55
-117
-146
-178
-238
-252
-282
-295
-289
-277
-233
-205
-143
-81
-15
-17
66
135
354
471
523
507
473
374
251
149
14
-14
-23
-92
-81
-76
-77
-72
-59
-55
-108
-126
-165
-204
-236
-291
-293
-315
-305
-293
-266
-207
-178
-141
-76
-39
-40
129
305
415
520
503
467
386
269
177
63
-7
-44
-81
-77
-86
-60
-41
-28
-45
-70
-106
-147
-190
-208
-257
-274
-289
-275
-263
-249
-207
-157
