148
100
51
50
30
-5
-21
-22
-30
-21
-28
-33
-13
-56
-28
0
0
-28
-29
-25
-59
-71
-83
-102
-73
-42
-47
-17
-35
-12
67
148
163
183
202
123
174
47
52
25
-9
-12
-5
-17
-12
-10
-13
-11
26
7
10
3
0
-10
-21
-19
-27
-62
-65
-61
-21
19
-76
25
35
99
153
147
227
193
185
169
127
101
62
20
17
17
20
13
20
15
18
17
51
30
35
30
7
-12
-43
-17
-31
-67
-44
-85
-15
-69
113
52
30
139
138
231
227
183
176
145
91
58
31
7
1
-1
-1
10
0
13
-1
15
35
22
11
-7
-13
73
-53
-94
-67
-62
-67
-33
-33
69
-46
-12
115
192
180
203
213
143
116
67
43
11
-5
-22
-30
-23
-28
-12
-19
-25
-17
0
20
7
-6
-13
-34
-76
-82
-93
-76
-62
-51
-39
-34
-31
25
97
130
151
163
166
147
235
101
125
36
3
-9
-14
-6
-17
-12
-5
-5
9
18
20
19
-3
-5
-21
-33
-46
-57
-61
-62
-43
-33
-30
-10
25
87
51
142
234
210
244
163
145
85
69
23
5
20
0
10
3
0
19
20
30
20
11
3
-49
-22
-43
-72
-10
-93
-54
-51
-44
-13
-28
-6
52
138
148
199
192
148
161
103
35
61
35
6
-7
-14
-13
-15
-11
-5
-15
-12
0
0
-12
-18
-39
-59
-83
-105
-108
-76
-106
-93
-28
-78
-17
-29
29
127
120
259
109
225
115
71
38
10
-13
-33
-34
-21
-35
-38
-42
-28
-15
-29
-15
-12
-21
-31
-34
-80
-96
-99
-93
-80
-60
-44
-43
-37
-28
44
122
147
199
181
167
99
131
89
35
0
26
67
-15
-9
-17
-12
9
-12
20
15
23
-41
14
41
-38
-93
-62
-71
-49
-45
-37
-11
-29
18
54
127
137
210
227
183
159
79
91
90
31
27
3
-3
-12
0
1
-5
0
3
6
19
-11
-7
-27
-29
-75
-66
-79
-62
-53
-49
-39
-22
-43
-3
89
127
155
207
182
158
180
154
-6
41
-39
25
-12
-6
-13
-27
-30
-1
-28
15
-34
-21
-28
-28
-59
-78
-81
-119
-124
-103
-74
-73
-49
-41
-31
52
115
133
147
175
145
146
67
39
31
6
1
-12
-26
-13
-15
-26
-35
-22
39
-52
-14
-26
-30
-5
-75
-65
-76
-95
-70
-62
-49
-31
-25
-33
42
110
144
215
207
169
155
137
155
47
79
6
5
-17
20
-56
1
-9
10
0
15
7
-1
-14
-27
-38
-25
-60
-48
-50
-45
-24
-19
-18
-5
66
123
149
212
226
192
146
151
71
55
30
7
20
-13
-12
-5
19
-19
-19
-15
5
6
-22
-12
-9
-23
-85
-52
-85
-73
-69
-50
-45
-26
-38
-12
81
131
139
187
179
150
137
79
53
19
-9
-11
-26
-31
-29
-30
-18
-42
-33
-13
-9
-17
-37
-57
-65
-94
-109
-108
-99
-81
-83
-59
-62
-44
-12
52
116
139
180
194
143
130
52
50
26
13
-13
-12
-19
-30
-13
-31
-35
-79
-93
-11
-21
-1
-28
-21
-76
-75
-97
-78
-76
-44
-70
-39
-31
9
100
131
139
227
195
155
143
115
79
42
26
11
3
-12
-1
23
0
5
27
31
19
0
-12
-10
-35
-27
-69
-55
-50
-53
-45
-33
-31
-33
5
79
122
167
215
182
159
148
107
75
54
20
-1
-12
-12
-7
-5
-1
-10
11
-6
0
-13
5
-43
-21
-46
-79
-83
-95
-80
-49
-59
-44
-28
-28
65
125
142
195
180
139
133
70
49
20
-1
-29
-21
-35
-28
-31
-26
-17
-26
-21
-33
-45
-15
-97
-77
-102
-107
-98
-76
-80
-76
-69
-47
-25
-27
61
123
148
200
167
147
145
79
84
39
18
0
-11
-7
-7
-14
-22
-17
-11
7
-7
-11
-24
-39
-28
-60
-67
-76
-76
-73
-43
-45
-31
-28
26
103
103
149
209
187
147
148
105
77
47
33
0
15
10
5
0
6
20
30
-9
7
18
-7
-27
-23
-14
-73
-86
-49
-71
-59
-15
-33
-28
30
94
145
150
207
163
137
139
99
62
41
20
-1
-1
3
0
-11
-14
-18
-7
-12
-14
-18
-18
-40
-58
-79
-93
-99
-93
-81
-55
-60
-41
-26
-27
94
144
151
179
163
149
83
52
29
-5
-13
-28
-27
-26
-28
-19
-28
-41
-43
-25
-28
-28
-27
-67
-61
-86
-98
-94
-78
-73
-58
-54
-40
-28
-14
84
127
139
185
159
147
110
70
40
25
-1
7
-12
-19
-17
-13
-21
-15
-13
-5
5
-6
-14
-28
-33
-76
-75
-69
-62
-46
-30
-44
-33
-7
79
122
139
209
207
175
143
167
86
67
51
23
0
5
1
9
-11
-5
0
22
7
-21
-12
-12
-29
-18
-76
-82
-75
-65
-69
-48
-24
-28
-11
69
116
155
185
199
145
139
95
66
30
19
5
0
-15
-15
-26
-17
0
-15
-15
-22
-17
-18
-50
-53
-82
-117
-115
-97
-95
-76
-58
-62
-69
-22
45
111
143
127
153
155
134
71
37
9
13
-12
-22
-31
-37
-33
-41
-23
-39
-17
-7
-7
-12
-43
-45
-79
-81
-93
-69
-93
-86
-56
-31
-24
-34
66
127
139
215
180
135
148
87
61
26
23
18
0
-11
-5
-3
-7
-3
6
-5
-5
-1
-10
-26
-29
-29
-66
-85
-69
-58
-53
-41
-26
-18
58
95
141
147
201
189
169
167
115
78
57
39
18
3
3
-14
-12
-28
-6
17
10
3
-9
-1
-19
-30
-33
-65
-76
-73
-75
-70
-44
-40
-21
10
73
127
138
215
189
170
135
84
52
35
14
-5
-23
3
-26
-29
-27
-11
-15
-15
-17
-35
-28
-37
-57
-70
-122
-125
-107
-106
-76
-61
-59
-33
-44
50
107
139
143
174
148
85
58
43
31
6
-12
-13
-9
-21
-31
-38
-25
-39
-13
-14
-22
23
-31
-42
-81
-98
-73
-86
-113
-53
-56
-39
-23
-7
81
127
131
195
180
147
150
84
61
41
35
21
9
3
20
5
1
1
7
19
20
0
3
-22
-26
-34
-61
-73
-69
-58
-31
-42
-21
-15
51
115
131
199
212
205
149
163
83
81
47
20
19
0
3
-21
-12
0
-10
6
7
6
0
-12
-27
-27
-66
-76
-99
-85
-65
-62
-44
-37
-26
-9
68
131
127
195
155
146
161
83
37
7
0
-1
-22
-15
-17
-21
-31
-29
-27
-43
-22
-27
-31
-26
-73
-102
-122
-130
-110
-98
-76
-67
-61
-34
-26
39
103
134
148
155
147
142
87
51
34
6
-13
-5
-22
-12
-19
-26
-34
-14
-17
-14
-50
-18
-17
-37
-67
-77
-86
-82
-76
-75
-46
-34
-11
-42
53
95
149
192
210
159
150
102
70
58
27
10
22
-14
-28
0
-6
7
14
20
17
23
19
-12
-7
-29
-57
-73
-67
-56
-60
-45
-34
-30
5
55
101
147
199
201
157
148
105
83
33
56
5
-5
17
-12
-15
-11
-37
-10
-1
1
0
-17
-29
-29
-73
-69
-99
-93
-118
-81
-71
-53
-39
-34
23
90
117
139
175
146
175
79
51
20
15
6
-21
-31
-18
-51
-17
-44
-30
-28
-28
-28
-23
-39
-67
-76
-99
-108
-122
-109
-103
-76
-61
-39
-43
-17
71
125
138
177
161
135
75
52
34
43
-3
-9
-14
-9
-17
-14
-21
-10
-12
-11
1
-21
-18
-21
-33
-61
-93
-94
-93
-101
-50
-40
-18
-35
49
105
127
114
207
203
146
138
91
81
51
33
19
11
6
5
5
-9
9
39
-9
1
-7
11
-18
-34
-19
-65
-93
-73
-74
-58
-39
-29
-26
35
93
138
149
212
180
158
143
90
57
51
11
-3
3
22
1
-28
-44
-31
-13
-12
-18
-13
-13
-31
-27
-74
-94
-93
-103
-76
-78
-97
-58
-26
-38
52
107
137
147
155
143
115
59
27
20
-11
-3
-12
-34
-19
-33
-17
-37
-45
-27
-21
-23
-28
-47
-54
-69
-101
-114
-99
-103
-76
-65
-44
-17
-27
51
113
145
147
180
135
146
86
57
36
19
-3
6
-12
-6
-18
-14
-13
-23
-11
1
-13
-7
-21
-41
-14
-79
-85
-76
-62
-62
-45
-31
-29
20
62
122
141
225
194
166
147
143
86
80
26
27
3
27
18
9
-6
-1
3
5
10
1
6
-25
-17
-25
-69
-107
-93
-76
-81
-61
-13
-33
-17
42
107
121
145
182
163
147
127
57
52
38
20
-12
-19
-11
-25
-7
-31
-25
-23
-21
-28
-13
-27
-25
-69
-105
-97
-98
-104
-76
-79
-73
-37
-25
-25
61
117
148
159
143
149
69
36
29
19
0
-22
-17
-29
-33
-25
-12
-33
-33
-21
-42
-21
-21
-37
-31
-79
-107
-131
-94
-58
-73
-34
-33
-15
-26
69
116
148
155
178
145
137
86
77
33
26
-3
-10
-11
-12
-22
-11
-13
-17
-14
-6
-17
3
1
-28
-34
-49
-69
-76
-81
-49
-41
-41
-21
19
67
138
163
187
201
163
148
143
84
78
31
39
7
13
7
0
-19
-12
-31
-7
-10
21
-28
-3
-12
-29
-69
-98
-95
-86
-59
-49
-42
-28
-33
54
75
150
143
170
165
145
81
83
52
25
3
-7
-13
-22
-27
-26
-12
-3
-44
-29
-28
-23
-33
-15
-53
-83
-119
-111
-124
-115
-86
-76
-45
-34
-21
85
115
127
147
145
141
62
53
47
21
-6
-17
-3
-7
-47
0
-17
-23
-21
-23
-14
-19
-39
-28
-23
-66
-76
-101
-95
-77
-61
-62
-41
-31
-11
70
116
158
163
181
148
143
84
67
47
25
43
3
3
-5
-3
3
-9
3
-10
31
-11
-13
-28
-49
-27
-21
-73
-74
-53
-78
-46
-23
-44
17
59
113
148
211
195
163
148
121
74
38
13
34
15
3
0
-11
-9
-25
-15
-9
-12
-21
-12
-25
-22
-31
-73
-76
-108
-101
-75
-65
-29
-22
-28
20
83
117
138
175
142
159
66
57
26
20
19
-66
-5
-12
7
-27
-31
-38
-14
-29
-44
-37
-57
-65
-72
-82
-110
-108
-119
-93
-79
-69
-48
-17
-18
53
127
135
161
149
154
89
52
14
9
-9
-5
-14
-29
-28
-30
-25
-46
-3
-25
-10
-13
-44
-28
-25
-76
-98
-93
-93
-85
-62
-40
-25
-29
33
72
119
151
216
181
118
139
81
55
38
20
6
3
3
-9
-7
-3
-5
13
17
5
3
-9
-24
-21
-33
-76
-65
-73
-56
-55
-28
-22
-30
25
75
95
147
197
183
151
154
71
62
38
20
-27
-12
-12
9
-18
-24
9
-25
-12
-3
-17
-18
-33
-29
-70
-93
-109
-81
-102
-94
-65
-53
-26
-25
52
106
167
121
151
159
82
36
53
5
-12
-21
-25
-44
-28
-41
-65
-44
-39
-40
-44
-44
-45
-59
-75
-78
-105
-116
-119
-108
-79
-71
-65
-25
-42
67
121
141
148
163
154
95
74
29
31
-11
-28
-17
0
-12
-22
