-58
-27
50
91
155
418
529
622
596
474
311
183
137
-5
-53
-29
-21
-10
-25
-140
-191
-221
-229
-217
-194
-178
-145
-97
-129
-119
-176
-208
-235
-278
-262
-267
-229
-137
-93
-43
-19
25
134
307
467
603
619
555
394
244
165
19
-23
-40
-33
-33
-33
-41
-153
-195
-219
-219
-203
-197
-157
-108
-63
-94
-155
-183
-203
-267
-273
-232
-203
-177
-85
-37
-30
65
116
126
414
579
643
602
481
299
212
153
20
-15
-13
18
19
-13
-28
-139
-195
-177
-169
-151
-139
-112
-69
-76
-85
-115
-169
-216
-245
-254
-223
-179
-101
-23
-41
42
97
129
363
515
619
633
532
370
239
114
27
-28
-34
-22
-7
-31
-41
-141
-185
-205
-202
-184
-154
-145
-110
-79
-103
-125
-202
-237
-253
-281
-246
-206
-158
-84
-48
-43
33
121
251
446
570
606
542
410
267
142
25
-33
-45
-42
-18
-37
-27
-170
-197
-236
-229
-225
-175
-172
-130
-108
-110
-131
-168
-231
-268
-293
-254
-224
-203
-108
-61
-27
42
95
157
363
531
643
599
502
326
223
150
5
-42
-34
-12
0
-21
-30
-154
-181
-210
-193
-182
-157
-139
-95
-65
-76
-140
-172
-222
-239
-245
-217
-179
-121
-41
-45
75
99
143
385
535
635
646
542
381
244
143
34
-13
-28
7
10
1
-42
-156
-192
-198
-201
-186
-150
-141
-94
-50
-82
-126
-167
-223
-265
-268
-253
-221
-140
-63
-19
-37
67
111
263
419
564
621
566
419
293
177
134
-12
-42
-41
-25
-40
-26
-163
-203
-230
-243
-205
-191
-178
-140
-105
-105
-141
-177
-206
-270
-282
-251
-246
-175
-127
-53
-44
20
97
142
403
547
631
587
465
307
165
123
-9
-24
-15
-27
-13
-28
-121
-178
-203
-203
-207
-202
-171
-108
-114
-95
-119
-135
-190
-251
-254
-270
-258
-217
-137
-59
-15
10
79
131
321
491
630
661
543
411
273
135
67
-49
-5
20
17
-21
-17
-140
-193
-198
-173
-163
-145
-118
-65
-69
-76
-111
-166
-219
-232
-245
-246
-203
-156
-101
-45
0
47
127
278
465
585
641
595
451
297
165
149
-23
-39
-28
-17
-17
-41
-112
-175
-231
-230
-198
-202
-141
-130
-93
-81
-108
-155
-215
-264
-267
-268
-239
-185
-107
-59
-40
27
50
119
355
500
611
596
491
343
212
122
7
-30
-59
-47
-50
-45
-112
-199
-232
-217
-214
-199
-144
-141
-106
-98
-81
-125
-199
-245
-266
-277
-254
-220
-162
-96
-47
-29
36
119
262
455
599
635
566
419
267
151
148
-18
-47
-35
-12
-29
-13
-138
-198
-207
-210
-175
-172
-140
-114
-63
-66
-115
-143
-172
-231
-250
-224
-217
-159
-93
-43
-38
50
84
134
387
551
659
628
517
371
251
149
20
-23
-25
-5
0
-26
-37
-166
-203
-210
-182
-183
-155
-119
-76
-94
-108
-136
-173
-202
-267
-263
-246
-210
-140
-93
-30
-14
67
116
247
419
558
622
549
414
267
153
125
0
-29
-45
-55
-30
-93
-153
-205
-234
-232
-230
-193
-166
-140
-125
-127
-146
-182
-222
-261
-277
-279
-253
-205
-160
-82
-47
-28
46
127
305
470
596
617
509
366
225
122
-7
-38
-73
-45
-39
-43
-101
-156
-222
-210
-236
-182
-183
-119
-123
-76
-101
-121
-161
-227
-234
-269
-268
-195
-153
-98
-67
-54
67
99
115
409
570
660
635
495
355
202
141
18
-12
52
79
-44
-14
-37
-153
-202
-197
-172
-165
-139
-108
-61
-67
-75
-122
-177
-219
-242
-239
-236
-191
-115
-63
-33
35
54
136
276
483
611
667
582
446
289
180
116
-6
-33
-41
-17
-9
-44
-119
-193
-213
-225
-206
-183
-156
-111
-77
-79
-127
-167
-195
-236
-254
-271
-252
-166
-108
-74
-25
36
37
143
317
517
611
651
522
372
232
129
-12
-29
-69
-44
-22
-28
-121
-156
-214
-234
-219
-210
-189
-140
-112
-76
-97
-138
-197
-236
-254
-263
-268
-219
-153
-94
-49
-39
30
84
131
411
561
647
627
481
333
196
131
-34
-34
-43
-46
-34
-30
-122
-189
-197
-203
-209
-172
-157
-108
-76
-55
-81
-122
-166
-205
-242
-239
-225
-179
-130
-61
-27
37
72
150
307
479
613
659
573
411
257
149
20
-25
-31
-33
-45
-14
-22
-157
-178
-221
-203
-203
-173
-117
-93
-93
-97
-118
-162
-214
-253
-268
-266
-220
-172
-107
-44
-50
56
82
151
369
547
647
611
483
329
181
149
-23
-26
-46
-19
-14
-25
-126
-177
-235
-219
-229
-197
-178
-122
-108
-101
-108
-153
-202
-251
-278
-283
-251
-221
-141
-61
-29
-14
58
116
282
463
595
651
564
451
297
175
148
-12
-44
-33
-1
-9
-41
-143
-195
-209
-205
-213
-172
-143
-98
-66
-65
-119
-135
-187
-236
-249
-247
-229
-172
-118
-37
-23
59
103
151
399
563
651
667
561
387
266
145
17
-44
-12
3
22
-12
-53
-134
-181
-203
-203
-159
-141
-101
-101
-44
-83
-82
-154
-181
-240
-284
-240
-167
-79
-126
-27
-29
40
110
212
419
598
665
607
474
296
181
145
-5
-29
-55
-44
-33
-38
-153
-179
-193
-220
-189
-207
-158
-108
-108
-97
-129
-190
-223
-247
-296
-293
-263
-195
-155
-76
-33
-22
59
117
331
511
611
623
502
315
180
139
-15
-28
-58
-43
-22
-27
-110
-175
-223
-245
-246
-210
-172
-158
-118
-118
-101
-141
-182
-238
-273
-294
-268
-234
-155
-95
-39
-29
42
105
287
419
586
638
605
419
287
155
126
-44
-41
-28
-29
-44
-29
-139
-181
-205
-207
-191
-156
-138
-93
-47
-57
-87
-133
-185
-231
-236
-262
-217
-173
-97
-25
14
75
123
150
403
565
657
659
531
372
210
148
-6
-19
-34
-29
-12
-21
-41
-168
-199
-195
-217
-187
-145
-111
-77
-74
-93
-127
-203
-221
-280
-295
-234
-222
-130
-57
-21
5
68
134
329
472
611
641
549
374
240
154
3
-21
-59
-38
-18
-40
-80
-172
-210
-236
-221
-220
-170
-157
-108
-105
-107
-141
-189
-245
-267
-290
-285
-263
-181
-119
-49
-28
50
103
195
419
564
635
596
465
307
180
135
-15
-45
-42
-38
-55
-25
-144
-172
-229
-222
-207
-190
-163
-130
-95
-61
-112
-153
-177
-262
-275
-269
-236
-177
-108
-30
-15
75
107
134
403
553
649
663
530
367
214
154
14
-26
-18
1
13
-12
-41
-155
-182
-169
-193
-165
-170
-125
-86
-65
-80
-135
-168
-214
-257
-271
-261
-220
-141
-71
-39
48
47
126
281
477
585
659
571
411
276
145
72
-24
-18
-23
-29
-44
-43
-161
-191
-214
-214
-217
-203
-169
-138
-112
-107
-141
-172
-220
-268
-286
-285
-269
-190
-150
-59
-38
18
98
153
379
542
633
565
419
291
166
135
-30
-15
-30
-43
-41
-13
-140
-186
-220
-219
-207
-181
-187
-108
-117
-99
-105
-137
-194
-257
-265
-281
-263
-220
-140
-74
-29
39
81
135
340
502
611
631
525
372
251
147
20
-12
-33
-44
0
-10
-41
-134
-166
-203
-187
-182
-155
-123
-85
-58
-63
-135
-171
-203
-268
-247
-247
-194
-134
-43
-39
35
75
137
303
472
613
657
579
419
267
135
101
-54
-50
-49
7
-11
-30
-139
-185
-221
-203
-187
-194
-161
-111
-59
-101
-141
-186
-235
-243
-287
-272
-240
-166
-107
-27
-33
40
130
283
467
579
609
545
379
250
131
17
-39
-49
-50
-37
-18
-39
-153
-210
-225
-225
-215
-194
-172
-117
-111
-83
-150
-199
-239
-271
-286
-287
-267
-202
-123
-65
-33
35
107
187
397
555
623
587
467
302
155
131
-14
-58
-35
-25
-26
-49
-122
-169
-200
-209
-203
-193
-161
-108
-93
-97
-108
-153
-220
-257
-285
-277
-222
-172
-81
-45
-29
49
127
183
402
559
661
618
522
337
199
114
0
-39
-26
-7
17
-7
-29
-141
-191
-129
-214
-174
-85
-118
-76
-61
-117
-166
-193
-214
-271
-268
-222
-165
-101
-45
-26
58
116
207
409
563
639
595
457
310
150
145
-12
-33
-49
-41
-27
-33
-119
-184
-229
-245
-223
-197
-157
-137
-126
-105
-123
-202
-238
-267
-315
-305
-282
-206
-139
-41
-34
34
116
275
411
559
606
531
407
272
179
37
-19
-35
-27
-37
-27
-45
-135
-182
-236
-210
-207
-205
-167
-133
-81
-85
-125
-189
-223
-261
-293
-284
-236
-168
-122
-37
-23
91
148
325
481
607
647
538
393
244
145
20
-28
-29
-14
11
20
-40
-137
-183
-203
-185
-175
-156
-138
-78
-49
-59
-98
-139
-193
-232
-275
-261
-230
-167
-105
-40
37
101
139
308
469
596
651
554
404
258
165
111
-11
-25
-10
11
-5
-17
-142
-203
-210
-210
-191
-151
-131
-117
-75
-75
-133
-183
-239
-268
-310
-271
-236
-150
-78
-42
30
67
117
351
500
583
595
526
347
212
119
0
-42
-44
-42
-34
-34
-63
-167
-227
-245
-242
-225
-167
-154
-127
-114
-126
-151
-209
-270
-300
-321
-287
-239
-157
-63
-44
47
94
129
391
529
596
583
419
287
186
139
-5
-33
-44
10
20
-21
-108
-163
-225
-223
-198
-169
-163
-127
-77
-69
-82
-171
-222
-265
-261
-275
-236
-178
-118
-57
-12
79
148
305
458
607
650
591
419
275
169
129
-18
-21
-7
23
30
-12
-45
-169
-194
-203
-198
-172
-152
-115
-54
-59
-97
-155
-225
-254
-296
-279
-207
-165
-101
-37
42
84
121
345
493
617
619
541
389
223
123
30
3
-41
-21
7
1
-58
-153
-188
-219
-219
-190
-161
-141
-117
-93
-101
-154
-203
-243
-299
-325
-294
-238
-186
-111
-37
-25
95
137
339
505
591
610
484
308
195
143
5
-12
-44
-42
5
-14
-49
-151
-202
-222
-230
-186
-182
-139
-97
-75
-76
-137
-193
-239
-284
-285
-263
-225
-154
-66
-13
49
116
139
356
527
611
602
490
336
195
139
7
-28
-27
-3
20
5
-44
-139
-169
-193
-189
-159
-145
-96
-49
-59
-73
-135
-189
-215
-258
-268
-225
-175
-127
-37
-12
91
135
245
419
549
635
609
481
331
187
148
-7
-28
-22
3
22
13
-44
-153
-185
-207
-192
-185
-151
-138
-61
-59
-69
-145
-209
-239
-286
-299
-253
-215
-143
-41
-37
27
84
135
337
518
614
597
495
329
189
137
-5
-40
-14
-34
-39
-29
-93
-189
-214
-243
-219
-191
-158
-143
-108
-108
-111
-173
-229
-257
-298
-282
-266
-215
-153
-59
-42
37
88
145
383
519
607
587
468
322
197
135
-12
-14
-24
-5
0
-23
-49
-161
-213
-189
-210
-193
-165
-131
-105
-83
-112
-145
-201
-254
-283
-286
-262
-200
-133
-50
-44
54
131
145
371
533
633
615
506
362
240
137
17
0
-9
20
35
-13
-43
-154
-173
-174
-184
-158
-138
-106
-74
-70
-79
-140
-193
-225
-275
-271
-249
-182
-108
-55
-30
61
115
158
357
507
627
602
499
338
193
129
-14
-28
-30
-14
-11
-18
-45
-162
-185
-198
-219
-200
-167
-157
-108
-85
-85
-159
-194
-261
-290
-306
-267
-236
-179
-98
-34
6
57
129
279
463
558
607
517
372
244
139
5
-46
-59
-29
-37
-43
-23
