-86
-23
147
363
539
628
723
697
611
466
338
170
146
-12
-44
-105
-178
-274
-285
-320
-283
-268
-242
-175
-145
-141
-137
-95
-105
-105
-129
-137
-145
-135
-154
-108
-95
-66
-41
85
142
372
543
643
695
710
611
480
337
183
151
-27
-35
-129
-187
-236
-289
-295
-287
-279
-265
-204
-168
-137
-153
-122
-153
-153
-150
-183
-185
-172
-172
-142
-139
-94
-44
-25
142
330
497
599
715
663
591
419
271
163
25
-44
-139
-165
-246
-299
-344
-359
-331
-332
-289
-249
-217
-189
-186
-172
-183
-172
-181
-195
-207
-205
-177
-166
-125
-93
-65
-43
121
313
499
611
675
662
602
419
321
149
33
-39
-19
-125
-198
-278
-296
-332
-320
-297
-236
-211
-182
-155
-119
-135
-144
-118
-142
-167
-149
-179
-167
-150
-94
-58
-39
70
148
379
535
661
723
712
633
532
335
206
116
-7
-45
-21
-156
-231
-282
-284
-272
-275
-250
-199
-171
-154
-131
-135
-135
-140
-138
-140
-154
-175
-150
-149
-114
-69
-33
55
121
330
522
619
675
695
617
455
339
167
113
-25
-40
-129
-215
-278
-332
-333
-345
-303
-297
-236
-193
-168
-156
-173
-124
-179
-195
-189
-229
-229
-205
-160
-156
-128
-55
-28
127
307
447
564
655
650
549
419
308
148
34
-29
-105
-110
-197
-269
-300
-335
-346
-302
-277
-239
-202
-145
-153
-147
-146
-163
-172
-183
-183
-182
-173
-156
-123
-105
-47
-28
149
326
504
623
721
691
611
500
351
196
141
-5
-31
-107
-158
-237
-268
-306
-313
-279
-267
-203
-177
-125
-113
-81
-103
-123
-123
-161
-157
-169
-154
-140
-76
-55
-43
50
147
355
533
639
723
699
654
511
340
223
143
14
-28
-119
-182
-251
-300
-305
-284
-269
-243
-229
-191
-173
-145
-121
-137
-141
-183
-186
-188
-186
-172
-137
-107
-79
-66
-43
131
311
487
609
660
679
596
463
309
169
83
-28
-108
-165
-205
-268
-326
-381
-355
-342
-315
-250
-229
-194
-177
-174
-165
-177
-199
-204
-204
-228
-185
-155
-135
-101
-45
-28
125
313
507
607
673
679
596
446
315
159
25
-5
-32
-125
-189
-257
-288
-302
-283
-265
-271
-201
-189
-146
-151
-106
-149
-153
-161
-161
-172
-181
-154
-125
-98
-42
-17
103
135
393
564
663
719
721
615
470
331
175
135
7
-41
-44
-170
-239
-239
-289
-289
-278
-234
-183
-137
-147
-141
-119
-134
-143
-149
-167
-166
-167
-155
-125
-78
-65
-42
97
149
381
532
657
711
698
583
419
278
135
34
-28
-75
-137
-217
-276
-320
-348
-330
-319
-290
-236
-198
-173
-156
-140
-169
-163
-177
-180
-191
-224
-193
-174
-141
-108
-53
-31
155
357
500
607
660
657
539
389
239
155
1
-25
-114
-173
-204
-299
-313
-346
-313
-317
-282
-255
-204
-171
-141
-145
-167
-155
-153
-193
-189
-191
-167
-139
-86
-74
-25
111
148
391
564
678
692
675
608
419
281
128
20
-44
-53
-127
-197
-268
-284
-300
-265
-267
-218
-189
-152
-117
-79
-111
-117
-125
-140
-145
-172
-147
-141
-95
-71
-22
1
119
276
419
559
687
727
675
599
414
289
148
17
-19
-40
-130
-191
-239
-283
-301
-300
-284
-221
-206
-177
-151
-117
-135
-124
-141
-172
-173
-163
-185
-161
-153
-138
-65
-35
91
125
403
565
655
693
641
525
390
258
125
-11
-34
-125
-169
-251
-321
-350
-358
-343
-317
-283
-236
-209
-171
-175
-151
-181
-195
-177
-186
-206
-201
-192
-172
-156
-76
-21
99
146
411
550
639
683
643
535
365
217
147
-27
-45
-118
-161
-231
-289
-322
-303
-263
-300
-246
-204
-161
-145
-140
-123
-136
-140
-137
-172
-185
-193
-143
-114
-101
-23
-25
127
303
475
613
731
714
671
523
399
234
143
8
0
-44
-130
-204
-237
-268
-273
-282
-250
-201
-156
-140
-141
-124
-124
-117
-159
-138
-174
-183
-162
-157
-141
-93
-59
-12
123
295
419
581
671
690
633
500
355
199
145
-12
-40
-113
-165
-240
-284
-315
-298
-318
-285
-253
-236
-178
-182
-167
-140
-182
-173
-203
-221
-217
-221
-206
-157
-140
-105
-29
90
131
387
531
617
623
598
500
327
183
116
-19
-33
-113
-185
-235
-310
-303
-327
-332
-300
-269
-228
-193
-175
-151
-131
-153
-131
-172
-206
-221
-193
-197
-150
-106
-69
-47
81
121
419
542
642
698
673
554
404
247
149
22
-17
-31
-101
-172
-257
-263
-270
-268
-263
-227
-193
-140
-125
-94
-82
-85
-123
-123
-143
-145
-157
-140
-93
-78
-44
-12
123
275
419
563
651
692
665
562
419
283
145
40
5
-35
-119
-185
-236
-288
-279
-287
-277
-218
-193
-163
-160
-119
-123
-137
-156
-149
-185
-215
-181
-149
-161
-119
-66
-21
-8
138
334
499
595
649
647
549
419
261
132
2
-12
-107
-149
-209
-271
-324
-326
-339
-316
-281
-269
-195
-185
-170
-181
-167
-165
-206
-221
-195
-194
-206
-181
-140
-123
-62
-27
123
309
456
582
659
654
563
449
293
155
43
-34
-51
-140
-173
-235
-310
-312
-304
-283
-243
-225
-170
-156
-138
-118
-125
-155
-157
-172
-199
-157
-173
-153
-121
-93
-23
20
129
363
519
631
675
675
603
471
338
174
131
14
-28
-23
-142
-222
-243
-285
-277
-258
-228
-191
-141
-133
-119
-108
-135
-146
-134
-165
-165
-140
-184
-142
-111
-78
-37
-22
123
319
497
611
673
659
596
457
329
145
131
-42
-58
-117
-173
-236
-285
-328
-332
-299
-278
-248
-177
-172
-167
-153
-157
-159
-172
-211
-214
-218
-233
-204
-141
-129
-76
-28
131
283
449
555
611
595
539
395
259
154
23
-41
-45
-140
-220
-253
-296
-313
-309
-297
-284
-261
-214
-196
-167
-140
-156
-154
-173
-147
-174
-187
-202
-159
-118
-81
-47
-44
127
287
479
577
686
665
611
487
302
189
136
4
-41
-28
-113
-216
-258
-254
-269
-262
-239
-189
-147
-139
-129
-94
-103
-117
-108
-125
-153
-134
-116
-129
-76
-66
-49
-19
134
278
447
587
657
685
659
531
373
233
158
19
-28
-37
-129
-169
-250
-280
-269
-280
-267
-236
-173
-151
-129
-128
-149
-118
-135
-181
-178
-172
-165
-142
-153
-108
-70
-51
103
141
390
533
622
632
593
495
353
199
159
-12
-43
-114
-187
-233
-282
-311
-329
-326
-313
-253
-229
-223
-184
-175
-175
-162
-199
-216
-215
-206
-203
-197
-133
-108
-77
-54
78
135
391
530
621
662
570
457
338
187
159
-29
-41
-85
-108
-221
-268
-293
-285
-316
-274
-231
-185
-167
-151
-140
-133
-133
-144
-160
-166
-155
-157
-139
-125
-76
-11
-57
111
283
414
555
655
707
651
521
377
243
125
35
-9
-44
-57
-157
-234
-267
-254
-246
-235
-204
-169
-123
-97
-140
-114
-133
-149
-155
-153
-177
-166
-151
-97
-95
-45
-37
114
287
419
555
635
660
602
502
343
217
149
9
-37
-29
-172
-217
-281
-309
-322
-300
-268
-222
-193
-171
-165
-154
-156
-158
-167
-204
-204
-236
-206
-172
-159
-114
-82
-12
97
123
376
534
583
625
551
449
341
158
143
-17
-59
-81
-183
-267
-295
-305
-312
-301
-242
-236
-218
-169
-152
-158
-153
-170
-163
-184
-186
-169
-189
-155
-139
-95
-50
-33
119
258
419
558
625
655
587
482
366
193
148
10
-49
-41
-136
-206
-271
-279
-253
-283
-233
-205
-158
-110
-121
-94
-106
-111
-125
-121
-145
-149
-156
-123
-85
-62
-48
69
121
310
454
611
655
710
603
484
337
213
145
20
-42
-46
-163
-212
-250
-272
-316
-284
-251
-211
-175
-137
-140
-140
-152
-159
-162
-172
-179
-185
-173
-140
-86
-77
-27
-41
117
321
482
569
611
622
543
411
277
171
39
-22
-39
-125
-204
-284
-323
-300
-341
-311
-277
-237
-221
-185
-177
-185
-184
-165
-171
-189
-215
-223
-203
-165
-137
-102
-47
-27
125
322
471
587
615
603
531
377
258
143
51
-25
-28
-113
-172
-273
-286
-314
-301
-275
-244
-172
-134
-140
-137
-105
-139
-139
-157
-172
-193
-165
-142
-114
-81
-44
-25
108
199
389
559
647
683
663
553
451
291
168
147
-1
-25
-28
-172
-223
-240
-263
-261
-209
-178
-181
-125
-135
-82
-75
-129
-130
-144
-172
-172
-154
-145
-129
-93
-47
-28
99
239
419
562
633
659
623
510
351
234
142
24
-25
-25
-151
-204
-275
-300
-313
-295
-264
-225
-199
-177
-147
-141
-153
-172
-151
-179
-205
-204
-168
-149
-142
-82
-74
-55
116
253
419
532
596
595
537
414
297
163
37
-12
-44
-122
-178
-250
-320
-344
-323
-302
-269
-235
-184
-157
-136
-174
-165
-177
-158
-216
-172
-204
-181
-133
-108
-54
-38
99
135
375
511
611
651
619
533
419
267
139
69
12
-38
-77
-199
-258
-265
-295
-281
-245
-238
-157
-121
-94
-127
-103
-108
-114
-127
-158
-169
-125
-105
-65
-57
-53
67
118
327
487
631
689
675
597
491
369
195
119
9
-28
-34
-125
-218
-274
-283
-283
-277
-236
-223
-174
-121
-142
-125
-137
-110
-157
-172
-197
-194
-166
-159
-108
-76
-37
73
158
366
482
619
637
617
511
363
244
147
-12
-29
-49
-136
-238
-299
-299
-329
-326
-282
-283
-217
-184
-166
-129
-157
-179
-182
-214
-204
-213
-204
-195
-150
-138
-61
-5
98
222
387
526
609
625
587
494
342
207
108
-3
-12
-37
-159
-246
-257
-330
-299
-309
-268
-236
-204
-166
-140
-106
-127
-117
-143
-167
-167
-167
-156
-140
-93
-62
-17
43
147
315
471
599
683
660
590
479
339
206
127
21
-14
-42
-136
-206
-225
-265
-274
-240
-211
-172
-153
-118
-108
-101
-85
-107
-113
-133
-182
-190
-178
-135
-101
-42
-33
77
147
371
511
611
661
661
553
419
283
150
99
-21
-29
-108
-183
-258
-295
-298
-300
-268
-249
-191
-150
-144
-143
-134
-153
-150
-172
-202
-215
-206
-175
-161
-108
-71
-37
103
135
402
511
602
623
593
468
343
199
148
-29
-37
-93
-155
-229
-300
-300
-300
-325
-277
-227
-193
-155
-157
-157
-125
-153
-178
-181
-189
-183
-197
-163
-117
-101
-29
-53
114
253
419
567
619
661
596
482
359
195
127
0
-38
-24
-140
-189
-273
-282
-296
-250
-257
-225
-173
-142
-125
-107
-93
-113
-130
-136
-142
-139
-150
-125
-78
-31
-33
95
153
367
523
613
660
675
591
515
339
228
148
43
-19
-45
-139
-222
-270
-268
-287
-261
-254
-149
-169
-113
-108
-113
-134
-136
-153
-169
-151
-175
-143
-153
-101
-50
-28
23
138
334
491
587
635
638
538
414
279
133
35
-25
-44
-114
-193
-258
-298
-329
-313
-324
-284
-227
-182
-172
-165
-169
-179
-194
-206
-198
-231
-236
-206
-159
-156
-69
-38
86
116
391
547
619
631
594
486
338
206
139
11
-29
-42
-139
-204
-284
-310
-301
-305
-277
-236
-197
-174
-135
-108
-138
-145
-143
-204
-192
-205
-189
-127
-108
-76
-33
53
139
313
482
602
660
651
579
449
326
186
138
14
-5
-49
-136
-174
-227
-282
-263
-224
-192
-166
-141
-111
-77
-107
-95
-133
-108
-154
-175
-186
-172
-125
-99
-27
-37
