372
187
20
-178
-311
-342
-339
-349
-339
-364
-354
-301
-248
-193
-141
-77
-41
-39
0
-7
-26
-38
-98
-130
-144
-97
-31
-38
79
123
211
331
522
661
739
743
615
419
255
143
-29
-257
-303
-321
-321
-330
-335
-341
-287
-236
-190
-134
-77
-49
-23
20
5
-12
-37
-108
-120
-120
-108
-49
-43
63
119
134
286
474
623
707
731
635
483
283
133
-38
-263
-332
-339
-349
-351
-354
-361
-343
-273
-226
-182
-131
-72
-44
-42
0
-38
-43
-127
-140
-167
-157
-105
-37
-29
91
134
245
383
567
673
719
660
504
314
149
-26
-241
-334
-348
-362
-363
-371
-375
-359
-315
-258
-218
-138
-82
-42
-29
-5
-21
-26
-117
-138
-140
-149
-127
-56
-34
78
148
130
334
523
671
715
717
601
419
229
133
-51
-284
-317
-333
-337
-354
-344
-353
-297
-250
-190
-136
-93
-44
-25
21
11
-12
-29
-93
-119
-120
-108
-61
-31
94
135
147
307
478
643
744
747
655
511
309
142
-39
-217
-315
-315
-334
-337
-347
-359
-300
-275
-220
-164
-110
-46
-37
-3
3
-17
-28
-97
-140
-149
-140
-104
-27
-29
85
133
197
372
554
683
724
659
545
359
163
-27
-207
-306
-348
-359
-354
-370
-371
-373
-320
-255
-206
-145
-105
-49
-31
-42
-25
-39
-120
-149
-157
-161
-140
-81
-24
62
102
118
263
453
627
707
724
612
453
263
145
-28
-277
-351
-348
-353
-353
-369
-364
-320
-272
-229
-171
-108
-44
-30
14
11
-12
-44
-111
-133
-155
-125
-83
-44
45
106
143
255
419
611
727
755
695
547
355
163
0
-204
-307
-323
-300
-315
-333
-341
-321
-257
-215
-165
-108
-43
-31
42
21
19
-31
-30
-113
-119
-130
-85
-28
-13
106
143
135
318
516
660
723
707
595
419
225
139
-33
-298
-319
-340
-353
-345
-358
-354
-300
-241
-213
-170
-97
-41
-37
-5
5
-35
-77
-129
-165
-171
-141
-81
-22
39
105
143
263
459
622
713
713
605
455
267
148
-37
-289
-343
-353
-364
-354
-385
-370
-335
-300
-237
-185
-130
-76
-43
-34
-15
-22
-40
-113
-146
-150
-153
-119
-44
-33
94
120
211
379
567
691
730
685
558
362
169
5
-217
-301
-334
-334
-343
-327
-353
-318
-285
-229
-173
-125
-58
-28
3
22
14
-31
-37
-108
-125
-120
-103
-44
-28
98
131
227
335
509
665
746
735
634
459
293
139
-28
-244
-311
-320
-343
-332
-332
-333
-289
-250
-199
-140
-83
-34
-41
23
6
-12
-40
-108
-118
-145
-137
-86
-41
31
105
143
229
405
579
702
739
675
531
328
147
-12
-234
-337
-353
-359
-357
-365
-364
-349
-280
-244
-197
-140
-103
-47
-37
-10
-6
-29
-112
-149
-154
-166
-78
-76
-30
43
102
147
289
494
627
719
715
599
450
233
148
-27
-303
-337
-337
-354
-345
-347
-343
-300
-257
-213
-158
-125
-34
-43
26
18
-27
-35
-103
-130
-140
-141
-76
-31
43
115
131
262
404
595
704
745
699
566
373
171
1
-197
-300
-329
-325
-309
-321
-344
-303
-263
-197
-157
-113
-44
-30
37
51
19
-14
-44
-83
-113
-120
-93
-43
-34
75
118
138
290
479
641
747
739
673
500
309
147
-18
-273
-315
-317
-322
-341
-343
-343
-311
-251
-209
-170
-108
-58
-48
5
6
-12
-28
-106
-123
-156
-151
-112
-28
-41
74
131
136
340
534
671
731
692
562
375
191
5
-210
-326
-354
-361
-349
-353
-365
-351
-316
-270
-213
-167
-119
-41
-29
-9
-9
-41
-77
-122
-122
-155
-140
-93
-30
27
98
133
233
387
587
692
743
681
535
355
152
-25
-213
-325
-336
-344
-332
-336
-338
-312
-265
-220
-158
-117
-74
-44
30
39
20
-27
-44
-81
-135
-105
-116
-49
-31
84
131
147
307
497
655
755
761
649
499
299
126
-29
-248
-303
-310
-305
-314
-335
-326
-298
-236
-193
-153
-98
-49
-30
25
18
-5
-41
-38
-120
-139
-130
-103
-45
-23
89
130
206
355
537
675
739
709
595
409
207
97
-178
-300
-351
-355
-344
-348
-359
-343
-311
-271
-210
-165
-108
-49
-43
17
5
-46
-44
-126
-154
-173
-169
-105
-51
-23
85
131
171
407
567
689
723
647
499
319
141
-27
-257
-341
-350
-364
-357
-364
-357
-327
-279
-225
-189
-139
-69
-42
-23
35
-1
-21
-21
-120
-151
-143
-115
-49
-28
65
113
138
293
483
643
743
739
631
479
280
139
-42
-254
-331
-334
-332
-314
-350
-319
-289
-245
-188
-150
-72
-39
-18
20
37
11
-21
-41
-106
-113
-109
-95
-34
-11
102
127
187
343
547
689
753
739
607
418
230
131
-119
-298
-325
-341
-332
-323
-354
-338
-300
-245
-204
-140
-93
-41
-31
15
33
-9
-44
-105
-140
-153
-154
-86
-69
-28
67
116
146
365
557
683
729
675
538
353
148
-33
-225
-341
-378
-374
-357
-371
-371
-352
-302
-248
-213
-167
-108
-49
-22
6
5
-37
-79
-145
-156
-171
-143
-95
-26
-19
85
117
225
415
596
714
739
660
506
307
143
-41
-253
-331
-347
-354
-335
-348
-346
-307
-265
-217
-159
-119
-51
-38
33
36
15
-21
-21
-105
-140
-123
-119
-54
-28
63
129
126
319
490
647
759
753
663
490
275
135
-41
-268
-325
-311
-331
-319
-325
-321
-289
-243
-189
-137
-85
-38
-27
27
30
3
-33
-78
-125
-147
-137
-86
-34
-28
67
141
132
306
503
643
727
719
585
419
227
127
-145
-305
-364
-353
-348
-339
-349
-350
-300
-251
-217
-165
-109
-44
-38
15
0
3
-31
-138
-159
-167
-162
-136
-56
-41
63
137
126
361
533
675
723
667
531
339
145
-26
-230
-350
-365
-362
-342
-357
-362
-335
-290
-246
-188
-134
-85
-37
-33
27
11
-12
-41
-120
-146
-145
-142
-93
-31
56
112
119
257
419
617
735
755
679
523
327
148
-15
-254
-330
-334
-342
-326
-334
-338
-295
-255
-210
-159
-111
-46
-38
52
51
-3
-38
-41
-98
-118
-108
-74
-29
-23
97
120
127
315
515
660
755
747
633
459
265
135
-42
-285
-333
-343
-333
-348
-354
-328
-310
-254
-204
-157
-106
-41
-47
23
7
-11
-31
-93
-125
-142
-143
-113
-49
-31
75
113
142
340
515
660
741
692
564
378
189
0
-206
-336
-359
-370
-351
-374
-369
-335
-314
-264
-209
-169
-117
-48
-28
-29
1
-28
-39
-137
-155
-178
-158
-120
-44
-29
98
123
147
387
563
675
739
675
543
355
139
-21
-220
-321
-346
-339
-333
-337
-353
-317
-283
-220
-165
-124
-76
-26
-13
29
17
-17
-33
-101
-134
-125
-105
-65
-44
67
118
143
275
419
625
731
747
673
514
307
123
-43
-254
-326
-332
-333
-313
-323
-331
-285
-245
-203
-151
-106
-39
-31
36
39
-10
-21
-44
-116
-142
-143
-113
-30
-52
97
125
133
314
514
665
731
711
606
419
234
131
-137
-311
-348
-351
-334
-342
-350
-333
-301
-263
-213
-157
-105
-44
-28
0
11
-22
-30
-119
-162
-172
-163
-111
-37
-41
78
120
143
352
537
691
714
657
519
330
147
-28
-243
-345
-367
-362
-345
-354
-364
-333
-295
-241
-197
-161
-97
-39
-35
15
-6
-24
-76
-133
-161
-149
-133
-69
-42
52
106
135
278
462
625
726
747
631
487
287
145
-37
-279
-325
-341
-334
-330
-327
-332
-296
-251
-211
-156
-109
-52
-46
34
31
-7
-9
-38
-115
-139
-135
-102
-44
35
102
146
241
372
555
693
758
723
579
419
211
131
-162
-300
-329
-326
-329
-350
-335
-331
-295
-253
-201
-135
-73
-37
-23
20
7
-35
-30
-139
-155
-155
-141
-98
-45
-7
90
125
237
407
585
689
739
655
495
308
123
-28
-248
-339
-364
-343
-343
-361
-365
-345
-300
-263
-204
-153
-98
-28
-33
-29
-15
-44
-103
-141
-165
-163
-144
-76
-50
52
111
129
258
455
625
715
724
618
462
259
137
-29
-299
-342
-343
-347
-327
-349
-344
-309
-248
-201
-153
-115
-45
-41
21
24
-11
-29
-96
-129
-149
-140
-108
-46
3
113
120
218
357
539
681
745
719
587
397
217
139
-127
-293
-332
-325
-326
-314
-323
-305
-277
-233
-169
-108
-76
-66
0
52
11
-30
-28
-105
-117
-129
-125
-81
-37
56
120
135
279
402
613
724
776
675
523
335
145
-25
-246
-342
-338
-341
-342
-338
-345
-327
-285
-234
-192
-145
-101
-49
-40
19
-30
-29
-109
-143
-159
-166
-140
-73
-50
55
116
125
283
448
611
706
709
610
419
227
148
-44
-298
-365
-359
-360
-364
-333
-358
-321
-277
-218
-177
-119
-76
-46
-18
9
-12
-29
-120
-143
-155
-137
-120
-33
-22
85
122
197
367
559
692
751
691
554
377
181
-7
-210
-308
-342
-342
-331
-326
-332
-311
-281
-232
-218
-123
-75
-56
-7
42
25
-42
-44
-108
-127
-129
-108
-58
-38
85
122
142
293
482
647
738
755
675
527
298
134
-46
-243
-342
-329
-330
-325
-341
-333
-311
-252
-213
-162
-119
-59
-40
23
18
-19
-35
-93
-140
-170
-156
-129
-63
-33
83
127
138
329
510
659
725
693
555
391
203
58
-188
-317
-357
-357
-349
-351
-357
-355
-302
-268
-220
-175
-118
-71
-35
-39
-5
-28
-113
-149
-166
-183
-172
-126
-52
-33
91
119
163
372
562
683
724
643
523
323
134
-19
-234
-347
-361
-345
-330
-333
-364
-318
-279
-220
-204
-149
-73
-31
-27
20
-11
-27
-49
-135
-161
-145
-138
-45
-29
91
123
217
339
532
675
747
723
603
419
233
116
-43
-284
-332
-317
-300
-311
-313
-306
-284
-229
-189
-140
-78
-42
-29
41
26
-28
-41
-108
-137
-151
-127
-93
-44
62
142
137
266
415
595
692
741
661
529
340
127
-30
-224
-326
-334
-337
-339
-343
-358
-314
-272
-234
-194
-152
-79
-31
-44
15
-19
-42
-108
-145
-167
-170
-136
-76
-37
70
134
152
325
501
662
715
687
541
377
226
42
-193
-332
-370
-367
-357
-350
-359
-357
-316
-270
-225
-171
-137
-66
-42
0
-11
-33
-76
-125
-76
-111
-177
-95
-42
41
116
139
278
446
611
713
731
663
494
311
147
-30
-247
-329
-333
-332
-313
-321
-331
-310
-268
-208
-175
-119
-76
-44
11
20
-5
-41
-56
-120
-152
-134
-111
-25
18
119
136
267
391
591
731
788
719
591
409
190
69
-173
-298
-326
-324
-306
-316
-325
-305
-284
-234
-190
-140
-93
-39
-12
20
15
-29
-33
-122
-137
-156
-81
-98
-69
-18
116
211
307
486
635
727
729
615
451
241
148
-28
-300
-354
-345
-349
-330
-353
-358
-317
-278
-222
-177
-143
-85
-39
-30
-12
-37
-47
-150
-171
-183
-189
-124
-45
-43
87
133
234
393
570
691
731
659
487
308
134
-30
-233
-332
-346
-349
-326
-334
-350
-319
-295
-223
-197
-142
-82
-33
-27
11
-15
-42
-65
-127
-167
-156
-127
-49
-59
95
134
179
315
501
659
727
731
629
462
274
135
-33
-258
-330
-331
-318
-322
-319
-327
-273
-237
-201
-147
-111
-40
-34
35
27
