517
397
264
219
30
-29
-125
-157
-190
-230
-284
-345
-395
-378
-376
-337
-296
-229
-209
-169
-149
-138
-135
-173
-122
-93
-46
-41
35
83
129
126
259
363
483
555
579
492
389
267
131
26
-43
-114
-154
-147
-220
-270
-332
-380
-367
-341
-284
-259
-204
-157
-115
-116
-113
-98
-98
-65
-50
-56
43
95
116
139
234
322
418
547
625
596
503
367
233
147
23
-34
-73
-119
-157
-233
-284
-339
-364
-341
-313
-277
-218
-183
-154
-127
-113
-109
-106
-78
-59
-33
-42
47
71
126
146
245
339
418
534
571
539
418
310
166
148
-25
-39
-129
-190
-221
-258
-319
-366
-401
-382
-343
-295
-246
-209
-177
-156
-141
-142
-125
-114
-83
-55
-33
-15
57
106
126
237
323
449
532
583
506
379
242
150
39
-22
-98
-167
-189
-222
-325
-331
-374
-393
-354
-314
-271
-231
-193
-159
-121
-113
-109
-110
-108
-44
-21
-13
51
101
130
238
307
403
503
596
570
484
355
219
138
33
-23
-49
-127
-175
-209
-286
-254
-369
-406
-319
-269
-215
-173
-146
-110
-109
-97
-83
-85
-46
-44
-18
43
91
129
219
291
361
475
585
601
547
418
297
159
119
-14
-47
-139
-170
-204
-273
-333
-364
-370
-350
-319
-267
-203
-181
-139
-116
-129
-140
-116
-87
-71
-31
-33
52
95
135
134
265
354
468
563
571
502
354
308
146
3
-33
-132
-170
-210
-245
-268
-371
-395
-392
-375
-332
-281
-231
-204
-161
-140
-133
-131
-110
-101
-62
-42
-11
51
100
135
221
301
401
531
570
543
418
271
163
132
-12
-29
-139
-175
-198
-277
-319
-364
-379
-369
-327
-271
-220
-237
-153
-137
-125
-103
-97
-81
-53
-28
-30
46
83
139
155
291
362
468
579
603
538
418
279
158
141
-13
-33
-130
-155
-187
-261
-346
-333
-372
-323
-282
-255
-202
-145
-141
-108
-155
-103
-77
-77
-53
-23
20
52
84
135
207
283
389
519
595
585
488
361
213
131
6
-29
-140
-148
-177
-225
-284
-345
-385
-378
-347
-299
-245
-217
-185
-146
-122
-133
-129
-113
-106
-69
-33
-30
35
75
135
115
276
351
484
565
535
451
307
161
147
-14
-39
-141
-177
-193
-254
-328
-342
-389
-370
-335
-302
-268
-217
-197
-107
-135
-135
-127
-110
-87
-129
-25
-59
49
98
127
239
308
459
526
671
545
418
294
167
127
-9
-33
-125
-158
-193
-250
-303
-364
-374
-362
-293
-263
-220
-178
-155
-115
-115
-118
-102
-57
-57
-37
-21
51
95
131
163
287
369
494
582
599
523
391
255
135
94
-25
-27
-110
-197
-204
-294
-321
-350
-350
-332
-293
-250
-205
-151
-144
-108
-120
-104
-108
-39
-70
-35
-44
55
98
141
229
291
385
575
565
567
458
321
193
135
5
-71
-133
-159
-190
-238
-307
-376
-384
-371
-345
-313
-257
-221
-189
-172
-157
-140
-145
-104
-85
-76
-46
-44
31
35
138
226
313
405
499
564
519
411
275
153
129
-28
-44
-133
-170
-183
-241
-325
-360
-373
-364
-331
-287
-234
-201
-154
-142
-125
-127
-106
-85
-59
-33
-41
27
89
151
210
291
387
491
569
595
494
391
244
139
51
-25
-37
-132
-155
-187
-269
-300
-347
-334
-314
-287
-233
-177
-130
-116
-107
-103
-107
-76
-71
-33
-42
47
101
127
149
273
339
418
549
591
562
453
298
179
148
3
-29
-101
-169
-178
-243
-295
-350
-367
-258
-311
-310
-236
-191
-161
-131
-126
-128
-109
-98
-98
-70
-39
-18
71
130
148
271
369
479
536
558
493
329
212
148
14
-33
-127
-162
-192
-293
-301
-355
-373
-387
-364
-318
-280
-226
-188
-155
-154
-156
-143
-122
-103
-70
-45
-29
22
98
141
227
311
418
518
571
545
418
325
195
155
52
-44
-121
-156
-185
-236
-279
-348
-327
-363
-317
-274
-219
-189
-143
-129
-50
-108
-97
-93
-58
-37
-44
43
96
142
230
283
391
506
585
603
547
418
276
167
147
-11
-38
-108
-119
-172
-233
-305
-344
-349
-306
-271
-290
-215
-138
-140
-113
-108
-93
-97
-42
-31
-47
-44
53
107
139
251
378
417
565
575
547
477
331
185
134
15
-30
-103
-153
-191
-238
-310
-325
-361
-353
-321
-275
-252
-203
-172
-151
-133
-133
-119
-118
-93
-74
-44
-62
43
116
148
245
340
418
526
507
484
365
239
133
21
-45
-110
-149
-205
-219
-281
-353
-373
-385
-350
-313
-254
-225
-181
-149
-149
-125
-137
-118
-129
-103
-51
-45
25
91
148
255
354
446
535
566
523
417
273
153
137
-12
-37
-110
-141
-200
-254
-299
-341
-312
-339
-296
-242
-198
-162
-93
-108
-119
-84
-101
-70
-53
-29
-25
57
110
133
258
339
418
519
579
563
474
341
245
148
21
-21
-29
-127
-178
-222
-274
-331
-341
-341
-346
-269
-220
-174
-139
-125
-119
-109
-42
-102
-50
-31
-43
-12
61
116
225
308
401
483
563
561
481
346
212
134
30
-21
-35
-146
-185
-240
-293
-365
-362
-373
-349
-315
-268
-209
-221
-169
-172
-143
-140
-139
-109
-94
-42
-43
30
116
151
267
355
418
535
555
418
376
246
131
37
-25
-37
-138
-179
-209
-298
-349
-390
-379
-351
-318
-262
-217
-174
-144
-108
-121
-113
-110
-97
-76
-43
-44
63
115
135
251
358
462
533
573
533
418
291
183
147
10
-25
-65
-150
-167
-249
-281
-367
-337
-329
-292
-249
-189
-169
-110
-101
-103
-102
-98
-71
-59
-42
-33
122
98
142
234
327
418
519
573
555
500
363
221
133
26
-58
-30
-140
-175
-207
-282
-332
-359
-349
-337
-278
-239
-185
-154
-139
-119
-107
-116
-108
-93
-5
-27
-35
59
147
143
261
367
418
523
539
494
385
242
143
36
-26
-43
-146
-194
-216
-300
-371
-377
-371
-364
-320
-269
-245
-215
-157
-141
-133
-122
-116
-108
-98
-45
-25
21
83
122
239
342
418
513
551
502
418
289
177
147
-29
-39
-118
-150
-192
-248
-330
-355
-412
-332
-371
-268
-215
-174
-142
-134
-110
-93
-93
-77
-67
-45
-39
38
85
131
222
323
450
545
589
555
491
355
218
144
126
-23
-44
-109
-172
-207
-280
-329
-346
-349
-286
-251
-216
-183
-161
-121
-98
-110
-102
-82
-57
-67
-38
-22
51
122
151
302
363
485
615
547
485
387
254
150
77
-21
-43
-125
-191
-225
-297
-336
-374
-359
-329
-293
-259
-198
-175
-143
-133
-133
-138
-137
-120
-94
-77
-28
15
82
141
230
339
449
499
531
489
378
261
148
127
-27
-38
-146
-172
-241
-284
-332
-364
-389
-377
-316
-281
-238
-189
-155
-133
-128
-137
-125
-108
-93
-69
-35
29
78
131
234
315
418
521
555
503
418
287
197
122
23
-12
-39
-98
-200
-257
-316
-361
-357
-327
-309
-255
-209
-151
-147
-130
-101
-97
-97
-70
-55
-44
-31
51
97
137
229
311
407
507
561
567
487
311
249
151
127
-27
-42
-114
-159
-207
-293
-329
-353
-346
-332
-273
-242
-198
-156
-135
-120
-110
-118
-122
-93
-62
-33
-15
81
122
210
379
418
467
536
561
457
325
222
103
30
-26
-42
-146
-197
-255
-317
-391
-393
-380
-332
-239
-268
-213
-182
-165
-140
-157
-140
-147
-115
-95
-66
-40
-25
84
147
243
345
418
515
539
483
371
234
131
86
-12
-25
-134
-163
-220
-284
-343
-385
-370
-359
-314
-254
-230
-173
-193
-130
-43
-121
-125
-98
-93
-61
-53
33
82
133
257
347
444
515
507
518
406
311
189
146
36
-28
-44
-152
-165
-239
-287
-337
-341
-320
-300
-239
-192
-158
-125
-113
-125
-104
-106
-96
-55
-40
-45
58
68
133
232
327
418
522
567
547
468
347
214
137
26
-19
-30
-122
-171
-236
-318
-334
-359
-349
-303
-262
-161
-183
-115
-127
-98
-125
-116
-93
-97
-57
-12
-18
66
115
131
275
347
467
517
539
451
363
240
145
37
-41
-29
-140
-222
-248
-307
-349
-374
-373
-356
-322
-294
-205
-167
-160
-143
-142
-171
-128
-114
-82
-39
-35
42
86
116
243
347
453
527
533
459
378
305
171
149
-1
-14
-113
-165
-204
-265
-319
-355
-369
-333
-295
-294
-206
-161
-140
-130
-104
-109
-106
-85
-48
-23
-39
54
110
107
249
340
462
547
571
533
455
338
222
135
55
-15
-34
-119
-161
-219
-283
-325
-325
-330
-284
-237
-197
-174
-134
-106
-93
-97
-85
-98
-94
-44
-29
17
75
122
213
308
391
500
555
559
483
347
243
89
116
-3
-37
-122
-161
-221
-295
-346
-369
-358
-335
-297
-242
-206
-149
-144
-136
-130
-134
-113
-106
-82
-39
-35
30
106
127
229
340
418
502
529
485
387
274
147
126
-25
-44
-122
-173
-206
-299
-343
-371
-383
-358
-325
-268
-225
-178
-155
-134
-125
-114
-125
-113
-81
-57
-33
1
84
122
243
303
411
498
568
539
464
330
227
138
43
-28
-31
-116
-186
-233
-296
-335
-389
-332
-302
-257
-219
-167
-106
-114
-109
-82
-103
-93
-49
-44
-38
34
89
122
147
277
367
473
559
573
551
445
294
195
136
32
-14
-31
-156
-210
-245
-300
-333
-351
-332
-290
-241
-204
-175
-136
-126
-112
-107
-104
-77
-76
-43
-35
26
91
122
209
307
418
514
566
537
454
379
227
151
20
-28
-43
-146
-190
-258
-307
-361
-390
-364
-337
-297
-254
-200
-179
-149
-140
-140
-144
-126
-107
-83
-54
-27
38
100
135
212
355
418
526
562
515
383
283
169
138
48
-12
-155
-175
-218
-267
-348
-361
-426
-341
-301
-249
-207
-174
-145
-122
-141
-116
-110
-77
-73
-49
-25
38
88
133
133
295
451
503
587
564
500
393
270
175
131
-3
-28
-129
-172
-209
-258
-321
-332
-339
-261
-246
-209
-178
-134
-113
-94
-103
-102
-82
-76
-41
-45
-5
79
115
135
265
356
461
592
585
543
463
339
215
148
36
-17
-33
-161
-204
-259
-320
-349
-358
-343
-297
-253
-206
-172
-143
-125
-110
-121
-108
-101
-93
-49
-13
-23
59
103
143
263
373
481
538
559
500
375
249
147
67
-21
-35
-134
-209
-265
-305
-358
-394
-379
-352
-311
-273
-233
-185
-142
-145
-143
-122
-114
-121
-102
-61
-30
-17
89
128
226
291
418
500
554
539
465
347
228
145
32
-17
-42
-141
-186
-237
-303
-362
-364
-357
-309
-279
-245
-192
-69
-145
-110
-114
-103
-93
-66
-50
-18
17
74
135
131
281
373
483
562
600
547
418
345
226
134
27
-35
-38
-135
-182
-236
-309
-341
-339
-375
-287
-254
-193
-175
-137
-108
-113
-97
-93
-95
-66
-38
-26
46
81
134
209
311
404
531
585
577
485
366
249
149
63
-3
-29
-126
-189
-237
-300
-361
-381
-381
-321
-291
-236
-205
-169
-145
-141
-129
-127
-121
-101
-93
-74
-15
-37
75
120
148
287
404
513
551
521
418
315
197
136
-13
-30
-110
-184
-233
-263
-323
-366
-415
-357
-332
-283
-253
-202
-174
-158
-134
-137
-150
-108
-103
-67
-30
-43
57
116
122
286
387
509
571
562
527
387
269
159
122
