111
116
54
42
33
-18
-17
-31
-119
-159
-177
-171
-181
-160
-137
-123
-142
-195
-232
-268
-217
-31
129
355
505
543
487
339
142
-26
-185
-250
-222
-173
-121
-55
-40
65
52
27
-9
-27
-44
-77
-97
-140
-186
-206
-227
-214
-218
-187
-155
-158
-165
-226
-281
-285
-211
-33
148
388
523
543
468
330
133
-29
-179
-216
-174
-146
-61
-31
67
104
85
78
35
1
-1
-23
-17
-58
-115
-135
-154
-146
-141
-129
-93
-99
-113
-171
-215
-218
-101
-9
296
498
611
605
535
365
165
-12
-76
-152
-105
-61
-25
72
126
122
143
147
88
52
33
-7
-15
-23
-108
-113
-126
-130
-119
-101
-81
-77
-125
-191
-231
-239
-117
-24
291
468
569
571
479
307
139
-28
-177
-185
-177
-113
-57
-35
62
93
89
50
7
-15
-37
-42
-108
-137
-174
-201
-210
-220
-217
-194
-161
-170
-197
-249
-319
-284
-141
-28
244
419
519
515
399
225
93
-145
-242
-235
-188
-156
-74
-35
50
77
53
21
-21
-44
-37
-44
-93
-140
-154
-177
-184
-173
-171
-131
-137
-140
-183
-203
-249
-239
-101
122
339
499
579
547
465
263
127
-45
-156
-162
-138
-69
-28
73
132
130
134
119
50
33
19
11
-31
-29
-93
-109
-108
-125
-101
-95
-62
-63
-125
-174
-201
-170
-25
101
404
551
619
571
467
267
147
-25
-152
-147
-123
-74
-27
71
126
126
116
71
20
3
-14
-34
-33
-124
-141
-159
-167
-166
-150
-141
-117
-152
-185
-234
-267
-235
-65
135
359
503
543
487
360
165
-17
-187
-229
-221
-181
-129
-49
-31
57
66
37
5
-23
-41
-78
-103
-125
-156
-176
-223
-203
-223
-213
-171
-170
-183
-218
-293
-317
-227
-45
132
401
535
559
498
355
149
-21
-176
-222
-194
-140
-73
-25
57
97
121
77
42
4
3
-8
-37
-106
-113
-145
-151
-154
-110
-104
-103
-101
-119
-168
-212
-222
-139
-30
262
484
607
631
562
398
187
-12
-47
-109
-117
-76
-37
42
107
127
131
135
135
22
20
-7
-29
-30
-34
-105
-105
-122
-139
-119
-96
-99
-112
-181
-203
-252
-158
-41
116
454
579
587
514
354
149
-28
-174
-197
-182
-138
-74
-38
66
106
110
77
20
-17
-17
-28
-108
-149
-176
-202
-203
-199
-202
-162
-145
-158
-186
-247
-291
-313
-190
-37
144
401
500
510
419
261
159
-41
-222
-235
-203
-162
-99
-26
11
79
63
47
3
-23
-39
-71
-78
-115
-138
-151
-171
-173
-173
-167
-140
-153
-175
-235
-283
-267
-133
-14
308
500
607
579
489
307
129
-45
-190
-187
-161
-83
-25
50
115
145
135
135
75
36
8
-10
-28
-71
-111
-130
-117
-113
-75
-61
-54
-64
-108
-167
-201
-191
-93
116
351
511
603
603
503
307
131
-27
-142
-156
-134
-93
-35
42
117
126
143
80
50
21
-7
-21
-44
-108
-133
-150
-171
-156
-170
-145
-130
-140
-177
-225
-283
-242
-97
117
330
487
564
523
383
209
11
-171
-235
-235
-193
-140
-61
-28
57
63
63
6
-21
-28
-73
-108
-163
-186
-207
-197
-220
-218
-199
-155
-151
-167
-231
-268
-311
-270
-95
109
340
493
554
523
385
185
6
-147
-227
-203
-188
-109
-28
-13
95
116
95
52
3
-17
-18
-25
-37
-82
-122
-133
-134
-151
-137
-129
-106
-105
-156
-203
-242
-194
-44
139
411
567
635
595
454
261
142
-37
-169
-143
-108
-27
-26
107
147
142
141
134
65
25
33
-6
-29
-33
-121
-93
-129
-119
-101
-97
-60
-98
-163
-221
-242
-211
-49
129
371
547
606
567
450
233
151
-26
-209
-199
-143
-103
-44
21
78
100
101
50
-13
-15
-28
-30
-103
-141
-177
-195
-203
-220
-190
-181
-169
-188
-229
-285
-321
-255
-57
139
374
484
539
467
339
148
-27
-213
-250
-235
-165
-133
-58
-69
73
84
50
3
-22
-38
-82
-81
-111
-126
-140
-176
-177
-175
-171
-146
-137
-160
-205
-273
-298
-210
-44
139
419
591
602
539
399
192
3
-150
-188
-169
-131
-61
-42
101
143
129
135
75
50
25
15
-22
-30
-81
-109
-108
-113
-108
-83
-58
-58
-93
-149
-191
-226
-163
-37
135
465
597
643
564
399
214
125
-29
-171
-156
-114
-58
-33
95
135
131
117
69
31
15
-27
-27
-95
-133
-140
-156
-154
-140
-141
-108
-113
-147
-187
-239
-322
-209
-57
131
397
541
563
507
354
145
-21
-199
-235
-215
-171
-111
-41
-34
94
67
50
3
-18
-38
-98
-122
-141
-188
-213
-207
-215
-218
-190
-177
-146
-186
-226
-289
-310
-221
-28
122
372
517
563
483
351
159
-22
-191
-207
-197
-158
-79
-42
53
99
111
67
37
21
-15
-25
-40
-107
-143
-156
-174
-159
-140
-111
-93
-93
-119
-153
-218
-232
-135
-42
271
481
597
614
537
385
191
-12
-73
-149
-122
-85
-34
63
121
125
163
148
117
57
35
10
-12
-35
-109
-113
-138
-139
-126
-108
-95
-75
-136
-173
-231
-237
-103
84
334
514
593
570
468
287
127
-42
-162
-199
-158
-111
-45
-13
85
103
91
47
14
-17
-25
-42
-106
-125
-161
-178
-203
-203
-198
-167
-171
-171
-218
-262
-306
-281
-144
-35
283
451
535
507
375
212
22
-166
-246
-247
-218
-142
-76
-37
50
84
53
23
-13
-25
-44
-95
-140
-175
-187
-188
-201
-185
-182
-138
-123
-129
-178
-235
-259
-195
-50
123
371
518
575
527
405
203
119
-38
-185
-155
-203
-138
-71
109
137
84
129
71
49
27
1
-21
-35
-82
-105
-114
-127
-129
-95
-77
-76
-85
-141
-186
-194
-121
-29
270
473
607
623
533
375
187
-3
-115
-173
-142
-105
-34
-23
101
126
135
116
55
4
3
-12
-27
-42
-140
-146
-171
-173
-156
-137
-119
-107
-149
-203
-258
-263
-105
-27
278
466
555
535
419
282
131
-41
-207
-229
-203
-153
-77
-28
52
58
65
20
-18
-25
-70
-105
-135
-159
-179
-201
-235
-221
-201
-171
-156
-173
-203
-248
-302
-300
-141
-31
259
466
537
523
419
250
129
-35
-202
-221
-171
-119
-53
-34
77
107
100
61
19
7
-15
-28
-42
-114
-139
-159
-173
-171
-150
-125
-93
-113
-145
-214
-235
-199
-25
137
405
564
627
596
461
257
145
-38
-149
-142
-93
-38
-34
116
147
133
152
136
58
36
-13
-6
-21
-29
-117
-123
-127
-117
-94
-82
-74
-105
-140
-220
-247
-188
-42
146
411
547
603
559
453
223
126
-45
-206
-193
-135
-76
-44
73
116
121
88
37
3
-12
-42
-41
-115
-155
-166
-188
-203
-185
-181
-155
-138
-171
-208
-293
-327
-239
-93
131
359
495
537
479
339
143
-38
-218
-263
-245
-171
-125
-45
-42
66
71
38
2
-28
-33
-76
-78
-135
-164
-171
-188
-203
-186
-186
-141
-115
-159
-205
-269
-289
-181
-28
131
419
564
585
509
349
148
-29
-181
-199
-174
-117
-42
-15
98
116
123
135
58
13
6
-17
-31
-39
-30
-76
-125
-129
-123
-94
-69
-76
-111
-149
-214
-222
-108
-14
319
500
609
629
532
382
159
-5
-152
-167
-135
-81
-30
58
117
142
154
149
53
33
7
-13
-44
-58
-121
-131
-159
-151
-141
-138
-108
-94
-130
-188
-241
-270
-143
-42
256
450
562
539
454
272
133
-31
-205
-233
-203
-147
-81
-44
58
71
69
25
-21
-49
-76
-76
-111
-142
-166
-193
-203
-229
-217
-203
-186
-183
-201
-253
-313
-291
-137
-44
276
447
532
515
419
227
119
-112
-211
-222
-190
-126
-53
-28
81
101
96
57
3
-25
-34
-45
-75
-111
-129
-156
-167
-155
-151
-117
-105
-108
-151
-206
-243
-203
-28
154
385
549
599
564
419
255
126
-33
-156
-153
-104
-42
-22
116
141
127
156
143
50
41
18
7
-27
-37
-113
-133
-130
-140
-133
-93
-76
-93
-142
-202
-223
-131
-46
148
419
570
579
499
354
151
-21
-153
-183
-162
-111
-58
-38
77
106
111
65
20
-16
-13
-35
-41
-103
-140
-175
-167
-215
-205
-165
-156
-149
-185
-249
-282
-279
-108
-32
254
419
511
486
375
195
19
-169
-235
-244
-205
-154
-76
-34
46
69
58
21
-13
-31
-85
-70
-101
-130
-161
-177
-186
-213
-193
-181
-171
-160
-200
-252
-284
-222
-31
131
387
525
567
515
387
174
-13
-156
-193
-187
-130
-58
-37
82
131
123
116
67
35
7
-2
-29
-23
-83
-113
-123
-134
-140
-108
-77
-55
-93
-140
-197
-203
-108
-7
295
501
606
619
539
393
183
-5
-93
-159
-137
-77
-29
36
117
131
146
148
63
19
15
-3
-38
-39
-113
-151
-165
-188
-149
-128
-126
-117
-143
-191
-258
-263
-127
-19
313
497
564
547
463
273
127
-42
-218
-220
-190
-147
-76
-42
55
101
71
23
-10
-25
-37
-75
-137
-173
-202
-229
-246
-249
-235
-177
-183
-182
-226
-271
-333
-249
-73
117
351
500
551
503
357
144
-13
-188
-231
-223
-156
-113
-39
-12
84
99
67
49
1
-1
-33
-45
-123
-150
-184
-176
-200
-188
-145
-108
-106
-137
-167
-247
-238
-122
-15
311
500
599
599
523
333
133
-12
-153
-156
-127
-55
-23
85
117
139
165
135
103
52
30
17
-12
-30
-113
-117
-130
-150
-125
-83
-73
-81
-130
-207
-243
-173
-31
126
419
587
631
571
405
235
119
-42
-193
-173
-135
-76
-50
67
103
121
89
52
3
-3
-19
-38
-103
-143
-167
-188
-188
-187
-188
-162
-160
-161
-233
-298
-298
-187
-34
123
419
532
537
451
293
137
-47
-234
-268
-215
-173
-114
-53
-26
66
85
36
-12
-28
-46
-101
-123
-173
-200
-210
-234
-205
-193
-158
-146
-153
-182
-231
-279
-278
-113
-13
322
491
564
535
419
246
139
-44
-200
-199
-165
-109
-37
-2
101
133
117
50
45
29
20
-17
-29
-131
-137
-162
-156
-142
-97
-81
-50
-76
-121
-178
-218
-145
-42
148
458
614
634
579
418
213
127
-29
-143
-117
-75
-30
-6
105
125
131
123
81
27
26
1
-1
-41
-117
-149
-156
-169
-156
-121
-103
-82
-142
-197
-241
-247
-111
20
305
487
587
541
468
265
133
-22
-201
-197
-176
-119
-65
-42
84
91
81
35
-28
-37
-42
-82
-106
-160
-196
-208
-233
-215
-218
-188
-161
-183
-231
-284
-315
-269
-83
115
334
489
537
489
369
163
-23
-181
-239
-235
-186
-124
-49
-29
75
95
58
31
-18
-27
-24
-42
-122
-154
-171
-199
-175
-159
-149
-133
-111
-146
-188
-242
-259
-173
-44
139
453
573
607
527
375
161
-17
-121
-171
-144
-71
-54
31
130
137
143
137
129
48
46
22
-12
-44
-94
-127
-130
-130
-138
-70
-58
-67
-109
-170
-214
-192
-69
116
345
532
619
600
501
330
136
-26
-167
-177
-135
-85
-39
63
119
116
116
67
38
6
-21
-53
-28
-111
-156
-179
-191
-202
-181
-140
-146
-161
-198
-249
-295
-253
-76
100
357
505
578
504
375
179
-17
-188
-245
-242
-203
-138
-44
-31
52
93
47
-9
-18
-28
-76
-107
