-294
-317
-284
-185
-82
-25
126
199
207
175
148
22
-41
-231
-366
-501
-574
-572
-553
-484
-373
-289
-260
-236
-215
-204
-71
133
539
851
1087
1107
930
626
295
107
-246
-346
-322
-247
-131
-25
102
137
205
198
155
154
-22
-129
-283
-412
-535
-585
-576
-525
-455
-349
-241
-225
-219
-213
-157
-33
365
705
995
1173
1095
811
510
165
-30
-288
-319
-284
-172
-44
-14
137
203
234
209
133
125
-18
-205
-347
-482
-537
-541
-515
-430
-341
-255
-210
-190
-207
-213
-165
-17
375
727
1045
1195
1127
842
514
163
-33
-281
-330
-287
-184
-66
-26
137
214
227
199
131
55
-31
-216
-349
-497
-571
-579
-558
-492
-375
-291
-245
-226
-220
-199
-75
133
553
866
1123
1167
955
643
287
120
-237
-336
-337
-238
-141
-43
87
145
214
183
154
134
-13
-172
-293
-432
-541
-581
-605
-556
-455
-355
-271
-241
-234
-211
-165
-30
357
703
1013
1167
1089
786
481
158
-44
-303
-335
-293
-193
-79
-26
129
142
219
181
147
37
-35
-242
-367
-502
-542
-579
-527
-452
-354
-261
-221
-205
-221
-216
-143
-33
419
763
1073
1222
1079
791
447
135
-37
-287
-319
-277
-174
-39
57
134
223
218
203
145
31
-41
-250
-411
-526
-571
-585
-540
-459
-353
-268
-228
-207
-182
-140
-38
375
713
1007
1197
1095
843
505
167
-37
-286
-330
-297
-197
-59
-13
120
171
228
179
137
37
-34
-202
-337
-491
-572
-620
-584
-526
-421
-311
-254
-216
-205
-187
-57
145
565
894
1126
1113
916
599
263
-18
-244
-331
-332
-236
-145
-37
91
145
202
183
147
131
-18
-204
-349
-494
-572
-605
-605
-524
-424
-334
-265
-228
-216
-220
-107
129
499
811
1091
1147
990
675
361
149
-208
-310
-329
-245
-150
-15
99
147
218
211
176
131
11
-51
-258
-405
-526
-551
-562
-513
-410
-313
-229
-207
-216
-206
-169
-43
337
678
980
1193
1131
857
549
202
-18
-250
-321
-270
-207
-76
-45
135
228
241
199
149
129
-41
-191
-338
-471
-554
-566
-537
-474
-363
-290
-216
-203
-206
-174
-34
138
585
887
1161
1108
906
595
259
-12
-240
-332
-311
-221
-130
-30
106
127
208
170
147
138
-13
-157
-311
-445
-540
-605
-605
-536
-449
-331
-261
-232
-236
-210
-119
144
498
831
1083
1147
972
643
311
129
-228
-332
-329
-258
-155
-26
71
133
212
183
163
147
-11
-113
-295
-449
-540
-559
-540
-508
-381
-300
-259
-218
-233
-235
-206
-41
206
661
980
1179
1128
852
531
197
-33
-273
-317
-309
-220
-76
-46
130
180
228
199
139
122
-29
-198
-348
-472
-550
-544
-527
-458
-347
-253
-198
-197
-195
-199
-39
147
579
891
1123
1159
929
637
291
102
-239
-301
-314
-228
-137
-44
103
145
210
213
175
147
-7
-149
-306
-446
-529
-582
-557
-511
-399
-302
-241
-212
-204
-118
-110
99
491
793
1071
1158
1002
706
347
135
-214
-323
-343
-281
-175
-44
31
152
194
183
143
131
5
-45
-259
-396
-508
-561
-562
-514
-429
-314
-252
-223
-225
-236
-242
-98
127
549
879
1139
1154
963
631
289
42
-241
-346
-341
-257
-141
-45
95
142
216
214
162
149
-12
-197
-349
-459
-537
-558
-527
-438
-381
-300
-225
-206
-197
-193
-105
96
458
783
1077
1169
1027
727
399
147
-85
-300
-303
-253
-160
-29
66
151
214
212
197
149
14
-46
-251
-399
-506
-542
-558
-540
-421
-327
-238
-200
-180
-201
-158
-28
344
670
994
1169
1107
835
510
177
-26
-285
-311
-282
-214
-93
-29
131
150
210
195
149
68
-39
-225
-366
-507
-605
-587
-551
-480
-383
-284
-227
-202
-219
-204
-49
145
566
871
1119
1119
883
573
251
-29
-253
-335
-327
-245
-141
-34
95
135
180
181
138
97
-21
-203
-361
-479
-545
-562
-554
-491
-399
-300
-237
-218
-227
-220
-154
-29
386
713
1012
1159
1050
771
445
131
-38
-306
-325
-286
-197
-78
3
113
177
207
181
131
29
-33
-239
-386
-507
-563
-571
-540
-441
-332
-268
-205
-200
-208
-172
-43
271
649
963
1187
1127
864
567
227
-30
-255
-313
-301
-207
-101
-17
129
149
228
210
157
135
-23
-189
-310
-474
-550
-556
-555
-463
-369
-277
-213
-206
-218
-213
-137
-12
455
783
1075
1187
1027
721
383
135
-184
-315
-332
-265
-179
-44
37
139
211
211
158
146
-5
-83
-297
-421
-528
-605
-605
-533
-439
-343
-253
-222
-219
-220
-194
-41
145
627
931
1127
1075
825
519
179
-25
-286
-332
-311
-236
-110
-28
119
139
192
181
130
71
-53
-214
-355
-498
-576
-605
-571
-492
-397
-285
-209
-213
-231
-189
-67
135
559
862
1119
1107
923
613
276
18
-222
-311
-300
-214
-103
-13
116
127
207
199
155
151
0
-76
-277
-426
-519
-545
-527
-475
-377
-265
-204
-213
-218
-239
-189
-45
287
655
963
1155
1115
855
537
181
-36
-265
-317
-288
-214
-82
-28
126
181
227
193
147
127
-13
-191
-348
-466
-543
-561
-540
-471
-343
-283
-223
-209
-207
-221
-105
119
498
799
1067
1083
899
628
297
133
-223
-312
-320
-241
-139
-45
86
127
199
201
155
148
-22
-161
-290
-428
-524
-540
-540
-481
-382
-317
-251
-235
-236
-233
-210
-43
136
614
890
1106
1041
801
529
175
-26
-253
-329
-285
-216
-94
-35
119
155
215
165
129
110
-25
-178
-325
-459
-532
-538
-531
-452
-361
-261
-213
-210
-216
-214
-105
123
469
787
1043
1106
963
671
355
145
-191
-285
-287
-221
-140
-44
91
137
225
216
180
141
1
-49
-241
-402
-492
-519
-524
-472
-393
-286
-222
-205
-204
-202
-172
-31
227
611
903
1107
1044
811
501
183
-12
-252
-305
-287
-203
-77
-38
116
123
203
195
139
35
-26
-207
-347
-459
-533
-539
-521
-437
-338
-268
-225
-201
-231
-228
-166
-25
393
703
970
1076
955
695
391
148
-133
-294
-321
-282
-189
-69
-14
135
133
186
153
158
-7
-28
-277
-418
-524
-563
-547
-504
-415
-305
-226
-216
-199
-222
-227
-69
134
528
835
1049
1067
875
582
263
-17
-236
-292
-303
-233
-114
-45
107
150
213
196
165
151
0
-172
-295
-455
-524
-534
-509
-485
-309
-268
-221
-184
-175
-190
-103
131
477
782
1031
1103
961
675
365
134
-154
-273
-277
-236
-138
-44
89
139
225
195
173
131
14
-39
-238
-384
-491
-540
-528
-492
-405
-300
-228
-205
-202
-223
-195
-39
137
587
866
1103
1067
854
567
250
-33
-236
-316
-286
-231
-114
-47
114
125
199
191
148
119
-34
-203
-332
-459
-523
-553
-525
-457
-363
-281
-233
-205
-221
-231
-155
-31
391
711
979
1073
974
723
387
135
-153
-287
-317
-265
-175
-59
-23
147
143
202
165
123
20
-42
-225
-389
-499
-556
-554
-519
-411
-300
-239
-194
-194
-223
-236
-105
142
515
819
1057
1111
905
618
305
127
-220
-293
-284
-225
-114
-25
106
142
239
225
155
148
3
-74
-284
-428
-498
-524
-508
-478
-384
-296
-222
-210
-197
-194
-124
-29
387
711
994
1067
1015
733
419
143
-33
-269
-300
-262
-171
-39
58
133
209
199
166
135
20
-30
-213
-345
-450
-524
-540
-524
-442
-332
-254
-201
-213
-233
-222
-97
143
513
803
1022
1076
881
596
276
-9
-219
-318
-313
-234
-120
-44
87
116
199
169
148
98
-18
-155
-284
-428
-522
-551
-540
-513
-412
-322
-236
-200
-221
-236
-185
-37
309
643
916
1077
1017
737
447
139
-34
-299
-323
-281
-203
-77
-31
151
146
193
164
149
15
-48
-236
-376
-463
-521
-518
-459
-385
-300
-241
-196
-187
-222
-231
-119
-12
419
743
1006
1105
999
691
374
134
-126
-280
-291
-228
-149
-30
82
131
207
212
165
131
18
-34
-261
-386
-484
-535
-542
-494
-398
-305
-229
-200
-190
-206
-167
-38
303
633
914
1099
1035
799
504
185
-42
-263
-281
-279
-186
-76
-37
117
131
203
175
107
42
-37
-226
-364
-478
-539
-540
-520
-447
-365
-281
-233
-215
-206
-187
-57
135
538
851
1055
1065
852
565
245
0
-226
-309
-287
-228
-109
-26
99
145
199
182
137
145
-11
-161
-300
-438
-518
-551
-542
-472
-355
-271
-207
-189
-198
-220
-166
-26
347
661
953
1102
1018
788
475
163
-43
-266
-298
-275
-167
-49
-9
131
211
211
207
143
52
-21
-225
-351
-475
-535
-540
-514
-436
-337
-254
-193
-193
-172
-141
-44
277
642
923
1095
1063
826
531
212
-33
-251
-301
-271
-185
-93
-12
122
143
213
180
135
132
0
-176
-306
-446
-521
-552
-557
-489
-378
-279
-216
-204
-205
-206
-93
123
484
790
1037
1079
912
623
313
129
-214
-302
-303
-245
-147
-42
73
137
191
170
139
145
-13
-159
-302
-429
-511
-550
-566
-503
-406
-300
-242
-225
-241
-221
-179
-25
331
655
920
1059
980
747
453
148
-37
-295
-306
-284
-182
-76
-22
133
135
200
151
146
23
-22
-214
-366
-476
-542
-549
-523
-447
-332
-238
-218
-201
-233
-226
-117
131
495
788
1047
1119
931
650
335
131
-199
-301
-287
-218
-131
-42
113
147
231
225
173
145
-10
-141
-285
-405
-499
-529
-524
-455
-375
-298
-225
-206
-191
-171
-145
-26
362
687
969
1107
999
755
455
149
-29
-262
-297
-246
-174
-58
-11
120
205
200
174
139
36
-44
-229
-358
-476
-528
-544
-522
-430
-332
-268
-220
-214
-233
-204
-73
137
535
829
1045
1076
883
591
267
7
-236
-307
-283
-223
-149
-34
85
120
197
218
141
139
-26
-163
-306
-450
-525
-540
-540
-485
-389
-291
-235
-218
-227
-221
-174
-43
363
658
958
1086
1017
747
448
147
-15
-278
-303
-267
-181
-69
-19
130
183
211
177
151
19
-33
-254
-383
-493
-527
-527
-492
-413
-313
-250
-206
-204
-220
-167
-44
151
559
855
1067
1075
887
593
282
120
-205
-288
-286
-205
-107
-29
117
141
213
218
179
147
0
-125
-300
-428
-518
-549
-540
-470
-370
-278
-208
-183
-207
-214
-142
-31
417
737
1025
1123
1003
730
407
141
-37
-286
-313
-255
-174
-50
67
143
205
227
196
147
-1
-33
-271
-399
-521
-556
-542
-508
-409
-318
-246
-207
-209
-236
-209
-69
147
551
851
1077
1077
851
579
242
-26
-246
-310
-316
-246
-130
-39
97
141
198
199
133
120
-33
-201
-346
-477
-562
-570
-550
-491
-397
-295
-241
-209
-210
-214
-135
-5
447
753
1018
1107
961
695
375
148
-155
-285
-298
-254
-141
-38
83
135
221
216
178
137
20
-34
-261
-397
-514
-538
-530
-490
-399
-285
-228
-197
-204
-222
-199
-44
142
589
895
1123
1119
901
596
251
3
-236
-295
-294
-219
-107
-26
110
135
228
212
148
148
-34
-190
-345
-459
-526
-524
-511
-430
-357
-263
-204
-204
-189
-225
-173
-43
371
703
968
1105
998
747
419
123
-29
-293
-321
-274
-181
-62
-17
132
148
195
179
142
5
-35
-262
-399
-503
-559
-566
-525
-444
-345
-282
-241
-229
-238
-221
-59
135
559
858
1075
1055
851
546
212
-28
-259
-327
-309
-204
-107
-42
