97
130
147
179
126
129
19
-28
-172
-269
-309
-338
-327
-279
-249
-238
-237
-257
-291
-197
-28
135
531
731
787
744
573
322
142
-29
-222
-249
-247
-174
-67
-44
91
121
139
135
131
53
-18
-41
-229
-306
-362
-385
-345
-297
-261
-241
-274
-285
-287
-187
-37
281
543
731
759
687
491
250
129
-172
-252
-278
-236
-181
-101
-47
69
128
117
119
70
6
-28
-163
-251
-309
-348
-358
-330
-281
-249
-239
-267
-287
-270
-169
-43
330
571
757
795
698
475
244
118
-131
-222
-252
-221
-140
-39
-33
115
126
139
142
133
25
-43
-149
-236
-303
-338
-325
-294
-253
-231
-204
-230
-267
-253
-78
125
403
659
797
818
675
483
226
84
-126
-220
-213
-178
-101
-37
38
126
133
139
143
133
51
2
-140
-237
-331
-353
-348
-316
-270
-252
-246
-267
-293
-237
-57
135
468
701
799
762
650
399
163
-28
-214
-263
-232
-206
-105
-41
45
114
131
148
118
50
-13
-25
-204
-291
-345
-348
-329
-313
-273
-255
-278
-299
-307
-263
-65
131
419
675
775
755
611
357
131
-25
-230
-273
-262
-209
-124
-50
-25
101
129
135
129
35
-13
-28
-220
-262
-345
-363
-337
-293
-263
-242
-252
-261
-275
-201
-29
149
537
731
799
739
569
340
142
-41
-221
-244
-220
-169
-74
-54
84
131
147
161
146
123
8
-38
-207
-286
-343
-342
-313
-257
-238
-239
-253
-252
-238
-125
87
387
647
799
835
723
500
238
137
-130
-233
-225
-204
-117
-45
-19
105
143
134
147
148
31
-50
-157
-255
-300
-352
-342
-313
-270
-259
-242
-244
-270
-262
-108
114
395
633
771
782
650
419
151
-14
-194
-261
-261
-209
-149
-60
-43
83
107
132
111
78
14
-37
-204
-301
-379
-386
-370
-332
-294
-268
-261
-287
-317
-248
-44
141
467
689
789
726
587
355
144
-33
-204
-267
-223
-181
-118
-37
52
123
134
139
145
38
-7
-20
-213
-286
-326
-345
-315
-289
-246
-232
-246
-268
-285
-204
-15
131
519
726
803
747
591
350
145
-26
-207
-231
-210
-154
-49
-47
83
133
179
191
141
129
2
-45
-235
-283
-317
-329
-291
-266
-230
-224
-236
-252
-250
-130
-35
340
599
788
814
698
541
282
126
-32
-230
-236
-216
-149
-73
-32
84
143
126
126
120
42
-13
-156
-246
-335
-374
-377
-335
-300
-261
-257
-262
-284
-283
-125
54
375
617
787
787
638
452
175
-44
-209
-268
-269
-220
-163
-63
-43
97
123
148
116
37
-21
-94
-222
-281
-336
-354
-345
-306
-290
-242
-248
-282
-282
-266
-102
116
395
627
767
755
645
449
177
-33
-175
-236
-236
-209
-128
-28
-12
115
147
135
147
59
-13
-33
-201
-287
-333
-349
-335
-285
-258
-240
-236
-242
-244
-190
-32
135
511
721
813
755
617
373
152
-5
-178
-204
-189
-131
-70
-51
89
129
131
179
139
126
-1
-43
-207
-307
-319
-344
-331
-296
-257
-244
-244
-251
-266
-161
-28
347
583
751
803
703
517
271
139
-34
-231
-250
-221
-154
-58
-44
78
121
126
134
110
30
-26
-159
-269
-341
-371
-368
-330
-297
-272
-261
-267
-299
-271
-126
-25
355
587
739
771
661
461
197
-18
-181
-253
-251
-223
-162
-76
-44
83
126
147
133
47
-8
-60
-205
-274
-325
-342
-341
-289
-272
-247
-236
-241
-265
-255
-110
95
379
625
757
763
651
446
214
5
-162
-231
-231
-191
-121
-57
-21
107
126
141
128
123
-9
-31
-189
-267
-325
-337
-318
-290
-263
-222
-216
-230
-249
-169
-38
133
532
723
820
756
630
372
137
-23
-183
-219
-198
-144
-78
-41
60
125
131
137
145
71
-9
-44
-217
-285
-349
-344
-350
-295
-258
-249
-242
-257
-261
-167
-23
251
551
713
783
699
527
297
137
-56
-239
-252
-220
-179
-51
-35
55
121
137
119
86
7
-41
-166
-257
-329
-349
-357
-337
-302
-273
-258
-265
-285
-291
-185
-28
148
527
707
735
674
505
267
130
-44
-219
-241
-213
-174
-85
-44
71
133
121
139
63
1
-27
-172
-236
-317
-341
-320
-307
-267
-253
-238
-259
-255
-242
-147
-31
337
583
731
767
683
510
251
134
-43
-227
-233
-211
-125
-32
-31
103
142
141
151
143
20
-12
-157
-236
-300
-320
-310
-275
-234
-220
-207
-219
-234
-221
-75
118
399
650
777
771
675
475
225
36
-138
-213
-222
-167
-110
-53
-26
98
115
148
126
75
6
-31
-179
-265
-315
-346
-349
-312
-283
-237
-257
-261
-285
-238
-57
131
443
646
785
749
607
395
147
-12
-198
-238
-241
-209
-130
-54
-34
84
131
116
94
39
-23
-86
-229
-300
-357
-361
-349
-319
-290
-242
-251
-282
-289
-241
-63
126
419
659
755
724
601
367
135
-34
-202
-230
-235
-189
-97
-38
-9
102
126
139
116
54
-7
-44
-217
-271
-346
-364
-332
-284
-251
-219
-238
-251
-265
-189
-43
130
511
709
787
734
596
355
131
-42
-189
-219
-193
-146
-58
-31
79
143
135
158
139
67
-12
-37
-190
-247
-287
-309
-299
-247
-220
-207
-230
-222
-270
-184
-13
134
534
693
795
727
579
340
137
-38
-204
-229
-224
-145
-76
-37
81
120
138
166
90
15
-15
-162
-221
-289
-332
-357
-306
-298
-274
-236
-253
-272
-285
-193
-33
246
530
707
757
667
502
266
132
-86
-246
-259
-214
-171
-95
-34
35
95
126
111
99
46
-29
-161
-263
-322
-363
-374
-345
-298
-241
-231
-267
-268
-281
-157
-37
342
602
751
783
681
481
217
118
-142
-229
-225
-211
-121
-49
-12
102
129
139
137
63
-10
-44
-166
-225
-286
-303
-298
-290
-249
-225
-210
-217
-237
-221
-113
-21
364
587
758
803
711
504
257
123
-38
-197
-219
-178
-106
-41
-21
107
136
138
138
135
18
-39
-152
-238
-293
-302
-303
-282
-255
-213
-221
-236
-236
-234
-105
75
371
599
751
743
651
449
212
4
-153
-236
-226
-203
-126
-65
-44
83
119
118
111
63
-12
-38
-194
-274
-331
-342
-347
-312
-261
-257
-248
-271
-278
-250
-98
121
399
627
707
731
611
375
162
-27
-189
-244
-236
-201
-139
-57
-39
90
111
133
135
62
-25
-28
-207
-290
-326
-349
-322
-278
-249
-240
-236
-252
-267
-216
-57
133
419
655
770
745
603
383
160
-29
-193
-229
-219
-156
-107
-29
71
125
118
130
149
59
-8
-41
-183
-259
-293
-301
-279
-250
-214
-204
-204
-225
-252
-204
-37
117
463
667
785
758
631
395
148
-12
-165
-215
-210
-172
-97
-38
49
113
139
148
135
55
3
-31
-205
-281
-327
-327
-305
-279
-247
-219
-222
-265
-268
-229
-55
130
469
667
755
723
564
330
159
-42
-197
-252
-237
-164
-109
-47
-25
75
113
115
87
41
-12
-109
-226
-326
-355
-365
-351
-299
-266
-252
-268
-285
-303
-261
-43
131
478
665
749
707
564
319
147
-34
-222
-242
-236
-165
-79
-23
66
107
145
125
101
27
-21
-156
-252
-286
-319
-311
-300
-258
-235
-218
-209
-249
-269
-209
-51
133
449
666
751
734
573
362
138
-21
-187
-220
-201
-159
-97
-55
83
121
148
167
151
47
-13
-28
-204
-268
-300
-297
-294
-238
-204
-201
-207
-235
-240
-185
-12
145
467
689
763
725
579
375
135
-22
-190
-236
-199
-159
-94
-22
43
100
118
121
123
85
11
-54
-213
-300
-353
-353
-339
-289
-236
-226
-242
-264
-300
-213
-39
147
499
687
751
693
519
253
134
-42
-210
-261
-231
-182
-79
-35
58
103
135
105
70
-16
-53
-153
-236
-299
-312
-315
-300
-255
-232
-205
-219
-249
-285
-221
-44
123
443
656
752
731
578
357
123
-29
-198
-226
-220
-173
-77
-22
41
106
153
139
134
52
-28
-76
-204
-278
-300
-300
-279
-248
-230
-210
-235
-237
-249
-182
-43
147
523
713
771
733
577
343
143
-42
-160
-204
-185
-131
-43
-26
93
145
175
171
143
66
-13
-43
-205
-267
-285
-279
-273
-237
-218
-207
-206
-241
-259
-182
-44
126
518
723
773
689
545
303
119
-30
-213
-227
-222
-157
-85
-28
52
125
135
131
113
46
-21
-129
-230
-301
-335
-332
-301
-268
-236
-234
-261
-287
-300
-226
-52
133
495
674
743
667
499
258
149
-44
-231
-267
-231
-172
-98
-28
60
115
126
138
67
-5
-31
-175
-242
-294
-311
-310
-283
-236
-218
-211
-217
-263
-273
-222
-38
133
459
671
754
694
551
340
147
-28
-205
-233
-222
-153
-85
-40
90
145
147
145
145
49
-13
-125
-227
-268
-290
-290
-266
-223
-204
-197
-207
-223
-257
-195
-29
126
499
678
763
739
583
363
139
-22
-171
-221
-199
-147
-76
-32
74
129
139
137
126
48
-35
-109
-220
-269
-325
-306
-298
-252
-206
-191
-229
-261
-274
-210
-34
141
463
662
737
694
548
321
155
-28
-225
-235
-222
-173
-101
-44
27
103
131
119
105
30
-18
-142
-229
-303
-347
-364
-325
-266
-242
-230
-252
-271
-287
-229
-43
146
467
641
709
663
519
282
133
-41
-204
-236
-235
-172
-105
-39
57
109
131
131
99
36
-21
-153
-219
-291
-315
-298
-275
-236
-197
-181
-215
-239
-257
-232
-46
144
419
651
755
697
579
354
147
-17
-181
-222
-220
-146
-82
-22
81
131
139
159
131
93
-13
-37
-187
-252
-269
-270
-236
-202
-177
-172
-197
-217
-236
-210
-69
119
419
633
728
725
586
378
159
-12
-173
-220
-210
-172
-83
-45
52
126
135
139
135
47
-8
-44
-177
-263
-305
-311
-284
-246
-210
-214
-213
-259
-275
-252
-62
119
395
591
703
675
578
371
142
-23
-187
-252
-242
-195
-121
-48
-8
84
135
129
86
23
-24
-134
-213
-285
-303
-300
-301
-257
-220
-204
-217
-250
-287
-284
-152
-17
315
547
691
707
605
419
199
-6
-162
-217
-236
-200
-121
-55
-21
86
116
142
137
107
27
-25
-161
-258
-299
-303
-309
-258
-203
-179
-185
-219
-255
-269
-151
-31
292
546
695
731
675
480
243
137
-40
-185
-195
-155
-102
-13
-11
121
138
153
148
146
20
-17
-145
-215
-257
-267
-242
-229
-192
-173
-156
-187
-234
-284
-209
-42
137
419
607
725
695
563
340
137
-31
-187
-236
-215
-174
-93
-29
51
118
137
142
67
15
-26
-171
-248
-281
-311
-295
-277
-231
-195
-207
-202
-237
-283
-284
-111
-1
334
555
667
671
555
371
157
-28
-197
-237
-239
-210
-140
-59
-44
81
123
126
87
19
-12
-151
-238
-285
-290
-300
-272
-237
-215
-175
-178
-225
-261
-246
-112
-27
342
562
693
711
613
419
195
14
-155
-213
-223
-191
-123
-42
-17
93
128
133
131
65
-7
-30
-172
-252
-299
-297
-280
-236
-189
-156
-169
-199
-232
-241
-119
30
355
585
723
755
651
463
244
123
-37
-186
-202
-167
-108
-49
2
116
134
147
134
115
3
-23
-177
-244
-269
-284
-270
-230
-204
-171
-189
-203
-246
-242
-157
-34
139
503
679
721
651
488
255
131
-29
-204
-237
-222
-145
-65
-50
