353
180
-23
-241
-364
-390
-372
-300
-185
-71
-13
139
218
235
222
197
180
138
138
180
251
405
582
791
915
787
451
134
-437
-782
-1023
-1120
-961
-583
-189
117
371
457
455
335
151
-12
-272
-377
-391
-364
-286
-165
-44
84
146
214
217
191
174
155
137
128
139
250
401
594
807
889
727
372
-6
-513
-854
-1068
-1155
-934
-549
-145
123
363
419
406
286
137
-38
-333
-412
-413
-370
-294
-172
-51
67
139
189
185
180
153
138
142
99
120
259
419
607
815
879
675
291
-40
-581
-900
-1100
-1136
-875
-488
-86
143
389
451
409
275
130
-37
-333
-396
-393
-346
-265
-140
-37
115
130
223
213
202
180
145
130
135
135
291
453
660
851
865
650
271
-39
-605
-906
-1082
-1074
-785
-394
-30
139
417
477
415
264
135
-105
-326
-386
-374
-320
-225
-111
-40
126
133
228
212
199
173
145
138
137
143
318
483
687
879
866
599
187
-243
-650
-934
-1102
-1055
-759
-341
-29
244
405
450
382
225
119
-221
-364
-401
-393
-322
-241
-114
-30
125
143
209
208
179
155
139
135
106
141
306
485
696
843
766
473
139
-374
-731
-1004
-1134
-1007
-679
-268
-51
303
387
415
340
163
-15
-268
-377
-401
-385
-322
-215
-93
-37
127
183
213
201
184
166
134
134
129
155
343
534
738
849
724
405
135
-437
-775
-1002
-1091
-923
-572
-173
119
347
419
419
329
152
-29
-272
-351
-378
-348
-284
-155
-40
97
137
245
235
213
197
163
145
130
135
255
401
597
791
859
691
351
-21
-492
-810
-1028
-1068
-847
-473
-94
127
377
419
416
291
133
-30
-289
-381
-385
-339
-261
-147
-31
116
131
229
215
191
163
147
133
94
125
255
417
611
799
803
597
231
-44
-605
-882
-1066
-1054
-790
-408
-50
138
370
419
372
243
135
-175
-342
-397
-399
-351
-259
-142
-43
116
135
212
212
198
170
133
137
110
137
287
459
648
813
743
489
137
-341
-687
-940
-1077
-988
-667
-283
-37
299
399
419
340
187
-12
-225
-339
-377
-363
-301
-219
-81
-33
133
203
231
230
195
183
142
135
130
143
339
518
723
851
763
463
134
-368
-707
-947
-1062
-930
-577
-191
81
341
451
447
341
171
-18
-234
-349
-374
-342
-277
-175
-50
48
131
215
231
211
193
165
134
134
139
227
374
553
745
823
670
342
-13
-479
-796
-1015
-1066
-865
-485
-112
123
359
419
403
279
139
-39
-300
-370
-375
-345
-279
-185
-53
-7
135
189
206
197
171
134
135
87
116
139
371
561
771
806
627
267
-43
-556
-863
-1050
-1083
-827
-444
-77
129
371
419
398
259
132
-40
-329
-386
-393
-346
-261
-150
-39
105
146
211
207
186
163
146
134
120
133
276
419
619
803
795
589
211
-76
-605
-883
-1046
-1010
-732
-337
-29
163
404
459
402
245
135
-126
-323
-359
-363
-325
-236
-113
-40
122
197
245
241
231
206
161
143
131
215
333
495
703
855
789
483
142
-351
-716
-957
-1090
-972
-623
-226
-25
320
419
455
353
181
-12
-250
-368
-396
-369
-301
-199
-76
-29
128
179
213
203
195
167
146
133
134
229
362
549
747
827
671
338
-13
-512
-828
-1046
-1104
-898
-522
-140
126
345
419
405
281
136
-39
-311
-370
-367
-332
-300
-231
-129
-29
111
142
209
229
247
219
149
135
139
263
419
622
811
820
609
215
-51
-631
-918
-1100
-1052
-774
-361
-44
138
409
464
394
248
136
-192
-343
-391
-384
-320
-235
-117
-39
120
218
243
235
219
195
161
135
136
136
308
475
685
851
835
575
182
-255
-641
-920
-1074
-1004
-702
-300
-29
308
419
469
389
239
131
-201
-332
-376
-377
-300
-217
-81
-31
131
231
243
226
203
174
139
133
122
141
337
511
707
861
799
526
130
-346
-708
-977
-1103
-1001
-670
-257
-37
330
419
451
359
189
-17
-261
-381
-412
-381
-300
-210
-81
-28
129
151
197
183
163
142
137
78
102
139
311
489
682
851
795
515
137
-350
-707
-972
-1110
-1020
-694
-275
-30
320
419
451
357
203
-5
-236
-381
-398
-379
-305
-203
-77
-37
138
209
222
206
170
139
143
89
107
142
308
487
692
865
819
559
158
-290
-658
-931
-1083
-1011
-684
-287
-28
331
451
482
405
230
127
-213
-337
-374
-358
-294
-200
-81
-32
130
223
229
213
197
163
135
125
116
129
308
485
693
877
837
578
178
-268
-651
-933
-1068
-1016
-699
-301
-35
294
419
471
385
225
120
-226
-358
-398
-382
-326
-218
-94
-43
130
213
225
202
178
139
139
55
81
123
279
459
647
817
775
534
149
-304
-670
-936
-1079
-1036
-732
-325
-38
219
399
419
357
209
22
-237
-371
-427
-402
-337
-236
-107
-39
129
208
225
213
171
147
147
67
99
142
320
490
703
834
756
473
129
-377
-723
-958
-1094
-969
-631
-234
-31
318
419
419
346
180
-22
-238
-364
-400
-379
-300
-186
-50
57
135
246
245
227
195
155
131
131
130
239
391
585
791
859
691
339
-23
-501
-810
-1014
-1065
-844
-470
-86
139
374
458
418
299
137
-29
-305
-396
-398
-347
-267
-149
-28
116
211
251
235
211
174
135
131
105
141
277
455
671
811
789
535
148
-301
-678
-936
-1087
-1019
-716
-330
-40
201
391
419
357
199
15
-233
-386
-428
-412
-359
-239
-119
-39
131
211
223
199
179
144
142
87
114
143
355
561
752
820
663
320
-22
-513
-830
-1034
-1089
-876
-507
-125
130
358
417
386
287
129
-49
-313
-418
-419
-367
-289
-161
-34
116
129
246
233
211
165
139
133
116
143
313
487
689
846
788
521
143
-324
-681
-934
-1074
-991
-671
-270
-33
318
419
461
375
212
52
-219
-363
-400
-383
-317
-204
-68
-16
136
244
257
235
201
167
139
135
139
279
419
623
807
835
633
254
-43
-573
-877
-1064
-1063
-804
-416
-62
131
375
451
394
259
134
-73
-342
-409
-407
-364
-269
-140
-44
123
189
244
227
195
179
139
135
116
135
350
543
737
825
691
355
10
-492
-830
-1045
-1121
-926
-556
-172
116
331
417
401
294
148
-38
-299
-386
-396
-383
-303
-245
-110
-45
131
212
243
251
244
187
134
147
143
331
515
719
847
756
454
123
-408
-764
-1004
-1104
-944
-614
-217
-22
346
419
455
354
175
-19
-263
-371
-396
-377
-301
-199
-61
38
143
241
257
248
225
187
163
147
189
310
483
679
849
821
583
195
-235
-650
-924
-1078
-1022
-732
-332
-28
283
419
466
395
226
137
-203
-353
-401
-394
-327
-233
-106
-29
131
233
246
233
213
175
138
134
138
248
399
603
815
861
690
315
-28
-546
-866
-1067
-1127
-882
-505
-110
135
371
419
407
274
134
-31
-347
-422
-441
-381
-294
-162
-37
113
135
227
212
199
166
135
143
116
141
331
523
738
881
771
457
137
-419
-780
-1040
-1152
-1003
-641
-221
-12
340
419
449
341
163
-14
-293
-397
-423
-391
-299
-188
-64
78
134
226
243
217
203
169
143
146
175
307
487
690
870
859
611
196
-236
-652
-937
-1108
-1052
-748
-334
-29
303
451
483
419
247
129
-188
-332
-379
-372
-327
-239
-118
-26
122
143
235
247
237
212
151
131
153
258
419
611
831
919
725
352
-18
-529
-863
-1072
-1120
-889
-492
-103
141
395
467
419
295
133
-29
-326
-410
-409
-374
-291
-163
-40
111
143
230
241
203
180
146
123
103
132
303
499
685
865
799
501
136
-378
-748
-992
-1132
-1036
-685
-280
-40
307
415
419
347
179
-15
-265
-393
-415
-399
-329
-220
-86
-29
133
212
223
218
186
152
143
136
127
258
419
639
839
855
643
261
-37
-605
-908
-1078
-1078
-802
-409
-44
136
417
468
419
274
142
-50
-335
-387
-381
-329
-234
-106
-44
126
226
243
231
212
180
148
139
137
202
353
534
742
891
825
523
143
-353
-730
-974
-1100
-976
-625
-226
-11
353
458
466
367
194
-18
-250
-374
-401
-374
-289
-204
-60
43
131
230
244
219
195
161
134
139
135
251
410
606
790
835
639
276
-40
-564
-863
-1066
-1073
-818
-443
-61
143
383
419
391
254
129
-125
-339
-412
-417
-362
-268
-154
-29
104
142
225
207
185
161
139
125
107
137
319
511
699
835
750
467
143
-396
-757
-981
-1100
-981
-629
-219
-23
327
419
419
340
154
-23
-258
-359
-365
-332
-295
-221
-127
-28
116
131
223
239
247
234
179
148
159
274
419
634
818
843
643
277
-33
-581
-891
-1052
-1036
-775
-389
-39
139
419
475
419
259
143
-93
-323
-383
-376
-317
-237
-103
-40
120
201
239
238
219
185
147
131
132
142
323
495
697
866
815
546
146
-331
-693
-956
-1088
-1011
-684
-294
-40
323
419
458
361
195
-5
-238
-371
-407
-379
-327
-225
-97
-33
126
208
227
203
180
139
141
87
115
136
355
543
754
855
725
372
40
-509
-828
-1040
-1130
-924
-556
-154
117
357
419
411
299
131
-43
-318
-407
-419
-364
-293
-173
-46
87
116
227
233
212
175
151
130
103
123
262
419
627
799
841
618
239
-28
-606
-899
-1062
-1052
-780
-393
-40
135
407
466
404
262
134
-120
-331
-379
-366
-320
-221
-112
-33
119
171
231
229
215
180
163
138
134
225
358
528
724
869
788
489
131
-379
-718
-981
-1087
-967
-630
-220
-18
355
419
459
354
174
-13
-255
-353
-353
-315
-268
-204
-140
-24
75
131
201
213
243
247
203
161
162
255
406
601
788
790
599
241
-40
-615
-895
-1084
-1068
-787
-396
-40
135
391
419
375
226
123
-205
-362
-408
-391
-353
-263
-140
-38
117
131
219
217
191
176
133
127
99
143
291
459
648
817
775
521
139
-316
-687
-942
-1076
-1003
-688
-285
-35
303
406
419
361
187
0
-235
-362
-381
-359
-299
-204
-77
-26
127
212
221
207
186
159
130
127
120
137
340
523
726
853
771
467
133
-372
-709
-947
-1054
-928
-579
-194
90
343
457
457
349
169
-17
-241
-349
-372
-337
-274
-177
-49
53
135
229
227
212
185
153
139
100
130
138
363
546
738
852
723
389
119
-459
-780
-994
-1068
-897
-529
-140
123
371
419
418
306
133
-37
-293
-389
-395
-346
-284
-169
-53
50
143
198
203
185
152
128
122
75
100
139
362
539
735
803
647
313
-26
-522
-829
-1022
-1067
-844
-472
-86
123
369
419
399
269
133
-47
-305
-358
-362
-313
-268
-172
-69
-25
129
141
201
211
203
177
145
135
127
262
419
601
766
785
583
212
-46
-605
-869
-1024
-1002
-716
-336
-40
229
417
445
387
230
137
-172
-317
-365
-338
-274
-208
-94
-40
125
141
221
209
193
173
145
143
117
131
279
455
634
811
803
579
205
-141
-617
-866
-1027
-995
-716
-306
-38
276
419
