-203
-254
-269
-262
-242
-173
-141
-80
-44
62
147
143
294
449
651
787
865
825
681
484
301
145
-27
-211
-297
-328
-322
-285
-253
-211
-153
-102
-53
-29
-21
-57
-85
-101
-125
-146
-185
-223
-250
-273
-257
-229
-179
-121
-69
-37
54
130
148
315
488
692
799
843
756
579
394
222
147
-44
-277
-332
-349
-342
-294
-265
-222
-181
-121
1
-61
-57
-85
-121
-146
-178
-201
-228
-267
-292
-297
-268
-238
-193
-135
-54
-30
57
135
180
357
529
707
798
802
699
522
329
161
-3
-175
-300
-343
-350
-332
-287
-239
-203
-145
-83
-64
-41
-45
-79
-105
-103
-141
-193
-204
-264
-267
-261
-215
-203
-140
-76
-25
55
128
151
303
447
626
698
863
814
663
479
291
142
-13
-204
-300
-317
-315
-287
-238
-201
-139
-97
-44
-27
-28
-26
-76
-67
-110
-134
-186
-209
-246
-253
-239
-217
-177
-126
-48
-39
87
135
239
340
564
707
821
859
782
599
408
255
148
-27
-270
-355
-346
-335
-303
-254
-221
-165
-102
-71
-44
-67
-79
-119
-131
-156
-186
-222
-254
-284
-284
-268
-220
-194
-126
-41
-31
82
147
251
371
547
722
811
819
675
514
308
153
-13
-220
-331
-369
-371
-340
-297
-265
-206
-141
-98
-43
-57
-61
-104
-109
-143
-160
-201
-251
-265
-284
-268
-237
-193
-144
-66
-28
70
135
215
327
499
691
811
857
783
625
419
244
139
-34
-261
-321
-333
-313
-297
-263
-211
-147
-93
-63
-33
-14
-60
-76
-82
-110
-140
-171
-215
-236
-231
-236
-219
-169
-125
-58
-27
97
150
212
323
475
661
815
851
779
623
449
267
134
-33
-265
-328
-350
-331
-300
-253
-206
-151
-104
-55
-45
-47
-78
-105
-123
-149
-187
-229
-253
-299
-270
-259
-176
-194
-133
-55
-21
79
141
234
341
527
707
806
799
694
521
336
165
-10
-201
-315
-368
-364
-332
-305
-239
-215
-151
-121
-83
-62
-73
-121
-109
-141
-165
-199
-242
-273
-273
-268
-249
-213
-157
-120
-47
-29
86
139
249
387
589
753
847
839
703
511
334
170
-19
-202
-307
-346
-332
-290
-268
-229
-171
-122
-69
-46
-27
-43
-67
-99
-106
-143
-189
-222
-261
-263
-242
-210
-171
-119
-44
-23
101
142
263
340
514
706
833
851
802
606
419
243
135
-14
-246
-300
-327
-318
-278
-250
-205
-140
-102
-63
-29
-28
-57
-76
-106
-129
-142
-209
-251
-274
-273
-249
-233
-174
-118
-59
-37
84
137
251
360
564
731
799
815
698
529
346
91
-5
-201
-300
-363
-373
-327
-309
-259
-205
-155
-49
-153
-61
-98
-123
-137
-147
-172
-217
-246
-282
-305
-293
-253
-222
-159
-108
-23
-39
110
135
291
419
627
771
833
691
619
457
346
147
-25
-252
-346
-364
-331
-297
-268
-229
-172
-108
-66
-45
-44
-57
-59
-84
-106
-149
-189
-230
-265
-269
-236
-205
-172
-122
-61
-17
83
135
241
334
499
705
819
867
850
628
419
244
134
-44
-238
-314
-343
-307
-274
-235
-173
-119
-76
-38
-34
-27
-34
-73
-87
-126
-159
-209
-246
-265
-261
-237
-204
-151
-102
-18
-35
105
148
267
387
609
747
833
818
689
507
307
148
-15
-205
-327
-363
-343
-331
-298
-235
-192
-139
-105
-65
-47
-58
-93
-112
-135
-170
-198
-230
-281
-301
-279
-263
-225
-178
-106
-49
-18
116
150
261
418
625
755
816
755
615
419
258
153
-28
-272
-332
-373
-361
-311
-281
-217
-157
-120
-79
-35
-47
-57
-73
-101
-159
-157
-216
-271
-282
-274
-264
-205
-172
-101
-46
-30
50
139
263
382
555
729
835
819
729
555
359
195
24
-174
-291
-329
-349
-309
-265
-219
-172
-128
-85
-43
-30
-26
-44
-78
-99
-140
-149
-195
-226
-251
-236
-162
-190
-155
-153
-18
-23
109
115
255
377
591
751
843
857
713
523
347
167
-12
-204
-311
-349
-359
-320
-289
-242
-186
-125
-95
-49
-43
-70
-103
-109
-131
-160
-203
-242
-268
-268
-284
-261
-220
-174
-110
-41
-27
83
134
254
386
564
727
806
775
628
470
285
171
-31
-249
-300
-380
-358
-325
-299
-253
-182
-130
-97
-71
-56
-95
-98
-119
-129
-172
-201
-217
-259
-298
-277
-221
-199
-150
-81
-22
46
130
147
307
472
661
795
847
767
639
447
262
131
-44
-236
-319
-344
-314
-285
-242
-190
-135
-81
-49
-23
-33
-48
-76
-79
-123
-143
-188
-221
-255
-242
-223
-188
-147
-106
-50
-23
111
149
274
367
554
727
847
847
741
554
370
208
131
-170
-267
-332
-336
-300
-271
-236
-192
-141
-80
-62
-44
-57
-77
-97
-135
-158
-185
-219
-239
-268
-277
-257
-221
-181
-108
-55
-37
95
143
244
404
594
746
803
867
663
471
251
145
-34
-236
-330
-364
-357
-367
-297
-239
-201
-141
-133
-97
-47
-106
-117
-133
-149
-173
-218
-238
-264
-281
-274
-241
-201
-150
-73
-24
42
157
143
322
513
675
819
823
761
596
415
233
134
-44
-272
-332
-345
-313
-281
-254
-208
-140
-103
-67
-37
-56
-61
-97
-117
-122
-173
-203
-231
-267
-257
-236
-200
-149
-111
-41
-9
127
147
273
393
595
771
859
869
727
548
370
181
11
-172
-274
-335
-327
-300
-271
-217
-158
-125
-93
-126
-37
-44
-75
-113
-127
-139
-204
-197
-265
-286
-232
-243
-201
-149
-78
-41
54
137
210
343
511
699
819
859
762
590
395
209
139
-134
-299
-350
-359
-335
-302
-268
-222
-174
-125
-79
-76
-85
-97
-135
-154
-182
-204
-239
-269
-313
-297
-271
-236
-193
-119
-57
-21
106
141
271
407
611
759
847
783
631
419
274
138
-33
-254
-346
-334
-344
-319
-257
-248
-192
-127
-86
-79
-73
-77
-119
-102
-155
-163
-217
-238
-268
-286
-257
-225
-175
-126
-41
-15
105
131
239
395
571
755
857
873
763
565
373
182
75
-165
-274
-342
-339
-310
-254
-227
-188
-125
-85
-41
-35
-53
-59
-93
-109
-141
-194
-200
-265
-271
-273
-236
-194
-158
-93
-30
54
141
145
310
487
691
819
841
787
603
419
259
135
-21
-270
-345
-368
-353
-318
-285
-229
-187
-135
-103
-84
-140
-103
-123
-139
-165
-202
-225
-273
-285
-295
-273
-255
-203
-137
-60
-23
100
131
281
419
633
787
823
795
643
419
250
149
-44
-268
-354
-317
-364
-331
-298
-238
-197
-140
-109
-63
-102
-83
-108
-120
-153
-185
-218
-256
-281
-284
-265
-249
-193
-140
-57
-21
85
139
250
372
591
703
852
850
693
559
357
180
7
-185
-286
-332
-346
-320
-274
-253
-174
-133
-95
-50
-35
-39
-61
-108
-116
-151
-181
-218
-241
-259
-238
-230
-186
-125
-69
-29
81
147
255
355
535
727
853
867
779
595
397
228
155
-81
-289
-345
-344
-332
-293
-267
-215
-80
-106
-76
-65
-67
-82
-115
-137
-177
-209
-246
-269
-289
-288
-251
-225
-201
-126
-44
-34
99
143
289
419
735
799
849
781
638
419
247
149
-31
-269
-352
-379
-381
-342
-310
-256
-199
-157
-108
-83
-95
-111
-139
-156
-184
-204
-229
-268
-277
-295
-262
-235
-192
-126
-63
-12
84
138
259
372
590
756
835
835
699
521
334
155
0
-225
-329
-365
-347
-367
-284
-236
-191
-143
-108
-53
-56
-54
-97
-110
-128
-172
-204
-234
-268
-271
-254
-220
-177
-125
-48
-12
90
133
259
389
619
756
865
887
751
586
395
207
127
-172
-289
-361
-338
-328
-284
-250
-204
-149
-113
-68
-57
-73
-103
-128
-154
-175
-188
-235
-250
-291
-280
-249
-256
-173
-98
-43
-9
115
149
308
479
683
811
854
783
619
406
229
137
-44
-297
-347
-386
-375
-330
-301
-244
-191
-133
-119
-76
-95
-138
-129
-154
-181
-222
-267
-274
-301
-325
-287
-243
-209
-138
-49
-33
99
145
276
407
617
777
859
843
690
495
288
144
-17
-236
-318
-380
-359
-332
-283
-231
-178
-141
-83
-62
-61
-70
-115
-130
-157
-173
-204
-229
-274
-278
-254
-206
-172
-121
-50
-11
101
141
282
411
617
791
907
907
763
595
389
212
111
-127
-274
-330
-323
-249
-238
-193
-174
-117
-63
-39
-30
-23
-65
-85
-111
-146
-170
-219
-235
-262
-241
-204
-156
-101
-39
-28
101
139
267
373
575
759
875
884
803
596
375
212
131
-155
-293
-353
-349
-330
-304
-271
-209
-171
-113
-77
-65
-73
-99
-124
-145
-172
-213
-259
-284
-310
-300
-271
-222
-178
-108
-30
-1
116
148
327
513
695
827
843
739
559
361
175
-1
-190
-330
-396
-414
-369
-327
-303
-253
-189
-140
-119
-86
-101
-121
-130
-166
-191
-193
-277
-285
-309
-300
-268
-218
-159
-108
-23
19
143
173
331
497
695
819
865
787
607
419
237
147
-37
-284
-349
-362
-321
-303
-281
-220
-181
-119
-55
-38
-66
-77
-103
-115
-146
-175
-213
-253
-270
-267
-219
-198
-135
-53
-28
93
139
274
367
555
761
863
897
803
619
419
231
148
-23
-274
-332
-361
-331
-299
-269
-225
-172
-121
-81
-79
-81
-103
-131
-150
-182
-207
-246
-279
-303
-283
-250
-199
-149
-74
-28
78
143
244
358
538
759
863
887
767
609
372
211
33
-171
-321
-363
-390
-357
-314
-300
-237
-184
-130
-97
-82
-93
-129
-149
-153
-181
-229
-237
-309
-279
-302
-243
-213
-172
-73
-44
71
138
258
376
560
755
883
884
771
577
372
191
53
-173
-293
-364
-364
-319
-311
-274
-221
-169
-109
-79
-58
-75
-110
-121
-143
-165
-213
-254
-271
-285
-263
-229
-184
-121
-37
-22
117
147
314
419
633
827
931
915
771
586
371
180
-26
-205
-359
-364
-353
-323
-297
-244
-198
-142
-97
-66
-66
-78
-97
-115
-155
-179
-213
-247
-266
-263
-274
-283
-204
-113
-36
-21
111
147
295
419
633
783
866
875
739
511
345
167
-12
-246
-336
-364
-385
-355
-309
-277
-225
-165
-114
-93
-77
-108
-111
-137
-189
-215
-251
-284
-315
-322
-288
-259
-199
-135
-47
-38
90
133
287
419
639
803
891
859
714
521
319
142
-23
-236
-347
-368
-363
-334
-303
-252
-193
-140
-104
-77
-69
-102
-119
-126
-157
-194
-202
-262
-281
-300
-246
-149
-173
-128
-41
-14
131
143
313
473
675
833
927
877
724
529
349
163
-26
-233
-306
-329
-333
-298
-268
-234
-181
-125
-95
-55
-65
-75
-117
-113
-175
-172
-204
-294
-282
-283
-268
-219
-181
-111
-45
-21
109
142
285
447
635
815
907
899
711
510
315
148
-26
-241
-345
-382
-359
-342
-303
-265
-203
-135
-110
-103
-93
-115
-138
-161
-194
-215
-254
-283
-303
-325
-273
-253
-211
-141
-69
-27
95
147
283
419
643
823
889
849
670
467
276
147
-41
-282
-345
-390
-364
-353
-373
-249
-199
-145
-108
-54
-74
-109
-113
-145
-173
-204
-225
-266
-286
-293
-278
-237
-173
-111
-26
-21
127
185
310
475
687
841
1018
775
689
487
287
137
-58
-274
-325
-352
-347
-311
-289
-226
-173
-109
-73
-29
-28
-59
-139
-127
-149
-186
-209
-281
-280
-274
-255
-204
-154
-78
-14
81
122
267
345
495
707
877
906
854
673
474
283
151
-25
-261
-332
-367
-354
-314
-268
