29
36
20
111
147
307
318
299
219
155
145
91
67
43
5
21
25
35
25
3
-5
-1
26
50
52
41
11
-9
-14
-35
-121
-149
-134
-125
-78
-44
-31
-25
-11
10
22
21
36
69
126
227
323
323
280
194
148
115
91
55
20
2
15
39
39
25
-1
-10
-12
19
43
39
19
-9
-1
-30
-102
-147
-158
-159
-126
-97
-51
-49
-25
-31
-29
-1
11
33
84
136
276
317
303
238
151
138
65
51
0
-12
-23
-11
4
9
-12
-25
-41
-29
-13
20
8
-7
-14
-19
-98
-139
-161
-172
-149
-123
-71
-49
-27
-27
-28
-9
9
20
49
112
151
282
322
302
219
152
137
71
62
29
3
3
14
27
14
-5
-26
-21
11
31
37
18
15
-12
-28
-82
-119
-141
-155
-133
-80
-49
-28
-24
-22
7
18
30
51
78
131
279
319
340
282
187
160
102
73
35
5
-9
5
21
34
5
-17
-11
-18
18
39
29
5
-22
-28
-58
-121
-153
-215
-157
-133
-97
-75
-45
-29
-42
-39
-23
-12
30
62
139
249
307
299
242
163
148
69
46
20
-3
-16
-18
-5
-2
-13
-19
-35
-28
-29
-1
-1
-14
-33
-27
-108
-143
-175
-182
-172
-135
-107
-74
-46
-44
-31
-29
-15
12
47
93
149
279
320
293
212
147
116
64
52
9
-12
-13
-9
23
3
-13
-24
-21
-12
37
31
9
-12
-16
-37
-103
-137
-154
-159
-140
-86
-69
-17
-32
-29
-21
15
23
43
66
139
180
314
340
293
206
148
128
87
54
23
7
15
26
33
21
-11
-25
-33
14
36
40
3
-26
-21
-28
-106
-138
-158
-158
-133
-72
-37
-61
-35
-23
-28
-5
5
20
70
139
257
317
311
244
162
147
66
52
22
-5
-17
-12
9
4
-13
-25
-32
-37
-21
22
19
-23
-38
-35
-107
-153
-159
-198
-157
-145
-113
-76
-53
-37
-29
-28
-27
-34
20
81
147
271
319
291
228
151
131
65
42
10
2
-12
-11
1
5
-10
-25
-29
-37
10
27
9
-17
-37
-16
-95
-125
-161
-165
-149
-125
-76
-49
-27
-33
-27
3
19
27
65
116
148
299
341
305
229
145
145
82
66
25
6
-2
19
34
20
-17
-7
-23
20
42
35
21
-5
-9
-26
-80
-129
-135
-161
-130
-97
-63
-39
-30
-26
-31
19
20
35
70
135
213
321
339
291
185
139
84
65
36
0
-19
-27
-1
30
22
-15
-37
-42
-13
30
23
-11
-19
-18
-82
-129
-165
-181
-177
-156
-108
-78
-67
-52
-38
-57
-33
-18
17
62
136
249
310
285
226
166
137
43
39
7
-12
-28
-25
-5
11
-9
-28
-16
-27
-6
26
9
-12
-28
-31
-107
-129
-169
-172
-167
-128
-97
-69
-46
-37
-21
-33
11
34
55
111
153
297
375
303
229
169
133
83
61
11
-12
-7
25
39
11
-7
-13
-16
3
38
41
21
-6
-22
-23
-94
-114
-145
-149
-133
-103
-55
-40
-24
-53
-12
14
29
58
85
137
255
298
315
275
212
147
103
62
47
20
-8
5
22
29
7
-12
-30
-37
0
18
26
-5
-21
-21
-69
-97
-156
-183
-172
-126
-101
-66
-51
-46
-30
-30
-32
34
20
90
147
275
323
309
251
131
133
50
51
10
-17
-28
-21
-13
-2
-13
-26
-37
-30
-29
-5
1
-11
-28
-71
-108
-141
-161
-183
-167
-140
-66
-107
-38
-33
-28
-37
-26
13
36
107
158
306
327
291
214
155
126
79
43
7
-5
-7
9
33
17
-12
-41
-28
-8
39
31
15
-11
-22
-33
-93
-128
-162
-182
-125
-106
-57
-38
-30
-25
-21
26
28
51
91
139
276
347
351
290
198
143
131
70
37
2
2
2
20
23
0
9
-34
-21
7
36
34
7
-23
-22
-63
-126
-137
-151
-163
-135
-95
-53
-57
-27
-29
-22
-11
14
42
126
148
279
325
291
225
145
123
52
35
-7
-17
-21
-18
5
1
-8
-34
-50
-28
-28
-14
-24
-21
-30
-81
-120
-156
-172
-184
-157
-129
-106
-77
-55
-43
-27
-37
-14
23
55
118
149
297
313
281
191
151
75
52
25
-6
-12
-14
21
26
7
-12
-23
-18
20
25
25
-22
-17
-28
-35
-93
-138
-157
-165
-140
-105
-61
-39
-24
-33
-28
18
35
73
97
137
290
343
371
281
208
131
146
89
57
21
13
20
37
27
26
6
-38
2
36
53
46
22
-9
-17
-30
-109
-137
-145
-140
-105
-75
-38
-35
-28
21
25
40
52
82
119
152
325
355
325
241
161
147
75
55
20
-1
7
26
37
22
1
-18
-22
-7
22
21
18
5
-37
-31
-103
-129
-171
-170
-155
-103
-70
-54
-43
-17
-28
-28
34
36
70
131
244
314
327
267
181
147
74
50
18
-5
9
-17
0
9
-7
-21
-24
-33
-19
35
20
-7
-12
-30
-45
-121
-140
-171
-172
-129
-106
-63
-45
-27
-25
-22
16
25
49
117
137
303
351
337
293
151
143
79
54
27
2
9
27
43
39
1
-25
-19
5
23
41
29
15
-14
-28
-33
-135
-149
-156
-135
-105
-75
-34
-27
-31
-1
22
31
49
79
137
267
344
356
305
222
148
137
73
46
15
-7
34
35
35
5
-12
-28
-33
-13
25
18
-9
-13
-30
-78
-126
-157
-175
-167
-155
-121
-73
-77
-38
-42
-28
7
35
51
145
53
323
355
320
241
151
134
55
45
7
-19
-23
-11
9
-3
-10
-30
-28
-28
-13
14
3
-17
-38
-28
-93
-140
-169
-174
-160
-123
-98
-58
-72
-42
-27
-26
20
31
77
131
253
330
375
291
203
147
135
67
33
1
-9
-5
24
31
17
-13
-23
-23
20
36
27
7
-16
-33
-33
-117
-149
-159
-155
-139
-81
-62
-26
-30
-21
11
27
42
73
123
151
326
367
322
239
151
147
72
47
3
13
1
27
27
19
-11
-31
-16
-25
9
25
-2
-22
-28
-74
-109
-161
-190
-185
-155
-129
-101
-58
-25
-28
-31
-31
17
29
75
126
275
328
326
257
167
142
66
39
-1
-28
-27
-18
3
2
-22
-37
-50
-44
-25
-26
-5
-28
-37
-76
-109
-106
-177
-197
-174
-153
-121
-75
-57
-31
-33
-28
-8
20
55
122
142
340
341
302
214
135
123
59
27
19
-12
25
29
26
9
-14
-22
-25
-21
27
25
-7
-13
-29
-32
-66
-141
-165
-156
-133
-93
-61
-47
-28
-27
-12
22
42
71
116
147
337
367
341
242
180
141
123
58
43
-2
3
26
41
39
11
-12
-28
-1
30
30
20
-1
-15
-27
-73
-126
-158
-161
-137
-97
-74
-49
-41
-37
-28
-13
25
47
81
137
281
350
340
263
164
128
75
54
20
-7
-27
-7
31
21
-12
-27
-31
-43
-29
-15
3
-12
-27
-69
-107
-147
-172
-202
-185
-155
-121
-80
-67
-53
-38
-25
-23
26
59
126
227
337
357
299
225
147
81
47
-3
-15
-15
-18
10
20
-2
-16
-22
-29
-26
-25
25
0
-12
-23
-72
-125
-122
-168
-161
-129
-121
-63
-44
-41
-28
-1
33
49
101
121
153
341
363
331
251
154
145
73
50
15
-1
3
25
39
25
-1
-21
-28
-11
23
27
19
-9
-12
-31
-25
-115
-147
-154
-140
-104
-76
-71
-27
-25
-11
-6
39
45
106
146
301
371
353
276
175
143
84
53
20
-2
-12
-1
26
23
-12
-21
-24
-28
-28
14
-1
-14
-30
-73
-109
-157
-185
-195
-176
-142
-108
-69
-58
-39
-26
-29
-21
25
69
131
281
329
329
265
173
137
67
22
-10
-17
-17
-27
-25
9
-12
-33
-25
-34
-28
-2
10
-9
-32
-28
-103
-129
-168
-198
-172
-147
-118
-59
-47
-28
-19
-21
20
39
73
128
265
359
372
315
212
148
98
55
31
5
-12
3
31
38
15
-12
-21
-27
-18
23
21
15
-23
-31
-37
-109
-138
-163
-158
-129
-101
-50
-37
-34
-28
32
41
51
82
134
271
356
382
337
234
148
139
66
37
-7
1
3
23
20
21
-14
-33
-28
-22
20
-1
-9
-23
-27
-79
-111
-156
-189
-182
-155
-125
-86
-57
-41
-30
-23
-25
20
42
87
142
298
350
333
259
153
141
52
34
-10
-13
-26
-16
11
7
-17
-28
-44
-37
-38
-14
5
-6
-49
-86
-112
-155
-186
-193
-177
-157
-98
-76
-50
-31
-37
-22
17
36
83
131
267
354
356
308
195
137
81
52
27
-9
-25
5
26
35
11
-17
-29
-17
-4
27
19
4
-17
-29
-28
-108
-144
-170
-159
-140
-99
-66
-33
-27
-30
15
7
47
67
107
150
342
395
369
278
180
147
91
59
26
1
9
21
36
33
-2
-19
-21
-10
34
41
19
1
-15
-30
-80
-135
-157
-169
-150
-118
-76
-55
-28
-38
-18
18
27
49
75
130
276
340
344
297
191
141
78
57
23
-8
-14
-12
18
19
2
-15
-39
-22
-26
19
10
-12
-30
-27
-93
-135
-172
-185
-191
-123
-121
-78
-61
-39
-34
-28
-40
-13
21
87
148
299
359
343
290
187
139
77
49
17
-1
-21
-10
18
17
-12
-17
-28
-31
-13
26
19
-7
-12
-27
-79
-126
-155
-171
-161
-119
-76
-53
-30
-19
-25
19
21
47
81
125
262
355
381
331
250
155
148
78
52
15
-5
6
23
33
15
-12
-23
-27
-13
35
37
17
-10
-18
-30
-100
-135
-171
-172
-150
-109
-60
-45
-21
-24
-9
20
36
55
107
146
315
383
359
291
179
146
67
52
7
-6
-18
-3
20
20
-2
-30
-19
-28
-28
15
6
-16
-28
-29
-101
-157
-175
-187
-169
-139
-104
-54
-45
-26
-29
-20
5
35
73
133
263
340
347
290
195
143
59
36
7
-12
-28
-23
-5
5
-9
-21
-27
-29
-25
-10
5
-13
-19
-26
-86
-136
-173
-186
-174
-138
-108
-64
-39
-26
-22
-11
20
27
67
116
147
337
379
358
277
174
142
84
58
19
-1
-1
12
38
27
3
-12
-26
-10
23
43
22
8
-12
-38
-87
-139
-165
-176
-140
-105
-78
-39
-27
-28
-1
38
43
67
105
147
313
375
381
308
209
145
107
53
19
-5
-6
3
26
16
-2
-24
-30
-30
-1
20
5
-5
-29
-39
-108
-134
-158
-186
-181
-149
-117
-71
-47
-29
-22
-38
-9
22
54
115
135
324
355
325
242
152
135
59
32
-17
-23
-27
-19
5
-12
-15
-29
-57
-25
-28
-9
-7
-26
-26
-81
-122
-149
-174
-175
-161
-126
-74
-53
-34
-28
-29
-7
27
43
97
155
312
374
362
276
186
149
79
49
7
-22
-10
13
41
23
-5
-14
-25
-26
17
27
18
1
-16
-33
-93
-133
-156
-173
-153
-130
-85
-44
-13
-23
-6
19
31
55
99
146
301
372
388
323
217
154
143
68
47
3
-12
6
23
26
11
-13
-27
-19
