-427
-383
-221
-140
-197
-143
-49
-42
-29
-14
-11
-25
-42
-147
-198
-249
-284
-287
-234
-181
-101
-42
99
147
346
474
611
783
959
1016
874
622
307
127
-249
-434
-540
-614
-613
-520
-472
-375
-261
-137
-196
-156
-77
-34
-38
-43
-78
-76
-135
-177
-235
-281
-299
-300
-239
-158
-77
-29
125
241
373
513
653
820
994
970
787
515
211
-28
-313
-485
-571
-605
-568
-474
-385
-350
-154
-165
-181
-111
-39
-31
-21
-37
-27
-38
-114
-165
-203
-242
-272
-257
-204
-145
-59
-28
133
241
375
521
659
863
1015
1015
827
565
247
-12
-254
-427
-535
-579
-556
-464
-365
-337
-161
-135
-157
-109
-30
-22
-5
-33
-23
-33
-125
-159
-217
-248
-271
-254
-190
-125
-56
-29
129
276
399
542
703
879
1013
963
743
469
161
-44
-348
-493
-583
-609
-558
-471
-369
-350
-152
-153
-172
-122
-43
-39
-37
-54
-64
-81
-156
-194
-250
-276
-302
-279
-219
-141
-59
-28
129
275
405
549
717
918
1027
927
695
413
145
-31
-382
-533
-616
-619
-570
-469
-382
-350
-165
-115
-156
-113
-29
-29
-43
-29
-70
-69
-157
-213
-242
-268
-275
-245
-167
-105
-28
90
138
343
487
641
826
994
1039
866
605
291
121
-251
-437
-562
-605
-583
-524
-414
-327
-289
-81
-135
-122
-68
-29
-13
-23
-27
-28
-39
-161
-221
-251
-263
-258
-194
-122
-43
70
133
314
451
585
731
926
1044
970
738
451
148
-41
-354
-511
-605
-620
-566
-491
-380
-297
-263
-70
-113
-115
-58
-42
-44
-38
-95
-101
-157
-221
-263
-282
-289
-269
-202
-120
-44
88
129
338
469
615
788
967
1009
859
603
299
131
-239
-444
-570
-651
-619
-558
-461
-342
-345
-145
-156
-168
-113
-40
-40
-71
-95
-93
-131
-194
-245
-285
-297
-290
-253
-168
-77
-37
113
243
387
533
694
887
1044
994
803
515
199
-22
-319
-478
-585
-605
-583
-514
-412
-326
-281
-125
-76
-125
-75
-29
-23
-17
-44
-93
-127
-198
-257
-265
-267
-249
-204
-108
-26
84
139
370
527
681
853
1044
1067
915
643
321
139
-236
-422
-540
-618
-607
-524
-437
-337
-269
-171
-44
-111
-93
-29
-13
-21
-42
-101
-118
-190
-261
-287
-294
-279
-234
-145
-45
-12
133
297
449
599
779
967
1043
916
707
379
135
-143
-396
-542
-639
-641
-586
-497
-397
-291
-297
-86
-108
-130
-84
-38
-37
-76
-135
-130
-183
-262
-316
-318
-305
-266
-193
-93
-42
117
257
404
561
725
918
1045
966
737
461
141
-33
-357
-517
-610
-651
-586
-509
-392
-268
-277
-106
-65
-114
-86
-28
-31
-39
-117
-109
-149
-209
-265
-278
-282
-262
-197
-104
-36
106
197
395
547
714
914
1075
1043
835
547
231
-10
-284
-475
-584
-633
-605
-517
-417
-299
-250
-151
-29
-93
-62
-31
11
-26
-41
-93
-115
-181
-254
-275
-287
-269
-202
-117
-44
105
139
353
507
660
851
1043
1067
894
619
301
136
-254
-433
-563
-631
-621
-541
-463
-361
-268
-232
-46
-121
-109
-56
-37
-28
-95
-121
-139
-202
-270
-297
-301
-300
-249
-166
-59
-26
119
293
419
582
751
931
1022
920
686
372
139
-157
-409
-546
-634
-643
-582
-491
-369
-265
-267
-74
-101
-131
-93
-33
-42
-60
-125
-125
-171
-245
-285
-295
-298
-268
-189
-93
-33
99
139
365
518
681
868
1059
1047
853
575
262
27
-278
-450
-575
-620
-587
-515
-427
-287
-268
-143
-41
-127
-106
-38
-34
-41
-93
-109
-125
-187
-241
-276
-272
-261
-200
-122
-44
67
143
331
491
654
807
1045
1099
970
701
387
139
-127
-389
-540
-623
-614
-543
-465
-338
-269
-245
-51
-105
-103
-58
-34
-29
-41
-128
-125
-198
-263
-306
-316
-300
-269
-179
-67
-34
137
291
459
615
795
998
1078
959
692
376
142
-206
-419
-556
-649
-651
-585
-485
-367
-271
-285
-103
-93
-141
-109
-39
-46
-101
-144
-138
-183
-242
-310
-332
-319
-289
-218
-106
-42
111
157
397
552
738
946
1077
1035
807
511
187
-41
-319
-491
-606
-649
-605
-508
-427
-294
-267
-125
-34
-99
-82
-44
-22
-23
-108
-134
-149
-225
-290
-317
-313
-278
-209
-108
-48
113
244
404
578
759
996
1143
1107
879
578
228
-13
-289
-460
-583
-622
-583
-496
-407
-300
-226
-170
-33
-37
-76
-41
-22
-27
-42
-118
-140
-208
-283
-302
-307
-282
-225
-122
-33
103
175
395
564
749
970
1136
1099
872
567
226
-17
-303
-484
-605
-655
-625
-534
-427
-319
-226
-232
-31
-41
-109
-65
-29
-41
-106
-156
-163
-219
-301
-333
-325
-301
-255
-173
-61
-24
133
329
507
693
899
1095
1102
894
595
275
52
-286
-463
-605
-652
-638
-561
-449
-347
-235
-251
-66
-35
-93
-62
-33
-32
-95
-141
-156
-204
-283
-332
-336
-309
-250
-159
-38
95
139
386
563
751
985
1171
1140
903
603
263
-17
-289
-469
-605
-650
-620
-540
-426
-331
-213
-217
-42
-33
-37
-59
-43
-27
-37
-125
-139
-200
-277
-313
-294
-270
-211
-121
-38
125
263
419
587
769
1003
1171
1122
885
561
238
-13
-298
-469
-605
-635
-613
-527
-423
-331
-204
-204
-70
-37
-74
-72
-38
-31
-109
-154
-169
-213
-291
-332
-321
-285
-219
-141
-43
89
145
353
511
683
891
1075
1077
883
585
267
15
-284
-469
-605
-662
-645
-605
-460
-363
-263
-236
-106
-34
-113
-85
-30
-25
-113
-159
-172
-219
-303
-357
-341
-297
-237
-151
-37
103
148
391
570
751
970
1147
1131
885
571
243
-22
-305
-471
-607
-643
-623
-530
-427
-329
-231
-194
-75
-37
-54
-62
-37
-37
-111
-158
-179
-213
-300
-335
-321
-274
-204
-99
-31
129
302
461
647
835
1077
1217
1107
834
514
187
-33
-333
-524
-605
-618
-605
-497
-401
-312
-237
-159
-78
-30
-30
-58
-37
-28
-108
-167
-209
-253
-325
-355
-337
-270
-189
-74
-23
149
346
507
691
871
1141
1179
983
687
355
134
-231
-426
-582
-652
-659
-605
-508
-401
-314
-226
-193
-51
-31
-93
-77
-46
-93
-157
-204
-249
-299
-369
-382
-334
-259
-147
-38
111
250
418
583
787
1047
1171
1087
820
503
171
-37
-363
-528
-645
-652
-620
-530
-438
-338
-267
-167
-150
-34
-11
-44
-67
-35
-93
-177
-232
-269
-314
-347
-338
-265
-165
-57
54
134
374
533
719
954
1171
1175
983
663
331
148
-250
-431
-572
-642
-626
-556
-463
-401
-283
-191
-143
-39
23
-28
-39
-33
-45
-131
-200
-250
-285
-327
-332
-290
-200
-101
-29
137
331
478
641
866
1115
1231
1115
826
487
151
-43
-375
-540
-630
-660
-616
-527
-433
-350
-258
-169
-153
-30
-23
-28
-79
-39
-105
-197
-258
-298
-336
-374
-350
-273
-169
-45
78
187
409
577
773
1030
1187
1123
863
547
200
-37
-346
-537
-652
-684
-650
-562
-477
-389
-301
-215
-157
-66
-18
-49
-99
-73
-85
-176
-249
-297
-326
-369
-363
-274
-166
-46
66
142
399
563
756
1009
1215
1203
963
627
273
2
-299
-482
-608
-652
-644
-568
-475
-385
-301
-226
-141
-76
-12
-14
-42
-71
-71
-143
-223
-286
-314
-359
-343
-278
-173
-45
73
143
419
595
794
1059
1269
1243
994
655
303
131
-268
-455
-605
-652
-620
-556
-468
-371
-284
-224
-141
-101
-25
-21
-44
-76
-73
-147
-219
-289
-329
-358
-358
-297
-181
-57
-10
133
388
564
747
996
1219
1211
963
643
291
122
-283
-477
-611
-682
-666
-605
-501
-400
-332
-247
-172
-142
-37
-40
-113
-109
-106
-156
-257
-329
-363
-395
-391
-323
-198
-78
-21
145
387
539
724
980
1194
1203
959
641
291
66
-278
-461
-609
-673
-659
-583
-491
-395
-315
-236
-154
-145
-29
-25
-99
-109
-86
-141
-248
-314
-333
-359
-341
-272
-158
-31
90
240
419
601
788
1043
1239
1247
931
582
244
-18
-311
-486
-620
-647
-625
-555
-455
-359
-275
-205
-113
-96
-16
-5
-39
-77
-54
-139
-226
-299
-310
-333
-332
-251
-133
-39
115
289
443
615
803
1071
1251
1243
923
583
247
-24
-317
-497
-627
-666
-637
-562
-461
-370
-290
-219
-140
-122
-28
-28
-125
-108
-93
-181
-268
-337
-360
-376
-362
-284
-142
-27
122
290
464
627
821
1086
1237
1155
870
535
180
-43
-369
-550
-663
-684
-653
-567
-470
-393
-310
-226
-143
-121
-41
-28
-95
-105
-78
-173
-274
-332
-355
-369
-350
-281
-159
-38
119
287
459
639
846
1119
1269
1175
887
547
194
-31
-329
-516
-636
-665
-621
-540
-443
-349
-287
-204
-120
-93
-25
-17
-35
-85
-75
-161
-267
-331
-333
-363
-335
-245
-117
-31
119
299
483
665
887
1185
1335
1236
886
539
212
-29
-335
-511
-610
-639
-605
-521
-419
-336
-268
-178
-125
-75
57
-17
-31
-76
-86
-174
-268
-330
-346
-369
-336
-253
-113
-28
139
318
485
659
894
1167
1279
1123
816
461
154
-42
-384
-556
-655
-661
-616
-540
-437
-350
-279
-197
-139
-76
-27
-37
-108
-109
-108
-207
-311
-359
-375
-394
-359
-268
-134
-28
128
327
511
695
929
1187
1277
1056
738
387
138
-211
-426
-573
-664
-652
-605
-506
-409
-332
-250
-172
-122
-42
31
-32
-98
-85
-106
-208
-306
-334
-362
-365
-327
-204
-67
69
148
404
575
771
1035
1236
1251
1003
671
310
127
-259
-458
-586
-649
-615
-544
-452
-367
-286
-205
-109
-101
-30
35
-29
-53
-61
-118
-231
-310
-343
-344
-333
-269
-154
-31
121
279
447
639
825
1099
1293
1238
931
567
242
-12
-304
-476
-613
-652
-623
-539
-438
-346
-269
-197
-113
-117
-29
-12
-86
-108
-85
-172
-269
-321
-341
-370
-369
-297
-153
-38
106
251
419
614
821
1095
1218
1163
857
531
181
-28
-342
-525
-641
-668
-629
-551
-440
-349
-265
-187
-125
-117
-33
-31
-108
-114
-112
-181
-258
-330
-347
-369
-349
-287
-158
-28
98
143
419
596
799
1103
1257
1187
903
571
230
-23
-307
-485
-605
-625
-605
-525
-435
-330
-249
-178
-98
-86
-28
-14
-35
-77
-65
-169
-236
-314
-321
-353
-359
-275
-146
-41
99
228
419
609
821
1108
1311
1251
951
610
255
1
-278
-459
-605
-621
-579
-517
-419
-317
-234
-159
-76
-76
-25
-10
-30
-95
-76
-150
-236
-305
-331
-352
-352
-297
-175
-44
87
148
391
562
743
1007
1235
1236
985
643
307
127
-264
-446
-581
-645
-621
-560
-465
-362
-275
-204
-118
-131
-29
-12
-60
-117
-97
-160
-236
-322
-350
-375
-380
-332
-225
-83
-39
131
315
483
675
918
1173
1239
1041
725
383
129
-162
-402
-555
-625
-636
-571
-478
-399
-298
-230
-143
-105
-34
25
-28
-85
-83
-113
-193
-278
-319
-342
-358
-317
-221
-101
-27
134
331
495
673
911
1187
1297
1139
809
471
131
-35
-365
-521
-626
-620
-567
-480
-381
-299
-219
-143
-85
-31
75
-17
-44
-61
-78
-159
-249
-295
-314
-337
-313
-232
-105
-31
122
291
463
643
842
1140
1283
1167
871
531
200
-33
-326
-493
-619
-631
-586
-511
-421
-327
-251
-168
-105
-81
-21
-29
-85
-103
-109
-184
-236
-317
-322
-366
-349
-270
-155
-29
101
232
413
569
766
1042
1209
1129
854
550
228
-21
-318
