-39
-45
-44
-41
38
99
105
129
118
73
53
8
-17
-20
-41
-73
-103
-127
-147
-146
-133
-126
-121
-126
-110
-77
-60
-49
66
101
212
218
199
187
158
164
129
99
7
-34
-37
-44
-62
-71
-55
-28
74
83
111
92
34
35
-39
-50
-33
-103
-112
-124
-123
-157
-158
-157
-154
-138
-130
-112
-98
-56
-30
121
135
215
209
185
190
178
142
131
1
-23
-28
-53
-44
-41
-41
-41
82
113
116
121
86
52
14
3
-17
-30
-45
-97
-104
-119
-140
-121
-123
-109
-107
-78
-57
-56
-25
85
123
228
267
227
222
219
207
147
119
23
-15
-29
-43
-18
-54
10
52
107
99
116
89
83
52
17
-7
-31
-43
-44
-79
-121
-139
-149
-139
-114
-114
-117
-95
-74
-49
-45
95
131
237
213
218
187
194
167
143
95
-25
-25
-45
-33
-80
-61
-29
26
67
101
83
95
36
17
-5
-44
-49
-101
-114
-127
-158
-157
-173
-156
-153
-151
-121
-114
-85
-45
-35
101
117
185
211
178
164
167
135
126
17
-28
-31
-58
-87
-71
-46
-44
63
83
101
111
59
41
22
-28
-37
-49
-76
-106
-110
-140
-133
-135
-109
-135
-108
-101
-58
-41
-49
91
115
225
240
213
214
207
171
127
114
20
-13
-35
-15
-33
-25
7
49
110
119
114
138
101
59
19
10
-37
-31
-29
-94
-108
-131
-115
-108
-124
-97
-98
-70
-46
-30
-14
105
126
221
243
207
210
169
148
121
94
-12
-23
-38
-58
-32
-29
-53
45
101
122
117
85
53
20
-27
-47
-53
-82
-107
-119
-137
-152
-154
-149
-140
-124
-139
-101
-85
-65
-33
85
117
191
180
180
176
175
129
101
18
-28
-41
-62
-77
-105
-71
-65
34
82
87
85
59
31
-9
-13
-38
-48
-92
-117
-110
-132
-140
-133
-127
-149
-114
-111
-92
-69
-55
63
120
194
233
212
183
194
182
152
107
45
-24
-28
-29
-53
-29
-61
41
90
117
129
131
102
55
19
-12
-33
-31
-47
-77
-106
-105
-109
-105
-102
-121
-78
-53
-54
-64
-1
97
107
240
229
207
198
181
174
143
127
10
-26
-32
-59
-39
-44
-26
41
103
116
133
70
67
35
-9
-20
-29
-55
-98
-119
-135
-140
-147
-140
-142
-130
-134
-94
-61
-46
-3
111
121
229
199
182
180
171
119
106
-15
-31
-34
-77
-83
-97
-73
-44
52
86
91
67
52
10
-18
-59
-31
-85
-113
-140
-140
-160
-170
-140
-156
-157
-131
-97
-94
-39
-39
101
118
214
219
187
193
165
175
119
24
-20
-12
-29
-30
-49
-53
-22
67
89
111
115
83
73
30
6
-31
-45
-44
-99
-114
-120
-131
-117
-109
-97
-103
-95
-69
-35
-43
98
113
217
245
235
203
215
183
155
122
27
-5
-22
-30
-55
-43
-20
50
91
95
136
121
70
38
19
-12
-31
-67
-95
-127
-115
-124
-135
-138
-124
-112
-109
-103
-78
-55
-54
103
133
227
219
205
201
182
165
141
35
-12
-40
-43
-74
-97
-55
-57
27
70
89
77
74
41
11
-23
-44
-35
-92
-122
-156
-149
-157
-158
-166
-146
-139
-130
-124
-95
-58
36
110
117
211
207
181
169
142
134
117
6
-28
-34
-37
-55
-68
-49
-41
83
99
116
104
83
57
27
-6
-27
-49
-81
-81
-102
-145
-145
-127
-123
-109
-108
-81
-67
-57
-14
123
218
243
239
237
212
211
169
119
131
20
-20
-28
-13
-44
-37
27
69
99
137
131
116
70
36
23
-28
-39
-49
-76
-99
-113
-134
-138
-123
-121
-113
-85
-71
-65
-49
58
129
202
228
201
209
185
157
155
116
25
-27
-23
-34
-49
-61
-41
-44
81
92
122
82
54
33
18
-31
-45
-45
-114
-130
-140
-162
-161
-158
-141
-138
-149
-115
-110
-73
-45
74
124
206
194
194
190
154
151
130
46
3
-28
-55
-74
-78
-74
-59
-22
74
97
99
87
57
41
19
-5
-44
-39
-110
-107
-109
-129
-138
-139
-140
-101
-97
-85
-79
-56
74
116
225
244
238
228
209
191
158
129
20
-10
-33
-25
-41
-28
-16
31
99
121
119
107
132
103
36
-1
-5
-29
-43
-79
-85
-124
-121
-124
-124
-108
-101
-70
-54
-27
-27
105
131
241
228
215
230
193
178
149
118
22
-33
-41
-49
-47
-53
-37
47
83
112
116
101
59
36
14
-34
-49
-71
-115
-127
-130
-156
-146
-143
-143
-121
-137
-113
-94
-44
-29
95
117
235
201
184
175
167
111
115
11
-38
-53
-51
-58
-77
-74
-61
36
83
107
89
63
49
11
-27
-44
-41
-109
-117
-127
-154
-145
-157
-169
-141
-126
-122
-102
-57
-62
59
127
238
247
219
202
191
182
138
119
22
-31
-31
-45
-38
-58
-48
46
117
118
127
116
94
41
25
-7
-34
-49
-45
-95
-115
-133
-129
-119
-127
-92
-92
-55
-48
-44
89
117
253
259
249
219
229
194
142
116
35
-12
-31
-34
-54
-39
-46
36
74
103
129
115
90
35
20
-14
-29
-43
-108
-119
-108
-127
-151
-151
-140
-133
-122
-107
-74
-50
-37
98
121
201
217
205
193
163
148
119
36
-28
-28
-44
-50
-82
-67
-46
-24
67
111
90
66
38
7
-14
-37
-60
-121
-122
-139
-142
-162
-162
-161
-147
-131
-120
-101
-74
-50
-35
105
131
212
212
207
179
180
147
131
15
-28
-41
-22
-67
-74
-44
-43
74
113
123
116
90
54
15
2
-25
-51
-61
-108
-108
-118
-141
-141
-135
-122
-113
-85
-79
-47
-51
91
141
237
259
243
219
226
181
137
116
13
-27
-26
-44
-39
-44
-5
58
90
103
116
111
67
36
15
-17
-22
-50
-108
-124
-131
-123
-145
-117
-127
-138
-110
-107
-69
-41
49
133
192
241
231
202
197
178
122
134
3
-34
-59
-58
-71
-69
-59
-34
51
107
86
87
46
24
-12
-11
-38
-62
-101
-115
-157
-142
-180
-172
-165
-151
-156
-145
-94
-77
-47
111
123
229
202
211
194
180
130
130
27
-39
-34
-41
-74
-78
-46
-54
52
83
99
117
81
45
19
-8
-44
-46
-44
-80
-129
-115
-133
-135
-139
-138
-146
-83
-67
-63
-60
73
122
233
235
239
207
183
198
165
137
41
-17
-12
-39
-44
-49
-12
37
85
95
133
134
102
53
30
7
-22
-41
-37
-92
-104
-108
-134
-124
-123
-139
-97
-92
-57
-45
-23
107
153
251
231
211
201
197
180
126
91
-22
-34
-49
-31
-77
-55
-30
39
99
113
87
74
51
19
-12
-37
-55
-81
-106
-121
-151
-165
-167
-160
-156
-143
-114
-108
-79
-34
71
116
194
219
206
183
167
158
127
45
-27
-22
-37
-85
-85
-83
-50
-51
67
82
116
80
49
7
-8
-32
-37
-81
-94
-129
-143
-157
-149
-158
-143
-131
-117
-101
-92
-44
14
123
221
244
247
213
194
183
135
117
27
-5
-26
-40
-29
-49
-46
9
63
103
102
118
118
71
31
20
-10
-28
-61
-58
-118
-127
-136
-139
-113
-111
-101
-77
-70
-38
35
99
217
275
267
243
212
199
182
127
131
5
-19
-44
-47
-54
-46
-48
62
100
107
119
83
66
52
13
-28
-34
-58
-94
-119
-141
-143
-140
-157
-137
-144
-113
-101
-61
-41
50
127
216
239
207
191
171
151
116
124
-10
-31
-59
-85
-107
-86
-69
-62
38
83
83
71
67
20
-6
-26
-44
-39
-117
-137
-143
-155
-155
-154
-157
-169
-129
-108
-77
-47
-53
110
143
229
228
211
185
187
148
127
31
-22
-17
-46
-55
-27
-39
-47
53
111
113
113
83
58
9
-11
-17
-23
-61
-92
-124
-118
-137
-140
-124
-113
-109
-77
-58
-33
-31
113
166
259
266
259
231
229
176
148
128
14
-17
-18
-23
-32
-49
-23
51
105
134
127
107
65
55
10
-12
-28
-44
-80
-92
-111
-139
-141
-140
-137
-117
-119
-107
-95
-51
-32
104
116
223
226
203
201
190
161
119
19
-12
-28
-27
-60
-71
-62
-57
39
85
119
115
63
34
-2
-19
-38
-39
-117
-117
-157
-172
-164
-166
-157
-158
-166
-127
-108
-81
-44
79
135
228
227
203
191
153
145
136
41
-12
-31
-20
-46
-65
-70
-29
38
80
98
117
74
67
22
-15
-11
-39
-49
-83
-119
-124
-122
-157
-156
-133
-130
-101
-58
-63
-41
109
132
265
261
243
207
211
175
123
119
35
-10
-26
-28
-29
-43
4
83
109
115
135
124
115
74
9
-7
-44
-59
-44
-106
-137
-134
-140
-134
-110
-109
-109
-76
-77
-41
78
131
240
244
217
194
181
187
116
106
7
-39
-33
-27
-44
-61
-55
-28
63
89
114
73
39
35
-1
-29
-30
-55
-117
-126
-124
-151
-170
-157
-160
-149
-140
-119
-92
-37
-30
122
116
219
202
187
180
155
141
115
-11
-24
-33
-77
-66
-99
-44
-47
52
85
101
74
46
23
-9
-17
-39
-31
-97
-109
-141
-129
-170
-158
-149
-131
-122
-78
-92
-41
76
114
219
235
234
209
193
181
153
122
49
-10
-43
-45
-39
-45
-29
31
82
107
116
135
109
83
38
18
-17
-44
-57
-77
-106
-117
-124
-118
-140
-129
-120
-71
-70
-28
71
122
212
251
229
212
207
202
161
122
38
1
-22
-45
-22
-47
-37
3
63
95
110
97
67
57
34
-10
-26
-53
-99
-117
-129
-149
-140
-141
-140
-140
-118
-121
-77
-59
-37
115
149
224
212
189
187
160
117
127
23
-46
-43
-44
-74
-97
-45
-55
47
58
95
91
58
41
20
-8
-13
-39
-105
-110
-153
-158
-172
-162
-167
-153
-141
-108
-103
-64
-28
121
213
255
228
213
185
171
139
113
22
-20
-30
-29
-40
-51
-41
-9
57
91
100
121
83
67
47
9
-11
-33
-43
-111
-113
-108
-149
-151
-124
-113
-108
-78
-43
-61
45
145
244
267
267
239
211
194
180
129
126
20
-12
-31
-40
-53
-23
20
58
116
123
102
98
63
36
4
-22
-31
-44
-110
-109
-133
-143
-149
-137
-140
-130
-92
-95
-29
-28
135
231
232
222
198
191
170
143
131
15
-24
-77
-50
-92
-85
-49
-47
57
87
99
91
53
29
18
-35
-37
-53
-127
-137
-155
-157
-181
-175
-183
-154
-146
-119
-81
-35
-12
123
211
231
194
176
171
164
116
105
-5
-41
-57
-45
-48
-44
-44
-34
63
83
114
95
83
27
13
-13
-26
-53
-61
-108
-145
-131
-157
-143
-137
-123
-102
-58
-71
-47
71
134
237
262
259
203
190
194
149
129
20
5
-31
-26
-25
-35
10
46
96
120
128
142
109
67
51
-2
-17
-43
-46
-92
-108
-109
-144
-155
-149
-140
-119
-85
-76
-29
89
121
243
247
212
212
203
176
118
119
13
-19
-31
-34
-44
-44
-49
5
83
89
118
74
39
11
5
-27
-39
-45
-107
-113
-146
-170
-181
-162
-153
-146
-130
-111
-83
-49
50
