86
134
304
339
308
295
339
346
319
244
183
139
123
34
4
-9
-28
-39
-44
-49
-44
-52
-57
-76
-110
-147
-169
-171
-157
-166
-160
-149
-165
-153
-149
-124
-76
-38
130
240
279
276
253
275
279
267
219
162
145
36
-14
-27
-42
-93
-97
-95
-85
-93
-93
-95
-120
-171
-204
-199
-218
-209
-219
-205
-204
-192
-193
-172
-160
-130
-35
98
138
259
237
235
251
273
243
213
146
145
43
-3
-39
-40
-94
-74
-76
-75
-65
-63
-70
-95
-126
-166
-181
-195
-162
-161
-165
-153
-170
-141
-138
-117
-71
-30
134
245
308
307
283
296
322
303
267
220
151
133
28
20
-33
-30
-39
-41
-26
-30
-33
-25
-39
-83
-138
-141
-142
-136
-121
-119
-137
-140
-114
-108
-93
-45
-23
130
279
323
289
283
299
315
299
249
194
131
114
24
-10
-41
-45
-69
-73
-57
-67
-59
-70
-108
-153
-166
-204
-197
-186
-193
-199
-183
-175
-162
-162
-145
-103
-38
147
225
263
266
244
263
267
247
195
158
131
38
-21
-37
-108
-121
-119
-105
-113
-110
-106
-137
-159
-172
-201
-206
-189
-193
-189
-203
-186
-190
-175
-144
-114
-76
-33
115
247
286
266
263
287
298
275
215
171
145
63
7
-19
-44
-67
-72
-61
-43
-52
-63
-61
-93
-140
-149
-157
-161
-147
-142
-155
-145
-137
-113
-113
-78
-35
103
145
310
325
305
292
340
335
307
244
181
146
106
17
-13
-25
-26
-42
-37
-30
-42
-41
-65
-99
-129
-153
-166
-171
-151
-157
-165
-156
-139
-141
-121
-78
-39
85
133
277
286
261
270
291
263
240
177
144
97
15
-13
-43
-99
-95
-105
-80
-93
-79
-110
-134
-157
-187
-218
-219
-204
-190
-193
-204
-210
-192
-183
-146
-122
-33
99
148
251
233
219
244
246
213
193
146
128
20
-11
-30
-103
-108
-105
-103
-111
-77
-86
-78
-127
-156
-183
-193
-197
-187
-172
-172
-167
-172
-151
-127
-105
-47
-10
135
283
303
277
283
291
299
283
225
163
137
52
33
-5
-23
-33
-25
-28
-42
-35
-19
-45
-93
-138
-153
-141
-145
-140
-140
-121
-124
-119
-112
-95
-66
-26
129
273
335
319
301
308
325
313
279
226
163
139
47
9
-23
-28
-41
-42
-39
-38
-55
-59
-79
-126
-153
-186
-184
-172
-171
-174
-178
-181
-169
-149
-133
-103
-26
117
249
287
273
235
261
277
244
203
155
134
30
-13
-57
-30
-97
-83
-93
-95
-101
-78
-105
-153
-185
-217
-225
-227
-242
-197
-207
-220
-213
-187
-167
-154
-109
-38
133
231
263
247
231
281
276
256
195
143
137
20
-1
-28
-51
-57
-57
-52
-47
-44
-61
-78
-103
-136
-154
-172
-172
-149
-146
-147
-149
-139
-144
-124
-95
-43
106
191
309
313
286
308
340
325
291
235
165
137
77
26
-10
-18
-9
-11
-15
-12
-1
-12
-23
-42
-105
-137
-144
-135
-130
-129
-133
-134
-123
-122
-106
-70
-41
120
244
307
299
278
292
318
297
247
197
142
115
45
-1
-30
-30
-43
-45
-61
-67
-69
-76
-86
-128
-161
-186
-195
-167
-179
-175
-177
-178
-186
-173
-159
-137
-30
108
134
253
251
227
229
278
258
194
135
127
11
-12
-34
-19
-81
-103
-93
-87
-79
-95
-105
-117
-139
-189
-204
-199
-204
-173
-157
-173
-176
-181
-172
-156
-108
-28
105
158
276
271
245
276
303
275
235
178
146
89
52
-1
-17
-26
-41
-26
-28
-37
-30
-39
-46
-93
-119
-141
-159
-141
-140
-135
-144
-129
-137
-133
-105
-69
-39
136
278
330
307
293
315
340
305
275
218
147
137
52
9
-18
-17
-27
-28
-28
-30
-21
-37
-30
-98
-133
-147
-150
-152
-151
-142
-60
-169
-157
-161
-134
-97
-40
106
148
275
276
244
266
283
255
231
155
142
47
3
-25
-27
-61
-74
-85
-70
-79
-75
-82
-101
-131
-168
-189
-191
-197
-191
-176
-198
-213
-213
-191
-186
-145
-56
59
135
243
234
220
226
247
237
206
151
138
48
3
-28
-43
-25
-66
-73
-135
-78
-57
-59
-83
-118
-138
-157
-177
-165
-145
-151
-152
-158
-157
-138
-126
-81
-28
123
197
289
291
273
290
318
306
263
211
145
131
33
15
-17
-18
-15
-25
-25
-28
-28
-26
-38
-44
-105
-126
-140
-140
-122
-111
-133
-134
-121
-121
-111
-76
-41
114
237
312
311
281
299
309
299
251
201
159
135
43
-2
-37
-21
-37
-35
-51
-59
-61
-67
-76
-114
-142
-166
-195
-170
-163
-172
-172
-183
-191
-159
-142
-128
-61
-15
145
245
259
231
231
269
213
233
176
126
52
-8
-30
-28
-101
-108
-113
-112
-86
-101
-93
-112
-155
-178
-204
-204
-204
-190
-199
-204
-204
-199
-182
-172
-135
-44
61
137
266
266
247
247
282
262
238
187
126
117
18
7
-17
-102
-38
-52
-45
-37
-30
-45
-55
-94
-117
-156
-151
-166
-144
-114
-133
-149
-150
-140
-119
-99
-44
95
139
297
306
293
291
321
306
290
244
196
137
122
101
9
-6
-21
-26
-13
-17
-24
-12
-28
-39
-102
-129
-153
-145
-133
-143
-143
-159
-157
-146
-123
-109
-46
-28
131
266
286
265
309
276
291
266
195
153
137
25
-12
-30
-44
-63
-83
-73
-71
-77
-105
-28
-111
-156
-190
-197
-204
-185
-178
-183
-192
-188
-177
-165
-159
-98
-42
128
143
240
220
219
242
242
235
175
145
57
10
-12
-30
-80
-95
-86
-80
-76
-69
-76
-61
-105
-140
-189
-193
-181
-165
-163
-172
-165
-166
-155
-137
-117
-76
-27
123
265
273
287
261
298
299
290
240
186
149
52
38
-3
-14
-30
-28
-34
-33
-30
-35
-28
-38
-103
-129
-140
-140
-140
-135
-137
-129
-141
-117
-94
-77
-33
-12
142
291
322
291
293
321
313
294
257
203
139
139
43
3
-19
-27
-37
-39
-47
-40
-28
-52
-101
-127
-151
-163
-172
-154
-157
-171
-176
-173
-174
-229
-158
-85
-28
130
238
283
267
244
265
264
251
207
148
147
5
-8
-22
-28
-101
-82
-83
-77
-79
-93
-101
-135
-174
-213
-213
-205
-213
-201
-205
-207
-213
-199
-172
-153
-121
-30
121
134
259
245
229
259
265
258
201
149
133
35
15
-12
-37
-43
-52
-60
-57
-52
-44
-76
-103
-123
-156
-167
-156
-155
-155
-156
-151
-154
-140
-114
-80
-41
23
134
273
313
303
276
303
308
287
243
184
146
131
45
-13
-23
-15
-6
7
-45
-5
3
-41
-41
-99
-130
-140
-135
-123
-126
-135
-130
-137
-121
-95
-55
-49
-9
133
273
309
287
259
302
295
270
211
165
137
43
2
-18
-39
-46
-61
-61
-76
-76
-64
-98
-136
-157
-194
-193
-189
-179
-177
-183
-184
-193
-167
-143
-123
-82
-30
135
240
259
249
231
246
260
229
169
141
48
3
-15
-32
-82
-110
-105
-109
-105
-105
-108
-119
-141
-184
-197
-207
-190
-189
-177
-179
-188
-209
-157
-159
-140
-44
14
90
281
281
275
247
292
276
262
197
155
133
52
19
-14
-30
-30
-28
-45
-45
-42
-47
-69
-108
-129
-143
-147
-229
-143
-108
-143
-147
-152
-155
-85
-56
-30
100
225
338
331
307
295
330
309
289
244
174
133
79
30
-1
-85
-5
-10
-21
-28
-51
-37
-44
-108
-140
-170
-154
-145
-149
-151
-165
-169
-147
-147
-118
-76
-39
113
97
211
271
229
308
271
261
219
165
151
63
11
-12
-17
-77
-74
-97
-81
-76
-78
-97
-135
-155
-193
-198
-193
-187
-191
-190
-195
-215
-199
-176
-151
-117
-44
93
139
238
243
222
243
247
229
195
139
130
25
-11
-33
-24
-67
-76
-69
-76
-74
-66
-93
-118
-150
-168
-173
-172
-169
-162
-162
-172
-158
-147
-102
-97
-43
14
135
278
307
293
259
303
297
270
228
170
141
98
36
-5
-17
-27
-37
-26
-26
-25
-34
-43
-101
-111
-135
-127
-122
-130
-134
-131
-134
-124
-105
-73
-56
-34
127
235
308
319
285
282
308
303
254
195
146
142
47
15
-27
-42
-33
-57
-63
-74
-69
-76
-98
-122
-154
-178
-179
-172
-172
-176
-172
-172
-172
-153
-127
-108
-39
103
142
255
249
229
238
258
233
201
159
130
51
7
-25
-45
-93
-93
-108
-108
-95
-109
-109
-143
-168
-202
-203
-215
-205
-211
-200
-204
-207
-195
-155
-143
-101
-33
127
165
222
247
234
249
276
249
211
153
131
51
14
-13
-45
-35
-61
-66
-61
-61
-52
-74
-81
-121
-157
-183
-175
-142
-81
-130
-189
-141
-123
-108
-43
-108
-44
134
299
360
303
282
293
311
276
219
181
137
143
-1
71
-112
-70
-1
30
-61
-14
-28
-44
-41
-113
-135
-141
-129
-120
-179
-134
-141
-175
-133
-155
-153
-33
73
134
276
291
262
251
294
263
244
193
146
129
27
-8
-26
-23
-71
-93
-66
-69
-73
-73
-101
-133
-157
-179
-190
-168
-182
-178
-185
-190
-176
-157
-152
-113
-47
-14
131
244
256
210
211
243
234
211
146
140
35
-12
-26
-41
-98
-108
-98
-106
-94
-95
-108
-129
-133
-164
-190
-187
-174
-165
-174
-163
-169
-155
-128
-124
-81
-40
84
141
261
282
261
247
293
276
263
203
146
130
51
11
-12
-40
-27
-34
-34
-47
-28
-43
-93
-85
-189
-135
-106
-172
-93
-113
-118
-145
-124
-109
-61
-46
-27
115
227
319
311
285
300
307
297
262
229
149
139
67
23
-13
-28
-37
-30
-51
-50
-54
-66
-74
-117
-142
-165
-161
-165
-156
-177
-154
-165
-162
-139
-103
-106
-37
90
138
273
265
225
238
259
270
220
170
131
47
3
-23
-52
-99
-94
-78
-78
-101
-78
-93
-124
-161
-173
-206
-199
-204
-188
-195
-213
-143
-263
-165
-167
-127
-63
-12
124
245
243
199
147
242
228
211
163
145
46
4
-13
-30
-93
-61
-69
-66
-55
-52
-61
-105
-117
-153
-156
-170
-156
-141
-155
-156
-150
-140
-114
-101
-70
-42
109
153
299
297
276
273
302
287
262
213
148
131
52
34
-12
-18
-23
-38
-28
-24
-19
-11
-37
-28
-108
-127
-138
-111
-106
-113
-113
-137
-123
-108
-77
-54
-45
103
238
289
253
261
261
291
283
247
190
134
143
35
1
-28
-38
-65
-52
-59
-59
-51
-78
-97
-124
-162
-162
-189
-183
-159
-162
-178
-175
-175
-161
-145
-106
-43
59
59
255
257
227
219
240
243
215
159
131
33
-13
-28
-35
-97
-111
-103
-94
-111
-106
-99
-111
-157
-186
-190
-207
-181
-189
-181
-199
-189
-169
-149
-138
-120
-45
-13
147
247
267
244
258
276
277
244
187
137
143
39
17
-17
-24
-45
-28
-40
-27
-25
-43
-61
-78
-109
-141
-153
-135
-128
-129
-127
-129
-136
-124
-97
-71
-33
105
139
282
299
293
299
323
307
290
240
175
137
131
35
-7
-5
-23
-28
-25
-26
-13
-28
-49
-60
-127
-147
-157
-153
-141
-143
-133
-144
-161
-145
-126
-114
-48
-33
129
242
289
253
229
259
261
251
187
148
127
37
-9
-15
-41
-73
