-13
140
308
358
356
339
317
230
148
119
-12
-22
-28
-44
-41
-34
-21
59
118
78
86
97
95
68
69
35
3
-31
-45
-80
-117
-133
-149
-158
-158
-161
-156
-141
-85
-29
129
303
373
402
358
329
249
173
130
1
-39
-26
-71
-51
-41
-33
0
26
50
51
51
49
47
20
0
-31
-45
-109
-133
-157
-183
-214
-181
-209
-217
-205
-187
-141
-41
123
245
315
327
287
263
179
142
27
-34
-121
-120
-137
-123
-108
-66
-37
-37
-28
6
9
-3
-1
-21
-41
-33
-102
-127
-151
-177
-208
-223
-235
-235
-223
-210
-203
-143
-44
115
226
327
347
323
304
230
158
135
0
-31
-95
-94
-74
-59
-44
-42
26
37
52
58
63
57
54
21
-21
-46
-44
-95
-127
-137
-142
-157
-145
-157
-149
-123
-77
-61
129
292
372
394
378
360
299
200
143
82
-13
-42
-37
-62
-47
-46
19
43
81
67
55
78
65
46
20
-13
-38
-29
-109
-129
-168
-152
-199
-191
-199
-189
-180
-137
-42
119
231
323
350
331
309
238
155
136
-15
-53
-115
-109
-101
-76
-47
-38
-39
17
34
10
9
-12
0
-18
-28
-108
-138
-171
-185
-218
-217
-249
-249
-240
-237
-222
-201
-109
-28
135
291
335
327
286
243
147
131
-10
-37
-117
-122
-99
-71
-53
-39
-41
25
27
43
35
30
20
11
-17
-29
-97
-127
-140
-159
-167
-200
-188
-193
-190
-157
-123
-33
97
212
343
375
372
335
306
205
142
98
-18
-30
-33
-44
-34
27
47
79
84
83
94
87
82
62
47
19
18
-28
-46
-126
-140
-145
-165
-169
-170
-172
-156
-135
-69
-28
138
321
371
370
336
308
216
146
135
-23
-39
-107
-94
-61
-38
-34
24
33
27
38
35
26
30
3
-26
-38
-105
-131
-141
-173
-185
-211
-221
-229
-209
-226
-213
-165
-33
97
162
294
319
314
255
181
129
7
-34
-124
-155
-129
-111
-81
-60
-37
-26
22
20
20
10
0
-5
-23
-41
-108
-125
-149
-167
-179
-205
-210
-207
-215
-203
-189
-147
-21
111
255
340
357
339
308
245
164
139
0
-49
-96
-93
-70
-37
-28
31
52
56
75
74
70
69
35
45
13
-12
-18
-41
-86
-112
-129
-138
-160
-149
-157
-139
-125
-44
118
262
373
404
391
342
289
193
134
43
-22
-44
-70
-76
-34
-41
27
47
69
75
59
67
37
40
27
-5
-26
-37
-105
-131
-157
-172
-185
-197
-217
-225
-215
-189
-134
-49
109
286
323
347
297
275
174
131
17
-35
-122
-139
-142
-105
-77
-39
-39
-27
15
3
-1
-15
-17
-28
-43
-69
-112
-137
-149
-178
-190
-219
-207
-229
-235
-235
-229
-190
-81
59
146
329
346
327
307
231
143
123
-23
-44
-139
-139
-110
-75
-31
37
47
57
69
41
31
26
20
-10
-13
-33
-44
-85
-93
-135
-156
-159
-181
-190
-200
-197
-167
-107
-47
143
346
419
411
399
359
249
180
139
-9
-37
-43
-50
-44
-27
58
83
90
113
78
59
43
31
11
9
-1
-19
-38
-28
-95
-122
-155
-170
-195
-207
-210
-207
-171
-73
-9
143
340
374
353
326
289
171
133
5
-44
-110
-123
-114
-86
-50
-39
23
42
43
35
14
-11
-17
-29
-29
-43
-93
-134
-151
-171
-189
-227
-236
-254
-281
-266
-261
-230
-113
-26
135
295
340
313
291
214
139
137
-24
-30
-142
-147
-134
-110
-55
-49
27
47
41
37
20
5
-19
-13
-29
-45
-50
-86
-106
-110
-117
-172
-201
-230
-251
-236
-217
-169
-50
115
251
363
395
366
340
276
181
133
7
-17
-76
-107
-66
-40
7
74
115
114
122
105
79
67
49
34
26
7
-18
-27
-41
-44
-115
-139
-171
-214
-219
-216
-198
-153
-37
126
286
391
408
378
345
275
176
131
-7
-30
-113
-115
-77
-50
-46
25
47
79
69
52
10
19
-9
-23
-30
-37
-42
-108
-118
-154
-172
-201
-229
-255
-268
-265
-250
-197
-69
97
137
308
331
307
283
189
123
14
-43
-140
-178
-159
-131
-103
-44
-45
17
34
31
15
0
-15
-31
-29
-37
-65
-93
-117
-140
-167
-178
-217
-219
-238
-259
-246
-239
-185
-61
111
262
359
367
347
308
235
137
123
-22
-60
-127
-113
-80
-51
-19
52
73
83
81
59
41
37
10
-9
-6
-28
-31
-31
-54
-93
-140
-144
-173
-195
-201
-198
-193
-126
-35
131
338
411
403
383
349
255
163
131
-27
-44
-117
-81
-65
-38
-9
55
90
99
84
66
31
14
1
-12
-5
-29
-44
-86
-110
-162
-173
-190
-236
-236
-241
-232
-233
-151
-44
131
303
351
360
313
279
175
133
-15
-44
-140
-157
-138
-117
-79
-30
-44
14
17
1
0
-29
-30
-44
-45
-76
-108
-130
-147
-157
-197
-216
-229
-261
-248
-263
-247
-223
-135
-28
139
295
331
335
311
271
155
147
-21
-44
-123
-142
-121
-82
-49
-38
43
71
63
43
35
20
9
0
-10
-18
-10
-47
-97
-117
-147
-161
-197
-200
-223
-212
-195
-147
-42
123
278
403
419
393
372
313
211
127
25
-27
-51
-66
-53
-31
31
87
95
116
105
83
51
51
36
23
-17
-17
-17
-35
-83
-124
-149
-173
-191
-220
-209
-213
-183
-101
-43
139
323
379
373
337
305
205
136
17
-25
-107
-140
-122
-83
-42
-38
31
36
47
34
15
-5
-12
-18
-13
-40
-101
-115
-160
-172
-209
-221
-254
-268
-289
-273
-267
-208
-78
66
138
335
354
321
299
213
131
31
-41
-29
-140
-133
-98
-85
-34
-35
29
35
27
15
14
0
5
-12
-17
-41
-99
-118
-136
-163
-177
-190
-221
-229
-229
-218
-185
-85
-25
125
351
387
372
355
323
209
148
51
-31
-39
-106
-71
-45
-26
41
75
107
103
99
84
82
52
45
15
-22
-22
-38
-101
-123
-119
-158
-165
-172
-181
-183
-185
-111
-37
139
339
411
407
379
347
253
161
137
-24
-46
-140
-76
-59
-27
-21
31
55
63
43
35
27
6
7
-9
-35
-29
-129
-149
-166
-185
-211
-236
-245
-268
-249
-219
-181
-45
116
247
345
357
314
287
191
129
23
-44
-142
-161
-157
-140
-97
-38
-44
-37
17
-12
3
-9
-15
-18
-42
-28
-107
-150
-158
-175
-207
-233
-237
-250
-263
-255
-221
-185
-44
116
276
354
375
340
319
244
155
125
-10
-33
-117
-125
-85
-51
-31
21
46
71
58
41
55
47
26
5
-15
-31
-57
-119
-135
-155
-168
-174
-181
-179
-167
-147
-98
-26
143
337
419
419
395
379
289
184
142
20
-28
-35
-61
-58
-44
-15
36
59
71
79
75
67
52
46
19
-28
-37
-98
-127
-142
-177
-185
-204
-205
-215
-218
-185
-126
-44
123
301
372
377
331
321
233
151
121
-15
-25
-129
-112
-109
-65
-43
-45
0
23
23
26
-1
-18
-19
-31
-73
-136
-169
-204
-221
-234
-243
-255
-271
-259
-253
-223
-182
-44
107
273
359
370
327
298
215
155
36
-33
-123
-149
-125
-101
-69
-13
-39
20
38
42
33
29
15
20
-26
-53
-28
-125
-174
-188
-192
-191
-209
-217
-213
-209
-170
-93
-26
117
340
389
397
354
319
239
162
145
-6
-25
-37
-31
-43
-42
31
56
75
90
91
84
84
79
46
26
-21
-44
-53
-106
-157
-179
-177
-205
-204
-189
-186
-141
-73
43
137
340
403
391
355
323
217
142
117
-15
-42
-95
-77
-71
-38
-58
10
37
52
43
27
23
19
-7
-26
-38
-114
-157
-166
-195
-221
-247
-243
-253
-253
-222
-204
-127
-49
147
298
349
308
278
235
155
126
-5
-41
-144
-167
-134
-118
-67
-44
-35
-28
25
21
25
14
-5
-23
-37
-97
-134
-169
-185
-211
-217
-231
-234
-237
-222
-204
-170
-71
47
145
341
377
341
329
274
166
146
5
-34
-76
-122
-87
-66
-42
10
42
50
66
61
67
61
41
22
-13
-22
-45
-86
-111
-141
-149
-173
-185
-190
-167
-163
-117
-42
131
305
394
407
401
367
302
212
135
10
-26
-42
-85
-44
-41
-28
34
51
73
63
71
62
53
27
3
-27
-44
-79
-135
-141
-191
-203
-204
-217
-230
-214
-188
-143
-41
119
274
339
371
327
308
206
146
129
-28
-47
-150
-140
-113
-101
-47
-49
-45
-15
0
-10
-15
-17
-18
-43
-39
-129
-156
-173
-193
-230
-233
-257
-259
-268
-246
-217
-165
-42
123
266
335
339
309
285
209
139
71
-27
-41
-140
-127
-103
-56
-41
-23
27
35
55
42
14
13
-1
-17
-38
-44
-108
-125
-140
-167
-172
-193
-197
-204
-204
-171
-117
-37
125
308
381
390
385
367
291
193
146
27
-21
-44
-59
-43
-39
31
67
71
98
84
79
67
79
37
-7
-22
-37
-44
-108
-127
-144
-160
-189
-188
-197
-191
-179
-137
-45
130
287
402
391
357
327
255
173
137
-7
-35
-107
-120
-76
-63
-41
-28
31
42
30
22
10
-7
0
-18
-29
-81
-137
-155
-172
-186
-219
-250
-265
-265
-254
-253
-220
-108
-42
145
303
337
315
276
230
139
116
-33
-108
-159
-157
-97
-76
-44
-44
-7
7
17
17
7
-3
-25
-28
-44
-29
-114
-139
-153
-176
-199
-218
-222
-231
-205
-205
-158
-81
17
135
337
387
369
335
292
185
133
33
-21
-38
-95
-66
-44
-43
35
52
69
55
75
78
73
47
40
20
-25
-44
-44
-108
-138
-141
-156
-167
-178
-171
-172
-139
-53
113
223
353
399
379
341
311
218
147
125
-18
-35
-75
-59
-53
-49
13
49
53
53
52
43
31
15
-9
-25
-33
-94
-143
-154
-163
-199
-209
-221
-222
-219
-223
-204
-137
-39
137
273
343
333
298
275
174
123
-1
-41
-143
-162
-158
-124
-93
-41
-41
-33
3
-6
-15
-26
-31
-33
-44
-110
-140
-161
-153
-183
-197
-220
-227
-261
-251
-242
-225
-165
-37
116
265
331
351
317
289
210
138
101
-27
-34
-117
-105
-79
-49
-33
10
36
51
52
47
40
19
19
-5
-15
-47
-101
-111
-144
-162
-173
-188
-178
-201
-185
-145
-93
-39
131
335
397
406
374
347
275
195
145
25
-31
-33
-62
-44
-65
35
52
41
67
67
54
56
35
38
6
3
-31
-34
-121
-140
-165
-171
-189
-206
-205
-198
-184
-146
-61
115
276
366
373
338
314
259
148
143
-21
-49
-109
-126
-108
-72
-47
-33
19
22
14
7
-5
-14
-29
-29
-59
-125
-150
-172
-204
-221
-237
-249
-261
-267
-263
-251
-215
-123
-51
129
289
328
307
297
259
159
130
-3
-50
-133
-141
-121
-97
-44
-41
-9
21
35
20
11
11
-3
-17
-21
-28
-101
-107
-153
-177
-185
-210
-219
-216
-210
-204
-170
-103
-37
117
341
383
371
357
323
227
153
135
-25
-43
-81
-50
-42
-28
47
65
88
95
85
81
69
50
41
23
-10
-37
-26
-97
-106
-140
-141
-185
-182
-183
-186
-165
-97
-40
138
319
387
394
355
