357
285
223
149
163
111
31
48
38
20
11
-25
-12
-53
-29
-13
-31
-43
-35
-28
-40
-127
-130
-122
-167
-210
-240
-243
-233
-205
-175
-184
-157
-98
-28
37
119
245
367
372
339
232
180
163
135
116
8
23
27
19
-29
-11
-27
-37
-44
-18
-55
-59
-45
-24
-63
-114
-156
-150
-171
-222
-223
-201
-173
-170
-157
-146
-96
-44
-19
118
116
343
406
355
299
231
197
155
148
30
41
45
37
19
-1
5
-13
-1
-25
-14
-12
4
-41
-45
-15
-93
-140
-139
-193
-204
-209
-213
-189
-176
-143
-125
-62
-21
115
148
307
393
404
333
243
215
199
119
116
23
59
37
1
-12
-1
-41
-17
-14
-28
-38
-26
-15
-17
-112
-140
-174
-172
-198
-217
-251
-265
-225
-172
-172
-150
-106
-23
84
137
270
382
378
318
235
177
163
148
51
20
0
3
-11
5
-11
-38
-44
-33
-21
-47
-17
-35
-33
-108
-125
-141
-153
-211
-223
-225
-236
-229
-193
-172
-140
-117
-69
-30
115
155
354
403
355
291
198
199
131
117
20
49
14
30
22
-26
-21
-15
-17
-5
-37
-47
-37
-41
-18
-109
-125
-147
-155
-205
-233
-227
-203
-186
-171
-146
-93
-33
36
129
133
351
419
387
325
246
181
167
119
46
39
47
57
36
-12
-12
-5
-22
-38
-33
-37
-12
-15
-26
-82
-111
-141
-151
-184
-233
-248
-220
-204
-181
-142
-107
-77
-27
83
147
321
409
393
315
246
177
187
129
41
29
11
27
2
-3
-35
-44
-53
-30
-44
-39
-47
-56
-62
-109
-119
-179
-179
-220
-241
-249
-207
-204
-178
-181
-155
-102
-25
52
155
295
379
404
341
231
180
187
135
149
43
21
55
12
-5
-13
-52
-39
-12
-44
-16
-47
-44
-39
-67
-141
-151
-170
-159
-199
-206
-238
-199
-174
-157
-133
-102
-41
59
115
295
380
419
373
295
219
210
192
133
68
79
50
50
18
-11
-25
-12
6
-31
-21
-28
-5
-9
-37
-101
-137
-130
-188
-195
-218
-218
-203
-175
-171
-142
-96
-43
7
111
223
366
395
372
314
207
178
182
143
71
43
39
20
-12
-25
-35
-61
-37
-59
-46
-27
-55
-34
-68
-117
-149
-143
-198
-223
-255
-219
-229
-203
-151
-157
-123
-66
-11
116
122
331
379
359
281
231
149
153
105
52
17
54
38
-1
-5
-33
-28
-37
-9
-27
-44
-66
-44
-84
-119
-155
-165
-185
-195
-235
-208
-204
-203
-163
-156
-139
-75
-21
103
160
330
379
402
325
253
215
173
147
139
52
31
20
3
-14
-29
-45
-53
-30
-29
-15
-21
-18
-18
-21
-97
-145
-139
-174
-203
-205
-171
-170
-176
-133
-108
-55
-49
83
151
338
411
401
339
255
212
183
128
131
63
31
48
35
-12
-11
-26
-12
-17
-32
-44
-31
-49
-49
-106
-141
-157
-147
-170
-191
-215
-243
-177
-169
-153
-153
-70
-22
62
105
251
370
389
326
243
218
162
149
135
42
36
3
7
15
-39
-30
-55
-31
-39
-53
-43
-37
-59
-82
-123
-143
-186
-167
-204
-212
-233
-206
-179
-136
-161
-108
-39
52
137
266
379
410
330
254
183
187
127
143
63
27
23
31
-23
-39
-37
-22
-28
-16
-8
-49
-33
-35
-81
-108
-133
-155
-183
-217
-207
-225
-185
-173
-140
-125
-58
-41
81
151
273
419
417
379
291
244
199
175
127
82
52
39
67
23
-10
-28
-23
-3
-23
-33
-13
-21
-33
-44
-118
-151
-172
-150
-211
-221
-197
-169
-172
-136
-130
-77
-48
82
127
279
383
419
363
279
210
177
131
142
52
33
11
14
7
-17
-48
-40
-42
-42
-44
-22
-23
-28
-105
-153
-131
-192
-204
-203
-207
-215
-209
-161
-139
-156
-93
-27
67
139
244
371
387
323
238
195
173
125
131
21
20
9
20
-25
-14
7
-27
-39
-44
-30
-44
-33
-37
-101
-114
-141
-187
-185
-210
-218
-237
-206
-156
-134
-141
-81
-19
81
129
291
369
382
323
244
191
173
123
142
30
41
34
15
-7
-18
15
-5
-17
-12
-9
7
-12
-26
-34
-97
-114
-167
-155
-198
-187
-169
-163
-133
-127
-105
-51
-25
83
134
303
385
419
349
246
187
183
126
115
20
49
24
33
7
-31
-42
-17
-45
-49
-44
-12
-44
-30
-93
-83
-151
-151
-194
-214
-245
-221
-182
-185
-169
-147
-61
-45
52
162
284
366
362
302
219
163
163
150
50
18
45
23
27
-27
-22
-25
-37
-15
-38
-33
-31
-40
-76
-109
-113
-165
-159
-204
-227
-209
-204
-204
-156
-147
-111
-102
-43
91
148
283
375
404
330
245
180
187
135
137
35
39
20
-9
-6
-17
-34
-21
-38
-5
-12
-29
-57
-28
-48
-101
-139
-150
-161
-203
-220
-187
-183
-140
-121
-137
-43
-33
92
133
340
399
387
327
251
187
179
150
134
43
50
52
6
14
-18
-35
-27
-25
-21
2
-33
3
-10
-50
-123
-151
-149
-191
-206
-205
-205
-200
-150
-126
-106
-57
-41
107
148
277
397
363
334
243
183
167
163
83
23
19
1
5
-10
-33
-26
-50
-49
-34
-54
-41
-56
-81
-81
-133
-172
-157
-197
-225
-230
-257
-218
-153
-172
-129
-74
-44
50
117
283
372
389
339
231
154
176
131
79
41
23
9
6
-26
-38
-45
-29
-18
-37
-63
-59
-62
-39
-101
-110
-127
-149
-190
-172
-194
-205
-155
-179
-122
-135
-55
-37
71
129
308
372
398
327
259
183
165
148
159
47
49
39
31
6
-13
-26
-17
-11
15
-23
10
-10
-28
-33
-81
-110
-145
-151
-172
-213
-220
-162
-154
-152
-108
-65
-28
83
148
306
392
395
329
246
211
207
138
127
47
27
9
34
-20
-26
-32
-33
-41
-29
-54
-63
-29
-41
-80
-137
-122
-156
-186
-194
-228
-221
-202
-189
-169
-150
-111
-46
-45
122
179
372
371
327
261
174
129
138
115
15
16
22
20
2
-45
-28
-41
-14
-26
-38
-26
-44
-42
-109
-117
-140
-127
-177
-203
-198
-231
-204
-138
-153
-138
-125
-44
-15
119
147
335
395
340
276
211
199
150
141
65
33
43
25
-5
-13
-32
-12
-31
-17
-32
-40
-18
-44
-44
-62
-128
-113
-144
-154
-172
-204
-192
-182
-135
-126
-99
-44
5
91
117
334
405
379
294
231
177
170
117
74
63
37
21
41
-1
-23
-34
-27
-33
-31
-14
-31
-11
-28
-96
-119
-162
-158
-202
-202
-211
-206
-197
-168
-127
-108
-75
-51
62
113
262
356
363
327
235
163
155
123
37
6
-7
-1
-14
-29
-24
-29
-64
-30
-28
-45
-29
-29
-51
-93
-119
-146
-159
-203
-187
-241
-217
-205
-190
-166
-161
-97
-55
-50
116
127
329
371
323
259
186
167
131
126
32
14
3
-6
4
-19
-19
-45
-3
1
-62
-12
-23
-39
-66
-93
-117
-140
-169
-165
-207
-189
-223
-172
-176
-146
-125
-96
-34
116
127
287
393
399
347
229
190
189
161
130
26
37
20
19
14
-15
-29
-12
-3
-22
-53
-27
-39
-29
-69
-93
-142
-156
-149
-172
-202
-218
-183
-159
-157
-143
-76
-21
-19
102
145
371
391
343
275
212
145
134
145
3
2
22
-10
10
3
-22
-43
-29
-30
-43
-39
-31
-61
-104
-130
-138
-149
-191
-222
-218
-222
-207
-194
-161
-141
-154
-111
-27
77
110
270
347
353
299
214
187
163
119
58
46
39
20
11
-21
-29
-49
-41
-33
-40
-65
-61
-55
-77
-105
-140
-140
-173
-140
-198
-215
-201
-194
-183
-140
-129
-101
-59
1
102
145
373
371
363
277
223
186
147
146
36
46
37
27
2
-9
-22
-35
-15
-7
-8
-29
-15
-30
-49
-26
-118
-113
-140
-150
-178
-172
-172
-192
-153
-153
-113
-30
-27
99
141
339
379
378
299
214
193
155
122
90
35
33
48
22
-7
-27
-53
-28
-17
2
-31
-60
-61
-57
-99
-95
-135
-149
-167
-194
-210
-226
-205
-203
-172
-142
-112
-44
-37
99
155
343
359
313
243
179
151
159
79
41
38
25
3
-21
-44
-58
-19
-46
-57
-72
-61
-44
-8
-74
-110
-118
-159
-172
-194
-171
-225
-204
-201
-172
-154
-124
-65
-44
57
117
308
351
356
282
240
169
123
123
50
51
47
47
2
-6
-13
-39
-29
-33
-26
-30
-14
-28
-41
-55
-96
-128
-168
-162
-172
-173
-182
-179
-133
-155
-99
-73
-18
52
134
251
362
399
363
295
235
174
149
147
46
33
49
42
27
-7
-19
-1
-14
-11
-27
-39
-23
-38
-19
-99
-108
-125
-166
-153
-167
-185
-199
-194
-163
-121
-110
-73
-23
91
117
287
377
369
315
219
177
157
142
27
34
38
30
9
-7
-5
-34
-12
-28
-53
-15
-33
-39
-55
-95
-124
-134
-147
-171
-204
-229
-218
-211
-176
-172
-122
-111
-17
-15
89
155
329
353
355
291
206
170
155
135
25
25
47
25
11
-6
-11
-31
-22
-29
-23
-37
-56
-28
-26
-93
-134
-154
-143
-161
-188
-205
-205
-180
-167
-157
-140
-70
-47
51
139
229
346
373
355
293
225
183
159
113
50
67
57
34
14
3
-21
-26
-25
-14
-19
-17
-26
-44
-30
-100
-97
-126
-136
-140
-149
-193
-159
-182
-151
-117
-102
-63
-43
53
127
263
361
371
340
235
175
150
148
139
48
23
33
23
-3
-19
-25
-44
-50
-22
-22
-67
-73
-63
-95
-140
-128
-141
-157
-187
-225
-197
-221
-174
-163
-146
-135
-64
-17
83
116
277
347
347
282
219
154
134
143
54
2
36
3
11
-12
-39
-29
-44
-23
-48
-61
-44
-25
-62
-94
-108
-135
-133
-155
-168
-189
-201
-182
-126
-139
-137
-101
-77
-42
95
137
313
369
356
281
207
179
143
130
55
32
41
16
3
-28
-21
-37
-19
-15
-33
-23
-18
-28
2
-29
-101
-127
-108
-146
-146
-167
-201
-172
-152
-139
-122
-93
-45
-15
129
153
325
373
353
275
207
199
163
122
46
26
36
5
13
-7
-51
-38
-35
-28
-34
-41
-44
-49
-44
-76
-131
-126
-143
-142
-177
-175
-187
-206
-187
-151
-128
-104
-21
-17
105
116
343
351
329
243
160
148
119
85
27
27
-10
11
-1
-45
-54
-65
-57
-48
-26
-45
-45
-57
-65
-122
-123
-147
-140
-162
-182
-194
-174
-202
-158
-156
-146
-108
-56
11
95
258
353
362
292
237
198
141
144
84
55
37
37
6
-11
-27
-45
-44
-11
-28
-45
-43
-29
-44
-43
-93
-66
-121
-140
-162
-183
-172
-165
-150
-140
-121
-101
-35
-30
82
126
289
391
359
305
234
195
167
139
123
48
38
33
14
-7
-17
-29
-31
-13
-12
-28
-53
-41
-37
-28
-97
-112
-141
-165
-169
-172
-205
-173
-156
-172
-149
-117
-33
-26
115
119
341
349
321
257
203
179
138
151
31
11
20
19
22
-16
-15
-29
-31
-27
-45
-60
-66
-54
-66
-125
-153
-156
-143
-182
-172
-203
-174
-205
-159
-136
-127
-117
-22
-33
105
218
338
338
309
223
