-105
-93
-81
-43
-38
67
134
120
151
99
67
113
111
123
95
71
49
-1
-13
-26
-26
-18
-29
-10
-30
-32
-34
-43
-107
-125
-137
-161
-157
-146
-166
-156
-150
-134
-113
-96
-81
-53
-43
57
114
148
173
131
123
139
148
145
133
145
132
74
20
2
-2
-1
3
15
-3
2
-6
-10
-10
-28
-61
-106
-111
-109
-95
-108
-108
-94
-77
-63
-56
-47
-40
23
119
148
211
202
149
123
131
175
173
159
142
130
67
34
19
3
13
-1
18
31
-12
7
-18
-35
-59
-106
-133
-139
-129
-129
-129
-125
-121
-119
-77
-76
-57
-40
-1
110
133
171
131
146
87
123
128
147
110
75
37
-12
-12
-34
-37
-40
-19
-39
-10
-37
-23
-69
-125
-134
-159
-171
-172
-172
-172
-181
-149
-149
-95
-86
-75
-70
-40
71
123
125
142
131
99
114
126
130
141
93
78
31
1
-13
-17
-19
-16
-17
-12
-19
-8
-39
-35
-67
-125
-102
-139
-134
-139
-134
-123
-109
-108
-79
-62
-43
-46
65
118
133
203
183
143
138
162
173
173
154
137
138
51
25
38
27
29
35
21
20
20
-2
-10
-37
-29
-101
-109
-126
-118
-114
-119
-107
-104
-93
-70
-38
-23
-19
97
138
185
171
133
133
135
131
151
135
138
102
36
10
-1
-28
-10
-13
-12
-15
-17
-27
-39
-33
-93
-139
-153
-159
-151
-158
-158
-146
-157
-141
-130
-102
-81
-37
-53
102
121
133
139
86
83
91
117
114
97
81
31
1
-2
-25
-29
-43
-7
-23
-37
-21
-37
-43
-81
-113
-135
-153
-150
-149
-127
-135
-133
-125
-130
-76
-65
-48
-28
58
119
142
171
141
135
135
133
130
145
132
121
55
21
10
-5
2
9
19
0
17
9
-12
-9
-37
-63
-83
-107
-105
-81
-107
-94
-106
-71
-69
-31
-37
-26
52
116
132
199
191
127
147
137
169
167
146
126
135
61
32
2
15
10
17
10
3
-10
-3
-18
-47
-79
-108
-127
-125
-105
-112
-135
-129
-124
-103
-87
-75
-61
-28
-23
116
136
173
133
135
91
111
119
115
102
73
36
-7
-13
-33
-35
-34
-43
-34
-40
-37
-39
-76
-108
-125
-149
-157
-161
-140
-153
-166
-141
-136
-117
-108
-81
-49
-37
59
116
132
149
146
105
111
133
123
123
109
70
35
2
-7
10
0
-5
-12
-10
-3
-1
-27
-42
-23
-109
-115
-153
-93
-122
-113
-111
-106
-94
-71
-66
-37
-40
52
123
143
195
166
133
133
175
167
173
169
161
123
71
36
24
23
29
17
6
23
20
6
2
-28
-37
-105
-107
-125
-119
-111
-121
-125
-125
-75
-55
-55
-43
-38
81
129
143
191
133
138
135
143
125
134
127
123
51
19
-10
-15
-26
-12
-27
-13
-18
-28
-37
-34
-95
-130
-142
-151
-155
-159
-156
-156
-149
-146
-136
-112
-93
-61
-43
37
123
129
145
127
81
97
128
127
116
101
59
19
-10
-12
-39
-28
-30
-18
-29
-15
-26
-43
-28
-117
-122
-139
-147
-140
-154
-145
-109
-123
-103
-101
-53
-63
-43
-12
91
148
203
165
133
130
133
143
143
138
153
116
55
6
15
21
19
20
23
20
10
17
9
-25
-43
-81
-105
-114
-114
-105
-97
-105
-108
-76
-46
-55
-30
-13
83
130
191
190
155
135
148
141
166
149
143
134
58
27
9
7
10
-1
-12
3
15
-12
-17
-40
-30
-93
-130
-137
-134
-140
-140
-139
-135
-123
-95
-77
-62
-43
-26
94
131
147
139
132
99
97
103
125
106
83
65
18
-39
-37
-28
-33
-33
-39
-47
-35
-26
-76
-108
-119
-137
-156
-165
-162
-161
-159
-156
-138
-137
-109
-94
-77
-55
-23
100
127
114
143
143
137
116
131
149
131
91
53
35
10
-25
-10
-9
7
3
7
-13
-6
-29
-29
-111
-104
-123
-125
-121
-119
-126
-93
-85
-66
-43
-31
-31
27
110
131
203
180
166
135
163
169
191
163
141
148
74
39
16
6
24
21
9
15
-2
-7
-12
-7
-27
-102
-95
-120
-131
-118
-135
-120
-105
-102
-76
-45
-33
-50
53
116
121
183
155
133
123
126
143
135
146
105
40
3
-12
-12
-23
-12
-27
-15
-16
-27
-37
-29
-85
-122
-151
-162
-154
-145
-157
-161
-166
-129
-118
-108
-76
-71
-40
59
127
128
147
135
84
130
127
115
113
101
53
20
-9
-10
-13
-29
-27
-35
-26
-18
-28
-29
-54
-103
-129
-137
-155
-141
-133
-130
-153
-111
-109
-73
-52
-39
-43
67
111
135
185
147
127
131
129
147
170
135
147
67
58
20
17
31
40
20
20
31
20
-2
-17
-45
-43
-106
-108
-106
-106
-95
-107
-95
-81
-72
-61
-28
-65
40
116
130
186
175
143
146
122
136
161
158
139
127
47
14
13
-2
-12
4
20
-14
-1
-16
-9
-40
-115
-118
-137
-155
-150
-142
-153
-137
-133
-114
-76
-73
-50
-33
-25
106
142
145
135
79
81
113
121
116
95
54
27
3
-33
-30
-31
-31
-12
-17
-30
-48
-43
-40
-108
-133
-139
-163
-171
-166
-151
-167
-152
-139
-108
-117
-65
-66
-25
71
133
138
154
145
123
117
119
132
142
137
75
43
19
3
20
3
3
4
15
-10
-10
-16
-43
-19
-85
-108
-119
-117
-110
-108
-108
-83
-76
-57
-45
-40
-13
67
143
148
219
187
147
131
167
178
163
171
142
131
40
32
15
13
25
7
20
1
-1
-12
-15
-18
-70
-95
-123
-127
-119
-117
-129
-125
-117
-105
-70
-66
-45
-30
69
141
139
163
138
131
119
117
163
133
134
84
49
10
-23
-13
-19
-17
-37
-43
-27
-42
-35
-106
-105
-142
-154
-172
-167
-159
-172
-165
-165
-149
-129
-113
-73
-63
-33
77
126
147
133
130
75
112
113
118
116
98
51
5
-10
-24
-19
-23
-13
-19
-21
-10
-31
-38
-32
-106
-105
-153
-165
-150
-139
-127
-123
-113
-93
-77
-75
-51
-43
47
118
138
187
149
138
145
148
147
183
153
134
127
42
20
4
27
14
20
31
20
27
13
-21
-29
-35
-81
-97
-103
-103
-110
-117
-117
-101
-69
-57
-49
-37
-17
85
138
180
185
149
141
131
149
139
137
133
139
36
21
3
10
5
9
-5
-17
-12
-15
-21
-43
-77
-119
-138
-135
-151
-157
-170
-129
-142
-123
-107
-95
-71
-47
-33
74
116
131
121
90
79
81
116
116
100
70
45
2
-33
-6
-33
-43
-3
-23
-21
-33
-40
-34
-86
-131
-140
-138
-146
-149
-149
-140
-135
-125
-113
-97
-73
-43
-43
36
131
148
159
130
131
99
116
133
137
121
97
59
19
27
-21
-12
23
7
20
3
-2
-13
-37
-37
-95
-101
-105
-101
-121
-94
-95
-73
-102
-63
-43
-29
-42
55
123
120
203
167
131
134
142
151
169
148
114
123
58
23
7
21
31
39
2
7
20
-7
-27
-21
-76
-103
-123
-127
-130
-125
-111
-109
-86
-74
-76
-55
-63
-37
79
125
127
163
127
126
99
127
133
130
116
75
32
9
-14
-24
-23
-46
-42
-45
-21
-27
-53
-85
-105
-129
-140
-159
-162
-161
-161
-142
-143
-133
-123
-107
-76
-43
-40
69
123
153
144
95
95
103
111
116
139
71
57
2
19
-21
-26
-7
-10
-12
-28
-7
-26
-21
-34
-99
-98
-126
-109
-142
-138
-149
-110
-108
-73
-83
-63
-59
-43
46
134
128
185
151
132
141
139
173
163
145
131
148
58
24
19
10
40
25
29
31
7
7
-12
-34
-43
-96
-93
-97
-111
-93
-129
-105
-103
-63
-43
-43
-33
-31
101
131
195
158
131
135
114
153
143
132
132
71
46
20
-21
-5
-9
-17
-6
2
-1
-15
-49
-35
-98
-123
-133
-130
-149
-141
-109
-125
-143
-133
-123
-98
-71
-58
-62
91
139
122
115
74
72
87
119
99
75
53
25
-15
-26
-28
-28
-16
-29
-21
-42
-27
-43
-71
-86
-130
-108
-149
-155
-149
-136
-143
-150
-108
-111
-109
-85
-49
-43
79
123
142
147
123
126
115
126
131
127
123
87
39
23
7
3
-1
27
20
10
-9
17
-18
-27
-49
-85
-101
-93
-108
-105
-107
-119
-94
-75
-62
-43
-39
-33
52
127
137
210
151
145
130
133
137
163
148
136
116
39
23
6
23
21
-1
6
18
-2
-6
-17
-53
-93
-125
-127
-134
-133
-146
-108
-127
-126
-101
-83
-53
-43
-53
62
131
154
116
148
93
85
109
137
126
98
57
20
1
-21
-29
-23
-17
-43
-32
-40
-25
-62
-76
-113
-129
-157
-167
-155
-163
-170
-161
-149
-123
-86
-85
-85
-61
-43
85
123
147
129
84
84
99
117
118
115
84
39
15
-18
-13
-10
-14
-7
7
-12
-1
-27
-28
-51
-105
-107
-118
-122
-125
-118
-133
-112
-94
-79
-65
-43
-40
-10
109
154
191
175
153
145
142
169
163
161
131
134
52
25
15
20
20
40
20
14
18
-7
-13
-48
-26
-70
-122
-95
-101
-109
-121
-98
-97
-108
-47
-40
-29
-34
84
130
144
154
149
137
127
139
135
132
115
75
55
34
-10
-15
-10
-2
-18
-25
-19
-26
-25
-35
-108
-121
-129
-129
-143
-142
-143
-140
-138
-135
-107
-93
-93
-48
-34
85
117
131
131
73
83
100
100
119
91
67
34
-1
-28
-43
-17
-17
-19
-39
-35
-37
-30
-40
-101
-118
-129
-137
-142
-140
-133
-161
-122
-118
-101
-77
-62
-39
-31
91
136
135
149
119
112
121
117
148
136
127
62
52
35
-5
26
1
18
3
17
18
10
2
-25
-30
-78
-79
-102
-79
-81
-102
-97
-78
-62
-43
-33
-32
-17
85
129
179
175
127
148
134
130
158
153
146
143
61
29
19
21
19
7
18
20
25
-8
-17
-31
-34
-99
-114
-109
-142
-145
-119
-114
-128
-113
-93
-73
-61
-28
-40
99
135
148
131
106
95
111
134
128
116
91
42
15
-43
-17
-27
-42
-55
-23
-27
-43
-23
-101
-114
-142
-149
-156
-161
-156
-156
-141
-153
-127
-105
-107
-81
-53
-29
69
110
132
123
107
100
101
136
116
107
100
68
30
-7
-12
-21
-18
9
-5
-12
5
-17
-31
-57
-93
-112
-108
-105
-129
-112
-125
-108
-83
-76
-49
-50
-40
-33
75
144
171
178
149
146
128
162
170
185
146
131
83
52
31
23
34
20
25
7
1
-7
-12
-27
-31
-79
-81
-103
-106
-108
-115
-107
-99
-76
-71
-51
-40
-42
50
113
148
182
146
133
115
129
134
147
129
107
67
33
-12
-13
-14
-7
3
-13
-12
4
-23
-35
-87
-106
-140
-131
-143
-143
-163
-156
-154
-134
-108
-105
-93
-63
-30
79
111
131
129
84
61
86
105
100
98
87
59
7
-12
-23
-29
-27
-13
-21
-28
-27
-28
-28
-77
-117
-137
-129
-140
-140
-141
-143
-140
-105
-97
-94
-62
-45
-21
55
126
