187
98
-187
-27
100
213
320
273
-93
209
-221
-213
-61
49
-204
217
46
-139
256
-69
356
163
193
308
83
281
161
99
125
341
211
155
280
213
622
329
63
227
30
-8
-53
115
251
15
179
117
-68
126
208
71
131
110
209
232
208
262
167
55
343
520
271
-141
89
-263
-181
-212
111
127
198
119
69
-111
-187
-236
-215
117
-263
-94
129
-389
-318
-44
-317
-277
148
20
-361
-142
36
109
-458
30
-74
199
7
-48
-159
-112
-49
-81
-172
-421
-535
-439
69
-492
-181
-361
-223
-328
-337
-128
-353
-44
188
-499
-361
-155
-28
331
44
-172
-144
-207
173
-126
-25
-235
-97
61
-331
-140
24
154
19
-95
38
-76
-127
-171
-373
96
-161
-138
-297
46
139
-137
-221
207
-201
3
-76
-95
-108
352
52
473
295
233
-129
64
419
15
509
342
-21
419
197
-3
-305
-28
-5
-70
77
-298
51
527
163
139
91
47
584
355
179
464
-169
291
103
244
-9
238
99
217
-44
173
-73
61
-28
-76
-140
-396
-117
-285
-317
-201
-76
-134
-41
-310
257
-236
148
21
164
166
257
129
-24
-201
291
-53
-44
340
-333
55
-465
-273
-291
-259
-224
-181
-446
-437
-425
-378
-453
-376
-171
-187
20
416
-222
-400
-173
-10
-50
84
-245
-81
119
-235
217
-79
419
-79
171
-53
-113
-293
-152
-301
-265
64
-34
115
-199
-166
-533
-298
-227
-126
171
403
130
196
105
-79
75
111
151
-107
374
414
-345
-349
84
152
-117
-261
97
146
-77
-266
196
-30
88
-93
137
267
-21
244
401
468
213
305
-10
39
568
155
47
66
275
59
221
152
245
118
210
65
-19
-225
158
-53
-44
49
157
-49
-300
-217
-69
-261
-85
135
97
208
312
197
71
110
20
-140
155
-123
35
-41
73
-315
30
148
-405
158
110
87
-533
-59
-217
-257
-133
-30
-220
-335
-461
-199
-284
25
155
-285
-73
-81
119
-35
-109
-458
-319
-111
61
-155
-374
-427
192
-44
-17
135
-461
-189
90
-131
-301
-118
-147
-396
-61
-12
116
23
-54
-221
-18
18
189
161
84
99
262
65
-63
-117
35
111
139
-74
239
226
185
-11
-20
235
-353
-5
-41
-437
-78
208
55
-125
-621
-27
153
212
143
268
209
97
-127
-181
231
-126
213
273
347
231
-61
212
419
311
-390
453
103
-76
123
-98
-101
-29
-173
53
-427
-209
198
64
-141
-5
311
276
400
67
52
-199
21
-89
55
-209
-145
114
193
-234
164
-109
265
-47
-7
-168
24
133
-454
292
-382
-360
165
-129
56
-172
-517
64
92
149
-28
29
-199
-150
-150
-113
-261
19
-161
-135
67
30
-301
-280
-41
53
-517
-491
-501
-176
14
-170
-397
-394
-47
-93
-55
-37
79
-189
59
214
-301
-137
187
-221
242
81
-189
-69
-353
-78
-236
368
103
15
41
-66
53
155
-101
-101
220
-390
36
90
-10
272
340
212
103
245
354
401
137
521
148
183
181
227
395
295
311
291
-75
387
-21
-185
399
89
219
-346
83
296
99
97
15
-151
67
277
-61
-61
-269
-5
270
468
490
328
-143
131
116
11
78
170
95
366
143
21
-72
165
143
-247
205
56
-258
-156
-140
-157
6
-23
396
-359
37
-221
132
-30
223
-65
-431
115
-273
75
-47
-121
-277
-119
52
-255
-172
-199
-166
387
-269
-317
-668
-97
-236
-235
-221
-344
-221
-76
-109
-155
-57
61
214
-173
-266
-93
-71
-216
-125
117
-89
94
-53
-27
-285
-210
-181
-5
107
276
-193
107
-138
-173
-28
7
-49
57
-96
276
224
-15
360
-113
374
91
122
119
467
-197
11
292
150
345
159
3
-65
263
1
30
73
-139
-41
-218
-285
-110
-21
293
-157
166
66
397
131
-119
271
409
355
-151
245
354
162
171
-109
24
113
-6
100
308
38
24
117
42
-41
-276
-79
-161
110
-141
-236
-297
22
-125
-150
27
-106
212
109
139
17
81
13
-283
23
177
11
-192
88
-326
99
-281
-289
-223
-513
-107
-325
-313
-325
-298
-275
-263
-413
-364
-158
-69
-187
-282
-382
30
-49
321
-155
-52
17
-79
45
-195
-221
-197
120
-135
22
-365
-55
-279
-433
229
-137
-125
274
-263
-105
-273
-405
-30
-139
-60
552
297
119
229
119
341
65
304
84
213
385
-246
-65
353
415
188
81
56
220
-140
353
175
-373
219
172
-40
341
346
379
395
340
372
341
-242
241
308
638
199
2
350
143
65
102
377
-77
46
154
-158
15
-39
98
-70
19
-35
-45
35
-268
-157
-113
-169
244
57
331
-117
-137
116
87
-50
3
-57
-29
78
-133
265
-255
239
-119
-204
180
-531
48
-69
-531
151
-295
-515
22
-332
-199
-476
-156
-285
36
-140
-121
-177
-269
-183
-126
-29
111
58
3
128
-153
-161
43
47
-129
-209
-236
65
19
260
-366
-103
-238
-389
-12
-108
-369
-201
-138
87
-56
74
-145
312
126
246
388
198
-5
162
160
57
-93
-21
226
-28
97
168
-113
212
-219
-104
-97
-118
-311
-125
-144
-301
99
154
191
-29
231
27
349
91
285
202
372
548
19
47
353
362
-38
116
419
306
334
-205
-237
335
419
-71
117
-43
-186
-283
367
224
-140
101
-117
-219
210
377
355
374
325
7
-269
-156
63
200
-106
-165
192
211
33
73
84
-135
-66
-181
-166
-224
-137
-237
-378
-475
-140
-363
-415
-29
6
-256
17
-269
-177
-354
-137
57
-284
-193
-257
-262
-39
-220
-329
-142
110
8
-519
-5
-120
-332
-98
-200
-300
-69
-103
-251
6
-86
-193
-67
15
-207
-161
-330
-393
50
277
84
244
359
212
-83
-122
-215
-157
52
-244
-10
72
-42
100
-361
-205
33
53
-239
-369
-103
30
-265
308
292
11
359
-39
334
341
476
392
-46
291
184
-44
291
506
291
381
291
159
53
164
30
-58
78
-55
244
19
92
-265
-313
9
212
361
295
76
356
34
99
67
45
313
-12
146
51
3
-93
279
263
116
-10
-12
-83
130
40
-236
-207
-270
-412
-201
9
156
-294
24
115
140
91
100
-239
-102
17
-122
-237
-282
-139
-147
-413
-44
-93
-140
-61
-337
-203
-85
-142
-28
-187
-361
-264
-232
5
-483
-509
-299
-267
-80
29
180
-221
-220
-79
-57
-141
-127
-213
-357
54
-329
-95
160
167
-117
-331
37
-245
-140
194
7
-61
93
-12
26
-110
180
-122
7
270
177
133
447
225
-126
55
215
-73
308
80
28
-85
22
-1
94
419
193
148
-17
131
110
-25
-133
-57
-511
88
227
468
298
-19
1
67
494
135
-12
285
51
198
-305
340
-93
109
51
-181
382
213
276
223
-108
134
261
397
244
22
-197
-341
-312
-309
-228
-215
-249
-159
306
135
20
-17
-63
-76
-277
-337
404
-153
-150
-33
247
-489
331
122
-329
-225
-242
-44
-156
-71
-469
-221
-236
-539
-251
-399
-533
-220
-285
-194
21
-55
-76
-301
116
131
-277
-359
-331
-39
-81
-94
-80
129
-181
308
100
-236
-349
36
49
-28
79
-253
-118
6
-156
-225
-204
-245
-99
113
-93
96
419
32
225
419
-13
164
-183
373
479
18
91
281
-93
121
-61
-369
-573
169
41
215
-237
-76
-119
-10
-188
-102
244
122
407
419
257
-30
-79
171
457
451
-125
-137
419
298
51
116
281
156
315
150
-246
-17
-281
-215
116
336
-18
-76
52
-343
-10
-106
-24
179
451
367
52
136
-65
17
-65
-204
212
67
14
276
-337
351
-30
-221
6
-268
-269
15
316
-125
-115
48
-417
-18
-187
-85
69
-113
-86
-138
106
137
-21
-55
267
-301
-145
-10
-289
-214
-49
91
-284
14
48
-177
-128
-185
-115
-153
-546
-65
-265
-237
19
-197
-162
46
81
138
100
-374
-131
-80
54
-19
77
269
135
-23
207
173
-253
91
57
227
-133
239
15
148
505
-317
-333
53
-165
-38
-63
30
-53
-231
292
372
-33
372
419
217
101
179
233
51
-241
-43
214
343
376
78
99
30
281
79
-20
356
37
296
-138
35
-185
75
57
-37
33
23
212
92
84
138
111
275
372
-109
-59
-245
-94
-109
146
5
-33
11
-161
244
-171
63
-220
20
-268
-155
-461
-240
-161
-113
-369
5
125
-357
-93
-151
102
-14
-1
312
254
61
268
-53
-344
-338
-251
-305
-159
-217
-13
-299
-524
-571
86
100
-96
-371
-413
-43
37
-1
-173
-293
-423
-60
89
380
-56
235
-268
-15
143
192
162
82
78
17
-151
50
101
-66
11
-279
337
-93
-73
-29
30
-125
-63
148
-445
63
-14
83
67
149
21
467
361
212
393
290
299
-57
267
287
83
-29
207
355
419
265
-79
477
-78
-40
419
141
23
-221
273
19
-77
20
-29
199
119
211
242
51
399
-33
171
294
318
341
335
94
-21
52
-106
-129
137
99
103
-23
-300
0
154
-226
-138
-199
-269
-278
-112
-215
-177
91
117
-253
-151
-76
57
87
96
324
396
-90
-61
-97
-317
-101
24
-231
113
-190
83
-169
-253
-43
-511
-332
-411
-213
-322
-225
-28
-141
-93
27
-209
-269
22
180
-22
2
-125
-71
145
116
16
83
-127
-21
-330
72
-333
-97
74
159
133
-213
-197
246
160
-6
-345
30
127
52
295
-110
-37
324
-16
153
95
115
394
455
19
255
369
-159
279
52
70
232
231
-104
192
165
119
15
82
75
-108
294
-29
105
1
451
483
298
19
169
518
71
153
84
223
5
202
419
83
-261
27
20
219
148
47
246
140
-204
-155
-141
-357
36
-47
2
-184
-40
-373
43
-93
-12
286
-8
7
224
-249
37
-161
-233
-477
110
-261
186
52
-69
117
-16
176
-465
-284
-413
-166
204
-489
-504
-492
-667
-405
-101
55
122
7
-197
-309
102
150
-61
200
165
204
-444
87
-413
46
29
-126
-161
85
-107
-140
-414
-317
-414
-193
-172
72
-19
-127
-364
-43
23
329
100
-155
229
100
-133
324
81
244
39
119
231
167
236
-77
98
178
72
-269
457
-209
194
-73
179
-13
99
59
163
-128
67
410
449
651
574
47
-203
103
171
372
292
-53
419
360
-205
107
212
-121
193
149
-220
116
35
36
115
-261
-76
-137
20
-309
-56
67
145
292
35
165
100
84
-121
51
-59
-105
-189
255
38
-23
-321
-41
-267
20
59
84
-25
-233
20
-127
-118
-535
-182
-180
54
116
-337
19
7
43
-75
-317
-111
-106
10
-27
-63
-172
-274
-5
-141
-141
-198
-349
69
-28
-527
-393
200
69
-76
-167
-424
-361
-160
-203
-89
-297
100
-108
196
-12
-81
96
-12
-61
116
143
-97
227
-6
162
-217
201
116
178
-38
-23
-113
-54
199
144
85
-283
-177
-249
-481
167
-159
75
275
-37
612
265
345
242
84
255
187
406
307
220
321
363
148
-76
137
212
387
212
-74
-326
12
