47
36
32
-8
7
-10
-12
-15
-21
-38
-37
-112
-135
-142
-78
-31
127
137
221
217
215
217
218
174
139
59
-19
-44
-166
-189
-181
-172
-154
-155
-150
-149
-136
-93
-58
-37
-29
38
56
70
84
58
52
39
30
30
20
7
-7
-12
-34
-84
-113
-86
-37
112
135
245
250
245
244
245
218
166
139
23
-44
-133
-165
-172
-159
-138
-129
-140
-133
-123
-83
-65
-37
-37
39
74
69
85
71
51
46
26
20
6
-1
-9
-29
-44
-93
-140
-129
-55
-19
137
211
231
230
222
225
211
180
142
23
-27
-129
-177
-202
-195
-172
-161
-155
-165
-163
-141
-111
-70
-38
-33
24
38
47
48
39
23
5
-5
-7
-13
-23
-29
-43
-85
-135
-155
-108
-37
91
138
211
233
217
211
213
185
135
142
-12
-41
-166
-193
-186
-183
-166
-147
-149
-140
-135
-105
-63
-43
-28
27
54
67
59
71
52
38
35
19
15
10
-5
-17
-31
-43
-113
-108
-46
67
133
234
250
250
245
244
238
186
139
120
-22
-37
-158
-168
-157
-142
-143
-137
-125
-133
-109
-65
-38
-44
26
52
77
88
77
70
52
28
29
17
13
1
-10
-28
-40
-118
-151
-101
-37
115
133
241
231
218
223
221
199
147
135
-10
-30
-165
-194
-193
-189
-160
-170
-161
-155
-140
-127
-99
-52
-44
-22
29
42
58
40
35
17
10
-10
-15
-19
-17
-30
-41
-117
-153
-146
-82
-31
126
134
225
227
209
218
209
171
138
31
-29
-129
-172
-189
-189
-177
-159
-150
-156
-143
-120
-99
-58
-39
-18
40
66
63
69
58
50
37
25
11
15
5
-11
-22
-35
-102
-133
-101
-34
110
135
230
259
244
243
246
214
174
137
26
-21
-123
-159
-170
-156
-140
-134
-129
-124
-111
-107
-50
-33
-27
31
56
73
89
79
70
63
37
25
15
20
10
-11
-32
-44
-129
-137
-75
-44
118
151
241
238
225
225
218
194
141
127
-21
-44
-170
-193
-191
-176
-159
-163
-162
-157
-141
-110
-73
-42
-31
20
42
51
51
42
33
17
2
-12
-14
-17
-21
-46
-93
-129
-169
-140
-65
-25
126
195
215
214
210
213
191
155
147
22
-41
-142
-172
-190
-186
-166
-159
-155
-152
-145
-127
-97
-50
-43
-18
39
61
77
81
68
48
33
22
14
19
2
-12
-29
-52
-117
-142
-107
-43
104
143
238
244
248
233
243
217
180
131
21
-28
-113
-161
-153
-156
-140
-123
-120
-129
-112
-79
-54
-43
-37
38
61
83
87
84
69
56
36
31
20
14
2
-17
-22
-47
-124
-148
-105
-41
105
135
231
230
224
221
222
195
149
129
-7
-35
-147
-178
-181
-172
-160
-150
-150
-149
-140
-111
-97
-54
-37
-25
34
52
52
52
41
31
3
-7
-12
-13
-23
-30
-44
-126
-161
-175
-113
-34
102
131
215
211
202
211
205
179
138
74
-18
-48
-165
-193
-186
-171
-150
-140
-150
-149
-126
-111
-63
-46
-40
24
52
71
72
63
52
41
37
20
11
7
-5
-18
-34
-85
-140
-140
-65
-36
122
211
238
244
239
234
229
210
148
134
-11
-33
-141
-161
-150
-126
-109
-127
-113
-117
-97
-74
-44
-51
3
47
68
84
86
81
71
56
41
26
15
6
-5
-16
-33
-109
-143
-133
-52
-29
131
213
230
218
225
225
211
171
139
34
-38
-110
-166
-173
-175
-153
-140
-141
-140
-137
-125
-103
-70
-46
-41
29
52
65
52
38
22
19
11
-10
-16
-27
-25
-44
-97
-140
-169
-151
-77
-33
126
147
202
211
211
202
189
148
139
20
-41
-130
-175
-186
-174
-157
-147
-140
-142
-129
-119
-93
-59
-43
-29
41
68
74
75
75
48
35
33
18
9
-5
-12
-41
-42
-117
-166
-128
-47
73
137
225
239
243
234
230
227
180
138
35
-27
-75
-139
-167
-149
-113
-118
-112
-113
-105
-93
-66
-29
-28
22
58
85
89
102
87
67
47
42
25
25
5
-6
-29
-29
-111
-147
-130
-52
31
131
211
230
218
223
213
206
163
129
26
-33
-127
-170
-175
-166
-150
-140
-140
-138
-140
-115
-99
-65
-37
-30
21
52
63
55
51
35
17
20
-5
-11
-21
-29
-39
-110
-136
-174
-153
-80
-34
127
137
197
199
210
197
189
147
131
22
-31
-141
-171
-177
-172
-161
-143
-134
-141
-140
-118
-97
-63
-35
-45
35
69
84
75
59
48
37
20
20
9
-1
-11
-31
-44
-108
-145
-139
-56
-23
123
223
227
229
234
227
231
180
148
67
-24
-37
-145
-153
-145
-126
-119
-107
-101
-101
-95
-61
-41
-39
17
54
75
95
100
79
52
52
36
20
23
14
-5
-28
-37
-117
-146
-140
-44
-25
123
209
227
234
229
225
218
180
137
36
-22
-97
-163
-177
-172
-153
-135
-141
-145
-139
-112
-108
-75
-47
-44
22
47
63
73
42
37
25
5
2
-15
-12
-33
-41
-97
-131
-173
-172
-105
-44
115
143
199
211
205
197
207
163
145
33
-23
-125
-172
-190
-185
-166
-151
-141
-151
-140
-124
-102
-85
-46
-37
35
59
85
87
65
48
26
15
4
13
2
-7
-22
-43
-108
-134
-141
-76
-35
123
202
233
241
227
223
233
193
135
126
-12
-40
-140
-157
-156
-138
-124
-120
-108
-101
-101
-74
-44
-40
-16
55
82
100
99
87
67
46
33
23
20
9
1
-25
-37
-112
-146
-140
-71
-22
127
214
231
229
230
227
213
174
128
52
-15
-42
-163
-175
-174
-153
-145
-142
-138
-135
-129
-93
-69
-47
-41
19
51
70
82
56
41
20
9
5
-9
-16
-23
-35
-45
-140
-160
-170
-120
-33
102
138
202
202
202
197
197
170
145
37
-29
-113
-158
-183
-183
-171
-157
-138
-147
-142
-127
-101
-76
-44
-43
13
54
84
79
79
52
43
27
19
19
6
-10
-23
-44
-108
-146
-155
-95
-41
120
138
234
234
234
225
238
197
151
138
6
-41
-138
-157
-149
-128
-113
-105
-115
-112
-107
-72
-45
-34
-20
50
70
101
105
89
71
52
39
31
24
13
3
-21
-28
-39
-134
-151
-95
-42
122
143
227
231
218
225
227
197
145
123
-12
-43
-141
-172
-168
-155
-145
-129
-140
-138
-129
-102
-72
-47
-41
-12
43
63
67
52
34
21
9
-5
-11
-13
-12
-43
-37
-113
-162
-175
-131
-42
99
134
204
207
210
195
207
175
138
59
-28
-44
-158
-193
-175
-162
-146
-149
-141
-140
-139
-110
-77
-48
-43
-9
51
78
79
71
52
37
21
5
5
-5
-13
-28
-45
-107
-150
-145
-101
-44
116
142
227
244
222
229
225
201
148
131
-11
-44
-129
-159
-156
-141
-123
-111
-119
-107
-93
-71
-42
-33
2
52
83
96
97
94
71
42
36
22
20
13
-2
-16
-26
-50
-129
-140
-74
-37
130
193
234
229
231
231
225
190
137
120
-12
-44
-156
-165
-172
-161
-141
-117
-139
-138
-120
-99
-65
-48
-37
35
52
68
71
65
34
20
5
-11
-6
-13
-25
-36
-44
-126
-173
-157
-101
-42
115
142
209
211
197
202
190
149
139
37
-26
-112
-166
-189
-175
-169
-157
-151
-149
-146
-133
-97
-83
-43
-43
15
52
73
91
58
39
22
19
5
7
-9
-22
-30
-38
-112
-140
-140
-62
-30
116
217
233
227
227
230
217
180
146
85
-26
-52
-146
-167
-153
-137
-115
-117
-122
-105
-95
-61
-40
-43
25
64
87
107
100
82
69
42
36
22
15
9
-7
-18
-39
-107
-137
-119
-56
3
133
211
227
237
234
227
215
179
147
47
-28
-79
-160
-170
-167
-155
-130
-140
-142
-137
-109
-81
-61
-39
-43
35
59
67
69
45
48
29
7
3
-13
-12
-27
-44
-55
-136
-159
-162
-82
-39
120
145
209
193
202
195
195
153
143
17
-27
-125
-173
-190
-189
-166
-152
-154
-150
-153
-128
-79
-76
-42
-41
29
39
81
77
55
36
32
15
7
2
-12
-17
-31
-45
-113
-139
-140
-60
-25
130
211
225
231
227
233
227
179
125
59
-13
-39
-143
-167
-153
-145
-120
-120
-111
-117
-86
-69
-41
-43
26
73
95
107
91
84
59
47
42
21
9
-2
-23
-19
-39
-108
-133
-115
-42
87
131
234
237
232
227
227
211
180
142
21
-34
-120
-158
-183
-165
-151
-138
-133
-142
-137
-112
-81
-63
-44
-31
37
62
78
65
48
30
15
-1
-9
-9
-21
-28
-43
-102
-137
-150
-133
-37
54
127
195
213
183
195
195
175
147
127
-11
-39
-149
-186
-189
-172
-157
-156
-156
-149
-142
-112
-102
-56
-29
-38
41
61
67
66
50
30
19
11
2
1
-11
-14
-28
-108
-127
-105
-109
-28
99
135
225
229
230
225
223
198
165
139
9
-39
-125
-156
-153
-155
-133
-120
-113
-118
-107
-87
-50
-43
-44
36
78
100
110
90
72
61
41
34
31
10
6
-14
-30
-44
-122
-126
-67
-34
122
199
234
230
234
229
217
207
148
131
-12
-38
-155
-156
-165
-156
-140
-135
-134
-129
-117
-109
-69
-52
-37
9
47
73
75
59
38
20
11
-2
5
-15
-23
-27
-39
-108
-151
-165
-107
-44
105
139
211
197
202
199
190
165
135
36
-27
-109
-167
-191
-183
-167
-149
-143
-143
-149
-123
-108
-82
-56
-33
-29
47
82
84
55
35
13
17
19
-13
-12
-15
-32
-37
-119
-140
-144
-56
-37
119
206
229
230
227
227
222
183
138
116
-17
-45
-142
-158
-169
-145
-134
-115
-116
-117
-103
-70
-48
-29
-26
37
80
100
101
89
59
52
36
33
19
20
-9
-23
-42
-103
-125
-111
-44
52
125
223
243
229
225
229
218
176
143
58
-13
-38
-147
-176
-166
-141
-137
-135
-129
-127
-108
-93
-62
-39
-44
20
65
84
83
56
31
15
7
-1
-10
-15
-13
-41
-77
-138
-166
-143
-75
-31
118
141
207
202
191
194
189
154
141
17
-37
-133
-184
-204
-173
-166
-156
-151
-151
-146
-129
-108
-74
-44
-39
-13
43
62
65
55
45
25
10
-5
-9
-12
-15
-33
-38
-117
-145
-143
-59
-25
127
211
218
213
215
213
209
174
137
36
-23
-42
-145
-156
-156
-140
-126
-112
-118
-117
-97
-72
-40
-41
-17
52
75
100
99
91
68
52
38
35
21
20
2
-6
-29
-93
-127
-125
-55
-8
127
225
229
243
218
225
225
180
130
51
-22
-42
-153
-166
-152
-137
-129
-125
-130
-131
-111
-97
-63
-39
-33
23
51
79
65
55
47
31
17
15
-1
-12
-11
-37
-44
-123
-159
-157
-97
-29
109
141
202
205
199
192
186
142
143
26
-22
-123
-169
-181
-178
-157
-150
-134
-140
-133
-120
-107
-77
-44
-39
-29
35
73
71
58
47
33
9
-6
-2
-7
-28
-29
-35
-108
-151
-140
-93
-39
116
142
223
225
215
217
201
201
199
146
-9
-31
-133
-160
