-185
-179
-172
-156
-119
-110
-96
-81
-76
-69
-63
-45
-25
-47
-21
-66
-39
-69
-49
-49
-43
11
46
64
79
91
105
119
241
279
306
267
187
123
-5
-49
-145
-170
-149
-111
-93
-73
-69
-54
-49
-45
-49
-44
-25
-33
-21
-17
-40
-41
-47
-45
-33
36
33
66
75
83
95
120
215
274
227
259
283
149
52
-45
-150
-181
-178
-152
-122
-108
-98
-85
-93
-78
-76
-73
-50
-39
-44
-49
-71
-76
-97
-61
-55
-74
-21
20
52
50
50
84
123
209
251
258
213
115
31
-35
-156
-210
-223
-204
-161
-141
-122
-133
-114
-107
-103
-80
-76
-57
-51
-56
-67
-93
-100
-93
-66
-51
-22
9
33
41
51
61
104
133
231
282
265
202
129
15
-47
-159
-197
-187
-153
-124
-108
-101
-81
-75
-70
-47
-51
-46
-33
-17
-44
-42
-39
-76
-61
-44
-26
27
55
73
93
104
118
195
263
311
295
277
170
135
-28
-48
-156
-162
-145
-108
-95
-79
-76
-69
-60
-57
-54
-26
-53
-41
-18
-40
-45
-49
-65
-34
-51
-13
31
52
57
81
86
99
207
260
279
259
179
122
-3
-44
-172
-199
-197
-157
-142
-120
-108
-113
-102
-81
-79
-70
-61
-55
-59
-76
-108
-93
-108
-93
-69
-43
-44
9
20
39
38
72
129
195
257
258
212
137
27
-39
-149
-203
-201
-195
-156
-139
-131
-124
-108
-123
-93
-72
-54
-51
-43
-54
-66
-72
-79
-85
-61
-43
-37
15
35
68
62
83
115
212
283
303
291
212
126
27
-45
-151
-175
-171
-155
-129
-107
-95
-77
-81
-64
-44
-49
-5
7
-33
-25
-49
-53
-87
-69
-42
-23
35
59
84
84
101
129
222
286
311
291
245
148
128
-21
-67
-172
-144
-149
-139
-113
-95
-93
-85
-73
-65
-66
-45
-59
-57
-59
-69
-76
-82
-77
-46
-39
-32
21
37
59
51
100
127
227
285
283
239
169
147
-28
-75
-191
-211
-188
-171
-153
-142
-139
-124
-124
-117
-97
-85
-81
-76
-76
-79
-94
-109
-120
-88
-55
-26
-31
20
53
-14
73
101
130
245
297
244
199
138
-3
-74
-168
-206
-195
-181
-149
-140
-114
-105
-108
-77
-76
-60
-57
-44
-49
-61
-78
-78
-79
-69
-41
-39
13
38
63
84
103
119
228
291
314
305
248
148
111
-31
-99
-160
-172
-136
-108
-101
-79
-77
-76
-74
-63
-45
-45
-42
-37
-44
-37
-44
-56
-53
-42
-51
20
46
71
83
87
118
151
265
307
321
262
163
123
-32
-44
-178
-189
-175
-156
-143
-124
-113
-118
-98
-93
-86
-67
-56
-63
-77
-106
-111
-108
-99
-85
-49
-45
-9
25
41
54
98
123
226
271
285
235
142
129
-33
-139
-207
-222
-197
-178
-173
-153
-143
-141
-140
-129
-108
-85
-86
-71
-69
-102
-106
-117
-109
-93
-54
-43
-31
21
47
59
84
120
206
267
298
279
203
131
20
-43
-140
-181
-181
-150
-135
-111
-108
-105
-102
-93
-73
-69
-44
-42
-45
-54
-57
-113
-75
-71
-44
-47
10
35
67
79
102
123
190
263
314
311
270
183
143
-12
-43
-158
-161
-144
-129
-114
-108
-97
-94
-93
-75
-61
-63
-44
-41
-46
-61
-77
-95
-95
-65
-45
-41
20
38
59
68
89
105
210
279
301
277
211
135
17
-47
-152
-191
-182
-166
-152
-140
-126
-133
-107
-102
-85
-79
-70
-77
-77
-93
-83
-119
-106
-94
-71
-38
-43
7
20
49
55
93
130
227
266
283
232
148
119
-32
-140
-189
-205
-173
-159
-143
-139
-124
-115
-139
-106
-95
-65
-63
-49
-73
-76
-105
-101
-78
-77
-44
-44
21
43
69
75
118
137
243
295
319
285
215
120
14
-40
-149
-183
-213
-124
-131
-108
-109
-106
-85
-57
-49
-44
-55
-5
-12
-49
-44
-69
-83
-65
-51
-1
30
71
83
103
111
123
238
295
318
276
253
155
115
-16
-131
-173
-178
-149
-129
-112
-111
-108
-105
-93
-81
-74
-49
-55
-57
-59
-85
-99
-108
-107
-70
-49
-44
15
36
47
38
85
119
222
271
287
243
165
115
-12
-44
-179
-223
-211
-187
-172
-169
-152
-143
-140
-114
-101
-95
-78
-97
-106
-111
-120
-130
-129
-110
-78
-53
-45
5
36
39
59
94
133
246
279
282
225
137
87
-25
-142
-204
-197
-171
-145
-140
-69
-172
-108
-81
-80
-61
-59
-45
-46
-57
-81
-98
-102
-80
-51
-45
2
52
61
91
95
115
120
247
297
325
293
209
129
34
-31
-129
-159
-140
-133
-97
-98
-82
-86
-76
-69
-44
-50
-41
-54
-10
-47
-41
-79
-95
-73
-57
-44
30
52
73
85
90
115
215
279
313
291
244
147
128
-35
-94
-183
-190
-164
-145
-134
-140
-126
-140
-101
-101
-81
-70
-57
-65
-94
-113
-117
-114
-105
-79
-51
-44
7
14
46
48
67
115
211
265
277
245
163
119
-19
-46
-197
-217
-211
-159
-175
-165
-154
-145
-140
-133
-118
-108
-77
-69
-76
-97
-118
-111
-118
-63
-76
-44
-37
15
45
57
78
127
136
266
307
307
257
159
130
-8
-59
-183
-198
-183
-155
-140
-119
-113
-105
-76
-74
-72
-46
-34
-49
-65
-70
-94
-79
-77
-44
-42
15
40
71
103
113
129
235
297
347
361
315
231
129
35
-38
-135
-172
-146
-140
-122
-119
-118
-113
-94
-74
-57
-62
-51
-51
-45
-44
-85
-103
-101
-74
-50
-41
16
32
70
99
113
127
240
299
319
302
223
115
71
-39
-140
-194
-178
-156
-159
-149
-111
-140
-124
-124
-108
-105
-97
-96
-93
-93
-117
-123
-113
-117
-98
-48
-41
-1
27
54
73
112
123
244
290
290
235
151
127
-28
-47
-183
-206
-185
-181
-157
-145
-158
-131
-124
-108
-111
-73
-76
-66
-69
-97
-130
-107
-108
-78
-44
-37
21
45
65
84
107
131
239
302
325
297
238
139
143
-28
-112
-151
-159
-140
-136
-105
-108
-93
-93
-73
-59
-45
-44
-37
-43
-43
-74
-82
-77
-69
-39
-53
27
41
69
102
115
143
240
305
337
327
271
175
132
-9
-45
-140
-167
-139
-138
-128
-126
-129
-117
-107
-93
-81
-65
-61
-69
-81
-109
-118
-119
-104
-76
-54
-44
15
24
57
87
119
135
261
310
309
259
187
134
-17
-51
-172
-202
-187
-172
-156
-157
-151
-140
-143
-122
-115
-119
-109
-107
-114
-129
-136
-140
-135
-117
-71
-43
-38
25
53
63
99
126
259
303
303
273
199
102
3
-54
-150
-161
-169
-154
-143
-137
-142
-140
-126
-119
-98
-73
-69
-76
-74
-101
-115
-109
-120
-85
-55
-49
-7
51
85
103
119
211
276
326
343
315
239
162
126
-17
-51
-139
-141
-122
-126
-124
-108
-101
-97
-76
-57
-54
-37
-44
-57
-93
-108
-120
-109
-75
-39
-46
21
46
59
95
119
123
243
335
355
339
270
171
134
-25
-44
-156
-162
-157
-149
-138
-140
-135
-139
-119
-108
-106
-85
-78
-97
-113
-124
-145
-137
-124
-105
-57
-49
-33
6
57
84
119
232
302
337
309
232
183
122
-28
-129
-179
-190
-188
-168
-160
-163
-167
-159
-145
-127
-103
-97
-97
-97
-119
-140
-140
-140
-130
-104
-66
-44
-27
36
70
99
135
249
308
340
335
281
199
135
-4
-41
-140
-162
-159
-155
-146
-136
-141
-124
-101
-93
-76
-63
-73
-66
-94
-99
-117
-110
-97
-70
-44
-41
17
61
84
115
124
255
317
371
372
323
232
143
127
-35
-108
-156
-151
-145
-120
-122
-118
-113
-108
-86
-83
-73
-59
-66
-71
-95
-111
-68
-118
-95
-47
-47
-28
42
67
102
119
244
301
355
351
293
210
131
15
-42
-153
-172
-165
-172
-165
-158
-158
-157
-140
-135
-113
-107
-93
-105
-115
-140
-140
-152
-140
-124
-93
-57
-38
-27
23
65
115
131
275
338
339
289
191
113
-11
-46
-166
-192
-187
-185
-165
-158
-166
-174
-149
-123
-117
-82
-77
-83
-119
-140
-147
-160
-150
-146
-76
-53
-47
36
67
114
141
251
341
379
374
325
225
139
20
-47
-135
-151
-145
-142
-137
-123
-110
-123
-109
-94
-77
-69
-73
-56
-110
-95
-106
-101
-98
-79
-53
-53
21
54
85
129
120
287
370
403
390
326
239
132
25
-44
-143
-172
-157
-153
-139
-133
-134
-123
-105
-105
-76
-102
-71
-93
-108
-122
-140
-156
-140
-124
-78
-47
-44
26
59
104
127
266
340
373
359
291
183
131
-17
-53
-161
-149
-171
-181
-157
-161
-165
-155
-141
-138
-123
-108
-113
-119
-109
-153
-172
-165
-154
-134
-94
-63
-48
5
43
88
133
265
335
372
362
292
191
129
-28
-43
-165
-185
-171
-167
-161
-165
-154
-141
-153
-119
-77
-76
-41
-69
-112
-146
-157
-154
-155
-108
-67
-43
21
52
85
120
209
318
381
407
378
307
197
120
-13
-49
-141
-140
-136
-123
-108
-119
-103
-103
-95
-76
-57
-69
-66
-65
-79
-102
-123
-123
-97
-79
-45
-43
9
52
87
115
162
283
379
415
383
310
212
133
-7
-44
-150
-170
-166
-170
-162
-149
-145
-129
-120
-108
-93
-83
-95
-97
-120
-131
-155
-166
-129
-108
-79
-44
-46
32
71
115
212
305
358
377
342
255
151
122
-28
-162
-182
-194
-177
-176
-171
-175
-172
-167
-156
-139
-117
-140
-28
-126
-149
-154
-162
-154
-141
-93
-65
-49
-34
24
75
115
227
325
373
372
353
276
170
129
-32
-95
-163
-172
-167
-157
-152
-158
-150
-140
-124
-85
-45
-46
-43
-73
-109
-145
-157
-150
-137
-78
-49
-37
25
82
117
136
293
419
419
447
371
279
165
110
-12
-66
-146
-140
-122
-134
-118
-119
-115
-117
-93
-71
-70
-81
-75
-102
-124
-155
-137
-123
-101
-63
-34
-1
43
78
110
131
281
375
419
415
353
262
126
11
-57
-162
-174
-172
-167
-165
-149
-155
-162
-157
-124
-101
-78
-79
-102
-119
-154
-174
-173
-172
-155
-111
-55
-41
2
50
103
119
291
340
402
387
295
199
130
-11
-39
-173
-206
-194
-183
-177
-181
-129
-163
-156
-129
-108
-108
-109
-132
-139
-156
-166
-167
-141
-108
-73
-44
-42
41
69
111
131
309
387
419
405
323
225
139
-7
-44
-151
-173
-170
-147
-158
-149
-149
-140
-105
-109
-78
-77
-70
-76
-79
-120
-131
-137
-117
-77
-43
-45
34
74
114
135
265
355
419
463
419
347
232
135
-9
-45
-143
-135
-156
-151
-149
-149
-141
-120
-107
-93
-76
-80
-44
-101
-115
-127
-146
-137
-135
-79
-44
-42
17
54
86
122
149
315
383
407
387
309
190
129
-28
-63
-172
-195
-188
-181
-158
-173
-177
-168
-165
-140
-109
-118
-98
-118
-137
-163
-166
-160
-161
-124
-76
-44
-45
21
63
91
138
277
372
405
374
265
201
135
-19
-55
-155
-195
-199
-190
-193
-188
-189
-171
-140
-124
-113
-101
-93
-106
-124
-140
-142
-149
-123
-95
-49
-48
25
56
81
115
124
302
382
419
407
338
223
127
17
-30
-145
-162
-161
-157
-153
-156
-141
-158
-145
-86
-27
-70
-69
-66
-97
-109
-107
-114
-93
