-390
-476
-483
-489
-474
-453
-361
-289
-217
-157
-135
-116
-138
-163
-192
-218
-223
-191
-134
-61
-32
115
280
487
714
907
987
930
787
584
342
126
-44
-354
-465
-517
-560
-521
-499
-460
-393
-319
-253
-135
-59
-42
-43
-166
-231
-300
-325
-317
-239
-140
-50
130
383
611
834
967
1011
891
703
475
186
-35
-305
-454
-531
-551
-546
-524
-466
-400
-320
-239
-178
-140
-127
-141
-179
-221
-269
-278
-243
-193
-109
-62
73
163
455
663
867
955
930
826
642
395
146
-47
-322
-433
-503
-512
-499
-475
-432
-351
-268
-174
-134
-101
-93
-116
-177
-221
-236
-239
-206
-141
-47
6
131
343
579
815
979
1011
930
743
531
267
132
-215
-371
-461
-492
-482
-459
-447
-361
-290
-217
-153
-103
-101
-113
-135
-175
-237
-253
-238
-183
-115
-32
114
249
466
715
899
1017
971
818
597
328
138
-85
-364
-476
-524
-526
-496
-461
-414
-338
-257
-198
-138
-109
-121
-156
-206
-239
-268
-273
-237
-169
-81
-45
131
361
611
810
963
963
827
640
397
151
-51
-317
-459
-524
-539
-519
-491
-448
-377
-300
-236
-167
-140
-118
-140
-169
-221
-268
-261
-240
-176
-82
-49
116
314
548
774
949
1011
911
756
534
270
118
-239
-410
-474
-493
-489
-479
-459
-385
-313
-247
-155
-54
-35
22
-28
-113
-229
-295
-316
-288
-213
-93
-41
143
500
745
983
1117
1070
915
674
418
145
-37
-318
-449
-492
-497
-490
-474
-397
-317
-243
-145
-79
-57
-54
-82
-142
-214
-245
-254
-213
-184
-83
-44
111
279
487
713
879
975
898
755
564
313
135
-165
-367
-471
-504
-524
-504
-463
-409
-330
-241
-172
-126
-101
-105
-137
-183
-237
-275
-274
-242
-157
-69
-35
115
359
611
821
960
950
826
649
406
143
-57
-343
-464
-519
-545
-531
-494
-463
-386
-305
-230
-154
-121
-108
-137
-167
-210
-258
-277
-253
-186
-108
-57
100
305
547
771
963
1035
930
757
543
283
123
-220
-396
-494
-524
-522
-492
-451
-392
-302
-219
-157
-111
-93
-103
-133
-173
-207
-247
-227
-177
-111
-43
114
275
484
738
969
1075
1045
849
629
391
143
-57
-317
-429
-485
-482
-490
-440
-405
-332
-265
-175
-141
-95
-81
-122
-157
-197
-241
-243
-200
-137
-63
18
123
397
629
859
1013
1012
884
691
451
177
-33
-317
-454
-520
-536
-506
-502
-464
-406
-337
-267
-161
-61
-53
-34
-49
-195
-279
-331
-329
-300
-199
-75
35
276
535
783
994
1048
971
786
562
283
116
-261
-428
-540
-559
-556
-543
-492
-429
-333
-265
-183
-134
-120
-124
-158
-207
-255
-267
-253
-221
-140
-45
25
122
387
634
859
1007
1013
884
691
469
183
-33
-286
-430
-499
-524
-524
-496
-459
-393
-287
-202
-143
-122
-87
-101
-140
-190
-230
-226
-208
-156
-69
-44
123
340
585
815
999
1076
999
805
577
299
127
-202
-379
-469
-513
-506
-492
-444
-396
-317
-236
-170
-127
-101
-103
-119
-158
-221
-216
-236
-193
-108
-44
107
255
483
734
930
1047
1012
853
633
385
123
-51
-350
-460
-517
-524
-530
-511
-469
-394
-302
-232
-173
-150
-134
-171
-190
-236
-246
-246
-229
-165
-76
-47
116
363
595
809
993
1015
899
706
473
177
-28
-300
-459
-538
-558
-584
-542
-507
-433
-352
-264
-197
-158
-147
-159
-184
-205
-259
-231
-215
-161
-85
-37
115
299
523
757
948
1059
1003
795
577
329
131
-156
-364
-473
-523
-524
-517
-492
-433
-351
-270
-201
-146
-128
-118
-140
-140
-199
-201
-195
-169
-71
-44
94
232
463
705
923
1071
1065
917
711
466
186
-37
-286
-428
-495
-517
-517
-481
-460
-399
-327
-236
-143
-44
-44
-34
-33
-194
-268
-295
-300
-237
-139
-47
127
411
671
930
1127
1153
1018
798
539
245
18
-277
-449
-524
-571
-573
-546
-506
-435
-348
-253
-191
-141
-119
-140
-166
-207
-233
-245
-226
-191
-95
-44
95
131
418
661
863
982
993
879
660
407
148
-35
-353
-486
-556
-572
-559
-551
-491
-422
-326
-257
-187
-145
-131
-141
-172
-194
-226
-224
-203
-141
-59
-31
131
353
567
803
1003
1070
980
789
555
279
118
-230
-397
-492
-543
-540
-527
-495
-428
-346
-266
-182
-136
-109
-97
-131
-158
-186
-199
-208
-171
-82
-37
107
277
501
762
1003
1123
1099
928
699
399
131
-41
-345
-476
-518
-535
-521
-505
-453
-389
-316
-213
-119
-44
-45
-21
-31
-187
-252
-291
-303
-236
-137
-45
121
399
689
918
1139
1170
1039
799
532
233
-25
-311
-453
-553
-568
-586
-556
-506
-445
-357
-268
-173
-140
-111
-109
-157
-191
-229
-259
-236
-194
-109
-43
79
137
418
681
885
1015
1003
855
631
366
126
-43
-369
-531
-605
-609
-585
-563
-490
-405
-318
-225
-141
-108
-81
-115
-156
-186
-213
-231
-223
-178
-108
-44
119
338
577
815
1043
1091
993
789
537
263
39
-269
-439
-531
-545
-554
-522
-482
-413
-332
-235
-151
-101
-73
-95
-116
-158
-201
-207
-207
-174
-93
-45
98
291
533
782
1025
1143
1076
887
651
375
138
-37
-373
-486
-530
-530
-512
-485
-423
-341
-251
-173
-131
-95
-81
-105
-140
-173
-204
-225
-204
-139
-53
-28
128
406
667
915
1091
1081
923
695
418
155
-39
-347
-480
-547
-556
-543
-525
-487
-410
-331
-248
-168
-108
-108
-129
-140
-190
-236
-246
-225
-187
-110
-45
123
317
561
807
1001
1059
930
724
491
201
-28
-320
-485
-554
-581
-571
-551
-492
-446
-344
-253
-174
-133
-111
-123
-157
-184
-221
-239
-232
-181
-108
-35
96
282
531
761
983
1091
1027
830
583
313
126
-249
-428
-503
-558
-535
-509
-474
-418
-326
-243
-173
-112
-76
-85
-114
-149
-172
-211
-207
-181
-116
-44
79
132
467
731
987
1109
1099
930
693
418
135
-49
-332
-472
-528
-552
-507
-472
-428
-375
-315
-204
-84
-44
-1
-12
-45
-193
-250
-293
-302
-247
-127
-37
127
393
642
911
1095
1123
994
765
498
195
-33
-327
-481
-552
-571
-539
-522
-475
-411
-309
-237
-162
-125
-109
-114
-150
-199
-241
-259
-251
-203
-140
-47
66
187
503
758
975
1062
995
799
563
283
134
-251
-460
-535
-579
-585
-556
-512
-441
-361
-279
-181
-126
-93
-98
-140
-171
-230
-261
-249
-213
-140
-60
-39
123
418
679
914
1079
1059
915
690
418
147
-31
-345
-482
-539
-550
-533
-507
-434
-361
-270
-204
-128
-85
-79
-101
-141
-172
-201
-222
-211
-147
-65
-43
135
372
629
883
1089
1123
991
795
523
242
35
-268
-410
-505
-529
-497
-492
-460
-389
-299
-213
-151
-97
-75
-77
-123
-172
-216
-230
-224
-178
-93
-31
116
289
513
761
973
1076
1019
823
583
351
112
-214
-403
-526
-557
-539
-525
-485
-443
-369
-278
-203
-141
-124
-140
-142
-188
-225
-238
-253
-219
-153
-56
-21
127
413
667
875
1027
1027
867
655
385
131
-53
-378
-497
-555
-569
-557
-530
-481
-398
-302
-237
-177
-154
-139
-169
-171
-199
-230
-219
-215
-142
-75
-41
131
371
628
874
1076
1094
979
743
485
211
-31
-305
-460
-531
-534
-534
-519
-462
-387
-304
-218
-161
-130
-106
-114
-137
-174
-204
-208
-190
-140
-66
-42
116
345
596
845
1066
1146
1019
830
587
301
133
-240
-413
-501
-525
-534
-485
-469
-414
-337
-236
-141
-76
-44
-53
-109
-156
-223
-271
-299
-257
-172
-59
91
295
553
829
1059
1163
1077
887
633
343
119
-225
-428
-525
-572
-571
-553
-508
-455
-365
-273
-193
-153
-139
-125
-151
-191
-223
-250
-237
-207
-142
-60
-38
134
395
649
867
1057
1044
903
675
418
145
-45
-363
-500
-561
-579
-563
-523
-492
-403
-320
-240
-172
-141
-122
-137
-173
-197
-233
-237
-215
-170
-93
-57
115
340
609
829
1059
1087
1009
803
525
259
72
-267
-428
-514
-540
-554
-521
-485
-402
-331
-218
-150
-73
-57
-76
-130
-171
-194
-226
-213
-184
-102
-44
111
275
525
803
1031
1131
1091
890
657
373
126
-41
-365
-475
-503
-526
-508
-482
-413
-325
-249
-177
-134
-108
-99
-112
-159
-203
-221
-219
-195
-114
-39
66
135
418
679
905
1059
1031
899
671
405
135
-39
-353
-476
-540
-542
-544
-517
-455
-393
-298
-231
-173
-139
-126
-145
-167
-207
-236
-231
-213
-157
-93
-45
120
341
582
818
997
1057
930
722
467
179
-39
-332
-494
-546
-572
-556
-524
-486
-430
-363
-253
-159
-72
-37
-44
-149
-216
-277
-285
-327
-267
-172
-59
115
323
591
867
1105
1171
1051
832
558
262
103
-273
-449
-526
-530
-541
-517
-446
-390
-302
-236
-162
-110
-76
-75
-122
-153
-212
-219
-216
-172
-95
-43
89
175
510
746
973
1129
1108
928
693
416
135
-45
-349
-476
-533
-537
-510
-463
-416
-331
-257
-151
-108
-73
-59
-87
-130
-172
-221
-232
-220
-150
-73
-34
134
368
631
875
1051
1099
961
742
487
181
-47
-329
-470
-555
-558
-544
-524
-463
-382
-297
-227
-154
-118
-102
-133
-165
-204
-236
-251
-231
-205
-125
-54
103
295
559
810
999
1059
995
779
535
225
-25
-300
-451
-556
-566
-562
-541
-489
-433
-364
-257
-177
-112
-79
-105
-133
-178
-216
-251
-248
-208
-149
-45
54
134
511
769
1007
1119
1044
875
627
347
121
-207
-413
-509
-555
-545
-524
-497
-427
-345
-265
-174
-128
-95
-61
-109
-140
-174
-210
-214
-184
-133
-37
48
138
447
695
947
1123
1090
953
723
474
167
-37
-339
-463
-522
-528
-527
-493
-445
-366
-268
-189
-127
-93
-65
-77
-121
-167
-207
-223
-217
-161
-93
-45
126
361
623
887
1095
1135
995
763
495
201
-32
-334
-492
-556
-572
-562
-528
-486
-410
-332
-253
-172
-136
-109
-116
-142
-181
-223
-243
-237
-189
-129
-43
105
267
523
785
1032
1115
1027
809
550
245
-15
-330
-480
-573
-605
-575
-555
-517
-459
-374
-279
-193
-119
-93
-94
-135
-191
-231
-253
-273
-227
-165
-76
-30
126
499
766
1025
1167
1066
915
661
378
127
-173
-396
-521
-558
-559
-523
-490
-443
-348
-287
-194
-136
-108
-107
-101
-129
-174
-198
-226
-193
-129
-45
51
134
459
719
995
1175
1182
983
747
478
174
-28
-328
-461
-530
-527
-518
-502
-449
-377
-273
-191
-120
-85
-78
-93
-130
-187
-202
-219
-211
-145
-76
-43
116
395
667
930
1141
1161
1019
783
507
198
-47
-332
-481
-540
-571
-555
-524
-477
-402
-328
-235
-165
-129
-114
-116
-151
-181
-220
-222
-223
-170
-93
-54
111
339
611
870
1083
1127
1017
783
507
187
-45
-349
-492
-567
-605
-559
-529
-479
-401
-325
-249
-187
-135
-115
-129
-150
-190
-220
-210
-206
-157
-81
-45
134
355
629
891
1119
1183
1043
807
533
233
-21
-318
-473
-553
-556
-554
-509
-477
-397
-345
-250
-122
-45
-31
-4
-54
-142
-227
-262
-299
-252
-137
-44
137
379
675
979
1193
1269
1126
867
571
273
19
-279
-449
-523
-555
-529
-511
-454
-383
-296
-208
-136
-76
-57
-69
-125
-149
-181
-197
-203
-171
-79
-49
112
298
550
811
1075
1171
1075
882
629
320
131
-271
-449
-550
-605
-584
-549
-517
-448
-348
-266
-172
-95
-76
-61
-102
