-27
-153
-166
-202
-197
-190
-210
-205
-201
-145
-97
-76
-46
-27
-51
-108
-192
-265
-321
-322
-298
-262
-172
-99
-37
131
389
599
740
782
694
558
376
213
135
-53
-138
-160
-182
-178
-187
-207
-203
-175
-153
-95
-37
-44
-43
-47
-123
-187
-272
-312
-321
-316
-282
-209
-114
-36
117
370
570
707
731
666
523
341
178
-9
-57
-198
-209
-204
-220
-220
-236
-240
-219
-178
-138
-80
-61
-58
-97
-156
-238
-309
-330
-378
-348
-313
-236
-145
-48
135
361
547
660
719
628
484
301
146
-27
-149
-197
-203
-216
-214
-236
-238
-231
-231
-171
-129
-79
-53
-33
-95
-155
-247
-302
-336
-330
-345
-273
-181
-110
-45
129
399
603
709
727
656
513
305
147
-12
-43
-172
-181
-187
-182
-193
-217
-199
-186
-125
-102
-49
-49
-12
-49
-140
-207
-273
-301
-313
-300
-258
-162
-56
-28
135
467
650
754
769
674
484
310
161
-17
-45
-156
-167
-173
-202
-204
-205
-216
-190
-183
-138
-44
62
85
17
-42
-236
-370
-424
-439
-418
-318
-200
-75
-25
181
467
631
715
731
627
473
287
122
-22
-162
-217
-234
-250
-239
-250
-245
-236
-190
-165
-143
-74
-69
-61
-108
-127
-268
-314
-378
-390
-342
-306
-229
-134
-44
116
323
533
643
683
618
506
330
143
-27
-143
-209
-239
-223
-225
-235
-236
-235
-194
-141
-108
-60
-41
-44
-44
-133
-209
-295
-333
-342
-328
-302
-229
-137
-31
120
343
569
703
743
683
555
379
210
129
-31
-156
-194
-187
-197
-196
-221
-206
-172
-127
-86
-29
-42
17
-29
-44
-171
-251
-299
-342
-332
-303
-225
-133
-53
123
369
585
719
803
734
590
384
199
108
-49
-157
-178
-200
-207
-203
-204
-213
-187
-149
-102
-54
-45
-37
-26
-44
-204
-279
-366
-370
-369
-334
-251
-158
-45
107
322
499
659
743
683
563
391
203
101
-44
-203
-225
-239
-251
-236
-253
-261
-232
-197
-150
-93
-50
-46
-53
-107
-210
-284
-367
-382
-366
-341
-285
-193
-86
-26
217
476
665
731
707
579
404
227
130
-61
-176
-221
-214
-214
-219
-224
-216
-206
-185
-127
-65
-37
9
-12
-43
-175
-246
-331
-364
-383
-331
-245
-160
-76
10
275
494
679
771
759
643
479
267
125
-34
-143
-172
-167
-171
-178
-184
-185
-181
-129
-94
-28
-44
18
10
-28
-129
-207
-299
-325
-319
-314
-253
-171
-82
-31
195
473
673
789
759
631
475
276
135
-44
-176
-204
-203
-207
-219
-214
-220
-213
-162
-145
-93
-41
-57
-44
-47
-161
-239
-328
-364
-383
-366
-300
-223
-135
-41
142
451
646
727
719
617
419
244
131
-53
-201
-239
-242
-236
-259
-254
-251
-229
-191
-159
-93
-61
-41
-39
-46
-172
-265
-332
-383
-405
-350
-325
-221
-133
-41
130
467
646
739
730
611
462
277
129
-38
-152
-197
-197
-201
-206
-220
-204
-214
-173
-108
-75
-49
-42
-12
-27
-76
-195
-289
-335
-355
-337
-277
-193
-108
-44
148
502
689
787
787
659
483
282
122
-41
-141
-163
-177
-166
-189
-172
-185
-182
-138
-108
-53
-44
5
9
-35
-57
-194
-296
-331
-359
-332
-288
-162
-95
-45
131
483
661
735
731
628
483
278
115
-47
-159
-208
-202
-221
-205
-217
-225
-223
-202
-172
-133
-44
-15
75
27
-28
-217
-348
-427
-469
-465
-391
-265
-127
-55
130
419
626
726
731
628
479
277
123
-49
-203
-232
-232
-249
-238
-231
-221
-221
-190
-151
-99
-44
-44
-30
-45
-137
-230
-306
-350
-353
-353
-296
-219
-140
-44
125
354
554
679
738
675
535
371
192
84
-53
-166
-191
-215
-204
-213
-202
-205
-172
-129
-75
-46
-13
17
-11
-44
-153
-255
-300
-337
-343
-302
-236
-119
-53
117
361
567
719
791
735
587
405
221
135
-49
-142
-157
-185
-169
-169
-202
-201
-171
-141
-103
-30
-57
-11
-11
-33
-159
-247
-331
-367
-357
-332
-277
-193
-57
74
326
528
687
779
723
591
407
195
112
-65
-197
-220
-223
-225
-223
-230
-231
-217
-172
-142
-85
-55
-22
-21
-46
-170
-295
-364
-401
-401
-381
-306
-205
-108
-39
184
499
647
747
707
593
393
212
114
-47
-205
-235
-225
-236
-236
-225
-231
-204
-173
-125
-76
-43
-49
-39
-61
-173
-268
-326
-366
-386
-364
-295
-203
-93
-18
307
547
703
801
759
631
462
250
138
-37
-181
-194
-204
-197
-199
-181
-187
-202
-181
-140
-76
-37
87
87
21
-23
-229
-364
-412
-464
-414
-303
-165
-44
108
355
599
742
841
793
648
491
281
134
-40
-157
-201
-208
-187
-219
-201
-186
-194
-141
-115
-76
-33
-19
-15
-45
-140
-230
-315
-370
-374
-367
-290
-209
-129
-34
116
449
625
735
727
651
489
309
123
-30
-153
-217
-239
-236
-247
-255
-257
-247
-204
-156
-121
-46
-60
-44
-46
-169
-246
-327
-386
-397
-393
-348
-262
-171
-51
112
389
593
727
756
660
519
322
139
-14
-158
-217
-227
-234
-246
-235
-255
-214
-195
-159
-108
-55
-54
-12
-27
-30
-189
-284
-348
-382
-376
-313
-251
-140
-50
118
419
660
769
819
731
562
383
197
43
-12
-174
-204
-214
-216
-188
-210
-191
-173
-127
-45
-44
3
20
-10
-33
-167
-249
-318
-349
-342
-322
-239
-143
-48
125
403
599
766
827
751
599
419
202
125
-44
-185
-227
-213
-221
-225
-207
-223
-204
-159
-93
-51
-52
-27
-23
-47
-206
-302
-343
-402
-396
-357
-279
-186
-73
105
363
573
715
771
702
567
370
179
3
-118
-199
-232
-239
-232
-240
-268
-257
-249
-183
-135
-95
-63
-30
-87
-129
-191
-302
-353
-411
-397
-373
-300
-205
-67
80
341
569
725
771
723
587
379
191
43
-41
-190
-224
-221
-235
-223
-235
-231
-204
-159
-133
-62
-40
-38
-15
-38
-181
-268
-338
-360
-374
-349
-261
-173
-57
119
347
569
761
779
742
613
419
225
122
-44
-151
-190
-209
-192
-193
-195
-181
-173
-140
-75
-45
-38
-11
-29
-45
-177
-277
-338
-364
-364
-343
-277
-174
-53
116
357
587
743
803
743
593
395
212
107
-18
-171
-214
-217
-220
-236
-230
-225
-191
-167
-125
-93
-53
-33
-73
-140
-220
-300
-348
-391
-410
-371
-283
-193
-70
102
350
567
707
757
677
559
355
153
-15
-149
-221
-225
-245
-236
-251
-277
-263
-254
-200
-139
-95
-47
-45
-50
-156
-229
-303
-387
-413
-407
-355
-275
-155
-37
121
419
626
743
775
703
547
359
161
0
-53
-172
-191
-204
-197
-220
-220
-215
-200
-155
-101
-34
-45
-25
-17
-54
-172
-268
-332
-354
-347
-319
-221
-131
-30
131
419
639
783
822
751
547
376
187
115
-39
-140
-190
-161
-183
-177
-204
-207
-177
-118
-71
-44
-24
-7
-28
-34
-188
-283
-327
-364
-348
-325
-249
-148
-62
131
419
643
767
803
679
539
327
132
-21
-154
-200
-204
-215
-210
-225
-231
-213
-205
-145
-125
-77
-34
-51
-77
-165
-251
-309
-363
-385
-402
-359
-285
-172
-54
127
392
596
713
723
628
462
287
145
-42
-185
-221
-240
-246
-238
-249
-253
-250
-236
-225
-190
-80
-39
47
3
-45
-250
-369
-475
-506
-491
-389
-278
-143
-42
127
503
675
785
762
642
483
303
133
-24
-141
-181
-199
-217
-203
-189
-200
-194
-169
-105
-61
-41
-33
-23
-44
-118
-217
-282
-332
-323
-322
-254
-194
-75
-47
115
419
627
753
788
694
563
372
202
110
-29
-133
-152
-165
-187
-185
-172
-191
-165
-105
-46
-37
-25
-7
-13
-44
-188
-267
-332
-342
-332
-301
-258
-145
-49
136
403
619
747
769
695
532
337
147
-13
-85
-175
-190
-194
-205
-214
-219
-225
-214
-157
-115
-61
-44
-43
-53
-145
-220
-329
-382
-410
-396
-378
-296
-182
-65
123
371
563
693
734
661
505
315
131
-15
-140
-193
-221
-214
-207
-219
-238
-243
-198
-173
-103
-71
-49
-46
-44
-106
-207
-295
-351
-395
-392
-349
-267
-187
-73
87
340
564
707
771
721
587
399
199
178
-43
-141
-159
-173
-171
-194
-204
-217
-182
-140
-77
-54
-21
23
0
-30
-172
-261
-329
-367
-349
-319
-251
-158
-44
116
356
567
735
807
765
603
419
251
125
-35
-110
-143
-165
-172
-179
-199
-209
-181
-140
-99
-62
-44
-29
-24
-43
-197
-259
-345
-383
-386
-364
-318
-203
-110
-30
291
529
721
766
729
599
417
216
115
-50
-156
-192
-209
-201
-221
-221
-225
-197
-183
-133
-93
-42
-46
-50
-134
-204
-294
-397
-412
-428
-398
-325
-251
-112
-44
303
523
693
751
683
564
385
187
112
-35
-170
-186
-200
-205
-204
-204
-230
-199
-162
-137
-76
-55
-17
-27
-45
-190
-282
-349
-366
-385
-361
-270
-223
-101
-21
303
539
707
782
739
609
419
244
131
-29
-130
-156
-165
-171
-185
-204
-189
-172
-147
-79
-62
-33
26
7
-28
-108
-215
-307
-339
-363
-332
-268
-204
-101
-44
130
490
659
751
751
631
475
309
135
-23
-45
-146
-176
-181
-221
-202
-204
-203
-177
-112
-62
-34
-43
-37
-61
-134
-231
-316
-359
-381
-378
-353
-254
-162
-55
122
403
593
723
719
635
489
302
123
-23
-140
-169
-202
-202
-204
-225
-231
-231
-185
-151
-127
-76
-51
-49
-97
-153
-235
-309
-364
-395
-405
-363
-305
-229
-62
107
339
569
705
759
664
506
333
155
-12
-44
-151
-184
-189
-175
-206
-201
-199
-173
-145
-93
-44
-30
0
-13
-48
-186
-274
-331
-367
-374
-343
-286
-187
-93
37
328
547
707
761
714
591
407
232
149
-28
-114
-140
-152
-183
-162
-187
-172
-146
-115
-65
-49
-26
34
6
-30
-127
-254
-287
-330
-358
-316
-302
-203
-119
-29
122
468
654
745
725
629
481
293
131
-23
-93
-159
-167
-192
-202
-201
-214
-190
-172
-125
-77
-30
-45
-18
-46
-140
-216
-315
-357
-378
-386
-361
-274
-177
-61
116
356
564
694
711
643
495
306
116
-22
-156
-173
-187
-204
-198
-217
-240
-236
-221
-172
-162
-101
-45
52
94
-21
-209
-332
-438
-497
-503
-445
-330
-204
-75
107
358
563
697
739
679
551
372
179
87
-53
-133
-166
-179
-190
-195
-197
-182
-177
-139
-85
-46
-18
0
-7
-45
-163
-236
-315
-349
-349
-332
-284
-204
-119
-37
135
419
607
727
763
673
532
372
178
69
-37
-133
-150
-161
-161
-177
-173
-165
-140
-94
-44
-44
10
3
-12
-51
-167
-268
-314
-361
-373
-327
-277
-198
-107
93
341
555
675
755
692
547
383
192
131
-43
-149
-157
-172
-206
-213
-203
-221
-185
-149
-112
-47
-62
-19
-28
-61
-177
-289
-371
-409
-386
-383
-327
-253
-162
-41
137
468
651
703
679
563
383
227
139
-49
-150
-172
-189
-199
-202
-217
-232
-217
-162
-139
-75
-45
-25
-44
-39
-147
-235
-319
-393
-402
-380
-349
-287
-176
-43
118
403
601
724
733
647
497
334
151
3
-53
-125
-140
-166
-169
-200
-183
-187
-167
-120
-75
-39
-7
3
-11
-44
-147
-258
-315
-354
-346
-300
-246
-175
-85
18
323
554
707
789
731
602
449
251
131
-22
-49
-122
-125
-149
-158
-187
-189
-172
-129
-76
-24
