-175
-274
-358
-426
-451
-444
-429
-409
-369
-351
-338
-348
-341
-331
-317
-265
-235
-186
-141
-93
-43
-30
105
143
379
514
641
715
742
751
719
649
547
419
305
191
127
-13
-158
-251
-335
-384
-405
-414
-386
-361
-337
-305
-303
-299
-300
-297
-269
-236
-205
-165
-117
-62
-17
7
117
245
404
543
635
707
741
746
686
614
501
379
271
136
17
-35
-229
-307
-389
-433
-455
-455
-448
-403
-396
-385
-349
-362
-359
-341
-314
-273
-232
-186
-155
-101
-54
-45
116
262
395
526
609
660
675
673
627
527
411
307
190
143
-30
-176
-271
-364
-425
-460
-470
-463
-455
-396
-395
-365
-367
-363
-361
-344
-289
-268
-220
-189
-140
-104
-43
-18
131
291
449
587
673
714
707
691
641
564
465
343
227
119
-13
-99
-248
-326
-380
-417
-423
-413
-396
-364
-332
-329
-322
-309
-306
-295
-255
-219
-181
-139
-83
-38
-18
99
139
389
532
645
718
756
743
719
661
571
447
345
208
143
-24
-155
-245
-332
-394
-413
-417
-410
-377
-361
-345
-334
-315
-314
-299
-297
-273
-236
-201
-154
-106
-47
-33
95
131
359
510
596
675
699
690
653
589
485
379
259
143
14
-28
-242
-332
-403
-441
-460
-453
-457
-428
-412
-368
-354
-368
-364
-347
-331
-305
-258
-234
-185
-140
-81
-40
77
134
351
484
596
659
687
675
627
564
467
349
250
143
20
-44
-235
-311
-401
-439
-465
-465
-435
-412
-373
-362
-333
-345
-349
-328
-281
-243
-211
-156
-109
-60
-38
75
122
295
419
571
673
721
735
730
675
597
506
373
272
158
79
-44
-225
-300
-342
-406
-410
-396
-364
-359
-341
-319
-298
-297
-290
-279
-252
-222
-185
-139
-101
-43
-39
77
131
308
458
570
659
719
727
693
660
571
467
351
228
134
-15
-93
-242
-349
-401
-430
-445
-441
-428
-417
-368
-377
-363
-354
-342
-330
-300
-263
-221
-185
-141
-93
-43
-12
127
277
403
539
627
678
689
659
601
526
405
291
178
137
-39
-190
-298
-374
-445
-475
-491
-470
-444
-415
-392
-378
-386
-368
-347
-333
-299
-253
-213
-157
-113
-70
-41
65
137
331
474
594
675
699
711
683
624
546
419
323
198
132
-21
-179
-282
-343
-397
-433
-444
-429
-407
-380
-351
-332
-321
-300
-277
-262
-225
-202
-147
-101
-57
-41
37
119
254
402
531
655
710
753
756
707
629
534
419
309
186
147
-13
-173
-259
-334
-395
-410
-417
-395
-386
-359
-341
-323
-325
-313
-300
-287
-237
-207
-173
-139
-72
-50
-29
110
143
374
515
617
671
709
687
643
579
484
379
265
152
90
-44
-245
-343
-426
-481
-497
-492
-473
-443
-426
-398
-380
-364
-354
-341
-301
-284
-239
-197
-146
-103
-51
-37
118
229
397
518
606
663
675
658
607
525
419
323
193
135
-12
-101
-247
-332
-410
-445
-461
-446
-430
-402
-370
-364
-362
-350
-331
-306
-275
-236
-197
-140
-85
-55
-39
97
133
349
483
603
691
739
747
724
651
558
453
347
234
148
-10
-44
-266
-331
-396
-416
-428
-412
-377
-355
-323
-332
-306
-310
-290
-261
-225
-189
-145
-112
-46
-38
45
139
228
371
530
633
689
725
725
693
627
519
419
286
179
121
-26
-169
-271
-357
-418
-460
-447
-430
-417
-389
-385
-358
-358
-363
-348
-321
-283
-237
-203
-150
-106
-55
-37
100
131
358
505
603
667
699
692
627
565
468
339
228
131
-5
-40
-245
-349
-437
-477
-504
-478
-471
-445
-428
-402
-389
-374
-381
-359
-317
-270
-236
-170
-135
-74
-38
39
126
291
419
551
659
718
727
699
638
554
454
338
243
134
-9
-53
-221
-300
-366
-424
-433
-413
-391
-361
-349
-332
-322
-332
-323
-303
-265
-242
-191
-142
-95
-40
-44
90
131
347
483
611
707
771
771
737
679
584
501
383
269
169
34
-47
-246
-329
-393
-441
-442
-439
-401
-381
-370
-359
-348
-314
-301
-274
-236
-215
-165
-119
-74
-45
-38
98
126
361
500
614
691
723
711
659
596
495
372
274
154
52
-39
-201
-286
-386
-446
-481
-465
-465
-433
-412
-373
-385
-382
-390
-367
-341
-305
-259
-209
-169
-133
-75
-37
102
171
383
519
607
671
707
691
627
547
419
315
201
130
3
-40
-203
-311
-383
-438
-470
-462
-438
-409
-383
-367
-364
-357
-358
-338
-292
-263
-210
-167
-119
-55
-31
78
146
310
455
596
689
746
739
724
679
583
488
391
279
147
24
-21
-234
-319
-380
-421
-431
-423
-391
-373
-354
-321
-325
-302
-282
-269
-236
-203
-151
-108
-54
-42
46
126
219
366
519
629
706
746
739
691
627
535
419
309
211
126
-22
-155
-253
-351
-415
-441
-457
-443
-424
-396
-383
-374
-361
-369
-338
-310
-277
-253
-214
-153
-110
-49
-37
107
137
369
500
595
663
707
692
647
565
479
351
239
143
6
-38
-218
-332
-396
-446
-475
-487
-471
-444
-425
-403
-409
-385
-385
-364
-330
-300
-254
-209
-161
-109
-53
-27
111
143
375
513
615
683
710
719
657
585
500
391
294
169
113
-37
-214
-309
-374
-423
-447
-451
-411
-396
-355
-351
-337
-321
-314
-300
-263
-229
-183
-142
-85
-45
-12
83
123
301
419
569
685
731
769
753
687
613
510
387
283
167
133
-23
-178
-270
-353
-381
-412
-409
-402
-365
-364
-338
-315
-332
-334
-315
-293
-251
-201
-155
-109
-43
-31
53
133
291
419
566
647
706
715
694
633
547
446
322
209
139
-5
-49
-262
-332
-397
-447
-446
-451
-454
-422
-399
-389
-390
-379
-370
-345
-317
-271
-247
-205
-141
-81
-43
-31
117
235
379
530
611
659
675
660
617
527
419
305
203
142
-15
-42
-239
-329
-412
-455
-460
-449
-432
-401
-395
-380
-374
-358
-338
-321
-291
-236
-216
-156
-130
-58
-22
84
131
321
481
599
681
730
745
723
646
561
458
351
212
131
0
-44
-226
-315
-374
-417
-425
-412
-378
-345
-346
-337
-323
-312
-278
-268
-236
-197
-152
-108
-44
-44
37
115
197
375
514
642
698
729
743
709
629
531
419
308
198
137
0
-109
-239
-331
-410
-446
-439
-439
-401
-383
-368
-364
-362
-367
-350
-331
-290
-259
-216
-153
-110
-53
-39
74
143
339
475
582
666
692
692
641
575
487
367
259
143
85
-43
-193
-290
-390
-452
-487
-493
-476
-453
-415
-389
-398
-390
-380
-363
-350
-309
-267
-220
-173
-97
-60
-44
103
153
356
503
611
675
705
699
650
575
495
378
271
159
129
-31
-161
-253
-322
-399
-431
-418
-348
-375
-359
-348
-349
-345
-325
-334
-301
-254
-201
-165
-102
-44
-25
52
139
276
419
561
655
723
763
743
699
621
531
407
308
185
147
-13
-118
-236
-325
-396
-403
-407
-393
-365
-342
-344
-327
-337
-332
-330
-303
-261
-219
-163
-109
-62
-42
49
120
255
387
531
627
681
727
723
651
566
463
353
244
141
30
-41
-192
-300
-387
-433
-460
-450
-444
-425
-397
-397
-393
-407
-371
-372
-330
-284
-255
-209
-149
-109
-47
-41
99
195
395
519
613
660
683
660
613
523
419
308
199
139
-19
-98
-243
-337
-400
-444
-447
-454
-427
-399
-386
-377
-363
-375
-360
-343
-297
-255
-218
-171
-118
-55
-45
80
130
321
456
590
673
723
735
713
631
562
458
342
223
142
10
-28
-182
-267
-348
-390
-430
-402
-369
-349
-335
-333
-317
-289
-311
-290
-267
-223
-172
-123
-76
-42
-13
99
139
343
501
617
703
735
731
719
655
559
419
323
211
139
17
-38
-225
-319
-396
-428
-451
-437
-412
-385
-364
-363
-366
-375
-345
-344
-286
-262
-220
-171
-112
-67
-44
71
142
338
483
593
673
695
699
641
571
477
363
255
150
43
-28
-222
-313
-386
-443
-487
-476
-460
-445
-412
-402
-396
-389
-385
-373
-347
-325
-275
-224
-165
-110
-65
-37
97
133
379
527
628
694
707
690
648
570
451
346
239
147
20
-44
-187
-285
-361
-418
-437
-425
-405
-376
-369
-339
-346
-332
-324
-311
-286
-251
-201
-157
-102
-66
-25
78
148
308
481
599
705
741
759
745
675
587
489
377
275
166
126
-35
-199
-293
-373
-411
-447
-412
-380
-350
-339
-315
-332
-325
-332
-287
-273
-241
-204
-158
-103
-53
-33
111
143
363
501
603
689
731
715
690
611
506
390
279
159
133
-37
-174
-271
-361
-429
-448
-469
-443
-415
-389
-383
-375
-362
-388
-380
-345
-307
-265
-221
-172
-115
-63
-31
87
130
357
500
601
662
695
683
614
531
419
337
212
143
-9
-41
-213
-298
-396
-454
-476
-449
-429
-390
-383
-377
-368
-381
-373
-363
-328
-293
-236
-182
-131
-76
-28
52
126
312
470
597
691
727
751
731
660
567
468
335
215
136
22
-29
-201
-305
-373
-431
-417
-416
-377
-354
-332
-332
-328
-331
-321
-299
-262
-222
-175
-124
-76
-61
43
125
258
419
563
667
735
774
773
715
632
526
399
295
180
131
-30
-172
-263
-348
-408
-437
-437
-409
-390
-367
-350
-351
-346
-347
-332
-316
-289
-239
-194
-166
-98
-49
-41
117
277
415
561
661
699
711
683
610
543
419
309
191
131
-12
-134
-236
-329
-412
-469
-487
-463
-451
-413
-382
-384
-386
-395
-395
-369
-345
-303
-255
-214
-169
-96
-42
-12
129
340
495
614
703
722
730
679
603
499
386
276
177
129
-21
-167
-267
-365
-430
-451
-455
-445
-411
-378
-354
-332
-337
-333
-332
-309
-261
-225
-181
-137
-85
-40
42
131
308
486
615
711
793
789
759
694
603
501
372
239
148
43
-37
-178
-265
-353
-402
-423
-396
-388
-343
-318
-307
-306
-325
-330
-323
-290
-265
-204
-172
-122
-61
-34
83
150
371
532
645
723
747
747
695
628
537
411
308
211
139
-41
-194
-317
-407
-453
-490
-492
-461
-431
-397
-385
-359
-364
-365
-352
-329
-307
-267
-219
-161
-105
-74
-18
99
249
417
551
659
711
719
679
617
529
411
303
193
148
-28
-149
-263
-348
-433
-467
-495
-488
-444
-413
-387
-367
-363
-380
-364
-366
-338
-289
-234
-174
-129
-73
-37
81
144
378
547
661
719
763
763
711
643
534
419
307
194
125
-24
-108
-257
-354
-417
-431
-455
-419
-382
-361
-346
-333
-316
-330
-302
-293
-247
-200
-154
-121
-44
-22
95
133
355
513
655
731
803
807
755
685
596
499
361
251
139
20
-45
-193
-305
-389
-436
-458
-433
-397
-364
-343
-354
-335
-338
-349
-328
-303
-283
-229
-170
-111
-55
-33
95
129
387
544
660
723
746
735
671
587
479
372
240
131
10
-44
-211
-314
-408
-462
-508
-489
-460
-421
-412
-391
-398
-406
-413
-396
-375
-314
-282
-229
-172
-102
-43
-31
137
293
473
603
674
719
724
675
629
515
419
297
185
143
-20
-139
-255
-350
-433
-462
-473
-444
-415
-387
-364
-358
-357
-363
-359
-331
-300
-252
-192
-137
-77
-28
52
127
295
467
617
692
756
787
763
706
611
515
387
273
167
142
-28
-170
-271
-332
-398
-441
-424
-394
-364
-332
-311
