253
159
148
-17
-41
-197
-296
-378
-457
-493
-492
-472
-411
-345
-284
-220
-171
-123
-77
-43
-25
73
91
116
129
131
131
187
225
251
303
346
416
475
506
419
375
279
197
119
3
-40
-183
-250
-338
-433
-492
-540
-527
-479
-416
-348
-271
-224
-174
-129
-98
-32
-28
45
84
112
123
116
146
173
211
248
308
399
465
513
486
415
303
211
131
42
-23
-162
-253
-341
-391
-486
-497
-534
-512
-456
-378
-296
-220
-170
-140
-102
-31
-39
35
84
109
139
135
157
195
229
261
292
334
402
472
506
486
409
319
218
149
69
-25
-141
-218
-300
-395
-471
-514
-510
-444
-395
-318
-238
-197
-138
-98
-64
-43
1
74
119
148
130
163
190
195
244
271
325
399
465
503
514
468
372
288
181
129
14
-31
-185
-287
-351
-423
-472
-513
-502
-461
-393
-317
-261
-204
-140
-110
-71
-43
-31
57
89
116
141
135
135
202
246
275
291
343
411
468
490
418
326
223
137
122
-21
-129
-207
-295
-383
-486
-522
-539
-512
-453
-377
-321
-259
-218
-163
-119
-70
-29
-8
73
95
116
135
129
131
187
235
277
327
407
465
488
468
405
315
228
143
51
-23
-149
-236
-321
-385
-454
-490
-498
-470
-416
-341
-269
-220
-143
-119
-93
-45
-40
42
83
109
129
137
178
202
246
282
310
361
416
489
495
483
415
321
217
135
51
-21
-138
-221
-305
-395
-457
-497
-486
-458
-360
-326
-256
-206
-156
-109
-67
-28
19
84
115
129
138
131
180
193
224
281
326
389
468
500
499
419
339
263
157
135
-27
-81
-215
-305
-394
-446
-492
-557
-498
-457
-397
-322
-251
-193
-151
-126
-79
-38
-32
41
90
111
129
131
147
201
218
244
276
354
419
479
468
379
306
201
130
42
-37
-147
-210
-300
-384
-490
-533
-530
-491
-430
-373
-307
-236
-200
-147
-94
-44
-39
46
85
111
135
129
148
190
227
245
293
361
419
499
506
472
401
308
221
134
43
-37
-151
-231
-322
-395
-475
-500
-500
-460
-395
-314
-246
-197
-153
-108
-63
-29
36
69
130
143
148
182
183
225
244
276
311
390
471
509
518
419
372
263
195
138
2
-33
-188
-268
-354
-432
-497
-518
-493
-449
-381
-300
-249
-190
-159
-108
-71
-28
-21
70
91
110
128
130
148
215
245
276
327
371
419
479
485
405
314
206
137
51
-33
-140
-225
-306
-402
-478
-523
-547
-517
-457
-379
-317
-248
-203
-166
-117
-65
-34
13
89
101
101
129
135
158
211
229
294
363
419
490
491
470
385
267
191
142
3
-33
-169
-222
-362
-418
-495
-495
-493
-454
-395
-310
-246
-177
-156
-111
-63
-37
-21
46
105
116
128
137
194
211
255
279
315
379
455
507
500
467
369
283
187
149
19
-43
-158
-246
-346
-439
-491
-507
-472
-425
-343
-300
-236
-189
-142
-97
-45
-43
64
98
115
134
134
126
195
211
246
304
354
411
499
526
483
402
310
211
142
36
-45
-163
-263
-345
-395
-462
-524
-536
-511
-428
-362
-283
-218
-189
-137
-108
-65
-35
-12
65
105
114
122
142
143
211
244
267
313
399
475
486
419
353
251
160
134
-12
-29
-178
-269
-367
-444
-510
-524
-522
-475
-394
-334
-268
-222
-167
-117
-79
-39
-21
58
84
122
123
141
149
202
238
271
313
398
472
510
498
419
327
249
158
148
-14
-45
-203
-282
-357
-444
-490
-511
-481
-427
-348
-273
-215
-161
-129
-74
-42
-28
59
101
121
131
169
178
207
223
251
310
387
457
519
537
483
405
317
214
131
36
-29
-144
-227
-327
-421
-484
-538
-520
-470
-394
-331
-267
-206
-157
-129
-75
-29
-43
58
77
115
116
131
131
211
253
287
310
354
419
468
472
419
340
227
148
142
-12
-35
-194
-287
-379
-441
-509
-540
-521
-476
-398
-332
-263
-218
-172
-133
-93
-39
-33
59
100
117
126
129
132
197
241
282
371
455
523
532
475
391
282
179
130
1
-45
-189
-277
-360
-433
-505
-524
-529
-469
-389
-323
-246
-197
-139
-101
-73
-33
-33
73
105
116
139
138
180
223
251
293
340
419
484
526
515
419
341
246
169
125
-11
-27
-183
-269
-368
-454
-495
-507
-462
-421
-342
-279
-218
-173
-117
-76
-40
-23
63
101
123
142
137
201
211
217
255
315
387
482
519
515
463
386
289
193
143
1
-44
-187
-284
-377
-442
-493
-536
-503
-474
-415
-337
-262
-214
-162
-124
-86
-43
-42
52
87
131
118
125
138
194
237
287
333
383
468
485
481
395
307
195
139
20
-34
-150
-239
-344
-427
-499
-540
-536
-519
-440
-358
-294
-237
-185
-147
-98
-61
-25
57
87
111
122
137
126
190
222
261
321
419
479
532
515
471
379
289
189
141
-3
-33
-192
-294
-361
-437
-460
-503
-486
-458
-385
-313
-236
-177
-140
-96
-49
-44
10
98
118
137
121
163
193
230
293
329
377
419
511
525
518
419
339
242
149
122
-22
-23
-209
-326
-419
-478
-523
-507
-469
-412
-339
-276
-234
-177
-121
-95
-28
-28
73
116
123
126
131
147
183
206
251
335
405
499
519
505
451
355
263
173
133
-6
-28
-214
-302
-379
-453
-500
-524
-518
-479
-408
-345
-266
-225
-172
-142
-114
-51
-26
37
89
97
116
122
135
213
261
291
330
379
479
515
485
416
302
201
143
23
-27
-145
-235
-332
-419
-486
-529
-535
-495
-422
-345
-297
-225
-167
-130
-75
-33
-29
63
110
121
129
126
139
197
244
299
351
449
507
558
529
469
373
298
184
122
-3
-44
-199
-294
-367
-428
-469
-476
-464
-427
-363
-293
-204
-167
-119
-75
-47
-33
35
69
105
139
133
129
195
235
263
299
333
419
495
538
527
419
318
227
146
139
-12
-45
-220
-321
-423
-492
-541
-520
-485
-421
-364
-296
-238
-188
-130
-103
-51
-22
36
98
107
115
123
146
215
239
276
298
353
419
507
511
447
342
241
148
118
-21
-61
-181
-297
-390
-479
-543
-554
-526
-476
-406
-330
-283
-209
-159
-109
-69
-41
20
83
111
123
114
145
132
225
243
311
393
491
533
539
483
402
303
211
135
22
-44
-182
-263
-355
-430
-492
-536
-507
-451
-385
-314
-262
-183
-153
-126
-61
-40
-12
72
102
119
146
148
203
241
288
305
339
458
512
563
537
468
355
272
180
126
-2
-32
-183
-271
-384
-455
-524
-540
-476
-428
-364
-299
-236
-173
-129
-79
-50
-28
40
84
105
126
134
145
206
232
258
296
357
419
510
532
495
405
295
175
139
14
-43
-166
-253
-349
-450
-521
-550
-534
-476
-415
-347
-293
-235
-189
-139
-107
-45
-46
52
79
114
119
123
129
135
232
259
351
419
505
532
500
416
313
218
146
49
-38
-161
-261
-333
-406
-490
-524
-531
-497
-440
-361
-290
-239
-174
-140
-83
-52
-38
43
79
111
126
149
135
191
227
277
331
372
451
523
529
484
401
299
207
133
29
-29
-141
-242
-333
-437
-492
-518
-492
-448
-373
-300
-242
-195
-141
-98
-52
-27
59
97
116
131
139
182
203
261
292
311
346
419
522
551
513
419
321
215
139
43
-37
-149
-242
-325
-426
-500
-540
-540
-491
-427
-346
-286
-229
-175
-137
-94
-31
-33
57
100
111
123
126
136
169
199
281
362
451
519
543
507
419
321
231
147
34
-25
-162
-265
-349
-423
-492
-530
-553
-524
-467
-386
-321
-255
-189
-156
-126
-57
-39
-28
55
98
117
130
131
180
218
251
287
339
405
495
514
491
399
291
191
129
27
-29
-151
-235
-341
-421
-486
-524
-521
-457
-407
-332
-271
-214
-159
-125
-63
-29
-3
73
133
123
143
130
180
214
259
287
347
419
513
567
549
458
365
267
180
141
-11
-38
-193
-285
-368
-447
-489
-524
-483
-430
-360
-300
-235
-185
-136
-85
-35
-24
49
98
131
118
135
129
187
203
273
325
409
484
523
527
465
369
279
183
137
8
-37
-204
-286
-371
-460
-512
-550
-523
-489
-412
-347
-266
-204
-173
-137
-95
-44
-35
59
86
107
115
130
133
191
234
262
303
361
419
500
498
419
323
223
149
73
-17
-130
-215
-301
-402
-475
-526
-528
-507
-441
-371
-303
-246
-197
-137
-108
-62
-33
41
87
100
112
143
143
177
208
251
330
418
491
543
532
486
402
303
211
145
27
-46
-166
-268
-354
-435
-471
-476
-486
-458
-395
-315
-246
-181
-140
-95
-56
-43
9
70
115
126
133
126
209
227
265
282
315
383
468
515
511
444
354
273
185
135
17
-33
-173
-245
-350
-435
-493
-507
-506
-429
-374
-300
-255
-199
-158
-108
-71
-46
-24
71
105
132
125
126
137
193
238
269
347
419
500
523
483
402
313
210
147
21
-33
-157
-257
-364
-448
-514
-545
-538
-505
-451
-369
-303
-229
-191
-145
-105
-69
-35
39
83
107
116
133
134
161
207
246
329
419
482
529
517
419
345
259
158
126
-12
-43
-222
-309
-395
-460
-500
-511
-489
-451
-388
-311
-225
-169
-142
-101
-59
-37
19
79
119
119
131
139
193
223
251
283
351
419
523
547
514
471
339
244
166
131
-12
-28
-193
-293
-378
-443
-492
-500
-468
-395
-348
-268
-218
-172
-134
-85
-44
-45
63
94
122
131
143
139
182
215
250
311
402
489
539
532
468
372
281
180
137
14
-34
-175
-284
-369
-454
-507
-524
-515
-469
-401
-333
-269
-201
-149
-121
-76
-45
-28
39
83
116
118
130
159
135
213
249
287
372
463
500
479
404
322
229
143
51
-14
-124
-235
-303
-413
-465
-507
-514
-493
-441
-379
-311
-255
-203
-161
-93
-63
-38
9
65
91
116
138
138
193
246
271
314
331
399
475
504
500
419
319
207
125
33
-19
-140
-220
-318
-384
-441
-469
-482
-458
-395
-332
-281
-207
-159
-102
-61
-34
-28
62
101
121
146
143
180
210
230
275
287
355
419
515
533
496
402
306
194
135
35
-28
-149
-246
-337
-407
-470
-476
-486
-444
-405
-330
-252
-191
-135
-111
-70
-41
-25
50
81
116
126
121
135
207
218
235
276
340
455
521
503
419
339
250
148
136
-13
-25
-183
-297
-369
-460
-511
-514
-492
-447
-415
-335
-269
-213
-154
-122
-75
-44
-34
29
62
95
107
126
132
186
215
227
285
367
446
515
491
419
321
239
145
128
-10
-44
-204
-288
-387
-446
-476
-492
-465
-441
-364
-300
-234
-187
-137
-85
-58
-43
26
67
102
136
125
126
161
211
249
292
350
416
500
533
491
419
347
251
155
143
-25
-34
-197
-289
-363
-426
-482
-476
-460
-393
-336
-261
-214
-169
-112
-67
-49
-39
31
80
118
125
137
135
178
207
249
287
355
419
500
520
495
404
309
211
134
31
-28
-137
-261
-346
-426
-485
-503
-492
-447
-427
-385
-293
-211
-173
-126
-108
