-37
-23
-26
-14
-9
19
20
23
38
38
30
39
33
26
19
20
21
10
4
18
41
100
142
150
187
157
159
155
148
134
116
79
37
-11
-22
-81
-87
-76
-61
-50
-58
-43
-37
-27
-17
-24
-14
-17
11
9
7
5
7
3
9
1
17
3
-16
-22
-12
51
95
150
149
151
149
116
125
134
129
94
52
10
-15
-85
-106
-114
-97
-71
-50
-53
-44
-43
-30
-13
-17
-25
-12
7
20
3
15
6
3
-3
10
-6
-6
-12
-2
-6
61
115
142
155
166
149
148
150
145
139
112
62
19
-17
-75
-81
-78
-76
-46
-46
-35
-44
-33
-11
-28
-11
25
36
41
27
30
23
33
33
25
27
7
3
3
20
43
86
133
148
178
169
151
166
151
148
131
97
52
7
-12
-77
-79
-81
-67
-45
-45
-46
-38
-28
-27
-14
-21
-1
19
8
17
9
11
9
7
9
-5
-3
-11
-7
-12
35
91
141
149
157
161
142
116
135
134
99
61
23
-7
-13
-95
-108
-87
-82
-71
-62
-69
-49
-44
-21
-17
-27
-16
-7
9
-5
3
7
2
-1
1
-5
-5
-12
-14
-17
37
101
143
171
151
157
151
145
131
136
107
74
14
-6
-22
-86
-93
-75
-59
-53
-48
-34
-33
-28
-10
-17
-11
19
26
23
19
21
20
23
34
22
11
7
11
7
27
78
135
165
194
179
157
153
153
160
159
113
67
23
-7
-23
-76
-85
-60
-49
-46
-29
-37
-35
-18
-21
-23
7
26
35
17
15
19
9
3
11
11
1
-10
-9
-12
25
88
135
154
162
149
161
138
129
123
116
74
33
1
-21
-103
-105
-85
-76
-62
-47
-53
-51
-43
-37
-21
-12
-25
-13
4
7
-6
7
-3
-1
-7
-3
-9
-28
-17
-10
30
83
133
155
150
165
143
111
129
131
103
64
29
-5
-12
-81
-82
-81
-71
-58
-41
-37
-30
-37
-25
-10
-14
-7
27
20
20
15
11
20
21
27
20
-3
-1
10
23
61
118
138
163
177
165
158
148
155
154
116
80
20
-2
-7
-69
-61
-59
-33
-34
-29
-38
-30
-25
-27
-14
17
21
30
23
23
15
19
23
20
10
20
10
-2
3
30
62
116
147
163
170
163
154
148
143
118
93
54
-10
-12
-73
-93
-101
-80
-67
-61
-47
-48
-58
-41
-21
-21
-28
-11
11
5
9
6
-11
-1
-8
-7
-12
-14
-17
-12
-5
65
116
147
153
153
137
114
123
116
106
67
20
-12
-27
-85
-108
-93
-81
-60
-58
-51
-44
-49
-30
-19
-18
-12
-6
10
20
5
-1
13
9
14
3
3
-2
6
-5
50
98
147
150
159
155
149
167
150
139
115
81
29
3
-25
-69
-77
-76
-44
-45
-28
-40
-27
-16
-21
-25
7
24
46
52
36
26
29
22
30
25
6
20
2
7
23
77
129
159
177
181
153
155
157
155
139
105
59
19
-19
-59
-82
-81
-66
-61
-60
-41
-43
-28
-23
-24
-28
-12
2
17
8
18
8
9
6
11
3
-13
-15
-7
-21
20
81
133
159
151
148
152
119
119
117
109
69
21
-10
-12
-108
-115
-118
-79
-74
-61
-61
-51
-54
-27
-14
-21
-15
-12
14
19
-15
1
-7
7
4
-12
-7
-6
-6
-10
43
107
145
165
165
159
155
151
148
142
106
64
19
-12
-13
-81
-93
-76
-61
-54
-45
-45
-27
-18
-18
-12
-15
14
30
20
21
17
6
19
27
19
19
9
5
15
34
77
139
148
187
180
159
166
149
153
160
115
52
10
-22
-44
-93
-79
-53
-50
-45
-43
-41
-44
-21
-30
-12
-9
19
29
17
20
-3
19
9
18
-7
-1
-12
-21
-14
39
80
130
158
155
162
148
131
123
125
113
79
15
-10
-21
-93
-109
-99
-108
-81
-75
-55
-61
-49
-44
-29
-17
-23
-16
-1
2
13
9
-7
-5
1
-7
-12
-18
-6
-10
39
99
134
150
148
158
148
129
129
119
95
51
15
-21
-57
-94
-95
-81
-76
-57
-49
-46
-49
-30
-23
-18
-14
6
15
21
20
19
21
20
17
14
15
6
-3
3
34
87
139
159
186
180
151
148
161
151
163
107
53
10
-14
-69
-93
-74
-69
-49
-42
-43
-37
-28
-25
-17
-15
3
17
20
25
20
13
20
14
17
15
1
5
-1
3
41
98
133
163
164
151
163
137
137
138
91
67
22
-17
-23
-101
-111
-102
-76
-61
-71
-55
-61
-39
-27
-15
-26
-19
-3
-7
3
-1
-7
1
-9
-11
-12
-12
-25
-13
-25
51
106
147
146
153
149
123
121
131
115
91
36
2
-12
-93
-109
-97
-83
-62
-58
-53
-44
-44
-27
-26
-15
-12
0
17
20
19
5
5
15
20
3
-1
-7
-11
5
40
83
146
149
169
163
159
154
148
143
135
84
50
7
-15
-93
-82
-76
-71
-39
-42
-33
-33
-23
-12
-27
-6
19
36
30
26
23
19
19
24
20
10
15
6
10
17
57
110
141
153
178
153
153
160
151
143
97
57
15
-14
-61
-106
-108
-93
-77
-75
-58
-54
-37
-30
-25
-17
-18
-3
5
14
1
11
3
2
-3
-1
-16
-22
-25
0
1
67
120
149
151
157
147
116
121
115
115
62
20
-7
-10
-85
-120
-113
-93
-74
-60
-61
-57
-44
-33
-28
-12
-28
-12
14
15
5
3
17
7
1
5
17
-3
-3
-3
46
105
145
150
167
153
147
161
141
139
119
69
29
-18
-23
-93
-85
-93
-56
-49
-44
-37
-38
-17
-11
-19
18
22
30
27
25
35
20
18
23
23
19
1
-5
-2
45
84
146
157
187
165
149
163
155
154
150
97
48
9
-12
-80
-97
-98
-93
-61
-46
-45
-46
-43
-30
-22
-24
-12
13
20
6
17
6
15
20
10
-1
-6
-17
-15
-12
43
101
139
145
151
163
162
121
135
130
103
51
6
-21
-96
-107
-127
-113
-82
-71
-65
-61
-45
-45
-21
-25
-18
-11
-10
4
3
-8
10
-2
7
-1
-18
-5
-12
-5
1
70
123
146
163
153
150
153
148
147
123
99
46
2
-26
-75
-97
-83
-84
-61
-56
-38
-44
-30
-12
-23
-9
-3
35
35
30
18
13
13
21
20
2
9
6
14
16
61
101
139
159
193
176
154
151
159
162
143
83
22
-1
-22
-75
-95
-79
-76
-49
-57
-44
-33
-28
-22
-35
-17
1
24
26
33
9
19
7
13
0
5
-12
-10
-21
0
70
116
142
159
166
159
160
141
147
123
100
46
5
-25
-95
-101
-118
-96
-81
-73
-61
-62
-59
-29
-27
-21
-25
-30
-5
16
7
3
2
2
-12
-10
-15
-17
-26
-28
1
71
114
145
154
155
153
143
128
130
119
84
37
-5
-21
-81
-115
-97
-85
-74
-58
-49
-49
-39
-22
-13
-14
-5
15
20
30
19
6
10
6
-3
5
7
3
-5
2
45
113
145
153
186
163
155
155
149
149
150
83
35
-3
-37
-76
-77
-77
-57
-50
-41
-33
-27
-13
-13
-25
-11
23
30
30
23
23
26
19
11
15
8
-5
-9
1
17
57
119
148
155
173
154
148
161
139
139
95
59
3
-25
-77
-105
-108
-93
-82
-65
-55
-51
-44
-39
-30
-17
-24
-6
15
26
3
11
-3
-5
-6
1
-19
-27
-22
-21
-13
71
116
146
148
161
159
123
130
127
113
73
23
-9
-19
-111
-122
-114
-103
-71
-73
-53
-48
-44
-35
-25
-17
-11
20
20
15
11
4
6
15
15
3
-7
-1
-5
-11
43
98
143
151
181
175
153
155
148
165
146
82
35
-3
-26
-93
-108
-79
-58
-53
-44
-28
-29
-12
-30
-21
3
21
25
19
35
23
20
37
24
13
23
17
1
-2
15
67
116
148
154
178
169
150
155
155
149
110
57
15
-10
-78
-104
-98
-81
-74
-65
-57
-44
-49
-28
-28
-10
-13
-14
20
9
20
10
10
10
8
4
-11
-17
-12
-28
-2
55
119
155
160
148
155
119
119
134
111
71
29
1
-21
-113
-115
-117
-101
-71
-77
-65
-57
-46
-37
-37
-21
-10
3
10
20
20
8
-5
5
-2
7
-7
-15
-17
-15
47
99
153
151
183
164
145
154
133
145
127
73
27
-1
-16
-85
-108
-93
-71
-56
-67
-45
-28
-33
-21
-25
-19
14
39
26
36
33
32
21
15
19
5
20
1
2
25
54
117
147
162
187
162
155
161
167
155
139
61
20
-12
-28
-97
-97
-79
-77
-57
-50
-39
-50
-15
-25
-11
-21
10
19
26
19
6
9
14
9
12
-6
-13
-12
-9
17
79
134
163
159
164
159
158
133
143
119
74
30
-6
-25
-102
-114
-106
-107
-84
-78
-71
-61
-54
-44
-41
-17
-18
-15
-7
9
3
-10
-13
2
-12
-9
-7
-12
-1
-22
-7
87
139
150
155
155
155
130
125
131
100
67
23
-16
-28
-108
-113
-103
-76
-62
-69
-57
-54
-28
-25
-21
-25
-9
27
26
27
23
15
17
11
3
1
-5
-7
-12
20
83
143
159
191
178
163
157
149
151
163
121
59
-1
-18
-81
-93
-93
-75
-61
-56
-46
-59
-29
-25
-18
-25
-12
18
20
11
18
6
15
11
11
3
-9
-6
-17
-12
25
84
143
160
148
153
152
134
116
121
115
62
10
-12
-73
-119
-111
-108
-102
-86
-78
-65
-61
-54
-41
-40
-30
-28
-13
-10
-9
-4
-13
-11
-18
-18
-22
-15
-28
-27
-27
-12
97
138
148
157
147
113
131
119
113
86
37
3
-21
-99
-123
-109
-105
-75
-76
-62
-45
-45
-37
-22
-14
-18
-2
23
25
14
20
9
10
9
11
11
3
1
-10
27
86
148
148
190
167
169
149
150
153
160
147
52
9
-12
-73
-87
-79
-57
-29
-30
-29
-30
-28
-16
1
20
20
35
30
45
35
30
35
24
34
18
9
5
9
6
49
91
145
173
187
175
158
163
149
153
148
89
34
-3
-19
-102
-93
-98
-62
-55
-59
-55
-35
-32
-28
-21
-23
-17
-1
21
10
7
11
2
9
4
-12
-3
-29
-23
-15
-1
75
130
151
153
153
116
116
119
116
91
55
11
-18
-81
-113
-113
-101
-97
-71
-76
-59
-59
-39
-39
-29
-23
-13
-3
-1
-5
4
6
7
-9
3
-12
-12
-21
-12
-7
53
111
143
151
148
165
148
149
139
131
99
58
11
-12
-77
-104
-94
-67
-60
-46
-45
-46
-40
-22
-17
-28
-13
15
22
45
27
27
27
26
20
25
5
-2
-5
-5
30
67
122
153
147
166
163
148
155
146
139
90
61
3
-12
-78
-103
-102
-61
-65
-65
-48
-39
-15
-23
-17
-21
-17
-1
18
17
19
7
17
11
15
