38
23
1
-28
-119
-163
-172
-167
-138
-86
-53
-39
27
18
-15
-43
-129
-145
-169
-152
-130
-76
-45
-38
-11
-9
-15
-16
-33
-49
-69
-38
-37
90
129
354
451
471
465
334
187
141
-41
-221
-232
-203
-142
-73
-39
-40
-38
-49
-129
-191
-230
-237
-221
-172
-127
-85
-60
-43
-54
-74
-129
-155
-169
-155
-125
-104
-76
-44
-34
-37
-11
-29
-16
-28
-41
-29
-24
59
125
286
403
487
535
484
337
188
137
-22
-165
-167
-125
-71
-31
16
21
5
-12
-43
-138
-158
-157
-136
-93
-39
-28
7
33
24
-15
-28
-81
-77
-78
-58
-38
-31
10
37
45
24
9
12
-3
11
21
66
123
287
419
503
535
483
341
191
135
-74
-171
-167
-130
-93
-44
-23
11
-2
-35
-117
-172
-198
-188
-170
-126
-62
-58
-38
-47
-38
-98
-127
-150
-161
-145
-117
-95
-60
-42
-33
-34
-33
-37
-30
-55
-43
-43
20
82
135
338
419
465
419
289
163
74
-40
-210
-225
-190
-131
-59
-37
-54
-27
-39
-125
-186
-218
-205
-181
-163
-117
-73
-42
-41
-44
-93
-110
-151
-139
-159
-98
-70
-33
-44
2
20
28
3
14
2
-16
-10
26
97
130
410
469
532
504
383
243
145
-5
-127
-156
-109
-60
-31
31
37
23
-3
-28
-97
-150
-149
-137
-103
-28
-41
-12
22
14
-13
-39
-93
-108
-108
-76
-49
-40
-24
35
31
19
15
-2
-14
-29
18
58
121
273
387
479
519
490
347
209
135
-29
-172
-188
-155
-113
-40
-42
0
-21
-32
-110
-176
-213
-223
-193
-154
-98
-76
-59
-58
-70
-115
-149
-175
-182
-172
-144
-115
-78
-42
-41
-33
-31
-44
-28
-42
-62
-29
-27
66
135
326
419
475
458
335
197
134
-9
-177
-205
-165
-121
-60
-37
-21
-27
-28
-37
-159
-191
-201
-187
-158
-105
-43
-39
-30
-31
-41
-102
-127
-150
-140
-105
-60
-42
-29
35
33
52
19
-6
-9
5
33
73
121
291
419
515
553
519
387
235
137
-12
-123
-151
-110
-59
-35
52
39
24
3
-31
-121
-163
-158
-135
-108
-73
-44
-34
3
0
-31
-41
-109
-108
-123
-93
-57
-34
-42
23
26
42
20
5
-13
-11
-1
31
88
138
351
419
490
469
351
210
137
-28
-188
-219
-172
-133
-65
-37
-44
-23
-41
-123
-183
-226
-238
-214
-172
-129
-77
-55
-53
-49
-97
-129
-165
-173
-181
-145
-119
-85
-55
-34
-31
-26
-14
-37
-26
-33
-21
15
91
127
366
450
496
468
340
188
134
-47
-183
-194
-153
-95
-34
-27
16
-1
-14
-39
-153
-173
-181
-159
-108
-49
-29
-28
3
-31
-43
-34
-107
-138
-95
-54
-32
-29
33
45
51
52
21
14
20
24
63
107
133
282
410
500
533
518
373
239
137
-17
-144
-165
-121
-63
-23
39
36
20
-13
-31
-147
-169
-177
-156
-117
-65
-35
-41
-5
-28
-32
-39
-120
-139
-138
-112
-76
-43
-30
-26
13
18
-2
-15
-41
-41
-38
-22
84
139
351
453
513
470
346
199
134
-44
-220
-242
-203
-145
-65
-30
-39
-44
-26
-134
-193
-236
-232
-232
-176
-108
-83
-34
-39
-46
-93
-121
-171
-183
-171
-142
-107
-69
-35
-29
11
2
1
-24
-33
-45
-38
-32
99
143
371
475
532
513
391
228
135
-43
-160
-199
-159
-95
-23
15
38
11
-15
-43
-127
-173
-182
-172
-119
-63
-45
36
39
30
-12
-39
-101
-127
-123
-94
-55
-41
33
63
52
42
36
6
-12
-5
38
84
123
276
419
519
565
533
399
251
139
-45
-155
-172
-139
-85
-34
34
35
15
-13
-39
-155
-194
-203
-190
-141
-95
-44
-42
-18
-27
-44
-124
-141
-157
-169
-130
-103
-54
-45
-38
-24
-23
-28
-33
-66
-59
-39
-44
78
126
347
458
503
494
340
181
127
-38
-210
-245
-213
-155
-65
-42
-34
-28
-34
-110
-181
-231
-236
-219
-173
-110
-71
-33
-41
-44
-79
-113
-150
-157
-157
-125
-93
-43
-35
-24
14
20
22
-5
-24
-28
-23
22
98
139
379
489
549
535
419
262
137
-1
-134
-188
-149
-82
-45
46
55
42
4
-28
-29
-147
-165
-153
-114
-53
-42
19
30
14
-12
-41
-60
-121
-110
-75
-45
-44
-37
45
47
62
33
35
14
-2
-5
38
121
212
385
484
531
513
399
237
142
-11
-161
-206
-154
-108
-47
-24
13
-12
-27
-39
-157
-213
-213
-206
-172
-113
-46
-28
-33
-24
-44
-138
-173
-193
-199
-204
-125
-83
-46
-44
-33
-42
-44
-40
-70
-56
-45
-49
83
118
347
451
498
457
329
179
146
-39
-203
-236
-181
-117
-49
-38
2
-21
-33
-59
-171
-209
-216
-230
-156
-102
-47
-38
-26
-12
-37
-101
-138
-157
-156
-134
-76
-45
-42
20
29
23
15
-1
-14
-2
8
81
121
282
419
525
551
506
387
232
127
7
-140
-161
-108
-44
-31
67
54
20
2
-28
-117
-159
-163
-152
-107
-21
-39
27
39
5
-22
-42
-114
-137
-137
-101
-73
-44
-23
20
9
20
1
-17
-23
-24
-21
65
110
116
371
465
514
507
398
235
147
-27
-181
-221
-187
-134
-62
-44
10
-12
-23
-45
-162
-230
-239
-231
-199
-151
-101
-43
-33
-41
-46
-115
-169
-188
-217
-204
-170
-131
-77
-52
-29
-44
-43
-31
-44
-75
-63
-46
-30
103
293
419
491
500
451
294
147
-21
-58
-210
-204
-140
-80
-44
31
17
20
-23
-108
-172
-201
-204
-172
-126
-57
-46
-21
9
-5
-39
-94
-121
-137
-121
-79
-45
-45
18
52
49
54
55
30
2
-3
5
55
118
267
409
512
555
515
395
257
127
-17
-139
-167
-123
-57
-27
41
62
39
-1
-28
-137
-168
-174
-165
-139
-76
-39
-27
27
11
-22
-27
-102
-124
-161
-137
-105
-59
-34
-24
5
19
-2
-23
-28
-44
-43
-17
75
134
355
454
503
498
372
221
143
-24
-203
-229
-191
-142
-76
-45
-35
-29
-44
-109
-181
-225
-232
-239
-213
-142
-74
-49
-44
-57
-82
-137
-166
-193
-194
-177
-135
-82
-43
-38
-37
-21
-23
-31
-44
-60
-42
-34
94
139
323
447
515
523
419
258
145
-5
-97
-202
-182
-117
-44
-44
47
35
17
-27
-39
-157
-186
-180
-176
-105
-46
-44
24
27
2
-23
-37
-105
-128
-107
-63
-45
-21
38
52
53
55
37
27
18
2
31
84
136
292
419
515
559
515
371
210
147
-23
-177
-185
-145
-93
-37
41
49
20
-11
-41
-149
-186
-197
-183
-135
-83
-38
-41
23
10
-13
-17
-163
-181
-193
-175
-133
-77
-43
-37
21
5
-1
-18
-35
-65
-38
-37
77
147
357
449
489
468
330
179
121
-46
-225
-261
-204
-157
-74
-28
-37
-30
-33
-119
-177
-227
-243
-227
-199
-137
-57
-39
-22
-19
-31
-108
-160
-188
-190
-164
-108
-49
-37
31
20
7
-15
-22
-30
-62
-37
-23
62
127
283
419
498
531
465
299
171
121
-41
-185
-185
-137
-56
-42
54
45
32
-1
-33
-118
-155
-156
-139
-93
-34
-41
26
27
-1
-13
-29
-101
-103
-95
-63
-45
-30
15
37
60
59
45
15
-12
-14
20
46
99
146
371
471
515
490
372
224
134
-24
-181
-215
-172
-108
-44
-42
11
7
-15
-42
-145
-186
-203
-204
-154
-118
-62
-35
-32
-14
-46
-110
-141
-177
-204
-172
-137
-81
-15
-36
-5
-26
-28
-44
-93
-108
-86
-44
-23
127
291
404
479
485
366
219
139
-28
-198
-249
-220
-153
-110
-45
-24
-7
-21
-34
-140
-197
-231
-213
-186
-133
-63
-45
-18
7
-18
-37
-125
-147
-155
-140
-108
-70
-38
-23
41
49
47
35
3
-5
-22
9
51
115
139
363
469
527
511
397
249
132
-12
-110
-169
-154
-76
-28
59
63
40
23
-19
-42
-139
-153
-142
-108
-65
-44
-12
33
18
-6
-28
-39
-108
-125
-108
-76
-37
-41
41
53
57
43
21
-11
-9
-17
-3
55
121
275
399
473
491
419
282
148
6
-53
-218
-205
-155
-101
-33
-19
2
-15
-41
-119
-174
-221
-226
-204
-145
-109
-69
-48
-70
-69
-117
-162
-173
-184
-169
-130
-108
-67
-42
-37
-14
-9
-11
-28
-29
-43
-44
-28
74
141
319
415
419
419
309
175
155
-42
-198
-221
-181
-115
-46
-44
26
-12
-26
-44
-137
-177
-182
-149
-138
-93
-53
-44
-43
-17
-40
-45
-115
-124
-108
-87
-44
-38
-33
35
58
71
55
49
43
33
37
71
127
269
407
481
520
481
362
217
143
-27
-143
-155
-121
-58
-44
52
49
37
-1
-32
-74
-156
-165
-142
-107
-76
-38
-44
-7
-17
-33
-93
-121
-123
-126
-110
-51
-39
-42
21
20
20
22
7
-38
13
20
37
99
145
352
419
443
407
278
139
18
-31
-205
-225
-185
-118
-60
-38
-44
-41
-38
-115
-185
-221
-216
-203
-163
-121
-79
-73
-76
-105
-123
-145
-167
-169
-133
-108
-93
-53
-41
-44
-7
3
-6
-12
-13
-9
3
47
116
148
361
419
473
407
287
159
73
-40
-183
-188
-145
-85
-39
6
31
9
-19
-33
-106
-140
-153
-138
-80
-46
-46
-39
-41
-27
-42
-44
-98
-87
-69
-37
-46
-13
31
49
54
63
27
38
47
52
67
116
133
307
419
498
498
419
307
170
135
-33
-163
-171
-103
-48
-35
42
27
18
-26
-44
-138
-159
-161
-144
-107
-71
-43
-37
-33
-30
-37
-108
-134
-142
-144
-121
-103
-60
-44
-31
6
8
-12
-29
-29
-38
20
62
127
265
385
451
461
361
226
139
-18
-182
-236
-227
-172
-112
-45
-29
-34
-33
-39
-140
-186
-219
-223
-184
-150
-108
-70
-58
-60
-85
-109
-153
-162
-157
-140
-103
-54
-45
-37
15
18
11
2
-9
-19
1
23
65
130
275
387
462
495
414
282
151
52
-37
-175
-172
-124
-60
-33
43
24
15
-5
-31
-108
-140
-133
-108
-75
-52
-44
-42
-26
-14
-34
-37
-97
-77
-63
-46
-44
-10
32
58
56
64
47
37
34
37
57
101
132
315
419
483
489
403
281
147
-6
-38
-194
-177
-129
-60
-38
30
21
-5
-24
-44
-160
-175
-184
-157
-131
-77
-60
-44
-28
-58
-129
-125
-156
-169
-149
-138
-93
-73
-35
-41
-12
-5
-22
-31
-43
-37
-27
39
130
303
405
453
419
329
183
129
-34
-215
-232
-218
-157
-81
-37
-31
-16
-28
-43
-146
-204
-210
-203
-170
-114
-60
-38
-31
-46
-38
-109
-162
-176
-169
-150
-119
-63
-41
10
32
20
5
-12
-14
-11
19
58
121
230
379
481
531
507
385
232
139
-14
-140
-185
-140
-70
-44
52
66
54
20
-17
-42
-141
-151
-140
-110
-49
-28
23
24
11
-14
-40
-103
-126
-121
-97
-59
-41
-44
23
43
38
24
13
2
-22
3
29
90
139
339
454
503
497
404
257
145
-21
-172
-210
-193
-133
-71
-49
15
5
-2
-28
-128
-190
-204
-215
-185
-131
-86
-57
-46
-49
-75
-129
-169
-188
-188
-169
-140
-101
-71
-44
-29
-29
