-43
-39
-44
-27
39
105
135
267
311
292
290
276
261
225
182
138
142
127
91
91
99
97
111
116
94
62
36
23
17
-5
6
15
19
19
13
3
-15
-37
-31
-55
-44
-69
-67
-76
-103
-111
-114
-134
-120
-130
-103
-45
-19
111
139
177
174
148
137
131
55
15
-15
-29
-42
-33
-61
-49
-49
-44
-47
-47
-125
-138
-136
-149
-110
-137
-133
-125
-129
-140
-147
-152
-163
-159
-159
-158
-159
-156
-168
-172
-187
-189
-174
-165
-165
-123
-31
55
116
146
171
181
171
150
123
133
49
25
6
17
6
13
31
47
50
53
31
7
-5
-6
-13
0
0
3
21
20
9
11
-3
0
-6
-1
3
6
-11
-5
-25
-25
-38
-25
-23
-27
41
120
154
287
308
307
299
275
253
223
169
134
135
106
73
71
79
79
82
91
67
43
10
-5
-12
-15
-18
-15
-17
-15
-15
-31
-39
-60
-76
-77
-76
-78
-93
-93
-119
-134
-144
-161
-144
-141
-111
-61
-44
116
131
143
144
145
139
115
49
17
-12
-29
-41
-61
-76
-83
-77
-47
-44
-96
-111
-133
-154
-153
-143
-147
-146
-123
-121
-129
-141
-153
-137
-146
-150
-140
-127
-131
-141
-140
-153
-158
-155
-153
-142
-93
-42
71
135
201
210
207
197
183
159
148
115
53
43
40
41
45
50
74
70
71
50
19
6
-10
3
9
18
26
39
40
30
3
0
-11
0
6
36
21
1
-5
-1
-21
-15
-12
-12
-13
126
116
111
286
298
293
291
267
242
211
149
133
84
67
70
45
47
59
73
67
47
25
-12
-27
-41
-39
-47
-45
-49
-33
-54
-58
-75
-93
-101
-101
-101
-108
-108
-110
-125
-146
-150
-156
-154
-173
-162
-99
-41
55
160
130
143
138
139
103
73
-3
-29
-99
-39
-99
-93
-93
-74
-55
-45
-78
-111
-137
-137
-141
-140
-129
-123
-104
-106
-106
-105
-121
-116
-127
-123
-118
-108
-108
-109
-113
-127
-121
-114
-109
-108
-63
-42
70
146
219
254
229
243
227
195
148
131
116
84
52
48
41
62
83
87
99
65
43
20
6
6
12
20
25
43
54
71
29
20
30
35
18
27
31
25
10
17
-6
-13
-21
-30
-22
3
59
132
227
251
275
270
253
226
201
149
129
81
52
27
17
19
9
26
54
20
-93
-41
-31
-41
-76
-80
-73
-65
-74
-67
-75
-74
-103
-113
-108
-126
-114
-122
-141
-139
-150
-165
-166
-177
-173
-157
-129
-58
-41
69
116
132
126
100
50
55
6
-27
-25
-44
-78
-108
-76
-55
-63
-45
-38
-73
-101
-113
-109
-127
-63
-105
-76
-75
-78
-75
-93
-94
-95
-93
-69
-61
-57
-58
-62
-81
-83
-101
-101
-83
-59
-37
20
127
139
249
259
251
243
222
201
146
143
132
71
73
66
65
83
90
100
98
75
59
63
22
19
35
52
52
65
61
46
41
35
30
26
23
17
23
19
9
-9
-26
-23
48
-41
-29
-39
38
129
163
247
244
233
219
185
148
134
53
35
6
9
-11
-17
-21
0
-6
-6
-21
-43
-93
-139
-170
-101
-95
-94
-79
-101
-103
-110
-44
-137
-139
-139
-130
-127
-141
-140
-173
-194
-202
-189
-186
-191
-153
-77
-34
97
119
119
106
103
100
57
13
-15
-39
-33
-73
-65
-55
-47
-37
-31
-23
-38
-31
-93
-96
-82
-69
-69
-50
-45
-33
-44
-35
-48
-54
-55
-44
-39
-31
-35
-44
-41
-48
-47
-65
-58
-57
-29
61
131
231
277
267
283
254
241
211
163
133
135
83
84
95
99
89
106
126
109
89
59
47
22
36
42
50
50
52
39
37
35
21
-12
-5
17
13
-95
84
-23
-42
-59
-43
-70
-81
-86
-48
-25
99
139
207
202
201
179
163
136
123
31
-6
-19
-27
-38
-35
-43
-17
-21
-27
-27
-31
-109
-126
-126
-113
-109
-109
-109
-106
-116
-129
-133
-171
-170
-154
-146
-155
-163
-175
-185
-192
-190
-195
-194
-187
-138
-65
-44
103
123
127
139
150
127
79
37
0
38
-108
-26
-33
-29
-33
3
27
-1
-12
-29
-34
-38
-43
-45
-35
-39
-23
-6
-10
-23
-27
-27
-34
-27
-15
-26
-25
-26
-47
-29
-42
-35
-29
-44
-27
97
138
254
291
279
292
283
263
215
173
151
136
133
93
90
94
106
121
122
126
79
52
33
20
21
27
23
18
25
22
10
3
-29
-33
-27
-21
-31
-27
-44
-48
-93
-85
-104
-122
-131
-110
-62
-43
84
125
137
173
165
151
126
139
54
19
-12
-27
-44
-44
-37
-43
-42
-41
-30
-29
-105
-121
-125
-131
-140
-140
-123
-103
-119
-119
-150
-158
-172
-170
-167
-167
-158
-169
-171
-177
-189
-181
-189
-192
-175
-108
-42
42
116
187
159
162
149
137
131
61
30
15
7
6
97
9
31
36
50
26
18
3
-12
-12
-15
-13
6
15
6
13
0
3
0
-9
-12
0
1
0
5
-9
-23
-29
-29
-35
-40
-34
31
84
122
258
307
308
299
285
254
217
174
155
129
139
97
84
116
84
103
101
89
57
35
10
-12
-15
-6
7
-5
3
-10
-12
-13
-44
-37
-66
-65
-76
-80
-81
-106
-106
-108
-143
-146
-146
-140
-121
-137
-26
100
135
142
167
148
168
131
42
0
-25
-50
-99
-34
-71
-57
-53
-61
-62
-67
-105
-138
-155
-156
-154
-133
-137
-123
-119
-127
-141
-140
-141
-156
-149
-140
-146
-137
-125
-140
-152
-159
-161
-156
-173
-131
-65
-34
110
127
199
207
199
190
171
123
127
52
37
37
27
34
31
59
75
78
50
27
10
-12
-9
-10
15
19
25
35
34
37
25
-6
0
3
0
30
47
20
-54
0
-6
-9
-6
-13
-17
21
95
138
262
290
293
274
281
254
211
169
131
133
67
73
63
43
54
71
70
50
33
17
-31
-35
-37
-93
-60
-55
47
-41
-30
-57
-69
-96
-113
-114
-110
-109
-113
-118
-136
-140
-149
-161
-157
-166
-146
-83
-25
84
116
127
131
139
145
80
27
-13
-25
-29
-40
-81
-94
-82
-101
-54
-53
-75
-137
-127
-133
-146
-140
-127
-121
-121
-111
-76
-98
-122
-133
-108
-115
-122
-111
-101
-93
-98
-110
-118
-108
-177
-113
-81
-42
27
138
165
243
239
234
223
207
170
139
131
79
52
50
54
55
75
95
95
81
58
26
19
15
9
25
35
53
84
86
38
33
27
20
22
29
21
26
-6
1
-12
15
-13
-25
-31
-21
19
91
135
233
267
279
258
239
212
182
113
137
65
41
34
19
6
9
25
31
15
-13
-29
-37
-79
-82
-94
-78
-77
-69
-83
-76
-95
-106
-129
-133
-127
-135
-135
-140
-151
-161
-157
-172
-162
-177
-171
-140
-76
-53
91
127
131
122
116
83
57
17
-5
-43
-37
-74
-80
-78
-75
-54
-38
-49
-76
-103
-108
-116
-142
-58
-87
-93
-69
-70
-75
-76
-86
-76
-73
-75
-61
-61
-54
-55
-67
-79
-85
-93
-66
-59
-44
-21
115
138
259
273
259
249
228
202
180
147
142
93
79
67
75
84
106
101
96
99
78
41
-3
20
43
48
57
50
52
53
45
34
13
11
20
9
-25
0
3
-13
-23
-29
-38
-46
-39
-42
-98
100
167
231
243
231
217
187
77
133
137
39
11
-9
-10
-17
-21
-15
-6
15
-26
-37
-36
-108
-108
-106
-104
-101
-93
-101
-67
-108
-120
-134
-157
-127
-140
-140
-149
-154
-194
-176
-190
-203
-198
-202
-178
-127
-29
23
84
129
125
129
103
84
52
10
-6
-33
-42
-29
-37
-50
-43
-41
-15
-13
-44
-42
-156
-46
-71
-71
-44
-33
-44
-39
-39
-35
-31
-47
-55
-33
-37
-41
-43
-38
-34
-37
-57
-70
-59
-42
-38
116
137
291
291
303
267
259
208
198
167
143
223
123
84
71
110
113
116
137
106
84
49
45
49
37
31
37
47
40
50
21
11
-12
-17
66
-18
-6
-27
-27
-29
-42
-37
-76
-77
-78
-82
-33
-6
137
151
200
211
205
177
142
139
50
11
-3
-25
-23
-46
-41
-27
-15
-12
-34
-37
-103
-111
-121
-125
-122
-106
-106
-106
-116
-101
-159
-172
-153
-147
-167
-161
-166
-158
-171
-177
-198
-203
-199
-192
-171
-109
-44
57
129
131
127
146
134
138
62
36
7
-9
-25
-26
-55
-27
0
22
23
18
-6
-38
-34
-44
-40
-45
-30
-27
-6
0
-11
-12
-38
-27
-35
-25
-19
-24
-26
-12
-26
-37
-33
-37
-27
-34
39
126
173
273
310
315
302
267
257
212
171
142
134
126
91
75
103
116
116
113
86
100
49
21
23
6
13
0
20
6
0
5
-13
-13
-43
-38
-49
-27
-59
-76
-81
-106
-109
-123
-116
-113
-101
-44
-9
116
134
190
178
171
149
146
89
-7
-7
31
-34
-37
11
-55
-33
-47
-44
-44
-95
-113
-131
-149
-161
-129
-118
-135
-137
-131
-145
-166
-161
-165
-179
-167
-172
-163
-149
-181
-158
-175
-177
-173
-157
-119
-49
37
129
142
171
178
158
147
135
133
52
35
25
20
9
17
31
43
53
47
43
20
-17
-17
-3
-6
-9
0
5
6
10
81
-6
-9
-3
-6
0
0
-3
-13
-13
-23
-29
-49
-22
-1
23
103
135
277
308
308
295
287
276
227
192
148
143
132
85
75
77
91
95
70
81
52
29
3
-13
-27
-25
-7
-6
-12
-17
-31
-25
-37
-70
-77
-76
-79
-75
-78
-99
-122
-137
-145
-145
-152
-140
-106
-38
79
116
137
155
148
152
137
95
42
-6
-17
-27
-39
-69
-71
-75
-71
-57
-47
-93
-126
-143
-157
-157
-153
-139
-131
-143
-140
-124
-129
-139
-159
-150
-147
-139
-123
-116
-141
-161
-157
-116
-159
-165
-143
-101
-27
84
135
208
223
212
202
198
143
138
71
47
37
38
37
35
57
72
81
69
39
15
-5
3
0
6
13
24
24
22
25
10
-1
-5
0
6
19
30
13
-30
23
3
-13
-3
-9
-11
18
99
137
274
295
297
275
275
251
227
166
147
131
84
58
37
38
52
71
63
55
25
3
-29
-33
-43
-93
-55
-47
-65
-46
-60
-73
-93
-110
-101
-97
-109
-108
-114
-129
-133
-149
-157
-172
-172
-172
-130
-57
-31
111
125
150
116
129
148
73
13
-27
-44
-44
-77
-82
-85
-80
-55
-70
-66
-79
-121
-140
-146
-143
-140
-134
-133
-122
-105
-106
-108
-121
-129
-123
-109
-118
-106
-101
-101
-113
-121
-99
-116
-60
-108
-71
-37
92
143
234
244
243
239
219
183
150
131
84
69
42
50
59
59
89
91
91
75
43
15
18
11
10
15
19
47
54
42
33
25
19
27
31
37
24
21
19
6
-11
-15
-29
-27
-25
-26
65
116
222
307
287
271
244
227
194
190
135
86
47
38
17
11
5
26
20
27
-3
-24
-39
