-76
-76
-77
-78
-125
-179
-222
-220
-212
-185
-153
-133
-117
-117
-125
-153
-198
-229
-253
-250
-234
-222
-172
-126
-98
-76
-76
-70
-44
28
103
133
319
518
691
747
715
567
407
228
122
-47
-208
-258
-227
-175
-101
-65
-49
-45
-55
-115
-161
-195
-203
-193
-142
-119
-96
-75
-75
-87
-135
-171
-188
-220
-230
-203
-177
-143
-94
-60
-41
-28
-27
9
69
131
259
377
570
737
779
735
610
419
244
122
-41
-203
-235
-208
-145
-95
-69
-50
-45
-58
-105
-161
-206
-225
-185
-149
-127
-101
-81
-78
-103
-143
-175
-206
-233
-243
-207
-183
-151
-109
-66
-47
-45
-44
-44
79
111
230
368
554
705
739
683
549
372
183
116
-50
-250
-277
-229
-178
-135
-95
-93
-79
-117
-166
-203
-230
-235
-214
-181
-146
-127
-125
-108
-137
-169
-175
-217
-242
-230
-235
-203
-154
-117
-86
-73
-58
-50
-38
65
116
257
406
609
727
750
682
533
347
180
99
-56
-238
-253
-197
-151
-95
-50
-63
-65
-69
-126
-181
-187
-198
-173
-154
-119
-82
-78
-78
-101
-140
-175
-191
-203
-207
-177
-150
-108
-76
-47
-44
-19
20
52
94
129
309
486
671
763
760
658
499
314
133
-26
-173
-243
-234
-186
-140
-81
-57
-57
-69
-106
-151
-203
-220
-214
-195
-156
-122
-103
-112
-106
-146
-182
-213
-237
-235
-222
-206
-172
-137
-112
-96
-76
-71
-56
-44
84
116
278
449
641
735
703
585
407
234
119
-45
-240
-283
-265
-220
-166
-117
-109
-109
-101
-153
-202
-225
-243
-240
-202
-169
-157
-124
-138
-133
-172
-203
-245
-264
-267
-235
-217
-190
-151
-95
-98
-71
-55
-65
46
114
219
341
546
698
727
681
554
371
192
115
-34
-217
-245
-225
-163
-114
-74
-66
-69
-81
-134
-175
-176
-207
-197
-169
-126
-108
-101
-105
-117
-149
-178
-220
-220
-229
-192
-167
-126
-93
-61
-45
-49
-45
-22
83
127
265
402
607
718
737
675
527
347
163
58
-58
-250
-245
-188
-157
-103
-60
-63
-85
-108
-151
-193
-205
-214
-201
-167
-136
-125
-114
-127
-154
-190
-213
-245
-259
-252
-220
-193
-157
-117
-99
-78
-75
-61
-54
54
116
263
419
607
689
679
596
419
265
117
-44
-218
-273
-250
-203
-154
-110
-83
-96
-93
-140
-185
-215
-235
-220
-193
-172
-127
-122
-117
-133
-156
-202
-220
-240
-240
-240
-203
-181
-129
-101
-76
-71
-57
-45
-21
95
131
293
491
667
739
709
596
419
250
122
-35
-198
-239
-211
-160
-101
-62
-44
-44
-50
-96
-152
-183
-195
-175
-155
-119
-76
-77
-50
-79
-122
-175
-201
-208
-230
-203
-172
-146
-112
-76
-74
-44
-55
-44
35
104
119
330
513
675
731
691
571
387
215
127
-41
-225
-249
-216
-169
-112
-85
-73
-69
-84
-126
-172
-203
-223
-205
-186
-140
-117
-109
-121
-114
-159
-203
-223
-240
-238
-225
-203
-159
-125
-95
-85
-107
-69
-45
-42
58
115
299
479
635
724
683
559
382
215
101
-50
-193
-252
-220
-174
-127
-83
-65
-77
-98
-130
-166
-193
-217
-198
-162
-140
-101
-111
-101
-110
-143
-175
-210
-220
-220
-200
-169
-133
-103
-76
-45
-53
-46
-5
60
119
229
345
543
692
739
695
558
395
227
131
-47
-191
-220
-198
-137
-81
-71
-47
-45
-45
-53
-122
-157
-169
-153
-140
-101
-93
-87
-73
-96
-138
-167
-186
-207
-198
-156
-147
-108
-82
-65
-44
-49
-43
-9
49
107
225
356
567
675
703
675
522
359
179
116
-46
-225
-247
-222
-162
-110
-81
-66
-76
-101
-115
-172
-205
-198
-193
-156
-135
-135
-117
-114
-121
-165
-208
-220
-237
-233
-213
-203
-156
-120
-82
-78
-96
-69
-47
-37
89
135
329
518
643
685
651
511
338
170
112
-49
-237
-265
-229
-174
-133
-101
-95
-53
-76
-117
-159
-198
-197
-171
-151
-137
-110
-109
-100
-108
-145
-175
-203
-210
-203
-178
-152
-133
-74
-54
-41
-53
1
-28
31
98
131
323
505
675
733
691
574
392
225
129
-42
-210
-238
-217
-151
-95
-57
-46
-49
-43
-42
-127
-172
-181
-167
-133
-114
-93
-76
-76
-93
-106
-142
-190
-190
-193
-184
-149
-112
-81
-57
-46
-44
-43
-53
-46
49
111
253
395
587
703
697
611
470
271
127
-22
-172
-253
-240
-206
-141
-87
-61
-44
-49
-79
-140
-173
-203
-195
-175
-145
-114
-127
-112
-122
-129
-149
-177
-203
-213
-198
-179
-153
-117
-80
-61
-54
-44
-49
-54
19
84
122
297
471
606
666
654
525
371
213
112
-53
-220
-259
-215
-163
-108
-63
-35
-44
-46
-44
-117
-165
-177
-169
-145
-121
-82
-81
-73
-73
-106
-140
-171
-169
-174
-163
-139
-101
-70
-63
-50
-27
-11
-10
5
73
122
259
419
602
698
699
617
483
309
154
7
-60
-230
-235
-181
-135
-74
-49
-49
-47
-28
-44
-145
-169
-169
-158
-135
-108
-98
-76
-75
-105
-134
-156
-188
-191
-186
-169
-135
-115
-81
-47
-44
-49
-50
-50
-42
78
116
275
451
602
655
623
522
367
195
129
-37
-216
-255
-229
-197
-134
-101
-67
-67
-75
-105
-157
-197
-203
-192
-161
-139
-109
-96
-106
-108
-122
-151
-172
-202
-198
-198
-157
-139
-114
-81
-63
-47
-53
-61
-54
7
84
135
306
481
623
660
611
503
339
177
134
-44
-203
-235
-203
-143
-103
-58
-67
-46
-17
-29
-145
-160
-181
-146
-125
-99
-81
-70
-71
-73
-112
-145
-165
-181
-171
-152
-126
-106
-67
-60
-44
-25
-25
-11
14
75
117
257
417
575
667
663
587
451
262
121
-12
-121
-216
-213
-173
-126
-80
-45
-58
-44
-41
-125
-153
-172
-161
-142
-126
-105
-86
-94
-93
-112
-141
-185
-193
-202
-186
-177
-157
-127
-101
-73
-62
-76
-57
-49
-50
67
115
262
419
591
635
625
506
351
181
111
-44
-230
-257
-235
-206
-141
-93
-75
-72
-73
-109
-146
-183
-197
-177
-157
-140
-117
-108
-99
-121
-142
-163
-188
-203
-203
-179
-177
-137
-110
-77
-45
-38
-45
-57
-43
22
99
117
323
522
631
663
613
500
319
168
117
-44
-211
-235
-198
-142
-82
-56
-58
-44
-46
-50
-130
-145
-156
-137
-110
-93
-70
-74
-66
-69
-101
-133
-172
-175
-173
-152
-140
-108
-85
-55
-30
-24
-37
-30
-5
53
116
240
373
551
656
660
603
459
279
142
-15
-103
-235
-240
-207
-155
-106
-70
-44
-49
-75
-121
-157
-172
-188
-163
-152
-139
-110
-117
-108
-122
-155
-193
-205
-229
-220
-192
-167
-138
-100
-67
-62
-63
-58
-43
-49
65
115
255
419
586
635
621
518
343
159
114
-47
-237
-268
-235
-193
-138
-101
-73
-78
-82
-117
-156
-191
-198
-184
-157
-137
-108
-117
-112
-112
-138
-161
-182
-198
-220
-187
-157
-138
-106
-78
-37
-55
-50
-55
11
69
127
247
407
591
683
675
595
419
255
122
-18
-153
-203
-210
-175
-127
-82
-53
-41
-50
-28
-101
-149
-165
-156
-151
-114
-98
-93
-67
-93
-125
-144
-179
-188
-195
-191
-172
-139
-101
-65
-41
-45
-34
-10
7
75
116
255
391
564
667
671
587
451
266
117
-28
-172
-257
-249
-205
-145
-114
-71
-85
-93
-96
-136
-185
-193
-190
-177
-155
-135
-125
-125
-127
-151
-186
-210
-218
-230
-225
-191
-166
-131
-112
-65
-60
-46
-44
-42
50
117
213
355
563
649
660
594
419
265
126
-23
-175
-250
-254
-234
-173
-112
-79
-77
-73
-101
-135
-159
-193
-172
-169
-154
-129
-126
-109
-109
-129
-156
-182
-203
-205
-202
-170
-140
-110
-76
-48
-45
-37
3
31
98
129
287
419
613
692
699
611
459
278
130
-12
-140
-207
-208
-183
-135
-76
-57
-50
-56
-77
-108
-156
-152
-155
-141
-117
-107
-105
-103
-95
-112
-157
-177
-186
-197
-183
-150
-126
-105
-66
-43
-38
-39
3
52
105
122
315
500
649
671
659
539
379
213
133
-46
-208
-235
-235
-201
-149
-112
-99
-99
-94
-126
-169
-201
-203
-185
-177
-154
-140
-146
-131
-151
-167
-203
-220
-235
-225
-205
-172
-142
-104
-76
-50
-58
-53
7
58
117
242
379
562
659
660
602
468
291
129
-19
-115
-247
-239
-203
-173
-101
-77
-101
-75
-95
-114
-156
-186
-178
-166
-144
-132
-112
-120
-117
-135
-162
-171
-206
-186
-185
-157
-129
-93
-43
-44
-45
3
21
71
117
242
356
532
670
713
675
561
385
223
125
-43
-182
-225
-203
-157
-116
-76
-62
-61
-58
-106
-117
-151
-171
-169
-149
-130
-104
-108
-96
-108
-135
-157
-190
-210
-203
-182
-150
-112
-85
-60
-58
-41
3
35
99
125
279
419
601
675
696
582
419
267
121
-28
-177
-243
-242
-208
-159
-125
-107
-93
-96
-117
-139
-185
-215
-203
-190
-172
-141
-135
-134
-129
-143
-172
-195
-218
-230
-203
-169
-143
-108
-63
-49
-40
-44
11
49
115
229
339
529
659
686
650
514
347
191
122
-47
-229
-252
-220
-166
-117
-76
-78
-67
-74
-109
-140
-170
-190
-168
-150
-117
-103
-98
-94
-119
-141
-165
-184
-197
-184
-169
-127
-98
-55
-47
-12
18
37
67
122
215
339
491
655
707
694
602
445
259
121
-30
-173
-223
-219
-182
-127
-93
-75
-67
-71
-104
-134
-156
-187
-183
-156
-138
-108
-101
-108
-103
-130
-161
-195
-201
-201
-173
-142
-119
-79
-66
-50
-39
-10
22
73
111
257
377
551
675
693
631
489
308
148
14
-131
-249
-268
-222
-193
-136
-108
-76
-107
-112
-165
-187
-220
-215
-203
-172
-149
-130
-127
-125
-122
-169
-197
-220
-217
-220
-187
-149
-111
-93
-61
-44
-58
6
58
111
227
345
531
667
706
659
535
367
201
127
-45
-220
-259
-229
-171
-126
-101
-83
-76
-82
-119
-159
-172
-179
-174
-150
-124
-109
-96
-93
-109
-133
-172
-188
-203
-175
-171
-122
-75
-53
-46
-25
10
33
91
119
225
337
498
655
715
673
599
449
262
119
-31
-191
-249
-235
-173
-135
-79
-76
-93
-93
-108
-151
-177
-197
-185
-166
-139
-117
-119
-110
-120
-141
-167
-205
-217
-208
-192
-158
-122
-93
-58
-65
-46
-22
23
84
119
250
392
579
683
692
605
463
283
117
-27
-177
-265
-269
-239
-185
-147
-117
-109
-122
-138
-156
-198
-225
-208
-203
-172
-137
-138
-129
-140
-157
-181
-208
-225
-235
-216
-174
-148
-78
-74
-50
-45
-6
35
87
122
263
419
595
699
699
627
501
307
163
15
-125
-247
-253
-218
-172
-117
-96
-77
-82
-105
-122
-167
-178
-182
-176
-138
-109
-98
-86
-108
-108
-137
-165
-182
-190
-171
-145
-112
-71
-37
-44
-5
20
50
99
126
265
402
575
685
725
673
527
367
193
122
-65
-225
-252
-219
-175
-121
-96
-105
-78
-112
-133
-175
-201
-203
-171
-154
-137
-110
-115
-117
-125
-155
-185
-220
-218
-210
-193
-149
-117
-96
-73
-49
-70
-7
58
110
185
323
500
643
686
639
527
356
195
125
-57
-253
-293
-263
-215
-161
-121
-108
-107
-117
-140
-183
-198
-203
-197
-184
-143
-131
-125
-122
-138
-149
-179
-210
-220
-214
-172
-172
-139
-108
-57
-44
-41
-37
20
93
117
