-173
-172
-118
-133
-135
-121
-129
-140
-154
-151
-140
-119
-82
-44
-42
-33
5
-3
-17
-28
-27
5
58
119
235
373
458
486
457
339
211
131
0
-41
-115
-75
-64
-45
-27
47
-5
-21
-33
-37
-76
-76
-63
-60
-43
-37
1
-6
-17
-44
-35
-39
-38
-29
30
52
75
87
90
74
60
41
18
50
88
110
212
375
446
513
497
401
276
163
142
-17
-51
-93
-82
-44
-34
-38
-29
-39
-31
-121
-139
-146
-151
-138
-116
-105
-97
-93
-97
-124
-155
-160
-149
-129
-106
-77
-43
-39
-38
-44
-39
-74
-85
-49
-40
56
116
252
343
391
371
297
165
137
-12
-153
-194
-189
-173
-134
-93
-75
-101
-119
-138
-144
-145
-170
-170
-148
-124
-124
-119
-108
-140
-145
-157
-161
-149
-121
-81
-54
-41
-17
11
23
-12
9
-16
20
71
123
180
346
419
491
495
409
291
171
145
-10
-30
-65
-66
-49
-12
33
27
7
-23
-38
-60
-54
-50
-37
-41
20
15
3
-15
-22
-39
-39
-50
-42
-37
22
51
52
51
55
31
3
23
42
89
123
259
399
495
537
513
415
289
155
124
-28
-102
-88
-77
-50
-39
-37
-22
-33
-93
-120
-142
-170
-138
-121
-93
-79
-105
-121
-141
-161
-172
-194
-173
-161
-137
-109
-74
-51
-37
-28
-69
-81
-71
-74
-39
40
121
287
378
419
403
309
185
155
-12
-129
-173
-166
-124
-98
-69
-43
-42
-73
-109
-140
-163
-167
-179
-172
-153
-121
-116
-108
-108
-135
-144
-140
-129
-109
-58
-32
-25
-12
23
35
-6
11
14
20
78
126
271
411
509
555
537
419
303
178
131
-14
-37
-44
-39
5
29
37
38
31
3
-38
-30
-33
-69
-37
-35
30
17
13
-12
-29
-69
-93
-94
-82
-31
-35
10
27
30
3
-1
-13
9
51
116
133
311
466
533
566
527
403
252
139
36
-39
-124
-104
-76
-53
-43
-47
-29
-45
-109
-149
-173
-202
-169
-140
-133
-116
-133
-155
-161
-172
-186
-209
-188
-162
-119
-66
-70
-71
-82
-93
-109
-127
-108
-63
-44
71
135
308
409
453
419
340
205
134
-2
-43
-140
-129
-101
-66
-38
-44
-66
-95
-135
-171
-185
-173
-172
-136
-116
-98
-105
-105
-110
-139
-130
-140
-113
-85
-58
-37
-44
2
-1
-14
-27
-19
-5
43
99
127
295
453
565
587
566
459
315
195
169
-22
-39
-41
-28
32
71
65
51
17
-3
-38
-31
-95
-64
-44
-25
-16
-17
-21
-33
-102
-119
-140
-131
-83
-58
-42
-18
40
17
-5
-1
-2
3
39
100
145
294
419
522
563
510
395
251
138
1
-37
-140
-116
-101
-51
-29
-53
-60
-103
-124
-162
-191
-204
-181
-166
-143
-135
-149
-177
-197
-204
-189
-217
-213
-209
-156
-133
-108
-105
-96
-93
-123
-133
-105
-47
-39
95
139
341
457
497
453
355
229
136
1
-39
-158
-138
-121
-74
-60
-59
-77
-110
-128
-149
-152
-173
-156
-134
-70
-60
-69
-93
-123
-135
-124
-146
-137
-108
-95
-58
-43
-9
6
4
11
1
29
78
123
242
330
474
564
595
544
465
308
199
138
7
-17
-27
-5
27
52
60
21
-8
-33
-28
-95
-98
-85
-83
-55
-38
-51
-105
-94
-124
-123
-107
-103
-78
-44
-44
3
10
13
-1
-17
-27
-28
30
95
136
258
392
486
515
497
389
245
137
26
-37
-119
-127
-107
-81
-53
-56
-79
-113
-140
-177
-205
-220
-202
-190
-156
-111
-129
-161
-187
-223
-233
-248
-242
-224
-171
-140
-110
-99
-102
-104
-118
-118
-109
-60
-33
84
146
346
451
499
499
414
251
148
45
-35
-144
-140
-108
-65
-50
-31
-49
-39
-103
-138
-124
-167
-149
-115
-75
-71
-73
-74
-95
-134
-121
-152
-103
-93
-76
-39
-19
25
31
23
14
-7
3
50
93
133
212
340
505
593
613
563
451
307
180
139
20
-25
-15
3
36
55
41
20
-18
-44
-93
-115
-141
-113
-103
-59
-54
-44
-63
-66
-103
-111
-123
-108
-94
-62
-43
-44
-14
-10
-25
-21
-28
-43
-38
63
120
141
344
459
518
512
419
274
148
13
-34
-138
-140
-121
-103
-70
-62
-95
-118
-145
-166
-197
-220
-230
-225
-213
-193
-185
-183
-172
-193
-204
-209
-206
-183
-161
-128
-101
-75
-50
-56
-79
-60
-64
-65
-43
52
121
139
351
450
482
458
363
225
138
10
-34
-115
-95
-74
-42
-40
-18
-29
-39
-45
-113
-130
-140
-145
-138
-112
-76
-59
-60
-65
-76
-80
-97
-73
-67
-44
-2
38
52
54
20
22
27
33
52
99
139
264
371
491
579
596
555
411
290
175
147
-15
-45
-40
-31
7
18
6
-9
-26
-37
-106
-128
-124
-98
-60
-74
-49
-74
-81
-85
-140
-140
-138
-119
-108
-79
-47
-41
-44
-28
-30
-32
-42
-44
-29
22
88
131
271
395
459
467
414
278
133
35
-38
-169
-159
-134
-94
-79
-94
-108
-137
-158
-194
-225
-236
-229
-213
-198
-166
-154
-163
-168
-177
-191
-193
-184
-183
-134
-77
-71
-56
-37
-43
-28
-64
-83
-83
-58
-45
109
141
319
419
506
515
419
301
194
142
-5
-44
-79
-62
-37
-43
-11
-21
-39
-37
-95
-116
-133
-116
-105
-60
-33
-33
-45
-44
-41
-63
-108
-119
-106
-39
-25
43
71
95
79
52
27
23
52
54
109
146
281
394
519
575
561
491
371
203
135
1
-35
-85
-49
-44
-25
23
20
-29
-44
-106
-138
-153
-149
-127
-113
-77
-93
-103
-110
-121
-154
-157
-153
-137
-111
-79
-39
-28
-37
-35
-39
-35
-88
-81
-49
-42
69
133
287
404
459
463
391
243
141
-16
-103
-197
-208
-177
-167
-118
-103
-139
-144
-149
-182
-223
-222
-222
-198
-141
-134
-113
-128
-140
-154
-163
-177
-186
-166
-140
-103
-71
-37
-43
-39
-33
-47
-74
-50
-37
-27
119
139
358
489
551
544
461
307
158
119
-25
-103
-105
-67
-44
-28
20
3
-22
-29
-64
-118
-123
-98
-72
-49
-44
-37
-31
-22
-30
-44
-76
-67
-44
-38
-13
49
58
56
67
39
25
14
7
30
103
134
248
387
501
538
532
419
292
167
136
-17
-33
-82
-76
-43
-43
-38
-19
-39
-113
-141
-165
-173
-172
-157
-133
-103
-104
-101
-110
-140
-163
-169
-171
-151
-129
-97
-75
-46
-65
-66
-71
-105
-131
-110
-56
-43
81
136
308
419
454
419
323
166
115
-34
-161
-195
-204
-172
-126
-107
-73
-108
-121
-173
-177
-203
-207
-185
-162
-119
-113
-118
-146
-161
-180
-181
-195
-170
-161
-101
-65
-44
-33
-39
-25
-33
-44
-41
-28
51
121
145
327
467
539
564
491
346
203
131
19
-37
-54
-56
-42
-39
36
27
-17
-39
-66
-83
-107
-95
-71
-37
-29
-14
-15
-28
-43
-53
-83
-83
-56
-33
-42
23
23
40
43
-7
-15
-27
-42
19
74
131
278
406
531
562
570
454
299
147
118
-19
-93
-124
-110
-76
-45
-31
-60
-102
-129
-153
-172
-182
-172
-159
-140
-111
-116
-134
-169
-187
-197
-207
-194
-181
-144
-118
-106
-76
-46
-81
-108
-140
-140
-124
-60
-29
83
137
337
445
465
419
291
163
74
-28
-136
-157
-165
-113
-78
-54
-66
-85
-121
-144
-189
-211
-211
-198
-163
-140
-108
-108
-107
-124
-141
-156
-149
-133
-113
-76
-28
-33
-40
-1
-11
-37
-30
-63
-39
65
124
246
394
538
595
595
499
347
202
139
11
-15
-34
-58
-44
47
52
37
6
-26
-37
-44
-113
-102
-101
-44
-38
-21
-32
-27
-44
-97
-124
-113
-113
-97
-49
-31
-41
11
2
-14
-26
-40
-27
9
83
126
276
419
535
566
522
405
270
143
17
-42
-131
-123
-103
-65
-36
-42
-29
-109
-143
-177
-201
-222
-204
-189
-158
-143
-146
-153
-177
-188
-198
-189
-202
-200
-187
-143
-127
-112
-123
-127
-140
-155
-153
-121
-60
-29
111
146
383
491
519
451
340
182
143
-18
-40
-149
-140
-119
-77
-60
-76
-85
-121
-147
-175
-191
-189
-165
-143
-110
-97
-98
-108
-109
-131
-159
-145
-124
-111
-76
-56
-34
-41
1
-15
-3
-20
1
13
106
143
305
480
603
643
596
478
331
212
137
25
-26
-29
15
31
52
46
17
-11
-27
-45
-102
-112
-102
-93
-54
-31
-35
-76
-83
-124
-127
-140
-130
-94
-75
-46
-39
-19
-9
-21
-39
-34
-53
-41
46
110
146
362
514
561
549
451
295
164
146
-17
-33
-124
-109
-66
-56
-50
-71
-121
-159
-177
-205
-218
-218
-203
-170
-133
-127
-172
-194
-219
-237
-245
-249
-217
-186
-166
-124
-108
-109
-113
-124
-135
-134
-96
-49
27
121
285
418
527
574
499
355
206
141
-12
-41
-131
-108
-86
-42
-50
-39
-44
-106
-137
-153
-170
-158
-140
-105
-76
-59
-60
-103
-112
-151
-155
-138
-118
-79
-45
-33
-21
20
13
1
-10
-12
19
58
123
134
319
499
615
659
629
511
357
222
131
23
-9
-16
-11
23
35
41
15
-27
-34
-83
-113
-143
-140
-124
-101
-73
-60
-63
-93
-85
-108
-130
-115
-108
-85
-54
-29
-37
-28
-23
-34
-74
-60
-37
20
120
157
377
511
565
542
419
286
147
41
-33
-131
-137
-113
-103
-55
-56
-97
-143
-156
-181
-191
-235
-224
-216
-186
-172
-185
-182
-194
-221
-235
-233
-237
-182
-174
-137
-111
-95
-77
-78
-121
-108
-75
-55
-39
81
134
322
465
543
546
479
340
183
139
-15
-39
-113
-81
-54
-45
-23
-8
-41
-44
-108
-145
-163
-165
-144
-113
-70
-45
-35
-63
-98
-124
-139
-141
-121
-85
-44
-30
35
36
10
-7
-26
-6
38
99
142
271
413
567
654
674
603
468
319
187
142
-10
-31
-33
-7
35
55
5
-22
-44
-105
-116
-143
-129
-108
-103
-70
-66
-77
-103
-109
-139
-151
-144
-139
-103
-106
-58
-49
-51
-44
-67
-77
-79
-60
-27
75
121
254
404
517
561
505
394
245
147
9
-43
-140
-143
-130
-93
-47
-65
-119
-147
-179
-220
-246
-241
-233
-204
-187
-171
-172
-182
-204
-207
-225
-230
-214
-174
-169
-121
-75
-63
-75
-70
-107
-113
-94
-50
-31
121
227
405
534
579
563
448
306
158
116
-28
-39
-76
-60
-24
-26
-7
-11
-30
-113
-133
-126
-141
-151
-109
-69
-48
-49
-76
-65
-113
-118
-118
-104
-78
-54
-43
-32
43
43
40
25
10
17
50
116
131
307
453
596
673
666
574
417
243
143
34
-29
-85
-55
-39
-35
15
4
-28
-39
-95
-142
-162
-157
-138
-121
-81
-93
-86
-133
-167
-172
-199
-183
-167
-145
-113
-76
-53
-49
-44
-66
-98
-96
-65
-33
78
131
305
455
536
527
474
315
155
137
-12
-44
-172
-167
-140
-123
-101
-131
-141
-172
-204
-241
-268
-252
-220
-177
-172
-166
-153
-181
-186
-210
-229
-203
-204
-167
-141
-109
-75
-76
-101
-104
-108
-102
-62
-39
98
133
301
474
578
615
532
407
251
142
106
-27
-32
-75
-66
-44
-37
-12
-18
-43
-85
-133
-134
-141
-126
-99
-60
-58
-43
-53
-83
-124
