-481
-418
-301
-216
-173
-173
-217
-278
-348
-411
-401
-395
-329
-258
-229
-226
-278
-349
-403
-423
-410
-300
-171
-37
145
374
619
979
1475
1899
1955
1675
1110
643
233
-30
-366
-477
-460
-363
-267
-199
-175
-189
-231
-283
-367
-426
-450
-396
-329
-227
-239
-246
-286
-375
-425
-469
-397
-281
-117
-44
130
473
734
1155
1655
1902
1807
1323
847
418
135
-286
-474
-497
-444
-352
-268
-217
-204
-231
-279
-346
-395
-428
-401
-349
-300
-291
-271
-323
-374
-447
-482
-461
-367
-231
-50
127
330
563
883
1375
1795
1939
1633
1151
675
259
-15
-372
-497
-487
-401
-299
-236
-189
-195
-197
-258
-337
-394
-451
-394
-334
-268
-241
-247
-277
-328
-405
-435
-412
-301
-156
-43
135
403
649
1045
1505
1875
1929
1473
990
559
175
-43
-415
-492
-425
-341
-243
-209
-174
-187
-236
-282
-374
-413
-413
-367
-318
-233
-226
-250
-306
-361
-413
-428
-313
-242
-69
67
250
514
803
1235
1663
1875
1655
1251
755
337
118
-321
-466
-502
-425
-314
-267
-205
-218
-234
-287
-339
-365
-429
-374
-349
-296
-257
-262
-296
-330
-409
-465
-418
-326
-187
-31
117
351
569
903
1363
1723
1781
1475
967
554
163
-57
-428
-526
-479
-395
-290
-203
-200
-216
-241
-295
-364
-411
-412
-378
-341
-255
-259
-263
-325
-369
-418
-443
-378
-261
-133
-48
147
391
673
1063
1526
1791
1719
1357
883
458
130
-223
-428
-492
-439
-377
-255
-201
-182
-195
-241
-293
-370
-412
-421
-348
-289
-257
-226
-175
-300
-364
-421
-406
-341
-219
-45
100
293
497
751
1175
1579
1782
1631
1258
767
371
123
-299
-459
-492
-427
-335
-241
-203
-185
-206
-246
-322
-379
-408
-399
-343
-300
-250
-242
-281
-329
-394
-437
-415
-332
-169
-44
127
321
527
799
1215
1619
1755
1535
1047
660
279
-27
-358
-500
-491
-421
-286
-268
-221
-204
-243
-283
-347
-409
-451
-419
-353
-296
-271
-267
-279
-355
-421
-460
-423
-332
-188
-38
101
304
535
811
1213
1571
1851
1499
1043
627
265
-19
-343
-471
-459
-399
-302
-248
-234
-203
-220
-268
-318
-363
-406
-378
-325
-268
-236
-251
-272
-338
-401
-429
-390
-299
-140
-29
100
337
549
820
1207
1601
1735
1507
1053
640
273
3
-326
-459
-444
-366
-300
-236
-206
-173
-203
-255
-313
-361
-379
-348
-296
-248
-230
-236
-282
-334
-401
-429
-383
-291
-140
-37
158
351
565
833
1218
1567
1685
1428
1015
630
266
-24
-349
-463
-460
-383
-322
-265
-214
-203
-240
-273
-327
-395
-412
-365
-332
-282
-274
-274
-305
-349
-369
-440
-405
-290
-140
-31
115
308
500
763
1127
1490
1623
1411
1033
619
243
-23
-335
-473
-471
-409
-331
-258
-247
-229
-247
-274
-332
-369
-390
-385
-311
-274
-268
-278
-270
-354
-412
-437
-385
-297
-145
-29
117
319
497
759
1138
1511
1739
1443
1045
665
302
33
-293
-455
-450
-385
-310
-246
-211
-213
-156
-269
-313
-355
-378
-357
-310
-263
-267
-264
-298
-325
-394
-412
-367
-267
-140
-47
121
334
511
790
1163
1531
1655
1487
1075
655
281
43
-317
-442
-450
-397
-316
-268
-220
-207
-255
-270
-323
-379
-379
-364
-310
-274
-262
-268
-300
-346
-401
-426
-397
-300
-156
-31
121
306
487
743
1107
1443
1595
1407
1054
660
291
6
-310
-455
-463
-404
-332
-265
-244
-248
-244
-285
-348
-386
-411
-398
-339
-309
-282
-286
-332
-361
-428
-437
-390
-314
-169
-35
110
276
465
723
1075
1419
1607
1423
1055
671
277
97
-287
-449
-443
-394
-310
-274
-244
-211
-221
-258
-314
-364
-380
-366
-306
-293
-229
-260
-300
-335
-364
-391
-390
-282
-172
-29
121
271
463
691
1059
1411
1619
1483
1109
715
349
145
-248
-401
-445
-379
-310
-258
-223
-205
-204
-254
-291
-331
-345
-364
-316
-287
-266
-283
-317
-347
-402
-425
-380
-305
-172
-38
113
266
447
687
1011
1378
1559
1471
1145
757
372
125
-238
-430
-458
-417
-355
-284
-265
-233
-238
-266
-311
-376
-385
-369
-337
-296
-315
-275
-289
-373
-407
-445
-398
-305
-194
-43
71
139
419
627
951
1295
1523
1467
1139
739
341
147
-257
-442
-470
-429
-378
-300
-291
-248
-241
-273
-303
-337
-367
-387
-333
-299
-284
-294
-351
-369
-382
-412
-391
-321
-188
-46
54
136
383
611
931
1305
1599
1559
1251
841
453
141
-109
-379
-437
-428
-389
-279
-253
-236
-213
-236
-269
-335
-363
-363
-342
-290
-279
-283
-302
-341
-364
-397
-377
-311
-177
-58
90
150
367
606
895
1203
1571
1575
1287
887
507
165
-37
-371
-455
-432
-358
-297
-253
-218
-223
-244
-290
-331
-364
-364
-355
-317
-283
-284
-306
-345
-381
-441
-441
-345
-222
-93
-12
129
353
575
839
1207
1492
1545
1295
907
531
185
-29
-367
-445
-456
-396
-330
-272
-255
-223
-263
-309
-354
-387
-401
-369
-342
-315
-310
-311
-361
-394
-439
-431
-361
-258
-115
-45
111
299
485
755
1108
1435
1571
1410
1001
625
259
-25
-310
-439
-457
-402
-341
-273
-258
-236
-238
-270
-321
-349
-381
-349
-317
-290
-296
-305
-344
-383
-413
-399
-344
-251
-108
-18
139
307
500
753
1137
1531
1620
1483
1077
695
303
130
-278
-400
-428
-406
-318
-278
-229
-223
-211
-239
-294
-319
-347
-337
-320
-301
-291
-286
-325
-393
-424
-419
-374
-274
-134
-37
121
283
469
711
1044
1411
1609
1506
1151
731
362
131
-268
-418
-486
-435
-361
-309
-268
-246
-237
-289
-326
-373
-398
-378
-341
-335
-304
-350
-354
-389
-422
-447
-397
-300
-181
-35
99
167
415
654
985
1343
1593
1515
1251
761
393
139
-237
-433
-486
-441
-396
-331
-268
-250
-243
-285
-322
-359
-397
-406
-368
-332
-316
-323
-361
-389
-417
-445
-409
-289
-160
-44
103
217
419
679
1001
1371
1635
1587
1267
835
462
123
-190
-398
-470
-421
-376
-313
-257
-229
-234
-246
-302
-332
-380
-395
-364
-309
-313
-313
-329
-346
-391
-405
-383
-275
-161
-39
107
244
419
675
1001
1403
1663
1639
1323
886
489
148
-35
-397
-454
-449
-381
-309
-262
-201
-226
-242
-290
-349
-367
-401
-380
-341
-318
-316
-353
-391
-428
-454
-389
-302
-183
-28
65
147
399
629
969
1345
1631
1667
1339
897
486
149
-46
-397
-476
-459
-412
-337
-278
-246
-242
-271
-323
-385
-397
-419
-385
-356
-348
-341
-382
-434
-455
-448
-407
-325
-195
-55
52
131
375
611
931
1315
1620
1663
1327
899
511
147
-38
-385
-476
-439
-396
-327
-284
-248
-229
-267
-306
-357
-377
-401
-376
-337
-327
-319
-357
-390
-417
-427
-399
-325
-183
-34
95
135
404
623
931
1375
1699
1763
1411
991
558
193
-46
-362
-455
-449
-381
-305
-269
-220
-199
-257
-287
-284
-350
-370
-364
-333
-304
-303
-339
-367
-427
-428
-419
-301
-179
-47
66
138
391
597
907
1287
1659
1718
1427
997
571
198
-31
-366
-487
-470
-411
-339
-275
-243
-241
-259
-315
-347
-407
-400
-399
-402
-343
-332
-364
-396
-428
-444
-412
-334
-214
-79
-40
103
346
567
905
1237
1643
1699
1407
955
535
179
-29
-364
-493
-483
-425
-350
-285
-244
-239
-235
-300
-349
-410
-410
-405
-362
-338
-342
-358
-402
-426
-458
-409
-315
-197
-53
85
130
405
659
987
1391
1737
1799
1397
923
511
151
-39
-396
-486
-447
-403
-320
-253
-232
-211
-283
-300
-345
-372
-315
-335
-314
-290
-319
-353
-375
-425
-421
-390
-283
-169
-27
97
244
443
703
1091
1527
1823
1779
1347
879
484
135
-210
-421
-494
-445
-383
-293
-244
-207
-203
-248
-291
-363
-409
-426
-377
-349
-337
-339
-364
-403
-437
-435
-391
-282
-159
-41
117
285
471
771
1147
1527
1754
1579
1243
735
346
121
-305
-463
-507
-450
-381
-311
-255
-239
-241
-269
-332
-371
-382
-365
-385
-362
-354
-357
-389
-444
-476
-441
-394
-284
-153
-44
133
303
500
835
1215
1603
1750
1545
1075
673
259
-27
-343
-421
-478
-419
-345
-295
-238
-151
-217
-262
-316
-359
-397
-377
-364
-323
-338
-311
-364
-416
-433
-421
-347
-255
-103
-53
147
347
594
905
1355
1690
1761
1465
1015
611
225
-31
-364
-467
-472
-398
-315
-255
-227
-201
-218
-257
-310
-336
-339
-335
-306
-315
-333
-354
-407
-435
-465
-444
-348
-204
-76
19
129
405
642
995
1443
1763
1755
1378
905
494
137
-166
-413
-485
-472
-396
-300
-268
-220
-222
-236
-254
-318
-393
-393
-393
-364
-341
-349
-394
-410
-441
-449
-405
-326
-216
-51
91
230
463
737
1139
1523
1749
1571
1143
723
339
116
-304
-489
-508
-459
-381
-310
-247
-236
-222
-279
-316
-342
-364
-367
-335
-343
-342
-358
-385
-415
-450
-449
-376
-272
-157
-43
118
307
535
843
1235
1679
1771
1531
1079
650
280
-23
-323
-460
-448
-408
-332
-262
-229
-204
-208
-247
-298
-351
-370
-378
-334
-319
-351
-334
-370
-396
-430
-412
-337
-209
-86
-13
148
387
628
979
1389
1735
1802
1426
979
549
179
-33
-381
-461
-471
-399
-327
-263
-236
-222
-244
-289
-298
-342
-366
-348
-339
-326
-339
-371
-387
-434
-472
-406
-323
-214
-76
-19
145
399
642
1009
1467
1782
1697
1310
870
447
143
-241
-430
-492
-523
-405
-330
-266
-241
-235
-300
-279
-343
-371
-428
-391
-375
-351
-370
-402
-400
-472
-460
-425
-332
-189
-50
116
270
495
793
1214
1603
1793
1571
1131
681
297
-18
-345
-465
-494
-451
-348
-328
-247
-219
-221
-255
-319
-331
-345
-345
-322
-332
-332
-311
-370
-412
-445
-420
-362
-248
-130
-37
125
341
563
891
1327
1715
1794
1499
1042
598
228
-31
-362
-439
-457
-381
-321
-265
-202
-205
-205
-240
-284
-320
-364
-363
-325
-323
-313
-364
-375
-412
-438
-431
-338
-216
-77
-29
145
419
681
1059
1495
1811
1715
1311
852
447
148
-241
-426
-485
-457
-391
-318
-262
-225
-220
-251
-303
-338
-347
-343
-333
-332
-348
-349
-400
-433
-437
-476
-410
-318
-173
-41
80
244
491
762
1237
1601
1763
1599
1119
671
321
-17
-341
-480
-510
-461
-376
-306
-268
-232
-234
-257
-316
-363
-398
-389
-396
-341
-341
-341
-385
-417
-466
-449
-401
-271
-140
-13
148
353
593
923
1397
1727
1769
1443
994
563
183
-39
-381
-479
-450
-404
-334
-281
-227
-213
-257
-255
-291
-315
-332
-342
-342
-332
-338
-351
-397
-412
-425
-418
-341
-210
-79
26
143
449
724
1115
1587
1859
1719
1307
839
419
142
-237
-416
-475
-428
-363
-246
-237
-222
-205
-199
-271
-314
-367
-396
-365
-313
-332
-328
-373
-409
-444
-445
-409
-307
-178
-50
114
297
535
859
1239
1635
1787
1539
1103
635
251
-21
-351
-483
-478
-430
-351
-301
-229
-243
-225
-278
-299
-333
-364
-349
-325
-333
-365
-396
-441
-473
-508
-491
-405
-277
-159
-18
116
375
591
970
1395
1735
1783
1417
929
527
146
-24
-412
-478
-457
-403
-313
-268
-236
-197
-217
-269
-332
-362
-396
-377
-364
-331
-338
-349
-387
-426
-458
-419
-331
-220
-58
67
181
519
789
1211
1611
1839
1643
1251
755
371
131
-297
-446
-465
-426
-331
-286
-253
-214
-192
-233
-265
-277
-320
-332
-302
-319
-321
-348
-385
-419
-443
-434
-364
-284
-177
-28
148
353
567
948
1367
1747
1843
1497
1004
577
190
-38
-381
-476
-472
-386
-329
