139
45
-14
-39
-80
-150
-253
-397
-605
-787
-903
-841
-622
-386
-167
-33
149
419
583
667
659
609
549
449
322
207
130
3
-5
-25
-108
-172
-293
-449
-636
-814
-876
-750
-529
-300
-154
52
291
489
663
707
683
613
547
451
308
194
135
18
-10
-61
-107
-190
-322
-491
-690
-844
-840
-686
-437
-186
-30
130
385
587
688
715
593
618
531
416
293
179
90
33
-26
-63
-83
-221
-351
-542
-738
-860
-803
-605
-363
-149
-30
148
462
630
692
718
658
575
500
377
238
133
23
-12
-23
-35
-165
-287
-445
-662
-823
-878
-747
-530
-269
-93
83
306
503
627
703
667
615
526
419
304
174
129
-5
-28
-39
-126
-216
-343
-524
-715
-862
-885
-709
-460
-237
-50
133
351
527
643
660
643
566
497
361
242
129
49
-21
-16
-76
-156
-263
-396
-577
-787
-891
-824
-605
-362
-156
-28
126
447
615
699
691
641
525
468
361
219
133
20
-17
-39
-33
-158
-274
-444
-657
-833
-867
-723
-513
-265
-71
111
307
515
663
722
691
628
554
447
322
181
135
33
19
-25
-44
-172
-316
-486
-698
-847
-810
-635
-412
-165
-49
153
405
615
647
675
660
583
499
403
267
159
127
17
-22
-47
-137
-238
-397
-605
-800
-885
-782
-549
-322
-121
-21
150
479
618
699
683
631
550
447
337
196
131
9
-6
-47
-121
-219
-300
-492
-688
-860
-872
-716
-486
-246
-52
136
334
511
640
675
647
567
500
383
285
145
34
-14
-30
-45
-146
-242
-385
-581
-763
-891
-821
-621
-398
-173
-17
139
419
593
675
795
634
554
477
340
227
153
27
-11
-25
-57
-165
-284
-447
-650
-824
-848
-716
-489
-251
-60
129
327
537
675
702
686
614
532
419
315
181
134
20
-15
-41
-114
-194
-345
-521
-709
-824
-815
-614
-336
-123
-23
148
451
623
707
751
675
596
500
393
244
149
50
-13
-16
-49
-159
-262
-427
-620
-806
-860
-718
-506
-270
-79
82
322
507
655
691
686
615
533
446
267
175
125
17
-39
-101
-139
-218
-348
-534
-738
-867
-851
-658
-422
-188
-46
135
403
582
660
671
637
563
466
445
178
147
20
-25
-41
-119
-194
-283
-462
-646
-814
-898
-763
-555
-296
-110
-6
291
503
658
695
660
615
549
415
306
190
134
-1
-18
-22
-129
-236
-367
-537
-745
-863
-840
-669
-403
-176
-37
133
405
603
707
707
671
607
517
395
263
135
55
-10
-30
-53
-160
-266
-430
-625
-809
-876
-732
-508
-256
-75
111
334
526
691
751
709
655
569
479
347
197
131
20
9
-34
-108
-224
-363
-543
-717
-856
-805
-646
-385
-165
-39
147
414
587
683
724
675
611
493
387
243
119
52
-38
-39
-119
-181
-310
-468
-669
-842
-887
-754
-521
-268
-77
90
297
511
659
703
675
618
545
419
312
155
143
2
-5
-107
-171
-246
-396
-585
-811
-921
-846
-663
-393
-194
-42
133
402
583
675
611
727
607
486
374
227
134
19
-28
-30
-97
-197
-302
-476
-670
-830
-889
-747
-503
-261
-69
116
320
538
666
707
683
613
543
419
309
168
142
19
-27
-119
-139
-232
-363
-543
-750
-876
-812
-613
-385
-172
-22
105
455
623
721
725
679
615
523
387
257
139
87
-9
-25
-30
-172
-289
-428
-626
-819
-805
-682
-476
-252
-69
135
331
531
659
725
724
628
543
451
307
169
115
2
-18
-42
-165
-236
-369
-572
-770
-903
-838
-629
-372
-140
-44
116
419
601
703
687
643
569
471
289
214
211
95
-44
-54
-125
-210
-330
-494
-683
-862
-891
-745
-532
-283
-93
88
308
500
635
687
663
591
521
419
251
147
103
-8
-55
-72
-166
-231
-333
-605
-797
-896
-858
-538
-357
-151
-30
127
415
607
685
692
635
565
480
367
219
131
21
-19
-99
-121
-198
-315
-489
-686
-854
-844
-697
-455
-221
-37
161
381
559
675
718
634
639
519
378
299
171
157
5
-17
-29
-140
-246
-383
-571
-753
-824
-779
-554
-300
-95
23
275
484
641
718
697
651
571
481
354
223
138
18
-7
-129
-152
-165
-349
-605
-731
-864
-842
-658
-414
-200
-39
119
372
603
702
689
651
591
502
375
238
171
83
-11
-44
-76
-202
-285
-438
-652
-812
-903
-791
-533
-332
-135
-13
71
446
617
663
667
563
523
419
295
171
129
0
-17
-44
-153
-185
-352
-515
-748
-876
-870
-660
-460
-234
-48
143
367
564
686
683
660
585
504
383
259
137
48
-1
-39
-140
-166
-264
-439
-651
-776
-912
-716
-524
-290
-59
89
295
511
650
711
695
619
570
451
339
181
139
20
-12
-26
-85
-202
-329
-511
-698
-838
-814
-631
-393
-165
-35
151
419
602
715
713
660
594
522
403
258
134
52
-3
-21
-48
-153
-257
-449
-620
-745
-867
-761
-538
-267
-81
81
301
507
641
693
679
619
531
419
311
168
123
-1
-17
-50
-137
-194
-341
-491
-742
-880
-842
-667
-424
-203
-18
147
374
561
658
665
629
547
473
330
244
145
-7
-43
-26
-108
-190
-298
-450
-656
-812
-897
-801
-557
-332
-181
-16
267
495
639
666
659
611
547
419
327
187
139
2
-2
-40
-120
-207
-357
-510
-731
-872
-829
-668
-423
-173
-49
121
404
579
683
693
651
590
501
394
267
148
55
17
-45
-27
-140
-220
-402
-669
-818
-869
-700
-524
-273
-53
107
297
531
665
739
695
635
566
497
347
211
135
29
-23
-30
-63
-201
-333
-490
-698
-857
-838
-670
-403
-179
-27
131
372
583
679
707
654
582
499
381
247
181
35
-6
-29
-38
-151
-241
-424
-579
-779
-881
-806
-605
-344
-131
-30
134
469
609
770
643
626
468
411
350
190
173
30
-6
-39
-159
-210
-353
-513
-709
-869
-888
-741
-481
-257
-61
101
309
507
643
661
639
579
513
419
267
149
59
-5
-35
-55
-139
-266
-372
-561
-772
-937
-809
-654
-316
-151
-37
123
419
611
693
691
638
563
465
354
216
137
34
3
-26
-29
-153
-279
-440
-633
-813
-863
-684
-513
-254
-61
111
319
515
761
690
694
631
547
450
347
231
137
23
-1
-20
-39
-172
-318
-477
-699
-860
-812
-665
-398
-161
-47
134
377
539
662
691
635
591
486
372
247
165
49
11
-47
-80
-106
-251
-321
-585
-790
-874
-797
-605
-346
-135
-25
83
419
613
667
663
596
519
457
321
187
139
6
-11
-77
-166
-189
-318
-444
-684
-876
-939
-757
-527
-268
-74
90
294
515
639
663
627
567
530
383
266
148
77
8
-30
-28
-139
-221
-350
-538
-714
-854
-858
-661
-424
-172
-44
116
398
573
663
713
632
585
411
419
234
165
-29
-12
-39
-35
-133
-243
-379
-563
-758
-858
-799
-576
-329
-106
-29
151
466
615
674
695
628
559
484
347
219
143
40
19
-27
-30
-193
-310
-412
-587
-824
-844
-697
-474
-236
-63
115
319
532
660
689
660
596
513
415
291
180
126
9
-17
-45
-71
-247
-349
-535
-709
-849
-844
-671
-405
-173
-25
150
479
538
665
662
628
519
467
354
247
146
35
-12
-38
-43
-134
-301
-383
-605
-767
-871
-795
-624
-357
-150
-35
127
419
565
650
633
592
519
419
309
185
129
1
-28
-37
-101
-186
-305
-429
-651
-826
-818
-729
-486
-270
-65
112
319
507
639
686
663
565
507
395
291
165
132
18
-14
-42
-99
-190
-311
-486
-709
-844
-840
-668
-418
-194
-47
134
377
563
656
667
638
571
495
391
267
146
137
20
-10
-38
-57
-201
-352
-545
-786
-851
-786
-559
-322
-108
-22
212
513
628
691
687
619
558
475
340
163
133
41
7
-13
-49
-157
-347
-428
-622
-811
-870
-757
-533
-268
-78
70
286
499
635
677
660
579
510
419
291
151
138
-1
-27
-34
-105
-205
-342
-488
-726
-846
-911
-762
-381
-253
-18
114
335
532
657
631
587
533
419
356
251
149
20
-29
-32
-75
-153
-238
-381
-563
-758
-876
-828
-572
-363
-154
-43
146
419
591
680
660
615
539
459
351
223
143
33
-110
-28
-29
-167
-269
-422
-614
-819
-872
-756
-537
-271
-78
100
299
500
578
691
650
587
518
409
305
189
134
26
-10
-44
-44
-183
-261
-513
-672
-831
-815
-668
-400
-183
-44
147
379
583
671
691
661
571
522
391
322
139
105
11
-27
-50
-115
-216
-341
-531
-718
-864
-812
-608
-363
-145
-61
128
419
561
577
751
609
537
500
351
228
139
25
-12
-30
-23
-155
-268
-419
-605
-791
-881
-779
-574
-350
-125
-29
143
468
591
657
631
562
511
413
307
163
139
-10
-25
-74
-133
-257
-330
-454
-670
-839
-930
-748
-510
-242
-43
134
313
519
627
563
643
565
499
398
275
161
119
58
-27
-45
-110
-197
-333
-495
-722
-833
-841
-636
-319
-165
23
131
389
565
660
679
643
550
471
372
260
143
50
11
-1
-27
-130
-225
-351
-494
-745
-870
-770
-557
-306
-93
-12
219
462
628
707
681
627
550
468
379
227
135
50
81
-7
-50
-142
-264
-406
-606
-790
-860
-749
-502
-261
-77
116
299
494
645
687
647
583
558
409
282
163
133
87
-95
-44
-109
-197
-327
-495
-709
-844
-854
-668
-466
-219
-37
123
347
551
629
667
643
552
468
362
250
149
22
-17
-49
-44
-137
-234
-376
-556
-768
-876
-787
-674
-377
-178
-29
148
407
562
761
675
687
561
453
359
287
115
68
-23
-21
-44
-139
-265
-396
-582
-820
-891
-779
-558
-302
-93
43
258
484
629
686
659
583
521
419
323
211
151
21
-25
-30
-37
-170
-216
-427
-641
-815
-863
-702
-481
-221
-27
115
356
555
681
707
669
591
523
419
291
169
146
4
-7
-12
-44
-111
-273
-483
-679
-844
-844
-649
-402
-101
-33
127
327
486
693
686
599
559
501
372
262
123
37
-14
-21
-17
-108
-237
-349
-556
-761
-881
-803
-585
-363
-128
-45
154
409
596
663
699
595
521
455
310
198
135
10
7
-37
-76
-179
-274
-433
-621
-812
-898
-795
-577
-304
-98
-38
153
459
628
655
627
565
503
416
318
177
139
9
-30
-45
-108
-183
-311
-476
-689
-844
-876
-729
-442
-219
-43
121
360
564
647
683
643
547
491
391
247
142
99
9
-17
-39
-98
-221
-395
-522
-716
-880
-815
-618
-391
-140
-28
129
419
595
686
714
639
567
518
372
265
130
117
-3
-12
-28
-149
-216
-374
-561
-756
-856
-745
-545
-300
-95
54
265
489
619
675
669
623
547
419
317
190
123
7
-3
-10
-55
-169
-297
-449
-655
-839
-887
-723
-475
-247
-49
119
313
559
625
647
628
571
491
383
266
150
65
-2
-28
-32
-138
-234
-362
-540
-758
-814
-876
-664
-411
-197
-44
137
379
565
643
630
601
527
419
326
211
131
11
-29
-44
-45
-163
-277
-423
-612
-796
-898
-772
-571
-314
-110
-18
184
468
606
679
641
573
510
418
299
