-310
-326
-338
-380
-440
-491
-562
-629
-642
-605
-467
-197
89
534
851
1059
1118
1051
906
687
475
299
162
118
-37
-161
-227
-247
-258
-278
-284
-275
-279
-311
-326
-363
-433
-485
-556
-614
-620
-549
-394
-74
134
657
948
1127
1137
1057
871
661
451
276
148
99
-29
-149
-213
-231
-248
-262
-263
-274
-273
-297
-316
-362
-430
-497
-556
-605
-605
-503
-307
-37
395
741
1023
1153
1139
1003
799
593
371
222
147
-13
-46
-197
-251
-257
-273
-281
-304
-293
-302
-322
-361
-397
-473
-543
-605
-646
-605
-554
-220
-31
497
811
1033
1133
1059
921
725
499
309
177
125
-31
-170
-236
-273
-290
-304
-310
-317
-319
-322
-338
-373
-431
-508
-559
-632
-648
-587
-445
-168
123
549
867
1063
1115
1026
864
660
419
277
144
39
-30
-170
-241
-265
-280
-290
-300
-301
-290
-303
-317
-364
-423
-492
-553
-605
-605
-540
-368
-78
133
645
947
1107
1119
1015
852
657
419
273
139
37
-44
-166
-229
-244
-257
-271
-268
-270
-277
-278
-300
-364
-428
-476
-559
-605
-575
-492
-303
-28
395
755
1015
1147
1109
995
799
583
383
227
133
0
-44
-195
-242
-261
-275
-283
-293
-284
-299
-318
-331
-385
-447
-519
-605
-631
-605
-497
-268
-44
419
759
1011
1111
1055
931
743
529
338
180
138
-31
-156
-223
-268
-295
-301
-305
-305
-314
-314
-339
-367
-423
-489
-561
-633
-655
-613
-460
-235
-30
481
799
1023
1095
1033
883
691
475
295
166
130
-27
-171
-237
-264
-283
-297
-294
-298
-290
-306
-317
-365
-422
-476
-553
-611
-645
-569
-434
-155
123
574
891
1079
1120
1027
884
683
468
285
155
117
-28
-157
-220
-246
-269
-270
-275
-274
-271
-269
-309
-345
-417
-474
-542
-605
-605
-540
-374
-81
141
643
947
1139
1141
1059
875
667
419
275
144
41
-44
-167
-214
-263
-268
-272
-270
-277
-272
-297
-313
-366
-428
-499
-563
-625
-627
-552
-364
-56
147
662
931
1087
1089
995
815
609
398
243
137
0
-29
-202
-255
-274
-278
-285
-297
-299
-299
-316
-334
-396
-460
-530
-605
-649
-630
-540
-346
-41
343
697
929
1089
1071
955
771
553
357
195
135
-25
-144
-217
-258
-283
-295
-295
-300
-295
-300
-314
-354
-407
-460
-520
-584
-646
-617
-503
-300
-34
415
762
1011
1131
1090
967
775
550
347
211
145
-25
-101
-214
-248
-268
-263
-275
-274
-281
-281
-289
-331
-381
-445
-517
-586
-619
-578
-473
-236
-41
473
807
1059
1151
1095
975
762
550
351
211
133
-15
-59
-201
-237
-266
-277
-268
-284
-280
-279
-301
-336
-396
-469
-545
-613
-627
-605
-479
-235
-7
500
833
1059
1131
1044
918
719
485
307
171
123
-34
-169
-242
-271
-289
-297
-309
-303
-315
-307
-322
-368
-432
-508
-567
-617
-678
-605
-476
-225
-28
495
809
1027
1095
1027
884
679
471
290
148
38
-44
-175
-246
-285
-300
-309
-301
-310
-302
-314
-332
-363
-445
-493
-557
-631
-663
-605
-456
-195
52
531
842
1063
1114
1043
895
697
494
295
171
129
-29
-166
-237
-261
-278
-282
-289
-284
-287
-300
-311
-351
-400
-478
-540
-615
-630
-556
-417
-167
131
571
885
1121
1167
1075
930
725
499
323
182
133
-24
-150
-229
-261
-269
-269
-271
-278
-274
-295
-301
-363
-423
-483
-565
-621
-630
-568
-417
-143
131
612
916
1131
1145
1047
890
683
475
290
148
51
-34
-176
-251
-271
-299
-295
-305
-304
-300
-315
-332
-378
-451
-527
-605
-646
-652
-570
-411
-127
145
611
929
1098
1137
1027
853
654
419
250
138
11
-43
-213
-255
-297
-299
-300
-306
-315
-322
-327
-350
-394
-460
-513
-605
-652
-634
-568
-411
-115
137
631
931
1111
1130
1035
887
666
419
273
148
33
-29
-189
-242
-266
-273
-271
-301
-283
-282
-298
-335
-369
-422
-510
-569
-619
-613
-539
-382
-81
131
670
982
1185
1173
1075
915
682
467
295
154
127
-31
-165
-207
-237
-247
-239
-253
-258
-254
-268
-310
-351
-414
-493
-562
-620
-621
-541
-373
-76
133
692
995
1175
1177
1091
910
675
453
279
148
31
-31
-172
-237
-268
-277
-255
-273
-277
-273
-289
-325
-374
-437
-510
-577
-624
-609
-537
-377
-82
135
667
971
1125
1129
1035
859
643
419
255
133
3
-38
-189
-261
-278
-283
-289
-273
-294
-287
-300
-337
-383
-455
-539
-605
-633
-613
-554
-366
-71
138
679
967
1139
1139
1033
861
641
419
258
137
9
-34
-194
-251
-258
-270
-267
-277
-257
-267
-278
-312
-349
-422
-494
-556
-608
-615
-538
-377
-83
145
661
970
1161
1152
1062
895
681
483
287
158
118
-31
-150
-203
-222
-236
-234
-253
-236
-251
-253
-284
-333
-412
-481
-542
-605
-605
-523
-354
-62
146
667
963
1139
1151
1051
895
675
461
275
132
35
-37
-181
-221
-244
-241
-264
-267
-275
-266
-270
-303
-359
-434
-495
-565
-623
-625
-549
-389
-95
151
641
922
1103
1121
1015
853
654
419
271
131
-5
-41
-185
-239
-265
-268
-271
-285
-273
-288
-298
-332
-375
-447
-503
-565
-627
-630
-566
-402
-117
139
611
899
1079
1099
997
839
633
419
251
145
1
-44
-190
-242
-251
-255
-268
-259
-261
-263
-275
-293
-351
-409
-478
-540
-605
-613
-544
-385
-106
131
625
915
1095
1111
1020
859
651
419
279
155
41
-43
-169
-221
-234
-236
-236
-238
-231
-230
-234
-282
-323
-396
-456
-524
-567
-587
-524
-374
-85
139
591
947
1111
1109
1129
799
658
419
265
142
23
-23
-145
-224
-236
-243
-243
-236
-244
-251
-251
-286
-331
-409
-470
-534
-582
-605
-556
-403
-121
139
587
867
1031
1078
995
835
643
407
247
133
3
-40
-193
-250
-268
-267
-268
-261
-263
-251
-265
-285
-343
-418
-479
-553
-606
-629
-581
-422
-147
134
571
850
1001
1039
961
823
625
391
241
125
0
-44
-187
-254
-251
-259
-264
-255
-255
-243
-250
-283
-332
-396
-466
-525
-571
-582
-540
-385
-110
137
595
849
1026
1075
965
820
627
419
255
135
25
-31
-175
-225
-241
-234
-236
-236
-223
-231
-235
-259
-305
-365
-426
-487
-535
-562
-503
-370
-117
127
543
899
1051
1059
995
843
651
419
275
148
69
-35
-167
-220
-235
-225
-222
-225
-224
-220
-231
-259
-300
-383
-439
-511
-544
-570
-538
-401
-140
127
535
803
975
1009
947
810
614
409
244
129
-5
-33
-188
-248
-257
-247
-268
-255
-242
-244
-253
-269
-321
-385
-448
-510
-545
-605
-540
-422
-169
121
507
771
923
963
907
790
593
389
235
131
5
-42
-194
-216
-254
-261
-251
-238
-243
-251
-246
-274
-304
-381
-443
-487
-554
-573
-529
-394
-137
130
543
788
955
982
917
795
607
405
242
130
18
-42
-172
-219
-234
-236
-234
-224
-220
-214
-221
-250
-299
-359
-417
-478
-511
-549
-492
-346
-77
147
567
809
970
991
919
789
619
399
248
145
25
-33
-159
-213
-219
-221
-232
-221
-228
-220
-225
-261
-306
-365
-428
-483
-525
-540
-495
-344
-73
147
571
783
931
951
889
746
563
367
219
139
3
-45
-203
-236
-251
-250
-244
-241
-243
-236
-255
-268
-332
-389
-445
-499
-556
-571
-510
-331
-71
139
565
785
891
911
851
710
523
334
192
131
-26
-137
-204
-251
-263
-268
-266
-263
-264
-233
-257
-284
-332
-397
-458
-500
-540
-556
-486
-297
-38
213
601
823
927
919
833
694
519
335
191
141
-13
-39
-189
-233
-237
-251
-244
-235
-229
-236
-244
-257
-318
-379
-445
-479
-521
-518
-438
-244
-43
372
653
850
958
951
850
692
500
334
199
144
-18
-34
-178
-213
-222
-229
-229
-229
-205
-221
-233
-273
-332
-398
-443
-496
-523
-511
-423
-204
-30
419
689
843
927
903
795
634
459
289
154
119
-30
-146
-220
-264
-263
-264
-258
-239
-247
-238
-255
-303
-341
-413
-476
-521
-548
-506
-396
-172
59
447
693
851
887
865
746
587
394
243
138
3
-33
-189
-244
-266
-273
-279
-282
-267
-253
-262
-275
-330
-386
-450
-489
-528
-542
-492
-349
-103
142
523
735
875
907
846
723
565
372
234
147
0
-29
-182
-233
-254
-266
-261
-262
-239
-226
-243
-267
-332
-387
-437
-481
-507
-517
-442
-265
-43
327
611
803
906
903
851
694
531
349
213
133
-11
-37
-182
-218
-235
-248
-237
-231
-221
-211
-236
-267
-329
-381
-437
-485
-515
-497
-398
-188
-9
419
694
857
923
891
801
639
464
285
155
135
-31
-158
-230
-258
-254
-274
-267
-247
-250
-268
-273
-313
-364
-428
-489
-529
-543
-483
-343
-85
139
513
733
867
895
843
723
539
357
211
134
-12
-29
-206
-264
-275
-290
-284
-284
-268
-281
-281
-301
-350
-407
-473
-535
-562
-530
-455
-267
-41
337
626
807
883
869
803
651
468
307
167
145
-25
-147
-214
-257
-273
-268
-267
-268
-257
-248
-267
-300
-349
-407
-465
-508
-526
-494
-369
-136
130
484
727
871
915
881
770
602
419
263
147
50
-39
-166
-226
-251
-259
-248
-240
-229
-221
-225
-251
-294
-358
-408
-464
-506
-503
-451
-277
-43
283
591
791
895
903
831
694
529
342
212
139
-5
-31
-195
-248
-266
-269
-267
-265
-248
-234
-265
-284
-350
-412
-465
-510
-533
-519
-396
-170
83
449
691
839
883
855
753
593
401
251
143
13
-35
-196
-251
-273
-285
-281
-287
-262
-268
-273
-300
-345
-399
-459
-507
-556
-543
-474
-309
-41
145
550
757
851
859
803
675
511
339
185
143
-19
-138
-211
-248
-289
-287
-283
-265
-255
-248
-250
-283
-332
-398
-441
-492
-519
-507
-411
-207
-39
393
657
811
884
870
787
639
465
308
180
125
-21
-140
-219
-251
-263
-263
-253
-231
-227
-233
-239
-278
-334
-396
-451
-497
-494
-455
-299
-42
142
555
767
885
906
859
739
559
377
244
141
13
-35
-188
-230
-261
-255
-260
-240
-233
-209
-237
-259
-323
-376
-437
-487
-514
-497
-416
-221
-27
374
633
790
865
855
771
623
449
295
177
129
-27
-158
-227
-263
-284
-287
-284
-267
-248
-255
-275
-311
-355
-428
-476
-519
-542
-482
-351
-106
129
500
722
818
851
809
695
538
351
211
142
-12
-45
-209
-265
-275
-284
-277
-269
-254
-248
-257
-277
-332
-381
-450
-492
-523
-511
-428
-221
-37
367
633
793
867
855
787
660
468
311
177
136
-21
-141
-210
-237
-267
-269
-266
-243
-225
-225
-250
-273
-332
-397
-454
-492
-508
-460
-322
-65
139
537
750
871
899
874
755
562
393
254
148
107
-29
-175
-219
-246
-253
-246
-257
-237
-233
-236
-267
-310
-364
-418
-476
-508
-500
-417
-213
-33
385
639
803
883
861
787
645
470
303
169
131
-29
-158
-222
-248
-281
-277
-273
-261
-248
-241
-269
-297
-357
-421
-474
-526
-540
-493
-362
-127
131
486
703
825
847
818
718
566
383
229
131
0
-43
-206
-248
-289
-300
-297
-278
-258
-266
-269
-268
-326
-390
-431
-491
-538
-524
-453
-281
-29
279
599
771
859
855
815
679
507
340
197
145
-13
-51
-201
-235
-258
-262
-268
-246
-233
-236
-236
-266
-325
-381
-441
-477
-508
-480
-379
-162
