-182
-222
-273
-301
-291
-267
-250
-240
-253
-339
-466
-605
-669
-524
-348
-45
343
513
803
849
773
628
391
180
135
2
-12
-38
-172
-222
-269
-290
-332
-293
-268
-253
-248
-293
-402
-523
-554
-556
-442
-175
126
533
783
891
841
698
531
322
151
117
30
-23
-147
-76
-206
-202
-259
-273
-245
-215
-219
-245
-348
-362
-505
-574
-502
-235
-38
409
707
891
921
811
623
450
253
116
54
-12
-23
-126
-172
-261
-248
-268
-252
-268
-136
-140
-286
-383
-470
-507
-523
-355
-67
139
593
831
895
831
686
482
308
138
94
9
-34
-103
-183
-170
-199
-297
-234
-251
-227
-183
-366
-434
-489
-560
-547
-470
-220
-12
477
753
895
866
724
564
418
81
151
3
-28
-60
-181
-251
-270
-300
-313
-301
-259
-234
-269
-335
-471
-549
-587
-533
-364
-47
263
623
803
847
777
627
365
259
255
34
-12
-93
-123
-233
-264
-264
-290
-284
-263
-246
-242
-367
-402
-512
-571
-556
-417
-147
129
484
801
883
851
719
548
311
133
84
22
-21
-45
-170
-220
-253
-268
-272
-251
-225
-251
-263
-350
-450
-528
-546
-460
-220
-44
419
725
903
910
841
595
419
217
133
64
-63
47
-129
-195
-237
-284
-265
-247
-220
-197
-157
-342
-400
-492
-539
-531
-373
-94
149
559
803
911
827
697
495
288
51
100
1
-30
-113
-187
-237
-277
-298
-287
-282
-266
-248
-301
-368
-476
-636
-579
-460
-233
-27
449
698
878
821
735
542
321
153
115
9
-14
-107
-183
-258
-284
-299
-329
-285
-263
-247
-258
-348
-465
-550
-584
-524
-326
-43
291
627
829
867
789
613
419
219
129
12
-11
-39
-151
-204
-236
-291
-291
-283
-236
-261
-233
-305
-405
-511
-547
-530
-349
-85
147
596
833
901
849
695
500
279
154
126
21
-71
-35
-175
-210
-235
-259
-262
-221
-154
-178
-183
-396
-474
-512
-543
-522
-97
116
502
761
903
885
755
563
370
202
118
31
-12
-38
-159
-214
-242
-265
-266
-268
-238
-204
-252
-334
-438
-522
-556
-511
-300
-39
385
675
1057
839
761
625
403
216
182
35
3
-56
-161
-214
-267
-288
-300
-293
-275
-261
-255
-329
-428
-540
-605
-543
-393
-76
126
591
801
851
787
631
489
231
142
25
-23
-59
-97
-282
-261
-309
-319
-302
-370
-268
-326
-365
-463
-489
-550
-570
-440
-186
111
507
788
883
834
711
530
327
183
135
-4
-14
-45
-166
-212
-253
-284
-293
-259
-297
-235
-307
-301
-439
-492
-471
-470
-237
-56
419
725
881
917
786
638
419
238
126
53
5
-29
-125
-165
-229
-266
-285
-262
-221
-201
-221
-277
-400
-502
-501
-540
-332
-44
293
643
867
905
821
675
482
277
133
75
4
-28
-124
-183
-245
-266
-300
-285
-236
-221
-217
-299
-393
-482
-556
-550
-425
-162
138
513
756
875
839
794
619
379
149
115
53
-56
-25
-194
-241
-286
-303
-347
-297
-267
-268
-306
-373
-494
-557
-605
-485
-225
-46
400
715
847
851
724
543
343
177
117
-58
7
-45
-174
-283
-289
-299
-313
-291
-257
-242
-271
-349
-453
-524
-557
-527
-286
-21
340
667
867
890
803
629
419
235
133
41
-9
-37
-149
-192
-238
-274
-294
-287
-255
-225
-260
-305
-410
-501
-527
-501
-346
-44
173
627
853
916
843
690
513
297
145
119
25
-14
-42
-172
-214
-264
-295
-262
-210
-236
-225
-294
-387
-460
-535
-530
-384
-118
121
532
797
908
800
765
475
353
161
129
17
35
48
-181
-238
-268
-315
-300
-302
-255
-275
-284
-375
-484
-553
-571
-477
-257
-56
407
691
867
851
747
583
359
234
135
11
-21
-55
-229
-227
-299
-317
-313
-313
-290
-264
-280
-362
-471
-542
-556
-522
-320
-31
299
634
837
911
770
628
419
235
120
31
-12
-15
-141
-212
-245
-292
-298
-287
-263
-229
-247
-299
-381
-472
-534
-524
-433
-78
134
575
809
903
847
707
515
315
151
131
25
-18
-56
-197
-150
-300
-274
-273
-258
-229
-212
-262
-359
-423
-424
-517
-412
-197
135
459
687
819
888
775
575
367
212
131
55
-12
-35
-150
-202
-236
-261
-289
-275
-248
-231
-272
-326
-440
-501
-533
-477
-266
-42
390
691
859
883
779
603
405
222
120
35
-17
-77
-59
-126
-230
-296
-310
-297
-277
-255
-266
-342
-474
-524
-561
-522
-341
-54
132
595
807
861
783
627
419
308
148
4
2
-22
-105
-219
-269
-357
-347
-304
-285
-268
-263
-305
-412
-497
-560
-556
-396
-85
90
500
787
911
791
660
553
302
153
115
14
-29
-43
-177
-177
-261
-272
-281
-269
-248
-238
-282
-361
-460
-543
-557
-517
-237
-117
450
737
881
887
757
586
394
211
134
53
1
-34
-106
-182
-221
-268
-274
-222
-217
-201
-245
-302
-412
-489
-519
-466
-304
-49
343
651
839
901
819
663
469
271
147
115
49
-23
-140
-192
-231
-259
-296
-289
-268
-231
-238
-312
-399
-490
-532
-524
-383
-126
138
542
767
885
821
678
499
283
145
148
-58
-30
-123
-199
-238
-278
-305
-313
-289
-205
-316
-305
-403
-504
-554
-610
-450
-222
-33
419
691
843
823
628
532
339
171
141
-12
-27
-35
-142
-139
-268
-306
-331
-227
-235
-173
-364
-352
-445
-517
-553
-482
-315
-48
273
628
827
875
797
627
419
245
180
47
3
-29
-123
-193
-221
-265
-268
-271
-247
-220
-233
-287
-396
-465
-573
-533
-417
-139
119
541
793
963
847
714
563
358
169
144
35
5
-44
-140
-198
-248
-268
-279
-248
-220
-207
-236
-317
-440
-502
-522
-455
-235
-28
386
681
1008
819
810
599
381
215
137
23
-21
-30
-131
-204
-246
-282
-310
-283
-259
-243
-267
-307
-424
-504
-533
-512
-373
-75
145
577
803
875
785
654
455
261
131
11
-7
-31
-121
-126
-283
-302
-265
-361
-253
-301
-246
-300
-405
-509
-562
-550
-428
-200
62
463
754
831
821
673
532
343
167
131
-1
-18
-33
-171
-229
-222
-277
-284
-273
-262
-253
-268
-332
-449
-502
-535
-482
-236
-42
382
756
821
853
771
628
417
233
121
36
8
-37
-130
-189
-219
-267
-274
-255
-220
-265
-234
-276
-337
-447
-504
-469
-345
-42
226
564
783
887
725
639
417
303
185
147
-3
-15
-38
-155
-181
-250
-269
-271
-240
-221
-233
-258
-266
-445
-523
-512
-460
-246
-35
403
667
839
851
739
566
385
222
126
39
-12
-39
-154
-269
-264
-293
-293
-288
-268
-242
-253
-322
-410
-492
-546
-524
-353
-55
131
578
771
834
755
719
419
227
129
19
-5
-44
-156
-243
-301
-311
-300
-198
-288
-259
-315
-359
-389
-490
-554
-534
-410
-169
95
563
727
855
821
695
527
319
148
123
-44
-39
-41
-199
-221
-281
-265
-293
-268
-233
-217
-267
-334
-437
-506
-540
-450
-269
-44
389
615
868
833
803
601
413
238
130
40
3
-37
-154
-173
-205
-255
-258
-245
-221
-202
-236
-265
-364
-450
-518
-494
-326
-59
131
566
787
887
823
675
495
287
189
174
-76
-17
-46
-242
-266
-253
-263
-284
-263
-212
-234
-271
-335
-453
-518
-524
-435
-194
-25
419
687
834
847
722
550
350
169
123
23
-31
-38
-93
-250
-283
-303
-300
-284
-241
-206
-253
-329
-437
-524
-562
-502
-347
-5
142
571
774
881
725
675
321
201
163
20
-17
-44
-141
-202
-246
-396
-284
-285
-258
-237
-248
-289
-367
-512
-439
-505
-412
-177
59
561
727
839
827
710
531
329
179
116
1
-44
-44
-153
-206
-242
-267
-268
-241
-181
-232
-237
-305
-415
-492
-492
-449
-253
-46
375
671
834
859
785
613
419
247
135
20
43
-18
-73
-108
-193
-257
-263
-262
-222
-212
-209
-268
-364
-454
-499
-486
-332
-94
142
583
803
811
807
691
479
277
155
121
-8
-28
-38
-81
-181
-267
-285
-268
-333
-137
-246
-281
-351
-469
-605
-530
-429
-222
-17
419
695
837
811
707
535
343
171
129
4
-17
-44
-172
-230
-271
-354
-241
-283
-248
-262
-294
-287
-449
-526
-561
-492
-309
-51
153
563
769
831
735
601
405
219
135
18
-12
-50
-145
-204
-231
-284
-295
-268
-247
-243
-235
-300
-395
-467
-525
-574
-386
-157
135
450
741
857
811
659
512
319
175
149
9
-25
-65
-53
-197
-231
-253
-267
-267
-230
-225
-270
-333
-432
-485
-506
-427
-212
-53
403
761
857
881
794
610
310
234
257
71
14
-45
-93
-172
-204
-261
-278
-241
-231
-215
-217
-284
-385
-471
-507
-479
-334
-96
147
567
759
863
791
675
480
274
129
60
-12
-49
-97
-151
-293
-298
-285
-285
-269
-182
-268
-269
-348
-463
-531
-545
-430
-225
-23
404
679
834
819
697
530
322
163
121
-12
-27
-82
-179
-240
-266
-301
-306
-298
-264
-257
-271
-335
-447
-537
-605
-492
-313
-56
343
675
751
847
751
594
403
202
139
19
-12
-77
-143
-202
-243
-274
-284
-242
-235
-237
-243
-348
-290
-476
-518
-577
-453
-142
143
527
757
871
831
694
500
321
149
90
32
-12
-60
-151
-194
-172
-242
-259
-230
-202
-204
-236
-328
-457
-466
-482
-407
-202
-21
419
699
841
863
766
587
407
217
139
37
-5
-46
-167
-202
-211
-269
-269
-268
-262
-229
-250
-309
-415
-479
-526
-485
-309
-50
138
611
803
859
783
623
464
257
147
25
-25
-12
-133
-211
-121
-277
-289
-300
-279
-256
-267
-307
-319
-512
-540
-524
-407
-165
143
491
725
787
781
659
482
279
132
21
-25
-17
-147
-105
-295
-286
-281
-268
-279
-250
-248
-273
-362
-463
-529
-531
-450
-217
-110
417
679
831
775
723
563
355
191
131
18
-16
-44
-146
-133
-242
-272
-281
-265
-243
-235
-252
-390
-427
-492
-513
-460
-264
-41
357
721
823
875
791
631
419
238
119
81
142
-39
-39
-197
-207
-238
-172
-238
-220
-204
-231
-266
-363
-462
-504
-482
-333
-76
135
563
793
891
839
695
485
294
151
126
6
-21
-27
-169
-206
-253
-285
-282
-275
-230
-237
-269
-375
-460
-507
-497
-396
-161
19
363
697
834
821
695
535
335
173
107
1
-18
-29
-163
-205
-274
-300
-319
-300
-257
-260
-286
-364
-460
-540
-455
-467
-222
-15
363
660
793
807
660
567
361
180
123
-12
-37
-35
-165
-222
-281
-284
-301
-287
-283
-248
-274
-332
-445
-509
-515
-481
-285
-37
227
598
821
871
833
638
415
276
107
30
5
-32
-108
-173
-226
-267
-289
-275
-255
-241
-234
-288
-381
-474
-517
-469
-314
-37
191
613
841
917
734
709
489
301
145
121
17
-69
-47
-156
-214
-248
-278
-285
-247
-233
-225
-284
-355
-445
-549
-460
-361
-106
116
537
789
878
855
711
515
318
245
126
4
-43
-51
-155
-231
-271
-305
-245
-181
-311
-267
-300
-375
-453
-529
-520
-422
-174
107
485
739
868
839
708
535
318
148
95
-12
-33
-144
-193
-251
-285
-326
-332
-329
-285
-286
-327
-402
-506
-509
-510
-429
-212
3
465
707
851
821
721
555
347
171
149
9
-6
-42
-173
-231
-253
-242
-309
-284
-266
-236
