170
136
143
89
88
46
36
7
-12
-5
-16
-10
-18
-38
-39
-125
-161
-217
-250
-276
-284
-285
-284
-236
-109
-29
139
306
369
389
399
370
308
263
227
202
149
135
147
73
68
35
6
1
-17
-28
-30
-39
-29
-69
-83
-166
-197
-254
-295
-332
-324
-346
-333
-275
-143
-28
131
258
309
345
357
321
263
209
179
169
146
137
58
47
31
-13
-27
-42
-45
-76
-85
-79
-108
-136
-158
-198
-242
-300
-345
-379
-371
-359
-361
-271
-135
-37
131
281
313
331
344
323
251
215
175
161
153
121
70
43
35
3
-14
-23
-30
-29
-42
-33
-66
-102
-126
-155
-218
-274
-303
-313
-320
-331
-287
-163
-41
119
291
350
379
407
376
322
275
228
202
187
149
130
133
93
69
37
16
1
3
-15
-1
-22
-32
-35
-107
-155
-223
-259
-301
-321
-309
-321
-247
-103
-22
137
277
346
367
383
340
288
235
213
198
161
134
122
63
57
26
1
-18
-29
-37
-24
-61
-76
-108
-152
-191
-230
-286
-317
-349
-361
-357
-324
-225
-77
66
131
267
315
339
339
271
232
187
161
142
130
71
39
17
-1
-27
-28
-44
-77
-94
-80
-95
-109
-125
-172
-217
-267
-313
-343
-363
-371
-349
-285
-159
-41
125
267
313
356
358
324
275
235
207
178
158
138
145
82
65
37
14
-15
-25
-29
-37
-39
-39
-76
-111
-150
-202
-254
-289
-311
-326
-311
-293
-191
-41
117
265
340
370
383
383
343
292
249
227
201
166
139
137
142
86
51
21
6
-3
-17
-17
-28
-33
-39
-114
-159
-225
-289
-316
-324
-338
-324
-272
-142
-44
135
279
333
345
372
337
287
241
211
175
146
134
116
66
37
19
-14
-29
-48
-29
-59
-58
-76
-113
-140
-173
-229
-284
-333
-348
-363
-376
-359
-289
-133
-37
122
266
296
324
340
293
244
194
155
133
133
95
50
30
7
-24
-21
-39
-31
-58
-73
-74
-74
-93
-135
-172
-225
-279
-322
-359
-364
-361
-332
-236
-53
87
134
310
340
363
363
324
273
226
203
183
146
139
128
71
53
21
7
-3
-19
-12
-34
-28
-41
-5
-113
-86
-223
-259
-287
-307
-313
-316
-263
-155
-37
131
305
357
391
419
395
330
290
245
211
183
161
136
139
69
53
29
14
-15
-31
-29
-33
-34
-75
-77
-141
-173
-237
-284
-316
-328
-333
-332
-278
-141
-27
134
287
324
362
375
324
258
225
180
171
131
138
73
52
27
3
-15
-44
-43
-78
-72
-76
-99
-126
-147
-185
-242
-298
-349
-378
-379
-380
-362
-284
-129
-40
139
254
298
321
324
291
232
187
163
160
139
148
61
62
41
17
-9
-37
-25
-38
-60
-62
-85
-108
-129
-173
-235
-281
-307
-327
-327
-335
-313
-220
-62
101
173
313
355
378
372
324
277
244
215
186
160
135
135
87
62
32
11
-11
3
-15
-27
-26
-28
-33
-99
-149
-204
-245
-275
-301
-293
-313
-264
-165
-33
127
276
334
363
393
373
315
276
227
193
163
148
129
95
70
54
21
-10
-22
-31
-44
-33
-76
-75
-108
-145
-205
-249
-298
-323
-333
-348
-353
-319
-179
-42
123
244
311
340
346
323
273
231
183
163
138
134
71
27
21
1
-13
-27
-44
-78
-98
-93
-105
-125
-158
-200
-236
-285
-332
-361
-369
-366
-371
-319
-195
-43
119
235
307
345
355
339
276
235
203
167
164
142
89
57
36
21
6
-32
-22
-34
-39
-43
-65
-80
-114
-154
-201
-249
-290
-333
-332
-340
-330
-255
-99
-16
138
306
350
376
390
341
290
259
229
194
173
146
141
94
81
52
42
11
-21
-21
-15
-25
-28
-33
-114
-126
-183
-245
-300
-348
-311
-326
-300
-236
-111
-24
139
290
341
359
373
333
277
227
197
180
139
129
82
55
27
3
-25
-40
-43
-62
-57
-78
-101
-121
-144
-203
-249
-285
-331
-359
-367
-364
-350
-266
-110
-45
135
259
291
323
331
279
233
184
148
136
133
51
25
21
7
-25
-37
-42
-79
-74
-77
-81
-117
-120
-163
-209
-261
-302
-330
-347
-345
-349
-343
-240
-85
-12
139
276
331
355
355
313
259
227
199
179
144
131
110
75
46
25
15
0
-25
-18
-30
-33
-47
-70
-115
-165
-204
-247
-285
-307
-322
-322
-297
-221
-44
116
250
340
376
404
404
355
310
267
238
212
180
152
149
141
66
52
23
-3
-14
-31
-34
-49
-31
-107
-137
-189
-240
-290
-318
-333
-326
-338
-307
-215
-59
115
181
307
337
366
347
297
249
198
177
148
134
117
52
34
-1
-12
-26
-42
-63
-81
-77
-105
-123
-146
-172
-233
-287
-329
-371
-379
-390
-396
-350
-246
-76
58
143
263
303
309
313
251
212
166
156
139
135
78
34
19
1
-12
-34
-35
-44
-57
-62
-77
-117
-133
-173
-213
-258
-300
-327
-335
-343
-348
-284
-144
-51
130
276
333
367
375
346
301
269
228
198
183
143
146
129
84
47
35
15
4
-14
-12
-19
-18
-39
-76
-129
-161
-234
-264
-286
-285
-294
-285
-232
-103
-19
138
307
363
394
407
363
315
267
237
217
183
167
129
131
57
35
4
-14
-11
-31
-29
-41
-37
-76
-119
-162
-225
-265
-309
-310
-331
-333
-337
-277
-134
-42
133
267
313
341
350
305
244
212
201
153
147
131
62
39
23
2
-11
-37
-30
-66
-76
-76
-105
-128
-167
-204
-261
-312
-348
-366
-365
-374
-379
-302
-147
-46
135
246
302
323
339
303
250
227
200
177
149
145
75
49
37
11
-17
-18
-25
-31
-41
-44
-94
-85
-128
-156
-230
-255
-296
-311
-327
-313
-318
-243
-133
-28
147
277
339
372
383
342
298
254
219
209
169
149
131
116
84
49
36
8
7
-2
-1
-9
-28
-45
-52
-141
-190
-226
-268
-300
-300
-318
-294
-225
-101
-21
135
289
340
363
378
334
293
237
210
185
159
146
119
72
58
20
-1
-15
-31
-38
-37
-57
-80
-113
-138
-175
-231
-287
-310
-328
-347
-341
-336
-284
-146
-45
135
249
291
320
334
291
245
206
179
151
139
131
51
23
15
-12
-25
-38
-59
-77
-85
-94
-95
-130
-170
-203
-246
-300
-328
-349
-345
-367
-344
-270
-111
-40
145
261
297
333
350
298
259
229
186
175
142
137
119
59
49
26
8
-7
-7
-27
-17
-28
-27
-45
-108
-149
-205
-250
-282
-301
-309
-313
-293
-236
-76
-2
135
298
355
370
386
338
298
254
230
217
182
148
131
132
97
75
43
27
7
-1
-23
-12
-24
-32
-109
-140
-193
-255
-295
-313
-324
-327
-317
-225
-93
-22
138
277
319
352
349
310
257
223
201
175
146
146
81
65
43
21
-8
-12
-16
-35
-39
-60
-94
-119
-145
-191
-236
-295
-330
-348
-348
-350
-348
-273
-122
-34
131
247
287
313
309
273
219
183
159
134
136
72
47
27
3
-1
-17
-37
-40
-46
-69
-62
-81
-79
-140
-173
-241
-289
-329
-344
-350
-349
-335
-240
-86
-14
143
276
313
349
342
295
252
227
198
166
163
135
135
71
55
39
14
7
-12
-21
-22
-29
-35
-37
-108
-140
-188
-240
-284
-297
-303
-297
-277
-183
-33
125
246
318
359
372
386
329
278
231
212
195
154
131
135
86
63
37
20
-21
-23
-29
-33
-27
-37
-77
-129
-150
-220
-270
-297
-324
-331
-337
-311
-211
-55
105
135
281
315
337
309
269
218
191
167
132
131
111
52
49
21
3
-12
-44
-30
-43
-73
-81
-109
-127
-171
-229
-278
-330
-363
-372
-386
-373
-317
-183
-47
114
142
270
307
306
279
225
183
155
147
143
122
75
63
45
32
2
-22
-21
-37
-41
-43
-62
-76
-123
-160
-188
-237
-281
-307
-318
-335
-324
-257
-133
-37
134
272
309
340
367
322
263
225
202
195
161
148
142
126
81
59
41
25
10
3
-5
-15
-23
-39
-29
-109
-163
-213
-258
-286
-287
-297
-269
-210
-57
116
146
298
346
385
350
307
262
218
174
166
154
142
99
76
51
48
35
4
-17
-12
-42
-27
-39
-77
-119
-154
-217
-268
-296
-324
-331
-353
-332
-229
-78
-17
130
262
297
315
303
259
207
175
142
144
132
77
47
31
35
7
-25
-37
-31
-74
-72
-81
-108
-127
-156
-199
-249
-309
-332
-348
-355
-348
-332
-239
-93
-13
139
263
307
337
313
262
213
175
161
138
137
84
57
53
35
36
3
17
-17
-13
-27
-17
-47
-44
-111
-152
-207
-252
-261
-289
-300
-307
-284
-188
-39
122
241
298
339
353
350
279
245
219
207
167
149
138
131
91
74
59
46
17
3
20
1
-6
-13
-31
-79
-143
-194
-237
-278
-289
-321
-306
-267
-160
-49
129
245
298
327
345
319
271
222
181
165
136
147
117
57
53
37
20
-18
-17
-34
-32
-38
-45
-83
-102
-151
-203
-245
-293
-321
-329
-333
-336
-298
-185
-32
117
131
259
297
306
276
229
180
136
145
139
69
46
31
22
-1
-18
-16
-44
-45
-69
-65
-77
-102
-133
-162
-202
-262
-269
-315
-326
-326
-329
-277
-161
-32
134
212
279
301
326
298
233
212
178
161
145
139
122
84
69
45
35
11
4
-13
-28
-12
-29
-42
-39
-125
-156
-213
-238
-280
-283
-293
-298
-219
-109
-34
126
272
319
354
372
339
280
245
214
195
171
155
142
133
79
55
47
23
-3
2
-7
-15
-15
-37
-95
-129
-177
-214
-253
-282
-298
-302
-297
-260
-147
-29
139
237
275
303
324
291
233
198
163
155
128
133
75
52
51
27
11
-12
-27
-47
-44
-43
-76
-106
-140
-167
-206
-265
-300
-319
-322
-344
-344
-298
-171
-40
115
141
244
279
296
247
198
169
149
141
147
78
53
35
39
14
-13
-26
-31
-26
-35
-22
-34
-93
-135
-169
-204
-242
-272
-306
-307
-332
-326
-253
-136
-38
137
258
293
311
341
308
266
223
199
163
156
135
135
99
69
42
51
24
21
6
-13
-17
-12
-45
-39
-114
-151
-201
-243
-254
-269
-279
-269
-225
-95
-25
137
271
329
346
356
327
275
242
209
187
155
127
143
71
53
43
20
7
-10
-16
-19
-34
-33
-37
-109
-151
-198
-249
-286
-300
-318
-326
-327
-268
-139
-43
134
227
279
302
310
275
235
193
161
145
139
121
52
46
32
-5
-15
-23
-42
-44
-31
-57
-82
-124
-163
-202
-236
-273
-306
-336
-345
-353
-352
-300
-177
-41
101
133
258
289
305
275
230
207
180
161
139
139
79
58
43
19
3
-12
-14
-11
-34
-39
-47
-85
-114
-140
-183
-236
-274
-284
-310
-300
-301
-251
-130
-33
127
259
313
341
340
315
271
239
197
182
167
145
129
143
87
52
43
23
23
18
2
4
-9
-21
-34
-113
-142
-201
-242
-268
-265
-279
-298
-236
-153
-31
141
235
285
313
339
306
259
228
211
186
159
129
141
84
