-302
-221
-34
145
407
419
398
315
202
147
61
53
107
143
223
243
238
201
153
128
18
-12
-25
-47
-31
-29
-43
-109
-134
-181
-226
-259
-281
-286
-332
-295
-190
-85
117
409
419
371
246
154
148
26
43
82
131
196
241
187
142
133
18
-28
-29
-70
-85
-61
-81
-123
-159
-202
-247
-268
-305
-334
-348
-373
-329
-178
-33
149
404
391
291
173
135
8
-25
-9
59
114
141
208
142
133
49
-9
-29
-101
-111
-109
-94
-105
-129
-169
-209
-258
-311
-286
-349
-349
-347
-280
-108
116
319
419
393
291
190
137
36
20
63
116
131
219
218
179
116
87
3
-19
-30
-24
-42
-42
-71
-96
-140
-186
-206
-220
-268
-279
-300
-294
-252
-76
134
368
468
419
353
239
150
138
52
99
119
218
245
245
195
159
135
36
-15
-33
-44
-42
-25
-62
-105
-149
-181
-219
-249
-271
-314
-382
-321
-231
-79
119
350
419
387
308
195
137
10
38
55
116
134
208
203
159
126
51
-24
-46
-82
-94
-94
-93
-122
-140
-193
-237
-268
-289
-325
-349
-367
-396
-268
-70
119
322
381
326
227
123
41
-9
-17
19
103
142
146
228
159
58
75
-77
-44
-111
-100
-93
-108
-133
-157
-201
-205
-253
-295
-327
-332
-363
-320
-222
-37
133
395
419
366
243
157
135
15
35
89
153
102
223
211
158
143
48
-12
-28
-44
-15
-33
-44
-82
-110
-156
-179
-234
-233
-270
-283
-300
-265
-169
-43
197
419
487
398
301
177
139
63
63
109
127
181
212
207
198
116
137
-11
-24
-47
-35
-45
-58
-66
-125
-161
-205
-241
-284
-315
-328
-319
-297
-163
-41
287
443
398
308
230
137
51
25
49
90
130
135
207
163
134
135
30
-22
-45
-93
-93
-86
-115
-138
-179
-210
-249
-264
-299
-326
-347
-358
-316
-233
-44
116
351
382
323
219
151
37
-2
13
63
115
135
201
169
144
125
18
-34
-27
-111
-108
-82
-85
-110
-146
-188
-219
-249
-265
-365
-302
-311
-300
-209
-42
126
389
419
372
275
181
131
37
54
89
137
199
250
180
121
114
121
11
-27
-39
-29
-31
-35
-40
-97
-134
-147
-210
-236
-257
-269
-275
-251
-169
-44
137
419
450
355
281
182
143
48
51
99
136
227
249
216
165
148
15
-13
-12
-37
-26
-45
-76
-46
-127
-162
-210
-236
-268
-282
-314
-332
-310
-218
-46
130
371
407
372
230
161
133
23
13
67
113
135
202
167
146
133
21
-33
-28
-93
-97
-106
-107
-136
-156
-191
-242
-287
-265
-332
-345
-358
-330
-214
-39
143
349
404
345
243
155
133
18
16
21
127
148
195
183
148
147
33
-17
-42
-11
-81
-81
-76
-97
-135
-178
-201
-230
-247
-285
-299
-296
-273
-266
-27
133
391
451
401
278
199
139
79
67
110
109
213
241
229
211
148
135
38
-21
-26
-28
-25
-50
-22
42
-101
-133
-189
-223
-255
-273
-282
-246
-163
-28
133
404
459
419
303
199
125
81
52
105
141
150
237
212
169
145
39
1
-19
-41
-67
-44
-58
-102
-129
-177
-217
-197
-256
-283
-291
-315
-296
-214
-28
129
351
404
384
286
171
143
31
-1
55
100
135
165
178
139
137
3
-33
-46
-108
-109
-106
-97
-130
-124
-199
-215
-264
-286
-332
-300
-329
-324
-226
-62
116
303
307
375
278
213
137
43
39
70
125
147
206
212
171
137
81
-14
-39
-22
-29
-74
-45
-57
-107
-154
-220
-209
-223
-263
-285
-282
-272
-200
-39
121
353
419
419
355
255
162
133
78
115
175
203
244
267
219
165
145
32
5
-12
-26
-22
-29
-28
-34
-98
-141
-140
-237
-253
-257
-302
-227
-205
-62
126
339
447
419
329
249
150
131
43
66
109
139
214
223
187
151
137
19
-27
-30
-82
-71
-68
-63
-108
-138
-185
-232
-268
-278
-301
-348
-248
-199
-155
-27
355
419
359
241
179
148
23
1
33
85
130
207
163
143
148
14
-27
-30
-96
-163
-93
-94
-107
-123
-166
-199
-239
-193
-313
-307
-297
-313
-276
-169
78
340
389
391
308
212
134
51
38
84
116
131
219
221
191
132
133
15
-28
-28
-30
-38
-37
-46
-76
-101
-172
-191
-220
-263
-278
-299
-221
-172
-46
133
355
453
419
357
253
149
135
78
107
130
211
265
251
217
180
130
31
-9
-18
-37
-27
-28
-22
30
-129
-141
-236
-230
-251
-268
-283
-302
-270
-66
107
330
387
402
329
222
138
46
27
63
117
105
217
221
180
139
46
-13
-34
-37
-83
-85
-76
-76
-121
-165
-193
-237
-274
-303
-325
-345
-331
-239
-80
116
319
407
326
227
201
151
23
-11
35
85
139
148
189
134
134
-23
-18
-48
-85
-93
-76
-81
-106
-156
-159
-219
-246
-268
-284
-294
-305
-361
-224
-49
129
319
405
381
308
198
133
35
43
77
116
145
245
287
174
129
50
-7
-7
-44
-34
-59
-31
-65
-94
-140
-174
-202
-270
-252
-268
-281
-238
-155
-44
139
417
462
407
355
213
110
71
62
116
119
238
261
231
167
123
39
-1
-107
-49
-40
-53
-26
-65
-93
-149
-204
-209
-253
-268
-309
-296
-278
-168
-29
150
372
403
307
251
158
148
87
35
75
127
131
227
196
123
153
-7
-29
-94
-109
-76
-86
-82
-136
-137
-189
-268
-301
-332
-359
-379
-360
-297
-127
-29
286
383
337
281
193
102
49
31
-53
131
102
131
207
166
123
21
-13
-44
-111
-106
-101
-69
-141
-121
-221
-204
-312
-271
-306
-319
-332
-300
-197
-34
126
390
385
390
293
179
127
43
39
87
143
243
269
259
221
132
19
-11
-21
-43
-57
-42
-37
-46
-82
-112
-171
-219
-237
-257
-262
-268
-234
-114
71
322
469
467
373
279
163
147
47
33
119
120
198
257
208
159
134
11
-28
-41
-44
-58
-47
-76
-73
-130
-190
-233
-271
-305
-325
-318
-322
-213
-45
131
359
417
372
289
163
122
3
13
65
116
145
212
197
159
143
7
-33
-108
-111
-125
-124
-63
-123
-143
-190
-236
-206
-279
-349
-373
-377
-319
-201
-41
148
373
404
315
211
147
19
-12
13
73
113
127
169
247
163
52
-5
-31
-108
-108
-107
-79
-101
-81
-133
-203
-284
-259
-299
-305
-329
-305
-221
-64
131
334
419
415
325
219
145
43
87
68
123
130
235
257
213
154
148
-73
-44
-6
-71
17
-38
-2
-104
-112
-165
-206
-264
-270
-302
-315
-283
-150
-28
230
419
473
405
289
177
135
27
53
103
145
239
267
231
165
131
14
-31
-38
-83
-71
-65
-58
-70
-135
-175
-278
-249
-268
-332
-346
-332
-267
-122
-27
279
419
417
318
211
141
38
-8
27
97
121
217
227
217
135
45
-26
-77
-135
-129
-147
-111
-101
-140
-181
-268
-285
-298
-345
-371
-379
-348
-239
-50
133
353
403
361
253
139
97
-24
15
57
115
138
208
219
172
119
-12
-45
-76
-93
-76
-93
-67
-97
-130
-177
-233
-247
-298
-303
-341
-323
-300
-176
-29
126
389
419
334
266
166
98
-5
-14
30
119
271
250
212
151
129
3
-33
-61
-25
-43
-28
-12
-54
-110
-156
-210
-173
-253
-290
-295
-271
-209
-73
126
341
458
419
372
227
145
122
24
51
129
131
235
254
225
148
131
11
-25
-169
-109
-93
-70
-80
-110
-152
-209
-321
-243
-306
-326
-411
-264
-237
-85
131
357
419
371
258
149
123
-11
-6
38
103
130
212
181
139
117
18
-45
-133
-163
-140
-135
-153
-141
-186
-236
-283
-314
-337
-362
-428
-300
-357
-192
-30
137
369
391
331
244
207
39
-9
20
71
131
201
226
168
105
79
-5
-28
-50
-112
-33
-58
-73
-94
-139
-173
-229
-253
-283
-301
-250
-281
-254
-135
103
329
458
446
356
244
145
131
47
75
123
223
293
283
250
163
147
25
-38
35
-37
-42
-41
-33
-77
-117
-175
-268
-239
-268
-300
-275
-301
-215
-44
180
353
419
419
311
203
147
33
20
63
131
129
243
243
194
133
27
-23
-34
-99
-109
-101
-71
-97
-117
-167
-222
-253
-278
-310
-337
-352
-321
-239
-44
133
356
419
371
273
148
123
-9
-35
53
113
144
211
196
162
143
19
-23
-150
-151
-113
-128
-107
-109
-165
-207
-251
-278
-287
-305
-330
-347
-298
-171
-30
143
401
419
303
242
148
118
9
34
148
129
241
261
232
164
131
17
-26
-25
-103
-93
-70
-61
-77
-130
-169
-234
-252
-268
-284
-313
-300
-246
-79
180
335
467
463
347
271
139
198
52
89
123
235
297
294
262
169
125
35
-22
-45
-45
-63
-26
-46
-82
-126
-171
-217
-245
-262
-285
-288
-289
-214
-55
137
353
419
409
325
206
139
51
23
68
123
131
247
239
186
127
43
-9
-29
-105
-111
-115
-77
-97
-138
-175
-210
-243
-299
-379
-346
-351
-318
-242
-109
131
339
404
353
307
217
46
36
-31
59
102
129
206
194
153
123
-12
-44
-125
-127
-109
-93
-95
-118
-147
-188
-223
-279
-293
-319
-337
-335
-306
-187
-31
141
385
419
363
243
159
122
20
53
57
126
235
271
163
228
195
31
-28
-22
-93
-70
-62
-60
-101
-104
-159
-205
-236
-254
-289
-283
-271
-246
-108
-28
291
447
478
401
290
194
139
64
84
125
145
251
292
299
165
155
38
-22
-44
-85
-68
-53
-50
-81
-117
-149
-213
-230
-281
-300
-313
-310
-268
-119
-14
309
419
419
340
229
134
35
17
33
110
193
239
309
201
111
148
-15
-7
-117
-115
-108
-85
-99
-114
-167
-191
-242
-291
-307
-337
-341
-339
-300
-96
-39
228
387
379
293
181
149
13
-33
13
65
115
201
219
187
133
39
-14
-30
-115
-145
-108
-99
-94
-113
-152
-201
-232
-259
-293
-319
-332
-319
-236
-71
121
339
451
409
381
222
128
35
20
59
211
155
257
251
221
180
160
-9
-21
-2
-86
-54
-37
-44
-79
-127
-157
-204
-224
-250
-279
-286
-263
-167
-37
148
410
479
419
335
217
133
65
53
105
134
234
271
260
219
153
121
-7
-37
-37
-74
-55
-73
-43
-99
-150
-193
-236
-235
-286
-310
-318
-300
-203
-49
134
371
419
383
276
177
148
6
13
54
122
135
214
218
213
210
15
-30
-53
-127
-123
-61
-98
-125
-156
-172
-237
-283
-302
-348
-357
-363
-337
-234
-39
131
353
385
263
227
82
20
-12
-17
138
139
139
221
199
163
145
9
-41
-97
-125
-109
-71
-75
-105
-129
-150
-194
-254
-270
-299
-303
-327
-283
-150
-42
148
419
419
358
279
155
173
43
59
116
127
244
259
247
201
142
55
-3
-6
52
-37
-39
-47
-65
-102
-113
-169
-213
-222
-262
-267
-271
-242
-140
-44
251
419
459
375
277
159
121
50
52
114
149
235
265
225
179
143
31
-30
-43
-95
-78
-66
-67
-97
