-298
-345
-383
-402
-410
-363
-336
-346
-315
-215
-53
103
254
297
277
228
214
151
145
129
154
166
178
153
129
116
67
25
-13
-37
-37
-61
-47
-97
-166
-204
-221
-299
-315
-349
-350
-342
-300
-297
-268
-231
-76
84
257
323
346
308
263
223
187
180
173
202
198
195
163
139
116
105
52
17
-12
-29
-28
-38
-49
-138
-177
-247
-285
-319
-345
-329
-312
-277
-268
-236
-118
-27
135
326
337
311
275
251
198
187
182
187
185
186
164
144
120
89
27
-3
-21
-28
-43
-49
-109
-157
-200
-258
-314
-351
-375
-377
-334
-325
-319
-283
-226
-62
107
250
307
309
244
223
171
164
146
153
155
151
148
139
116
33
5
-25
-28
-38
-47
-110
-121
-155
-219
-263
-311
-373
-383
-382
-367
-344
-315
-297
-262
-139
-45
117
288
293
275
255
209
162
165
155
180
178
178
153
114
120
59
34
20
-26
-31
-53
-49
-99
-156
-182
-238
-295
-341
-364
-330
-323
-300
-291
-257
-143
-57
117
308
340
323
287
250
211
202
191
211
214
227
214
171
139
116
83
34
1
-23
-31
-35
-50
-107
-159
-234
-277
-336
-353
-341
-325
-301
-286
-281
-195
-67
95
258
320
322
285
245
211
180
174
171
181
177
179
163
116
125
35
0
-21
-43
-56
-47
-111
-139
-190
-240
-295
-341
-382
-380
-364
-347
-335
-321
-284
-158
-46
121
263
279
259
225
193
149
127
119
137
148
147
133
115
107
20
-7
-26
-33
-53
-45
-101
-125
-163
-236
-288
-340
-363
-369
-364
-349
-330
-313
-274
-169
-58
117
281
330
289
249
228
195
170
182
187
185
207
171
151
122
121
55
5
7
-17
-27
-27
-43
-119
-168
-231
-272
-318
-349
-345
-322
-291
-273
-258
-188
-42
115
277
347
347
299
265
225
203
182
186
202
203
205
177
123
125
68
23
1
-11
-27
-45
-51
-99
-167
-222
-269
-325
-357
-364
-339
-330
-302
-300
-233
-105
50
143
292
297
266
244
206
169
158
164
161
162
158
143
123
113
48
-6
-22
-33
-53
-46
-108
-123
-185
-236
-300
-348
-396
-396
-394
-370
-346
-343
-286
-152
-49
133
255
286
244
206
193
147
148
147
148
168
177
148
125
115
33
15
-21
-31
-44
-59
-55
-102
-150
-202
-261
-321
-355
-365
-347
-322
-300
-285
-266
-143
-58
123
292
323
293
274
235
199
191
175
180
203
203
186
174
115
115
59
36
-1
-21
-23
-37
-47
-50
-164
-233
-283
-313
-333
-331
-312
-290
-277
-253
-161
-49
129
301
335
319
263
233
203
179
178
177
194
212
181
145
119
106
51
3
-27
-34
-31
-50
-43
-139
-194
-243
-309
-354
-378
-385
-347
-332
-320
-300
-204
-59
111
246
309
303
249
213
171
147
137
143
148
162
162
123
116
51
11
-12
-39
-48
-44
-108
-117
-167
-213
-250
-309
-390
-393
-381
-378
-345
-332
-309
-237
-75
90
241
289
278
249
223
189
171
159
163
165
191
191
148
121
113
41
26
0
-21
-44
-42
-46
-117
-159
-219
-269
-309
-341
-339
-337
-320
-300
-274
-220
-58
87
244
335
331
297
273
231
207
195
197
210
215
217
193
148
147
119
70
38
-5
0
-26
-44
-49
-133
-189
-238
-302
-333
-353
-359
-318
-300
-284
-230
-85
70
229
328
326
291
245
207
175
163
158
178
182
181
150
123
118
47
14
-9
-26
-51
-54
-81
-129
-167
-217
-285
-339
-386
-393
-371
-349
-341
-321
-268
-157
-47
122
278
290
242
212
178
154
137
129
137
154
151
131
125
106
25
3
-21
-42
-57
-55
-106
-136
-166
-211
-279
-332
-374
-389
-364
-349
-334
-331
-286
-159
-54
121
273
313
283
243
217
180
171
168
180
182
195
180
155
123
133
55
25
-12
-23
-43
-56
-59
-127
-185
-243
-281
-319
-366
-358
-332
-310
-296
-267
-158
-49
110
307
349
321
291
257
219
203
186
206
212
218
193
164
135
121
78
30
-9
-26
-37
-50
-47
-120
-185
-229
-285
-331
-364
-358
-343
-321
-309
-289
-209
-56
113
254
311
293
257
222
181
152
153
159
158
164
163
127
116
99
25
-5
-25
-44
-46
-63
-117
-141
-202
-242
-313
-350
-394
-414
-389
-391
-347
-335
-280
-111
-37
118
263
275
239
180
162
142
130
148
163
175
163
147
131
107
52
3
-23
-33
-53
-61
-107
-137
-166
-217
-283
-322
-343
-355
-358
-325
-315
-300
-248
-119
0
179
315
321
283
255
221
187
178
180
189
197
212
171
157
119
131
42
35
-12
-14
-28
-31
-51
-125
-172
-225
-281
-322
-343
-331
-310
-291
-268
-239
-119
-31
130
323
329
303
275
238
195
179
175
180
195
195
180
146
117
119
34
15
-23
-34
-43
-60
-101
-140
-190
-251
-295
-348
-361
-364
-345
-332
-330
-297
-221
-58
118
244
308
281
249
209
167
147
138
151
151
163
159
131
116
54
17
-17
-25
-53
-53
-102
-129
-167
-209
-272
-318
-369
-396
-402
-386
-354
-348
-336
-255
-105
79
237
296
287
243
213
182
163
149
148
180
174
178
143
116
122
51
19
-12
-27
-31
-29
-44
-110
-169
-213
-277
-327
-357
-357
-343
-333
-300
-280
-241
-94
53
235
308
331
289
251
227
180
148
208
201
211
230
197
163
121
123
55
35
9
-10
-10
-41
-62
-125
-172
-242
-289
-346
-364
-338
-311
-303
-294
-243
-109
-33
116
307
322
277
263
218
178
159
163
168
176
187
163
135
130
99
36
3
-6
-21
-43
-47
-114
-163
-203
-282
-342
-375
-395
-396
-371
-336
-339
-313
-182
-54
123
259
294
276
227
193
148
131
123
148
155
163
147
115
127
56
15
-22
-26
-53
-38
-105
-117
-172
-210
-268
-332
-374
-386
-396
-365
-351
-345
-311
-190
-51
111
267
309
297
263
215
181
175
153
173
205
211
190
163
135
119
55
35
6
5
-31
-39
-54
-123
-178
-220
-285
-330
-367
-364
-340
-305
-294
-265
-174
-53
113
293
341
337
298
258
214
190
183
195
213
241
214
171
142
116
110
44
22
-10
-41
-47
-58
-113
-183
-219
-285
-330
-385
-373
-357
-343
-335
-316
-206
-61
110
255
309
302
263
235
183
160
159
175
195
191
180
151
123
122
39
14
-17
-39
-57
-55
-117
-156
-191
-253
-330
-364
-409
-393
-380
-369
-361
-357
-274
-98
-37
122
277
271
228
212
177
134
149
139
167
170
180
148
122
118
41
20
-14
-42
-45
-51
-94
-141
-193
-236
-295
-341
-375
-385
-368
-345
-332
-310
-241
-76
99
270
319
323
277
249
202
179
180
177
221
223
207
197
149
114
116
52
14
-10
-21
-30
-55
-52
-154
-205
-263
-318
-348
-348
-331
-300
-301
-275
-204
-57
99
251
340
350
293
275
233
185
183
185
205
215
201
179
143
123
114
37
25
-21
-44
-42
-62
-125
-181
-219
-283
-332
-389
-381
-380
-361
-324
-332
-253
-109
41
159
306
302
262
219
187
155
158
148
169
175
177
147
118
113
31
20
-13
-28
-51
-102
-130
-153
-215
-268
-326
-380
-410
-407
-409
-384
-367
-337
-262
-108
-9
120
283
286
251
215
182
152
148
151
170
201
193
153
125
114
55
23
-12
-27
-21
-62
-55
-133
-181
-219
-299
-327
-378
-380
-365
-338
-325
-310
-217
-55
119
264
327
325
293
266
217
195
177
185
207
222
218
194
162
135
105
69
35
15
-7
-27
-34
-49
-140
-193
-257
-305
-347
-351
-331
-317
-310
-286
-225
-70
112
255
341
323
292
245
188
171
167
161
180
195
180
160
131
111
48
35
-9
-27
-43
-61
-73
-138
-173
-236
-284
-346
-377
-385
-371
-354
-339
-339
-260
-121
-15
115
288
292
247
219
184
134
129
134
157
155
175
122
115
116
35
7
-29
-25
-44
-58
-98
-145
-190
-246
-311
-338
-375
-390
-390
-363
-357
-335
-255
-105
31
169
298
303
274
231
195
171
155
161
178
193
183
171
148
119
127
49
23
1
-10
-34
-54
-44
-146
-195
-255
-301
-351
-367
-337
-337
-312
-299
-233
-73
70
244
330
341
308
281
250
219
196
191
213
227
215
210
177
145
116
109
47
14
-15
-22
-43
-54
-143
-197
-258
-309
-354
-352
-353
-344
-320
-310
-245
-119
-22
116
307
311
282
251
212
159
157
150
177
178
191
165
121
117
62
19
10
-39
-42
-57
-85
-139
-188
-246
-294
-338
-382
-403
-393
-366
-357
-337
-299
-172
-54
113
265
283
247
211
181
148
139
122
132
169
155
148
123
111
51
3
-12
-35
-44
-44
-97
-140
-174
-230
-280
-336
-385
-389
-375
-358
-338
-349
-285
-166
-47
127
283
308
294
259
239
195
180
165
171
187
194
190
147
125
116
55
26
3
-33
-28
-49
-54
-125
-172
-236
-282
-334
-342
-331
-311
-286
-282
-261
-155
-42
125
295
339
331
308
285
224
206
186
201
211
213
199
159
133
113
67
31
5
-15
-31
-38
-61
-107
-157
-218
-283
-322
-371
-374
-349
-327
-315
-300
-225
-51
97
231
291
299
262
243
196
167
146
147
163
173
169
150
115
122
37
9
-13
-49
-44
-61
-108
-133
-189
-249
-301
-358
-398
-387
-385
-370
-347
-321
-255
-109
-53
131
271
304
273
219
190
155
153
147
163
178
187
150
129
123
58
25
-9
-36
-28
-43
-59
-102
-157
-203
-249
-311
-347
-362
-349
-322
-294
-279
-245
-109
-38
127
299
335
307
277
245
193
186
180
177
209
219
187
177
145
122
112
43
22
0
-18
-34
-46
-49
-143
-213
-271
-312
-330
-325
-300
-294
-269
-243
-125
-58
116
281
321
303
277
233
198
177
163
180
181
187
169
157
131
107
51
35
-11
-18
-43
-49
-45
-149
-193
-238
-302
-349
-369
-362
-352
-327
-331
-303
-187
-62
111
244
283
276
247
223
171
135
148
145
155
170
153
127
106
47
3
-21
-53
-42
-53
-105
-107
-153
-202
-253
-309
-346
-394
-371
-365
-336
-313
-286
-211
-67
101
212
287
287
259
239
187
163
155
162
174
179
180
159
129
121
52
25
0
-9
-21
-34
-45
-50
-149
-209
-267
-310
-349
-342
-323
-300
-284
-255
-192
-50
101
246
307
337
299
271
231
206
185
207
199
215
223
202
154
121
130
67
23
3
3
-15
-23
-39
-113
-197
-268
-302
-339
-351
-318
-316
-296
-273
-210
-71
98
241
299
307
276
249
202
186
165
153
180
182
177
149
122
125
53
22
-7
-28
-43
-49
-54
-123
-166
-230
-301
-343
-377
-391
-364
-349
-322
-306
-229
-97
23
125
273
262
251
211
177
143
125
121
139
154
138
125
118
99
24
-3
-11
-17
-40
-43
-70
-130
-173
-219
-287
-331
-373
-381
-349
-330
-314
-294
-224
-101
3
118
279
311
276
266
225
183
168
170
177
191
