523
448
339
251
171
153
163
208
226
245
240
226
183
158
131
131
73
67
52
54
11
-37
-124
-182
-222
-252
-268
-251
-227
-222
-122
-28
126
249
249
211
143
17
-44
-141
-163
-150
-169
-105
-111
-141
-128
-151
-175
-213
-246
-283
-268
-277
-293
-330
-381
-412
-476
-507
-519
-492
-464
-412
-389
-273
-111
-57
119
89
42
-19
-44
-181
-215
-186
-135
-94
-34
-41
-47
-25
-40
-59
-101
-67
-40
-54
-44
-51
-75
-137
-145
-204
-205
-217
-178
-156
-140
-101
-39
145
355
419
419
372
303
259
175
144
160
207
252
301
329
327
329
303
277
245
248
239
244
244
222
193
148
113
-1
-12
-14
-19
19
40
65
129
336
467
533
507
419
340
263
170
130
123
155
116
195
198
159
150
145
111
62
18
23
20
7
3
-41
-141
-213
-283
-309
-330
-299
-299
-269
-237
-133
-43
119
152
159
148
13
-63
-193
-250
-236
-219
-172
-153
-155
-169
-172
-195
-232
-258
-265
-283
-275
-259
-265
-303
-361
-396
-456
-501
-483
-459
-428
-399
-357
-239
-63
62
147
137
127
17
-28
-93
-145
-120
-71
-31
-13
33
27
31
31
-9
-28
-9
8
17
5
27
-18
-48
-104
-144
-153
-146
-139
-101
-74
-30
78
225
411
499
515
463
406
341
263
215
211
258
290
343
326
340
323
315
297
265
227
225
222
211
200
174
135
128
3
-37
-30
-44
-29
-13
22
111
259
399
475
455
387
302
206
135
38
45
75
98
120
126
98
91
61
33
-3
-28
-29
-46
-80
-101
-134
-184
-245
-290
-364
-370
-374
-349
-346
-354
-255
-136
-42
94
105
31
-44
-123
-218
-262
-283
-261
-222
-165
-177
-172
-171
-172
-183
-241
-233
-277
-232
-247
-261
-289
-332
-379
-403
-428
-428
-414
-381
-345
-329
-213
-29
100
149
235
179
148
49
-12
-31
-79
-35
-30
88
100
134
115
101
67
52
66
67
77
98
101
49
17
-12
-24
-76
-81
-67
-33
-39
52
126
291
419
559
565
561
464
399
311
254
230
265
287
318
307
309
289
303
276
245
237
215
211
182
174
119
123
31
-15
-29
-105
-109
-108
-78
-69
-37
130
303
389
382
327
213
145
131
-25
-17
-12
40
59
40
34
15
9
-22
-42
-111
-97
-116
-123
-146
-200
-258
-314
-386
-412
-450
-449
-439
-427
-412
-349
-187
-59
10
82
34
-31
-137
-199
-265
-262
-251
-181
-154
-143
-145
-160
-160
-188
-197
-204
-194
-199
-178
-192
-213
-206
-291
-319
-370
-379
-372
-318
-290
-265
-204
-46
99
245
303
276
241
151
139
19
3
21
65
133
120
155
171
175
137
138
131
125
102
159
163
147
123
97
29
14
-3
-5
27
50
58
120
176
419
547
582
581
485
403
322
222
181
211
244
295
320
314
291
282
247
202
185
163
162
142
131
133
52
-15
-29
-116
-167
-182
-177
-143
-161
-81
-46
116
285
322
299
217
145
43
-29
-52
-81
-59
-44
-37
-17
-38
-45
-41
-119
-159
-198
-204
-204
-221
-236
-297
-342
-399
-474
-493
-487
-492
-469
-474
-400
-331
-174
-44
78
85
30
-27
-139
-218
-265
-258
-215
-182
-113
-105
-105
-107
-114
-134
-161
-142
-127
-126
-116
-131
-167
-166
-219
-261
-284
-299
-290
-237
-202
-175
-64
5
241
363
373
340
244
200
120
119
74
113
135
196
235
247
255
267
244
218
227
202
211
229
219
208
154
129
67
21
11
33
30
46
73
116
307
447
534
570
517
412
351
244
196
171
206
217
243
257
241
222
213
170
133
147
103
70
74
37
7
-28
-46
-156
-219
-241
-241
-241
-225
-203
-159
-44
125
195
255
214
136
71
-31
-125
-146
-149
-120
-116
-93
-109
-97
-111
-171
-219
-254
-235
-247
-257
-274
-273
-337
-400
-454
-493
-492
-478
-479
-427
-397
-371
-263
-118
-6
109
84
34
-39
-37
-187
-199
-167
-134
-81
-49
-44
-39
-57
-37
-25
-65
-41
-69
-54
-57
-65
-109
-139
-172
-216
-206
-202
-173
-141
-124
-69
-37
127
372
419
419
387
330
267
180
147
167
213
255
319
311
313
307
330
283
247
265
243
274
241
239
200
137
123
21
-12
-38
-28
31
52
69
131
340
465
533
494
415
334
254
163
151
131
111
138
182
183
155
161
132
65
27
30
23
-2
19
-18
-46
-139
-194
-241
-297
-307
-303
-298
-268
-252
-188
-62
52
131
150
116
18
-31
-157
-226
-258
-235
-204
-173
-156
-152
-181
-178
-217
-238
-267
-285
-266
-245
-259
-281
-318
-383
-417
-475
-488
-494
-445
-385
-368
-297
-144
-57
139
155
133
79
4
-26
-125
-122
-93
-52
-30
56
59
52
15
8
-12
0
3
17
43
40
31
-11
-38
-109
-140
-143
-145
-112
-52
-28
-41
109
322
469
527
519
481
387
323
244
219
245
274
330
340
339
346
345
322
287
235
219
219
217
211
194
157
129
37
5
-52
-52
-58
-41
-46
22
114
295
419
455
409
339
235
154
143
20
20
84
116
131
127
90
47
23
-5
-52
-49
-25
-64
-69
-101
-153
-235
-275
-350
-364
-390
-381
-364
-352
-329
-215
-93
-41
85
65
23
-12
-140
-255
-287
-259
-263
-178
-178
-171
-140
-174
-198
-210
-241
-259
-252
-237
-225
-249
-254
-311
-358
-394
-417
-438
-399
-377
-348
-302
-215
-33
100
127
249
207
145
101
1
-29
-28
-47
52
105
114
116
116
114
97
79
75
86
105
102
91
63
19
-3
-14
-28
-74
-43
-38
20
65
138
355
490
577
567
518
419
359
271
229
222
245
289
321
322
309
303
275
233
211
211
210
211
191
179
122
115
20
-34
-38
-93
-97
-82
-69
-65
-43
27
147
326
371
337
271
195
131
23
-27
-22
-13
23
29
13
27
-5
-9
-44
-54
-108
-140
-127
-172
-226
-265
-326
-396
-439
-466
-486
-476
-447
-423
-350
-174
-49
57
84
27
-32
-139
-227
-268
-273
-233
-173
-159
-154
-140
-140
-170
-205
-208
-199
-177
-161
-182
-171
-189
-233
-282
-315
-325
-341
-331
-318
-262
-236
-202
-113
-33
148
271
311
267
185
148
155
43
47
69
135
127
187
200
167
177
147
142
161
170
164
180
191
163
126
96
41
-5
6
10
37
66
94
126
327
513
579
579
515
415
341
246
207
197
239
262
307
303
285
266
210
189
158
147
148
135
146
147
83
13
-28
-113
-173
-208
-189
-165
-141
-109
-76
-44
148
262
281
227
163
122
-12
-42
-109
-76
-43
-17
-43
-38
-37
-96
-141
-189
-193
-216
-219
-222
-235
-267
-303
-394
-439
-494
-492
-487
-465
-460
-434
-406
-249
-102
-37
109
84
10
-39
-125
-229
-241
-219
-183
-140
-107
-59
-75
-81
-113
-140
-143
-127
-118
-109
-108
-103
-140
-203
-236
-268
-293
-266
-243
-210
-175
-137
-34
123
326
401
383
339
271
195
129
134
115
136
227
255
281
271
264
262
230
218
243
250
245
247
250
195
137
147
27
3
7
21
37
67
52
115
311
483
561
546
501
419
325
221
155
175
175
211
229
215
224
202
189
151
139
84
65
63
42
24
-11
-45
-145
-198
-247
-269
-278
-236
-239
-217
-141
-35
139
235
230
192
146
5
-47
-182
-213
-169
-141
-102
-108
-119
-141
-173
-208
-238
-255
-241
-265
-249
-270
-290
-361
-392
-427
-475
-477
-458
-467
-417
-422
-332
-197
-35
81
122
94
41
-26
-47
-174
-161
-153
-102
-61
-45
-25
-17
-15
-28
-25
-33
-61
-35
-43
-28
-44
-57
-133
-171
-199
-194
-182
-175
-116
-81
-47
111
305
419
455
463
386
309
251
165
151
211
276
317
333
335
326
319
289
249
245
252
263
265
244
200
151
123
35
14
-13
-29
-29
4
52
87
144
357
489
526
469
374
295
208
133
113
90
123
126
143
163
141
146
116
59
19
19
9
-1
-12
-27
-130
-204
-251
-313
-332
-353
-333
-289
-297
-268
-141
-44
111
127
126
57
-22
-127
-236
-267
-252
-210
-173
-165
-169
-171
-197
-226
-238
-265
-246
-237
-230
-230
-245
-300
-368
-409
-434
-477
-454
-428
-399
-357
-311
-207
-54
85
142
125
147
116
7
-33
-123
-97
-54
-49
26
35
36
54
47
43
4
-6
57
35
31
27
3
-12
-45
-113
-140
-135
-120
-76
-33
-44
123
294
447
541
547
485
419
345
271
211
222
271
314
337
371
367
319
279
248
230
230
222
241
239
210
171
123
45
-7
-25
-47
-58
-52
-38
-34
46
127
343
406
411
371
275
202
148
27
9
36
69
74
102
86
77
21
-9
-26
-27
-77
-60
-93
-108
-129
-199
-277
-321
-378
-417
-409
-396
-389
-364
-300
-158
-54
67
83
41
-29
-129
-217
-268
-251
-237
-226
-183
-156
-127
-153
-161
-215
-236
-237
-230
-222
-207
-227
-245
-273
-338
-365
-403
-423
-396
-390
-316
-286
-233
-71
101
173
244
233
180
161
26
-30
-38
-26
58
87
116
120
131
153
126
94
72
91
94
116
116
101
63
14
-12
-35
-76
-43
-27
21
79
122
312
456
581
601
543
472
399
313
251
213
230
264
302
331
331
313
301
241
213
215
193
211
191
153
145
122
11
-21
-37
-114
-129
-120
-93
-103
-65
-41
134
309
375
346
261
177
136
1
-28
-54
-47
-14
19
2
-12
-15
-7
-29
-49
-120
-143
-157
-194
-247
-255
-333
-371
-438
-494
-524
-523
-461
-461
-408
-267
-76
-33
87
54
-12
-43
-165
-245
-261
-261
-203
-173
-146
-131
-137
-156
-182
-195
-199
-183
-176
-157
-154
-163
-219
-236
-283
-332
-345
-331
-300
-268
-249
-203
-113
-18
163
313
327
299
228
169
127
34
42
79
116
125
191
186
199
206
181
165
163
170
211
213
203
171
127
119
27
-17
-23
-9
41
57
91
147
367
507
567
573
503
419
339
259
191
206
217
245
282
269
244
249
251
233
180
159
151
143
146
67
19
-13
-44
-137
-183
-221
-245
-210
-191
-155
-77
-21
148
291
295
214
145
80
-23
-127
-139
-105
-76
-30
-43
-49
-82
-137
-151
-202
-215
-213
-219
-224
-245
-290
-335
-412
-459
-497
-531
-501
-472
-447
-406
-345
-222
-43
71
91
69
1
-27
-161
-230
-232
-207
-137
-94
-74
-59
-78
-98
-116
-109
-116
-105
-98
-65
-70
-109
-153
-189
-219
-278
-259
-255
-210
-187
-153
-108
-39
147
317
390
375
344
263
200
137
130
125
135
236
271
299
283
276
245
238
230
243
233
233
244
235
187
147
143
22
-1
-9
-11
9
31
83
125
397
515
564
533
450
351
255
170
139
139
178
227
237
228
206
186
150
129
54
52
43
47
38
6
-12
-54
-155
-221
-281
-294
-293
-268
-246
-173
-81
-25
146
222
205
138
31
-30
-166
-189
-188
-169
-140
-125
-109
