-33
-48
-165
-167
-172
-168
-186
-184
-172
-153
-137
-80
-41
15
84
116
152
266
353
419
466
419
349
303
248
181
123
127
19
-29
-150
-218
-269
-247
-258
-257
-263
-274
-274
-236
-221
-169
-110
-65
-25
58
116
127
303
333
314
297
229
203
137
132
14
-35
-127
-254
-286
-373
-381
-385
-369
-369
-401
-390
-361
-328
-300
-233
-177
-109
-33
-49
63
127
293
302
277
225
173
133
130
51
-11
-23
-140
-235
-290
-320
-316
-311
-304
-307
-317
-287
-267
-213
-186
-77
-33
-12
69
123
251
341
403
419
373
334
265
225
180
131
133
-5
-43
-170
-199
-220
-193
-219
-195
-193
-189
-165
-117
-97
-35
51
91
136
217
307
393
491
521
494
419
370
291
248
209
145
100
-17
-13
-156
-173
-189
-206
-204
-216
-227
-233
-197
-155
-85
-55
-41
74
111
135
259
339
383
395
351
271
250
187
148
135
-12
-39
-150
-239
-304
-312
-329
-309
-315
-325
-315
-312
-282
-266
-175
-119
-79
-67
-27
114
123
263
291
266
190
149
131
37
-7
-33
-130
-207
-284
-364
-385
-361
-353
-358
-364
-316
-347
-331
-286
-214
-173
-93
-37
30
103
139
278
329
325
290
247
198
167
135
58
-11
-38
-161
-219
-267
-275
-271
-267
-246
-242
-236
-237
-197
-137
-61
-10
81
116
134
255
341
419
459
419
407
333
276
247
203
133
117
-15
-37
-141
-167
-145
-161
-156
-170
-165
-157
-130
-108
-65
-14
55
111
127
276
355
417
445
454
378
299
261
219
167
125
47
-31
-141
-204
-251
-254
-254
-250
-261
-267
-271
-237
-204
-172
-139
-42
-53
59
107
125
289
333
327
291
244
180
136
137
27
-37
-62
-222
-302
-361
-361
-364
-367
-387
-393
-378
-362
-338
-294
-248
-172
-103
-56
-26
99
151
273
291
309
222
183
118
82
31
-15
-59
-186
-222
-279
-329
-335
-317
-302
-310
-310
-319
-248
-202
-161
-111
-44
-7
83
123
286
363
399
387
358
308
244
196
143
131
34
-23
-53
-189
-216
-225
-206
-204
-206
-206
-182
-139
-112
-66
-44
53
105
122
257
339
419
497
500
453
389
339
276
226
206
131
84
-29
-123
-168
-190
-193
-191
-210
-201
-204
-188
-169
-140
-83
-44
22
84
129
235
319
386
401
391
302
257
222
155
141
18
-27
-81
-227
-283
-283
-300
-290
-300
-297
-303
-318
-275
-247
-186
-137
-95
-76
-23
51
138
233
276
259
227
165
117
79
-17
-25
-44
-191
-268
-332
-357
-381
-378
-366
-362
-346
-347
-332
-316
-266
-197
-115
-65
-41
71
116
275
325
340
310
253
192
161
131
84
-6
-29
-139
-206
-255
-271
-268
-254
-248
-238
-236
-222
-202
-155
-101
-29
-28
59
117
201
303
390
419
419
372
312
281
243
191
161
148
11
-25
-143
-153
-152
-142
-156
-143
-135
-150
-156
-87
-73
-50
67
97
113
235
311
401
459
463
418
351
294
230
184
131
114
0
-53
-185
-215
-236
-205
-200
-226
-259
-259
-263
-221
-174
-122
-70
-22
35
79
130
263
337
357
318
241
207
161
137
82
0
-38
-166
-233
-300
-358
-349
-352
-357
-384
-369
-358
-334
-315
-261
-191
-141
-102
-65
19
111
213
267
267
234
178
144
118
42
-21
-40
-138
-203
-268
-318
-320
-314
-318
-312
-306
-314
-284
-251
-187
-146
-94
-46
37
95
147
271
351
406
369
315
263
213
198
145
118
9
-31
-138
-177
-189
-221
-219
-191
-204
-215
-179
-170
-112
-50
-27
71
142
141
239
339
451
500
499
419
383
331
278
254
193
116
43
-15
-44
-161
-184
-156
-185
-177
-195
-200
-181
-149
-125
-62
-70
43
101
129
233
327
406
407
362
320
262
195
166
142
52
-11
-51
-187
-241
-281
-284
-282
-277
-290
-307
-289
-277
-242
-199
-129
-66
-45
-26
72
119
235
277
278
231
158
138
138
40
-29
-42
-166
-250
-307
-354
-364
-349
-350
-383
-358
-384
-346
-296
-236
-187
-133
-76
-39
20
116
166
297
359
290
263
202
149
145
93
31
-26
-93
-140
-236
-247
-250
-261
-266
-262
-237
-238
-203
-167
-110
-49
-44
52
107
137
275
367
401
415
373
341
291
201
199
169
138
41
-15
-46
-135
-151
-156
-158
-135
-141
-151
-142
-125
-60
-50
51
84
127
97
267
350
419
485
468
387
331
271
238
163
127
33
-29
-107
-172
-203
-219
-218
-210
-243
-246
-237
-223
-203
-161
-76
-44
-28
50
106
134
291
318
343
291
244
203
131
127
27
-12
-61
-186
-258
-299
-311
-343
-321
-341
-353
-375
-364
-348
-266
-233
-169
-133
-76
-45
70
133
242
291
273
214
158
123
118
30
1
-44
-170
-262
-298
-330
-301
-299
-300
-269
-333
-317
-300
-253
-204
-141
-79
-48
21
111
147
295
371
379
342
302
244
195
191
146
121
10
-45
-140
-192
-209
-206
-209
-204
-203
-204
-173
-174
-98
-59
-37
82
115
116
265
375
447
468
481
467
381
313
263
225
162
138
31
-41
-72
-157
-159
-172
-151
-162
-190
-182
-161
-140
-108
-45
-49
34
105
123
243
335
381
401
351
319
251
207
161
135
22
-12
-44
-219
-236
-281
-268
-285
-285
-307
-311
-284
-268
-242
-181
-135
-76
-41
-15
125
130
244
263
267
225
174
123
135
14
-18
-47
-173
-261
-306
-345
-357
-348
-346
-353
-363
-359
-335
-286
-258
-182
-151
-101
-46
-28
107
139
299
308
321
251
206
149
122
122
20
-51
-93
-192
-231
-259
-253
-237
-236
-257
-251
-254
-218
-158
-109
-61
-39
50
113
125
251
359
403
419
395
337
287
241
209
170
116
54
-29
-31
-155
-140
-120
-127
-129
-145
-137
-137
-117
-73
-27
35
91
116
155
261
340
411
445
447
389
319
255
223
189
170
48
-15
-44
-189
-206
-204
-206
-214
-222
-234
-235
-219
-169
-155
-97
-55
-35
41
104
125
259
308
340
280
247
202
151
133
45
-21
-47
-170
-236
-293
-298
-329
-355
-351
-350
-373
-344
-305
-273
-239
-197
-129
-78
-39
-28
107
179
274
251
209
161
125
131
36
11
-44
-165
-227
-269
-294
-314
-301
-306
-301
-311
-300
-285
-244
-204
-137
-83
-58
-31
101
132
276
331
347
326
299
244
225
182
134
114
-7
-49
-138
-175
-213
-203
-194
-198
-197
-200
-215
-174
-112
-61
-47
69
114
130
235
319
411
485
484
419
372
339
299
231
171
134
62
-24
-46
-140
-139
-168
-166
-149
-157
-190
-182
-143
-122
-60
-40
36
75
114
121
289
357
369
367
329
246
209
169
148
77
-13
-42
-165
-226
-259
-268
-278
-268
-283
-298
-281
-272
-250
-188
-155
-95
-53
-31
59
121
227
255
271
223
165
147
122
35
-17
-53
-151
-223
-294
-330
-347
-344
-316
-332
-337
-364
-311
-331
-266
-206
-145
-117
-51
-44
75
116
267
310
309
242
198
155
139
137
33
-13
-44
-145
-209
-247
-242
-284
-240
-250
-239
-247
-210
-171
-139
-76
-33
14
62
113
244
301
391
391
391
323
289
254
197
165
148
116
9
-42
-112
-131
-139
-140
-125
-140
-141
-137
-118
-76
-29
-10
70
129
119
222
294
378
419
446
415
341
289
227
187
139
123
0
-33
-141
-185
-167
-203
-204
-209
-250
-239
-233
-186
-157
-122
-76
-74
-15
55
141
228
279
333
308
251
218
159
129
122
19
-12
-113
-201
-284
-291
-298
-311
-309
-334
-345
-367
-362
-298
-244
-194
-145
-108
-72
-53
85
132
227
258
232
179
143
136
47
23
1
-51
-185
-251
-267
-303
-302
-290
-282
-295
-332
-311
-251
-223
-156
-121
-59
-55
33
115
133
305
357
351
340
267
212
190
162
137
45
-11
-57
-141
-194
-201
-205
-202
-204
-199
-186
-172
-172
-101
-22
15
84
150
131
259
353
419
459
471
419
363
299
265
212
178
133
35
-28
-43
-169
-155
-153
-177
-173
-172
-167
-165
-127
-97
-25
-40
20
75
123
219
319
385
391
359
315
250
209
139
131
43
-27
-45
-167
-233
-265
-266
-255
-285
-283
-277
-289
-273
-224
-197
-137
-78
-30
-40
62
135
223
265
254
229
158
139
100
27
-28
-53
-157
-231
-294
-345
-354
-347
-333
-317
-346
-344
-329
-300
-241
-202
-153
-93
-44
-43
85
142
272
308
295
253
197
178
133
122
23
-45
-46
-169
-222
-241
-236
-229
-248
-253
-250
-238
-205
-153
-127
-62
-42
29
102
116
250
339
391
406
390
374
303
230
210
187
135
119
-12
-38
-101
-157
-111
-127
-143
-140
-141
-140
-108
-71
-34
0
75
109
133
239
326
415
419
419
406
326
265
235
202
122
122
-15
-51
-156
-204
-206
-203
-213
-220
-241
-232
-215
-208
-169
-107
-53
-44
38
101
129
244
308
338
305
261
214
175
131
83
-6
-41
-150
-213
-268
-305
-317
-339
-343
-352
-350
-351
-326
-305
-270
-204
-140
-108
-9
-50
115
155
267
262
215
177
131
151
53
-1
-45
-150
-209
-268
-293
-319
-306
-294
-309
-295
-313
-288
-266
-204
-156
-93
-12
-35
22
105
239
307
367
367
309
275
244
176
162
191
23
-27
-28
-155
-198
-194
-197
-183
-188
-173
-206
-172
-142
-75
-31
26
85
115
181
263
378
465
479
455
393
343
298
250
213
151
113
9
-38
-131
-146
-160
-158
-158
-151
-175
-201
-172
-125
-70
-55
-34
65
86
132
244
337
383
405
355
290
228
187
125
131
25
-29
-137
-185
-251
-265
-273
-274
-268
-278
-261
-279
-248
-204
-169
-108
-75
-44
-12
87
123
223
244
250
210
141
119
61
15
-22
-33
-185
-257
-325
-361
-352
-348
-347
-345
-359
-343
-330
-283
-221
-177
-133
-78
-28
-13
127
135
286
305
275
247
207
147
127
83
20
-25
-44
-177
-223
-257
-251
-254
-229
-221
-234
-207
-211
-165
-109
-58
-44
48
103
119
264
323
398
402
383
322
291
244
212
166
119
34
-9
-45
-119
-143
-140
-123
-114
-140
-125
-127
-103
-59
-43
49
77
130
125
247
308
398
419
458
381
331
275
229
178
137
79
-21
-54
-140
-205
-217
-204
-204
-209
-219
-239
-191
-209
-146
-108
-34
-50
23
79
117
219
278
337
309
263
190
139
137
52
20
-37
-143
-213
-267
-289
-310
-309
-332
-331
-349
-353
-343
-294
-239
-201
-141
-118
-70
-50
83
137
235
258
221
179
135
133
41
20
-31
-123
-174
-244
-284
-313
-285
-296
-279
-303
-300
-296
-267
-221
-165
-108
-62
-40
81
117
237
307
347
350
315
293
215
192
155
145
33
-21
-44
-153
-187
-205
-199
-181
-172
-201
-178
-157
-142
-66
-44
20
84
130
121
275
370
417
468
468
391
345
293
247
217
164
118
22
-29
-80
-133
-145
-151
-161
-142
-172
-182
-155
-118
-93
-44
-45
51
87
127
239
310
363
379
359
291
228
195
143
148
33
-22
-79
-189
-239
-259
-261
-283
-271
-286
-285
