583
606
595
516
419
295
171
131
-33
-227
-318
-366
-389
-403
-410
-428
-437
-455
-474
-460
-444
-396
-330
-241
-95
94
299
419
496
545
591
578
535
417
293
166
107
-37
-231
-307
-359
-365
-379
-368
-367
-396
-394
-415
-409
-379
-335
-268
-190
-46
129
311
454
535
587
627
619
595
491
377
243
142
-6
-50
-220
-273
-293
-306
-323
-335
-341
-342
-361
-354
-331
-283
-239
-146
-39
135
343
497
607
659
691
699
666
563
419
305
167
130
-41
-195
-273
-286
-303
-309
-323
-313
-337
-365
-353
-354
-329
-261
-197
-71
89
279
446
539
610
633
623
582
499
386
261
129
-10
-137
-248
-300
-332
-357
-362
-392
-406
-417
-429
-411
-411
-391
-329
-253
-156
-33
145
355
467
523
563
564
532
466
349
227
131
-33
-187
-289
-365
-380
-409
-419
-403
-428
-458
-457
-460
-433
-398
-353
-268
-166
-33
138
363
469
553
611
595
589
517
415
281
154
25
-37
-220
-299
-331
-332
-363
-367
-379
-387
-395
-398
-395
-353
-299
-220
-117
-21
141
404
547
619
658
675
659
587
479
355
237
131
-27
-164
-221
-278
-298
-303
-307
-321
-326
-345
-365
-347
-315
-269
-197
-97
-21
210
419
564
651
692
721
691
609
495
369
227
135
-43
-203
-283
-321
-349
-350
-366
-365
-381
-409
-418
-414
-367
-338
-268
-172
-34
130
375
507
587
619
627
611
542
414
304
167
20
-37
-264
-335
-382
-390
-392
-413
-438
-431
-455
-470
-454
-434
-382
-333
-241
-58
116
302
465
532
570
583
585
515
407
287
160
27
-31
-244
-337
-378
-397
-405
-423
-413
-422
-450
-453
-442
-396
-350
-294
-205
-58
134
335
489
584
637
667
655
585
486
363
229
145
-15
-181
-273
-329
-332
-348
-341
-352
-354
-371
-379
-378
-370
-309
-242
-139
-38
148
404
549
661
699
731
723
663
555
419
296
143
3
-133
-229
-274
-290
-300
-312
-342
-357
-377
-371
-357
-343
-299
-251
-162
-29
131
361
517
628
663
699
675
617
522
404
244
131
-17
-189
-284
-317
-346
-351
-374
-386
-406
-422
-429
-437
-408
-362
-309
-233
-79
48
283
452
559
617
643
622
567
475
343
203
131
-44
-221
-332
-395
-418
-415
-431
-431
-441
-459
-467
-459
-428
-396
-351
-259
-123
-18
168
413
541
596
619
631
577
500
395
266
147
-25
-174
-268
-332
-358
-364
-367
-380
-395
-393
-415
-409
-389
-350
-293
-202
-80
-7
291
466
587
661
693
707
654
585
470
327
191
125
-42
-203
-271
-283
-291
-301
-337
-318
-325
-357
-363
-318
-298
-236
-176
-76
55
295
473
595
675
721
723
687
609
503
374
230
133
-44
-185
-253
-298
-330
-329
-376
-351
-375
-389
-396
-364
-348
-287
-236
-161
-33
135
397
533
615
633
651
629
562
470
327
191
123
-42
-223
-311
-349
-373
-381
-396
-408
-409
-435
-423
-433
-412
-361
-306
-213
-76
84
285
415
525
564
591
578
527
419
321
182
143
-28
-223
-304
-348
-361
-393
-392
-405
-415
-421
-435
-439
-400
-349
-286
-221
-77
84
295
419
549
609
639
635
603
527
410
283
145
-9
-35
-229
-273
-302
-310
-321
-348
-332
-356
-364
-355
-342
-298
-241
-185
-73
29
273
449
582
645
695
707
683
603
505
379
238
145
-17
-69
-201
-238
-271
-278
-300
-302
-302
-338
-348
-342
-316
-261
-192
-108
-44
135
407
535
611
659
663
663
603
502
371
234
117
-19
-165
-242
-290
-329
-332
-342
-357
-364
-377
-397
-385
-364
-321
-286
-208
-79
53
276
411
523
579
591
595
563
480
372
231
141
-25
-189
-284
-335
-367
-389
-406
-405
-427
-436
-447
-442
-427
-378
-332
-277
-158
-30
143
363
481
551
579
590
587
511
401
276
155
21
-37
-215
-278
-327
-337
-345
-349
-373
-391
-400
-396
-364
-353
-298
-235
-140
-41
125
340
482
571
615
651
650
596
503
375
248
151
-5
-37
-204
-248
-269
-299
-296
-307
-303
-325
-320
-314
-286
-244
-194
-109
-29
123
331
484
571
643
666
679
647
565
419
307
179
134
-21
-156
-233
-272
-301
-310
-309
-319
-345
-351
-365
-345
-330
-255
-215
-115
-38
143
382
483
561
603
619
583
515
419
305
175
122
-44
-203
-277
-316
-339
-364
-379
-390
-390
-409
-423
-412
-389
-342
-295
-205
-62
84
267
379
483
531
551
543
508
403
292
170
122
-34
-213
-300
-343
-369
-375
-393
-403
-421
-421
-430
-425
-384
-361
-316
-232
-111
-31
143
376
485
559
615
607
571
500
397
279
148
23
-34
-205
-257
-301
-319
-334
-341
-358
-364
-364
-364
-332
-309
-263
-172
-93
-18
178
410
527
589
643
657
649
569
483
371
239
139
-13
-43
-190
-225
-250
-271
-287
-310
-326
-330
-323
-302
-291
-255
-187
-110
-26
131
359
483
573
621
643
626
582
485
366
244
130
-13
-102
-208
-269
-297
-314
-341
-353
-365
-386
-381
-389
-375
-330
-278
-193
-86
-29
135
379
484
547
583
582
533
461
347
221
139
-25
-156
-261
-319
-353
-374
-402
-421
-427
-438
-441
-450
-437
-395
-333
-285
-163
-22
133
323
419
511
550
565
539
471
379
254
137
-3
-41
-220
-284
-317
-339
-351
-368
-394
-405
-402
-396
-365
-331
-296
-231
-140
-34
123
335
467
558
579
615
603
546
469
359
226
137
-14
-97
-207
-262
-280
-300
-310
-311
-322
-323
-339
-331
-296
-251
-187
-113
-17
148
355
499
585
635
660
667
598
543
411
291
162
21
-39
-194
-236
-280
-274
-301
-325
-323
-334
-353
-337
-322
-289
-248
-168
-73
73
217
395
489
563
601
599
570
500
386
263
145
6
-34
-215
-281
-322
-332
-362
-396
-395
-405
-403
-413
-405
-377
-331
-259
-154
-51
135
311
419
500
526
539
519
463
351
231
135
-21
-166
-258
-321
-361
-383
-394
-399
-405
-416
-412
-418
-412
-382
-349
-274
-174
-38
129
299
419
502
553
569
575
515
419
323
171
129
-37
-169
-244
-286
-315
-321
-350
-359
-364
-363
-380
-342
-333
-287
-240
-153
-29
129
335
468
565
628
641
643
582
499
387
271
143
10
-22
-190
-236
-254
-282
-283
-289
-300
-300
-310
-332
-293
-259
-204
-139
-33
117
323
466
535
607
643
659
613
530
411
289
165
33
-37
-204
-270
-281
-318
-329
-332
-366
-367
-391
-401
-378
-335
-290
-219
-105
-41
155
370
483
538
563
563
539
467
361
228
135
-18
-138
-248
-303
-346
-364
-390
-398
-412
-425
-443
-444
-437
-406
-355
-300
-200
-43
134
307
407
491
526
541
538
491
386
267
142
0
-38
-222
-306
-342
-351
-367
-370
-384
-393
-412
-413
-402
-353
-307
-251
-147
-31
136
353
475
553
596
618
599
539
457
337
215
147
-21
-169
-240
-284
-299
-322
-322
-330
-331
-349
-364
-345
-316
-270
-194
-107
-44
147
389
526
611
659
687
671
605
519
389
251
141
0
-29
-204
-264
-285
-300
-319
-323
-328
-347
-350
-343
-323
-278
-236
-145
-37
134
315
471
563
603
625
625
571
474
350
223
138
-13
-176
-253
-313
-334
-357
-364
-377
-387
-417
-415
-414
-397
-353
-310
-225
-101
-23
149
399
483
539
562
564
515
419
325
189
125
-45
-213
-306
-346
-392
-396
-406
-415
-428
-432
-457
-441
-409
-364
-315
-254
-115
-41
146
375
482
545
570
586
546
478
362
233
127
-27
-142
-244
-300
-325
-341
-349
-370
-364
-366
-377
-384
-364
-322
-273
-199
-62
48
273
451
537
599
627
646
611
547
450
308
175
130
-24
-156
-218
-261
-284
-283
-300
-305
-318
-327
-325
-319
-285
-239
-157
-51
110
294
449
563
626
635
660
618
555
449
336
195
135
-33
-195
-250
-285
-311
-334
-348
-359
-364
-374
-380
-367
-344
-284
-217
-110
-28
131
373
486
551
589
601
567
500
395
269
143
-5
-34
-246
-304
-348
-373
-383
-396
-401
-414
-430
-440
-438
-412
-366
-300
-201
-31
135
317
419
507
539
552
537
475
373
235
137
-15
-111
-238
-331
-365
-390
-393
-396
-401
-398
-434
-433
-412
-370
-329
-254
-167
-39
127
363
484
564
611
618
611
531
419
308
181
123
-28
-181
-265
-303
-300
-310
-335
-330
-347
-352
-364
-345
-310
-268
-203
-108
-11
137
410
532
610
647
687
657
590
497
369
266
138
-12
-108
-229
-244
-278
-289
-300
-302
-326
-347
-353
-342
-300
-268
-205
-115
-35
134
365
500
575
628
634
628
564
463
323
203
127
-31
-187
-278
-319
-352
-350
-364
-380
-395
-403
-416
-396
-370
-331
-278
-172
-50
127
308
419
517
565
587
559
494
411
289
155
6
-43
-237
-322
-375
-395
-412
-412
-412
-428
-445
-434
-427
-414
-365
-309
-225
-66
96
287
399
495
534
563
563
523
419
301
180
139
-37
-200
-223
-323
-348
-359
-362
-379
-383
-374
-380
-362
-353
-298
-258
-171
-48
127
333
468
549
595
625
623
567
488
377
244
147
3
-44
-217
-268
-291
-290
-288
-294
-313
-332
-346
-350
-311
-265
-207
-125
-31
123
369
505
596
643
671
675
617
513
401
260
130
3
-39
-207
-250
-279
-298
-314
-326
-341
-345
-354
-359
-335
-311
-254
-185
-73
97
279
404
518
559
596
593
547
469
366
230
148
-22
-166
-257
-321
-352
-352
-375
-395
-407
-418
-431
-423
-396
-362
-315
-255
-141
-35
127
355
450
523
527
539
507
419
326
198
149
-40
-186
-290
-341
-358
-368
-386
-395
-406
-422
-438
-435
-407
-364
-318
-221
-113
-30
150
370
483
547
575
594
558
489
386
271
142
-7
-42
-215
-278
-303
-317
-335
-336
-342
-346
-352
-348
-343
-294
-251
-191
-82
-13
147
409
531
587
626
649
618
563
467
353
221
129
-30
-143
-209
-238
-269
-291
-300
-314
-322
-323
-333
-316
-299
-243
-181
-97
-37
135
394
511
581
611
635
607
553
455
325
200
142
-21
-161
-268
-306
-321
-333
-353
-363
-359
-387
-382
-375
-341
-300
-240
-140
-44
139
331
449
521
547
563
564
483
375
277
147
20
-44
-236
-327
-373
-385
-384
-398
-418
-427
-430
-438
-430
-406
-369
-300
-206
-69
111
271
395
483
535
561
551
483
393
275
163
27
-28
-210
-289
-330
-352
-364
-377
-383
-397
-407
-391
-386
-361
-315
-244
-159
-38
121
323
457
531
596
602
611
547
467
351
212
139
-22
-142
-223
-278
-291
-300
-301
-313
-315
-334
-334
-327
-281
-250
-197
-102
-45
137
370
500
596
642
655
634
595
515
406
261
148
10
-37
-215
-268
-266
-282
-301
-294
-327
-332
-342
-336
-327
-269
-226
-153
-29
119
307
419
518
570
595
585
541
459
351
223
136
-25
-166
-246
-302
-318
-343
-349
-369
-379
-401
-397
-398
-382
-339
-296
-213
-108
-25
145
359
453
507
525
531
484
407
305
181
133
-30
-204
-300
-332
-367
-377
-392
-390
-409
-412
-406
-412
-385
-355
-315
-236
-134
-28
141
367
471
538
564
564
531
483
362
251
