127
-19
-143
-227
-316
-396
-465
-533
-572
-605
-605
-556
-438
-269
-74
93
246
362
479
563
615
621
568
471
338
206
131
-21
-141
-238
-303
-395
-469
-538
-605
-629
-652
-610
-540
-409
-211
-28
126
279
407
503
591
635
623
562
451
321
180
139
-27
-125
-206
-299
-379
-454
-505
-553
-578
-577
-556
-472
-327
-130
-33
137
350
463
565
651
692
670
591
482
341
210
130
-12
-44
-188
-265
-357
-419
-481
-524
-539
-525
-492
-382
-213
-28
123
326
451
555
660
725
726
675
579
419
301
195
137
-21
-117
-206
-293
-391
-443
-501
-524
-539
-535
-482
-371
-173
-35
138
336
419
554
641
683
670
603
515
359
238
135
3
-44
-198
-268
-361
-453
-509
-556
-582
-605
-566
-508
-367
-172
-43
135
308
414
507
587
615
595
519
409
275
147
84
-44
-174
-267
-339
-431
-498
-567
-605
-632
-629
-585
-491
-332
-127
-35
129
340
419
530
597
628
591
500
386
264
142
33
-34
-177
-249
-331
-417
-485
-539
-569
-605
-566
-529
-411
-234
-37
135
295
407
519
607
687
692
641
545
411
275
148
119
-29
-140
-230
-321
-395
-455
-521
-539
-540
-513
-435
-302
-107
-6
241
395
515
611
689
724
699
629
532
371
254
130
-5
-35
-181
-249
-344
-418
-481
-522
-546
-541
-508
-425
-254
-61
113
275
385
501
598
655
665
623
546
419
283
151
131
-23
-153
-233
-330
-403
-479
-543
-605
-610
-605
-538
-428
-236
-55
111
270
391
483
564
621
622
555
458
325
190
142
-39
-150
-251
-315
-410
-492
-566
-614
-652
-634
-610
-524
-390
-183
-39
137
309
419
519
595
628
617
532
419
291
167
133
-28
-145
-223
-316
-395
-463
-524
-562
-605
-587
-544
-449
-271
-72
107
275
387
505
596
669
685
643
571
446
311
176
131
-29
-83
-204
-297
-377
-441
-495
-533
-537
-517
-455
-337
-143
-29
133
379
485
595
673
725
711
646
541
398
276
149
25
-29
-156
-229
-322
-397
-461
-500
-530
-549
-499
-446
-294
-107
-13
165
385
483
571
641
673
651
567
457
313
178
148
-23
-130
-220
-310
-396
-471
-538
-572
-605
-605
-549
-457
-280
-77
85
227
358
475
547
609
614
586
487
350
212
142
-15
-138
-232
-309
-396
-479
-542
-607
-620
-643
-630
-546
-424
-219
-35
117
291
401
504
579
627
619
549
419
309
180
131
-25
-135
-221
-300
-387
-451
-525
-567
-605
-605
-556
-462
-299
-108
7
214
395
495
595
648
681
647
561
454
309
183
139
-21
-102
-208
-287
-376
-441
-492
-530
-530
-522
-476
-343
-167
-38
142
357
473
569
659
719
707
643
551
418
276
162
53
-41
-157
-236
-326
-396
-473
-526
-556
-560
-527
-459
-309
-107
-21
217
374
484
594
655
671
647
567
455
315
175
125
-23
-145
-237
-311
-407
-478
-539
-605
-619
-605
-556
-459
-273
-65
111
244
371
474
571
615
619
563
468
338
195
129
-21
-143
-235
-303
-386
-466
-549
-605
-634
-633
-626
-544
-397
-204
-45
135
313
419
535
594
633
611
532
419
291
163
133
-35
-150
-236
-325
-399
-471
-534
-583
-605
-605
-553
-449
-258
-59
127
291
411
513
610
662
697
649
569
451
293
161
125
-35
-140
-220
-299
-393
-469
-524
-562
-550
-524
-461
-316
-127
-21
247
411
527
630
707
751
727
654
535
394
243
134
10
-44
-193
-262
-332
-424
-492
-540
-555
-561
-524
-428
-239
-44
133
319
419
545
628
683
703
643
550
419
285
148
15
-29
-176
-254
-346
-428
-505
-572
-619
-630
-620
-534
-397
-204
-37
126
308
419
531
613
638
617
553
419
301
155
35
-42
-190
-270
-343
-437
-518
-605
-649
-662
-667
-622
-524
-337
-138
-41
175
371
471
569
618
639
595
506
383
247
137
-18
-46
-208
-275
-359
-442
-522
-563
-620
-622
-613
-534
-381
-177
-43
138
357
474
591
635
691
667
609
500
358
212
135
-21
-42
-189
-261
-355
-419
-511
-549
-574
-562
-514
-396
-207
-25
138
374
495
603
679
741
747
692
595
454
305
169
127
-28
-144
-220
-309
-381
-457
-525
-578
-605
-559
-467
-303
-103
93
276
404
523
614
673
718
663
583
457
324
178
127
-27
-157
-222
-300
-403
-476
-557
-608
-636
-622
-565
-440
-240
-40
129
315
419
518
596
651
660
579
475
325
179
121
-43
-186
-245
-327
-409
-504
-578
-652
-679
-684
-625
-526
-350
-125
-12
143
378
487
575
635
649
597
523
391
244
129
-10
-44
-202
-275
-357
-445
-524
-582
-630
-651
-615
-520
-365
-165
-37
130
385
482
595
660
699
679
610
500
357
203
127
-25
-112
-206
-281
-354
-441
-509
-579
-605
-578
-508
-370
-168
-39
133
404
526
626
707
743
741
691
587
419
276
135
17
-41
-165
-237
-334
-421
-493
-557
-581
-605
-546
-442
-253
-44
131
327
450
551
646
691
711
660
565
451
282
148
15
-34
-215
-261
-332
-427
-511
-605
-636
-641
-610
-529
-373
-165
-39
125
371
469
555
618
655
643
563
419
275
131
1
-44
-210
-287
-365
-457
-534
-623
-673
-687
-668
-605
-461
-257
-39
137
315
413
527
611
645
637
571
475
327
191
126
-38
-173
-263
-318
-393
-476
-552
-632
-652
-655
-605
-462
-278
-50
127
323
451
537
627
691
694
646
537
404
263
145
-13
-38
-188
-259
-332
-401
-489
-556
-605
-605
-557
-460
-269
-53
122
338
471
568
666
725
757
719
619
494
345
191
145
-21
-142
-213
-298
-369
-459
-543
-605
-605
-582
-502
-332
-108
111
302
419
533
631
694
719
691
603
489
327
177
119
-33
-167
-237
-300
-407
-481
-568
-622
-646
-636
-566
-429
-215
-33
139
337
449
542
619
655
649
583
470
331
171
116
-39
-203
-272
-343
-428
-518
-605
-667
-703
-699
-641
-515
-309
-78
115
291
405
515
591
651
667
603
498
351
206
139
-37
-169
-253
-316
-402
-474
-548
-620
-656
-671
-621
-514
-332
-93
113
295
419
529
619
675
697
649
565
419
282
147
3
-27
-165
-249
-313
-397
-473
-555
-605
-611
-583
-503
-350
-125
18
293
419
547
659
735
763
731
663
532
369
240
131
-25
-45
-203
-267
-345
-432
-509
-585
-620
-611
-532
-394
-184
-43
137
404
522
611
687
723
719
646
535
373
229
134
-19
-137
-218
-294
-367
-444
-547
-611
-642
-639
-605
-495
-301
-71
117
306
419
523
603
659
667
617
519
369
227
130
-24
-151
-231
-314
-387
-482
-560
-642
-674
-690
-672
-605
-416
-179
-26
127
342
455
537
618
643
611
549
419
275
134
-12
-44
-217
-289
-362
-435
-523
-609
-648
-668
-650
-585
-430
-207
-38
145
355
483
570
643
693
687
611
489
343
198
131
-21
-152
-218
-287
-364
-433
-525
-572
-615
-618
-554
-432
-243
-26
127
366
498
593
675
735
743
695
596
454
306
174
125
-22
-139
-215
-293
-385
-459
-556
-605
-605
-605
-492
-294
-65
121
325
457
561
646
709
725
683
597
463
311
158
79
-45
-170
-231
-313
-396
-479
-574
-623
-641
-618
-542
-392
-186
-37
143
353
467
551
627
653
642
569
462
303
158
112
-31
-163
-251
-316
-408
-499
-579
-653
-682
-682
-625
-511
-327
-108
59
254
360
486
575
623
619
571
475
351
221
130
-29
-135
-216
-294
-365
-469
-547
-629
-654
-665
-642
-528
-367
-137
-29
176
387
487
595
643
671
628
562
419
291
163
83
-27
-157
-219
-296
-371
-460
-531
-586
-606
-605
-529
-380
-166
-34
146
382
502
596
679
721
723
642
531
393
249
148
17
-34
-147
-218
-303
-396
-475
-540
-574
-605
-534
-442
-241
-38
131
342
459
550
635
690
709
646
543
419
276
146
20
-49
-165
-234
-318
-403
-492
-556
-611
-623
-605
-509
-343
-149
-38
127
358
473
559
610
635
599
534
407
273
141
3
-44
-178
-239
-315
-417
-503
-584
-652
-672
-665
-612
-466
-277
-57
119
279
386
486
561
597
597
531
419
303
168
131
-33
-161
-233
-300
-386
-477
-552
-618
-651
-652
-605
-501
-315
-103
37
244
372
487
571
635
649
602
523
389
267
147
15
-39
-150
-223
-289
-370
-460
-550
-579
-605
-575
-507
-353
-157
-41
145
375
487
595
657
707
683
611
517
371
238
137
25
-31
-145
-235
-300
-389
-478
-529
-555
-543
-507
-396
-204
-28
144
345
465
549
638
690
683
634
538
401
259
138
15
-42
-161
-233
-313
-401
-490
-559
-611
-615
-582
-481
-326
-108
55
247
375
487
579
631
643
595
519
401
257
139
-5
-29
-195
-267
-329
-421
-509
-605
-640
-659
-662
-572
-423
-217
-28
130
302
389
495
563
593
575
505
404
265
150
27
-44
-145
-223
-300
-385
-475
-555
-627
-651
-642
-605
-466
-282
-75
127
281
404
500
587
634
631
591
487
363
238
131
-5
-44
-165
-232
-313
-406
-487
-547
-605
-608
-562
-464
-296
-108
94
270
404
511
595
667
687
657
594
475
339
209
143
0
-31
-156
-233
-319
-395
-474
-540
-552
-546
-485
-348
-159
-35
143
361
471
579
654
687
675
607
506
369
244
131
11
-41
-165
-245
-331
-413
-508
-549
-605
-586
-561
-455
-273
-75
118
276
405
485
574
623
635
579
503
367
231
145
0
-44
-194
-273
-353
-434
-505
-583
-640
-663
-638
-550
-409
-199
-30
139
299
398
495
564
592
561
493
371
251
136
9
-53
-165
-222
-298
-400
-476
-554
-627
-642
-635
-605
-460
-275
-63
116
277
387
489
587
618
625
578
483
367
227
138
-7
-39
-163
-247
-319
-399
-483
-545
-582
-605
-573
-482
-311
-103
77
269
399
515
607
663
693
661
574
483
341
213
139
13
-42
-147
-229
-314
-407
-491
-541
-559
-556
-492
-349
-141
-29
142
373
487
590
660
687
671
602
507
365
229
133
-5
-33
-161
-235
-331
-407
-511
-567
-605
-605
-557
-453
-262
-47
130
286
410
507
597
629
643
595
489
372
228
131
-12
-43
-175
-254
-355
-447
-521
-587
-644
-659
-634
-556
-399
-198
-41
130
326
419
515
570
609
570
501
384
254
145
13
-44
-162
-254
-316
-397
-486
-571
-621
-667
-649
-605
-463
-266
-48
129
296
395
500
587
629
631
567
468
340
223
127
-11
-33
-178
-241
-339
-427
-507
-570
-608
-617
-562
-476
-294
-94
115
295
419
527
619
681
687
651
579
468
322
194
131
-10
-39
-161
-249
-332
-423
-506
-547
-566
-539
-476
-326
-121
-13
243
404
523
605
664
699
675
596
499
365
212
139
1
-35
-172
-251
-352
-428
-511
-571
-605
-605
-555
-442
-246
-45
131
309
419
532
623
658
647
596
501
373
231
135
-11
-39
-169
-245
-338
-433
-523
-605
-648
-657
-634
-556
-396
-200
-37
137
315
409
520
575
607
569
487
388
251
123
5
-39
-181
-249
-327
-410
-488
-558
-629
-655
-642
-605
