-266
-236
-190
-165
-101
-23
35
178
387
483
539
537
527
527
484
451
341
217
178
15
-77
-125
-147
-158
-163
-178
-225
-246
-262
-244
-227
-179
-156
-125
-45
-44
154
377
483
515
538
551
513
499
451
371
276
182
23
-74
-147
-197
-217
-205
-227
-248
-257
-291
-300
-289
-242
-236
-200
-125
-33
-10
185
358
456
419
497
470
445
398
355
271
178
1
-108
-189
-203
-201
-269
-271
-290
-319
-342
-332
-347
-300
-283
-240
-285
-74
-9
151
308
379
419
469
453
419
419
353
267
179
53
-1
-142
-210
-214
-236
-248
-239
-296
-309
-390
-321
-279
-259
-197
-171
-119
-25
131
278
415
469
525
527
515
474
457
385
281
177
57
1
-142
-171
-192
-184
-201
-223
-250
-267
-241
-227
-210
-183
-135
-101
6
135
259
419
502
551
563
569
532
489
419
347
234
180
9
-77
-138
-172
-162
-178
-204
-221
-234
-283
-274
-235
-199
-191
-140
-99
11
167
313
417
462
511
511
491
466
399
331
243
171
34
-97
-161
-213
-210
-232
-239
-277
-303
-301
-314
-300
-274
-260
-215
-172
-93
11
163
340
403
419
451
458
419
371
313
239
181
20
-101
-197
-248
-267
-265
-270
-293
-328
-331
-351
-319
-309
-263
-221
-204
-111
3
153
308
402
455
495
484
463
459
391
312
219
185
21
-103
-166
-205
-203
-218
-229
-236
-258
-286
-265
-246
-235
-189
-150
-84
-5
143
171
407
481
519
511
519
487
469
404
340
235
174
21
-99
-140
-149
-141
-167
-178
-210
-241
-214
-255
-201
-173
-153
-81
-29
3
154
375
468
529
547
531
500
485
410
343
243
179
15
-113
-162
-185
-183
-204
-230
-257
-264
-293
-315
-273
-247
-222
-178
-127
-23
134
180
376
447
458
486
473
419
383
307
241
165
7
-123
-198
-233
-230
-253
-281
-299
-315
-333
-335
-338
-285
-290
-251
-211
-134
10
170
290
376
419
419
458
419
403
325
264
179
43
-6
-150
-215
-236
-223
-220
-268
-284
-310
-321
-300
-286
-247
-217
-172
-125
-5
124
244
411
475
499
519
478
468
419
353
274
163
43
-3
-142
-166
-190
-172
-188
-217
-243
-262
-251
-247
-187
-181
-124
-69
-9
145
215
419
513
551
539
561
527
499
414
329
225
180
25
-93
-132
-161
-167
-170
-186
-227
-239
-246
-244
-226
-200
-177
-140
-78
-13
174
327
419
465
500
478
485
451
419
309
233
175
15
-118
-171
-221
-218
-235
-241
-259
-279
-319
-318
-303
-277
-244
-206
-142
-71
-7
163
319
387
419
419
419
403
365
323
222
189
25
-108
-185
-257
-248
-246
-257
-266
-311
-319
-344
-318
-317
-268
-251
-207
-118
-23
139
173
377
419
466
419
455
417
391
319
212
178
25
-102
-143
-206
-202
-171
-204
-227
-260
-269
-278
-268
-209
-178
-163
-102
-28
118
183
391
483
500
517
503
484
451
402
308
198
183
25
-95
-154
-140
-145
-158
-157
-205
-222
-237
-236
-191
-172
-134
-110
-17
27
178
370
468
517
539
542
507
489
410
350
244
182
17
-85
-154
-177
-189
-159
-205
-225
-277
-285
-285
-253
-239
-222
-177
-120
-21
83
171
387
419
465
459
450
419
387
306
214
183
19
-105
-169
-220
-226
-230
-246
-264
-297
-306
-314
-305
-313
-251
-238
-199
-109
3
168
273
378
419
419
419
419
378
344
246
175
31
15
-161
-216
-226
-226
-225
-241
-285
-306
-309
-306
-266
-255
-222
-167
-113
15
158
293
398
465
497
491
469
419
395
331
239
185
31
-44
-133
-167
-159
-153
-189
-217
-235
-241
-239
-251
-207
-174
-133
-76
-21
163
307
419
503
521
539
523
499
463
411
311
221
178
14
-93
-125
-137
-146
-159
-193
-211
-225
-248
-247
-225
-185
-165
-108
-62
18
165
323
419
470
478
488
487
411
359
315
211
170
11
-117
-155
-206
-204
-207
-229
-268
-267
-295
-319
-302
-272
-215
-189
-131
-12
14
190
359
415
417
419
403
403
339
278
208
183
7
-145
-190
-215
-238
-236
-268
-263
-300
-294
-332
-335
-281
-261
-234
-175
-93
19
173
308
391
419
471
450
419
387
353
281
158
51
-9
-129
-193
-199
-181
-206
-204
-250
-255
-277
-273
-241
-221
-181
-135
-60
-7
180
343
419
483
511
500
489
483
411
343
255
174
37
0
-101
-161
-138
-152
-181
-181
-209
-231
-236
-216
-203
-155
-103
-55
0
180
341
419
497
521
523
519
495
419
367
295
195
62
15
-108
-145
-159
-175
-193
-216
-232
-263
-268
-268
-231
-216
-174
-150
-38
-9
168
331
413
459
452
467
419
402
347
254
169
29
5
-153
-193
-225
-211
-240
-259
-295
-296
-331
-305
-303
-282
-246
-201
-150
-30
20
193
359
391
415
418
393
397
335
261
206
87
11
-140
-204
-229
-221
-241
-231
-265
-279
-327
-306
-278
-270
-211
-178
-122
-30
10
167
375
419
453
469
469
463
405
340
267
197
57
6
-125
-156
-157
-183
-171
-195
-207
-250
-254
-235
-202
-188
-138
-76
15
31
180
389
473
503
533
517
510
497
419
365
244
178
15
15
-121
-144
-140
-165
-159
-195
-218
-227
-229
-215
-193
-158
-118
-41
3
157
319
418
467
483
487
471
455
387
315
238
181
25
-76
-159
-189
-177
-202
-203
-239
-280
-309
-302
-269
-261
-237
-202
-156
-44
9
173
351
407
419
419
419
373
351
276
217
175
27
-102
-193
-242
-251
-259
-267
-271
-303
-313
-322
-323
-308
-269
-221
-186
-93
-9
166
322
378
419
419
419
403
391
339
244
187
67
20
-152
-204
-187
-204
-206
-220
-255
-267
-277
-261
-248
-207
-189
-121
-75
17
175
307
406
468
484
500
483
455
409
351
250
167
39
-12
-113
-140
-153
-149
-181
-175
-204
-237
-224
-223
-179
-153
-103
-48
19
161
323
417
500
532
513
519
468
446
367
278
187
53
20
-129
-157
-155
-172
-189
-214
-223
-244
-259
-236
-250
-218
-165
-137
-45
-5
169
339
414
457
469
459
419
386
339
291
191
75
-17
-134
-193
-235
-230
-232
-253
-268
-310
-325
-309
-309
-261
-248
-188
-107
7
134
183
358
407
406
409
390
355
331
255
181
47
-10
-172
-214
-244
-244
-236
-232
-274
-299
-299
-300
-285
-251
-197
-172
-109
3
142
164
372
451
463
483
455
419
405
331
257
168
52
0
-141
-172
-169
-174
-175
-197
-229
-240
-262
-225
-231
-179
-157
-76
-5
149
257
419
489
531
526
515
497
419
393
323
219
185
33
-74
-117
-154
-145
-156
-171
-184
-211
-226
-236
-205
-197
-135
-106
-11
46
167
361
453
502
487
471
457
419
357
307
203
165
-7
-117
-165
-173
-213
-194
-199
-248
-268
-278
-284
-259
-244
-191
-154
-96
-1
146
203
362
407
418
419
419
385
340
265
180
70
18
-125
-208
-221
-253
-239
-258
-278
-311
-332
-332
-332
-294
-250
-204
-140
-54
20
177
319
379
405
419
404
391
375
337
238
180
49
-28
-149
-177
-213
-197
-204
-217
-255
-284
-285
-275
-239
-210
-172
-124
-31
20
178
378
419
497
497
474
471
447
371
303
187
163
9
-101
-145
-140
-159
-161
-144
-170
-220
-213
-221
-198
-158
-125
-74
-6
49
173
371
471
499
517
500
503
482
419
354
269
187
33
-12
-117
-139
-171
-171
-172
-178
-221
-250
-250
-235
-224
-169
-147
-80
15
158
293
404
419
475
447
419
419
372
298
235
181
21
-102
-161
-220
-220
-225
-226
-225
-239
-271
-300
-284
-277
-237
-204
-146
-76
0
179
311
362
399
401
398
391
347
294
219
163
48
3
-177
-207
-215
-237
-246
-239
-291
-312
-321
-317
-265
-229
-195
-149
-93
15
143
289
395
407
453
449
419
409
379
303
211
186
21
-65
-142
-182
-199
-181
-185
-201
-239
-246
-223
-231
-214
-161
-138
-69
18
159
314
406
485
507
527
508
466
419
370
287
189
157
20
-85
-140
-146
-156
-150
-166
-214
-206
-213
-220
-206
-157
-135
-69
11
146
181
377
449
469
483
475
467
409
355
283
190
148
0
-108
-156
-195
-202
-197
-204
-237
-261
-270
-264
-248
-236
-177
-159
-95
-7
163
276
378
419
419
419
404
384
335
270
197
105
7
-148
-194
-221
-236
-222
-268
-285
-283
-321
-332
-332
-281
-255
-213
-140
-41
19
180
308
371
390
419
405
370
339
272
212
187
26
-28
-156
-204
-190
-214
-205
-242
-267
-266
-285
-265
-241
-218
-167
-103
-42
30
190
351
419
469
469
474
471
419
366
290
215
171
30
-78
-130
-165
-153
-153
-171
-177
-214
-223
-235
-194
-189
-127
-93
-19
18
177
357
419
499
513
523
506
463
411
359
259
147
53
15
-113
-152
-167
-167
-189
-202
-226
-251
-269
-251
-205
-186
-157
-103
-10
123
186
375
419
467
471
419
419
372
331
248
199
51
17
-137
-195
-209
-223
-236
-257
-255
-297
-315
-300
-284
-241
-221
-156
-105
3
165
277
355
419
418
419
372
367
304
223
164
37
1
-172
-227
-227
-239
-255
-267
-270
-284
-309
-305
-316
-261
-236
-181
-106
-7
143
173
389
419
451
455
415
419
353
312
227
166
39
5
-145
-175
-191
-189
-200
-223
-241
-251
-271
-236
-217
-197
-147
-62
-5
141
244
411
459
500
510
497
481
455
381
308
207
169
15
-53
-141
-145
-146
-150
-150
-187
-219
-236
-236
-204
-157
-134
-93
-11
26
187
395
451
520
499
487
475
419
377
307
213
180
27
-98
-134
-172
-189
-204
-201
-235
-265
-297
-291
-269
-239
-205
-158
-81
1
154
243
377
418
447
419
419
403
372
291
195
187
14
-133
-204
-235
-237
-251
-241
-272
-316
-318
-331
-331
-289
-268
-213
-167
-61
3
193
328
377
418
455
419
391
372
289
219
191
20
7
-162
-197
-233
-215
-223
-235
-257
-295
-306
-291
-263
-210
-173
-140
-33
6
177
340
451
481
479
483
453
419
368
319
215
180
19
7
-146
-161
-188
-172
-198
-217
-234
-241
-257
-221
-207
-172
-95
-34
0
175
355
462
505
531
552
523
468
457
355
261
193
79
27
-108
-127
-165
-174
-166
-206
-221
-257
-237
-236
-215
-199
-157
-93
9
94
180
379
467
483
489
463
447
418
341
248
169
55
-9
-140
-177
-223
-217
-236
-263
-263
-287
-302
-319
-269
-261
-204
-174
-102
3
163
283
372
404
419
405
395
372
310
233
180
39
-15
-147
-225
-255
-255
-248
-269
-284
-303
-317
-319
-297
-273
-232
-198
-134
-29
101
195
372
447
455
465
419
409
377
313
227
197
25
1
-141
-172
-187
-190
-217
-215
-235
-261
-285
-268
-226
-182
-147
-85
-23
121
191
377
475
502
489
503
469
449
404
314
211
195
20
-18
-108
-141
-140
-158
-157
-169
-214
-235
-244
-206
-182
-151
-99
-14
6
160
369
453
507
500
523
479
419
403
323
244
185
30
14
-127
