147
282
385
532
582
575
497
342
223
132
51
-11
-17
11
41
39
25
-22
-30
-129
-173
-215
-206
-209
-182
-145
-129
-131
-133
-149
-181
-219
-246
-235
-193
-158
-85
-37
-30
75
121
242
337
419
575
619
571
479
337
212
138
47
-5
13
39
67
59
35
-23
-39
-145
-169
-207
-206
-190
-164
-154
-147
-157
-173
-204
-218
-239
-230
-189
-158
-127
-81
-60
-43
50
122
148
330
458
559
581
534
409
265
150
126
1
-35
-32
-27
17
18
-21
-35
-140
-185
-215
-265
-251
-233
-198
-181
-193
-198
-226
-249
-270
-265
-250
-204
-177
-146
-107
-66
-42
71
125
267
355
489
576
569
487
355
219
131
26
-25
-37
-25
35
35
36
-9
-29
-135
-170
-218
-231
-218
-189
-157
-141
-145
-146
-157
-194
-218
-240
-235
-203
-169
-113
-66
-44
53
114
145
291
399
534
623
601
506
383
259
146
86
-11
-6
29
69
78
46
-10
-27
-109
-158
-193
-210
-194
-163
-143
-137
-127
-141
-167
-210
-231
-227
-207
-172
-140
-99
-57
-37
13
107
134
282
401
535
600
568
477
339
203
144
21
-18
-11
3
33
37
11
-27
-117
-153
-204
-249
-261
-236
-204
-182
-169
-187
-197
-229
-257
-256
-255
-219
-187
-153
-115
-95
-44
-30
119
142
315
448
547
581
525
405
263
147
123
-16
-44
-43
-30
32
26
-15
-44
-129
-187
-236
-236
-240
-217
-182
-165
-156
-170
-182
-205
-227
-235
-223
-177
-150
-111
-70
-47
-30
85
128
279
389
522
611
609
534
404
257
155
131
3
-21
15
52
67
45
-12
-39
-107
-169
-215
-217
-198
-156
-140
-127
-122
-121
-129
-177
-208
-235
-233
-198
-140
-96
-69
-49
67
119
138
295
414
553
630
618
506
358
226
142
37
-26
-33
15
51
57
26
-23
-34
-153
-190
-243
-248
-232
-204
-167
-173
-159
-187
-207
-222
-256
-257
-236
-192
-157
-109
-78
-33
-37
105
149
291
409
528
575
547
419
291
168
123
-5
-27
-33
-37
36
29
-17
-41
-139
-190
-226
-258
-251
-236
-202
-167
-149
-167
-171
-183
-226
-268
-277
-250
-204
-151
-97
-50
-29
86
123
229
335
467
585
617
562
459
299
179
127
-6
-29
-12
49
59
62
20
-29
-39
-143
-198
-218
-218
-204
-167
-133
-145
-149
-158
-177
-210
-221
-219
-171
-109
-73
-57
-41
46
107
135
303
402
533
619
628
547
401
259
137
126
-9
-26
20
65
73
51
-1
-33
-114
-175
-214
-233
-223
-202
-157
-156
-142
-141
-169
-202
-236
-265
-251
-210
-171
-133
-79
-37
32
107
148
293
403
532
598
575
468
321
186
133
17
-33
-42
-38
23
20
-12
-34
-120
-183
-233
-268
-274
-261
-211
-197
-182
-188
-206
-219
-244
-254
-257
-218
-186
-129
-106
-54
-31
33
125
148
331
454
570
611
579
456
303
170
130
-5
-29
-29
19
59
53
20
-21
-105
-165
-221
-234
-242
-219
-171
-134
-151
-156
-169
-204
-219
-218
-203
-170
-138
-93
-47
-41
0
101
143
309
403
532
637
660
575
419
269
148
123
-1
-25
17
62
91
83
23
-23
-117
-169
-232
-239
-233
-177
-155
-133
-137
-162
-173
-197
-219
-221
-190
-177
-130
-80
-57
-39
34
117
149
321
419
567
623
609
495
331
190
135
6
-17
-27
-29
45
58
21
-27
-124
-172
-236
-262
-273
-258
-217
-185
-193
-204
-217
-230
-244
-262
-253
-219
-173
-141
-97
-66
-31
-6
131
223
334
455
585
629
565
459
289
146
57
-23
-19
-40
-41
48
53
18
-27
-114
-190
-221
-261
-249
-229
-175
-140
-152
-172
-204
-213
-236
-235
-205
-189
-135
-98
-53
-38
-27
109
146
319
419
538
643
655
562
395
227
148
13
-29
-37
-30
43
70
65
9
-31
-143
-190
-235
-247
-230
-194
-157
-137
-140
-153
-155
-193
-227
-274
-261
-238
-177
-123
-67
-42
70
116
183
311
419
563
627
594
469
303
169
115
-13
-29
-67
-43
31
34
11
-43
-134
-197
-246
-278
-299
-257
-205
-185
-190
-194
-209
-222
-268
-277
-277
-244
-204
-156
-125
-79
-38
-18
115
135
323
459
571
595
533
379
217
134
-6
-33
-106
-58
-44
36
43
-11
-29
-171
-205
-265
-286
-261
-231
-190
-183
-172
-182
-210
-207
-244
-236
-221
-186
-146
-95
-62
-33
-27
93
143
307
419
559
651
635
542
385
219
134
11
-17
-44
10
67
55
67
-13
-37
-154
-204
-229
-239
-207
-184
-156
-151
-144
-151
-183
-206
-209
-213
-193
-155
-97
-57
-42
-29
81
117
271
371
498
615
667
619
483
318
171
138
-19
-44
-31
21
71
59
20
-35
-129
-177
-223
-267
-271
-230
-189
-161
-155
-159
-171
-190
-235
-252
-285
-259
-204
-160
-109
-50
-31
85
131
260
375
521
623
610
525
371
212
143
-17
-43
-76
-34
-41
57
26
-19
-106
-183
-236
-274
-295
-265
-226
-187
-185
-183
-190
-223
-250
-254
-254
-229
-204
-157
-109
-59
-44
-6
116
136
323
419
589
639
617
515
340
190
133
-10
-39
-35
-29
59
68
34
-6
-31
-170
-215
-261
-252
-229
-177
-157
-140
-153
-173
-211
-236
-251
-226
-206
-144
-93
-53
-40
-21
101
126
303
406
554
659
671
615
448
280
149
86
-22
-26
-27
54
101
82
21
-39
-126
-193
-236
-251
-236
-198
-172
-147
-150
-172
-206
-225
-267
-249
-236
-189
-143
-107
-69
-43
-26
100
144
309
419
567
642
626
511
340
190
129
-26
-38
-76
-40
11
45
19
-27
-135
-194
-251
-297
-289
-265
-223
-185
-185
-186
-188
-207
-236
-284
-303
-286
-243
-190
-127
-64
-33
91
136
259
370
515
623
633
567
419
250
133
9
-19
-37
-44
30
81
54
-6
-31
-142
-198
-253
-265
-244
-206
-157
-151
-153
-161
-204
-223
-231
-252
-221
-190
-126
-79
-26
-44
49
141
247
351
469
611
683
639
532
341
182
134
6
-27
-26
51
86
106
59
-5
-43
-154
-209
-247
-243
-206
-173
-153
-138
-143
-141
-171
-218
-255
-265
-228
-189
-126
-84
-50
-27
107
138
287
377
539
681
641
579
403
262
149
-11
-29
-44
-44
-12
65
54
-12
-44
-159
-225
-270
-285
-274
-236
-210
-182
-185
-198
-225
-261
-282
-285
-273
-218
-167
-127
-93
-31
-26
111
157
351
489
598
637
594
419
259
131
19
-44
-95
-46
-44
61
53
-5
-45
-145
-193
-263
-285
-272
-240
-197
-181
-172
-184
-218
-235
-251
-249
-244
-197
-153
-105
-62
-26
42
126
247
363
470
611
663
631
526
342
194
134
-3
-41
-44
-16
69
84
46
-19
-26
-163
-204
-252
-254
-213
-177
-145
-138
-154
-183
-196
-235
-244
-230
-197
-153
-102
-57
-39
33
109
134
323
419
585
694
669
571
399
234
131
-5
-37
-47
-38
50
85
41
-15
-39
-169
-221
-267
-279
-268
-209
-175
-167
-177
-180
-189
-239
-274
-305
-305
-257
-209
-147
-83
-34
84
125
244
347
489
610
632
565
414
239
139
-1
-39
-93
-64
-49
54
43
-11
-42
-169
-213
-268
-289
-277
-234
-198
-175
-175
-194
-231
-254
-268
-277
-265
-218
-166
-107
-71
-29
3
116
233
343
511
614
666
615
510
312
161
131
-13
-44
-44
-17
79
84
41
-25
-106
-168
-229
-261
-253
-218
-175
-141
-148
-162
-194
-227
-248
-250
-234
-203
-140
-76
-44
-33
43
118
227
340
468
615
694
675
564
387
222
139
-1
-30
-34
-23
61
99
63
-1
-41
-167
-213
-261
-269
-249
-204
-172
-165
-177
-210
-246
-268
-277
-266
-219
-193
-137
-93
-49
-35
63
137
274
387
532
634
643
567
395
212
143
-12
-45
-79
-26
-21
54
35
-17
-44
-183
-229
-287
-314
-274
-246
-218
-193
-205
-221
-240
-270
-286
-273
-243
-207
-169
-125
-75
-40
-15
126
255
359
495
627
647
585
448
263
144
21
-21
-33
-38
-33
54
73
21
-34
-131
-181
-230
-268
-247
-219
-184
-158
-172
-185
-190
-236
-252
-256
-230
-187
-150
-99
-53
-31
18
117
213
345
466
616
683
659
533
372
203
128
-9
-30
-43
39
85
109
71
6
-34
-157
-212
-244
-257
-219
-193
-165
-145
-163
-198
-217
-240
-250
-242
-214
-165
-115
-77
-57
-34
70
139
287
393
525
643
655
567
397
222
151
-10
-41
-81
-44
-26
57
53
-10
-32
-173
-233
-266
-295
-269
-236
-190
-171
-186
-213
-231
-269
-286
-284
-263
-225
-172
-140
-101
-45
-43
115
131
323
463
595
643
586
451
281
135
13
-35
-42
-61
-33
58
71
16
-25
-138
-192
-243
-290
-265
-236
-190
-164
-170
-194
-204
-231
-258
-246
-236
-201
-140
-107
-65
-39
-33
116
129
339
419
583
683
675
550
379
206
133
-5
-33
-35
-30
68
103
71
20
-42
-145
-197
-236
-259
-228
-181
-141
-137
-138
-163
-204
-223
-240
-235
-208
-175
-121
-77
-47
-38
72
138
282
372
523
651
671
605
455
271
135
10
-27
-45
-33
-17
78
63
6
-41
-150
-210
-264
-284
-266
-230
-203
-177
-172
-192
-229
-257
-282
-277
-263
-211
-172
-137
-86
-51
-45
99
147
303
419
579
631
593
459
274
135
15
-29
-111
-69
-38
31
54
13
-23
-141
-204
-247
-285
-283
-253
-207
-185
-187
-186
-209
-242
-258
-277
-250
-226
-173
-129
-71
-38
-42
70
127
283
397
539
649
658
546
389
229
146
13
-31
-39
-39
49
74
82
15
-44
-140
-205
-249
-265
-239
-189
-157
-150
-136
-161
-184
-229
-223
-226
-214
-172
-114
-65
-39
-29
71
129
279
370
506
631
665
611
473
294
141
25
-19
-37
-26
39
84
86
20
-35
-126
-198
-240
-278
-269
-218
-177
-157
-165
-173
-211
-239
-268
-269
-263
-219
-173
-117
-94
-43
-18
94
130
296
399
545
623
609
500
338
159
126
-27
-41
-75
-39
-21
52
26
-38
-138
-198
-251
-297
-299
-269
-219
-189
-177
-169
-173
-194
-238
-285
-297
-293
-244
-181
-123
-74
-44
82
123
239
335
481
603
635
575
419
277
143
36
-23
-27
-43
-18
73
71
15
-34
-121
-193
-244
-268
-240
-201
-172
-151
-149
-163
-175
-208
-242
-240
-214
-184
-151
-101
-53
-39
31
123
219
351
459
611
675
634
522
353
197
143
-12
-23
-38
20
94
95
71
3
-37
-157
-213
-263
-262
-225
-177
-146
-145
-155
-183
-207
-244
-262
-249
-219
-182
-129
-83
-57
-44
84
123
279
377
517
609
631
555
394
218
131
-19
-39
-78
-38
-10
52
33
-12
-37
-173
-234
-275
-294
-281
-233
-190
-173
-182
-177
-177
-233
-281
-321
-306
-284
-221
-161
-102
-53
-23
111
149
279
404
532
623
607
501
345
180
148
-30
-43
-67
-45
53
71
42
-13
-42
-172
-218
-268
-269
-238
-189
-163
-142
-155
-177
-203
-242
-258
-240
-222
-172
-121
-76
-46
-34
81
131
275
377
514
641
663
583
459
276
143
35
-26
-42
-35
46
95
94
52
-24
-107
-172
-211
