479
473
369
259
107
-12
-147
-253
-286
-287
-246
-186
-140
-130
-121
-113
-105
-135
-142
-143
-114
-86
-61
-65
-71
-102
-111
-141
-127
-115
-77
-42
-29
-28
39
84
127
163
279
371
475
500
464
354
212
146
-34
-150
-266
-262
-204
-153
-93
-82
-75
-59
-49
-67
-86
-93
-72
-45
-44
-40
-45
-41
-73
-103
-103
-76
-45
-29
-3
35
52
89
122
212
265
337
419
511
519
419
323
173
121
-39
-189
-266
-267
-203
-149
-102
-79
-65
-73
-65
-93
-108
-133
-82
-57
-54
-58
-61
-95
-117
-136
-125
-113
-96
-67
-39
-30
35
79
131
145
265
335
419
473
419
313
174
125
-38
-225
-291
-306
-268
-201
-154
-125
-125
-138
-119
-142
-156
-157
-133
-105
-101
-87
-103
-117
-137
-140
-157
-140
-115
-83
-57
-44
-39
94
121
134
263
319
419
484
466
372
228
139
-22
-143
-233
-270
-247
-189
-135
-109
-75
-45
-78
-66
-97
-105
-79
-53
-51
-76
-47
-61
-69
-75
-108
-99
-69
0
-37
15
39
123
118
135
254
293
415
517
536
481
369
319
138
-44
-171
-223
-225
-173
-134
-76
-60
-44
-53
-44
-66
-76
-82
-80
-61
-43
-39
-39
-63
-82
-101
-119
-109
-72
-53
-34
-23
30
77
117
131
244
326
419
483
471
389
259
121
-17
-146
-231
-293
-295
-224
-179
-145
-137
-117
-117
-125
-143
-150
-135
-125
-103
-83
-93
-103
-134
-154
-167
-174
-159
-127
-83
-69
-42
-41
53
99
129
212
303
405
502
417
319
180
123
-28
-179
-283
-297
-261
-215
-149
-133
-123
-129
-76
-115
-123
-129
-108
-108
-57
-46
-46
-78
-98
-125
-135
-121
-105
-71
-44
-41
10
59
98
147
227
303
404
485
511
419
315
195
144
-29
-177
-247
-248
-202
-139
-79
-60
-43
-38
-46
-60
-83
-70
-42
-47
-29
-42
-26
-42
-60
-105
-153
-82
-46
-56
-44
-30
5
58
117
138
233
329
419
487
486
401
271
143
11
-33
-239
-269
-258
-205
-146
-131
-118
-110
-78
-93
-97
-122
-143
-97
-71
-69
-69
-77
-108
-142
-170
-152
-140
-113
-57
-48
-44
-28
67
137
137
255
315
407
419
383
301
171
113
-33
-227
-283
-303
-259
-199
-157
-129
-121
-108
-108
-97
-112
-125
-112
-93
-60
-62
-76
-107
-115
-123
-130
-119
-93
-55
-37
-43
14
52
91
130
206
287
391
404
497
419
323
171
143
-29
-179
-247
-248
-197
-140
-93
-74
-56
-58
-57
-71
-80
-77
-62
-53
-37
-33
-30
-54
-40
-82
-85
-76
-69
-53
-22
10
50
91
101
139
259
331
419
506
506
409
311
155
41
-40
-217
-251
-263
-201
-140
-105
-77
-75
-76
-83
-97
-121
-110
-81
-60
-54
-62
-108
-81
-117
-103
-143
-125
-81
-70
-41
-29
-10
52
107
123
226
308
405
475
419
343
207
130
-17
-174
-282
-307
-278
-232
-173
-143
-121
-118
-121
-129
-143
-150
-143
-121
-93
-82
-97
-109
-133
-143
-138
-117
-103
-93
-70
-17
-28
30
83
134
137
267
355
459
483
419
339
196
155
-43
-163
-321
-310
-182
-157
-171
-76
-71
-74
-62
-76
-102
-102
-55
-45
-45
-17
-13
-54
-105
-94
-127
-93
-60
-39
-62
1
55
105
127
233
295
374
470
527
523
419
297
137
6
-12
-161
-231
-225
-169
-112
-76
-78
-72
-70
-80
-93
-108
-97
-62
-46
-42
-45
-76
-108
-108
-129
-129
-110
-75
-44
-39
-15
41
84
123
139
263
411
459
499
419
332
181
110
-45
-199
-284
-300
-251
-186
-147
-122
-115
-117
-120
-133
-137
-140
-146
-108
-103
-77
-93
-103
-138
-157
-170
-156
-135
-108
-79
-43
-43
33
75
123
145
291
409
497
487
417
291
134
19
-60
-231
-285
-268
-216
-155
-111
-77
-55
-44
-72
-77
-129
-98
-70
-45
-31
-41
-56
-71
-99
-121
-93
-93
-73
-44
-77
-5
52
97
127
212
283
361
469
531
497
395
266
139
19
-39
-204
-237
-208
-155
-105
-55
-55
-41
-44
-44
-65
-95
-86
-59
-34
-35
-42
-31
-101
-115
-142
-139
-105
-72
-41
-61
29
59
111
135
243
309
411
491
486
419
299
159
34
-44
-216
-297
-270
-221
-166
-125
-108
-98
-83
-106
-134
-140
-141
-118
-96
-67
-77
-105
-121
-145
-156
-156
-134
-105
-83
-59
-38
-25
25
91
136
218
306
405
469
419
338
213
132
-27
-189
-268
-302
-274
-186
-140
-111
-93
-108
-81
-103
-125
-129
-125
-79
-71
-57
-66
-78
-107
-119
-122
-109
-103
-57
-38
-44
27
62
116
122
235
308
409
499
515
447
338
190
129
-30
-181
-244
-242
-209
-134
-93
-62
-61
-46
-49
-56
-77
-75
-47
-17
-28
-57
-33
-41
-76
-101
-114
-83
-35
-53
-65
20
49
71
113
131
239
327
450
499
474
403
270
142
-37
-43
-224
-274
-250
-197
-133
-101
-81
-93
-76
-98
-112
-127
-115
-93
-71
-69
-75
-93
-109
-123
-131
-143
-120
-85
-69
-41
-27
-12
53
110
127
243
343
446
470
405
302
163
34
-38
-221
-294
-310
-265
-203
-140
-127
-117
-105
-112
-125
-140
-151
-133
-107
-58
-38
-60
-93
-107
-139
-145
-140
-114
-115
-47
-37
-21
48
110
143
238
330
419
495
484
409
277
148
15
-29
-217
-267
-247
-168
-142
-44
-45
-42
-49
-50
-85
-97
-81
-54
-29
-28
-41
-28
-29
-76
-94
-77
-60
-39
-37
22
48
67
113
122
218
283
374
463
526
481
391
255
148
-14
-37
-233
-265
-233
-169
-120
-77
-75
-58
-58
-70
-102
-105
-95
-76
-55
-44
-60
-77
-103
-110
-129
-125
-108
-78
-40
-41
-26
31
65
116
142
254
340
419
471
407
315
170
134
-42
-222
-268
-286
-239
-181
-138
-118
-112
-112
-110
-155
-150
-152
-122
-133
-93
-95
-97
-127
-138
-155
-147
-140
-114
-98
-59
-29
-21
39
87
123
147
277
372
467
468
407
291
150
41
-42
-217
-258
-250
-204
-140
-121
-77
-65
-46
-62
-80
-104
-102
-77
-49
-53
-48
-61
-62
-81
-98
-76
-76
-57
-53
-23
19
66
91
123
148
253
351
463
531
508
419
298
159
66
-47
-205
-237
-210
-146
-127
-93
-62
-46
-40
-57
-67
-101
-93
-77
-55
-42
-37
-50
-76
-117
-85
-123
-123
-76
-39
-58
-38
27
50
111
125
273
347
447
499
419
357
223
133
-5
-166
-246
-273
-237
-197
-149
-118
-108
-95
-95
-113
-134
-138
-129
-125
-79
-80
-96
-115
-139
-138
-159
-177
-139
-106
-82
-47
-18
-18
53
101
141
231
339
419
451
403
309
181
131
-31
-193
-263
-270
-226
-167
-130
-108
-93
-79
-81
-97
-121
-115
-95
-62
-47
-70
-50
-76
-101
-95
-114
-108
-65
-61
-29
-47
31
67
148
141
237
309
403
499
497
419
321
198
147
-14
-172
-239
-230
-164
-111
-58
-51
-51
-41
-42
-65
-85
-85
-54
-29
-34
-29
-34
-55
-75
-103
-108
-85
-57
-54
-10
-11
35
74
117
143
255
337
419
478
469
363
239
133
-21
-127
-234
-268
-243
-181
-147
-117
-94
-93
-85
-105
-117
-140
-136
-86
-93
-77
-76
-106
-121
-137
-151
-167
-143
-117
-93
-59
-39
-18
54
98
131
235
322
410
419
397
291
165
61
-37
-209
-275
-285
-265
-185
-141
-135
-105
-77
-80
-95
-122
-121
-113
-93
-76
-67
-84
-108
-123
-123
-127
-113
-93
-56
-27
-34
21
62
111
139
235
323
413
479
485
401
285
148
37
-44
-189
-236
-239
-169
-119
-94
-61
-51
-41
-55
-53
-103
-85
-57
-28
-29
-29
-14
-39
-41
-112
-83
-67
-44
-40
-26
39
52
100
127
139
276
357
465
491
463
369
244
135
-12
-71
-223
-261
-204
-162
-125
-101
-43
-58
-71
-102
-107
-119
-107
-93
-62
-67
-61
-105
-103
-140
-150
-127
-138
-109
-72
-28
-34
25
69
122
148
258
357
419
465
390
289
149
90
-43
-222
-285
-296
-250
-195
-151
-127
-127
-115
-109
-131
-151
-140
-121
-98
-75
-93
-102
-94
-123
-127
-135
-121
-101
-66
-41
-28
-21
41
101
148
223
309
418
483
471
372
259
145
-3
-37
-218
-251
-221
-161
-118
-97
-70
-62
-35
-69
-93
-103
-93
-62
-40
-44
-11
-66
-50
-94
-102
-75
-70
-47
-29
-39
20
63
118
139
243
289
378
475
529
483
359
254
139
-9
-44
-214
-223
-195
-150
-121
-97
-82
-76
-74
-77
-97
-97
-96
-77
-46
-67
-59
-81
0
-153
-133
-112
-105
-69
-40
-38
-28
20
65
116
134
237
327
419
453
419
338
183
133
-30
-186
-265
-281
-247
-181
-165
-123
-93
-109
-105
-110
-139
-149
-158
-123
-97
-86
-83
-113
-141
-140
-169
-156
-135
-106
-73
-62
-38
-9
54
130
166
283
383
459
471
413
281
147
31
-41
-201
-265
-259
-199
-140
-121
-81
-76
-77
-79
-97
-105
-106
-77
-46
-44
-47
-69
-95
-79
-108
-99
-76
-63
-27
-34
11
51
83
122
187
263
340
419
503
483
406
307
193
137
-34
-173
-238
-236
-127
-107
-71
-57
-25
-54
-59
-78
-85
-78
-44
-38
-37
-57
-78
-105
-108
-109
-108
-82
-59
-39
-3
-7
36
81
107
139
247
334
419
484
451
347
223
131
-29
-157
-248
-270
-236
-187
-156
-109
-109
-108
-103
-118
-142
-140
-127
-111
-86
-73
-101
-127
-125
-140
-142
-149
-133
-105
-76
-63
-25
-33
62
90
131
235
320
405
459
415
315
187
141
-34
-203
-254
-268
-225
-155
-137
-117
-102
-93
-85
-106
-118
-122
-103
-77
-51
-38
-56
-76
-106
-129
-138
-223
-141
-61
-50
-31
40
83
119
110
239
335
419
482
503
419
310
180
125
-33
-188
-237
-221
-184
-115
-81
-56
-44
-44
-34
-46
-77
-72
-79
-34
-25
-28
-34
-47
-82
-99
-103
-66
-46
-33
-23
26
31
39
121
144
225
347
419
487
483
393
276
148
30
-40
-204
-268
-257
-191
-139
-109
-86
-93
-98
-108
-114
-139
-127
-93
-73
-67
-114
-108
-130
-130
-142
-140
-127
-93
-65
-53
-34
-18
53
115
155
251
326
415
455
405
307
165
127
-42
-201
-281
-215
-259
-167
-108
-125
-22
-153
-107
-93
-140
-138
-107
-96
-73
-45
-73
-93
-119
-151
-147
-137
-111
-81
-44
-13
-9
84
89
135
205
279
390
483
527
450
356
183
139
-26
-177
-219
-244
-191
-121
-93
-70
-53
-44
-42
-62
-93
-75
-57
-44
-29
-31
-55
-59
-76
-82
-75
-75
-53
-38
-17
58
67
100
138
225
271
370
468
517
497
400
261
127
-7
-135
-230
-263
-219
-163
-113
-93
-74
-57
-75
-86
-106
-121
-102
-74
-57
-67
-97
-98
-113
-137
-141
-140
-107
-83
-53
-10
-38
3
84
106
137
257
343
419
467
407
303
159
52
-43
-215
-277
-275
-237
-186
-145
-135
-135
-110
-133
-135
-158
-119
-122
-104
-93
-76
-81
-117
-135
-141
-145
-157
-130
-85
-44
-27
-34
34
62
116
139
276
382
467
473
409
308
159
115
-37
-205
-255
-243
-178
-156
-133
-70
-12
-34
