707
713
619
500
344
194
131
-34
-172
-173
-177
-172
-186
-202
-234
-237
-225
-257
-237
-193
-157
-103
-44
-59
-42
-44
-79
-95
-142
-149
-136
-119
-76
-118
-48
1
85
117
259
353
459
557
719
786
725
659
465
331
184
143
-31
-108
-204
-161
-159
-149
-232
-245
-236
-250
-261
-237
-197
-108
-117
-93
-65
-43
-93
-81
-157
-195
-198
-186
-184
-161
-108
-61
-39
-44
84
111
241
305
490
643
703
667
564
577
263
131
-77
-123
-250
-243
-236
-223
-279
-271
-327
-315
-298
-302
-315
-294
-226
-123
-123
-99
-94
-138
-149
-186
-205
-213
-209
-205
-167
-139
-97
-77
-31
51
135
251
371
463
622
679
699
597
458
321
165
143
-40
-151
-207
-186
-202
-181
-236
-246
-257
-245
-298
-219
-204
-137
-94
-65
-60
-43
-57
-73
-133
-117
-145
-149
-121
-62
-65
7
-39
87
116
142
297
399
515
645
759
795
665
529
399
244
123
-12
-77
-151
-140
-159
-172
-188
-223
-186
-236
-225
-239
-194
-155
-77
-96
-12
-77
-5
-66
-111
-146
-172
-184
-143
-110
-112
-50
-220
-35
71
121
227
331
450
585
695
703
675
495
351
214
158
-25
-186
-213
-222
-215
-207
-277
-264
-284
-268
-321
-284
-259
-215
-201
-60
-63
-62
-137
-125
-126
-133
-203
-192
-178
-141
-108
-86
-73
-15
-23
118
143
320
415
543
654
703
651
546
411
251
132
-12
-33
-167
-172
-145
-197
-184
-249
-253
-241
-242
-232
-171
-174
-141
-77
-43
-23
-38
-71
-106
-102
-135
-153
-127
-94
-60
-40
-5
20
91
125
211
335
451
579
709
756
721
622
450
311
180
150
-6
-130
-135
-141
-146
-167
-195
-182
-206
-209
-241
-199
-161
-109
-55
-44
-19
-55
-22
-106
-117
-156
-163
-157
-117
-108
-94
-50
-33
9
89
139
282
342
485
599
659
646
596
419
329
161
117
-53
-173
-207
-181
-209
-219
-266
-273
-277
-284
-284
-253
-241
-182
-131
-114
-110
-95
-93
-139
-178
-203
-203
-189
-142
-151
-127
-61
-33
-37
40
135
225
327
419
579
679
634
561
467
293
212
146
-31
-149
-145
-193
-161
-204
-234
-250
-246
-280
-203
-236
-195
-130
-86
-50
-17
-44
-25
-80
-50
-121
-137
-157
-107
-109
-53
-27
-21
25
95
131
212
337
411
514
655
703
675
583
455
308
195
133
-12
-119
-125
-137
-157
-199
-204
-214
-227
-226
-202
-189
-150
-122
-127
-49
-34
-55
-93
-81
-94
-144
-125
-120
-140
-104
-43
-54
-7
37
107
154
247
338
479
570
603
633
575
459
311
186
115
-37
-127
-215
-171
-203
-195
-234
-236
-261
-255
-278
-283
-262
-186
-169
-85
-76
-79
-110
-98
-161
-190
-199
-186
-189
-123
-107
-77
-83
-17
25
111
150
291
393
523
627
617
554
455
317
215
139
-21
-156
-173
-171
-181
-204
-217
-226
-230
-260
-229
-239
-205
-182
-147
-74
-53
-30
-71
-66
-104
-146
-120
-141
-133
-118
-57
-27
-43
-12
61
118
215
341
419
564
674
703
643
583
461
302
143
151
-167
-137
-113
-142
-149
-182
-211
-214
-213
-217
-206
-189
-140
-137
-71
-51
-28
-30
-71
-79
-85
-151
-157
-143
-111
-106
-46
-23
-12
46
116
159
275
340
479
593
667
649
566
419
275
143
95
-55
-339
-171
-154
-205
-209
-241
-277
-250
-273
-297
-315
-232
-186
-151
-113
-113
-73
-121
-140
-163
-204
-213
-205
-172
-157
-134
-103
-58
-27
36
119
148
313
393
531
595
379
566
467
308
165
131
-23
-148
-316
-205
-217
-206
-241
-239
-267
-237
-249
-235
-220
-173
-113
-80
-65
-47
-60
-101
-129
-171
-137
-151
-157
-81
-53
-39
-29
-5
66
127
223
329
415
513
633
692
651
532
402
276
155
27
-14
-127
-133
-125
-149
-160
-159
-203
-225
-232
-172
-159
-161
-125
-55
-53
-49
-44
-55
-103
-97
-169
-145
-124
-127
-102
-44
-18
-66
66
94
147
289
383
537
621
655
587
514
363
228
153
0
-51
-159
-177
-157
-189
-222
-238
-238
-239
-286
-247
-230
-202
-151
-104
-78
-95
-109
-101
-184
-175
-181
-189
-172
-167
-117
-121
-61
-45
-5
53
132
180
340
446
571
597
615
531
402
244
141
19
-45
-172
-230
-190
-199
-223
-225
-270
-251
-221
-268
-224
-184
-126
-97
-61
-50
-50
-76
-125
-145
-135
-161
-158
-134
-107
-76
-39
-57
33
83
114
255
323
490
593
643
667
609
486
330
227
143
-12
-144
-140
-134
-140
-161
-182
-138
-204
-201
-215
-206
-175
-140
-62
-75
-17
-44
-29
-80
-99
-129
-124
-140
-104
-97
-46
-43
-19
-1
81
133
235
327
409
561
639
667
627
515
340
191
137
-21
-140
-201
-209
-173
-199
-197
-223
-249
-269
-271
-267
-250
-172
-140
-117
-93
-72
-69
-130
-137
-182
-220
-186
-203
-153
-273
-108
-76
-43
-28
80
119
270
338
490
586
622
607
468
359
179
-12
-12
-140
-186
-209
-209
-204
-225
-284
-249
-177
-352
-181
-239
-205
-139
-76
-83
-49
-74
-110
-118
-112
-160
-156
-155
-143
-77
-72
-29
-28
84
19
227
308
419
564
659
699
634
503
399
255
139
31
-44
-236
-146
-119
-156
-76
-201
-214
-202
-221
-206
-232
-147
-98
-39
-47
3
-5
-49
-76
-104
-109
-150
-126
-50
-42
-45
-21
-21
98
104
237
298
418
534
479
667
367
500
327
207
131
-1
-55
-167
-173
-194
-198
-221
-221
-261
-236
-243
-257
-254
-198
-174
-126
-104
-73
-93
-80
-156
-140
-171
-199
-191
-171
-140
-103
-61
-1
-40
89
133
246
351
500
575
643
595
419
308
193
148
-69
-157
-234
-229
-209
-246
-232
-287
-269
-288
-278
-284
-253
-209
-136
-12
-33
-81
-70
-107
-113
-171
-157
-177
-159
-141
-85
-85
-40
-50
43
138
143
309
401
515
646
667
627
516
379
242
103
-7
-44
-159
-258
-169
-138
-193
-186
-200
-232
-203
-207
-189
-158
-104
-27
-11
-34
-44
-44
-55
-106
-127
-126
-138
-108
-53
-44
-33
0
83
135
139
308
387
510
615
691
634
559
398
244
151
-25
-39
-171
-176
-191
-182
-194
-245
-239
-251
-230
-245
-173
-217
-104
-99
-61
-93
-97
-101
-119
-126
-175
-184
-216
-163
-146
-110
-141
-57
-9
46
151
155
317
399
558
595
602
517
343
243
142
-6
-63
-198
-223
-206
-298
-245
-175
-267
-263
-252
-240
-268
-241
-183
-123
-114
-101
-76
-109
-141
-153
-182
-186
-172
-161
-156
-47
-61
-130
-43
54
129
153
293
384
502
632
661
599
503
419
243
149
-12
-72
-171
-139
-177
-170
-183
-197
-204
-219
-203
-284
-171
-232
-107
-39
-35
-31
-30
-25
-28
-93
-137
-97
-107
-94
-93
-58
-37
-7
72
91
143
257
355
471
586
651
660
551
419
313
181
179
-21
-147
-169
-151
-183
-197
-202
-236
-230
-213
-241
-229
-209
-85
-44
-53
-97
-86
-76
-76
-125
-204
-174
-174
-159
-153
-110
-263
-59
-51
35
115
161
242
323
451
523
387
570
453
276
184
138
-127
-154
-215
-225
-230
-220
-223
-271
-283
-293
-366
-267
-262
-183
-163
-137
-167
-81
-104
-95
-123
-121
-160
-153
-219
-129
-141
-97
-42
-54
-40
81
115
243
337
419
479
610
624
555
463
302
198
151
-28
-152
-191
-204
-203
-181
-204
-223
-218
-229
-186
-204
-173
-126
-70
-43
-44
-28
-40
-33
-122
-104
-141
-119
-78
-106
-101
-76
-40
36
115
115
255
339
419
537
627
660
607
467
377
214
170
-37
-95
-177
-165
-191
-167
-224
-226
-259
-254
-241
-267
-236
-158
-159
-56
-65
-56
-44
-73
-112
-151
-172
-225
-203
-158
-98
-259
-74
-42
80
80
130
251
337
399
535
591
555
498
356
222
146
-19
-151
-194
-230
-235
-294
-265
-267
-287
-304
-249
-267
-248
-223
-218
-172
-79
-81
-184
-107
-131
-157
-153
-167
-205
-156
-102
-83
-28
-24
-9
66
133
263
319
419
563
633
586
541
449
279
163
157
-23
-129
-262
-143
-192
-171
-190
-236
-216
-239
-204
-202
-181
-125
-80
-17
-33
-28
-45
-44
-86
-127
-125
-140
-101
-51
-75
-35
-27
63
51
138
259
340
478
577
635
660
625
517
363
129
156
-23
-37
-178
-181
-184
-203
-213
-253
-212
-221
-235
-247
-189
-171
-103
-50
-55
-51
-39
-80
-98
-167
-157
-181
-157
-139
-108
-98
-27
-22
73
153
193
307
377
499
607
612
550
419
318
184
129
-44
-175
-227
-220
-236
-243
-255
-309
-273
-267
-313
-268
-232
-199
-149
-117
-141
-97
-110
-110
-108
-149
-157
-183
-225
-107
-108
-76
-53
-29
79
125
159
308
414
595
595
651
399
471
339
242
151
-23
-182
-189
-169
-204
-197
-250
-220
-221
-232
-225
-206
-177
-133
-62
-47
-3
9
-18
-40
-37
-73
-104
-109
-95
-76
-46
-12
-6
47
139
146
275
358
453
527
625
667
622
531
403
276
149
40
-28
-290
-165
-172
-172
-213
-186
-268
-253
-236
-249
-201
-169
-121
-75
-57
-53
-60
-80
-109
-154
-175
-149
-181
-144
-139
-66
-69
-58
14
123
119
307
376
496
596
637
579
465
348
107
155
-5
-188
-207
-259
-232
-253
-292
-291
-287
-296
-277
-268
-258
-232
-160
-282
-86
-77
-72
-104
-140
-186
-165
-230
-155
-146
-119
-93
-62
-29
51
135
153
219
394
511
627
657
622
523
338
225
177
-78
-109
-222
-204
-201
-209
-203
-236
-225
-250
-253
-206
-189
-173
-191
-71
-44
-21
-7
-44
-127
-104
-108
-127
-104
-49
-62
-45
-83
57
86
194
255
372
465
535
643
677
655
526
404
259
169
6
-44
-145
-186
-156
-176
-198
-204
-254
-215
-232
-184
-198
-191
-125
-61
-47
-33
-65
-53
-133
-113
-161
-199
-199
-134
-171
-79
-28
37
40
146
117
279
403
494
563
653
603
335
397
275
158
-23
-44
-262
-243
-254
-223
-263
-252
-278
-286
-313
-297
-253
-218
-173
-144
-93
-106
-76
-114
-98
-143
-161
-191
-300
-155
-156
-103
-44
-23
-57
85
148
282
359
457
555
628
622
558
404
267
158
11
-55
-186
-246
-189
-268
-251
-254
-268
-264
-287
-331
-246
-158
-175
-121
-55
-70
-60
-190
-17
-79
-27
-156
-147
-272
-161
-10
-31
-97
85
131
153
318
391
382
619
691
703
635
501
323
114
180
-15
-125
-125
5
-177
-178
-184
-302
-238
-172
-217
-222
-224
-181
-135
-40
-23
-102
62
-93
-113
-157
-170
-163
-145
-125
-108
-54
-23
25
115
137
283
327
486
607
611
628
537
375
331
207
-34
20
-204
-236
-234
-271
-338
-300
-306
-354
-314
-262
-325
-249
-205
-134
-137
-83
-113
-113
-156
-201
-165
-180
-213
-236
-140
-133
-107
-55
-49
57
155
242
340
523
447
678
547
599
419
259
135
38
-53
-238
-221
-214
-274
-186
-236
-215
-170
-271
-271
-369
-286
-213
-127
-46
-74
-101
-73
-133
-131
-127
-184
-112
-93
-343
-58
-108
-29
66
119
238
385
415
467
734
710
659
585
405
255
163
198
14
-178
-204
-172
-204
-184
-180
-262
-304
-199
-272
