-205
-217
-243
-267
-273
-251
-236
-194
-108
-42
11
53
62
27
-23
-46
-102
-119
-115
-101
-42
-42
103
123
340
410
511
603
635
587
473
276
138
-42
-186
-293
-321
-296
-251
-198
-173
-177
-198
-236
-205
-204
-162
-123
-51
-21
85
102
117
79
21
-21
-37
-102
-83
-76
-44
19
122
235
323
417
481
594
623
590
483
308
143
-19
-172
-273
-327
-322
-277
-222
-205
-195
-221
-239
-255
-258
-225
-153
-123
-31
70
115
46
-37
-1
-44
-107
-156
-140
-112
-80
-34
83
157
263
391
484
521
575
539
419
250
125
-46
-223
-334
-383
-362
-319
-279
-244
-250
-269
-269
-277
-268
-244
-204
-114
-28
-33
65
39
21
-5
-37
-118
-145
-141
-108
-73
-39
99
133
343
404
499
585
618
567
419
265
131
-26
-230
-316
-353
-327
-264
-206
-186
-209
-225
-235
-231
-233
-207
-145
-69
-26
85
89
87
53
-5
-26
-38
-85
-103
-59
-21
53
139
274
375
470
562
643
672
591
467
267
133
-29
-207
-300
-325
-279
-269
-213
-199
-197
-229
-236
-223
-230
-183
-141
-57
-27
50
85
59
37
-21
-15
-111
-130
-137
-107
-34
-25
116
227
339
419
506
596
603
532
387
199
116
-53
-271
-347
-359
-348
-301
-253
-236
-254
-275
-271
-282
-280
-246
-185
-99
-37
-15
33
19
-13
-28
-103
-146
-182
-172
-112
-61
-38
120
203
333
455
521
596
595
506
362
171
18
-152
-279
-348
-364
-302
-250
-218
-204
-229
-248
-236
-243
-236
-204
-136
-58
-29
70
87
73
20
3
-27
-109
-109
-98
-62
-29
105
147
325
419
500
595
655
633
519
341
159
-5
-141
-236
-326
-315
-246
-204
-179
-143
-185
-210
-218
-221
-197
-153
-93
-15
71
106
85
59
18
-21
-44
-101
-121
-93
-47
-42
115
147
325
419
507
601
646
605
467
278
137
-21
-207
-302
-349
-338
-285
-248
-217
-234
-255
-262
-281
-271
-253
-197
-113
-28
-25
62
49
22
-27
-41
-138
-166
-159
-137
-96
-35
78
143
313
391
482
569
593
532
419
233
125
-42
-248
-349
-377
-373
-299
-239
-224
-230
-258
-255
-271
-273
-244
-185
-95
-44
55
79
67
34
-6
-33
-109
-120
-129
-80
-42
-25
138
254
367
459
547
625
630
543
404
199
136
-31
-227
-314
-348
-305
-234
-204
-194
-194
-209
-239
-236
-201
-185
-108
-39
25
97
103
87
66
3
-19
-41
-107
-93
-69
-37
101
147
296
419
500
579
647
628
523
359
185
-15
-159
-262
-332
-337
-283
-226
-213
-185
-208
-248
-259
-262
-257
-208
-135
-41
-11
70
70
52
11
-34
-75
-140
-149
-140
-97
-38
62
139
279
367
469
547
602
547
419
279
147
-33
-244
-336
-385
-380
-330
-284
-243
-258
-270
-289
-300
-282
-270
-193
-138
-42
-34
49
59
41
0
-41
-121
-150
-157
-134
-76
-53
95
144
339
419
519
591
623
564
419
227
149
-33
-217
-302
-358
-318
-271
-219
-204
-218
-218
-244
-236
-223
-204
-142
-49
-41
75
100
110
59
0
-21
-39
-97
-95
-53
-37
74
131
287
375
495
579
657
658
587
418
239
139
-30
-229
-315
-332
-300
-225
-189
-187
-215
-203
-236
-232
-227
-182
-140
-65
-26
69
93
70
29
-7
-37
-108
-123
-85
-101
-22
33
134
283
390
457
547
628
601
494
331
148
-33
-187
-300
-382
-378
-332
-266
-250
-225
-259
-284
-279
-304
-265
-236
-172
-73
-43
39
52
20
-15
-31
-121
-154
-155
-155
-103
-39
-15
130
277
377
455
557
621
585
469
279
134
-41
-207
-312
-364
-355
-297
-251
-205
-206
-236
-251
-255
-259
-237
-172
-101
-31
62
77
84
52
-1
-15
-38
-133
-119
-97
-44
-3
120
267
379
486
564
645
660
591
447
266
122
-34
-214
-313
-342
-309
-225
-178
-178
-185
-206
-213
-223
-207
-178
-117
-37
-26
89
104
101
67
0
-11
-113
-129
-109
-66
-44
75
139
291
405
502
593
659
646
538
354
155
-3
-172
-297
-361
-363
-318
-259
-224
-206
-230
-274
-277
-279
-255
-218
-137
-51
-53
54
55
43
1
-17
-110
-149
-158
-135
-81
-44
74
137
286
395
468
564
587
559
411
244
141
-41
-254
-357
-396
-381
-333
-262
-257
-243
-236
-257
-271
-251
-253
-190
-119
-35
20
67
65
47
-15
-28
-109
-129
-140
-93
-44
-28
138
257
370
468
549
615
639
567
415
223
147
-47
-221
-331
-359
-315
-243
-209
-172
-203
-224
-251
-229
-226
-187
-130
-33
5
91
111
100
71
34
-23
-39
-97
-104
-49
-31
101
131
325
419
521
602
673
630
523
339
138
-15
-172
-280
-353
-337
-300
-237
-211
-205
-226
-241
-255
-247
-231
-181
-108
-18
0
68
83
71
30
-13
-42
-140
-150
-134
-67
-22
84
139
293
383
471
566
611
578
419
275
123
-45
-233
-337
-391
-385
-334
-270
-241
-255
-269
-298
-302
-285
-267
-213
-123
-47
-7
69
54
22
-37
-47
-108
-150
-149
-136
-74
-40
115
135
347
462
516
614
638
563
395
210
117
-46
-261
-338
-364
-332
-253
-210
-185
-207
-236
-254
-244
-242
-203
-129
-33
-23
91
107
90
50
20
-37
-58
-106
-94
-62
-38
91
131
321
419
533
627
673
659
547
369
165
11
-156
-268
-331
-322
-282
-198
-187
-182
-197
-241
-250
-251
-220
-172
-93
-26
78
107
107
84
36
-27
-31
-113
-133
-110
-55
-44
107
143
325
415
532
597
645
575
453
244
134
-46
-251
-358
-391
-349
-298
-255
-236
-232
-268
-289
-253
-278
-257
-198
-95
-25
-10
57
51
0
-27
-28
-151
-156
-161
-125
-59
-44
134
243
374
475
530
634
615
500
340
162
-17
-213
-330
-395
-391
-332
-279
-239
-218
-248
-271
-268
-266
-247
-213
-125
-30
-39
84
93
79
36
-28
-37
-104
-110
-105
-26
-23
146
234
362
473
547
639
683
635
499
291
135
-28
-204
-306
-357
-336
-248
-198
-162
-181
-219
-226
-231
-229
-199
-140
-51
-38
102
125
116
89
31
-21
-33
-107
-110
-77
-28
74
143
305
419
523
607
677
675
553
387
171
-13
-161
-297
-382
-364
-335
-255
-228
-223
-246
-254
-274
-274
-263
-221
-138
-55
-38
65
67
41
0
-30
-81
-124
-143
-121
-65
-37
99
149
340
447
553
625
647
571
415
193
20
-204
-317
-393
-428
-375
-313
-257
-248
-277
-301
-295
-302
-283
-243
-162
-77
-41
50
68
51
20
-11
-34
-140
-134
-138
-98
-42
73
155
330
419
546
614
695
639
521
330
127
-25
-214
-336
-405
-364
-304
-246
-224
-229
-250
-268
-272
-268
-236
-177
-120
-28
52
82
85
59
35
-15
-45
-109
-104
-79
-14
71
148
291
409
521
597
671
689
599
419
211
125
-172
-301
-394
-401
-351
-270
-229
-220
-230
-270
-285
-277
-282
-223
-161
-70
-27
72
74
47
9
-27
-47
-130
-157
-129
-73
-39
75
137
329
419
500
595
651
607
474
282
131
-49
-267
-360
-412
-413
-351
-285
-258
-279
-282
-316
-323
-306
-275
-235
-149
-45
-49
43
43
7
-41
-37
-135
-154
-147
-117
-55
-29
116
286
379
478
569
655
660
539
363
173
-12
-197
-304
-389
-389
-349
-268
-230
-214
-214
-267
-265
-269
-243
-214
-125
-33
-12
85
102
67
31
-17
-30
-113
-111
-74
-44
-12
123
271
395
500
611
675
713
659
500
281
129
-38
-230
-312
-352
-330
-269
-227
-193
-209
-220
-251
-236
-236
-218
-149
-76
-40
78
95
59
46
11
-35
-77
-108
-103
-44
-34
101
147
313
419
547
623
683
660
531
341
131
-25
-218
-345
-410
-407
-332
-268
-243
-253
-273
-293
-302
-298
-271
-226
-139
-61
-33
52
35
17
-33
-30
-124
-169
-173
-146
-78
-38
119
231
351
468
567
647
659
561
385
162
-7
-199
-335
-403
-414
-359
-285
-251
-242
-254
-284
-286
-300
-283
-223
-146
-71
-42
67
79
62
19
-12
-41
-127
-140
-109
-51
-37
107
149
349
467
547
655
692
660
538
327
155
-35
-221
-329
-375
-362
-271
-226
-187
-203
-236
-244
-261
-236
-217
-155
-54
-23
98
125
114
47
11
-17
-47
-108
-95
-62
-44
91
148
331
419
545
628
693
705
585
383
174
3
-198
-308
-381
-400
-327
-248
-225
-230
-231
-280
-260
-293
-268
-213
-140
-37
-44
75
84
38
3
-13
-113
-172
-145
-183
-79
-39
99
148
334
419
519
609
673
596
461
235
116
-149
-311
-398
-428
-413
-341
-277
-261
-268
-285
-298
-316
-289
-267
-182
-93
-37
33
68
62
22
-25
-39
-149
-162
-144
-95
-34
35
123
289
414
507
627
683
667
564
347
145
3
-210
-325
-393
-369
-301
-243
-207
-209
-240
-244
-261
-240
-223
-186
-94
-27
77
106
115
82
17
-38
-26
-113
-102
-76
-44
67
131
275
399
511
603
698
717
641
486
291
123
-28
-242
-342
-376
-329
-262
-239
-210
-236
-248
-258
-272
-255
-215
-140
-56
-25
87
93
67
20
-25
-21
-130
-155
-142
-93
-55
65
125
287
387
489
599
665
659
539
345
131
-27
-223
-357
-422
-419
-349
-294
-254
-237
-279
-306
-330
-315
-279
-244
-143
-62
-37
38
27
9
-18
-28
-142
-178
-185
-156
-102
-41
62
137
295
399
531
628
655
613
455
231
133
-28
-299
-369
-422
-381
-305
-239
-233
-236
-251
-296
-282
-286
-234
-173
-76
-44
85
103
91
31
-15
-25
-131
-157
-133
-93
-23
78
143
298
419
502
611
699
715
597
407
211
23
-145
-273
-339
-350
-306
-234
-182
-173
-207
-236
-235
-244
-241
-176
-109
-25
62
95
97
78
27
-9
-31
-124
-137
-103
-50
-29
122
223
362
465
565
665
693
630
486
265
134
-33
-268
-349
-409
-373
-301
-238
-234
-240
-262
-282
-283
-277
-268
-183
-97
-43
27
89
52
23
-31
-105
-172
-176
-167
-125
-77
-11
123
235
369
467
539
647
635
523
355
143
-28
-236
-345
-410
-425
-359
-283
-248
-250
-237
-283
-284
-287
-268
-220
-155
-70
-29
37
51
21
-6
-44
-93
-142
-140
-125
-67
-29
123
149
369
471
555
660
692
628
486
269
134
-31
-238
-332
-364
-347
-265
-185
-194
-205
-223
-235
-246
-241
-195
-135
-61
-28
97
127
116
55
0
-11
-28
-117
-103
-77
-39
85
147
301
419
530
617
705
691
591
411
191
27
-161
-267
-350
-369
-317
-230
-213
-207
-230
-242
-253
-261
-242
-218
-139
-30
-23
87
84
53
-21
-44
-119
-157
-156
-133
-97
-28
75
131
313
410
508
611
675
624
500
271
146
-38
-263
-362
-423
-399
-329
-268
-236
-250
-271
-299
-303
-300
-277
-220
-129
-44
-7
67
38
7
-28
-108
-151
-172
-162
-130
-70
-37
133
255
363
489
569
663
673
609
419
206
20
-168
-295
-369
-390
-327
-251
-213
-188
-206
-236
-267
-254
-242
-207
-117
-29
19
101
103
89
37
-11
-47
-123
-140
-108
-62
-31
107
147
351
451
545
647
