-268
-319
-375
-409
-389
-321
-240
-183
-155
-108
-47
248
539
743
807
737
613
419
242
117
-33
-61
-100
-113
-125
-153
-186
-213
-229
-193
-167
-149
-67
-50
-40
-46
-105
-182
-262
-325
-367
-371
-344
-271
-203
-159
-125
-33
116
419
659
810
803
723
567
386
196
120
-28
-46
-38
-93
-119
-162
-196
-185
-198
-174
-127
-70
-45
-57
-28
-46
-149
-230
-300
-353
-375
-374
-323
-250
-182
-140
-103
-44
131
457
743
803
759
628
462
267
127
-21
-44
-121
-113
-123
-165
-187
-221
-229
-229
-172
-130
-85
-46
-29
-69
-134
-213
-286
-348
-391
-422
-391
-300
-250
-187
-156
-101
-49
347
569
735
773
690
507
353
179
63
-52
-127
-117
-109
-125
-172
-211
-229
-219
-203
-172
-129
-64
-38
-49
-81
-149
-236
-309
-344
-395
-384
-325
-255
-161
-157
-141
-52
116
446
658
819
782
689
503
325
164
20
-47
-73
-94
-109
-140
-155
-172
-205
-196
-161
-117
-70
-39
-33
-28
-47
-145
-215
-268
-345
-359
-349
-297
-219
-165
-125
-76
-25
302
549
735
815
755
624
468
273
146
-8
-45
-97
-95
-109
-140
-182
-190
-203
-201
-159
-111
-75
-45
-50
-44
-126
-177
-267
-328
-366
-423
-361
-300
-221
-188
-130
-66
-14
331
555
727
763
707
566
393
209
117
-33
-93
-125
-129
-146
-196
-210
-229
-239
-219
-179
-137
-93
-52
-61
-108
-157
-225
-286
-357
-390
-363
-357
-268
-219
-177
-152
-74
113
366
609
750
763
679
520
354
159
52
-37
-74
-105
-101
-147
-183
-198
-207
-210
-172
-135
-94
-50
-44
-41
-57
-150
-230
-273
-350
-367
-358
-320
-252
-182
-147
-108
-43
129
494
699
806
783
675
491
315
147
21
-29
-47
-75
-79
-118
-156
-174
-186
-175
-170
-108
-77
-43
-35
-35
-63
-167
-237
-301
-343
-367
-348
-282
-218
-167
-140
-93
-39
223
538
713
789
737
603
419
259
131
-12
-46
-85
-105
-118
-156
-199
-219
-218
-211
-172
-123
-69
-61
-44
-81
-131
-203
-284
-326
-377
-407
-365
-302
-237
-196
-156
-111
-43
298
547
713
755
698
561
387
203
130
-33
-105
-129
-125
-166
-183
-198
-217
-217
-203
-152
-105
-63
-39
-44
-81
-153
-213
-289
-336
-361
-368
-343
-268
-202
-177
-134
-35
105
410
639
771
794
691
535
357
164
116
-25
-28
-85
-93
-124
-155
-192
-203
-201
-161
-133
-83
-67
-40
-31
-46
-131
-213
-257
-307
-348
-347
-289
-213
-158
-119
-76
-39
118
419
674
791
801
691
555
363
180
125
-34
-41
-95
-80
-122
-144
-191
-188
-187
-159
-130
-78
-50
-45
-59
-101
-165
-239
-300
-343
-373
-354
-301
-247
-174
-154
-131
-43
119
419
646
755
743
635
485
293
118
-5
-32
-114
-118
-117
-157
-201
-219
-229
-230
-203
-149
-111
-70
-70
-87
-141
-193
-270
-332
-381
-398
-384
-302
-237
-199
-153
-107
-45
135
499
689
775
725
606
419
250
131
-24
-41
-107
-101
-98
-143
-183
-207
-219
-211
-172
-121
-63
-45
-49
-59
-108
-191
-250
-311
-349
-363
-345
-266
-200
-140
-133
-66
-44
287
549
729
778
725
610
419
255
120
-12
-47
-42
-61
-78
-126
-158
-169
-177
-155
-127
-77
-50
-49
-27
-28
-108
-198
-263
-308
-345
-364
-332
-253
-190
-125
-108
-49
105
354
599
755
766
695
538
371
195
111
-45
-45
-97
-93
-122
-149
-199
-215
-226
-193
-146
-113
-65
-44
-45
-107
-150
-236
-300
-351
-381
-370
-345
-290
-206
-167
-146
-65
115
375
599
737
721
615
469
317
133
5
-44
-108
-115
-128
-157
-177
-209
-242
-214
-172
-146
-109
-75
-50
-61
-119
-172
-242
-297
-358
-366
-353
-310
-249
-180
-185
-140
-38
122
419
646
771
763
651
487
308
127
-17
-44
-69
-93
-108
-136
-172
-187
-202
-203
-162
-107
-61
-44
-45
-25
-50
-172
-231
-300
-324
-349
-332
-263
-201
-151
-113
-70
-28
287
553
723
785
750
610
462
274
133
-12
-40
-76
-129
-103
-129
-158
-191
-183
-182
-145
-105
-42
-49
-44
-50
-125
-199
-258
-323
-348
-366
-344
-278
-225
-179
-157
-87
-7
323
579
725
755
671
537
354
171
111
-44
-83
-119
-123
-167
-180
-203
-218
-234
-219
-157
-121
-83
-45
-69
-129
-172
-259
-309
-348
-389
-387
-337
-279
-213
-177
-150
-52
122
416
642
741
729
613
468
289
132
-8
-47
-96
-103
-113
-145
-178
-196
-217
-207
-188
-119
-68
-62
-39
-52
-93
-172
-252
-303
-345
-364
-329
-284
-219
-177
-137
-105
-44
133
531
714
787
725
619
446
275
134
-14
-76
-45
-70
-93
-113
-169
-175
-182
-165
-140
-82
-44
-52
-13
-28
-44
-172
-255
-307
-357
-344
-316
-264
-205
-154
-150
-78
85
351
595
739
771
686
549
370
180
118
-37
-65
-82
-78
-117
-157
-176
-216
-202
-167
-146
-97
-45
-45
-45
-105
-175
-242
-309
-353
-370
-370
-332
-258
-213
-198
-153
-57
134
419
659
739
723
596
419
263
137
-37
-58
-108
-101
-124
-151
-185
-221
-225
-203
-165
-113
-76
-47
-38
-43
-117
-203
-270
-323
-364
-373
-347
-294
-219
-172
-157
-108
-31
314
563
742
777
703
563
406
211
131
-29
-66
-85
-83
-107
-143
-165
-183
-171
-176
-140
-77
-39
-49
-17
-45
-131
-196
-258
-300
-325
-332
-293
-229
-193
-140
-112
-45
114
419
651
787
792
690
555
366
179
131
-28
-47
-49
-71
-96
-141
-160
-187
-175
-150
-111
-52
-43
-46
-44
-44
-163
-237
-299
-337
-361
-351
-305
-236
-180
-146
-115
-44
131
523
705
775
718
596
413
242
141
-27
-46
-97
-105
-117
-149
-172
-211
-210
-186
-172
-137
-78
-41
-40
-109
-153
-215
-298
-332
-371
-396
-353
-279
-223
-199
-159
-78
79
370
617
741
755
667
507
339
159
50
-44
-76
-99
-111
-149
-182
-198
-196
-199
-171
-130
-93
-34
-52
-59
-52
-158
-239
-305
-345
-350
-349
-299
-215
-180
-142
-114
-57
122
501
706
790
750
623
475
279
117
-1
-28
-49
-63
-76
-111
-151
-166
-170
-170
-138
-81
-47
-52
-16
-17
-50
-169
-237
-290
-331
-347
-310
-262
-205
-172
-126
-77
75
350
603
757
790
699
535
388
226
121
-25
-38
-85
-77
-122
-153
-172
-215
-200
-172
-145
-101
-50
-42
-41
-75
-165
-236
-299
-342
-379
-353
-306
-261
-201
-184
-127
-45
126
419
658
742
694
594
451
277
146
-25
-61
-105
-97
-107
-152
-186
-219
-231
-216
-177
-143
-97
-61
-65
-61
-125
-199
-274
-329
-366
-377
-361
-284
-233
-185
-161
-105
-34
331
578
742
771
682
547
373
195
123
-26
-44
-76
-78
-109
-140
-172
-185
-194
-157
-122
-78
-39
-45
-42
-50
-137
-203
-257
-299
-332
-345
-301
-240
-169
-133
-95
-31
114
405
651
791
767
727
523
345
182
111
-17
-43
-45
-80
-108
-146
-172
-180
-167
-161
-115
-60
-41
-47
-38
-47
-170
-231
-283
-345
-367
-344
-288
-229
-177
-157
-108
-54
131
506
707
758
691
567
414
228
131
-22
-47
-95
-98
-127
-142
-180
-215
-223
-188
-167
-113
-79
-44
-45
-97
-155
-222
-294
-341
-380
-380
-359
-291
-233
-172
-144
-65
91
371
585
727
737
638
499
331
174
2
-46
-81
-109
-113
-147
-167
-198
-209
-194
-180
-134
-86
-44
-41
-54
-87
-154
-221
-294
-332
-358
-347
-297
-234
-178
-158
-107
-56
127
485
687
760
712
619
459
285
123
-5
-30
-45
-50
-79
-125
-138
-166
-177
-159
-129
-76
-50
-44
-4
-33
-42
-169
-234
-285
-322
-339
-305
-250
-195
-153
-123
-81
75
351
595
745
775
691
550
368
199
126
-26
-44
-61
-76
-113
-141
-182
-214
-196
-159
-133
-77
-38
-44
-47
-52
-157
-231
-283
-341
-367
-371
-332
-276
-216
-177
-166
-49
121
455
660
755
695
585
419
262
135
-33
-44
-105
-108
-121
-149
-203
-226
-219
-210
-172
-129
-83
-60
-47
-86
-141
-221
-277
-317
-364
-370
-352
-289
-241
-188
-177
-97
-13
331
594
727
714
667
527
347
175
122
-28
-49
-73
-82
-117
-151
-178
-211
-186
-170
-139
-81
-34
-59
-34
-52
-129
-215
-277
-335
-354
-354
-298
-240
-179
-151
-103
-36
131
489
711
795
753
627
487
296
143
19
-15
-39
-54
-47
-95
-150
-172
-172
-158
-139
-101
-43
-43
-33
-29
-42
-187
-245
-300
-341
-374
-332
-273
-218
-169
-140
-85
54
352
597
734
749
675
525
350
171
119
-31
-37
-93
-76
-117
-154
-180
-193
-205
-180
-152
-101
-62
-47
-49
-115
-159
-255
-325
-363
-393
-396
-339
-263
-209
-180
-145
-49
126
475
675
751
699
587
419
238
139
-41
-57
-85
-99
-108
-151
-157
-196
-201
-199
-162
-122
-76
-49
-54
-54
-126
-208
-268
-329
-363
-377
-338
-273
-195
-153
-140
-79
113
368
603
759
767
694
533
371
182
142
-25
-44
-29
-62
-108
-140
-165
-182
-178
-149
-114
-49
-40
-27
-26
-33
-144
-213
-284
-318
-349
-325
-284
-211
-161
-119
-98
-40
250
532
731
803
745
606
419
263
129
6
-28
-49
-57
-87
-113
-165
-179
-172
-172
-134
-105
-54
-52
-43
-44
-122
-216
-275
-333
-377
-381
-339
-268
-206
-172
-157
-73
103
367
611
754
759
662
532
347
170
59
-45
-87
-105
-113
-135
-172
-205
-215
-214
-185
-155
-76
-63
-61
-66
-109
-180
-281
-315
-366
-393
-380
-302
-250
-190
-154
-109
-47
125
501
691
765
726
597
419
247
121
-21
-45
-54
-81
-105
-139
-156
-188
-194
-172
-140
-85
-44
-50
-40
-46
-121
-205
-268
-330
-361
-349
-334
-239
-188
-166
-133
-58
125
415
660
790
787
693
547
373
185
139
-21
-28
-46
-49
-48
-127
-157
-176
-161
-135
-112
-57
-52
-29
-34
-43
-166
-247
-310
-347
-364
-348
-295
-218
-166
-143
-98
-37
281
547
731
775
731
587
413
250
122
-23
-37
-93
-87
-105
-138
-167
-202
-217
-179
-146
-105
-59
-58
-43
-105
-157
-238
-302
-359
-384
-383
-345
-286
-226
-171
-156
-52
122
419
659
753
714
599
469
282
116
-15
-37
-108
-93
-77
-133
-167
-196
-219
-192
-176
-140
-87
-50
-43
-71
-141
-207
-293
-348
-364
-393
-351
-282
-222
-178
-155
-97
11
339
599
750
765
691
553
379
211
121
-19
-52
-48
-46
-101
-142
-167
-193
-188
-156
-134
-61
-44
-46
-13
-37
-140
-222
-276
-339
-354
-354
-285
-217
-161
-125
-107
-49
130
501
699
803
767
645
487
297
129
-13
-28
-44
-64
-65
-123
-142
-169
-185
-174
-156
-111
-69
-45
-58
-76
-135
-203
-268
-327
-379
-384
-351
-279
-214
-165
-140
-70
52
354
585
719
742
662
531
354
179
116
-43
-46
-97
-103
-123
-157
-198
-218
-229
-193
-159
-99
-66
-52
-94
-125
-200
-262
-332
-377
-384
-384
-327
-268
-195
-172
-144
-44
137
468
665
746
723
606
443
283
123
-11
-28
-44
-66
-93
-138
-169
-190
-200
-172
-149
-81
-70
-45
-54
-44
-149
-199
-277
-331
-353
-368
-330
-264
-188
-150
-134
-73
187
372
603
755
777
694
555
