-149
-154
-193
-242
-323
-373
-412
-424
-395
-332
-251
-181
-109
-46
130
551
779
823
763
631
513
391
259
183
127
77
9
-28
-86
-173
-210
-221
-221
-201
-175
-141
-117
-112
-142
-201
-257
-322
-364
-391
-374
-318
-249
-179
-140
-49
118
468
699
843
820
707
597
453
326
212
147
125
29
-28
-42
-169
-206
-229
-229
-213
-185
-156
-107
-124
-146
-189
-253
-323
-379
-418
-429
-385
-320
-242
-172
-113
-45
321
581
763
806
707
576
451
325
218
147
123
3
-30
-42
-171
-213
-250
-283
-263
-236
-207
-178
-161
-167
-210
-269
-329
-390
-429
-451
-436
-382
-303
-234
-158
-47
133
483
707
803
731
605
502
383
251
166
129
39
-25
-45
-141
-203
-236
-254
-261
-235
-199
-165
-137
-129
-142
-201
-268
-322
-378
-398
-405
-364
-301
-221
-154
-69
115
406
669
820
811
705
579
461
327
221
143
120
43
-27
-44
-149
-197
-200
-221
-207
-177
-153
-125
-105
-111
-157
-204
-287
-349
-394
-400
-380
-314
-251
-166
-81
-39
295
577
771
810
737
615
487
363
251
154
130
40
-17
-45
-149
-206
-236
-254
-247
-220
-192
-170
-145
-141
-173
-231
-295
-361
-428
-444
-428
-370
-299
-229
-156
-62
129
481
687
783
737
607
490
360
249
149
133
14
-31
-45
-169
-217
-264
-281
-285
-265
-230
-195
-167
-155
-185
-222
-300
-357
-407
-437
-435
-391
-332
-247
-182
-81
115
405
643
779
758
661
535
413
294
185
137
114
7
-28
-45
-170
-213
-246
-251
-229
-188
-172
-139
-110
-134
-169
-224
-300
-373
-402
-418
-380
-327
-264
-221
-106
-44
337
593
783
815
727
623
507
372
269
166
127
54
6
-39
-121
-172
-204
-226
-218
-197
-160
-134
-117
-129
-156
-222
-285
-353
-397
-427
-410
-364
-281
-207
-140
-44
125
469
699
803
761
638
511
392
276
171
133
52
-11
-38
-130
-190
-236
-270
-269
-242
-218
-186
-159
-144
-172
-225
-294
-355
-410
-443
-460
-403
-348
-274
-208
-135
-43
331
590
756
763
675
547
417
298
187
135
59
-2
-37
-119
-182
-229
-269
-273
-245
-216
-193
-161
-127
-159
-197
-259
-339
-397
-430
-448
-410
-347
-270
-200
-140
-45
137
555
759
835
766
651
531
404
282
181
131
113
5
-44
-122
-182
-220
-239
-225
-201
-175
-156
-121
-117
-152
-209
-270
-338
-386
-402
-396
-342
-263
-193
-137
-45
133
494
739
873
851
739
603
469
345
223
149
139
20
-21
-45
-174
-215
-237
-245
-229
-199
-163
-127
-129
-154
-204
-270
-333
-395
-426
-437
-396
-325
-254
-182
-103
-18
382
659
825
835
723
590
468
338
230
161
125
9
-37
-115
-195
-236
-268
-294
-278
-242
-210
-181
-169
-190
-220
-268
-351
-412
-457
-459
-428
-373
-287
-207
-150
-59
121
543
756
835
756
617
517
387
263
161
123
33
-19
-47
-156
-218
-250
-278
-269
-236
-203
-172
-150
-150
-182
-234
-294
-362
-406
-447
-413
-357
-283
-204
-140
-46
129
495
739
857
823
710
575
463
330
211
139
131
23
-28
-44
-163
-204
-230
-235
-209
-171
-144
-125
-114
-137
-204
-253
-321
-367
-399
-418
-382
-298
-230
-157
-71
111
395
660
831
843
739
611
483
362
249
151
123
21
-29
-53
-170
-221
-255
-268
-255
-245
-204
-170
-155
-166
-206
-261
-332
-392
-425
-446
-427
-363
-287
-208
-140
-39
131
539
739
815
741
613
493
370
244
148
137
15
-33
-105
-181
-234
-277
-288
-281
-253
-217
-189
-172
-165
-215
-259
-326
-386
-432
-460
-428
-370
-295
-234
-172
-51
121
480
722
835
762
665
549
419
308
201
132
127
9
-37
-108
-177
-225
-238
-252
-227
-204
-170
-139
-137
-140
-201
-266
-329
-377
-412
-418
-370
-298
-222
-156
-75
75
387
655
843
865
779
650
532
397
287
183
123
55
-9
-47
-137
-191
-224
-236
-239
-203
-186
-142
-125
-129
-193
-241
-310
-368
-411
-413
-401
-353
-261
-193
-133
-43
129
519
751
857
798
675
541
418
287
180
130
34
-22
-43
-156
-219
-258
-295
-297
-266
-236
-198
-167
-155
-177
-231
-300
-346
-398
-428
-433
-390
-330
-263
-199
-133
-44
294
579
776
830
742
611
505
355
235
137
115
-12
-45
-137
-192
-250
-284
-297
-269
-245
-204
-177
-159
-150
-187
-230
-305
-364
-398
-415
-402
-345
-277
-204
-150
-60
127
483
724
859
827
715
591
461
323
209
119
127
-6
-30
-123
-187
-231
-245
-249
-226
-204
-161
-136
-111
-124
-185
-234
-305
-346
-371
-380
-345
-270
-204
-145
-75
66
379
663
847
889
802
675
543
405
273
171
139
32
-15
-47
-170
-221
-242
-257
-258
-216
-177
-145
-136
-125
-157
-217
-294
-345
-369
-399
-385
-337
-273
-203
-140
-47
119
459
709
839
807
699
571
419
306
193
133
30
-30
-33
-166
-221
-259
-283
-288
-268
-236
-194
-169
-165
-174
-229
-279
-348
-389
-428
-439
-401
-333
-245
-204
-139
-44
294
567
773
819
739
628
515
370
263
149
127
-2
-26
-99
-189
-227
-253
-266
-254
-230
-174
-157
-135
-131
-165
-204
-265
-330
-366
-389
-370
-332
-268
-183
-127
-38
121
490
731
851
820
706
579
459
329
212
137
127
4
-39
-111
-177
-204
-221
-230
-215
-172
-140
-110
-97
-122
-143
-218
-277
-328
-364
-364
-333
-270
-209
-149
-93
-34
335
607
788
847
767
628
511
386
256
155
129
20
-29
-44
-170
-219
-250
-265
-255
-236
-197
-165
-156
-135
-165
-225
-284
-365
-393
-416
-399
-355
-281
-207
-152
-49
127
459
692
795
759
651
542
411
279
169
125
20
-27
-69
-177
-234
-273
-300
-300
-269
-236
-203
-167
-151
-172
-218
-268
-332
-382
-386
-396
-374
-308
-234
-172
-102
-44
295
563
755
803
739
610
502
371
243
149
133
9
-21
-41
-174
-217
-241
-247
-242
-220
-181
-150
-127
-126
-153
-202
-250
-337
-363
-374
-369
-326
-248
-177
-126
-44
131
485
751
851
817
711
569
451
319
209
135
119
7
-28
-110
-172
-219
-251
-255
-231
-204
-154
-130
-131
-145
-177
-243
-301
-354
-380
-389
-364
-297
-220
-156
-97
-39
321
579
777
819
737
607
482
351
231
137
121
-7
-44
-134
-197
-251
-275
-294
-275
-247
-214
-177
-161
-154
-182
-225
-314
-357
-401
-421
-408
-362
-284
-231
-169
-76
116
419
653
774
751
647
521
397
274
154
129
17
-25
-45
-171
-233
-268
-270
-284
-261
-223
-177
-166
-158
-161
-208
-274
-325
-366
-405
-399
-364
-304
-230
-167
-98
-39
329
599
791
835
759
631
467
375
235
154
119
20
-30
-44
-167
-210
-237
-266
-237
-221
-169
-145
-115
-126
-153
-203
-265
-317
-358
-364
-353
-313
-220
-169
-101
-44
125
515
739
859
813
705
571
419
308
195
127
45
-12
-46
-150
-197
-237
-251
-258
-235
-199
-160
-143
-143
-165
-205
-268
-348
-378
-401
-402
-364
-293
-223
-170
-94
58
391
642
803
805
706
564
453
319
190
137
31
-12
-44
-150
-211
-265
-284
-297
-283
-246
-218
-186
-166
-171
-219
-280
-332
-383
-421
-428
-399
-347
-263
-199
-123
-37
191
559
745
787
747
623
496
371
244
147
121
1
-41
-133
-189
-236
-263
-277
-271
-236
-205
-151
-140
-137
-161
-210
-281
-333
-367
-387
-380
-315
-253
-184
-126
-43
133
477
707
832
803
703
577
454
329
215
131
126
2
-33
-127
-181
-213
-235
-233
-214
-176
-140
-122
-106
-121
-175
-236
-300
-335
-370
-373
-337
-279
-204
-141
-71
105
391
629
819
835
747
623
487
363
241
139
127
9
-28
-131
-190
-241
-263
-274
-261
-231
-189
-160
-150
-162
-196
-261
-331
-368
-394
-415
-395
-329
-251
-183
-138
-39
133
532
739
811
741
627
483
355
231
133
116
-14
-43
-141
-206
-247
-295
-299
-294
-268
-226
-200
-171
-159
-204
-246
-307
-361
-383
-405
-381
-346
-262
-204
-145
-55
127
419
658
803
790
692
571
419
311
207
104
50
-25
-44
-154
-207
-249
-264
-268
-236
-205
-167
-135
-127
-143
-189
-255
-313
-344
-370
-380
-346
-278
-206
-126
-53
106
359
641
821
923
783
665
514
399
276
169
134
107
-23
-44
-167
-206
-235
-245
-227
-206
-163
-138
-143
-143
-181
-247
-298
-344
-369
-396
-371
-291
-231
-167
-105
-55
282
569
777
835
771
647
510
387
251
146
119
1
-34
-119
-189
-239
-279
-295
-282
-257
-210
-181
-156
-172
-203
-236
-316
-364
-399
-417
-396
-353
-290
-236
-165
-63
118
451
675
803
774
666
532
404
276
161
135
3
-43
-124
-186
-243
-268
-277
-270
-259
-216
-196
-169
-165
-189
-237
-293
-343
-374
-430
-401
-357
-286
-215
-142
-59
119
403
663
826
831
722
603
467
345
212
134
126
-3
-35
-132
-178
-219
-251
-246
-227
-199
-161
-135
-125
-140
-181
-243
-299
-349
-366
-374
-337
-272
-195
-137
-60
107
394
643
835
883
783
643
515
372
255
155
131
-2
-35
-123
-199
-227
-242
-261
-240
-214
-176
-157
-140
-147
-188
-243
-303
-351
-390
-406
-389
-332
-253
-188
-127
-33
122
548
743
833
769
643
506
367
242
142
119
-6
-42
-140
-204
-252
-289
-289
-284
-250
-204
-188
-169
-175
-221
-256
-332
-365
-412
-431
-423
-369
-290
-220
-156
-49
134
499
724
818
761
667
533
404
275
163
125
15
-30
-115
-181
-233
-268
-275
-264
-236
-201
-171
-143
-139
-163
-203
-267
-325
-364
-385
-383
-344
-277
-199
-131
-53
118
419
673
843
851
758
613
497
365
235
148
127
10
-37
-102
-181
-221
-237
-234
-211
-183
-141
-127
-115
-127
-159
-227
-295
-333
-359
-367
-341
-295
-195
-141
-62
-23
339
601
798
855
786
653
523
392
276
162
142
11
-28
-108
-181
-238
-274
-273
-265
-236
-199
-172
-159
-160
-205
-247
-311
-364
-403
-411
-382
-334
-258
-197
-130
-46
127
535
743
851
778
655
535
393
266
158
130
-11
-43
-139
-204
-255
-291
-301
-295
-268
-221
-193
-179
-178
-204
-257
-300
-361
-401
-415
-392
-323
-261
-198
-141
-62
119
411
671
831
831
723
597
469
345
225
135
129
-7
-44
-137
-203
-253
-263
-263
-236
-205
-171
-142
-140
-155
-204
-247
-321
-353
-377
-380
-335
-268
-195
-123
-46
113
398
660
847
891
803
675
539
404
276
178
135
21
-38
-43
-193
-217
-239
-247
-223
-201
-172
-137
-125
-164
-205
-260
-314
-363
-390
-397
-361
-295
-214
-152
-73
-25
346
621
823
871
791
667
522
384
255
149
143
-2
-43
-151
-203
-258
-287
-295
-282
-245
-205
-181
-170
-190
-220
-269
-332
-381
-417
-429
-393
-332
-254
-194
-146
-44
139
515
731
835
788
679
543
404
277
163
133
-5
-42
-143
-218
-247
-297
-295
-273
-249
-207
-182
-169
-179
-204
-263
-317
-369
-396
-409
-395
-341
-265
-192
-130
-44
125
467
715
855
852
746
618
491
342
227
149
132
-2
-46
-145
-216
-245
-266
-269
-223
-194
-157
-138
-145
-170
-221
-266
-327
-358
-371
-362
-316
-241
-165
