-197
-189
-170
-197
-245
-341
-460
-535
-556
-518
-444
-368
-298
-249
-268
-251
-268
-243
-206
-150
-44
109
283
459
715
1079
1303
1231
855
455
159
-39
-137
-198
-209
-205
-207
-209
-300
-395
-509
-567
-565
-521
-446
-366
-299
-275
-289
-287
-289
-257
-201
-109
-39
127
338
542
839
1209
1311
1103
711
323
131
-44
-150
-203
-190
-183
-190
-233
-316
-422
-507
-541
-523
-460
-391
-319
-254
-246
-249
-265
-236
-204
-139
-35
102
276
455
692
1073
1335
1295
947
543
206
31
-43
-156
-185
-172
-162
-172
-234
-347
-453
-510
-511
-482
-400
-330
-265
-216
-234
-225
-230
-221
-173
-97
-27
132
339
538
819
1167
1345
1215
792
403
131
-33
-139
-183
-193
-176
-188
-220
-282
-392
-503
-533
-535
-486
-409
-338
-272
-239
-283
-283
-268
-236
-169
-77
-41
122
361
582
917
1218
1291
1009
611
246
125
-43
-189
-204
-204
-193
-206
-268
-362
-468
-521
-545
-535
-487
-405
-332
-277
-267
-289
-269
-257
-207
-170
-66
78
139
411
683
1055
1288
1243
907
500
174
-23
-126
-174
-197
-187
-175
-190
-255
-361
-463
-529
-527
-486
-428
-351
-279
-226
-231
-243
-234
-234
-186
-110
-55
133
308
521
803
1161
1331
1227
787
405
131
-31
-122
-171
-172
-170
-154
-173
-251
-359
-460
-521
-505
-460
-383
-303
-238
-185
-225
-234
-230
-213
-158
-77
-43
143
369
571
889
1211
1333
1079
683
313
137
-45
-166
-198
-202
-170
-165
-233
-311
-428
-491
-519
-518
-475
-396
-329
-269
-236
-268
-258
-261
-214
-165
-46
-22
131
397
645
1011
1281
1243
931
521
185
-25
-142
-193
-204
-215
-183
-206
-270
-371
-481
-542
-545
-526
-481
-378
-317
-257
-240
-266
-233
-251
-205
-153
-55
74
136
444
702
1053
1301
1235
855
470
148
-35
-156
-191
-197
-197
-177
-184
-263
-360
-467
-531
-525
-476
-412
-331
-246
-221
-221
-241
-246
-232
-176
-98
-53
116
319
505
815
1171
1332
1154
755
387
129
-31
-131
-181
-157
-149
-133
-176
-262
-377
-467
-513
-491
-435
-374
-299
-221
-197
-201
-220
-217
-209
-151
-70
-29
132
361
603
929
1227
1321
1040
643
278
131
-50
-172
-198
-178
-161
-178
-229
-329
-428
-517
-540
-532
-466
-387
-323
-249
-212
-245
-238
-231
-221
-175
-59
-28
141
375
611
963
1209
1243
949
543
209
1
-43
-187
-231
-217
-207
-207
-263
-354
-459
-538
-559
-525
-477
-387
-313
-250
-237
-254
-271
-254
-236
-166
-55
107
277
418
723
1075
1295
1238
823
411
131
-45
-142
-193
-195
-189
-165
-193
-269
-370
-477
-527
-536
-476
-406
-332
-261
-222
-241
-245
-241
-233
-178
-122
-45
114
365
566
879
1225
1305
1079
695
322
122
-45
-155
-174
-172
-153
-137
-204
-298
-402
-486
-505
-496
-460
-386
-293
-250
-219
-229
-255
-253
-216
-158
-51
-30
133
399
625
986
1315
1279
971
562
227
110
-45
-181
-197
-197
-181
-197
-261
-367
-461
-547
-540
-537
-466
-389
-313
-268
-268
-280
-287
-278
-238
-172
-65
-13
122
404
656
1007
1235
1230
858
483
147
-15
-149
-204
-233
-234
-221
-241
-313
-425
-511
-565
-572
-547
-479
-389
-318
-267
-273
-295
-297
-281
-236
-139
-47
116
276
470
742
1109
1291
1143
775
389
135
-45
-129
-174
-197
-185
-197
-219
-303
-409
-501
-540
-524
-492
-425
-337
-265
-253
-268
-277
-262
-221
-171
-76
-38
131
355
596
923
1237
1355
1096
692
337
129
-12
-49
-155
-167
-161
-172
-221
-325
-431
-489
-516
-494
-439
-364
-299
-245
-236
-257
-265
-236
-189
-139
-44
106
244
418
689
1039
1347
1310
967
567
233
139
-49
-154
-178
-204
-188
-204
-282
-380
-467
-550
-557
-519
-455
-386
-302
-267
-254
-278
-277
-251
-221
-136
-45
110
275
465
729
1123
1321
1231
852
467
141
-31
-125
-195
-221
-229
-227
-251
-315
-415
-518
-561
-556
-523
-441
-375
-309
-269
-274
-300
-296
-248
-190
-93
-47
116
315
532
841
1210
1314
1103
723
354
127
-40
-130
-172
-197
-204
-197
-237
-322
-433
-513
-530
-524
-475
-396
-325
-261
-242
-268
-283
-245
-210
-170
-56
43
137
389
611
951
1279
1315
1011
602
276
134
-26
-143
-168
-172
-171
-178
-252
-332
-446
-506
-523
-501
-437
-354
-280
-238
-245
-237
-255
-243
-217
-142
-44
86
135
409
631
978
1195
1215
881
511
213
116
-43
-161
-197
-221
-213
-225
-284
-396
-484
-534
-554
-513
-428
-361
-297
-267
-255
-256
-279
-268
-249
-179
-75
-29
131
372
657
997
1193
1151
803
457
163
-2
-44
-177
-204
-219
-217
-258
-332
-430
-506
-539
-553
-509
-446
-370
-300
-255
-275
-279
-278
-266
-214
-150
-66
27
135
392
679
1035
1211
1110
786
418
169
35
-31
-143
-181
-185
-194
-221
-304
-401
-485
-515
-508
-473
-407
-327
-243
-224
-209
-227
-245
-220
-197
-145
-59
49
137
396
663
1010
1217
1177
847
499
222
134
-11
-53
-137
-169
-182
-216
-295
-391
-460
-497
-501
-466
-401
-332
-268
-229
-209
-238
-233
-214
-191
-140
-75
-27
122
355
639
949
1173
1135
838
494
229
127
-38
-103
-181
-201
-220
-246
-319
-405
-490
-524
-523
-494
-420
-338
-283
-238
-226
-239
-241
-238
-218
-183
-106
-47
107
313
563
875
1115
1119
865
535
258
110
-37
-72
-171
-204
-221
-255
-315
-394
-490
-510
-525
-491
-438
-359
-257
-255
-231
-254
-245
-234
-209
-168
-93
-43
116
301
546
851
1119
1155
931
599
315
141
3
-33
-140
-174
-189
-215
-274
-358
-434
-504
-504
-468
-387
-345
-249
-201
-190
-204
-213
-209
-189
-156
-83
-44
116
293
515
842
1130
1211
1023
675
367
151
129
-17
-57
-138
-166
-197
-236
-345
-417
-458
-474
-465
-391
-332
-264
-219
-204
-219
-209
-203
-186
-156
-95
-46
106
270
500
790
1083
1170
990
655
362
155
80
-43
-137
-167
-192
-226
-270
-354
-432
-482
-491
-485
-420
-337
-279
-236
-217
-249
-242
-236
-214
-182
-124
-51
91
116
418
734
1018
1114
979
661
367
154
41
-45
-135
-178
-198
-221
-263
-365
-441
-492
-499
-491
-432
-353
-291
-236
-226
-229
-231
-221
-197
-157
-110
-47
101
198
418
731
1049
1163
1012
719
407
205
131
-23
-50
-140
-165
-198
-234
-325
-412
-463
-481
-460
-410
-332
-252
-198
-205
-192
-214
-193
-174
-142
-93
-33
101
256
418
723
1018
1171
1057
771
475
245
134
-8
-53
-121
-169
-174
-229
-311
-394
-439
-455
-463
-403
-332
-268
-221
-202
-218
-213
-215
-205
-165
-127
-45
78
130
404
687
989
1135
1027
739
418
210
126
-13
-45
-151
-184
-201
-257
-333
-418
-456
-491
-481
-430
-342
-293
-243
-221
-225
-234
-238
-209
-190
-149
-73
-44
134
337
615
907
1091
1011
743
453
222
137
-21
-30
-159
-187
-221
-236
-330
-405
-470
-494
-478
-450
-365
-300
-236
-218
-225
-233
-229
-213
-194
-125
-61
77
119
367
655
949
1135
1045
779
462
237
135
2
-49
-122
-141
-201
-224
-309
-395
-451
-475
-460
-406
-347
-277
-221
-189
-187
-143
-217
-193
-150
-94
-37
74
116
370
623
927
1119
1059
803
501
265
128
23
-53
-110
-141
-191
-229
-281
-358
-439
-460
-460
-428
-355
-286
-236
-205
-215
-233
-236
-221
-201
-153
-50
-27
130
322
581
867
1059
1013
776
481
244
127
-5
-44
-141
-179
-210
-265
-319
-399
-463
-488
-491
-443
-384
-315
-236
-225
-238
-257
-238
-233
-209
-172
-93
-38
116
283
527
822
1013
1007
785
497
249
135
3
-45
-145
-183
-221
-266
-311
-385
-459
-476
-481
-442
-370
-295
-257
-205
-210
-221
-236
-209
-189
-146
-76
-34
112
303
539
830
1044
1049
826
543
295
141
101
-39
-44
-161
-161
-210
-290
-364
-428
-429
-451
-411
-364
-287
-224
-197
-204
-209
-188
-185
-165
-113
-42
-30
122
319
543
842
1051
1067
859
567
315
165
110
-21
-44
-133
-167
-214
-285
-365
-413
-448
-466
-434
-364
-300
-242
-204
-201
-234
-220
-229
-203
-153
-94
-44
116
291
493
788
1013
1045
855
558
325
148
109
-22
-79
-155
-204
-233
-291
-348
-467
-475
-479
-457
-395
-311
-268
-226
-224
-246
-258
-249
-215
-170
-102
-46
107
244
479
759
1081
1012
835
554
313
147
121
-22
-130
-157
-202
-232
-300
-375
-453
-465
-476
-448
-382
-326
-261
-213
-197
-234
-231
-238
-203
-133
-60
-35
126
339
555
854
1051
1046
855
563
306
163
127
-8
-45
-134
-172
-214
-279
-376
-438
-460
-446
-410
-357
-283
-233
-201
-204
-219
-221
-201
-161
-118
-41
53
116
339
570
871
1067
1071
866
579
327
170
132
-12
-44
-143
-185
-230
-293
-391
-455
-470
-476
-424
-364
-311
-258
-233
-239
-250
-261
-233
-213
-138
-60
-12
127
335
586
882
1063
1027
755
521
291
142
59
-41
-103
-165
-204
-267
-349
-420
-484
-509
-491
-443
-380
-321
-269
-270
-277
-274
-248
-249
-201
-127
-44
63
131
355
617
897
1029
949
723
454
254
119
21
-27
-122
-177
-224
-270
-348
-427
-486
-481
-467
-399
-364
-293
-257
-245
-268
-255
-237
-222
-169
-97
-39
116
277
483
755
1003
1108
951
681
418
228
127
19
-27
-113
-171
-206
-277
-367
-444
-473
-458
-429
-382
-310
-261
-233
-221
-241
-221
-208
-169
-110
-51
71
122
339
563
835
1051
1087
875
596
356
198
127
-5
-61
-137
-188
-231
-306
-397
-461
-491
-483
-446
-381
-320
-275
-268
-274
-269
-268
-248
-194
-138
-47
66
131
372
647
918
1074
1005
757
463
254
119
23
-45
-119
-161
-214
-265
-351
-440
-508
-514
-470
-430
-364
-326
-294
-284
-280
-281
-263
-230
-194
-127
-59
79
137
418
719
979
1045
907
655
372
197
138
2
-53
-167
-191
-237
-287
-359
-441
-493
-497
-461
-389
-323
-278
-253
-256
-274
-251
-303
-204
-140
-57
64
127
327
571
873
1075
1071
849
575
340
181
126
-9
-49
-127
-172
-227
-294
-367
-446
-479
-473
-420
-349
-279
-250
-230
-221
-233
-209
-175
-152
-82
-42
103
151
418
679
959
1098
995
747
492
276
146
58
-29
-49
-156
-195
-270
-341
-426
-473
-491
-466
-394
-348
-300
-253
-254
-259
-257
-243
-217
-182
-85
-54
127
269
475
771
1001
1071
881
598
355
175
135
-25
-51
-149
-191
-237
-301
-397
-467
-501
-492
-472
-405
-361
-300
-268
-263
-275
-265
-261
-220
-169
-77
-61
127
306
555
842
1030
994
758
489
269
133
54
-26
-108
-159
-214
-254
-315
-392
-468
-478
-476
-432
-364
-309
-257
-238
-245
-251
-231
-217
-167
-113
-59
104
180
418
691
963
1108
990
707
461
251
131
33
-22
-40
-145
-194
-242
-313
-395
-473
-490
-440
-382
-309
-265
-236
-209
-229
-221
-204
-181
-145
-59
-39
103
318
537
837
1039
1067
890
598
353
194
128
-1
-28
-125
-170
-225
-287
-381
-460
-492
-485
-457
-389
-325
-268
-241
-251
-259
-256
-242
-204
-145
-58
67
133
372
621
893
1045
969
730
467
241
130
26
-28
-126
-173
-206
-267
-348
-441
-482
-521
-491
-453
-389
-325
-278
-273
-268
-284
-275
-267
