-372
-335
-264
-163
-49
127
213
535
811
966
871
675
483
375
283
167
4
-153
-217
-218
-244
-273
-300
-307
-282
-279
-286
-331
-335
-325
-345
-333
-348
-327
-306
-240
-127
-29
109
283
564
863
967
906
690
509
385
311
186
20
-54
-190
-190
-213
-258
-291
-282
-288
-265
-268
-298
-305
-334
-325
-327
-342
-311
-289
-210
-133
-51
123
302
615
840
987
846
665
485
395
282
153
-21
-130
-204
-215
-229
-284
-287
-286
-257
-282
-318
-300
-332
-331
-346
-346
-358
-334
-323
-250
-156
-44
111
287
577
839
949
831
615
465
357
263
130
-17
-163
-206
-244
-257
-284
-300
-310
-317
-293
-317
-346
-352
-352
-351
-341
-350
-337
-321
-240
-74
-30
84
195
547
823
835
799
614
419
359
250
129
-18
-172
-214
-213
-225
-254
-305
-320
-267
-287
-294
-395
-330
-348
-343
-354
-354
-330
-300
-230
-126
-34
122
301
593
851
947
827
626
471
361
271
87
-6
-173
-191
-204
-214
-238
-294
-290
-271
-263
-285
-287
-309
-327
-332
-342
-317
-300
-290
-209
-121
-41
127
311
597
843
921
823
609
454
369
248
122
-27
-183
-209
-236
-229
-284
-327
-294
-300
-300
-307
-331
-330
-332
-359
-348
-357
-332
-307
-236
-123
-44
119
303
579
821
890
771
569
419
335
230
145
-47
-197
-246
-242
-259
-286
-346
-298
-305
-301
-332
-347
-353
-338
-337
-354
-350
-333
-314
-236
-138
-63
126
319
598
829
917
755
547
399
327
219
131
-46
-192
-227
-238
-219
-281
-305
-271
-270
-285
-285
-315
-326
-318
-317
-318
-330
-285
-289
-210
-108
-46
113
317
621
852
922
795
598
419
333
242
129
-6
-175
-197
-229
-226
-252
-278
-284
-252
-278
-285
-273
-284
-282
-295
-302
-301
-295
-285
-218
-138
-33
96
259
567
821
919
801
603
419
371
248
138
-33
-168
-190
-225
-238
-270
-286
-305
-282
-261
-270
-290
-313
-322
-302
-305
-330
-347
-294
-244
-166
-56
-26
131
497
755
885
810
595
419
365
267
141
-38
-181
-213
-218
-225
-269
-305
-300
-268
-270
-279
-300
-305
-330
-307
-311
-317
-332
-295
-269
-188
-95
-38
135
419
721
851
843
649
475
361
333
169
-11
-153
-197
-218
-221
-244
-281
-285
-265
-242
-264
-271
-287
-293
-283
-254
-277
-264
-248
-230
-172
-62
-61
96
361
675
847
847
725
518
399
343
177
89
-101
-172
-189
-197
-194
-256
-254
-252
-232
-236
-265
-250
-289
-261
-244
-268
-265
-267
-222
-161
-80
-34
116
308
587
787
906
734
551
419
353
257
219
-119
-183
-218
-202
-191
-273
-289
-266
-248
-236
-277
-282
-277
-277
-278
-236
-265
-277
-300
-207
-158
-44
-28
131
448
705
832
783
608
419
340
267
130
-22
-177
-207
-211
-203
-266
-287
-277
-254
-250
-263
-277
-283
-301
-277
-275
-285
-281
-284
-262
-198
-105
-40
116
351
618
795
795
657
487
355
283
160
121
-29
-219
-223
-139
-225
-267
-284
-258
-231
-254
-254
-273
-252
-266
-254
-279
-267
-254
-246
-185
-114
-55
89
254
555
795
853
739
564
410
319
240
130
-44
-173
-205
-204
-217
-254
-276
-236
-222
-233
-230
-246
-258
-236
-233
-238
-250
-250
-252
-189
-126
-44
83
120
467
724
833
775
597
419
347
248
147
-10
-184
-219
-218
-236
-250
-279
-281
-248
-231
-246
-280
-272
-267
-250
-263
-294
-281
-284
-238
-204
-115
-37
101
356
619
832
795
647
447
344
275
148
11
-154
-231
-235
-221
-268
-285
-313
-290
-262
-268
-283
-309
-286
-283
-285
-300
-295
-289
-270
-200
-126
-37
86
303
643
759
827
699
501
361
291
170
129
-47
-209
-238
-217
-240
-290
-298
-244
-226
-242
-246
-263
-267
-244
-262
-274
-285
-268
-231
-177
-118
-48
94
279
593
799
847
742
547
408
337
218
135
-29
-206
-206
-208
-220
-269
-283
-258
-217
-215
-231
-257
-252
-268
-238
-257
-269
-270
-244
-182
-108
-44
84
163
539
759
847
789
587
464
342
248
129
-39
-172
-238
-230
-223
-268
-302
-252
-240
-240
-240
-269
-289
-277
-273
-285
-298
-295
-268
-209
-143
-41
36
131
489
737
833
763
579
415
320
217
106
-41
-201
-254
-238
-236
-268
-299
-291
-254
-252
-268
-289
-297
-306
-283
-300
-304
-293
-287
-242
-140
-60
-28
134
495
675
852
769
596
419
308
242
123
-25
-217
-244
-233
-233
-250
-279
-267
-262
-232
-238
-268
-275
-268
-274
-263
-284
-281
-268
-210
-122
-47
98
127
514
749
863
791
595
419
339
248
113
-14
-165
-238
-215
-213
-254
-269
-250
-248
-217
-240
-262
-235
-268
-250
-254
-252
-250
-221
-198
-103
-34
85
115
500
755
882
771
598
415
325
235
148
-31
-206
-231
-225
-220
-236
-286
-270
-246
-250
-248
-263
-285
-257
-284
-269
-285
-293
-269
-231
-147
-57
-15
116
497
745
843
750
566
395
313
211
135
-34
-209
-261
-252
-227
-238
-281
-281
-231
-240
-268
-269
-295
-269
-290
-297
-304
-286
-277
-226
-158
-44
-12
117
481
739
835
747
561
387
313
218
118
-43
-205
-246
-155
-204
-290
-281
-269
-236
-217
-252
-295
-246
-254
-256
-254
-278
-273
-263
-216
-141
-54
-15
136
468
727
852
805
619
419
327
250
146
-26
-182
-224
-204
-204
-231
-267
-252
-224
-236
-231
-246
-221
-250
-233
-250
-252
-252
-257
-240
-162
-35
-25
131
411
687
853
839
661
475
361
276
162
-2
-169
-244
-236
-220
-229
-268
-254
-242
-204
-223
-244
-238
-252
-265
-244
-272
-293
-261
-230
-181
-98
-39
115
329
628
809
827
675
491
340
276
155
35
-164
-238
-252
-221
-236
-273
-282
-246
-248
-246
-268
-285
-284
-293
-289
-295
-300
-269
-236
-193
-134
-47
99
263
577
803
831
768
563
359
281
192
115
-55
-250
-244
-240
-238
-310
-289
-258
-197
-218
-217
-268
-267
-254
-277
-271
-273
-268
-256
-194
-106
-34
126
307
607
820
879
756
553
399
305
219
143
-42
-203
-235
-210
-246
-270
-316
-248
-217
-213
-233
-236
-257
-252
-266
-266
-279
-263
-260
-177
-85
-46
116
311
627
837
884
777
550
419
335
211
139
-57
-203
-221
-226
-206
-252
-282
-258
-235
-221
-227
-258
-238
-290
-283
-345
-277
-281
-270
-201
-127
-44
90
254
563
815
867
741
627
337
309
212
149
-50
-236
-246
-244
-258
-265
-355
-286
-221
-226
-252
-289
-279
-288
-293
-326
-332
-305
-288
-233
-142
-41
82
179
553
778
867
734
545
391
305
198
138
-49
-236
-259
-244
-235
-281
-313
-268
-230
-225
-232
-263
-252
-279
-271
-283
-289
-283
-268
-236
-139
-44
89
244
539
793
879
771
579
419
337
231
134
-28
-210
-221
-225
-213
-265
-278
-263
-215
-222
-222
-230
-261
-258
-257
-256
-274
-268
-248
-177
-131
-44
99
219
545
785
906
799
611
419
343
242
122
-17
-203
-252
-204
-236
-269
-287
-279
-229
-210
-240
-266
-313
-287
-269
-292
-297
-289
-288
-198
-135
-67
66
139
533
783
867
773
575
402
315
202
149
-57
-225
-267
-240
-263
-287
-327
-284
-266
-236
-265
-278
-297
-269
-290
-306
-327
-311
-290
-238
-140
-45
70
130
537
777
853
739
545
399
317
196
110
-38
-210
-252
-268
-257
-286
-297
-300
-230
-244
-246
-254
-267
-282
-272
-306
-285
-317
-268
-217
-121
-44
99
269
571
790
895
771
564
419
313
226
143
-41
-191
-236
-233
-236
-269
-275
-261
-244
-219
-238
-244
-206
-242
-254
-263
-276
-277
-250
-189
-93
-23
171
370
583
819
930
778
589
419
336
231
127
-26
-209
-215
-230
-236
-273
-273
-252
-234
-219
-232
-261
-278
-266
-288
-300
-311
-298
-283
-204
-125
-50
89
259
567
788
879
747
541
408
311
259
227
5
-221
-250
-250
-262
-296
-301
-287
-244
-238
-261
-285
-285
-285
-305
-297
-312
-306
-301
-225
-149
-33
81
290
591
803
851
729
637
419
287
183
121
-51
-215
-301
-248
-264
-295
-306
-268
-233
-234
-250
-269
-284
-268
-271
-282
-300
-268
-298
-152
-30
-44
128
372
660
868
867
731
518
372
288
215
127
-42
-222
-213
-223
-236
-268
-281
-242
-227
-231
-233
-254
-257
-257
-273
-286
-289
-238
-171
-94
-133
-85
117
403
692
873
871
695
523
375
297
170
39
-129
-223
-222
-234
-248
-286
-281
-234
-210
-220
-248
-254
-268
-280
-286
-296
-289
-299
-259
-185
-83
-33
135
475
711
882
816
631
452
334
244
111
-31
-207
-257
-246
-259
-272
-307
-289
-272
-246
-315
-331
-294
-278
-285
-313
-318
-318
-283
-246
-171
-81
-54
137
479
739
873
767
564
419
308
227
147
-33
-213
-281
-242
-263
-279
-298
-295
-252
-221
-254
-270
-271
-268
-265
-271
-298
-290
-279
-240
-155
-54
78
131
543
779
879
785
571
401
330
212
133
-41
-211
-238
-240
-227
-268
-283
-240
-221
-205
-230
-265
-236
-269
-262
-268
-283
-282
-267
-186
-98
-35
123
327
611
827
870
756
547
390
311
195
126
-37
-223
-222
-215
-246
-261
-332
-254
-250
-177
-240
-268
-261
-313
-332
-267
-214
-234
-209
-197
-93
-41
211
359
619
714
827
679
471
365
263
159
7
-167
-238
-254
-248
-242
-286
-293
-270
-171
-244
-269
-274
-250
-269
-280
-290
-287
-299
-262
-205
-97
-57
107
370
657
831
803
631
454
309
233
129
-11
-198
-257
-238
-233
-250
-301
-293
-268
-231
-244
-242
-259
-285
-258
-285
-289
-298
-279
-236
-150
-50
-28
131
497
721
849
783
611
419
331
240
130
-37
-198
-227
-235
-230
-246
-277
-259
-218
-220
-256
-252
-248
-258
-252
-274
-268
-271
-236
-149
-127
-44
118
291
699
811
869
727
625
327
267
275
129
-66
-220
-229
-211
-222
-244
-282
-264
-223
-229
-240
-242
-265
-235
-250
-252
-268
-272
-240
-172
-107
-44
116
372
635
816
820
667
463
353
244
133
-7
-170
-233
-252
-244
-261
-288
-283
-267
-238
-254
-259
-259
-286
-284
-289
-305
-300
-294
-257
-173
-79
-33
146
459
693
835
759
574
419
299
207
137
-28
-220
-262
-252
-248
-280
-318
-281
-268
-234
-278
-273
-293
-279
-290
-283
-304
-282
-268
-210
-126
-50
105
291
567
718
913
639
647
398
277
185
117
-47
-268
-181
-165
-215
-274
-279
-258
-233
-235
-236
-252
-256
-250
-264
-254
-266
-259
-250
-177
-83
-57
119
375
655
841
851
699
491
372
276
147
29
-123
-230
-226
-218
-252
-235
-274
-254
-216
-233
-246
-266
-252
-279
-252
-261
-268
-257
-296
-172
-60
-37
119
404
690
809
781
627
419
315
229
133
-38
-205
-265
-244
-236
-271
-300
-279
-269
-250
-257
-261
-279
-287
-287
-355
-306
-285
-268
-321
-141
-54
46
115
523
741
823
707
523
362
275
242
104
-45
-250
-353
-174
-274
-305
-267
-332
-179
-267
-252
-284
-266
-301
-258
-314
-299
-299
-274
-209
-107
-44
111
307
596
803
819
699
495
340
271
158
95
-50
-227
-246
-244
-250
-273
-285
-269
-246
-236
-268
-268
-269
-268
-284
-268
-278
-287
-236
