-108
-105
-103
-110
-108
-110
-121
-122
-114
-112
-108
-116
-110
-116
-118
-116
-131
-130
-116
-122
-118
-110
-106
-112
-108
-101
-108
-97
-106
-101
-85
-76
-86
-76
-64
-76
-75
-61
-47
-46
-39
-47
-45
-31
-39
-37
-42
-21
-19
-15
1
1
3
10
19
17
31
20
38
37
52
59
58
73
81
71
74
82
89
80
91
91
108
103
106
110
95
98
101
101
101
102
108
106
106
106
99
97
110
100
110
90
86
84
84
69
87
75
69
84
62
61
55
51
54
45
47
41
35
30
20
17
26
4
6
10
-5
-12
1
-15
-18
-19
-29
-29
-44
-42
-43
-49
-65
-64
-79
-82
-93
-82
-102
-82
-114
-101
-99
-118
-116
-118
-110
-110
-114
-116
-112
-122
-121
-108
-122
-114
-114
-116
-114
-108
-112
-104
-105
-108
-93
-99
-82
-76
-74
-75
-76
-63
-76
-59
-65
-46
-50
-55
-44
-40
-39
-31
-33
-17
-16
-10
-5
-6
1
-1
16
20
27
33
35
43
43
38
58
67
57
74
77
84
98
91
93
103
99
99
112
112
110
106
103
110
99
104
106
112
118
112
105
110
110
116
99
101
97
87
101
95
90
100
78
84
65
65
69
62
53
52
52
51
39
42
41
35
24
19
20
21
5
5
3
-5
-9
-12
-27
-25
-22
-40
-42
-50
-44
-65
-64
-71
-82
-73
-77
-77
-98
-95
-83
-106
-103
-108
-103
-108
-108
-103
-108
-108
-116
-108
-108
-129
-101
-118
-112
-110
-103
-106
-110
-106
-100
-77
-85
-93
-79
-81
-76
-64
-70
-61
-57
-55
-45
-49
-48
-44
-42
-40
-35
-43
-27
-10
-13
-12
0
17
14
21
23
25
33
35
52
49
52
68
66
77
78
81
89
71
89
95
103
105
114
116
123
118
114
116
105
105
114
106
118
123
128
127
123
123
112
114
99
100
99
99
100
90
94
84
88
94
81
75
74
81
67
59
54
50
47
37
36
37
36
19
21
19
9
3
2
-1
-9
-15
-21
-23
-27
-13
-37
-29
-39
-43
-74
-64
-73
-75
-69
-93
-94
-83
-97
-93
-108
-104
-104
-95
-101
-108
-110
-101
-108
-108
-114
-110
-110
-108
-102
-105
-103
-93
-102
-85
-93
-85
-102
-79
-77
-76
-75
-67
-59
-61
-53
-48
-45
-50
-34
-32
-43
-33
-30
-22
-14
-9
-10
9
5
15
19
20
21
37
45
47
47
62
62
65
69
83
87
87
97
97
95
108
106
114
120
116
116
112
114
118
114
116
123
124
114
123
114
118
118
116
106
110
112
106
110
110
114
96
95
88
99
85
79
67
80
73
57
66
63
52
50
37
39
33
23
22
13
20
19
3
-3
-7
-12
-9
-18
-28
-28
-29
-35
-35
-33
-61
-61
-66
-78
-73
-82
-93
-95
-106
-108
-102
-106
-105
-108
-101
-108
-102
-97
-103
-110
-110
-104
-118
-108
-106
-101
-103
-99
-93
-96
-99
-93
-86
-78
-75
-76
-65
-61
-64
-58
-53
-53
-53
-44
-29
-37
-37
-37
-29
-22
-13
-12
-7
7
17
6
20
22
27
27
41
45
46
61
62
74
79
79
89
84
91
98
100
103
106
116
110
121
116
114
112
123
110
114
116
114
116
114
132
118
116
116
114
114
114
105
101
99
103
106
91
86
88
85
85
81
71
73
66
55
59
50
52
47
35
37
31
25
20
20
15
11
-6
3
-7
-7
-13
-14
-26
-27
-35
-38
-41
-44
-61
-62
-74
-77
-93
-81
-81
-94
-93
-108
-97
-108
-106
-98
-101
-105
-101
-99
-116
-106
-102
-104
-106
-93
-98
-108
-93
-106
-93
-85
-74
-83
-81
-85
-77
-65
-71
-61
-73
-51
-44
-44
-41
-35
-41
-44
-29
-30
-27
-29
3
-5
1
5
10
5
17
26
23
27
43
39
52
59
62
69
87
86
81
85
98
102
110
103
112
112
116
116
125
114
121
116
116
118
129
116
125
116
127
123
116
123
110
116
114
106
108
118
106
97
95
85
90
87
80
79
79
63
67
67
57
52
52
37
38
35
23
23
20
21
14
6
4
-10
-11
-14
-27
-12
-31
-31
-42
-44
-44
-49
-58
-74
-74
-76
-76
-94
-81
-93
-105
-101
-110
-99
-102
-99
-94
-106
-97
-98
-108
-97
-103
-114
-108
-106
-106
-99
-94
-108
-98
-76
-82
-93
-75
-72
-72
-81
-61
-51
-50
-53
-47
-48
-39
-25
-41
-42
-53
-33
-10
-7
-10
-7
-3
-1
10
20
20
33
36
35
46
59
52
67
66
75
83
72
91
95
106
101
101
99
116
116
114
123
118
122
116
112
116
114
116
118
127
121
116
125
122
116
116
122
103
100
99
94
108
101
99
101
85
77
79
79
73
64
69
63
51
57
49
38
45
50
35
26
19
15
6
11
1
-1
-15
-21
-16
-34
-26
-39
-45
-44
-43
-53
-61
-66
-64
-78
-83
-82
-93
-93
-98
-106
-104
-95
-108
-108
-101
-95
-98
-101
-108
-102
-98
-93
-101
-99
-93
-93
-101
-81
-83
-77
-93
-71
-65
-61
-68
-61
-63
-57
-49
-50
-41
-34
-37
-37
-44
-34
-35
-13
-5
-1
-1
7
8
7
22
24
35
27
26
50
55
63
63
71
78
98
78
91
95
110
106
106
106
110
123
116
121
118
114
120
123
114
126
116
118
135
121
127
129
123
118
116
116
123
116
116
112
91
103
90
106
91
91
80
85
69
67
67
67
58
58
52
49
38
43
22
29
13
19
11
1
14
-9
-5
3
-7
-14
-28
-37
-43
-40
-35
-38
-75
-59
-62
-71
-75
-76
-85
-93
-93
-98
-95
-99
-97
-101
-93
-83
-85
-101
-108
-98
-97
-105
-95
-101
-98
-79
-101
-85
-97
-78
-93
-79
-74
-69
-70
-61
-59
-57
-54
-47
-34
-37
-29
-31
-39
-33
-27
-23
-6
-2
1
3
2
15
19
21
30
35
43
49
58
61
59
67
69
81
78
85
94
95
101
98
106
102
112
116
123
131
112
112
116
122
116
123
125
114
116
122
122
125
118
114
106
106
112
99
106
106
101
93
84
89
84
85
84
76
72
59
63
62
51
49
63
48
36
27
27
25
31
13
17
-2
-1
-19
-12
-19
-23
-28
-41
-35
-41
-46
-54
-57
-76
-74
-71
-77
-81
-87
-95
-93
-97
-103
-112
-101
-97
-97
-105
-98
-106
-103
-102
-101
-108
-108
-97
-101
-102
-98
-94
-86
-97
-98
-80
-76
-83
-71
-65
-57
-65
-63
-70
-46
-55
-44
-44
-47
-43
-43
-30
-11
-21
-10
1
-5
13
3
7
21
27
33
34
47
49
53
54
57
73
83
79
74
83
99
97
87
93
97
103
114
114
112
112
110
106
110
114
110
110
114
116
116
105
110
110
110
106
99
105
100
101
103
85
89
87
77
69
79
74
67
67
59
52
52
41
41
33
30
34
19
14
21
15
15
-5
8
-11
-11
-12
-33
-33
-39
-39
-31
-37
-71
-67
-65
-81
-73
-79
-85
-98
-97
-106
-106
-105
-114
-114
-102
-97
-103
-105
-105
-101
-106
-112
-118
-105
-114
-103
-108
-108
-103
-106
-94
-85
-93
-75
-82
-78
-75
-86
-62
-69
-66
-65
-69
-49
-49
-43
-33
-39
-31
-39
-38
-28
-13
-12
-9
0
7
13
20
18
19
26
39
43
43
52
65
61
71
79
78
79
87
87
95
97
93
95
103
112
110
100
106
95
94
105
110
105
97
110
110
105
102
99
91
99
100
97
93
87
83
75
84
78
62
63
68
67
57
52
47
43
48
36
25
25
23
9
20
7
7
-1
3
-11
-24
-28
-15
-26
-37
-42
-42
-47
-56
-65
-73
-77
-85
-85
-97
-98
-110
-108
-93
-116
-106
-110
-123
-124
-106
-116
-114
-118
-114
-125
-125
-112
-116
-118
-121
-114
-112
-106
-110
-108
-98
-108
-106
-105
-96
-85
-94
-76
-79
-76
-74
-57
-57
-63
-51
-59
-38
-45
-44
-30
-42
-38
-30
-24
-17
-9
0
3
8
18
9
25
39
37
43
37
52
56
68
73
73
71
74
73
97
87
94
87
105
99
93
87
91
100
99
85
101
102
106
97
99
97
84
89
86
93
85
84
83
83
68
73
63
67
53
58
53
50
43
51
37
31
26
20
20
19
20
6
3
-7
-5
-17
-9
-26
-25
-30
-37
-44
-40
-40
-65
-70
-76
-79
-81
-94
-93
-103
-105
-106
-116
-114
-126
-112
-130
-127
-118
-114
-125
-112
-127
-118
-114
-130
-127
-134
-123
-129
-125
-124
-108
-118
-112
-110
-108
-108
-106
-108
-108
-101
-98
-76
-76
-79
-69
-65
-61
-63
-57
-51
-50
-43
-43
-34
-30
-37
-30
-29
-12
-5
-6
4
-5
3
15
33
27
34
54
53
63
57
62
66
74
78
84
83
84
89
95
99
102
94
90
103
91
99
86
101
95
100
93
97
85
97
87
84
91
85
86
84
84
75
78
67
65
59
57
55
56
42
46
49
36
26
37
25
11
19
3
3
2
-2
-11
-11
-18
-17
-17
-34
-39
-41
-29
-65
-61
-71
-73
-76
-85
-102
-100
-108
-102
-114
-118
-124
-123
-118
-127
-137
-125
-108
-129
-125
-122
-118
-123
-121
-125
-133
-123
-129
-118
-121
-118
-112
-105
-126
-102
-99
-95
-101
-83
-82
-94
-76
-74
-75
-66
-61
-57
-57
-44
-44
-33
-23
-38
-41
-41
-15
-14
-9
-9
2
6
10
23
20
25
41
35
42
50
63
67
67
77
96
89
85
94
97
95
100
99
110
99
98
102
101
100
106
101
99
100
112
106
102
90
105
101
110
89
98
89
83
83
83
79
84
66
63
58
69
51
52
49
43
42
39
23
25
33
11
9
7
-2
-2
-11
-6
-15
-26
-31
-33
-31
-41
-31
-58
-70
-61
-73
-77
-78
-97
-93
-102
-105
-114
-114
-112
-112
-121
-127
-121
-118
-114
-112
-125
-118
-126
-121
-112
-116
-108
-127
-108
-125
-101
-108
-108
-110
-121
-101
-97
-93
-85
-82
-77
-70
-85
-61
-72
-56
-50
-50
-59
-43
-35
-37
-37
-34
-10
-13
-16
-14
-1
3
17
13
14
24
33
40
43
49
61
66
71
82
83
88
86
95
89
99
97
99
110
106
112
101
101
106
99
101
102
110
105
110
112
99
99
106
106
83
98
87
97
89
86
85
86
83
70
74
70
59
57
55
65
46
32
45
33
31
35
14
23
7
-1
-1
-9
-6
-17
-10
-25
-28
-26
-38
-41
-44
-44
-65
-76
-66
-77
-79
-98
-103
-101
-108
-112
-112
-110
-110
-114
-110
-112
-108
-116
-114
-108
-116
-112
-118
-112
-118
-114
-121
-108
-110
-106
-108
-106
-103
-101
-82
-93
-86
-83
-76
-75
-62
-46
-65
-49
-59
-50
-37
-37
-39
-37
-39
-28
-31
