52
130
310
385
419
407
307
202
135
-28
-127
-140
-102
-67
-14
-43
-28
-65
-117
-172
-177
-156
-133
-109
-63
-51
-43
-73
-126
-141
-172
-159
-114
-53
-33
119
245
360
419
405
347
227
141
-21
-45
-140
-117
-82
-42
-33
-47
-55
-108
-153
-161
-161
-139
-121
-81
-44
-54
-58
-76
-129
-165
-145
-142
-69
-44
90
131
334
411
419
395
305
178
127
-28
-113
-126
-93
-60
-39
-26
-22
-48
-121
-127
-157
-140
-133
-80
-44
-37
-44
-55
-109
-133
-162
-130
-101
-31
-13
127
273
383
450
419
375
260
146
2
-34
-108
-101
-73
-51
-47
-28
-25
-17
-115
-137
-159
-125
-95
-70
-44
-30
-44
-102
-121
-156
-171
-131
-79
-33
71
133
325
397
419
382
299
180
127
-31
-139
-142
-117
-76
-29
-41
-45
-66
-132
-147
-162
-156
-130
-109
-69
-61
-62
-85
-123
-150
-183
-171
-135
-58
-37
116
241
360
410
419
351
237
135
-5
-28
-135
-129
-101
-62
-43
-45
-53
-108
-137
-154
-157
-142
-99
-70
-51
-33
-45
-76
-134
-167
-155
-117
-94
-37
69
139
308
418
446
419
309
208
135
-22
-126
-125
-101
-71
-44
-34
-32
-44
-122
-137
-153
-142
-99
-76
-45
-34
-43
-58
-102
-140
-158
-135
-103
-37
-45
116
227
359
419
468
404
290
179
119
-31
-125
-117
-93
-49
-33
-28
-44
-41
-122
-153
-160
-127
-108
-76
-37
-47
-52
-93
-110
-182
-171
-159
-103
-44
-37
143
285
387
450
419
345
227
143
-22
-124
-142
-129
-95
-50
-42
-45
-60
-126
-151
-183
-158
-143
-113
-79
-58
-58
-79
-108
-150
-172
-181
-139
-81
-27
71
137
314
407
445
391
287
179
133
-29
-137
-130
-114
-77
-46
-29
-46
-82
-117
-159
-172
-141
-103
-76
-46
-43
-29
-86
-134
-146
-147
-150
-113
-54
-43
125
255
367
419
455
370
266
147
15
-34
-141
-111
-69
-44
-39
-55
-42
-93
-140
-153
-157
-124
-87
-55
-44
-44
-48
-82
-146
-133
-156
-133
-71
-45
73
130
340
419
468
453
340
207
144
-28
-126
-117
-113
-65
-45
-26
-35
-35
-114
-157
-172
-156
-108
-81
-47
-30
-44
-76
-125
-154
-172
-154
-133
-70
-23
87
134
355
414
450
397
281
155
27
-28
-153
-140
-94
-61
-43
-39
-70
-81
-133
-184
-185
-150
-129
-79
-63
-28
-51
-96
-150
-179
-177
-169
-117
-69
-33
127
279
375
419
419
357
257
127
-21
-44
-145
-107
-76
-44
-29
-45
-34
-83
-142
-167
-140
-135
-81
-57
-40
-44
-31
-105
-159
-175
-166
-148
-94
-41
58
146
299
387
455
419
339
218
131
-22
-113
-129
-108
-53
-38
-33
-33
-34
-109
-143
-159
-125
-113
-62
-42
-44
-46
-43
-102
-145
-159
-154
-108
-73
-58
132
259
363
463
468
403
277
162
43
-44
-141
-138
-94
-61
-22
-44
-42
-78
-136
-157
-173
-155
-108
-67
-46
-38
-44
-94
-140
-171
-183
-140
-99
-58
-31
125
278
371
447
419
345
226
135
-28
-135
-145
-121
-93
-57
-49
-37
-61
-125
-178
-172
-167
-136
-103
-67
-76
-53
-81
-117
-161
-183
-170
-143
-81
-29
49
125
315
397
459
413
323
195
148
-30
-139
-137
-117
-55
-44
-43
-31
-51
-126
-165
-162
-148
-108
-75
-27
-27
-37
-57
-129
-179
-175
-158
-110
-44
-19
101
130
343
419
467
394
297
159
134
-43
-134
-117
-76
-42
-28
-35
-37
-44
-124
-159
-144
-130
-95
-55
-44
-33
-38
-81
-125
-148
-172
-145
-105
-33
-23
139
275
375
451
457
363
248
137
-11
-44
-121
-117
-75
-62
-44
-38
-45
-117
-153
-169
-171
-139
-107
-58
-46
-44
-45
-105
-156
-178
-182
-150
-109
-26
-22
127
289
375
419
419
333
213
143
-25
-130
-140
-122
-72
-57
-47
-49
-78
-131
-151
-175
-155
-138
-86
-61
-50
-33
-76
-122
-172
-177
-166
-123
-74
-43
71
131
340
406
446
397
310
166
129
-29
-123
-117
-80
-70
-45
-44
-35
-74
-139
-168
-172
-157
-108
-53
-43
-44
-30
-79
-139
-165
-177
-150
-97
-44
-41
135
267
366
419
468
375
283
148
14
-32
-122
-115
-74
-41
-34
-26
-30
-27
-117
-156
-138
-128
-78
-44
-26
-41
-27
-76
-148
-170
-160
-133
-83
-31
38
129
303
395
446
418
339
212
123
-11
-123
-133
-117
-93
-46
-32
-33
-75
-114
-154
-183
-159
-128
-76
-34
-27
-42
-77
-140
-174
-185
-173
-140
-95
-42
62
135
309
404
419
399
308
179
141
-38
-145
-137
-129
-85
-47
-44
-58
-101
-143
-172
-171
-153
-121
-80
-42
-29
-34
-79
-142
-177
-181
-145
-117
-69
-47
95
138
340
408
419
378
276
161
81
-43
-137
-107
-96
-66
-28
-37
-44
-93
-122
-160
-148
-140
-79
-49
-37
-25
-37
-71
-153
-161
-171
-144
-76
-40
-22
134
262
374
419
449
379
261
152
-7
-45
-119
-113
-65
-49
-13
-33
-35
-42
-131
-153
-161
-121
-74
-38
-34
-61
-37
-34
-141
-175
-168
-148
-101
-48
-29
130
287
373
419
415
340
213
134
-28
-98
-140
-120
-83
-41
-27
-49
-61
-117
-156
-173
-173
-131
-93
-44
-39
-44
-78
-126
-158
-174
-173
-125
-97
-45
47
138
306
393
419
393
287
180
127
-44
-154
-147
-125
-71
-44
-34
-58
-71
-129
-157
-176
-157
-129
-76
-45
-41
-28
-29
-113
-163
-170
-163
-113
-93
-25
84
131
297
373
415
391
299
185
139
-25
-112
-114
-97
-57
-28
-31
-28
-70
-117
-145
-161
-150
-97
-51
-29
-41
-26
-70
-129
-146
-170
-126
-105
-50
-23
103
235
368
419
419
402
287
164
117
-41
-139
-111
-77
-39
-51
-45
-29
-45
-133
-159
-153
-145
-105
-47
-42
-38
-58
-71
-133
-171
-174
-150
-123
-58
-37
107
244
337
409
419
363
251
133
3
-42
-145
-123
-108
-46
-41
-51
-65
-107
-154
-174
-179
-151
-105
-53
-34
-41
-64
-125
-158
-159
-200
-160
-110
-44
-28
100
271
339
410
417
339
229
148
-21
-79
-134
-125
-83
-58
-45
-41
-66
-107
-145
-173
-141
-136
-94
-57
-25
-44
-41
-108
-140
-175
-163
-138
-78
-39
39
138
285
369
419
407
338
226
135
-19
-107
-133
-109
-74
-38
-44
-39
-28
-95
-125
-169
-141
-121
-73
-37
-33
-25
-37
-97
-161
-174
-133
-112
-61
-37
82
143
318
403
449
411
323
217
145
-15
-125
-127
-101
-44
-34
-31
-18
-42
-111
-162
-172
-140
-115
-78
-41
-29
-29
-71
-127
-159
-181
-156
-127
-65
-30
78
133
297
377
419
375
292
181
132
-37
-130
-134
-107
-74
-44
-41
-45
-93
-131
-165
-186
-161
-133
-86
-44
-42
-58
-95
-139
-186
-190
-172
-147
-81
-37
82
131
307
393
419
375
287
183
135
-29
-127
-135
-99
-65
-55
-44
-33
-78
-139
-165
-167
-146
-104
-64
-44
-33
-43
-38
-122
-167
-175
-154
-106
-49
-31
104
145
339
393
457
399
303
180
138
-31
-148
-123
-86
-45
-21
-28
-31
-45
-125
-156
-151
-126
-86
-44
-39
-29
-14
-28
-111
-140
-165
-135
-113
-42
-31
129
176
350
401
419
395
293
148
129
-42
-141
-124
-102
-44
-28
-44
-40
-77
-143
-172
-161
-137
-103
-55
-37
-29
-30
-33
-133
-165
-183
-155
-137
-69
-26
96
147
308
386
416
384
275
161
71
-42
-148
-134
-117
-74
-47
-49
-53
-101
-143
-172
-161
-140
-123
-73
-69
-53
-44
-86
-133
-161
-172
-161
-137
-67
-23
63
133
303
372
419
389
273
177
139
-35
-129
-123
-105
-44
-42
-47
-43
-26
-106
-140
-161
-139
-95
-73
-44
-26
-39
-30
-109
-144
-161
-158
-134
-66
-29
80
131
289
367
415
389
305
187
129
-33
-104
-113
-81
-57
-55
-45
-29
-45
-85
-134
-152
-145
-110
-61
-47
-39
-12
-38
-50
-127
-159
-162
-117
-78
-49
58
123
295
369
413
383
310
197
132
-22
-114
-121
-109
-79
-34
-31
-42
-55
-121
-165
-175
-165
-140
-97
-49
-25
-34
-38
-117
-157
-178
-186
-145
-82
-45
-17
122
262
340
386
387
299
191
137
-28
-117
-140
-113
-65
-44
-37
-38
-62
-126
-167
-172
-172
-121
-81
-54
-28
-25
-44
-108
-137
-169
-157
-139
-93
-25
-18
119
248
352
403
402
347
215
143
-13
-35
-117
-113
-57
-38
-32
-29
-42
-62
-139
-157
-131
-117
-75
-27
-41
-37
-12
-43
-129
-162
-151
-140
-70
-44
-21
122
241
334
405
418
355
254
142
31
-32
-113
-108
-71
-39
-39
-28
-10
-21
-117
-140
-129
-110
-74
-34
-33
-11
-37
-38
-109
-150
-156
-125
-81
-41
-23
133
277
347
419
404
327
226
135
-12
-41
-131
-121
-77
-22
-43
-33
-31
-82
-138
-162
-159
-139
-93
-42
-27
-34
-38
-55
-122
-159
-159
-148
-97
-43
-28
109
214
329
387
399
331
225
130
-7
-44
-120
-109
-80
-44
-44
-45
-40
-93
-135
-162
-153
-115
-95
-49
-31
-28
-25
-23
-122
-158
-156
-126
-79
-29
1
107
271
347
415
419
353
245
129
8
-42
-126
-111
-58
-37
-28
-21
-25
-42
-135
-151
-143
-109
-77
-44
-37
-37
-22
-26
-121
-147
-140
-110
-71
-58
41
121
247
339
406
419
352
262
146
13
-38
-95
-94
-61
-28
-27
-14
-14
-29
-139
-150
-142
-117
-79
-45
-41
-43
-31
-42
-117
-146
-170
-133
-77
-45
-23
143
265
347
379
391
309
201
134
-17
-38
-137
-111
-63
-39
-41
-31
-45
-95
-151
-177
-155
-141
-93
-55
-21
-31
-45
-94
-129
-173
-171
-130
-99
-44
-12
131
244
333
387
379
309
212
143
-3
-21
-134
-102
-51
-54
-46
-28
-43
-97
-140
-159
-146
-112
-86
-44
-32
-31
-30
-29
-133
-146
-155
-113
-86
-29
25
135
277
352
403
403
323
232
145
-14
-29
-113
-101
-61
-33
-33
-31
-24
-34
-142
-140
-134
-108
-61
-44
-45
-11
-13
-44
-117
-123
-127
-108
-43
-30
55
120
251
357
411
394
334
229
135
19
-45
-115
-79
-61
-47
-38
-28
-41
-43
-135
-158
-143
-105
-65
-42
-40
-35
-33
-42
-133
-145
-153
-142
-83
-42
2
129
259
331
387
393
308
211
147
-12
-37
-123
-113
-66
-44
-44
-42
-54
-111
-146
-158
-151
-131
-93
-51
-33
-39
-50
-97
-134
-156
-158
-125
-81
-40
-14
116
246
337
387
372
306
203
131
-13
-27
-141
-111
-63
-45
-35
-29
-37
-82
-140
-140
-134
-109
-79
-39
-33
1
-19
-45
-125
-143
-136
-109
-64
-30
36
127
275
340
391
393
311
215
131
-11
-26
-114
-87
-45
-45
-41
-44
-28
-30
-123
-139
-135
-95
-61
-34
-21
3
2
-37
-93
-129
-141
-97
-63
-41
58
135
274
366
399
387
327
228
147
7
-50
-117
-98
-63
-35
-28
-40
-38
-95
-140
-166
-144
-117
-66
-34
-30
-29
-37
-44
-129
-147
-162
-129
-82
-42
-28
109
155
311
359
372
327
223
143
-8
-33
-129
-112
-85
-49
-38
-44
-58
-109
-140
-165
-165
-130
-95
-50
-34
-29
-15
-101
