-171
-169
-122
-65
-38
132
319
415
467
419
343
238
130
-11
-101
-147
-138
-138
-122
-108
-113
-114
-117
-109
-82
-46
-38
-12
23
10
-29
-41
-161
-203
-173
-155
-105
-31
122
271
375
419
419
343
259
145
-14
-33
-155
-162
-157
-139
-120
-110
-114
-134
-121
-107
-75
-37
-32
-13
-12
-17
-43
-149
-204
-178
-158
-117
-13
109
244
357
450
419
357
289
149
0
-27
-133
-157
-150
-133
-119
-103
-108
-125
-119
-97
-63
-38
-31
23
16
-21
-42
-131
-169
-204
-161
-113
-42
86
158
349
451
465
407
309
193
131
-39
-119
-141
-125
-137
-113
-108
-98
-105
-107
-107
-67
-33
-26
34
3
5
-28
-108
-153
-181
-167
-125
-55
-27
138
311
411
463
419
351
238
130
-12
-93
-134
-145
-143
-124
-108
-67
-108
-109
-97
-71
-55
-28
-12
20
11
-37
-40
-165
-189
-175
-157
-102
-37
130
258
369
419
419
357
276
133
-12
-41
-137
-146
-161
-147
-130
-112
-119
-140
-140
-108
-76
-45
-33
11
2
-2
-51
-156
-193
-191
-172
-125
-40
109
249
352
419
419
375
289
163
13
-28
-137
-151
-153
-137
-108
-107
-109
-118
-113
-105
-76
-28
-35
30
22
-6
-33
-123
-173
-173
-166
-125
-54
-7
132
320
419
447
419
335
243
131
-21
-97
-135
-140
-144
-117
-102
-79
-79
-108
-97
-61
-30
-39
22
31
19
-12
-47
-154
-172
-170
-138
-66
-29
135
318
413
483
419
347
269
130
-12
-137
-140
-149
-140
-127
-101
-85
-106
-125
-107
-79
-41
-45
-28
21
21
-13
-38
-133
-187
-189
-156
-113
-45
99
223
341
415
419
398
273
164
20
-45
-137
-141
-155
-153
-126
-113
-119
-119
-140
-111
-65
-39
-32
15
5
-29
-38
-145
-203
-209
-172
-123
-53
-13
136
334
419
451
395
308
206
137
-31
-127
-140
-155
-140
-134
-105
-108
-108
-108
-97
-59
-29
-39
6
25
0
-28
-37
-149
-175
-169
-139
-69
-39
135
303
410
451
419
356
247
141
-23
-32
-133
-145
-140
-114
-93
-78
-95
-108
-108
-82
-38
-37
7
31
27
-9
-18
-129
-172
-176
-140
-93
-47
99
244
346
419
419
383
278
180
123
-35
-126
-137
-142
-123
-118
-102
-105
-108
-109
-95
-75
-46
-44
3
15
13
-29
-125
-174
-191
-171
-119
-62
-13
135
308
405
457
393
321
201
131
-41
-140
-162
-147
-146
-133
-107
-99
-122
-127
-118
-98
-63
-33
-33
25
0
-17
-40
-158
-195
-177
-165
-117
-21
122
237
334
404
419
358
277
148
3
-38
-145
-134
-137
-131
-121
-106
-102
-126
-121
-112
-62
-45
-27
20
18
-9
-43
-127
-168
-177
-147
-115
-44
31
137
337
404
419
401
323
207
129
-29
-114
-128
-135
-125
-108
-79
-75
-99
-108
-105
-70
-28
-44
24
31
20
-28
-39
-159
-172
-165
-126
-76
-42
119
282
379
419
417
355
252
138
-23
-27
-140
-140
-127
-126
-129
-96
-108
-99
-119
-102
-66
-24
-49
17
15
-21
-45
-123
-187
-173
-151
-114
-49
97
148
339
402
411
361
265
155
21
-29
-135
-155
-161
-146
-140
-105
-110
-134
-127
-110
-84
-45
-49
-37
-5
-7
-38
-114
-178
-197
-162
-133
-65
-34
118
311
372
419
377
314
196
138
-30
-117
-152
-142
-142
-133
-103
-81
-103
-109
-108
-83
-45
-41
-17
11
-13
-15
-44
-140
-161
-157
-130
-64
-44
128
285
369
468
414
346
247
139
-11
-35
-130
-129
-137
-126
-101
-82
-99
-94
-101
-94
-51
-31
-18
25
33
-6
-31
-121
-158
-168
-151
-76
-38
110
249
355
419
419
391
281
152
20
-28
-140
-145
-145
-140
-111
-110
-95
-117
-108
-102
-70
-43
-49
13
13
-9
-29
-125
-165
-187
-152
-129
-50
-41
114
297
384
419
391
323
249
148
-29
-124
-149
-146
-144
-144
-122
-105
-111
-133
-133
-96
-65
-34
-37
2
-8
-22
-35
-157
-185
-181
-129
-98
-44
107
247
340
404
401
342
245
155
-10
-26
-155
-159
-158
-133
-123
-108
-102
-113
-125
-104
-60
-43
-29
10
2
-7
-28
-128
-182
-172
-158
-109
-53
41
134
339
406
419
398
308
182
125
-28
-119
-117
-138
-123
-121
-80
-76
-105
-107
-96
-76
-35
-41
23
20
-3
-12
-38
-157
-161
-153
-126
-67
-33
159
292
372
450
406
339
222
121
-28
-108
-150
-145
-133
-117
-95
-97
-102
-129
-117
-99
-58
-54
-30
22
20
-3
-61
-140
-182
-181
-163
-108
-41
87
139
323
407
406
353
276
163
19
-41
-154
-153
-146
-149
-130
-125
-109
-126
-129
-113
-87
-43
-41
-34
3
-22
-44
-122
-170
-187
-174
-127
-75
-26
142
299
389
419
383
308
187
143
-29
-141
-145
-156
-141
-123
-106
-101
-105
-130
-114
-76
-44
-37
-28
23
6
-17
-45
-143
-173
-166
-140
-76
-29
134
263
351
447
419
372
271
130
0
-38
-143
-143
-130
-119
-94
-77
-52
-96
-117
-86
-37
-33
-28
25
25
15
-29
-121
-157
-172
-154
-123
-42
-15
146
327
397
419
392
305
199
139
-34
-139
-136
-146
-135
-123
-107
-102
-111
-134
-111
-81
-43
-30
-25
20
7
-33
-34
-156
-175
-187
-149
-95
-30
105
267
375
419
405
345
231
131
-23
-135
-156
-165
-157
-151
-113
-105
-108
-141
-127
-98
-76
-31
-35
-11
0
-10
-63
-140
-185
-182
-159
-125
-61
31
141
325
394
417
370
287
155
30
-33
-118
-150
-140
-122
-129
-107
-101
-119
-127
-109
-66
-33
-39
-12
20
-17
-19
-55
-150
-161
-157
-117
-67
-25
130
303
387
447
419
319
223
127
-25
-108
-137
-140
-136
-140
-74
-76
-79
-102
-93
-95
-47
-29
-26
25
6
-23
-34
-119
-165
-171
-123
-82
-35
129
263
361
419
419
355
247
147
-17
-44
-141
-143
-137
-121
-107
-81
-79
-103
-111
-101
-73
-44
-34
-1
19
-12
-34
-137
-172
-177
-162
-117
-61
15
143
325
393
419
372
299
175
43
-28
-146
-160
-159
-141
-135
-95
-97
-113
-126
-117
-93
-55
-43
-49
3
-17
-43
-122
-159
-186
-172
-109
-61
-32
141
307
391
449
394
319
203
149
-29
-133
-153
-151
-135
-126
-108
-81
-94
-107
-110
-81
-46
-53
-21
23
3
-23
-37
-144
-172
-163
-140
-94
-31
123
265
379
419
419
361
244
133
-7
-18
-129
-137
-133
-129
-98
-95
-83
-102
-111
-77
-54
-33
-38
9
11
-15
-39
-130
-155
-162
-140
-78
-37
111
259
355
449
419
371
283
151
0
-61
-140
-138
-141
-140
-124
-102
-99
-114
-108
-117
-66
-43
-29
-12
20
-13
-38
-124
-169
-187
-172
-125
-61
-28
137
314
404
419
392
302
189
143
-17
-140
-156
-143
-156
-141
-108
-125
-104
-123
-119
-107
-70
-28
-28
4
-21
-21
-105
-173
-189
-175
-142
-79
-39
137
276
372
419
407
340
231
146
-21
-130
-145
-156
-141
-130
-109
-97
-95
-119
-114
-76
-63
-45
-44
20
3
-10
-37
-139
-183
-167
-140
-93
-27
119
277
387
468
449
370
275
138
6
-34
-148
-147
-155
-129
-95
-73
-77
-93
-109
-81
-63
-33
-28
10
19
-12
-41
-138
-158
-172
-127
-93
-23
121
274
367
419
451
379
283
139
5
-29
-150
-151
-122
-126
-125
-86
-94
-108
-121
-99
-59
-38
-43
3
15
-17
-37
-126
-172
-189
-172
-138
-53
-27
129
321
449
419
402
312
186
121
-37
-154
-158
-156
-145
-137
-102
-113
-112
-121
-115
-82
-45
-45
-47
-12
-11
-31
-129
-171
-193
-172
-141
-67
-32
144
318
415
457
403
307
211
133
-47
-153
-149
-156
-141
-133
-93
-105
-97
-117
-109
-80
-44
-44
-44
0
17
-29
-81
-143
-222
-149
-124
-64
-21
148
307
413
475
419
341
235
148
-35
-123
-138
-140
-143
-117
-102
-70
-81
-109
-85
-79
-43
-42
-15
21
6
-27
-45
-138
-175
-173
-137
-76
-33
127
295
382
450
419
353
261
136
-13
-51
-140
-141
-129
-130
-126
-85
-101
-113
-105
-83
-60
-38
-38
-22
-2
-28
-28
-153
-175
-183
-150
-114
-41
116
259
372
419
419
375
259
141
-23
-48
-151
-157
-157
-126
-133
-98
-106
-126
-125
-117
-93
-46
-37
-26
-2
-11
-44
-146
-190
-194
-185
-135
-65
-21
151
337
406
419
387
299
175
101
-44
-147
-154
-157
-149
-122
-116
-83
-125
-141
-101
-76
-38
-35
-25
9
5
-29
-123
-170
-191
-170
-126
-67
-23
135
347
419
459
407
335
214
143
-48
-139
-141
-145
-131
-108
-108
-76
-104
-108
-107
-76
-36
-39
-21
27
3
-29
-41
-162
-183
-169
-117
-78
-29
148
318
419
470
419
333
213
143
-12
-152
-170
-149
-140
-126
-101
-102
-106
-123
-135
-82
-54
-33
-42
-6
1
-34
-108
-159
-191
-185
-143
-77
-39
129
308
406
468
419
317
203
125
-36
-140
-153
-171
-151
-139
-125
-108
-121
-123
-131
-98
-69
-50
-28
-14
-12
-33
-113
-159
-197
-188
-152
-111
-35
119
299
383
447
411
337
214
123
-21
-145
-173
-177
-159
-140
-113
-107
-109
-117
-109
-85
-61
-44
-33
4
5
-30
-51
-151
-176
-182
-151
-79
-35
131
299
404
468
419
359
275
135
-20
-64
-153
-152
-145
-142
-97
-98
-108
-119
-118
-97
-47
-12
-44
15
5
-26
-34
-139
-187
-175
-143
-105
-43
115
262
372
446
457
395
258
153
0
-28
-143
-141
-149
-149
-113
-86
-95
-106
-125
-96
-59
-25
-41
-15
14
-25
-21
-167
-146
-186
-151
-151
2
91
146
347
419
449
385
289
149
-3
-44
-159
-170
-161
-149
-126
-101
-119
-117
-139
-110
-75
-56
-28
-38
6
-22
-42
-137
-181
-204
-189
-140
-51
49
139
351
419
459
387
291
163
17
-19
-156
-172
-157
-153
-125
-93
-107
-126
-125
-108
-78
-44
-30
-26
2
-13
-45
-145
-185
-201
-159
-119
-44
93
213
369
461
465
410
322
190
49
-37
-133
-157
-161
-141
-133
-97
-78
-106
-108
-103
-66
-45
-28
17
25
-13
-25
-129
-165
-187
-165
-135
-57
18
147
347
451
463
406
337
207
139
-44
-140
-154
-157
-140
-122
-97
-109
-130
-122
-99
-74
-42
-46
-18
-10
-21
-35
-131
-178
-193
-182
-125
-63
-22
151
340
415
453
418
307
198
121
-25
-156
-169
-158
-151
-145
-108
-93
-113
-133
-123
-107
-56
-28
-44
16
-24
-43
-120
-194
-198
-190
-151
-82
-44
135
314
419
468
411
331
207
141
-28
-130
-169
-161
-156
-138
-103
-101
-107
-133
-117
-93
-63
-43
-28
3
-28
-30
-125
-173
-189
-177
-127
-77
-33
133
331
419
501
419
343
227
130
-33
-125
-140
-157
-128
-117
-101
-78
-98
-109
-108
-81
-44
-44
-17
19
-10
-22
-45
-160
-172
-172
-140
-77
-43
139
329
407
482
419
363
239
136
-12
-125
-161
-156
-146
-128
-104
-97
-93
-121
-94
-81
-64
-44
-42
5
-9
-22
-114
-165
-183
-193
-142
-79
-44
138
297
406
463
448
355
239
131
-33
-145
-159
-171
-157
-137
