-118
-133
-129
-117
-89
-49
-38
20
26
13
1
-30
-74
-113
-102
-56
-29
70
134
286
369
395
379
310
276
137
21
-21
-41
-42
-28
-12
-10
-23
-22
-28
-18
-11
41
74
142
103
91
46
0
-12
-33
-65
-28
10
103
126
315
363
403
370
271
178
154
-12
-30
-12
-86
-63
-59
-71
-74
-108
-96
-78
-53
-43
34
26
31
58
-27
-12
-153
-152
-206
-128
-56
-33
100
129
279
291
262
190
135
-12
-30
-166
-178
-172
-167
-174
-183
-171
-178
-181
-191
-154
-104
-60
-48
-44
-62
-114
-158
-191
-214
-192
-135
-72
-37
131
175
277
294
237
163
142
-21
-138
-137
-154
-140
-133
-114
-129
-135
-144
-139
-111
-61
-43
-33
26
15
5
-21
-31
-96
-118
-76
-28
-14
117
261
327
395
375
331
251
159
148
-13
-25
-29
-29
-27
-13
-15
-17
-21
-28
-9
51
51
80
107
94
80
20
7
-37
-29
-44
35
89
137
287
355
403
387
318
233
137
27
-24
-49
-57
-51
-44
-54
-58
-63
-85
-81
-45
-29
-19
27
35
17
-18
-34
-119
-141
-133
-84
-42
-29
129
235
302
314
275
187
137
-12
-46
-185
-191
-172
-161
-157
-172
-168
-178
-197
-161
-109
-108
-63
-38
-44
-41
-104
-149
-189
-199
-189
-156
-82
-37
63
117
239
267
240
170
131
-12
-37
-149
-154
-147
-134
-130
-138
-142
-61
-135
-124
-78
-33
-39
9
25
6
-18
-30
-117
-126
-99
-57
-29
99
147
291
350
378
331
262
166
103
-9
-44
-41
-28
-26
-14
-21
-31
-30
-29
-25
19
66
97
103
102
71
39
-9
-28
-39
-33
-45
55
122
239
323
382
391
354
270
185
133
-13
-44
-39
-59
-59
-60
-46
-75
-75
-80
-67
-39
-27
32
51
43
15
-21
-45
-117
-137
-121
-74
-39
-12
131
212
267
289
249
171
147
-17
-45
-154
-172
-156
-157
-108
-165
-182
-182
-179
-169
-123
-74
-59
-45
-39
-54
-85
-146
-173
-197
-135
-146
-93
-41
74
143
226
262
235
169
134
-1
-33
-153
-151
-143
-135
-137
-140
-141
-137
-146
-140
-97
-49
-45
13
23
9
-15
-37
-103
-126
-103
-73
-38
60
135
251
311
353
341
276
193
132
15
-28
-41
-28
-30
-16
-25
-23
-18
-16
-28
19
54
85
110
114
87
50
5
-25
-31
-33
-30
55
117
136
302
361
387
370
299
203
137
13
-30
-31
-55
-39
-42
-61
-47
-69
-76
-76
-38
-35
33
52
42
36
-12
-37
-108
-135
-117
-97
-35
-41
111
139
238
278
265
195
139
23
-44
-151
-169
-161
-150
-151
-166
-171
-177
-187
-169
-153
-108
-57
-52
-48
-55
-104
-122
-166
-192
-187
-162
-111
-44
-31
117
146
231
239
174
131
20
-31
-143
-159
-150
-140
-135
-140
-141
-141
-151
-147
-114
-61
-40
-37
-1
14
-12
-30
-107
-126
-120
-93
-37
-27
119
145
291
330
329
279
202
147
25
-21
-42
-33
-37
-44
-38
-37
-32
-27
-28
-12
46
85
103
100
115
65
20
-14
-39
-28
-42
3
89
135
267
329
369
363
317
244
159
123
-12
-44
-37
-38
-41
-54
-62
-67
-77
-93
-59
-28
15
40
51
35
-1
-28
-35
-124
-129
-95
-85
-27
82
137
243
283
277
219
148
114
-29
-117
-157
-158
-156
-149
-162
-169
-171
-177
-186
-158
-108
-76
-50
-44
-63
-96
-111
-167
-188
-187
-172
-126
-69
-44
105
145
228
232
192
139
24
-26
-135
-165
-170
-141
-133
-149
-150
-143
-154
-140
-122
-71
-60
-38
-7
7
-17
-38
-101
-124
-123
-107
-49
-37
91
145
267
320
321
277
210
134
146
-10
-39
-43
-39
-28
-21
-27
-33
-13
-30
-18
11
65
97
105
107
81
33
-9
-37
-39
-34
-12
88
135
259
335
371
363
323
244
150
123
-11
-29
-35
-37
-44
-43
-45
-59
-70
-68
-50
-31
5
42
47
34
-2
-31
-53
-122
-118
-113
-53
-35
84
139
244
291
275
222
139
65
-35
-126
-161
-154
-149
-149
-159
-163
-171
-182
-178
-155
-116
-76
-49
-45
-50
-93
-150
-189
-192
-190
-159
-97
-44
-14
124
139
244
239
153
131
0
-37
-156
-169
-169
-156
-143
-141
-140
-140
-161
-140
-109
-65
-34
-37
-11
-12
-37
-40
-121
-153
-135
-93
-39
17
124
241
303
338
315
253
166
139
-13
-41
-66
-59
-33
-43
-33
-39
-34
-41
-33
-21
58
82
104
105
84
49
13
-13
-33
-38
-31
60
120
180
314
367
391
372
287
198
131
19
-22
-37
-33
-34
-31
-41
-31
-58
-59
-61
-37
-28
36
39
55
34
-5
-41
-101
-118
-110
-61
-29
67
134
237
295
299
266
182
133
-12
-44
-160
-167
-140
-145
-142
-157
-159
-169
-175
-144
-117
-70
-53
-47
-40
-59
-108
-162
-193
-205
-175
-137
-57
-33
124
132
243
243
193
134
52
-13
-129
-155
-155
-157
-144
-151
-149
-156
-153
-152
-126
-81
-41
-40
-28
-3
-22
-34
-109
-140
-142
-109
-65
-38
98
139
276
321
327
289
211
139
23
-29
-33
-61
-49
-44
-44
-39
-31
-41
-39
-43
29
75
99
107
93
75
39
-1
-30
-38
-33
25
95
135
276
355
387
392
339
244
149
122
-7
-28
-21
-28
-26
-21
-43
-30
-41
-50
-44
-28
41
58
65
52
33
-11
-33
-101
-110
-76
-29
-23
126
195
287
330
308
241
147
119
-24
-118
-141
-140
-140
-138
-141
-145
-157
-172
-154
-134
-93
-54
-47
-41
-31
-94
-136
-188
-198
-189
-162
-99
-40
86
135
244
275
243
175
137
-11
-30
-155
-179
-167
-154
-151
-161
-154
-161
-158
-140
-106
-66
-44
-31
1
-9
-37
-105
-134
-144
-139
-77
-37
53
133
251
319
341
310
234
158
121
-15
-45
-79
-74
-55
-53
-39
-44
-41
-46
-38
-43
59
90
107
110
84
52
7
-35
-37
-44
-23
71
128
266
342
405
413
366
283
196
131
11
-22
-33
-37
-28
-27
-31
-38
-37
-41
-44
-39
37
65
73
62
37
-11
-30
-95
-108
-77
-40
-38
99
141
279
335
349
299
193
128
-7
-39
-141
-126
-122
-133
-135
-154
-140
-155
-163
-154
-106
-51
-31
-37
-32
-44
-113
-162
-204
-204
-173
-130
-65
-39
126
228
275
276
216
137
32
-39
-145
-189
-169
-172
-149
-161
-170
-161
-170
-165
-137
-83
-44
-37
-15
-7
-9
-28
-130
-156
-158
-134
-60
-33
123
185
295
359
335
271
187
131
-11
-57
-62
-63
-74
-67
-61
-61
-53
-60
-57
-42
-13
70
83
91
107
57
19
-35
-28
-37
-29
42
116
212
321
387
419
399
319
223
137
10
-34
-33
-32
-19
-19
-33
-37
-25
-43
-43
-41
-1
51
73
68
57
5
-18
-44
-108
-95
-34
-28
115
212
308
382
361
315
206
129
-1
-46
-126
-141
-139
-117
-139
-143
-153
-156
-151
-151
-103
-49
-42
-38
-12
-41
-115
-171
-204
-204
-181
-133
-42
-13
139
230
303
282
219
119
20
-38
-169
-190
-193
-175
-168
-177
-171
-170
-197
-174
-138
-73
-44
-21
-21
-5
-37
-101
-161
-169
-158
-130
-61
-34
121
231
313
341
331
251
165
137
-21
-28
-109
-105
-77
-76
-79
-79
-74
-77
-69
-29
-28
71
89
102
87
52
10
-46
-39
-60
-28
51
120
229
337
419
419
403
323
219
135
22
-11
-33
-27
-18
-44
-45
-28
-37
-48
-43
-23
39
95
81
82
63
14
-19
-43
-123
-104
-29
-31
87
126
281
343
369
358
251
151
129
-33
-105
-132
-126
-123
-124
-140
-139
-156
-158
-150
-118
-61
-31
-30
-29
-31
-31
-155
-186
-203
-198
-156
-78
-44
109
139
271
278
247
175
133
-22
-114
-177
-188
-174
-170
-173
-172
-170
-181
-178
-163
-118
-76
-35
-33
-44
-49
-33
-140
-171
-249
-193
-94
-37
84
138
276
341
342
291
194
145
5
-33
-119
-107
-99
-103
-93
-81
-85
-76
-77
-58
-39
53
73
86
83
51
9
-27
-23
-57
-37
-35
86
131
287
365
409
419
386
277
167
122
2
-17
-37
-51
-37
-35
-31
-31
-42
-44
-38
-25
63
89
85
84
46
-18
-35
-121
-97
-69
-44
55
135
262
323
372
358
303
203
143
-5
-42
-109
-126
-108
-109
-124
-141
-144
-152
-147
-141
-79
-44
-37
-32
-28
-42
-133
-189
-211
-204
-165
-108
-43
82
133
244
298
275
193
135
-5
-33
-165
-180
-189
-173
-178
-197
-185
-197
-172
-172
-137
-95
-47
-37
-41
-31
-41
-130
-181
-183
-177
-133
-67
-44
112
211
302
329
301
232
129
70
-31
-123
-132
-129
-107
-76
-113
-97
-95
-93
-85
-44
-35
42
55
59
52
19
-13
-37
-79
-62
-42
52
119
261
351
411
447
394
310
203
137
0
-27
-33
-41
-39
-28
-38
-34
-41
-44
-39
-38
55
84
84
84
43
-1
-31
-93
-39
-79
-70
54
130
229
323
370
393
327
244
135
20
-29
-107
-117
-121
-108
-123
-122
-137
-143
-152
-134
-79
-44
-28
-41
-28
-37
-130
-166
-198
-206
-182
-124
-40
-27
139
223
274
271
214
141
27
-37
-155
-186
-177
-197
-169
-169
-183
-181
-188
-204
-169
-116
-65
-55
-44
-41
-76
-124
-182
-190
-189
-154
-85
-39
99
137
291
331
320
247
163
139
-26
-108
-124
-126
-108
-113
-113
-108
-110
-118
-97
-57
-43
31
52
58
49
14
-16
-43
-86
-75
-37
-28
116
143
307
399
415
404
341
247
146
123
-13
-35
-41
-37
-26
-28
-28
-37
-41
-43
-38
35
72
90
84
73
27
-30
-26
-102
-97
-37
-43
79
136
291
374
387
366
276
163
145
-7
-37
-108
-108
-93
-109
-109
-130
-137
-133
-122
-85
-45
-43
-14
-14
-30
-38
-145
-190
-194
-173
-133
-65
-33
119
155
270
291
244
157
139
-33
-153
-204
-205
-186
-191
-192
-187
-173
-167
-156
-140
-108
-76
-57
-69
-78
-105
-145
-172
-173
-165
-124
-76
-39
59
131
227
291
304
261
193
128
-5
-34
-126
-135
-141
-139
-139
-124
-110
-81
-66
-45
-33
20
34
20
-6
-12
-28
-35
-76
-54
-28
51
129
123
266
354
391
387
365
263
175
147
-5
13
-37
-12
-74
-61
-54
-39
-28
-37
35
53
84
79
67
29
10
-23
-38
-39
-43
-30
50
95
143
266
323
361
351
283
244
145
27
-38
-65
-109
-119
-124
-130
-130
-108
-102
-71
-47
-40
-14
-10
-26
-37
-121
-153
-161
-157
-138
-82
-45
-30
90
131
222
263
233
177
126
10
-37
-162
-203
-203
-215
-207
-202
-177
-166
-157
-126
-104
-72
-57
-70
-74
-110
-149
-171
-178
-168
-141
-95
-43
-41
100
142
244
282
290
217
155
91
-22
-108
-144
-143
-140
-149
-137
-121
-109
-73
-59
-28
-28
21
19
-11
-22
-32
-80
-63
-55
-53
-34
89
131
263
340
389
401
357
277
186
135
39
-29
-31
-43
-41
-40
-45
-49
-21
-28
11
53
78
84
59
39
