129
161
139
127
133
103
84
69
58
52
31
20
-15
-34
-103
-134
-160
-161
-170
-151
-133
-93
-76
-61
-57
-34
-26
52
115
129
235
214
135
138
80
94
113
123
127
143
209
193
193
155
134
141
146
84
65
58
37
33
-26
-42
-108
-155
-182
-198
-194
-185
-167
-147
-123
-118
-105
-93
-61
-41
-13
116
135
152
130
27
-3
7
20
35
39
99
121
107
99
75
65
43
25
0
-25
-21
-30
-37
-105
-137
-182
-216
-239
-273
-271
-268
-249
-211
-171
-170
-158
-140
-109
-71
-35
68
121
139
97
24
3
-9
35
31
62
101
123
116
141
142
90
91
73
51
33
31
22
10
-21
-37
-109
-133
-165
-189
-189
-192
-141
-140
-104
-81
-58
-49
-37
-41
55
121
194
220
175
131
91
78
86
123
116
131
209
219
209
180
163
144
141
136
131
69
75
55
23
-9
-34
-83
-116
-145
-174
-175
-169
-135
-118
-93
-77
-77
-49
-37
-29
67
135
193
159
145
40
34
46
52
52
100
129
122
148
147
84
71
46
39
21
3
0
-25
-33
-93
-140
-175
-222
-246
-269
-250
-253
-237
-209
-185
-161
-160
-145
-130
-78
-38
63
116
105
35
-14
-22
-15
-7
3
41
84
114
104
84
73
54
46
52
17
9
-19
-11
-28
-41
-104
-135
-173
-200
-219
-233
-207
-193
-175
-131
-108
-94
-77
-69
-29
5
121
174
183
149
133
52
55
83
102
121
127
207
211
191
174
148
139
131
127
98
79
84
55
27
-15
-37
-83
-113
-165
-157
-150
-125
-108
-85
-55
-46
-27
-39
-19
71
118
178
219
163
137
59
61
85
89
107
115
131
171
166
143
143
137
93
77
49
30
10
0
-15
-41
-126
-159
-186
-204
-238
-231
-236
-198
-176
-165
-153
-125
-113
-78
-54
-37
111
132
89
34
-12
-29
0
0
20
-9
73
107
89
81
51
36
30
9
9
-14
-29
-34
-44
-110
-153
-193
-231
-236
-250
-250
-219
-230
-162
-159
-138
-110
-97
-62
-37
-13
105
148
139
139
21
15
37
74
69
94
131
130
166
147
121
135
135
94
67
52
52
52
36
-12
-29
-41
-123
-149
-165
-170
-145
-131
-107
-75
-43
-41
-38
-19
33
113
146
239
207
149
131
79
84
113
111
127
146
203
206
170
152
139
133
121
93
58
50
27
11
-28
-43
-108
-157
-182
-204
-207
-198
-161
-149
-140
-123
-108
-93
-66
-44
-29
101
125
137
78
3
-10
6
15
15
34
84
98
116
84
55
51
41
17
7
-15
-15
-42
-40
-99
-130
-176
-203
-233
-258
-268
-261
-233
-202
-183
-174
-155
-137
-125
-77
-31
20
123
134
91
7
1
-7
17
38
52
83
116
139
136
123
88
84
59
52
49
51
21
15
-12
-26
-29
-116
-161
-191
-197
-175
-159
-131
-109
-77
-58
-55
-28
-30
37
115
148
226
203
143
130
68
101
118
130
133
127
215
211
195
163
161
131
141
127
89
59
65
42
-1
-14
-38
-116
-151
-163
-170
-157
-142
-140
-93
-86
-77
-73
-48
-39
43
110
139
169
127
91
21
23
51
65
84
99
125
142
145
90
73
65
52
20
3
-12
-21
-34
-43
-119
-158
-197
-220
-236
-251
-254
-229
-220
-204
-187
-172
-149
-137
-119
-67
-29
84
122
100
31
-22
-23
-11
18
21
51
84
116
112
91
77
54
52
36
27
9
3
-6
-26
-42
-63
-130
-157
-178
-207
-200
-197
-173
-142
-129
-108
-94
-77
-58
-41
11
98
134
203
152
135
70
83
98
104
134
134
193
216
198
178
158
142
147
139
126
94
75
61
23
-12
-30
-44
-109
-123
-155
-159
-135
-114
-94
-76
-62
-46
-37
-50
20
84
132
218
198
145
135
54
46
83
86
90
132
139
175
151
131
139
88
81
51
52
15
-6
-17
-27
-37
-126
-169
-203
-242
-239
-236
-222
-204
-172
-162
-150
-145
-125
-82
-55
-37
113
129
116
30
-27
-25
-12
7
21
33
98
101
101
90
82
41
35
11
3
-15
-26
-29
-37
-93
-127
-156
-191
-209
-235
-233
-211
-189
-176
-153
-127
-113
-97
-63
-28
-18
101
147
169
135
116
29
41
67
89
107
121
134
191
171
153
135
129
141
127
87
71
69
41
20
-19
-37
-44
-125
-150
-151
-137
-137
-110
-78
-63
-44
-35
-19
-12
50
94
139
233
200
148
135
70
101
113
115
133
137
191
198
151
127
115
130
100
50
39
38
29
7
-15
-36
-110
-140
-191
-203
-214
-200
-174
-155
-140
-140
-121
-107
-103
-57
-33
57
116
131
104
25
-9
-9
1
21
38
62
86
111
97
82
46
23
31
20
-1
-11
-19
-38
-29
-126
-153
-178
-219
-244
-242
-253
-247
-222
-187
-159
-149
-130
-99
-93
-44
-44
87
127
133
89
38
7
35
52
59
89
125
134
139
148
139
121
69
77
58
46
39
29
3
-13
-39
-39
-97
-131
-143
-154
-153
-134
-107
-125
-70
-54
-31
-33
-14
52
107
148
227
202
147
135
96
94
131
116
139
195
211
211
195
144
133
135
131
131
79
61
42
19
-18
-28
-43
-125
-159
-176
-187
-178
-156
-133
-108
-76
-76
-63
-29
-27
20
99
147
163
131
46
7
20
36
49
65
91
122
135
97
71
66
52
43
20
-21
-18
-25
-46
-42
-113
-155
-181
-215
-251
-249
-251
-235
-217
-189
-174
-156
-150
-133
-86
-52
-44
101
126
90
38
-9
-18
18
38
29
55
99
123
135
111
80
85
73
65
38
17
15
7
-18
-38
-43
-111
-141
-175
-198
-203
-173
-155
-129
-101
-73
-56
-46
-30
-33
74
123
211
197
148
135
84
82
99
115
127
135
191
215
207
171
149
134
147
144
131
87
70
52
25
-13
-23
-44
-109
-140
-154
-154
-142
-115
-109
-76
-66
-57
-31
-27
-29
77
116
149
159
148
54
43
49
71
70
88
113
120
125
137
135
87
67
52
37
13
-12
-10
-31
-44
-108
-150
-178
-217
-241
-251
-248
-220
-191
-172
-157
-154
-126
-116
-101
-52
-44
115
116
55
9
-18
-42
-12
7
15
43
85
116
90
73
52
52
30
31
9
-10
-21
-38
-41
-27
-109
-145
-173
-191
-220
-219
-205
-184
-146
-139
-111
-85
-69
-37
-41
-5
114
137
163
137
67
54
67
86
94
123
137
178
193
171
157
146
138
137
136
75
74
69
52
21
-7
-28
-28
-110
-125
-149
-142
-123
-93
-66
-57
-43
-38
-31
20
62
131
135
206
154
129
68
58
100
99
112
125
134
171
150
133
129
111
93
67
51
35
38
6
-13
-23
-93
-114
-149
-189
-205
-220
-220
-198
-157
-140
-135
-127
-116
-98
-59
-44
79
111
99
50
-5
-22
-18
7
25
30
58
84
90
71
43
35
26
20
-7
-21
-31
-37
-43
-76
-139
-161
-192
-214
-222
-236
-237
-219
-181
-171
-151
-126
-129
-76
-61
-28
67
127
135
131
41
19
18
39
70
82
115
123
131
137
139
138
121
105
93
82
58
46
43
20
-5
-35
-42
-109
-129
-163
-166
-154
-116
-93
-59
-44
-35
-37
-12
35
93
131
235
207
161
147
85
84
110
123
118
133
193
198
175
153
131
136
144
89
73
49
33
18
-9
-45
-69
-111
-160
-176
-200
-189
-173
-147
-116
-108
-108
-72
-73
-31
-52
82
126
135
98
25
5
3
23
37
37
65
93
114
98
69
59
54
39
17
-12
-11
-17
-40
-75
-126
-151
-186
-220
-247
-268
-269
-241
-218
-186
-175
-155
-139
-130
-102
-66
-42
83
123
129
71
19
-11
18
31
52
67
100
121
129
138
97
84
83
55
51
46
25
20
-9
-28
-41
-93
-138
-159
-175
-186
-173
-151
-122
-78
-73
-54
-39
-33
-10
65
126
126
200
159
131
86
83
110
121
127
131
193
206
195
163
159
145
139
148
123
77
71
52
24
3
-25
-41
-118
-140
-172
-169
-153
-135
-108
-81
-93
-65
-56
-29
-38
69
135
141
148
146
51
23
29
46
55
86
115
127
137
116
79
59
55
46
20
-9
-21
-14
-35
-93
-145
-165
-202
-215
-237
-265
-240
-219
-205
-184
-165
-157
-123
-110
-73
-44
-21
104
99
52
-5
-23
-30
11
3
22
54
91
105
97
79
66
55
52
15
13
5
-5
-9
-23
-43
-116
-151
-171
-206
-214
-213
-189
-170
-126
-108
-101
-81
-54
-44
-26
77
125
209
182
133
85
69
84
105
110
134
127
203
191
170
159
138
137
133
123
102
84
75
37
10
-28
-30
-83
-118
-151
-145
-145
-115
-93
-78
-50
-55
-35
-27
25
59
132
145
181
148
129
52
55
83
87
104
119
131
147
151
148
130
91
73
57
31
35
25
-10
-17
-37
-125
-168
-200
-217
-231
-235
-214
-200
-175
-150
-138
-126
-116
-101
-46
-28
91
115
93
20
-17
-29
-17
0
3
43
73
99
93
70
50
49
35
15
-5
-22
-14
-45
-29
-97
-137
-174
-194
-220
-229
-236
-226
-203
-167
-149
-125
-112
-76
-61
-31
-17
115
129
123
130
52
21
20
52
73
87
116
131
176
163
145
127
141
127
99
67
63
67
52
26
-27
-34
-85
-113
-138
-174
-162
-130
-86
-76
-50
-35
-41
-41
-45
48
113
133
222
198
139
136
73
84
118
107
127
138
195
189
169
139
132
147
122
65
59
50
20
-12
-28
-42
-110
-142
-167
-191
-208
-202
-185
-143
-141
-133
-104
-98
-60
-46
-38
82
127
135
81
7
-17
0
3
15
34
69
91
105
94
59
46
43
18
0
-15
-18
-38
-60
-63
-122
-176
-193
-213
-249
-267
-268
-241
-207
-189
-166
-156
-131
-121
-87
-61
-34
103
126
137
52
19
3
34
39
55
79
116
145
145
135
104
101
89
81
46
45
36
27
-1
-25
-33
-99
-125
-134
-159
-159
-158
-141
-113
-82
-66
-52
-38
-29
-12
63
116
147
216
178
125
119
84
111
118
129
137
195
219
196
171
151
148
131
146
133
99
58
52
20
-12
-35
-93
-121
-156
-181
-170
-172
-156
-141
-116
-101
-93
-66
-45
-41
48
118
150
123
143
51
7
20
38
46
58
91
116
127
99
79
52
39
27
9
-9
-12
-29
-37
-76
-140
-172
-198
-229
-253
-255
-247
-236
-205
-191
-172
-161
-143
-125
-126
-30
-11
101
119
65
23
-13
-30
7
20
37
73
116
111
111
94
82
58
62
38
29
19
3
-18
-28
-49
-103
-140
-153
-171
-194
-206
-197
-167
-134
-108
-97
-69
-54
-28
-23
74
123
216
202
148
134
70
84
94
107
125
135
200
195
197
174
163
141
148
142
112
89
71
51
19
-12
-33
-93
-109
-138
-154
-147
-138
-119
-93
-83
-59
-61
