84
135
143
174
151
116
68
26
-11
-29
-31
-102
-123
-171
-208
-220
-233
-257
-251
-254
-251
-221
-201
-206
-206
-157
-146
-93
-45
84
123
259
225
139
130
37
7
-23
18
107
134
229
219
221
183
149
145
122
53
26
9
1
-31
-35
-119
-107
-140
-157
-152
-155
-149
-130
-117
-102
-93
-53
-42
-37
99
143
340
308
269
175
146
131
42
39
107
117
237
298
277
225
213
167
135
132
49
22
56
-11
-39
-107
-140
-165
-187
-178
-187
-189
-183
-163
-153
-143
-129
-106
-77
-29
107
151
258
249
162
133
83
2
-34
-39
46
131
144
210
185
149
129
43
9
2
-44
-31
-93
-129
-168
-217
-213
-252
-268
-259
-280
-257
-254
-229
-235
-182
-199
-158
-134
-55
1
139
214
179
148
46
0
-25
-43
-21
70
129
168
239
191
175
153
109
55
17
0
-19
-28
-65
-133
-138
-161
-197
-204
-200
-190
-172
-182
-155
-134
-103
-101
-55
-44
68
127
309
323
271
212
131
126
59
51
85
133
261
309
283
257
229
183
158
131
65
50
40
-15
11
-33
-117
-109
-146
-140
-149
-156
-165
-150
-131
-117
-99
-79
-50
-42
67
134
286
276
191
143
133
27
22
9
46
131
175
234
242
213
165
133
93
22
-5
-28
-42
-80
-133
-177
-206
-206
-227
-259
-262
-253
-254
-223
-213
-223
-187
-179
-130
-76
-45
131
207
211
136
121
-2
-17
-43
-61
-30
128
143
138
170
131
151
71
37
-17
-11
2
-29
-114
-136
-170
-185
-214
-219
-204
-225
-208
-203
-206
-165
-172
-155
-125
-71
-21
98
130
291
265
207
147
75
35
18
38
21
112
270
270
270
228
187
162
137
116
49
50
20
-10
-102
-43
-77
-121
-126
-151
-157
-140
-149
-121
-101
-93
-76
-63
-18
7
116
290
338
295
221
91
150
52
20
54
125
143
259
270
233
206
158
121
127
42
1
5
-25
-22
-107
-140
-156
-182
-194
-193
-204
-208
-214
-187
-181
-174
-159
-121
-78
-42
57
139
223
180
130
31
-11
-22
-25
-28
29
123
131
195
145
117
116
49
7
-28
-39
-73
-110
-125
-175
-218
-204
-215
-246
-255
-259
-232
-202
-210
-193
-170
-159
-73
-79
-44
116
206
244
171
148
59
29
-7
-17
31
126
135
255
225
199
171
139
129
65
35
20
-2
-13
-29
-28
-109
-123
-141
-145
-162
-139
-136
-110
-114
-93
-61
-46
-25
-29
129
263
334
343
227
163
143
79
51
91
101
122
277
303
258
237
203
163
159
127
49
36
11
-15
-15
-22
-112
-149
-166
-167
-193
-204
-171
-162
-145
-127
-108
-102
-60
-61
85
147
279
235
149
147
35
-11
-11
-5
71
112
129
187
162
133
133
59
-10
-28
-18
-45
-85
-141
-162
-194
-215
-221
-250
-258
-252
-255
-235
-255
-210
-187
-186
-159
-120
-41
11
155
191
151
146
-22
-7
-29
-62
-44
75
148
145
187
158
142
138
71
20
2
2
-29
-33
-86
-136
-142
-172
-157
-199
-194
-186
-173
-177
-140
-136
-103
-66
-44
-45
73
148
306
308
227
163
131
73
52
39
86
142
263
289
273
235
215
180
148
139
55
36
-2
-44
-17
-45
-55
-118
-134
-151
-156
-156
-139
-127
-108
-93
-76
-50
-62
-11
131
273
287
245
159
135
45
19
5
17
95
147
242
227
203
168
139
143
39
13
-9
-15
-46
-86
-141
-171
-213
-216
-233
-249
-246
-236
-235
-215
-267
-204
-153
-130
-97
-38
114
147
212
145
127
-15
-11
-41
-28
-29
41
131
163
171
133
139
71
36
-5
-28
-34
-86
-103
-119
-152
-187
-204
-229
-256
-201
-229
-221
-201
-161
-152
-134
-129
-76
-37
55
71
279
255
162
147
62
46
23
19
97
146
249
276
255
221
181
163
137
83
55
26
-5
-17
-29
-40
-108
-112
-138
-151
-140
-124
-142
-107
-98
-78
-53
-44
-39
63
117
307
325
276
197
131
131
63
57
82
117
239
287
269
244
202
150
135
84
33
20
-19
-13
-30
-95
-138
-141
-174
-207
-199
-229
-194
-187
-175
-167
-141
-134
-105
-62
-37
118
229
227
151
132
4
-10
-34
-49
-39
81
139
177
180
159
137
58
20
-11
-37
-34
-80
-140
-138
-202
-219
-228
-255
-280
-274
-267
-246
-219
-238
-187
-181
-155
-108
-51
-37
139
235
215
157
134
20
10
-37
-5
55
116
229
215
212
163
161
138
131
39
-5
-11
-15
-38
-30
-110
-134
-145
-159
-187
-169
-158
-140
-124
-107
-77
-8
-37
-35
59
136
287
330
283
223
145
132
72
74
82
148
244
294
305
245
214
197
138
143
78
52
32
2
-11
-45
-98
-122
-145
-172
-161
-173
-169
-167
-156
-135
-112
-93
-66
-38
-14
137
263
278
186
123
55
39
-1
-14
39
87
159
228
201
163
131
147
39
11
-22
-38
-37
-112
-146
-179
-210
-237
-239
-242
-261
-271
-268
-249
-214
-221
-161
-165
-137
-81
-31
110
151
180
138
37
-1
19
-31
-38
-27
114
131
212
195
149
143
43
43
2
-22
-34
-35
-34
-112
-138
-172
-174
-217
-201
-206
-183
-189
-177
-146
-140
-127
-79
-14
-27
119
273
291
261
178
143
107
54
43
81
131
235
290
295
271
225
182
148
131
84
46
27
17
-17
-27
-37
-93
-58
-149
-155
-169
-135
-133
-135
-107
-76
-101
-58
-32
84
146
289
307
244
159
141
27
11
20
53
133
187
251
242
199
167
129
136
22
2
1
-28
-41
-98
-142
-172
-199
-218
-236
-271
-236
-235
-217
-203
-181
-174
-169
-134
-75
-38
124
198
185
135
43
-25
-32
-57
-51
-65
110
145
146
155
104
131
54
-5
15
-29
-49
-95
-130
-147
-186
-199
-204
-208
-239
-236
-256
-206
-177
-167
-150
-140
-114
-62
-39
117
208
245
213
134
116
38
14
-13
45
117
107
245
249
218
187
170
135
116
51
33
19
2
-22
-43
-54
-109
-138
-149
-142
-140
-127
-112
-101
-80
-46
-49
-37
-21
114
265
331
301
227
151
122
55
52
27
118
137
275
291
259
223
180
147
128
51
38
2
-1
-29
-22
-114
-143
-125
-219
-187
-193
-235
-193
-158
-172
-133
-107
-109
-77
-44
114
131
251
190
134
35
-2
-2
-42
-44
50
116
146
187
146
134
129
35
5
-34
-44
-79
-110
-147
-159
-203
-204
-257
-270
-275
-245
-236
-246
-225
-203
-187
-172
-133
-139
-37
119
211
221
164
131
5
-22
-5
-27
37
129
139
227
211
167
154
133
67
21
20
2
1
-37
-103
-121
-119
-141
-181
-174
-189
-172
-156
-138
-114
-101
-61
-50
-31
63
127
286
340
271
203
131
129
66
37
86
122
263
286
271
255
223
179
132
146
63
46
37
-14
-19
-38
-28
-110
-141
-159
-169
-172
-143
-143
-143
-123
-125
-95
-65
-29
63
142
262
265
186
137
51
22
-22
-18
52
117
212
239
187
183
131
142
42
5
-18
-38
-31
-108
-134
-204
-191
-235
-246
-249
-261
-278
-251
-221
-210
-189
-171
-151
-131
-67
-29
130
215
178
143
10
-17
-37
-56
-53
-34
110
119
185
148
127
138
65
18
-18
-26
-41
-102
-93
-133
-151
-178
-203
-216
-215
-221
-208
-177
-169
-151
-112
-119
-73
-41
-2
139
276
274
215
137
131
43
23
27
79
137
271
291
275
262
201
154
138
125
54
41
25
-17
-32
-39
-110
-108
-136
-150
-152
-140
-143
-131
-123
-77
-77
-51
-21
50
110
290
315
271
190
131
59
39
31
45
100
126
241
251
218
167
133
143
52
14
5
1
-30
-28
-114
-127
-166
-171
-213
-232
-225
-237
-207
-210
-178
-162
-140
-121
-78
-39
138
186
194
129
121
-7
-21
-29
-50
-45
86
127
133
179
131
121
81
10
-39
-14
-28
-74
-129
-181
-178
-202
-218
-254
-259
-268
-241
-223
-208
-189
-172
-142
-121
-93
-31
97
137
245
212
142
93
-10
-13
-28
2
91
133
229
227
211
186
151
143
51
37
20
-17
-10
-32
-30
-81
-117
-140
-154
-165
-151
-126
-161
-109
-77
-59
-37
-45
26
119
246
325
299
231
168
148
84
20
75
117
128
283
289
273
231
206
159
131
67
41
38
15
-16
-45
-99
-121
-156
-187
-195
-186
-203
-167
-177
-128
-112
-150
-93
-44
-39
117
259
263
187
129
31
10
-15
-37
-25
97
141
200
187
147
154
79
35
-11
-28
-29
-75
-114
-146
-172
-190
-215
-253
-259
-271
-254
-301
-242
-211
-210
-165
-172
-112
-59
-45
130
195
174
154
27
75
10
89
37
27
148
121
213
186
149
132
114
27
-1
-11
-30
-44
-45
-86
-142
-140
-155
-225
-207
-210
-183
-161
-156
-129
-103
-71
-45
-37
67
129
314
305
242
155
139
74
41
37
90
134
261
293
286
258
212
173
131
129
65
46
57
2
-11
-53
-79
-117
-139
-122
-173
-140
-141
-136
-105
-93
-70
-44
-44
-1
137
242
278
235
175
135
53
7
17
7
99
117
234
237
203
159
151
138
35
-1
-7
-29
-32
-97
-125
-172
-179
-217
-242
-262
-252
-204
-228
-203
-199
-153
-157
-133
-76
-35
131
157
195
135
52
-9
-27
-11
-76
-33
91
143
148
145
155
135
34
-2
-25
-37
-28
-85
-95
-140
-177
-182
-218
-223
-231
-237
-229
-218
-172
-190
-141
-65
-82
-54
-37
114
235
276
229
139
116
36
14
7
38
127
187
267
256
225
191
178
142
137
59
30
30
14
-13
-43
-45
-102
-139
-156
-142
-157
-151
-129
-108
-76
-75
-38
-40
36
114
246
335
281
212
143
129
54
59
52
116
147
244
275
251
218
171
153
116
33
14
2
-17
-34
-35
-121
-156
-157
-204
-235
-224
-220
-185
-185
-157
-151
-134
-109
-79
-46
117
201
229
170
139
20
-29
-39
-39
-25
79
118
170
170
135
139
78
20
-2
-33
-33
-77
-107
-139
-193
-177
-227
-245
-251
-277
-274
-255
-236
-245
-187
-155
-130
-101
-55
-28
163
228
208
131
107
-14
-9
-29
-23
69
123
229
239
201
151
151
135
54
20
5
-13
-33
-37
-40
-97
-45
-150
-177
-183
-175
-158
-135
-121
-93
-77
-57
-28
-21
70
127
301
294
249
180
138
114
54
50
90
129
246
291
285
215
211
180
147
148
67
37
35
0
-28
-44
-117
-124
-162
-172
-182
-174
-172
-161
-158
-125
-108
-83
-50
-25
83
139
277
249
154
139
43
11
-9
-7
77
127
203
212
195
129
148
71
27
-21
-32
-33
-117
-124
-157
-191
-189
-231
-265
-285
-268
-257
-259
-245
-204
-190
-155
-153
-103
-46
65
150
229
147
127
-8
-14
-44
-30
-49
77
130
199
211
147
147
123
27
5
-15
-27
10
-43
-114
-121
-143
-182
-187
-236
-208
-218
-185
-173
-169
-117
-105
-75
-55
-35
