-37
19
129
199
263
259
231
199
155
177
181
180
189
212
197
180
155
144
143
99
51
3
-23
-26
-43
-94
-146
-172
-207
-238
-255
-257
-272
-215
-173
-151
-139
-101
-44
3
149
148
197
159
143
145
130
146
144
134
135
135
129
131
106
79
59
24
-21
-27
-41
-93
-125
-172
-201
-241
-271
-291
-295
-284
-250
-222
-189
-154
-129
-85
-29
88
146
195
180
145
138
133
118
141
136
139
153
151
147
132
90
85
67
37
-22
-21
-41
-97
-121
-161
-183
-204
-219
-240
-236
-219
-195
-146
-140
-93
-61
-34
93
147
238
222
193
166
165
166
175
185
191
209
198
181
155
139
147
148
82
39
6
-13
-33
-33
-108
-159
-181
-197
-229
-229
-211
-186
-169
-141
-103
-58
-38
58
137
225
243
195
173
146
131
158
163
164
180
171
164
138
143
101
71
52
8
-15
-31
-33
-105
-155
-182
-225
-236
-264
-281
-274
-261
-214
-186
-172
-141
-83
-17
83
131
186
177
151
131
132
130
112
116
121
151
135
121
95
67
61
39
1
-41
-41
-78
-102
-133
-179
-204
-241
-268
-259
-277
-263
-236
-194
-158
-145
-103
-43
37
129
211
209
183
165
149
147
165
151
170
193
177
166
115
137
143
99
56
23
-5
-21
-16
-73
-115
-163
-197
-209
-245
-245
-243
-209
-177
-130
-111
-61
-37
66
117
219
244
215
191
163
163
186
180
181
185
191
189
165
123
134
134
85
42
-5
-21
-32
-28
-105
-145
-182
-217
-245
-249
-258
-241
-202
-173
-155
-108
-71
-35
95
137
209
180
150
131
142
136
128
130
132
149
154
141
138
84
83
55
21
-14
-37
-75
-96
-145
-181
-219
-234
-266
-278
-285
-281
-250
-215
-185
-149
-108
-44
-28
116
134
173
148
142
133
115
127
131
147
133
127
132
127
84
85
65
37
-13
-22
-28
-81
-107
-135
-169
-207
-227
-242
-261
-236
-206
-162
-142
-121
-93
-34
51
132
225
227
199
166
146
154
167
179
180
198
186
171
166
143
137
125
82
42
13
-6
-26
-29
-77
-146
-167
-194
-210
-231
-205
-204
-162
-139
-104
-78
-44
52
141
238
238
202
170
165
149
155
163
171
173
189
171
139
138
123
85
57
24
-13
-29
-41
-97
-125
-169
-202
-236
-258
-262
-275
-261
-234
-193
-156
-134
-78
-26
82
127
193
183
155
137
153
117
115
122
121
131
148
133
99
77
65
38
1
-27
-35
-77
-108
-142
-183
-214
-241
-268
-270
-279
-269
-245
-207
-165
-141
-97
-38
-31
120
171
221
195
158
128
150
137
135
151
173
180
154
143
139
116
84
65
20
-11
-28
-28
-85
-125
-141
-183
-218
-233
-237
-237
-233
-185
-151
-125
-71
-38
-9
125
219
265
262
214
186
175
180
180
191
198
211
195
171
151
150
125
121
66
29
-12
-19
-30
-96
-129
-186
-206
-234
-243
-238
-281
-201
-188
-150
-114
-77
-33
47
125
202
217
197
171
149
130
133
153
148
163
160
148
133
145
85
70
37
-10
-19
-33
-77
-117
-145
-197
-221
-242
-280
-285
-278
-268
-227
-193
-165
-121
-93
-37
86
131
201
186
151
148
139
107
123
127
131
139
146
146
114
83
62
49
18
-28
-31
-26
-94
-130
-145
-207
-220
-245
-263
-255
-225
-201
-171
-135
-94
-62
-31
101
141
223
225
202
163
148
151
155
163
176
199
191
171
147
137
127
115
61
39
5
-11
-34
-37
-108
-159
-177
-199
-206
-219
-204
-185
-141
-118
-79
-44
-33
99
137
247
243
219
166
149
159
161
171
173
181
180
164
149
133
127
85
55
33
-17
-24
-33
-95
-122
-171
-208
-241
-254
-262
-240
-231
-198
-167
-145
-101
-55
-24
138
129
214
180
141
123
135
123
160
127
130
147
142
139
75
67
42
37
-5
-13
-31
-98
-117
-140
-193
-221
-249
-273
-275
-274
-249
-221
-189
-155
-111
-69
-29
98
146
223
202
159
133
131
145
145
137
148
131
161
154
115
135
99
82
38
8
-16
-33
-28
-94
-130
-166
-199
-237
-251
-230
-217
-173
-157
-118
-96
-45
-23
94
158
228
241
214
163
163
171
173
179
185
197
196
179
175
139
146
131
84
53
6
-12
-28
-39
-115
-153
-175
-201
-222
-209
-220
-204
-163
-132
-107
-57
-34
79
134
231
234
207
159
131
147
131
135
137
158
155
148
147
123
84
67
37
20
-9
-31
-29
-107
-146
-173
-212
-250
-265
-265
-262
-236
-218
-190
-163
-135
-82
-43
97
135
197
153
147
131
96
107
115
121
137
149
139
123
85
84
62
40
21
-10
-22
-38
-105
-133
-166
-177
-230
-236
-253
-253
-237
-214
-178
-140
-111
-69
-39
116
142
298
221
167
145
139
141
143
148
162
190
182
153
131
146
99
88
59
34
3
-30
-33
-44
-127
-154
-184
-204
-222
-212
-207
-175
-158
-125
-76
-55
-45
83
151
228
241
212
185
165
179
171
163
179
185
180
175
150
139
143
86
84
33
20
-17
-33
-37
-119
-157
-188
-199
-223
-237
-236
-225
-159
-177
-150
-112
-53
-32
119
139
189
159
143
138
141
103
116
123
129
134
149
117
89
79
53
47
3
-14
-34
-45
-93
-140
-172
-215
-237
-254
-268
-274
-245
-220
-203
-169
-140
-82
-28
67
128
177
173
144
138
142
121
111
131
131
141
143
145
110
82
84
68
36
31
-1
-28
-28
-101
-134
-171
-186
-205
-220
-231
-217
-198
-156
-129
-114
-65
-30
85
145
218
211
185
153
148
147
173
135
175
191
199
173
147
139
131
145
84
70
26
18
-11
-31
-101
-119
-159
-177
-204
-207
-204
-172
-167
-130
-125
-93
-33
41
133
212
238
197
165
150
138
127
137
132
133
163
138
131
125
89
84
52
23
-13
-15
-44
-74
-130
-153
-198
-217
-241
-242
-245
-229
-197
-183
-141
-129
-81
-39
84
130
171
169
149
130
103
112
114
116
104
123
122
103
67
52
51
33
5
-11
-37
-23
-85
-131
-170
-191
-233
-235
-230
-233
-231
-204
-191
-155
-145
-101
-24
68
135
217
201
178
135
142
146
129
123
138
139
167
167
150
127
99
101
52
40
9
-22
-38
-29
-101
-139
-156
-176
-204
-203
-206
-172
-147
-131
-101
-65
-27
58
142
245
244
209
175
154
163
173
151
164
175
195
173
150
137
136
95
82
47
13
-27
-27
-24
-103
-147
-162
-189
-207
-205
-219
-204
-154
-157
-138
-108
-76
-24
105
150
203
182
132
139
111
115
123
114
128
110
144
131
101
74
54
38
17
-9
-11
-43
-76
-134
-169
-199
-236
-237
-251
-251
-236
-233
-203
-178
-157
-115
-44
-28
105
143
167
153
135
125
99
98
109
117
133
135
148
111
85
81
52
31
10
-15
-30
-29
-78
-111
-153
-182
-206
-197
-223
-230
-190
-197
-146
-125
-101
-43
-28
117
143
227
212
155
149
143
143
135
160
171
175
180
151
135
147
123
94
83
34
20
-17
-23
-28
-93
-140
-154
-176
-193
-189
-183
-167
-131
-120
-111
-61
-31
86
139
227
221
186
143
137
139
147
143
155
179
155
153
136
148
84
69
49
29
-12
-28
-39
-98
-123
-173
-183
-219
-218
-236
-238
-223
-193
-178
-156
-128
-61
-37
106
146
190
177
138
139
116
99
116
109
121
131
135
107
85
58
41
37
11
-12
-44
-44
-106
-141
-173
-204
-225
-227
-259
-259
-234
-221
-188
-143
-135
-105
-33
62
133
197
189
150
141
131
147
119
116
147
147
148
139
137
143
95
84
51
21
-8
-17
-34
-24
-120
-142
-153
-197
-208
-202
-186
-184
-156
-128
-108
-79
-24
69
137
243
242
210
185
169
163
155
165
175
181
186
191
155
151
143
145
80
55
27
3
-12
-27
-101
-130
-169
-189
-194
-222
-209
-189
-175
-157
-136
-117
-77
-28
72
138
215
217
173
136
147
146
137
112
130
139
141
137
128
86
70
54
37
1
-17
-41
-49
-119
-141
-181
-214
-243
-242
-256
-255
-235
-219
-186
-183
-143
-93
-35
86
139
186
173
133
130
95
103
99
105
116
129
133
127
90
73
70
52
3
-5
-28
-38
-77
-121
-145
-177
-204
-210
-240
-235
-209
-186
-172
-140
-117
-76
-37
95
136
234
214
191
149
149
148
147
131
177
179
177
163
141
147
137
105
86
49
22
-7
-12
-34
-103
-137
-172
-173
-198
-173
-198
-172
-155
-133
-121
-77
-42
-11
116
234
267
230
199
162
149
148
133
141
175
180
169
158
133
133
111
79
41
-5
-22
-23
-43
-93
-145
-172
-254
-217
-250
-246
-228
-208
-198
-173
-157
-112
-42
-22
125
183
206
178
148
134
130
102
98
130
132
139
131
111
82
67
42
24
-9
-13
-31
-102
-130
-157
-193
-211
-238
-250
-257
-258
-237
-230
-189
-170
-149
-93
-49
91
131
225
223
170
148
147
138
107
117
116
148
159
148
129
132
99
72
52
34
-17
-30
-27
-93
-123
-161
-175
-189
-206
-225
-209
-177
-173
-149
-123
-101
-31
-6
123
235
258
229
209
163
163
148
186
169
194
212
194
163
143
133
132
110
52
23
-11
-24
-29
-38
-124
-154
-188
-202
-215
-215
-204
-198
-165
-161
-117
-82
-30
51
145
230
233
193
155
148
137
142
131
132
131
139
151
135
131
83
70
52
20
-15
-30
-30
-108
-146
-162
-210
-225
-237
-257
-257
-238
-219
-179
-181
-159
-108
-24
42
131
203
211
163
146
141
90
86
94
117
148
142
143
115
78
71
61
24
3
-12
-29
-37
-109
-144
-179
-202
-225
-237
-235
-224
-204
-193
-172
-159
-99
-76
-44
121
139
231
235
191
157
143
143
151
162
180
179
179
194
148
136
148
86
68
33
5
-12
-24
-44
-112
-153
-173
-189
-207
-191
-190
-181
-152
-137
-121
-93
-37
71
127
259
267
244
193
163
155
150
149
157
179
179
177
151
133
127
116
65
37
18
-15
-27
-42
-123
-146
-178
-204
-225
-237
-241
-220
-218
-204
-178
-156
-115
-43
-18
133
211
228
189
149
131
137
105
107
137
123
142
145
123
84
75
58
43
-2
-13
-43
-103
-140
-141
-173
-194
-225
-257
-263
-261
-251
-236
-206
-204
-165
-107
-38
-3
133
223
229
177
151
135
139
119
123
121
137
137
151
133
125
102
74
45
27
-13
-21
-45
-31
-115
-146
-178
-192
-211
-209
-209
-203
-189
-172
-139
-111
-60
-43
109
125
267
261
218
183
181
149
161
163
177
207
193
195
143
138
133
139
73
43
3
-11
-27
-33
-112
-125
-166
-182
-212
-218
-209
-197
-182
-157
-141
-103
-47
-22
127
212
238
225
175
150
135
143
159
143
129
132
158
135
123
86
84
52
20
4
-14
-29
-24
-133
