-122
-109
-49
-44
30
9
-15
-23
-26
-41
-30
-93
-85
-55
-57
-46
-43
-76
-42
-38
-43
15
91
101
106
129
145
123
127
147
153
139
-6
-45
-166
-178
-150
-156
-109
-61
-42
-12
17
-28
-30
-39
-40
-97
-78
-77
-67
-24
-44
-63
-49
-45
-41
-45
35
94
119
120
118
135
129
127
124
142
139
3
-40
-152
-168
-165
-139
-111
-71
-37
40
21
1
-13
-35
-28
-35
-76
-76
-49
-43
-30
-45
-33
-44
-44
34
52
106
145
149
167
179
174
179
178
169
121
21
-38
-127
-133
-145
-126
-103
-28
-12
43
35
5
-16
-13
-14
-51
-85
-61
-42
-43
-30
-45
-39
-24
-28
21
47
91
139
150
134
157
179
171
147
117
145
3
-38
-154
-171
-154
-137
-138
-73
-50
20
3
2
-28
-28
-40
-96
-94
-85
-63
-57
-59
-61
-76
-28
-41
-44
41
83
122
122
119
128
127
148
137
119
148
3
-44
-159
-183
-157
-140
-129
-52
-52
-10
5
-30
-23
-37
-41
-69
-93
-97
-73
-43
-57
-75
-59
-35
-42
-13
28
103
115
122
126
165
164
163
148
150
155
34
-49
-149
-156
-157
-121
-99
-52
-42
36
23
15
-23
-37
-40
-42
-93
-44
-28
-50
-37
-39
-33
-37
9
54
84
121
129
143
170
183
181
178
162
167
144
23
-41
-149
-156
-141
-127
-85
-43
-30
39
20
-12
11
-26
-30
-46
-69
-54
-45
-47
-28
-44
-39
-37
-59
11
52
111
118
155
139
157
161
161
137
126
112
-10
-44
-157
-179
-165
-137
-108
-49
-44
5
-1
-30
-33
-41
-74
-85
-97
-86
-69
-61
-44
-41
-41
-25
-28
2
73
98
135
135
136
149
163
178
143
134
37
-16
-126
-187
-154
-142
-134
-76
-21
-42
10
-10
-5
-12
-55
-43
-76
-85
-50
-47
-28
-41
-41
-43
-45
-15
37
83
123
135
166
173
174
180
180
175
157
114
-28
-103
-140
-133
-104
-113
-57
-30
51
28
17
4
-7
-15
-18
-44
-63
-28
-46
-42
-19
-44
-44
-7
23
52
98
135
126
180
175
185
155
174
155
139
5
-37
-151
-156
-154
-140
-108
-42
-41
42
19
3
-28
-37
-41
-77
-83
-71
-37
-41
-47
-71
-44
-45
-33
-11
55
111
121
131
153
159
159
155
162
144
57
-13
-138
-162
-168
-151
-129
-93
-41
-57
19
-5
-41
-25
-33
-38
-86
-101
-70
-47
-41
-57
-51
-43
-28
-35
11
84
106
136
119
185
161
162
142
150
147
35
-41
-138
-169
-154
-137
-109
-44
-41
41
35
-12
-11
-21
-43
-33
-69
-57
-44
-54
-28
-44
-30
-50
3
21
64
97
123
148
201
171
179
187
193
155
135
1
-30
-142
-146
-127
-123
-85
-39
-37
39
23
17
-5
-30
-46
-26
-69
-76
-39
-41
-55
-30
-40
-37
-18
-1
64
115
131
144
164
179
163
155
163
139
135
-14
-55
-138
-163
-143
-142
-76
-37
-38
20
13
-26
-22
-50
-35
-93
-94
-60
-61
-59
-55
-57
-54
-50
-33
-11
52
100
119
149
155
163
165
143
131
131
42
-34
-140
-171
-166
-142
-136
-78
-46
-23
26
9
-23
-17
-41
-49
-105
-76
-61
-42
-44
-38
-57
-30
-45
-16
35
86
135
117
170
163
165
180
180
149
115
33
-30
-123
-145
-150
-129
-101
-48
-42
47
36
14
-12
-17
-13
-27
-33
-63
-43
-45
-14
-43
-34
-25
5
39
61
109
147
150
193
174
194
178
179
163
119
9
-41
-123
-135
-129
-139
-75
-45
-44
20
20
-5
-25
-27
-39
-45
-75
-78
-74
-61
-26
-49
-54
-35
-30
21
71
95
121
139
142
165
149
128
129
136
118
-33
-73
-170
-172
-161
-149
-105
-64
-28
25
-12
-39
-28
-35
-48
-102
-94
-55
-73
-55
-65
-49
-30
-39
-28
-1
52
84
123
148
148
151
147
141
138
130
51
-27
-131
-154
-155
-140
-133
-73
-46
-9
20
18
-8
-16
-12
-25
-77
-70
-59
-25
-39
-37
-54
-44
-32
10
46
84
126
139
191
180
175
175
165
179
130
24
-28
-121
-133
-124
-108
-72
-44
-25
52
27
-10
-11
-9
-26
-35
-49
-60
-55
-32
-45
-38
-43
-44
-22
24
61
122
138
146
167
169
155
147
158
114
127
21
-30
-133
-143
-145
-135
-122
-61
-47
35
5
17
-17
-48
-37
-40
-79
-73
-42
-44
-61
-57
-37
-61
-37
-42
49
75
115
124
124
137
151
148
130
137
51
-22
-57
-181
-170
-156
-126
-95
-47
-26
17
-12
-8
-25
-28
-25
-105
-105
-76
-45
-46
-61
-61
-43
-28
-28
33
63
105
135
131
148
166
153
161
167
146
148
-12
-43
-161
-118
-149
-134
-60
-44
-12
20
23
-15
-28
-26
-38
-28
-76
-54
-28
-45
-50
-39
-28
-22
27
52
87
143
155
203
203
191
180
173
155
131
35
-28
-126
-151
-155
-120
-114
-52
-28
37
25
23
-12
-12
-28
-45
-65
-70
-32
-39
-41
-33
-44
-21
-35
3
42
97
119
121
144
177
171
154
142
148
139
3
-18
-156
-151
-169
-143
-103
-77
-42
-5
3
-17
-28
-43
-28
-85
-99
-93
-80
-59
-55
-56
-44
-44
-44
-28
52
89
123
135
119
124
163
147
145
124
126
-27
-44
-170
-158
-140
-145
-109
-45
-45
10
-5
-15
-28
-12
-44
-96
-108
-65
-57
-45
-44
-47
-45
-17
-15
25
83
119
137
123
180
180
171
161
162
147
115
-30
-28
-149
-145
-123
-123
-65
-49
47
27
21
-2
6
-25
-44
-25
-59
-21
-38
-33
-47
-43
-44
-22
21
39
85
131
132
162
167
174
153
162
159
151
34
-30
-122
-149
-149
-140
-127
-59
-44
30
23
-12
-15
-13
-12
-43
-65
-83
-54
-59
-33
-55
-46
-35
-41
-23
40
84
103
127
134
133
171
138
144
127
145
-10
-41
-159
-172
-159
-153
-129
-47
-34
-17
2
-37
-26
-41
-49
-85
-108
-95
-54
-59
-56
-54
-57
-45
-46
-18
41
91
131
131
127
172
163
170
134
137
137
-12
-37
-157
-156
-156
-153
-78
-61
-28
41
20
-21
-12
-22
-32
-52
-77
-50
-41
-34
-43
-37
-28
-45
15
52
85
121
131
141
181
190
178
183
170
163
146
1
-43
-153
-142
-123
-130
-76
-26
2
47
17
10
-28
-17
-38
-45
-86
-57
-41
-44
-38
-61
-27
-44
4
35
67
114
143
132
165
180
143
178
154
115
131
-30
-126
-161
-154
-142
-137
-101
-39
-17
27
-1
-28
-41
-17
-30
-94
-77
-82
-57
-75
-73
-42
-39
-41
-49
9
57
96
127
129
142
167
133
145
118
129
30
-18
-113
-162
-171
-157
-129
-101
-44
-25
17
-9
1
-38
-48
-40
-106
-85
-70
-61
-46
-61
-54
-47
-30
-22
35
81
115
117
133
175
154
155
148
154
124
57
-12
-127
-140
-145
-135
-109
-60
-42
47
28
15
-5
-5
-25
-30
-12
-75
-46
-57
-52
-39
-41
-33
5
30
57
106
119
136
169
169
163
171
161
155
130
54
-21
-129
-152
-143
-154
-105
-60
-45
47
34
-1
-19
-25
-23
-41
-98
-72
-52
-35
-55
-44
-38
-44
-23
11
52
87
127
111
138
139
123
146
134
152
135
3
-30
-150
-171
-165
-143
-129
-85
-49
-18
-5
2
-23
-34
-46
-101
-103
-94
-75
-69
-75
-79
-70
-28
-27
-27
50
82
118
122
144
127
139
138
145
143
148
-12
-28
-159
-172
-151
-139
-123
-61
-32
28
11
5
-6
-38
-41
-52
-82
-75
-52
-44
-45
-71
-30
-52
-35
39
52
106
135
147
159
153
177
170
179
164
150
10
-47
-131
-139
-141
-135
-76
-38
-17
35
20
-1
-13
-11
-45
-35
-71
-61
-55
-37
-35
-32
-46
-26
1
47
79
105
111
139
167
173
165
154
182
151
134
13
-26
-157
-156
-155
-147
-123
-43
-45
39
5
-12
-28
-30
-35
-55
-93
-76
-73
-52
-69
-73
-37
-37
-33
20
65
101
119
119
145
120
139
139
142
149
86
18
-61
-166
-193
-161
-169
-137
-76
-22
10
-6
-28
-28
-30
-33
-103
-117
-84
-69
-55
-69
-49
-24
-33
-44
26
68
98
128
121
135
134
161
160
145
153
135
-11
-38
-141
-158
-161
-147
-108
-54
-21
39
18
3
-13
-27
-25
-27
-85
-40
-44
-26
-45
-37
-45
-26
23
41
84
115
149
131
165
168
163
185
183
150
147
-3
-51
-141
-155
-130
-119
-105
-45
-25
50
18
-5
-27
-18
-28
-44
-65
-65
-61
-47
-37
-38
-27
-41
20
34
91
103
103
131
147
148
147
159
159
135
133
-7
-47
-165
-174
-163
-137
-108
-59
-44
19
3
-12
-28
-23
-34
-112
-110
-102
-67
-63
-76
-72
-44
-61
-30
30
67
127
131
146
137
155
144
147
135
119
71
-33
-137
-171
-156
-149
-141
-82
-33
-43
22
15
-27
-27
-48
-30
-79
-81
-69
-67
-47
-41
-57
-45
-52
9
51
101
115
115
142
149
143
180
174
185
143
122
-12
-41
-139
-142
-146
-119
-74
-23
3
73
36
3
3
2
-28
-41
-52
-63
-44
-38
-27
-47
-28
-7
25
70
83
130
135
122
158
180
175
180
155
167
134
-25
-44
-153
-138
-146
-117
-83
-35
-6
25
6
-9
-27
-35
-17
-106
-95
-76
-44
-45
-54
-65
-28
-27
-12
51
78
100
119
141
126
134
127
129
139
155
51
-28
-134
-155
-158
-167
-145
-102
-28
-28
21
-13
-9
-17
-45
-28
-99
-81
-74
-73
-81
-63
-77
-37
-28
-30
47
73
113
135
123
153
131
138
148
141
152
83
-17
-120
-154
-165
-159
-112
-76
-45
-18
33
7
-28
-11
-21
-28
-57
-72
-61
-21
-43
-25
-28
-46
-30
11
74
91
135
124
153
161
163
165
167
179
142
139
-12
-33
-141
-140
-145
-139
-81
-28
37
37
34
19
-5
-44
-28
-35
-69
-55
-27
-28
-35
-45
-44
-28
39
39
84
138
129
136
129
159
149
163
141
126
148
-23
-43
-153
-156
-155
-141
-101
-44
-28
25
3
-15
-34
-40
-12
-85
-93
-77
-59
-69
-57
-55
-54
-22
-9
30
65
105
115
133
117
134
118
137
130
150
63
-16
-119
-171
-167
-152
-156
-105
-43
-13
26
17
-51
-25
-44
-21
-110
-94
-78
-71
-44
-40
-65
-45
-44
11
43
81
101
147
131
136
155
159
148
166
138
121
-14
-42
-145
-140
-142
-141
-77
-43
34
51
35
11
5
5
-38
-28
-75
-61
-33
-37
-30
-26
-35
13
36
74
105
142
133
131
155
179
173
171
177
163
151
-1
-43
-135
-137
-140
-140
-95
-34
13
36
19
17
-21
-25
-27
-25
-75
-44
-49
-28
-34
-28
-47
-28
35
27
78
126
115
144
138
133
131
131
151
145
129
-12
-37
-167
-156
-166
-156
-85
-46
-14
30
16
-10
-30
-17
-30
-109
-101
-70
-57
-69
-37
-63
-48
-44
-24
