-156
-178
-156
-140
-114
-117
-111
-131
-93
-76
-29
-28
-7
-25
-44
-43
-113
-172
-215
-237
-221
-204
-157
-131
-83
-97
-94
-125
-154
-158
-30
148
375
539
614
615
526
403
223
127
-5
-28
-95
-85
-133
-139
-118
-107
-81
-69
-103
-97
-58
-47
-25
14
-30
-6
-28
-29
-117
-154
-177
-201
-173
-181
-125
-99
-74
-45
-78
-102
-110
-85
-33
151
468
626
659
599
514
371
202
145
-31
-41
-65
-108
-125
-140
-108
-103
-77
-75
-69
-76
-47
-38
-23
-13
-7
-6
-29
-28
-123
-178
-218
-223
-215
-186
-149
-123
-109
-75
-134
-172
-143
-97
-41
223
462
583
595
547
449
258
131
-6
-43
-129
-138
-114
-127
-172
-151
-117
-127
-97
-127
-111
-59
-47
-50
-25
-23
-10
-24
-119
-166
-171
-277
-229
-151
-166
-111
-113
-80
-125
-101
-172
-150
-97
100
355
533
628
566
515
372
255
123
-19
-26
-105
-82
-117
-116
-123
-108
-76
-111
-109
-107
-65
-44
-53
41
-1
3
-14
-31
-101
-156
-203
-209
-207
-235
-155
-123
-30
-54
-62
-76
-135
-107
-21
133
419
594
643
599
515
386
244
131
-7
-15
-30
-94
-94
-149
-133
-76
-75
-76
-76
-61
-45
-17
-5
29
14
-23
-30
-46
-129
-184
-204
-201
-193
-177
-137
-117
-96
-101
-125
-145
-149
-109
-28
163
419
549
519
531
475
259
131
3
-40
-99
-93
-133
-130
-160
-130
-135
-130
-137
-117
-115
-85
-45
-38
-62
11
-117
-97
-53
-171
-225
-216
-235
-201
-160
-129
-115
-77
-99
-130
-143
-143
-27
151
339
532
611
602
515
410
213
103
-9
15
-105
-115
-119
-137
-125
-123
-70
-108
-79
-76
-75
-25
-12
11
6
-18
-24
-53
-108
-144
-199
-202
-188
-167
-127
-108
-65
-55
-93
-96
-111
-82
-30
143
419
628
675
607
463
372
241
129
-14
-37
-12
-76
-162
-140
-106
-93
-85
-65
-103
-69
-55
-41
-3
0
25
-31
-47
-93
-93
-163
-217
-204
-207
-193
-134
-46
-109
-107
-194
-151
-145
-108
-46
261
468
679
547
515
403
266
131
-17
-41
-117
-109
-131
-170
-159
-158
-124
-123
-98
-131
-108
-61
-41
-17
-19
-29
-18
-37
-138
-157
-227
-242
-238
-219
-177
-127
-102
-101
-121
-50
-101
-62
-37
136
385
555
618
579
518
369
211
137
-13
-29
-93
-121
-130
-145
-129
-109
-93
-94
-177
-101
-12
-42
-5
-29
0
-15
-76
-13
-78
-172
-225
-235
-185
-155
-152
-66
-9
-78
-106
-70
-115
-51
121
310
523
627
646
564
471
293
89
137
21
-71
-25
-133
-112
-125
-73
-12
-78
-9
-107
-66
-42
-37
35
-7
11
9
-39
-45
-155
-186
-213
-198
-199
-167
-108
-93
-76
-109
-93
-146
-125
-53
138
343
526
598
553
473
361
212
131
-18
-50
-94
-117
-143
-172
-163
-125
-125
-131
-143
-108
-79
-44
-29
-42
-44
-44
-18
-102
-142
-173
-227
-244
-213
-204
-183
-108
-95
-108
-108
-149
-157
-82
-12
239
473
563
594
555
357
305
147
20
-42
-57
-107
-94
-140
-146
-183
-105
-113
-115
-109
-81
19
-29
3
19
7
-25
-44
-81
-154
-177
-191
-199
-198
-138
-111
-75
-85
-86
-108
-108
-138
-53
101
387
533
635
611
511
419
241
65
-38
7
-25
-62
-80
-107
-108
-117
-71
-77
-85
-73
-44
-28
20
34
5
15
-5
-42
-155
-163
-204
-219
-213
-175
-155
-94
-97
-73
-103
-139
-124
-83
-14
266
471
575
585
531
411
286
143
5
-29
-107
-102
-125
-135
-161
-153
-127
-151
-102
-108
-151
-54
-15
-34
-21
-39
-39
-76
-125
-194
-223
-236
-225
-184
-179
-154
-115
-106
-101
-151
-150
-138
-22
154
371
532
595
544
489
419
160
127
43
-54
-71
-105
-118
-106
-139
-107
-133
-94
-102
-97
-58
-21
-13
15
6
0
-15
-44
-132
-183
-182
-204
-189
-170
-138
-98
-62
-58
-103
-111
-109
-34
157
331
514
611
590
537
419
298
135
9
-14
-31
-31
-77
-113
-79
-96
-67
-73
-108
-53
-15
-13
-9
-9
20
-5
-18
-45
-109
-162
-179
-190
-204
-231
-133
-159
-39
-59
-81
-101
-131
-93
-62
89
405
594
585
500
419
318
174
73
-34
-53
-93
-112
-168
-174
-183
-121
-140
-107
-99
-111
-78
-44
-34
-35
-30
-43
-43
-110
-154
-197
-239
-237
-219
-204
-140
-122
-93
-105
-143
-149
-134
-109
107
419
523
595
532
469
373
212
147
-6
-39
-78
-102
-129
-130
-149
-125
-113
-86
-81
-93
-56
-28
-10
10
-12
-7
-14
-33
-137
-172
-189
-204
-181
-154
-147
-114
-93
-83
-103
-109
-123
-67
123
323
405
554
610
579
419
279
155
34
-9
-36
-29
-97
-108
-98
-110
-45
-37
-49
-45
-12
-41
0
36
-41
30
0
-27
-73
-153
-166
-135
-203
-102
-188
-174
-44
-39
-76
-133
-137
-103
-35
159
453
575
597
525
414
290
146
27
-23
-21
-99
-107
-167
-134
-121
-140
-131
-112
-117
-112
-70
-31
-46
-29
-12
-13
-67
-143
-204
-134
-204
-265
-230
-193
-147
-109
-99
-110
-125
-161
-134
-39
130
379
510
593
547
471
357
175
121
-14
-21
-78
-114
-137
-106
-133
-125
-107
-105
-135
-103
-71
-35
-38
23
26
-33
3
31
-105
-200
-210
-201
-213
-191
-129
-107
-85
-59
-86
-125
-76
-49
130
358
527
615
573
466
337
244
135
-10
-24
20
-62
-101
-140
-105
-97
-71
-61
-73
-69
-43
-24
52
49
22
18
-10
-15
-110
-167
-202
-201
-186
-140
-119
-76
-60
-69
-81
-125
-107
-66
119
323
487
591
579
500
403
273
145
-12
-28
-93
-105
-135
-140
-165
-124
-136
-117
-108
-118
-108
-61
-27
-30
-18
-28
-33
-29
-140
-189
-238
-248
-210
-204
-220
-135
-109
-140
-121
-159
-167
-121
-44
113
415
551
567
523
394
319
151
27
-27
-50
-104
-108
-125
-140
-119
-101
-85
-109
-107
-98
-75
-28
-6
3
-17
-23
-38
-66
-154
-189
-215
-189
-171
-171
-113
-82
-95
-75
-99
-121
-95
-44
118
413
564
595
555
463
355
207
147
-23
-15
-29
-98
-121
-137
-109
-86
-77
-54
-70
-29
-43
7
39
52
25
1
-25
-35
-97
-161
-181
-199
-171
-143
-108
-73
-59
-74
-105
-125
-110
-37
123
373
531
607
583
508
391
244
122
-59
-49
-27
-111
-134
-172
-140
-135
-110
-140
-49
-101
-81
-42
-26
-18
-11
-22
-29
-105
-146
-190
-235
-237
-222
-211
-177
-139
-97
-85
-143
-167
-191
-85
-35
259
419
539
562
493
391
246
121
-24
-41
-103
-127
-111
-155
-161
-140
-105
-137
-122
-97
-82
-45
-21
13
-9
-13
-25
-43
-87
-141
-172
-177
-193
-185
-157
-93
-79
-105
-111
-110
-133
-75
-29
148
449
555
585
532
447
320
175
115
-19
-37
-61
-95
-102
-117
-135
-98
-76
-93
-73
-46
-33
-26
41
20
22
0
-13
-49
-101
-150
-178
-181
-172
-135
-118
-83
-41
-61
-107
-105
-93
-69
145
406
564
589
577
485
352
211
148
-20
-21
-41
-101
-143
-162
-155
-146
-123
-108
-109
-98
-77
-35
-33
-5
-5
-27
-33
-85
-141
-185
-221
-209
-226
-201
-171
-122
-120
-112
-135
-145
-155
-60
103
298
465
595
538
483
363
239
141
-12
-53
-93
-111
-129
-159
-159
-121
-127
-138
-124
-107
-81
-38
-14
11
-18
-7
-24
-76
-117
-174
-202
-204
-199
-171
-139
-61
-98
-60
-97
-108
-143
-82
-29
177
463
575
607
533
450
303
181
52
-1
-46
-41
-105
-133
-142
-113
-117
-85
-62
-101
-71
-21
-44
19
59
31
7
-17
-33
-121
-149
-167
-193
-167
-123
-99
-70
-50
-74
-85
-98
-97
-46
134
366
532
595
587
503
385
251
137
-7
-49
-33
-93
-133
-140
-154
-121
-114
-121
-123
-107
-70
-25
-45
-23
3
-26
-34
-38
-134
-151
-211
-215
-210
-174
-181
-124
-103
-106
-141
-165
-172
-107
-42
154
417
532
567
503
405
275
138
-3
-44
-77
-108
-135
-139
-155
-151
-103
-77
-133
-125
-97
-65
-47
-14
-7
19
-31
-42
-101
-149
-184
-209
-215
-167
-156
-121
-113
-74
-109
-113
-139
-121
-34
137
363
535
599
575
468
356
234
116
-12
-45
-47
-88
-113
-133
-159
-97
-106
-105
-102
-69
-49
-43
7
20
15
20
1
-37
-102
-145
-176
-182
-157
-136
-98
-76
-47
-47
-66
-108
-87
-76
39
291
479
595
594
543
463
311
163
97
-21
-45
-81
-108
-134
-139
-145
-134
-133
-117
-77
-85
-53
-33
-17
11
-14
-24
-30
-109
-173
-187
-229
-220
-214
-177
-118
-113
-119
-129
-118
-133
-142
-25
138
356
507
559
545
419
340
180
139
-27
-65
-79
-127
-142
-155
-156
-140
-140
-134
-127
-93
-102
-44
-31
-28
-12
-13
-41
-44
-129
-163
-181
-223
-186
-158
-153
-93
-93
-62
-74
-117
-129
-118
-33
147
379
549
598
593
497
372
222
137
-7
-11
-34
-101
-94
-140
-124
-134
-109
-83
-106
-107
-56
-17
43
33
3
-13
-7
-41
-107
-151
-175
-170
-143
-131
-108
-49
-59
-75
-79
-95
-125
-45
70
294
497
602
618
531
455
323
163
100
-9
-21
-58
-81
-138
-140
-119
-106
-101
-115
-109
-103
-53
-13
-29
7
-13
-21
-33
-83
-133
-187
-204
-223
-189
-155
-129
-103
-93
-98
-124
-143
-150
-105
-19
131
411
531
567
511
407
259
131
3
-28
-102
-111
-125
-159
-172
-156
-140
-129
-118
-122
-86
-62
-62
-44
-12
-28
-26
-54
-103
-141
-193
-211
-220
-189
-157
-125
-101
-85
-109
-108
-115
-135
-59
71
305
489
591
585
519
409
289
171
7
-13
-44
-69
-107
-150
-135
-133
-117
-113
-76
-77
-77
-37
-55
18
-12
0
-5
-37
-43
-125
-134
-185
-177
-141
-133
-81
-56
-43
-33
-71
-115
-105
-53
121
356
515
597
587
507
403
261
139
19
-40
-43
-103
-94
-113
-121
-114
-75
-108
-117
-105
-76
-35
-49
-7
0
0
-17
-44
-134
-159
-204
-201
-190
-182
-158
-130
-99
-113
-123
-127
-149
-140
-76
101
319
503
553
491
471
359
203
132
-27
-45
-107
-113
-157
-166
-157
-162
-135
-121
-146
-127
-79
-39
-38
-22
-5
-17
-55
-33
-119
-154
-197
-202
-199
-185
-172
-117
-97
-76
-109
-140
-113
-109
-49
131
391
537
594
554
469
355
222
139
-3
-53
-41
-71
-130
-140
-125
-106
-139
-120
-101
-78
-51
-41
-25
36
-18
-7
-6
-22
-119
-173
-199
-192
-161
-137
-107
-78
-50
-58
-70
-44
-94
-85
-41
119
390
563
617
569
483
383
243
131
11
-15
-25
-98
-95
-125
-127
-83
-105
-86
-108
-86
-74
-27
-45
0
-6
-15
-23
-43
-133
-172
-210
-202
-204
-159
-149
-130
-86
-107
-109
-153
-159
-122
-12
138
407
549
559
506
404
297
159
49
-37
-28
-106
-146
-147
-162
-163
-153
-142
-133
-137
-114
-76
-49
-48
-43
19
-15
-41
-94
-142
-183
-209
-211
-154
-169
-118
-107
-82
-95
-108
-151
-153
-94
-53
134
419
554
591
564
453
333
187
125
-12
-42
-55
-103
-125
