-193
-245
-268
-245
-225
-187
-141
-95
-114
-37
-47
-108
-157
-145
-30
146
492
751
819
747
631
419
219
122
-29
-101
-104
-103
-127
-140
-141
-122
-102
-93
-75
-53
-37
-27
21
-6
12
-29
-33
-125
-172
-195
-229
-207
-187
-129
-93
-53
-43
-30
-101
-121
-152
-29
123
517
739
810
747
631
419
243
133
-42
-113
-110
-122
-136
-173
-173
-161
-140
-116
-125
-93
-58
-43
-38
-34
-39
-106
-129
-163
-210
-262
-274
-267
-240
-202
-151
-103
-76
-51
-110
-165
-201
-127
-25
371
633
769
753
626
491
271
131
-33
-143
-149
-153
-162
-174
-189
-182
-158
-135
-140
-123
-85
-41
-38
-29
-33
-71
-118
-150
-195
-236
-258
-257
-229
-189
-141
-96
-50
-64
-69
-113
-156
-102
-44
375
629
802
803
710
547
358
167
2
-41
-85
-99
-105
-131
-140
-153
-122
-85
-93
-76
-55
-41
2
18
4
-19
-42
-105
-138
-179
-215
-213
-183
-204
-114
-54
-27
-39
-28
-44
-133
-93
-41
179
564
757
819
741
634
419
211
119
-39
-122
-99
-104
-116
-158
-144
-141
-129
-141
-126
-94
-45
-45
-43
-29
-25
-95
-135
-77
-221
-253
-262
-254
-215
-183
-127
-97
-93
-78
-109
-163
-194
-82
129
419
670
773
725
617
459
240
123
-33
-159
-139
-140
-163
-191
-108
-179
-167
-153
-133
-119
-71
-44
-23
-33
-43
-81
-118
-153
-198
-245
-268
-249
-221
-183
-140
-98
-69
-70
-107
-145
-168
-93
203
415
663
809
801
683
532
326
90
-30
-53
-121
-104
-99
-119
-140
-138
-109
-83
-93
-53
-44
-41
3
1
-13
-26
-27
-114
-156
-198
-224
-209
-194
-154
-105
-126
-39
-77
-42
-39
-116
-101
-30
323
587
767
815
691
579
393
167
6
-29
-107
-97
-115
-133
-123
-154
-137
-116
-103
-111
-72
-37
-44
-37
-28
-38
-93
-133
-188
-214
-250
-261
-249
-209
-149
-116
-81
-76
-85
-134
-172
-172
-46
139
487
691
785
697
561
393
187
0
-47
-146
-154
-162
-187
-193
-194
-175
-153
-149
-140
-113
-76
-45
-49
-55
-66
-105
-141
-163
-236
-236
-267
-250
-209
-185
-118
-77
-69
-78
-93
-141
-165
-101
86
395
660
783
770
657
532
303
143
-30
-97
-108
-94
-116
-119
-153
-143
-122
-106
-71
-65
-29
-47
19
7
-14
-33
-33
-56
-149
-185
-219
-204
-191
-146
-87
-46
-46
-45
-26
-77
-129
-76
-15
406
638
798
814
718
587
377
153
-21
-39
-115
-123
-122
-143
-149
-142
-185
-107
-100
-93
-54
-41
-39
-15
1
-30
-77
-138
-186
-220
-277
-258
-225
-199
-144
-125
-25
-61
-102
-125
-161
-158
-25
131
497
691
769
690
543
389
179
6
-45
-158
-156
-157
-178
-185
-178
-187
-158
-136
-139
-119
-93
-47
-54
-55
-81
-105
-146
-182
-247
-257
-271
-251
-213
-165
-138
-76
-61
-73
-99
-155
-153
-41
142
511
745
801
724
609
419
215
121
-35
-139
-123
-109
-126
-155
-149
-140
-108
-81
-93
-73
-28
-30
3
-1
-13
-28
-78
-138
-194
-206
-236
-210
-172
-122
-68
-47
-30
-46
-30
-102
-116
-38
137
498
734
841
790
663
498
285
143
-15
-98
-105
-99
-121
-155
-183
-137
-111
-98
-109
-81
3
-35
-33
-11
-22
-26
-81
-150
-229
-235
-256
-250
-233
-177
-145
-108
-79
-74
-103
-140
-167
-97
112
415
657
755
728
619
467
258
131
-30
-156
-157
-140
-155
-183
-197
-177
-151
-144
-139
-129
-93
-65
-41
-10
-71
-111
-133
-224
-206
-268
-273
-249
-226
-203
-141
-97
-73
-27
-83
-115
-169
-142
-33
295
571
739
775
667
554
400
147
-21
-30
-133
-134
-116
-135
-169
-141
-127
-109
-105
-93
-57
-30
-37
-17
-9
-28
-42
-98
-151
-185
-231
-225
-210
-166
-93
-71
-37
-43
-48
-75
-131
-93
-23
355
630
795
839
727
597
395
203
20
-43
-94
-85
-95
-127
-140
-65
-126
-121
-99
-99
-59
-38
-45
-29
-18
-33
-44
-138
-161
-207
-249
-254
-222
-204
-157
-101
-79
-9
-78
-101
-157
-173
-53
167
489
699
771
711
591
417
198
73
-48
-146
-152
-102
-163
-182
-183
-172
-166
-137
-140
-108
-76
-57
-46
-37
-83
-107
-154
-198
-236
-273
-283
-229
-221
-189
-153
-107
-86
-81
-125
-165
-165
-32
139
509
690
818
726
625
457
240
131
-13
-137
-129
-133
-157
-155
-169
-150
-108
-108
-94
-63
-43
-39
-3
-11
-19
-43
-105
-140
-203
-225
-236
-223
-204
-145
-104
-45
-74
-39
-63
-103
-136
-34
135
469
731
841
807
687
519
308
138
-23
-76
-95
-85
-98
-137
-135
-136
-104
-93
-73
-80
-44
-33
-33
2
-18
-29
-82
-143
-189
-273
-239
-249
-206
-176
-141
-67
-58
-93
-98
-140
-177
-122
-30
351
634
787
779
671
514
291
134
-30
-145
-165
-145
-156
-177
-189
-176
-161
-138
-123
-125
-86
-59
-41
-53
-55
-94
-135
-184
-219
-261
-293
-286
-251
-223
-219
-118
-93
-76
-108
-147
-206
-173
-28
141
554
741
775
707
579
387
166
-14
-43
-136
-175
-130
-167
-173
-166
-137
-111
-108
-93
-74
-29
-45
-15
-41
-25
-35
-75
-151
-198
-236
-249
-221
-191
-140
-81
-44
-48
-34
-61
-133
-142
-34
146
564
883
825
745
623
457
227
104
-35
-79
-102
-97
-110
-140
-127
-35
-93
-78
-77
-58
-47
-30
-10
3
-39
-30
-110
-156
-197
-230
-254
-221
-181
-102
-115
-61
-54
-65
-97
-154
-158
-44
121
478
691
779
737
645
447
227
116
-28
-151
-150
-135
-153
-181
-190
-174
-142
-119
-123
-109
-74
-44
-54
-57
-79
-121
-130
-182
-229
-281
-297
-285
-221
-206
-145
-105
-104
-108
-122
-185
-198
-75
123
467
681
775
734
601
455
226
141
-30
-143
-139
-135
-149
-171
-172
-140
-130
-112
-109
-109
-41
-41
-23
-18
-29
-30
-109
-141
-190
-245
-245
-242
-199
-158
-108
-61
-37
-42
-67
-116
-154
-96
135
419
724
825
787
673
523
291
135
-21
-73
-74
-93
-111
-134
-140
-129
-93
-75
-55
-57
-47
-28
67
11
-4
-42
-29
-133
-172
-236
-235
-247
-206
-167
-121
-76
-51
-51
-114
-131
-159
-104
102
416
665
801
787
628
497
277
141
-63
-155
-140
-136
-147
-162
-181
-170
-141
-121
-120
-114
-67
-47
-34
-45
-71
-86
-129
-143
-210
-265
-289
-284
-256
-216
-166
-129
-85
-93
-109
-154
-194
-150
-26
357
602
747
751
643
498
294
135
-13
-128
-140
-140
-142
-159
-187
-174
-155
-140
-110
-103
-57
-38
-45
-28
-23
-43
-97
-133
-162
-220
-237
-247
-217
-170
-139
-85
-77
-45
-53
-106
-120
-113
-26
355
623
788
807
715
563
366
163
-2
-43
-82
-98
-98
-114
-137
-126
-108
-76
-75
-67
-34
-38
19
3
7
-29
-25
-118
-141
-193
-233
-247
-220
-218
-125
-66
-48
-9
-73
-108
-153
-133
-24
223
567
763
787
711
570
391
165
-13
-44
-146
-151
-144
-153
-187
-175
-156
-142
-112
-105
-77
-49
-29
-33
-74
-53
-105
-154
-191
-245
-271
-284
-245
-229
-186
-130
-86
-85
-111
-146
-181
-207
-76
138
453
671
795
707
590
415
195
39
-37
-149
-145
-145
-167
-172
-165
-171
-140
-125
-103
-78
-51
-37
-34
-27
-38
-30
-121
-151
-189
-217
-242
-236
-201
-154
-142
-50
-39
-30
-76
-126
-155
-93
30
395
647
798
807
703
550
327
137
-12
-37
-103
-129
-109
-169
-142
-137
-104
-76
-54
-46
-29
-30
8
3
2
-30
-42
-101
-148
-199
-226
-231
-204
-153
-121
-82
-61
-52
-67
-128
-143
-82
83
411
666
802
789
675
513
311
143
-21
-118
-126
-134
-165
-162
-182
-174
-156
-133
-119
-113
-71
-44
-33
-44
-41
-76
-108
-161
-204
-240
-273
-270
-237
-204
-173
-114
-77
-85
-102
-142
-211
-172
-25
135
535
707
723
662
523
331
146
-23
-140
-157
-157
-149
-172
-192
-173
-169
-134
-111
-95
-76
-55
-34
-37
-33
-41
-106
-145
-171
-204
-245
-253
-223
-202
-146
-98
-60
-41
-63
-108
-140
-116
-33
287
581
752
803
719
591
389
187
35
-37
-101
-108
-99
-127
-149
-139
-123
-73
-69
-61
-37
-28
34
30
2
-18
-39
-103
-134
-172
-209
-231
-204
-181
-122
-78
-57
-30
-59
-108
-151
-106
-22
367
635
779
785
704
547
347
148
-15
-60
-123
-140
-139
-167
-172
-210
-150
-118
-125
-105
-60
-44
-28
-38
-46
-32
-115
-151
-193
-245
-268
-284
-261
-215
-167
-137
-77
-59
-84
-118
-189
-172
-35
143
562
714
738
619
519
323
135
-27
-135
-157
-145
-172
-183
-204
-202
-172
-142
-135
-121
-78
-42
-2
-42
-29
-44
-125
-140
-179
-230
-252
-245
-240
-193
-156
-108
-57
-44
-74
-106
-149
-138
-39
143
555
735
817
735
602
417
151
99
-40
-109
-93
-108
-125
-143
-142
-130
-85
-80
-78
-44
-39
3
26
-13
-5
-30
-39
-119
-174
-213
-230
-215
-170
-133
-67
-45
-50
-44
-78
-140
-113
-29
329
607
769
795
702
567
370
151
-13
-38
-112
-125
-133
-145
-171
-172
-172
-122
-107
-108
-66
-46
-33
-41
-33
-41
-108
-150
-182
-231
-257
-268
-257
-215
-178
-127
-93
-77
-105
-123
-159
-143
-37
131
543
715
726
659
537
340
116
-32
-174
-157
-149
-168
-222
-201
-213
-178
-153
-129
-159
-94
-49
-35
-44
-49
-81
-105
-152
-172
-225
-261
-311
-250
-206
-159
-107
-76
-58
-76
-122
-155
-133
-44
340
595
767
819
693
577
374
167
3
-44
-101
-109
-109
-140
-156
-154
-123
-104
-93
-72
-46
-23
38
0
-1
-23
-49
-93
-146
-197
-206
-218
-201
-162
-111
-69
-32
-47
-29
-44
-116
-121
-33
213
559
756
803
719
591
415
194
65
-42
-114
-122
-122
-140
-150
-162
-157
-123
-109
-102
-73
-33
-44
-40
-25
-45
-97
-137
-178
-221
-269
-284
-249
-221
-185
-140
-95
-76
-93
-133
-183
-141
-33
273
587
758
771
660
534
278
136
-25
-140
-156
-135
-178
-199
-211
-198
-165
-149
-155
-142
-108
-49
-53
-47
-67
-79
-113
-166
-187
-238
-274
-277
-242
-217
-157
-115
-69
-49
-78
-125
-170
-108
-41
358
635
771
783
681
539
346
141
-23
19
-125
-105
-130
-143
-154
-157
-128
-93
-86
-79
-55
-40
19
29
-6
-46
-44
-113
-156
-207
-223
-223
-193
-168
-119
-50
-28
-40
-35
-33
-129
-96
-41
355
619
803
821
725
598
394
169
11
-44
-123
-120
-135
-149
-146
-156
-131
-109
-87
-80
-53
-43
-28
-14
-43
-45
1
-140
-198
-227
-261
-271
-238
-207
-173
-107
-74
-75
-119
-140
-179
-149
-29
291
579
755
779
678
532
340
134
-32
-139
-171
-156
-169
-223
-199
-187
-185
-157
-139
-141
-113
-61
-44
-51
-57
-98
-126
-137
-217
-219
-274
-302
-254
-206
-151
-105
-74
-75
-77
-133
-174
-156
-28
307
579
767
791
739
564
371
149
-3
-41
-119
-130
-123
-157
-167
-147
-139
-115
-149
-76
-9
-33
-18
-6
-22
-24
3
-108
-160
-205
-236
-239
-203
-186
-126
-60
-26
-41
-39
-71
-173
-86
52
386
601
819
821
725
