-278
-259
-267
-238
-252
-257
-179
-25
419
736
907
874
735
530
295
133
-43
-157
-117
-79
-81
-71
-63
-57
-33
-26
-66
-76
-95
-63
-75
-106
-114
-129
-137
-150
-183
-229
-270
-289
-299
-279
-254
-238
-221
-215
-221
-229
-159
-34
451
743
931
922
788
587
361
143
-13
-101
-70
-76
-39
-65
-61
-27
-37
-29
-12
-30
-30
-41
-42
-58
-85
-93
-97
-126
-153
-199
-241
-282
-254
-264
-242
-221
-204
-200
-206
-217
-175
-35
375
697
898
931
822
627
402
163
-2
-28
-86
-44
-42
-44
-77
-45
-39
-37
-42
-43
-76
-80
-76
-102
-113
-129
-140
-153
-188
-225
-267
-309
-323
-299
-293
-261
-250
-234
-268
-257
-219
-35
321
649
853
884
788
601
371
148
-25
-139
-117
-69
-71
-69
-93
-68
-53
-48
-59
-61
-81
-81
-63
-93
-108
-125
-139
-149
-176
-221
-269
-303
-307
-291
-268
-245
-222
-220
-222
-235
-215
-19
271
651
881
923
833
655
419
197
19
-28
-65
-58
-41
-44
-57
-40
-37
-43
-19
-28
-41
-28
-49
-65
-81
-95
-109
-114
-151
-189
-222
-267
-282
-262
-251
-226
-210
-201
-194
-211
-197
-45
131
631
867
973
879
695
475
239
135
-48
-76
-45
-45
-29
-65
-45
-33
-35
-41
-41
-67
-66
-66
-93
-122
-103
-126
-135
-158
-202
-247
-311
-329
-310
-294
-269
-236
-234
-235
-241
-227
-76
139
579
819
898
825
653
419
211
18
-58
-119
-94
-76
-82
-94
-80
-61
-58
-54
-75
-93
-85
-80
-101
-118
-125
-131
-149
-169
-207
-246
-283
-311
-306
-284
-266
-242
-225
-236
-227
-236
-140
116
511
783
923
866
731
532
306
137
-30
-103
-69
-47
-53
-45
-49
-43
-33
-41
-35
-44
-43
-53
-53
-94
-95
-106
-114
-143
-177
-202
-268
-309
-286
-257
-229
-231
-204
-175
-197
-203
-123
59
480
765
931
923
779
571
347
136
-27
-34
-44
-30
-25
-32
-51
-32
-25
-19
-41
-38
-37
-58
-58
-86
-103
-123
-128
-149
-175
-231
-271
-300
-305
-268
-268
-245
-221
-217
-235
-233
-188
-30
355
670
875
891
779
593
362
155
-15
-134
-72
-75
-95
-73
-73
-87
-66
-59
-65
-79
-93
-94
-98
-95
-123
-140
-150
-167
-194
-222
-268
-302
-317
-300
-271
-254
-236
-225
-229
-247
-236
-93
135
563
819
915
865
694
486
263
148
-26
-95
-48
-53
-53
-57
-49
-41
-34
-44
-37
-39
-49
-59
-67
-82
-102
-108
-126
-145
-205
-225
-272
-284
-279
-252
-247
-220
-194
-204
-204
-211
-125
123
505
779
931
921
768
559
329
137
-18
-38
-37
-30
-41
-35
-29
-35
-28
-15
-30
-34
-32
-49
-61
-79
-101
-108
-123
-157
-177
-209
-261
-300
-300
-283
-270
-237
-225
-214
-220
-233
-213
-37
202
639
855
903
819
628
411
183
-12
-69
-96
-76
-67
-69
-76
-73
-61
-47
-73
-79
-82
-86
-93
-112
-133
-133
-145
-172
-190
-221
-283
-306
-320
-311
-285
-269
-239
-233
-233
-245
-247
-93
143
549
809
894
847
684
483
244
135
-32
-98
-74
-54
-51
-57
-65
-53
-46
-55
-39
-57
-76
-65
-65
-85
-106
-122
-129
-147
-183
-221
-263
-273
-275
-254
-226
-220
-204
-187
-205
-205
-160
-30
399
719
926
923
827
627
407
179
-3
-29
-47
-53
-34
-41
-44
-41
-5
-12
-15
-30
-42
-33
-49
-65
-93
-111
-108
-125
-155
-204
-253
-269
-286
-271
-250
-236
-208
-225
-214
-250
-219
-44
159
591
839
907
823
659
443
214
125
-43
-97
-75
-43
-61
-73
-73
-61
-29
-53
-69
-87
-106
-107
-95
-123
-139
-156
-168
-182
-221
-274
-316
-331
-328
-293
-271
-252
-233
-221
-238
-226
-93
143
532
786
898
831
647
462
247
137
-41
-102
-73
-54
-58
-71
-46
-51
-45
-49
-54
-71
-74
-70
-85
-98
-107
-118
-129
-141
-178
-213
-268
-297
-287
-262
-237
-215
-207
-204
-190
-220
-143
-11
419
779
919
921
787
571
341
139
-21
-35
-47
-34
-34
-15
-9
-39
-37
-7
-1
6
-23
-29
-46
-67
-81
-98
-105
-118
-159
-209
-236
-300
-299
-269
-251
-233
-190
-190
-199
-212
-172
-35
345
670
886
891
784
607
385
165
-10
-33
-93
-53
-54
-57
-63
-61
-50
-44
-44
-66
-86
-93
-85
-98
-117
-137
-147
-152
-161
-222
-273
-310
-348
-316
-277
-266
-241
-234
-237
-249
-231
-78
119
563
809
875
803
639
419
207
54
-19
-102
-73
-66
-69
-65
-73
-61
-44
-53
-61
-84
-81
-39
-107
-102
-110
-126
-131
-157
-199
-238
-271
-281
-281
-267
-235
-231
-204
-181
-205
-221
-109
121
501
765
907
879
738
539
305
143
-26
-30
-47
-34
-37
-55
-44
-26
-43
-42
-37
-33
-29
-46
-47
-53
-77
-98
-108
-126
-161
-196
-245
-278
-268
-261
-227
-215
-210
-202
-202
-197
-125
-3
458
755
909
891
756
553
338
141
-21
-85
-70
-44
-57
-77
-44
-61
-29
-54
-41
-58
-71
-78
-77
-97
-129
-128
-141
-157
-190
-229
-268
-300
-302
-297
-267
-261
-236
-226
-237
-251
-218
-38
138
617
827
869
779
597
387
165
-17
-111
-103
-70
-77
-75
-103
-66
-75
-47
-55
-70
-77
-79
-85
-101
-117
-139
-137
-147
-171
-211
-246
-280
-295
-275
-254
-237
-222
-204
-217
-213
-200
-72
147
563
782
898
853
698
468
229
139
-34
-59
-47
-34
-30
-30
-34
-46
-30
-37
-37
-34
-53
-55
-54
-77
-97
-101
-114
-129
-157
-202
-252
-293
-254
-270
-219
-201
-190
-156
-175
-202
-127
87
475
756
907
898
759
562
326
142
-13
-30
-55
-37
-46
-50
-53
-45
-42
-33
-43
-59
-74
-75
-82
-101
-134
-127
-137
-149
-190
-245
-271
-278
-293
-271
-268
-259
-252
-229
-222
-239
-210
-33
134
611
779
859
779
607
388
175
-9
-76
-123
-71
-71
-77
-77
-71
-69
-60
-45
-75
-93
-93
-97
-102
-130
-130
-103
-147
-182
-205
-247
-287
-299
-290
-254
-245
-229
-220
-219
-222
-215
-98
135
529
790
907
867
707
505
278
129
-29
-81
-47
-43
-41
-44
-40
-10
-27
-35
-56
1
-70
-35
-74
-106
-102
-108
-113
-129
-178
-204
-253
-246
-267
-238
-204
-195
-179
-177
-187
-194
-122
-35
447
747
921
917
803
569
353
143
-5
-30
-44
-44
-43
-61
-28
-12
-18
-48
-29
-29
-82
-98
-85
-95
-109
-122
-127
-149
-183
-219
-261
-297
-299
-282
-251
-236
-222
-239
-221
-234
-205
-43
135
611
819
842
759
625
406
167
-7
-69
-75
-53
-70
-76
-82
-70
-71
-59
-67
-77
-93
-106
-112
-107
-122
-143
-138
-172
-187
-220
-267
-306
-321
-298
-268
-250
-229
-217
-201
-217
-205
-53
138
563
817
873
794
639
467
254
127
-47
-77
-58
-45
-44
-74
-60
-70
-58
-44
-39
-61
-58
-63
-93
-59
-101
-109
-110
-147
-182
-233
-266
-281
-296
-205
-215
-204
-172
-159
-213
-177
-102
127
500
781
915
889
753
547
340
149
-17
-44
-30
-37
-26
-40
-42
-42
-35
-35
-29
-38
-28
-55
-82
-85
-108
-125
-127
-142
-179
-220
-236
-289
-270
-229
-238
-221
-204
-250
-226
-234
-197
-34
238
627
827
867
777
597
387
167
-13
-44
-78
-63
-64
-73
-78
-76
-65
-65
-63
-78
-65
-140
-97
-117
-141
-145
-154
-162
-187
-229
-273
-313
-313
-299
-277
-253
-207
-224
-184
-221
-226
-65
110
523
786
881
818
659
451
231
137
-38
-71
-49
-38
-54
-49
-53
-43
-42
-16
-33
-70
-66
-71
-47
-93
-82
-102
-117
-144
-179
-236
-266
-284
-268
-247
-219
-201
-189
-204
-219
-205
-93
133
507
770
915
883
735
533
318
163
-15
-35
-37
-28
-37
-30
-45
-71
-12
23
-12
-43
-22
-64
-49
-73
-101
-107
-118
-140
-174
-221
-268
-297
-294
-268
-240
-221
-204
-195
-219
-229
-148
-41
402
691
857
865
747
555
335
141
-25
-93
-77
-59
-61
-61
-76
-63
-61
-47
-77
-77
-63
-117
-108
-122
-132
-142
-156
-167
-201
-239
-286
-312
-307
-286
-273
-254
-239
-227
-247
-235
-222
-61
153
642
815
886
786
601
393
171
-12
-44
-82
-53
-44
-55
-55
-53
-44
-37
-39
-73
-76
-75
-76
-82
-103
-119
-119
-134
-157
-197
-245
-275
-274
-258
-236
-213
-235
-202
-195
-204
-209
-75
131
515
795
903
857
707
506
280
133
-30
-33
-42
-30
-34
-29
-29
-28
-12
-11
-25
-28
-28
-39
-65
-79
-126
-61
-76
-157
-204
-221
-252
-284
-282
-252
-236
-172
-204
-213
-246
-205
-140
106
482
745
879
863
731
521
335
139
-27
-105
-79
-63
-55
-69
-98
-57
-50
-46
-59
-80
-98
-101
-121
-114
-109
-157
-149
-159
-207
-284
-298
-310
-298
-290
-271
-243
-242
-222
-242
-247
-203
-41
197
618
819
857
770
591
383
163
-12
-44
-77
-61
-15
-70
-74
-57
-47
-45
-47
-75
-76
-82
-114
-44
-79
-126
-137
-119
-155
-218
-249
-270
-272
-259
-245
-220
-205
-197
-190
-202
-187
-44
142
562
802
887
862
693
482
245
139
-28
-73
-37
-38
-39
-38
-33
-32
-37
-18
-21
-34
-29
-61
-58
-29
-69
-105
-109
-138
-177
-225
-265
-279
-268
-241
-220
-205
-187
-188
-205
-205
-102
107
502
767
898
867
723
519
283
119
-35
-76
-73
-30
-55
-67
-65
-51
-45
-44
-55
-82
-95
-82
-96
-123
-126
-143
-140
-167
-204
-246
-286
-299
-301
-283
-266
-251
-232
-227
-238
-250
-190
-30
357
682
835
867
763
564
351
135
-17
-85
-82
-69
-67
-76
-85
-71
-49
-50
-59
-67
-61
-81
-104
-103
-117
-125
-131
-146
-158
-185
-247
-282
-288
-268
-238
-222
-202
-197
-190
-206
-204
-77
138
532
789
905
857
711
515
287
139
-30
-42
-45
-44
-41
-33
-37
-33
-42
-32
-23
-33
-41
-54
-66
-78
-95
-86
-105
-134
-179
-217
-247
-268
-258
-236
-217
-194
-185
-183
-204
-214
-130
5
451
724
886
865
746
550
326
143
-12
-33
-54
-43
-43
-55
-57
-58
-42
-41
-49
-76
-82
-97
-98
-108
-123
-135
-139
-150
-186
-235
-274
-287
-295
-277
-261
-241
-225
-222
-231
-238
-207
-30
219
610
811
863
765
582
372
151
-13
-70
-94
-63
-70
-76
-85
-76
-69
-60
-69
-71
-101
-97
-93
-101
-118
-131
-134
-147
-172
-215
-262
-283
-291
-279
-258
-226
-215
-199
-202
-211
-220
-102
123
513
777
884
854
706
501
279
137
-27
-28
-45
-37
-29
-41
-57
-43
-35
-38
-42
-38
-53
-60
-73
-93
-95
-106
-113
-139
-165
-204
-237
-250
-251
-237
-218
-199
-177
-158
-189
-204
-154
-28
363
670
867
898
798
621
406
185
15
-30
-44
-42
-41
-30
-60
-57
-44
-37
-45
-49
-75
-77
-76
-103
-119
-127
-140
-142
-171
-213
-257
-281
-284
-284
-269
-246
-229
-221
-229
-236
-221
-87
122
515
766
870
811
656
450
228
131
-39
-108
-76
-70
-73
-82
-80
-69
-64
-70
-73
-85
-93
-113
-102
-118
-133
-141
-143
-165
-193
-241
-275
-285
-270
-266
-250
-235
-215
-211
-222
-227
-172
-29
371
674
867
897
787
611
385
162
-5
-41
