-156
-138
-108
-78
-71
-58
-44
-31
100
196
403
470
475
398
293
169
137
22
-7
-21
-6
-12
-34
-98
-143
-153
-155
-152
-161
-175
-196
-189
-190
-214
-204
-219
-219
-210
-201
-215
-183
-172
-149
-106
-100
-93
-45
-43
100
245
415
475
467
375
257
163
133
31
3
0
20
19
-44
-19
-120
-129
-117
-114
-113
-131
-131
-126
-137
-155
-157
-151
-151
-153
-143
-143
-133
-102
-54
-39
-25
-25
34
100
151
387
510
547
487
387
278
196
127
148
58
69
66
46
11
-37
-33
-65
-57
-57
-76
-81
-97
-93
-108
-134
-135
-140
-142
-137
-140
-127
-81
-76
-53
-63
-38
-41
22
118
265
419
503
506
405
290
180
131
48
22
-7
5
9
-13
-41
-126
-150
-137
-134
-137
-159
-165
-170
-172
-191
-191
-196
-204
-204
-203
-198
-189
-171
-154
-123
-93
-85
-54
-31
127
293
419
459
419
299
191
131
31
-15
-25
-25
-18
-22
-41
-121
-149
-153
-145
-140
-138
-165
-153
-150
-154
-172
-172
-169
-183
-178
-172
-165
-140
-107
-78
-60
-41
-33
31
118
251
403
502
519
419
309
210
143
147
40
35
43
41
21
-17
-41
-76
-75
-93
-80
-72
-81
-86
-77
-95
-109
-121
-111
-109
-118
-123
-103
-74
-50
-25
-39
-11
35
98
131
335
479
543
517
415
289
191
139
71
26
15
27
13
1
-33
-108
-113
-103
-108
-123
-140
-146
-153
-150
-162
-182
-165
-195
-187
-185
-181
-165
-139
-111
-113
-76
-54
-33
59
148
355
450
477
411
290
180
131
3
-14
-34
-31
-27
-22
-93
-157
-173
-162
-150
-144
-158
-172
-181
-189
-177
-205
-219
-186
-187
-204
-192
-172
-161
-117
-100
-93
-76
-37
-31
127
273
419
510
500
415
281
179
131
51
22
19
26
22
-5
-35
-106
-103
-98
-81
-65
-108
-117
-118
-118
-133
-130
-135
-126
-140
-138
-127
-113
-76
-57
-28
-37
15
45
102
135
403
526
567
526
401
289
201
138
118
53
52
73
46
-13
-33
-77
-83
-93
-70
-95
-107
-123
-121
-127
-145
-155
-155
-153
-157
-165
-140
-141
-109
-75
-75
-71
-42
-28
99
145
371
489
500
411
302
186
130
46
5
-19
-19
3
-27
-35
-137
-155
-149
-145
-150
-155
-168
-189
-198
-201
-217
-214
-219
-228
-210
-210
-190
-173
-149
-121
-115
-97
-61
-29
86
147
387
485
490
405
263
170
130
22
-12
-6
0
3
-24
-44
-134
-140
-117
-111
-106
-97
-127
-125
-131
-150
-158
-159
-154
-167
-153
-146
-124
-105
-71
-58
-53
-44
-28
79
138
358
498
555
529
419
295
192
131
87
46
50
67
33
11
-17
-48
-65
-51
-54
-60
-75
-79
-96
-93
-108
-137
-135
-121
-117
-125
-118
-93
-79
-61
-58
-45
-45
-26
83
147
367
507
532
489
371
259
158
139
20
-7
-41
9
-15
-37
-125
-139
-132
-118
-131
-145
-156
-172
-166
-177
-191
-196
-199
-201
-199
-183
-175
-153
-142
-117
-93
-109
-62
-26
-26
138
357
467
483
393
291
165
125
11
-22
-22
-33
-44
-41
-130
-156
-149
-146
-139
-130
-140
-170
-165
-162
-163
-181
-177
-169
-173
-175
-155
-150
-133
-100
-76
-62
-46
-25
-12
123
297
462
546
539
419
315
212
135
123
20
20
49
37
-11
-40
-85
-81
-71
-79
-76
-82
-104
-107
-108
-105
-118
-120
-133
-118
-109
-99
-85
-58
-37
-15
-44
-28
31
89
135
375
520
564
527
416
306
189
131
79
25
33
37
17
-25
-31
-113
-108
-97
-100
-112
-125
-137
-139
-154
-159
-182
-178
-179
-176
-172
-166
-141
-121
-108
-105
-93
-54
-33
20
135
351
455
501
451
313
183
133
52
-10
-30
-31
-29
-30
-125
-158
-181
-174
-159
-170
-170
-192
-191
-196
-194
-213
-214
-221
-210
-219
-201
-174
-151
-137
-93
-98
-77
-54
-39
102
278
419
513
515
419
290
187
150
40
1
15
20
6
-17
-42
-117
-111
-105
-100
-100
-108
-118
-108
-125
-140
-156
-153
-140
-145
-138
-140
-108
-85
-57
-40
-33
-39
-12
127
139
379
515
587
546
419
321
232
145
135
53
53
52
35
-7
-33
-39
-67
-78
-70
-81
-87
-123
-117
-130
-143
-145
-158
-165
-161
-154
-139
-141
-100
-65
-59
-44
-41
-44
84
139
385
487
507
419
323
212
133
51
0
-15
-9
-12
-27
-30
-162
-153
-141
-140
-140
-165
-172
-183
-160
-181
-219
-235
-217
-232
-221
-209
-178
-171
-134
-127
-122
-100
-75
-21
86
144
398
486
470
379
259
162
148
17
-19
-12
3
-14
-31
-105
-131
-135
-118
-109
-123
-137
-146
-146
-143
-165
-168
-162
-161
-167
-158
-150
-118
-108
-61
-45
-44
-33
18
109
190
413
522
550
487
357
257
165
139
61
43
45
54
33
-11
-37
-44
-69
-48
-45
-69
-93
-100
-97
-113
-133
-126
-142
-134
-125
-115
-105
-85
-73
-45
-44
-45
-33
57
126
308
468
527
523
419
293
206
146
67
20
20
20
20
-31
-39
-129
-130
-122
-117
-121
-140
-155
-161
-165
-186
-203
-207
-204
-210
-198
-194
-173
-143
-111
-100
-93
-71
-38
-12
148
306
419
477
419
319
199
133
31
-11
-30
-31
-29
-29
-102
-147
-172
-156
-155
-168
-154
-171
-174
-172
-178
-187
-207
-210
-196
-190
-175
-158
-151
-108
-81
-65
-60
-31
-28
115
276
419
531
535
419
311
214
139
117
19
27
45
34
3
-30
-76
-79
-99
-71
-83
-107
-106
-129
-125
-131
-142
-149
-136
-123
-124
-111
-103
-74
-43
-49
-37
11
48
97
144
391
527
574
535
419
311
209
130
84
42
35
37
21
-25
-39
-86
-81
-95
-98
-107
-134
-146
-142
-140
-159
-172
-172
-182
-175
-175
-167
-149
-127
-117
-77
-65
-44
-30
99
138
385
483
489
416
287
180
145
31
-6
-21
-27
-17
-28
-97
-171
-165
-157
-157
-157
-179
-183
-205
-203
-201
-223
-228
-237
-228
-223
-204
-181
-165
-158
-127
-96
-70
-37
-41
123
295
419
511
475
390
263
179
135
35
19
0
11
5
-38
-44
-112
-100
-93
-107
-105
-118
-121
-135
-135
-149
-149
-151
-165
-150
-142
-133
-115
-93
-61
-37
-42
-29
34
116
190
401
526
579
527
411
299
203
137
123
52
54
75
41
-1
-44
-41
-65
-53
-75
-65
-95
-115
-126
-127
-147
-156
-155
-146
-157
-154
-135
-109
-108
-76
-46
-49
-39
39
126
291
419
527
503
414
290
199
137
41
1
-5
6
0
-33
-75
-137
-140
-130
-140
-118
-159
-169
-179
-187
-187
-219
-207
-196
-219
-206
-209
-192
-187
-153
-114
-109
-99
-49
-41
127
295
415
483
459
333
225
142
52
-7
-10
-25
-10
-14
-43
-121
-141
-129
-118
-127
-134
-146
-140
-153
-158
-174
-183
-177
-172
-171
-172
-145
-129
-113
-76
-67
-33
-30
-39
116
231
419
531
555
470
369
249
167
148
54
39
52
39
22
-14
-44
-75
-59
-54
-51
-73
-85
-103
-108
-112
-118
-140
-133
-124
-113
-121
-115
-78
-61
-44
-38
-13
-28
61
132
337
485
559
547
419
307
201
127
62
20
20
22
7
-27
-41
-107
-129
-118
-103
-125
-135
-150
-155
-158
-167
-189
-198
-185
-186
-182
-179
-171
-155
-117
-95
-93
-69
-41
-15
123
323
454
498
449
323
186
148
35
-1
-33
-42
-34
-37
-108
-151
-171
-161
-150
-161
-171
-189
-191
-183
-187
-194
-219
-210
-203
-189
-203
-173
-154
-137
-117
-85
-66
-45
-31
105
182
406
519
537
461
339
219
135
126
37
17
24
15
-5
-27
-58
-109
-79
-83
-86
-106
-125
-120
-108
-127
-142
-145
-145
-145
-143
-139
-108
-73
-50
-14
-28
-43
26
95
141
373
517
579
565
452
351
223
148
139
51
49
46
25
-12
-39
-103
-102
-93
-79
-82
-106
-123
-135
-137
-153
-172
-172
-181
-171
-157
-153
-155
-126
-103
-97
-62
-61
-28
59
138
340
483
519
468
354
237
141
99
1
-15
-13
-18
-25
-9
-143
-166
-151
-155
-156
-172
-185
-185
-192
-210
-212
-228
-235
-228
-219
-208
-207
-201
-162
-141
-118
-108
-85
-43
74
138
379
495
503
447
314
205
138
49
15
9
11
5
-21
-28
-120
-134
-121
-105
-108
-123
-129
-129
-143
-143
-157
-176
-159
-158
-154
-139
-127
-112
-77
-49
-45
-28
-28
67
142
330
483
551
551
462
327
237
158
135
58
50
63
50
17
-13
-42
-75
-54
-43
-76
-73
-99
-107
-114
-117
-151
-155
-145
-155
-153
-127
-121
-99
-76
-53
-53
-44
-41
59
130
337
468
539
521
416
289
179
139
39
6
-7
7
-12
-33
-77
-141
-146
-140
-120
-125
-149
-165
-172
-165
-196
-206
-215
-204
-204
-213
-192
-175
-170
-156
-135
-127
-109
-57
-39
127
293
419
486
449
335
212
107
35
5
-29
-13
-33
-29
-28
-139
-150
-150
-151
-135
-146
-154
-156
-154
-166
-183
-187
-172
-177
-166
-162
-155
-137
-114
-76
-66
-63
-37
-33
99
163
405
529
559
501
372
265
165
130
51
29
49
45
7
-22
-25
-93
-78
-73
-79
-71
-93
-85
-105
-107
-109
-122
-136
-139
-118
-117
-107
-86
-54
-44
-27
-30
-12
78
130
291
447
543
555
489
346
232
147
139
33
15
22
17
-12
-28
-105
-121
-108
-100
-114
-123
-140
-145
-150
-159
-183
-189
-199
-199
-183
-183
-172
-147
-125
-111
-111
-76
-49
-31
98
241
398
495
495
398
276
163
126
0
-29
-43
-28
-31
-37
-135
-167
-161
-154
-161
-166
-179
-182
-196
-201
-190
-210
-213
-201
-209
-201
-183
-169
-157
-122
-93
-93
-58
-44
-28
116
301
419
513
511
419
293
195
139
74
18
21
43
20
-12
-31
-98
-115
-93
-76
-93
-108
-107
-125
-124
-124
-145
-143
-143
-135
-127
-126
-95
-75
-54
-37
-35
-29
21
85
137
361
498
567
559
467
333
233
137
139
53
52
80
45
-6
-38
-69
-76
-78
-65
-93
-117
-109
-135
-141
-145
-167
-158
-161
-165
-165
-158
-142
-117
-77
-76
-69
-49
-38
43
127
323
450
507
489
367
241
149
147
19
-12
-28
-5
-19
-28
-109
-157
-146
-141
-139
-153
-171
-175
-189
-194
-213
-235
-226
-225
-217
-219
-196
-173
-158
-137
-118
-125
-100
-53
-39
149
306
419
500
470
367
245
148
141
20
5
0
3
-13
-34
-53
-133
-121
-109
-108
-118
-131
-125
-130
-142
-153
-151
-170
-165
-145
-146
-135
-117
-93
-74
-59
-45
-45
-22
102
126
388
519
571
529
393
267
185
143
123
59
67
63
42
6
-31
-42
-56
-54
-54
-65
-88
-97
-95
-118
-129
-134
-150
-156
-135
-127
-127
-109
-93
-67
-57
-44
-31
-24
90
138
373
500
543
470
351
237
145
118
22
-7
7
11
-12
-42
-118
-137
-129
-125
-137
-153
-156
-173
-179
-183
-191
-208
-213
-219
-205
-201
-182
-159
-138
-133
-125
-109
-83
-45
34
121
342
419
466
403
283
161
135
18
-38
-29
-39
-22
-50
-95
