-112
-81
-64
-43
-42
-19
14
18
1
-12
-27
-49
-102
-137
-118
-77
-44
-23
89
135
230
263
275
259
219
154
143
117
24
-17
-42
-106
-107
-126
-133
-113
-107
-98
-71
-73
-53
-33
-17
20
31
37
25
9
-23
-42
-77
-98
-101
-93
-49
-26
108
125
229
271
282
267
225
165
143
123
22
-13
-40
-115
-125
-134
-141
-126
-126
-110
-98
-80
-60
-49
-40
-37
3
23
11
-12
-27
-37
-105
-119
-125
-77
-65
-33
69
123
159
235
267
255
210
155
147
58
10
-22
-38
-125
-141
-151
-157
-154
-145
-127
-118
-112
-83
-59
-22
-55
-22
-9
-1
-14
-37
-37
-115
-123
-133
-113
-75
-21
83
139
225
255
276
261
214
169
142
119
27
-28
-39
-108
-133
-125
-134
-129
-114
-96
-85
-76
-60
-53
-37
-29
20
20
21
5
-25
-31
-65
-102
-94
-85
-55
-29
94
137
235
270
298
299
243
197
145
116
39
-9
-21
-85
-119
-126
-125
-142
-114
-102
-102
-71
-51
-41
-34
-27
14
20
19
8
-11
-29
-86
-98
-108
-108
-60
-33
62
130
131
243
274
276
239
179
147
115
32
-25
-34
-93
-125
-137
-151
-149
-133
-119
-108
-101
-94
-65
-44
-43
-31
-2
1
-17
-16
-41
-99
-125
-125
-119
-108
-54
-28
99
143
255
261
254
226
180
135
141
39
3
-29
-117
-113
-134
-142
-143
-143
-126
-101
-97
-85
-67
-44
-41
-14
14
25
14
-12
-33
-42
-108
-115
-101
-85
-38
-7
119
135
239
273
277
265
191
157
125
63
19
-27
-40
-105
-119
-118
-124
-143
-102
-76
-93
-74
-42
-39
-29
25
31
35
13
-1
-6
-41
-74
-106
-95
-71
-44
-13
119
134
239
267
283
269
211
167
148
52
18
-14
-32
-108
-134
-134
-147
-130
-124
-110
-102
-93
-75
-38
-28
-18
7
19
14
-6
-27
-28
-104
-108
-108
-101
-60
-29
85
130
131
242
246
246
199
155
138
50
1
-37
-44
-149
-140
-147
-162
-149
-138
-113
-108
-108
-77
-66
-34
-41
-18
14
13
-5
-28
-31
-108
-110
-129
-107
-73
-42
77
136
173
255
259
247
217
169
139
127
22
-25
-13
-114
-113
-125
-119
-123
-118
-108
-85
-75
-64
-42
-39
-29
21
31
31
19
-12
-28
-44
-77
-81
-76
-62
-41
63
130
137
241
272
275
269
190
148
138
67
5
-23
-38
-105
-114
-119
-119
-123
-108
-105
-79
-79
-47
-39
-39
14
20
31
3
-1
-17
-28
-97
-108
-107
-97
-56
-59
84
132
211
241
243
245
195
146
143
52
10
-27
-32
-119
-127
-140
-133
-140
-108
-121
-114
-107
-81
-55
-29
-34
-18
3
4
-7
-31
-44
-101
-133
-127
-108
-97
-44
21
101
139
216
243
241
199
155
146
83
20
-37
-39
-76
-108
-135
-139
-134
-126
-108
-103
-85
-71
-57
-34
-37
14
27
35
20
-14
-14
-23
-93
-101
-104
-78
-45
-23
98
148
194
238
260
243
211
155
133
90
17
-19
-28
-93
-99
-101
-110
-115
-108
-85
-76
-55
-31
-35
-13
23
38
36
37
20
-9
-27
-33
-80
-55
-83
-44
9
75
123
137
243
267
267
230
181
145
130
39
-7
-37
-93
-108
-117
-121
-135
-121
-97
-85
-77
-76
-45
-32
-29
19
22
10
3
-1
-19
-40
-94
-105
-108
-80
-58
-33
86
127
133
230
239
239
163
147
133
47
-12
-37
-47
-117
-138
-134
-140
-93
-126
-115
-108
-93
-71
-44
-38
-29
-9
17
21
5
-28
-37
-41
-93
-99
-108
-85
-45
42
116
147
230
255
251
242
186
151
139
43
-12
-14
-33
-94
-105
-117
-93
-108
-99
-93
-69
-63
-47
-42
4
26
41
50
35
23
-8
-31
-38
-76
-74
-55
-33
14
89
131
230
275
283
271
238
177
129
143
35
-11
-39
-59
-108
-107
-103
-110
-101
-81
-85
-70
-60
-43
-34
23
37
39
36
22
-13
-29
-45
-76
-67
-82
-66
-45
48
116
143
229
257
258
234
180
139
135
45
-5
-29
-66
-113
-119
-119
-133
-138
-125
-110
-107
-83
-70
-45
-35
-22
11
11
14
-9
-14
-38
-94
-108
-106
-107
-72
-39
63
129
143
180
243
235
208
149
138
63
18
-26
-37
-108
-114
-128
-125
-127
-129
-108
-99
-93
-71
-38
-41
-21
29
25
21
29
-7
-18
-29
-77
-98
-101
-63
-28
53
116
137
239
277
270
255
205
159
135
65
18
-29
-35
-93
-108
-99
-113
-108
-80
-85
-63
-63
-37
-31
-12
26
53
46
31
13
-8
-26
-29
-77
-85
-76
-44
-44
85
135
212
261
276
261
215
165
143
121
20
-17
-43
-93
-103
-121
-121
-125
-119
-110
-107
-81
-72
-50
-43
-28
19
19
27
13
-29
-29
-45
-94
-108
-108
-95
-44
-24
87
135
221
233
243
226
177
145
121
39
-23
-60
-113
-157
-134
-141
-151
-140
-133
-118
-94
-99
-77
-28
-31
-23
9
26
13
-7
-29
-44
-108
-112
-102
-93
-75
-29
83
127
225
259
265
270
212
177
135
69
23
-13
-29
-106
-118
-119
-133
-115
-103
-105
-97
-79
-59
-28
-39
9
39
50
37
25
-1
-24
-41
-75
-76
-81
-54
-39
80
130
215
267
283
291
258
213
154
137
47
9
-28
-28
-110
-102
-119
-126
-125
-108
-106
-77
-71
-59
-33
-44
25
47
29
23
-7
-13
-53
-97
-108
-104
-93
-41
-29
105
137
235
266
282
251
207
169
150
81
-27
-28
-108
-117
-138
-152
-157
-141
-130
-124
-108
-102
-78
-43
-27
-44
9
19
4
-23
-25
-41
-98
-113
-125
-103
-62
-29
97
125
229
259
285
267
217
158
133
57
11
-26
-37
-114
-133
-124
-138
-141
-129
-97
-105
-93
-51
-41
-44
-21
22
33
31
5
-23
-39
-42
-103
-105
-86
-45
-39
101
133
247
281
299
295
259
198
131
137
31
-11
-34
-74
-110
-113
-108
-108
-108
-97
-87
-80
-60
-44
-44
14
45
39
38
17
-14
-28
-28
-103
-102
-94
-54
-42
107
139
255
276
299
278
250
187
146
139
35
-12
-37
-112
-134
-127
-134
-130
-127
-125
-118
-110
-76
-60
-35
-37
27
17
14
3
-21
-37
-93
-121
-123
-118
-93
-33
66
133
212
255
279
276
233
171
135
71
10
-26
-29
-134
-140
-146
-165
-154
-151
-141
-118
-121
-102
-70
-44
-34
-22
18
18
22
-28
-47
-97
-107
-97
-105
-59
-34
89
146
242
273
305
291
238
183
134
118
31
-13
-44
-108
-144
-140
-131
-139
-133
-108
-106
-102
-73
-64
-43
-28
31
38
27
14
-11
-27
-44
-84
-85
-69
-37
-17
116
136
266
308
312
294
243
185
135
138
20
-12
-29
-110
-53
-121
-137
-133
-123
-110
-95
-87
-76
-41
-43
-27
21
24
14
5
-11
-41
-93
-106
-108
-77
-41
-17
127
131
260
299
291
287
190
155
137
50
-13
-39
-114
-125
-154
-157
-157
-158
-149
-135
-126
-110
-108
-71
-39
-21
-12
-5
-9
-22
-43
-103
-129
-131
-128
-99
-33
-14
127
148
255
291
295
255
210
148
135
26
3
-45
-133
-130
-144
-156
-158
-141
-137
-130
-117
-108
-73
-37
-31
-21
20
14
6
-7
-29
-39
-108
-107
-97
-50
-33
84
131
245
293
322
309
269
199
149
131
42
-6
-34
-106
-119
-93
-139
-121
-136
-108
-108
-93
-79
-45
-26
-44
25
31
27
19
-19
-14
-31
-103
-107
-93
-43
-27
114
155
281
308
319
299
245
180
131
128
11
-26
-31
-129
-139
-145
-152
-140
-139
-137
-121
-108
-98
-63
-42
-33
-14
5
7
-23
-29
-44
-106
-154
-126
-101
-44
-17
115
143
263
292
294
259
203
155
131
39
-11
-40
-134
-151
-162
-162
-170
-158
-157
-147
-139
-117
-81
-65
-31
-39
-9
31
1
-25
-29
-93
-108
-121
-108
-63
-29
87
126
246
287
308
303
274
193
137
125
21
-12
-44
-117
-129
-141
-145
-149
-139
-108
-119
-108
-81
-62
-41
-38
16
27
34
14
-12
-29
-50
-105
-93
-81
-53
49
147
213
291
322
340
318
251
159
130
127
10
-26
-38
-113
-139
-152
-138
-145
-140
-117
-118
-93
-69
-44
-31
-19
23
20
14
-8
-31
-27
-129
-105
-114
-73
-33
84
139
243
299
311
308
271
205
148
130
29
-24
-34
-118
-140
-159
-158
-155
-157
-140
-140
-133
-119
-83
-55
-29
-43
0
-6
-12
-28
-41
-115
-128
-131
-101
-59
-35
99
143
245
294
309
286
234
163
135
59
6
-29
-117
-137
-149
-157
-169
-157
-153
-140
-138
-103
-93
-62
-32
-37
9
25
19
-11
-18
-38
-102
-97
-107
-77
-39
69
127
247
299
323
327
283
217
171
138
52
0
-42
-103
-123
-127
-140
-135
-129
-125
-108
-110
-76
-62
-39
-38
21
31
37
14
-7
-41
-29
-93
-107
-70
-37
-21
119
131
276
323
327
315
255
183
146
117
22
-27
-50
-140
-140
-139
-157
-151
-156
-129
-129
-119
-83
-58
-46
-37
20
25
1
-14
-29
-38
-108
-121
-114
-96
-29
58
127
226
274
306
303
266
207
182
121
23
-31
-38
-127
-167
-172
-175
-169
-167
-161
-170
-140
-119
-98
-70
-35
-29
-6
13
20
-42
-43
-98
-113
-125
-101
-75
-25
107
146
261
302
313
305
243
179
135
121
19
35
23
-121
-141
-140
-151
-156
-149
-123
-119
-103
-78
-69
-31
-28
21
27
25
5
-18
-31
-83
-108
-86
-77
-33
73
147
243
306
339
342
315
245
183
134
107
10
-21
-93
-115
-130
-127
-140
-142
-140
-119
-117
-59
-68
-37
-38
-26
19
34
7
-6
-18
-44
-103
-119
-102
-65
-39
97
143
251
294
326
319
263
187
133
137
18
-19
-33
-125
-140
-153
-167
-167
-151
-141
-140
-125
-115
-77
-44
-39
-28
4
-12
-11
-34
-37
-117
-136
-135
-108
-58
-31
117
147
275
297
309
283
226
163
137
35
-14
-37
-125
-163
-167
-167
-165
-173
-133
-143
-139
-124
-86
-57
-29
-42
14
22
3
-11
-28
-21
-113
-114
-110
-73
-41
83
130
247
309
330
335
282
216
161
143
51
-14
-33
-125
-131
-135
-139
-157
-142
-127
-121
-105
-76
-59
-33
-13
21
33
29
24
-12
-29
-34
-81
-98
-76
-45
-28
126
135
286
311
337
330
266
195
135
131
25
-26
-37
-119
-140
-140
-155
-152
-155
-133
-127
-106
-77
-55
-38
-29
14
33
20
-1
-19
-44
-108
-125
-118
-108
-35
-14
121
157
271
309
327
291
230
152
129
39
-23
-38
-127
-147
-157
-175
-181
-178
-170
-153
-145
-121
-102
-66
-43
-29
29
-1
1
-23
-37
-95
-127
-129
-114
-73
-29
79
134
250
307
328
313
271
201
143
132
26
-22
-37
-124
-143
-140
-173
-159
-155
-144
-124
-114
-93
-69
-45
-38
35
25
35
14
-10
-33
-40
-105
-107
-85
-44
-18
113
130
287
323
352
339
273
198
148
141
25
-21
-44
-103
-131
