-492
-441
-354
-165
-45
198
447
586
660
687
614
490
354
207
136
0
-46
-123
-113
-67
-34
-27
52
113
116
134
117
131
139
105
51
-10
-42
-198
-300
-391
-460
-494
-523
-507
-472
-405
-311
-38
135
419
550
633
693
643
579
371
212
136
-12
-44
-158
-153
-127
-79
-30
-73
29
99
100
98
111
101
69
41
-21
-43
-204
-306
-401
-476
-524
-540
-539
-519
-457
-347
-129
-21
277
450
567
623
630
526
407
253
154
10
-43
-145
-171
-140
-114
-55
-41
11
62
97
114
121
116
95
67
21
-28
-151
-257
-353
-431
-492
-524
-524
-495
-453
-369
-173
-42
143
418
567
649
685
615
486
351
212
137
-12
-34
-137
-125
-93
-44
-43
52
62
116
139
142
107
99
90
56
-12
-98
-201
-351
-304
-475
-492
-492
-492
-453
-378
-234
-41
138
375
533
691
691
735
537
397
243
139
6
-41
-139
-141
-127
-76
-37
-28
42
95
52
161
125
43
110
52
0
-37
-199
-297
-396
-459
-507
-542
-538
-513
-460
-338
-143
-29
270
449
583
723
671
559
419
287
148
30
-37
-155
-176
-163
-118
-76
-30
-29
36
74
99
107
103
84
57
19
-44
-158
-188
-364
-443
-495
-605
-540
-524
-477
-397
-222
-61
125
356
547
635
675
631
518
374
230
141
-5
-38
-147
-139
-117
-54
-44
20
79
111
160
174
75
109
85
52
3
-43
-209
-283
-296
-449
-490
-523
-503
-477
-407
-273
-55
142
367
495
650
697
692
579
454
299
163
116
-24
-110
-131
-110
-69
-37
-22
53
84
114
127
138
143
131
84
33
-28
-134
-263
-364
-449
-493
-522
-527
-498
-460
-385
-183
-33
119
419
575
641
675
610
486
340
190
143
-29
-97
-167
-214
-111
-85
-47
-12
91
91
98
107
103
149
52
18
-62
-136
-242
-337
-422
-518
-524
-549
-609
-492
-415
-262
-42
131
373
521
627
671
649
419
369
310
143
-7
-43
-142
-151
-109
-62
-38
33
78
109
115
115
131
113
91
65
11
-29
-155
-255
-348
-424
-476
-494
-492
-460
-392
-270
-65
127
351
518
643
696
695
596
470
318
180
138
-21
-35
-118
-108
-45
-38
47
94
132
137
138
155
146
135
135
59
-6
-43
-203
-305
-391
-443
-462
-477
-458
-414
-317
-140
52
278
458
585
667
675
598
483
347
197
212
-11
-44
-117
-121
-103
-44
-48
137
79
151
66
123
118
121
82
-33
-9
-28
-171
-284
-379
-445
-483
-493
-491
-460
-401
-251
-42
131
344
486
587
633
601
486
376
226
123
-29
-42
-125
-163
-129
-76
-43
-37
59
91
123
42
101
98
81
52
14
-28
-152
-249
-336
-423
-457
-475
-478
-445
-407
-290
-108
69
294
454
581
633
641
561
445
303
165
131
-14
-43
-119
-104
-73
-109
-82
65
102
119
119
130
129
110
87
55
0
-41
-184
-274
-350
-413
-461
-447
-449
-391
-326
-155
-33
125
374
567
573
655
550
503
354
224
143
10
-29
-117
-127
-97
-53
-34
38
79
91
105
100
101
86
73
37
-7
-34
-157
-266
-349
-419
-474
-527
-482
-469
-393
-286
-29
27
271
418
531
589
596
522
407
262
133
20
-33
-123
-158
-150
-98
-53
-38
21
57
73
71
74
65
52
27
-12
-45
-145
-241
-334
-407
-460
-486
-486
-466
-423
-339
-181
-33
137
387
504
639
667
559
419
315
183
135
-12
-44
-125
-121
-103
-50
-33
55
84
83
101
118
103
115
65
34
0
-18
-117
-273
-341
-407
-445
-453
-448
-402
-345
-220
-44
125
347
491
577
607
607
531
419
260
148
59
-23
-43
-108
-94
-53
-41
36
63
108
117
116
106
91
66
51
0
-28
-140
-230
-313
-397
-445
-460
-457
-431
-381
-286
-125
-22
165
400
504
571
627
501
403
283
155
103
-28
-43
-139
-140
-115
-69
-41
-25
61
85
91
84
71
52
35
-11
-38
-158
-214
-317
-391
-454
-470
-492
-491
-383
-379
-230
-44
139
319
445
537
569
547
447
330
201
134
-9
-41
-140
-141
-125
-77
-35
-23
59
79
93
74
80
82
59
-35
-22
-40
-172
-254
-319
-411
-442
-486
-451
-401
-332
-238
-66
113
308
457
551
597
603
517
395
275
151
116
-25
-27
-111
-108
-59
-37
35
74
103
117
119
115
97
73
49
11
-21
-109
-213
-301
-364
-417
-439
-428
-413
-364
-284
-129
-41
147
395
527
596
611
550
419
323
186
135
-14
-37
-140
-140
-98
-1
-25
-12
63
95
95
107
83
59
26
3
-33
-134
-214
-304
-379
-441
-465
-477
-465
-412
-363
-241
-53
116
308
419
521
559
551
481
347
211
127
-13
-41
-141
-157
-149
-105
-58
-29
-23
66
78
87
71
60
39
23
-26
-29
-174
-262
-347
-411
-465
-475
-470
-436
-383
-300
-139
-39
138
395
511
587
603
539
419
315
180
142
-13
-39
-121
-123
-95
-46
-40
55
93
110
117
103
87
65
39
9
-28
-101
-201
-282
-355
-402
-445
-445
-426
-375
-305
-181
-30
127
381
530
619
625
602
495
379
255
121
14
-28
-119
-125
-107
-65
-37
-5
79
106
99
117
113
72
54
30
-21
-33
-190
-281
-364
-425
-465
-476
-469
-437
-377
-268
-67
72
296
419
539
579
606
504
387
251
119
20
-35
-133
-165
-140
-113
-65
-44
39
35
67
97
99
84
53
26
-12
-34
-172
-265
-352
-414
-466
-493
-491
-475
-428
-364
-214
-43
125
344
478
566
597
564
447
323
203
139
-14
-44
-140
-140
-119
-58
-37
-14
66
98
91
107
91
79
46
20
-19
-41
-190
-274
-358
-425
-449
-460
-451
-409
-350
-230
-47
116
322
482
559
618
611
499
405
279
148
33
-17
-44
-113
-99
-59
-30
-17
52
89
116
123
135
127
95
85
3
-18
-151
-251
-325
-396
-450
-442
-453
-428
-385
-302
-141
-42
138
387
509
580
598
547
419
313
179
133
-18
-37
-147
-145
-117
-70
-33
9
65
77
83
89
61
50
23
-12
-42
-139
-221
-306
-383
-444
-481
-492
-476
-428
-361
-229
-44
129
315
459
537
575
555
459
323
199
144
-17
-42
-156
-160
-138
-94
-44
-29
46
51
84
89
97
87
62
55
-13
-42
-181
-268
-353
-418
-459
-464
-460
-431
-373
-282
-97
49
273
415
520
563
602
574
419
282
169
133
-22
-42
-125
-117
-77
-37
-44
43
84
98
129
123
127
99
63
39
-26
-44
-218
-278
-352
-428
-444
-444
-428
-379
-307
-162
-33
139
382
519
583
615
589
474
339
214
134
-7
-45
-127
-140
-110
-60
-42
-33
39
67
83
99
112
103
70
42
-12
-48
-197
-284
-373
-431
-466
-481
-492
-437
-394
-298
-119
-17
207
407
515
571
593
507
395
262
141
21
-29
-130
-149
-161
-130
-74
-37
-34
52
88
87
57
56
30
13
-25
-41
-151
-246
-332
-396
-457
-483
-482
-465
-407
-331
-178
-35
143
372
495
579
596
563
419
315
185
139
-17
-35
-143
-140
-103
-55
-33
9
53
84
100
117
121
107
84
56
3
-69
-171
-268
-350
-412
-450
-462
-444
-413
-358
-246
-76
111
297
451
563
622
625
543
419
297
171
131
-12
-10
-108
-114
-77
-45
-28
52
84
103
115
111
97
84
39
0
-17
-142
-222
-303
-396
-428
-469
-459
-445
-397
-332
-177
-37
145
368
489
577
603
547
419
309
193
133
-14
-41
-152
-139
-119
-77
-45
-51
20
51
59
99
84
81
45
14
-12
-37
-199
-310
-390
-448
-483
-495
-492
-460
-395
-319
-137
-34
170
391
523
566
573
504
401
270
137
45
-23
-130
-157
-143
-108
-61
-49
1
60
91
102
106
99
85
54
19
-27
-130
-220
-301
-381
-429
-459
-460
-449
-405
-327
-183
-44
144
373
504
587
626
594
485
359
225
136
11
-27
-110
-117
-102
-48
-28
52
90
123
121
116
119
100
79
25
18
-41
-165
-250
-332
-401
-436
-464
-448
-418
-363
-257
-73
119
308
459
583
602
603
534
395
263
141
13
-15
-134
-149
-137
-93
-51
-44
33
59
87
90
87
74
53
19
-23
-33
-161
-251
-346
-413
-470
-492
-491
-460
-412
-342
-159
-44
139
366
499
561
581
528
411
291
151
123
-22
-121
-165
-161
-117
-98
-58
-49
22
49
53
97
95
84
62
29
-12
-39
-205
-300
-382
-431
-476
-489
-489
-422
-378
-273
-95
73
279
419
532
611
611
526
419
271
162
127
-17
-30
-141
-121
-79
-44
-37
52
89
102
115
106
119
62
71
-5
-36
-107
-214
-302
-372
-422
-445
-445
-416
-363
-295
-150
-33
139
395
526
606
629
601
470
349
212
139
-5
-34
-130
-123
-99
-57
-38
-13
46
69
95
114
102
89
77
35
-7
-39
-193
-294
-370
-433
-476
-483
-481
-447
-386
-282
-109
-29
229
419
529
567
575
535
403
276
148
36
-29
-132
-155
-151
-123
-72
-28
-13
41
79
75
61
50
35
0
-17
-41
-172
-259
-344
-417
-470
-492
-495
-449
-418
-333
-193
-37
155
359
491
567
591
571
460
340
205
139
0
-42
-138
-141
-108
-73
-37
-29
52
82
87
105
104
107
59
35
0
-37
-165
-282
-347
-421
-460
-473
-456
-413
-364
-269
-101
70
287
419
555
643
628
563
450
330
191
134
-10
-37
-117
-119
-77
-49
-44
35
62
91
117
119
133
97
74
46
-27
-26
-205
-302
-364
-428
-478
-470
-457
-415
-346
-257
-66
119
307
419
554
599
594
499
391
262
143
10
-45
-153
-161
-135
-106
-58
-29
1
73
89
67
53
74
35
-9
-19
-40
-172
-286
-364
-428
-462
-492
-491
-474
-424
-344
-199
-44
137
346
485
557
587
544
405
320
181
139
-22
-33
-158
-173
-137
-85
-47
-38
22
52
83
100
100
87
70
47
-21
-43
-187
-288
-371
-428
-465
-475
-465
-426
-369
-266
-101
42
277
419
547
611
617
543
419
302
180
137
-21
-38
-125
-115
-75
-45
-42
51
83
97
113
116
111
85
61
20
-25
-33
-191
-295
-368
-414
-445
-447
-433
-385
-327
-205
-38
135
355
494
599
619
627
495
377
251
134
21
-28
-149
-140
-137
-110
-53
-40
14
36
58
95
111
106
75
42
0
-29
-170
-259
-353
-424
-470
-494
-495
-450
-411
-332
-186
-44
131
353
459
555
579
548
453
329
195
143
-34
-43
-177
-172
-145
-111
-69
-44
7
52
68
73
66
57
35
5
-25
-39
-189
-284
-362
-428
-467
-479
-460
-416
-371
-283
-105
-10
263
418
527
593
603
532
415
296
159
131
-15
-44
-130
-138
-129
-49
-50
17
51
74
106
112
133
100
79
43
-9
-38
-194
-284
-354
-416
-459
-458
-440
-396
-332
-214
-42
129
342
483
587
622
611
511
405
270
143
46
-33
-98
-129
-108
-76
-44
-43
52
81
91
103
98
83
65
33
-7
-37
-145
-236
-341
