137
347
475
697
980
1051
919
613
275
-9
-339
-532
-573
-514
-347
-137
-29
116
197
174
128
-14
-165
-257
-283
-279
-249
-216
-207
-213
-216
-249
-211
-173
-42
129
308
455
629
887
1035
971
708
367
135
-263
-501
-615
-555
-415
-210
-43
111
130
170
118
-28
-170
-283
-326
-314
-299
-281
-236
-236
-236
-236
-242
-216
-104
-30
142
382
564
851
991
949
719
375
132
-278
-466
-639
-605
-429
-255
-66
54
116
147
151
-19
-171
-258
-302
-314
-291
-271
-262
-250
-240
-265
-261
-221
-118
-37
142
389
547
801
1027
1045
803
484
167
-41
-414
-605
-609
-448
-268
-71
7
148
205
131
47
-37
-206
-280
-293
-287
-242
-229
-213
-210
-238
-246
-223
-141
-44
116
353
511
747
991
1044
867
594
242
-24
-330
-557
-584
-498
-300
-101
-31
139
193
157
148
-29
-177
-287
-285
-279
-265
-219
-207
-202
-229
-224
-216
-146
-45
124
314
459
660
915
1012
895
639
285
-22
-331
-540
-615
-551
-382
-177
-42
118
145
147
130
-17
-205
-283
-309
-306
-290
-268
-248
-233
-250
-282
-248
-199
-69
-24
145
407
591
846
995
906
674
357
139
-277
-514
-649
-579
-432
-235
-35
82
141
147
143
-12
-162
-268
-302
-294
-279
-271
-236
-220
-236
-248
-257
-204
-104
-24
129
399
575
810
1030
997
795
471
147
-41
-418
-607
-575
-455
-245
-70
59
143
182
131
21
-34
-236
-284
-305
-289
-258
-232
-203
-202
-220
-222
-201
-118
-44
143
362
529
753
987
1050
871
564
229
-38
-348
-562
-605
-480
-297
-86
-44
123
193
155
138
-24
-211
-275
-297
-284
-250
-236
-201
-203
-221
-242
-235
-172
-42
110
306
450
649
911
1018
906
652
291
23
-331
-525
-642
-556
-397
-198
-43
115
138
137
121
-37
-189
-298
-341
-304
-298
-274
-236
-216
-239
-283
-250
-213
-108
-24
131
402
607
853
1019
928
691
354
131
-306
-503
-652
-571
-407
-226
-44
87
126
171
131
-30
-162
-255
-301
-307
-283
-255
-225
-208
-207
-243
-229
-177
-93
-35
147
411
574
819
1013
1014
763
470
147
-93
-441
-605
-576
-437
-236
-49
84
141
182
138
18
-33
-225
-285
-290
-249
-233
-209
-172
-194
-213
-210
-193
-114
-28
147
372
534
747
1013
1018
884
563
194
-35
-364
-556
-607
-487
-303
-119
-37
126
133
135
57
-15
-222
-300
-293
-297
-253
-246
-230
-219
-236
-258
-236
-167
-27
115
321
480
699
947
1011
858
591
230
-12
-376
-571
-642
-543
-381
-181
-27
101
130
138
23
-33
-236
-293
-337
-325
-299
-265
-223
-238
-246
-249
-267
-202
-75
91
277
419
615
885
1034
901
661
313
122
-300
-538
-617
-546
-394
-204
-43
111
147
177
175
-24
-172
-252
-314
-306
-268
-257
-221
-197
-222
-242
-239
-169
-60
47
261
416
607
887
1035
1007
729
409
135
-247
-482
-612
-565
-406
-223
-24
116
135
198
147
-6
-39
-236
-285
-269
-238
-221
-204
-182
-198
-221
-235
-190
-93
-31
130
382
563
792
1003
1021
815
511
167
-28
-412
-582
-605
-482
-286
-93
-24
131
148
157
10
-30
-250
-293
-321
-294
-267
-239
-225
-236
-253
-250
-225
-140
-33
129
323
500
722
969
1003
847
547
195
-42
-408
-605
-652
-524
-357
-162
-29
116
134
151
19
-22
-243
-314
-335
-314
-289
-258
-219
-221
-236
-255
-241
-170
-33
130
308
483
679
926
999
882
609
265
-12
-350
-561
-617
-523
-335
-165
-21
135
155
173
143
-31
-179
-275
-291
-300
-277
-241
-219
-191
-220
-223
-216
-143
-44
119
291
459
659
949
1043
931
692
337
126
-300
-514
-618
-559
-358
-172
-37
126
134
179
129
-31
-149
-248
-297
-271
-257
-232
-204
-202
-213
-243
-225
-169
-55
101
293
419
626
899
1035
950
715
369
129
-274
-510
-617
-570
-412
-206
-49
84
147
147
126
-28
-160
-263
-307
-316
-293
-274
-253
-233
-221
-268
-243
-211
-93
-31
119
386
571
847
1035
971
727
404
149
-277
-505
-635
-633
-470
-258
-81
-21
116
150
122
-17
-153
-259
-312
-307
-287
-267
-239
-204
-236
-253
-252
-219
-116
-44
149
377
552
810
1017
999
809
497
153
-45
-439
-605
-613
-471
-264
-79
27
135
195
147
33
-31
-236
-274
-273
-282
-266
-219
-199
-203
-223
-221
-193
-107
-39
130
382
546
763
1019
1034
873
550
219
-37
-370
-557
-605
-479
-275
-93
-41
143
203
165
126
-37
-198
-283
-301
-288
-233
-192
-182
-182
-203
-242
-216
-141
-44
136
347
495
722
997
1031
871
559
225
-27
-381
-605
-632
-519
-339
-157
-43
131
131
155
32
-44
-206
-293
-310
-299
-278
-257
-236
-233
-246
-255
-236
-168
-45
113
283
449
651
903
1007
874
599
267
-15
-373
-563
-656
-550
-389
-171
-28
102
150
135
99
-52
-203
-281
-301
-293
-265
-253
-219
-198
-229
-235
-223
-170
-43
122
303
459
667
931
1073
931
682
335
143
-313
-527
-631
-557
-364
-170
-19
111
145
179
119
-6
-167
-247
-309
-299
-261
-247
-216
-197
-204
-232
-216
-161
-47
110
295
461
643
929
1075
999
757
410
142
-246
-484
-613
-556
-396
-206
-27
107
148
203
138
-12
-142
-261
-295
-287
-242
-263
-199
-189
-229
-249
-230
-191
-101
-19
121
419
596
853
1050
991
745
403
147
-269
-505
-643
-609
-466
-253
-61
52
131
139
133
-12
-150
-270
-309
-300
-279
-285
-252
-223
-231
-268
-277
-226
-116
-58
103
402
555
805
1031
995
762
419
131
-226
-473
-633
-617
-435
-268
-60
-15
116
145
122
3
-49
-248
-309
-307
-293
-259
-236
-204
-201
-206
-223
-193
-82
-19
123
405
571
822
1038
1019
819
479
143
-113
-458
-614
-586
-455
-263
-77
82
120
185
148
27
-44
-212
-293
-284
-270
-229
-219
-190
-198
-195
-208
-158
-76
-33
148
419
599
867
1101
1043
815
490
132
-172
-460
-622
-605
-460
-249
-70
75
126
167
138
-5
-29
-243
-289
-310
-286
-268
-252
-223
-224
-243
-242
-209
-105
-33
143
378
547
803
1010
1011
788
467
136
-243
-476
-633
-638
-498
-283
-105
-13
126
139
159
-17
-156
-250
-314
-326
-290
-277
-250
-233
-226
-246
-249
-216
-116
-42
139
359
564
791
1011
999
790
463
148
-207
-462
-634
-605
-489
-302
-75
-15
118
154
146
15
-43
-223
-300
-294
-293
-258
-231
-216
-205
-215
-236
-189
-111
-43
131
411
579
843
1054
1043
831
459
134
-165
-453
-640
-620
-449
-253
-59
65
139
199
130
24
-46
-205
-283
-300
-269
-233
-216
-187
-177
-215
-203
-158
-75
-18
181
419
596
867
1050
1023
774
419
148
-239
-481
-634
-605
-446
-253
-57
66
147
134
153
-6
-116
-250
-299
-317
-300
-259
-233
-230
-236
-231
-236
-201
-105
-31
138
405
585
859
1013
969
735
394
125
-281
-518
-678
-638
-471
-284
-71
-26
135
126
97
-15
-163
-275
-331
-325
-297
-255
-236
-233
-249
-266
-268
-193
-101
-9
165
419
587
889
1043
967
720
399
150
-265
-524
-648
-615
-449
-236
-61
99
142
171
147
-7
-139
-247
-284
-287
-291
-236
-229
-204
-216
-221
-218
-157
-53
55
287
455
606
915
1083
1009
739
390
134
-253
-513
-652
-570
-412
-214
-39
111
142
184
139
11
-82
-236
-290
-293
-271
-229
-197
-198
-198
-235
-222
-179
-62
95
279
419
627
913
1077
1011
757
391
146
-279
-506
-668
-609
-450
-269
-49
69
148
143
139
-6
-165
-280
-325
-310
-301
-266
-229
-239
-233
-255
-257
-198
-73
-21
139
411
615
895
1031
963
722
343
133
-317
-556
-679
-620
-442
-250
-53
54
136
162
71
-19
-181
-303
-322
-329
-320
-277
-222
-221
-221
-236
-229
-172
-73
79
275
415
635
910
1039
981
703
350
131
-281
-531
-651
-579
-424
-203
-37
89
135
171
123
-26
-169
-265
-290
-290
-268
-236
-203
-208
-213
-222
-236
-171
-48
123
291
473
665
965
1076
995
731
371
143
-306
-517
-642
-549
-381
-197
-21
129
148
178
134
-24
-144
-268
-287
-282
-268
-229
-211
-199
-227
-236
-219
-172
-8
115
335
469
663
961
1075
931
671
302
-12
-346
-568
-651
-605
-407
-214
-27
103
147
149
122
-29
-209
-302
-330
-331
-298
-284
-222
-226
-221
-267
-239
-165
-60
102
276
458
662
926
1007
913
618
278
-30
-380
-605
-666
-582
-389
-205
-17
90
126
145
52
-33
-195
-293
-314
-300
-258
-247
-204
-202
-226
-243
-233
-149
-43
101
301
481
691
992
1079
951
654
303
42
-333
-556
-631
-553
-365
-182
-39
121
130
164
134
-6
-207
-270
-294
-280
-274
-218
-203
-197
-214
-225
-199
-130
-33
131
331
506
745
1027
1123
977
647
295
-5
-350
-550
-639
-528
-346
-135
-44
126
148
180
123
-24
-193
-277
-295
-273
-230
-213
-204
-179
-221
-231
-202
-157
-30
149
313
497
707
983
1051
923
607
242
-45
-390
-605
-668
-556
-377
-177
-45
107
123
129
31
-37
-229
-300
-329
-327
-286
-245
-236
-226
-259
-263
-252
-177
-34
125
314
467
707
971
1019
874
590
223
-27
-396
-607
-652
-560
-364
-172
-34
82
126
115
34
-40
-233
-301
-311
-300
-253
-220
-197
-197
-222
-213
-190
-141
-29
129
338
486
731
997
1075
873
569
233
-23
-395
-605
-614
-524
-331
-145
-23
116
144
131
126
-37
-220
-295
-301
-310
-270
-216
-187
-188
-190
-218
-189
-103
-31
132
379
537
795
1050
1077
890
555
210
-38
-414
-613
-647
-492
-293
-133
-41
121
143
137
24
-45
-236
-285
-323
-306
-287
-253
-216
-204
-225
-236
-207
-150
-28
145
345
503
739
975
1035
835
543
163
-39
-426
-655
-668
-540
-346
-153
-38
116
143
133
-11
-30
-262
-317
-336
-331
-302
-247
-236
-226
-252
-252
-236
-160
-43
134
323
495
739
1014
995
853
518
175
-37
-428
-645
-661
-521
-322
-128
-16
165
148
122
27
-26
-227
-326
-318
-287
-271
-222
-189
-181
-209
-226
-195
-106
-44
147
373
551
783
1043
1044
881
562
203
-28
-407
-605
-622
-487
-289
-113
-37
138
213
148
126
-44
-216
-286
-301
-265
-233
-194
-161
-145
-194
-196
-171
-93
-27
138
399
581
821
1077
1063
858
547
191
-22
-454
-613
-609
-480
-279
-82
-27
129
187
129
27
-28
-247
-300
-318
-300
-274
-231
-207
-197
-216
-245
-199
-105
-38
137
361
553
771
1019
1019
803
483
131
-142
-466
-647
-649
-506
-294
-137
-24
107
130
143
-8
-165
-273
-342
-345
-316
-314
-264
-241
-221
-248
-275
-245
-155
-29
134
341
505
742
963
977
815
515
171
-46
-449
-636
-652
-531
-335
-121
-31
123
138
154
23
-44
-245
-308
-347
-300
-283
-233
-220
-189
-233
-240
-205
-137
-39
143
347
515
747
1001
1031
862
527
163
-27
-413
-631
-632
-514
-321
-138
-30
131
187
165
131
-41
-215
-300
-291
-269
-245
-214
-161
-163
-216
-214
-182
-113
-34
145
367
545
767
1025
1059
893
585
226
-44
-412
-607
-652
