-433
-428
-420
-332
-245
-135
-34
116
217
369
533
692
788
789
705
575
401
227
131
-29
-150
-159
-185
-157
-134
-121
-94
-97
-94
-105
-131
-131
-158
-175
-215
-236
-275
-300
-382
-422
-439
-457
-444
-392
-291
-191
-65
-19
128
323
478
643
755
773
714
590
419
259
139
-27
-149
-167
-173
-162
-136
-108
-80
-61
-73
-93
-94
-116
-146
-169
-186
-230
-249
-300
-349
-389
-416
-428
-402
-357
-281
-156
-44
79
131
347
500
678
785
822
779
650
500
323
154
1
-39
-129
-154
-115
-110
-76
-57
-27
-53
-43
-60
-87
-97
-140
-157
-189
-219
-261
-309
-343
-396
-412
-382
-364
-282
-174
-44
-7
147
334
467
628
766
803
781
690
511
340
185
13
-41
-165
-172
-155
-144
-101
-96
-69
-76
-85
-108
-129
-140
-164
-197
-221
-263
-285
-339
-394
-426
-458
-444
-402
-348
-237
-120
-44
116
219
372
533
675
771
775
691
531
355
207
122
-39
-162
-160
-176
-172
-127
-116
-95
-85
-101
-115
-135
-144
-159
-193
-215
-242
-284
-329
-350
-411
-444
-441
-418
-341
-249
-113
-43
116
219
372
539
709
805
817
759
609
419
265
138
-28
-114
-143
-149
-133
-107
-81
-46
-46
-50
-63
-95
-101
-123
-155
-185
-207
-253
-286
-332
-378
-412
-406
-392
-331
-236
-125
-46
136
246
404
577
725
822
839
771
631
451
275
145
-17
-77
-140
-153
-143
-108
-99
-81
-57
-66
-93
-114
-135
-143
-173
-206
-236
-266
-313
-362
-396
-428
-449
-430
-381
-282
-177
-57
46
137
329
470
646
753
783
750
651
481
303
138
-17
-138
-169
-169
-177
-165
-129
-106
-94
-101
-121
-138
-153
-182
-186
-216
-258
-290
-334
-375
-416
-441
-461
-428
-399
-310
-193
-71
-28
123
319
484
630
773
820
775
651
503
323
161
10
-42
-150
-153
-140
-127
-98
-76
-57
-60
-69
-104
-106
-143
-154
-175
-199
-240
-289
-320
-382
-398
-412
-396
-342
-285
-183
-58
6
130
325
483
660
803
863
843
735
567
379
218
135
-34
-115
-138
-129
-119
-78
-71
-49
-48
-61
-93
-137
-125
-149
-153
-202
-227
-289
-323
-378
-413
-442
-435
-392
-315
-230
-77
-28
130
287
419
611
763
825
790
699
538
355
177
71
-1
-153
-175
-185
-159
-141
-108
-79
-95
-107
-118
-150
-143
-166
-209
-235
-271
-316
-363
-389
-454
-460
-460
-422
-357
-238
-127
-30
120
267
400
564
727
803
788
679
555
374
207
125
-57
-155
-190
-184
-167
-129
-121
-83
-78
-81
-109
-118
-123
-154
-183
-202
-233
-300
-332
-371
-405
-423
-438
-389
-306
-236
-111
-34
143
299
419
617
757
823
820
739
596
419
243
131
-14
-140
-141
-135
-108
-105
-74
-45
-38
-43
-63
-97
-113
-123
-139
-148
-204
-235
-283
-348
-389
-417
-428
-405
-336
-249
-139
-44
111
154
354
505
663
787
819
771
658
478
275
148
-12
-54
-153
-167
-172
-149
-133
-109
-93
-85
-109
-133
-141
-159
-197
-222
-262
-294
-349
-390
-428
-459
-470
-444
-396
-300
-187
-58
52
151
340
489
661
782
802
730
603
419
271
135
-41
-155
-174
-191
-173
-154
-126
-94
-79
-85
-115
-125
-140
-172
-178
-209
-233
-263
-332
-374
-408
-442
-447
-415
-374
-285
-177
-59
61
138
334
478
643
775
827
807
703
553
358
187
112
-45
-122
-142
-136
-119
-76
-71
-47
-49
-73
-94
-111
-114
-149
-173
-197
-223
-268
-318
-370
-394
-413
-402
-347
-278
-173
-44
73
131
341
498
660
792
851
811
731
554
357
206
133
-65
-131
-149
-145
-119
-108
-93
-76
-66
-61
-107
-129
-140
-167
-197
-220
-245
-290
-346
-410
-438
-460
-428
-398
-322
-229
-101
-33
130
303
419
597
739
810
810
722
557
385
198
138
-34
-152
-170
-172
-151
-111
-107
-93
-93
-93
-119
-131
-143
-168
-199
-238
-254
-314
-343
-396
-429
-443
-434
-389
-315
-218
-106
-27
133
298
446
607
758
827
823
747
583
418
239
130
-28
-107
-121
-128
-118
-93
-44
-30
-34
-28
-59
-95
-102
-108
-140
-165
-210
-233
-273
-325
-359
-373
-377
-343
-283
-177
-76
-21
137
313
451
595
754
865
881
815
683
497
317
155
19
-32
-111
-123
-102
-76
-61
-43
-35
-34
-61
-69
-78
-109
-130
-171
-198
-233
-282
-330
-368
-380
-390
-374
-314
-209
-102
-47
128
295
397
554
694
795
789
758
613
453
265
143
-9
-138
-171
-158
-171
-129
-108
-76
-69
-83
-106
-119
-139
-145
-170
-204
-236
-265
-292
-338
-395
-415
-438
-394
-343
-257
-156
-44
81
137
322
451
628
711
756
727
635
489
329
154
6
-30
-141
-173
-149
-145
-116
-85
-70
-61
-74
-85
-112
-125
-141
-187
-218
-236
-261
-303
-332
-366
-377
-358
-340
-254
-162
-48
70
143
321
475
623
767
826
809
722
550
395
229
153
-28
-93
-120
-137
-119
-79
-69
-59
-44
-50
-72
-97
-106
-111
-144
-157
-187
-231
-277
-301
-354
-390
-366
-354
-287
-189
-76
-26
116
291
395
547
691
771
788
727
586
419
263
143
-26
-110
-146
-169
-141
-123
-112
-75
-71
-76
-103
-111
-123
-153
-172
-204
-225
-257
-286
-322
-373
-383
-384
-377
-313
-236
-129
-33
103
133
357
498
635
741
763
727
597
419
273
143
-21
-77
-157
-169
-167
-141
-121
-108
-77
-73
-81
-113
-121
-143
-159
-183
-207
-236
-279
-298
-353
-386
-397
-385
-330
-236
-145
-29
98
147
357
487
639
763
799
794
674
531
369
215
139
-37
-107
-116
-107
-97
-77
-59
-38
-34
-59
-76
-84
-135
-140
-158
-194
-235
-281
-289
-326
-334
-369
-362
-308
-233
-137
-37
115
138
358
484
623
752
795
767
663
539
357
200
119
-28
-113
-140
-137
-125
-105
-75
-79
-69
-85
-101
-123
-145
-168
-209
-221
-262
-285
-327
-357
-383
-396
-394
-364
-306
-207
-55
-46
119
270
400
542
675
737
739
663
535
361
191
121
-35
-167
-167
-173
-162
-144
-119
-106
-93
-121
-123
-143
-157
-181
-207
-240
-268
-296
-335
-373
-400
-421
-414
-387
-319
-213
-108
-44
123
282
404
571
693
771
770
691
561
383
211
136
-33
-123
-146
-145
-133
-103
-72
-57
-45
-73
-85
-101
-133
-151
-165
-204
-213
-252
-286
-322
-338
-373
-362
-342
-278
-192
-76
-38
129
289
419
583
727
791
815
735
599
419
253
127
-15
-30
-109
-129
-113
-98
-71
-57
-53
-50
-76
-99
-109
-154
-175
-186
-229
-254
-299
-331
-367
-396
-401
-358
-302
-231
-118
-34
116
261
399
535
704
772
757
691
539
371
206
123
-43
-148
-172
-170
-159
-123
-104
-86
-98
-108
-123
-121
-140
-185
-210
-220
-239
-274
-318
-366
-407
-428
-428
-405
-354
-262
-137
-37
110
199
382
532
675
756
774
692
547
371
244
141
-25
-137
-165
-172
-140
-126
-101
-65
-50
-49
-81
-113
-125
-149
-199
-198
-226
-251
-273
-317
-350
-367
-383
-348
-286
-216
-102
-30
133
282
410
570
723
798
787
724
583
419
244
129
-25
-35
-149
-134
-125
-105
-69
-33
-41
-44
-41
-76
-93
-129
-156
-182
-204
-240
-278
-315
-347
-381
-373
-363
-318
-239
-129
-28
131
245
362
539
689
775
771
711
586
411
244
139
-29
-133
-159
-172
-172
-133
-113
-102
-76
-66
-97
-118
-143
-169
-203
-220
-239
-286
-309
-349
-380
-398
-430
-395
-342
-266
-156
-38
94
139
333
495
649
747
741
703
561
382
202
125
-55
-163
-183
-194
-181
-153
-125
-105
-77
-76
-110
-125
-147
-172
-207
-207
-236
-267
-300
-339
-371
-393
-408
-383
-332
-254
-141
-47
115
244
389
547
694
810
811
735
599
418
258
131
-28
-122
-134
-149
-139
-98
-78
-57
-45
-41
-73
-103
-113
-127
-127
-174
-214
-230
-269
-294
-353
-368
-380
-362
-311
-219
-111
-39
126
263
393
555
707
803
805
745
611
419
262
109
-28
-137
-153
-157
-142
-129
-111
-79
-71
-75
-93
-129
-142
-162
-205
-231
-257
-290
-327
-339
-396
-412
-415
-397
-349
-263
-137
-41
109
235
383
543
705
788
779
699
547
377
182
129
-30
-178
-183
-195
-197
-156
-130
-93
-95
-96
-116
-140
-182
-183
-215
-246
-271
-293
-322
-364
-397
-426
-428
-401
-348
-262
-140
-42
99
217
363
543
701
791
793
742
587
405
259
126
-23
-127
-158
-162
-129
-126
-105
-75
-57
-61
-76
-108
-125
-156
-199
-194
-236
-258
-288
-326
-375
-382
-401
-375
-317
-216
-95
-37
123
283
419
611
762
843
839
743
593
418
269
127
-37
-128
-131
-143
-131
-110
-83
-70
-64
-54
-80
-111
-135
-151
-175
-215
-236
-275
-314
-350
-394
-428
-428
-399
-331
-247
-135
-44
123
262
385
547
718
798
794
718
573
369
205
131
-29
-172
-177
-191
-170
-141
-105
-93
-93
-85
-110
-142
-158
-193
-215
-239
-275
-319
-364
-393
-429
-448
-460
-414
-343
-263
-136
-29
136
276
404
581
731
803
795
691
530
343
168
39
-30
-165
-187
-189
-156
-138
-95
-69
-60
-61
-81
-127
-125
-172
-188
-213
-236
-265
-307
-341
-380
-401
-405
-368
-309
-227
-105
-41
127
275
402
563
718
810
823
755
623
419
270
135
-27
-42
-135
-140
-116
-108
-73
-58
-44
-44
-63
-102
-112
-140
-172
-191
-223
-254
-295
-334
-379
-406
-406
-391
-311
-225
-108
-44
127
287
455
579
755
831
793
699
551
372
198
119
-44
-169
-166
-186
-177
-141
-110
-85
-73
-77
-103
-135
-155
-175
-204
-240
-254
-306
-332
-381
-426
-443
-439
-396
-348
-240
-140
-40
125
254
390
559
711
771
770
683
539
351
175
38
-40
-174
-198
-187
-173
-143
-131
-94
-77
-93
-125
-145
-159
-178
-197
-223
-261
-284
-321
-343
-394
-396
-405
-379
-325
-225
-106
-44
131
283
419
587
739
823
813
724
585
411
231
147
-34
-134
-153
-155
-134
-108
-77
-59
-55
-67
-77
-98
-110
-140
-169
-199
-231
-253
-284
-317
-369
-385
-396
-364
-305
-210
-95
-41
131
310
459
629
763
835
835
731
573
379
214
131
-44
-153
-169
-165
-140
-126
-93
-74
-65
-69
-97
-115
-156
-181
-195
-223
-265
-300
-316
-355
-412
-423
-431
-399
-337
-235
-130
-26
121
257
392
565
719
801
787
701
547
379
215
131
-30
-172
-187
-194
-176
-159
-130
-110
-103
-110
-116
-141
-168
-175
-214
-236
-281
-303
-335
-383
-396
-431
-455
-411
-347
-242
-131
-37
131
275
411
571
726
815
820
718
575
381
212
137
-44
-151
-163
-165
-155
-119
-104
-60
-49
-73
-76
-116
-120
-138
-172
-204
-236
-262
-301
-343
-379
-394
-394
-374
-300
-213
-77
-22
127
299
457
618
777
851
833
763
579
405
231
133
-35
-145
-140
-145
-126
-95
-74
-73
-46
-46
-80
-110
-140
-171
-193
-209
-235
-278
-310
-332
-379
-402
-408
-387
-331
-245
-125
-37
122
245
371
551
714
787
793
711
565
381
194
134
-40
-177
-179
-188
-179
-154
-119
-103
-77
-85
-111
-140
-155
-190
-225
-240
-284
-327
-351
-379
-435
-460
-453
-429
