38
7
-17
-35
-105
-94
-66
-44
83
127
218
286
330
355
362
321
267
163
130
-28
-171
-236
-248
-191
-134
-70
-38
-41
-37
-31
-116
-145
-156
-146
-101
-50
-33
37
80
89
62
39
-25
-33
-75
-81
-37
-21
122
175
277
323
346
372
375
356
276
180
139
-16
-155
-213
-219
-194
-125
-69
-42
-41
-51
-37
-125
-156
-166
-146
-108
-55
-34
37
65
70
50
17
-17
-41
-129
-114
-65
-39
113
131
250
290
318
331
339
299
229
138
19
-33
-194
-246
-249
-213
-156
-97
-59
-57
-70
-113
-157
-200
-197
-175
-138
-74
-39
-22
49
51
25
-16
-15
-122
-139
-122
-66
-41
111
133
263
305
314
341
340
283
225
132
14
-39
-203
-253
-245
-195
-133
-63
-43
-38
-60
-106
-146
-163
-159
-142
-85
-38
-37
57
71
66
22
-3
-26
-31
-97
-57
-34
95
136
249
307
341
372
387
371
305
227
134
-9
-70
-203
-225
-199
-139
-77
-33
-41
-18
-33
-101
-143
-151
-141
-118
-53
-41
20
55
67
55
19
-15
-44
-44
-70
-39
-21
118
141
267
310
343
377
371
331
238
145
-5
-33
-220
-271
-266
-203
-140
-76
-46
-41
-61
-114
-167
-194
-191
-165
-117
-66
-34
-12
42
38
20
-12
-33
-126
-141
-113
-52
-19
129
155
261
305
315
343
329
288
191
146
-28
-166
-243
-282
-251
-201
-130
-76
-57
-44
-86
-134
-172
-185
-175
-141
-101
-41
-29
53
71
69
20
-13
-28
-108
-114
-81
-33
94
139
262
319
341
366
384
355
290
199
138
-18
-151
-225
-245
-206
-143
-85
-31
-33
-33
-43
-115
-141
-163
-140
-105
-47
-39
52
79
90
84
39
-5
-27
-60
-99
-57
-44
116
138
283
322
347
373
387
351
276
194
144
-26
-161
-236
-257
-209
-143
-98
-53
-55
-53
-101
-140
-175
-190
-165
-125
-70
-39
-19
43
41
21
-23
-29
-93
-118
-103
-45
-22
123
145
274
315
355
384
355
303
199
128
-30
-186
-263
-297
-263
-194
-140
-77
-55
-65
-99
-154
-195
-205
-191
-157
-112
-53
-37
26
36
26
-10
-42
-27
-119
-115
-61
-42
99
139
266
311
352
383
395
345
263
148
22
-41
-207
-261
-247
-194
-126
-73
-39
-41
-33
-101
-142
-171
-169
-149
-98
-45
-42
37
62
67
41
5
-25
-37
-69
-37
-12
123
135
283
353
402
419
419
378
295
167
99
-29
-213
-261
-240
-190
-122
-50
-38
-37
-33
-83
-138
-171
-169
-141
-93
-55
-44
20
41
39
20
-6
-29
-42
-76
-54
-41
100
142
251
308
359
406
407
361
257
148
4
-44
-236
-290
-277
-222
-159
-103
-48
-54
-83
-125
-166
-193
-201
-173
-140
-96
-37
-29
18
17
-12
-28
-31
-110
-119
-53
-30
69
134
231
293
355
394
402
351
265
139
-12
-130
-262
-290
-277
-209
-142
-83
-47
-34
-63
-108
-150
-177
-174
-160
-111
-69
-34
-11
45
43
27
-6
-35
-32
-71
-47
-41
105
142
269
338
385
419
419
379
283
152
20
-49
-217
-268
-253
-179
-108
-56
-33
-30
-33
-39
-121
-156
-159
-120
-93
-39
-37
40
59
62
41
20
-15
-44
-72
-29
-27
114
133
275
339
399
419
419
369
261
147
-12
-137
-253
-285
-255
-199
-127
-73
-42
-41
-76
-115
-165
-188
-185
-158
-127
-69
-42
-29
23
23
-5
-22
-40
-93
-94
-59
-35
87
142
249
304
356
393
390
334
229
134
-14
-171
-261
-315
-275
-219
-156
-93
-66
-65
-83
-129
-187
-204
-189
-172
-129
-80
-37
-29
25
15
11
-19
-37
-71
-71
-44
-29
122
135
275
334
387
419
416
342
243
131
-15
-161
-241
-274
-241
-172
-109
-49
-41
-28
-37
-93
-140
-161
-159
-127
-81
-41
-37
43
49
54
29
-9
-13
-35
-38
-32
76
135
242
303
372
419
467
419
345
233
142
-28
-166
-253
-270
-221
-151
-98
-44
-40
-29
-51
-122
-171
-186
-172
-147
-86
-47
-44
27
31
25
-5
-24
-34
-77
-71
-30
54
130
212
279
341
387
419
372
299
179
131
-44
-223
-287
-299
-236
-167
-125
-65
-54
-67
-111
-156
-197
-205
-197
-162
-111
-57
-18
-22
11
-3
-19
-44
-87
-105
-79
-42
55
130
225
294
331
395
419
371
271
155
29
-28
-223
-281
-282
-209
-147
-85
-67
-38
-44
-95
-143
-178
-177
-167
-124
-73
-33
-28
52
52
34
3
-14
-29
-62
-43
-31
113
130
271
340
383
419
419
391
289
165
74
-33
-218
-261
-250
-172
-114
-50
-31
-35
-29
-44
-140
-156
-167
-140
-99
-54
-39
39
54
27
37
2
-25
-43
-49
-33
-23
117
142
275
339
382
419
404
347
240
133
-27
-156
-255
-300
-267
-195
-135
-71
-49
-38
-77
-125
-163
-193
-189
-172
-139
-86
-46
-38
25
15
-8
-26
-34
-106
-84
-41
-34
119
147
262
325
371
409
377
301
203
136
-40
-204
-282
-311
-261
-191
-133
-78
-56
-53
-95
-153
-186
-201
-210
-161
-97
-57
-44
5
23
25
11
-11
-38
-65
-49
-37
85
137
234
303
372
419
465
398
307
181
116
-29
-207
-279
-268
-205
-136
-76
-38
-28
-43
-42
-131
-163
-171
-153
-121
-61
-33
20
65
68
51
27
-26
-44
-21
-25
35
121
139
278
347
403
447
446
379
276
148
11
-32
-236
-281
-247
-187
-124
-79
-29
-44
-59
-108
-157
-186
-214
-165
-125
-74
-39
-28
27
26
8
-15
-38
-59
-73
-41
-30
110
137
259
329
366
419
403
329
214
135
-23
-185
-290
-315
-268
-199
-140
-82
-60
-76
-108
-146
-200
-219
-210
-173
-135
-81
-42
-34
17
18
-12
-30
-26
-97
-69
-41
-7
130
210
279
340
394
419
387
308
192
127
-38
-203
-270
-272
-227
-157
-108
-49
-30
-41
-81
-133
-172
-183
-175
-128
-73
-33
-36
47
54
43
23
-21
-31
-33
-39
20
114
141
274
340
387
447
457
389
302
167
79
-29
-209
-257
-245
-184
-115
-62
-35
-33
-31
-31
-135
-155
-168
-142
-110
-61
-35
21
49
59
35
-1
-25
-44
-51
-35
-7
122
139
279
338
388
419
419
330
229
141
-21
-175
-259
-296
-258
-191
-131
-74
-45
-62
-81
-146
-179
-203
-204
-172
-137
-78
-31
-30
15
14
1
-34
-29
-93
-77
-42
-23
127
134
275
327
385
407
370
293
171
121
-40
-217
-290
-300
-237
-163
-109
-70
-54
-70
-112
-149
-159
-197
-187
-152
-93
-50
-31
27
41
20
6
-18
-39
-62
-31
-35
98
146
265
326
378
419
451
390
306
174
87
-44
-209
-266
-261
-190
-125
-65
-42
-28
-35
-79
-134
-166
-165
-156
-106
-59
-38
37
55
56
47
9
-12
-27
-39
-31
55
121
139
292
350
385
451
419
366
255
147
-7
-137
-236
-274
-249
-182
-113
-69
-49
-57
-76
-123
-162
-189
-191
-168
-121
-71
-29
-29
35
31
3
-17
-41
-76
-95
-44
-30
115
134
271
326
375
399
391
313
211
144
-41
-195
-286
-317
-263
-204
-140
-102
-67
-81
-114
-145
-197
-211
-217
-174
-129
-76
-38
-33
20
11
1
-25
-33
-93
-65
-37
10
129
213
293
347
398
419
382
308
199
133
-31
-175
-269
-279
-221
-153
-93
-45
-29
-54
-85
-128
-182
-183
-169
-129
-71
-43
-28
81
59
57
18
-13
-23
-37
-40
-42
99
135
271
330
383
419
459
409
327
187
134
-36
-193
-249
-247
-203
-130
-53
-37
-40
-44
-81
-138
-167
-179
-169
-129
-70
-34
-27
51
51
31
3
-24
-38
-65
-47
-38
97
147
259
326
369
410
419
369
265
137
6
-57
-237
-300
-268
-219
-147
-98
-65
-65
-76
-124
-172
-204
-217
-194
-142
-93
-46
-31
1
23
3
-17
-39
-102
-95
-69
-29
91
142
251
306
358
405
404
331
233
138
-8
-159
-263
-300
-270
-211
-151
-102
-73
-57
-94
-129
-171
-189
-185
-171
-120
-70
-43
-22
37
52
25
-23
-38
-30
-49
-38
43
127
186
286
342
394
463
419
357
260
139
-12
-145
-239
-273
-235
-170
-108
-53
-37
-37
-71
-111
-154
-174
-169
-140
-77
-42
-28
43
59
70
26
-1
-22
-28
-38
-37
74
138
243
302
355
404
454
415
325
211
135
-25
-202
-284
-296
-245
-179
-119
-75
-61
-70
-98
-144
-193
-209
-204
-172
-117
-66
-34
-28
20
19
-28
-30
-79
-103
-69
-41
52
121
215
290
343
387
419
371
283
163
35
-39
-235
-306
-303
-255
-177
-124
-97
-101
-103
-125
-173
-211
-226
-204
-157
-108
-54
-41
-12
35
17
-10
-35
-41
-81
-53
-35
98
137
259
323
381
419
419
382
291
167
109
-38
-215
-274
-268
-197
-140
-84
-44
-42
-59
-93
-131
-150
-172
-152
-111
-63
-39
20
58
65
52
19
-15
-33
-33
-33
55
131
230
303
363
411
465
468
401
282
161
10
-37
-219
-275
-241
-179
-130
-67
-39
-36
-71
-109
-149
-172
-181
-158
-111
-64
-35
-22
37
35
9
-17
-35
-44
-70
-38
-27
113
135
276
337
379
419
419
337
229
130
-32
-199
-279
-307
-273
-199
-150
-93
-69
-77
-86
-156
-187
-215
-210
-186
-142
-103
-45
-34
2
7
-11
-25
-41
-123
-107
-53
-28
113
131
265
339
383
419
391
319
203
133
-29
-202
-279
-290
-252
-172
-124
-65
-53
-55
-77
-137
-171
-183
-181
-156
-114
-66
-34
19
47
43
20
-17
-29
-31
-64
-41
67
133
245
325
367
419
469
419
343
213
119
-18
-181
-254
-264
-208
-141
-73
-35
-45
-37
-41
-113
-146
-161
-159
-134
-77
-37
-42
50
69
42
21
-15
-31
-41
-54
-34
73
133
244
311
371
417
459
406
315
185
138
-41
-218
-291
-282
-213
-159
-104
-49
-41
-60
-98
-145
-179
-197
-191
-154
-114
-60
-42
-25
23
25
-11
-28
-33
-98
-86
-44
-29
123
145
276
339
393
419
371
291
179
132
-37
-219
-294
-302
-243
-172
-118
-76
-55
-69
-98
-139
-181
-187
-191
-155
-120
-75
-33
-30
37
27
17
-12
-34
-93
-76
-39
-16
127
213
297
354
409
455
411
339
227
134
-18
-173
-252
-266
-219
-141
-85
-37
-42
-28
-27
-109
-138
-165
-162
-131
-93
-49
-33
51
63
59
35
-2
-21
-42
-63
-29
36
128
231
308
359
415
459
419
357
242
137
-17
-154
-253
-268
-222
-157
-106
-53
-26
-33
-66
-105
-155
-173
-178
-157
-113
-75
-40
-14
31
31
8
-14
-31
-102
-97
-69
-29
91
138
259
312
359
391
394
335
217
138
-21
-169
-256
-297
-274
-204
-147
-103
-62
-67
-97
-140
-181
-209
-210
-189
-145
-106
-54
-41
-23
17
3
-29
-29
-97
-107
-76
-14
55
138
244
311
359
404
411
355
251
143
-11
-105
-234
-283
-268
-182
-135
-75
-30
-37
-58
-101
-141
-167
-178
-157
-130
-76
-33
-34
36
53
43
3
-28
-44
-76
-57
-41
90
138
266
330
372
419
451
398
308
180
138
