403
275
159
117
-23
-44
-51
-46
-41
-18
8
23
10
-8
-25
-44
-145
-177
-217
-268
-305
-339
-398
-417
-458
-474
-442
-383
-293
-190
-62
34
122
305
449
583
653
661
629
537
419
286
157
115
-27
-31
-50
-76
-64
-41
-44
1
13
-29
-44
-53
-159
-204
-257
-304
-343
-365
-423
-453
-485
-501
-462
-396
-307
-204
-75
-29
116
293
419
555
635
641
591
505
387
249
132
23
-44
-49
-96
-96
-76
-63
-53
-34
-21
-43
-44
-125
-172
-232
-275
-296
-348
-365
-412
-439
-487
-486
-473
-425
-339
-207
-96
-58
127
276
406
558
633
659
635
545
419
315
187
129
-21
-43
-50
-57
-53
-55
-25
10
15
-9
-27
-46
-133
-172
-226
-275
-289
-353
-375
-407
-445
-455
-434
-395
-300
-189
-79
-18
122
305
450
591
667
683
645
565
449
309
186
130
-13
-44
-53
-50
-43
-44
-2
11
-1
-18
-31
-65
-145
-203
-232
-283
-298
-348
-390
-418
-466
-493
-473
-443
-348
-236
-114
-55
111
241
389
513
626
660
627
567
458
322
186
133
-18
-49
-59
-102
-95
-47
-46
-49
-25
-27
-47
-124
-170
-200
-251
-301
-348
-357
-428
-455
-491
-488
-487
-425
-333
-219
-113
-44
110
277
406
563
623
658
624
534
405
302
178
118
-21
-38
-49
-44
-48
-41
-44
2
5
-12
-27
-48
-142
-182
-220
-263
-307
-342
-375
-425
-453
-449
-447
-396
-316
-201
-77
-44
117
297
419
574
659
677
663
595
475
327
207
122
6
-12
-31
-47
-33
-44
4
19
-6
-6
-37
-44
-139
-173
-220
-277
-318
-348
-381
-427
-451
-458
-457
-411
-321
-225
-110
-46
116
280
411
569
635
657
619
539
419
283
162
122
-39
-43
-61
-98
-67
-61
-43
-42
-12
-33
-44
-106
-146
-211
-257
-286
-345
-380
-401
-460
-490
-511
-489
-444
-359
-236
-108
-59
116
273
419
539
633
650
609
539
411
281
166
127
-31
-44
-65
-74
-62
-43
-55
-1
3
-10
-29
-54
-131
-201
-233
-274
-313
-348
-379
-428
-456
-465
-458
-397
-306
-217
-82
-43
125
297
419
566
661
687
647
565
455
330
201
129
-12
-33
-42
-43
-33
-13
19
33
27
19
-17
-44
-103
-163
-215
-242
-270
-319
-369
-395
-444
-472
-453
-398
-331
-217
-96
-54
116
269
405
547
643
671
657
579
480
335
215
117
5
-33
-49
-69
-61
-44
-38
-41
5
-19
-27
-55
-143
-187
-236
-269
-317
-364
-395
-436
-471
-491
-476
-430
-353
-250
-137
-54
111
234
365
527
628
639
624
549
419
319
179
115
-25
-58
-102
-103
-93
-73
-55
-47
-21
-31
-35
-60
-127
-188
-236
-289
-317
-348
-390
-425
-465
-480
-471
-417
-361
-241
-124
-65
102
250
381
513
627
667
655
598
489
353
243
129
22
-34
-44
-44
-37
-41
-16
6
11
4
-2
-33
-93
-167
-197
-229
-268
-312
-362
-391
-423
-453
-463
-425
-332
-222
-117
-62
114
263
373
526
630
678
675
623
519
374
237
126
29
-26
-53
-50
-55
-55
-47
-9
6
-3
-25
-43
-119
-175
-218
-266
-306
-345
-397
-429
-475
-491
-486
-460
-386
-273
-171
-47
99
127
338
475
603
643
634
577
491
340
227
116
-1
-42
-46
-108
-83
-69
-55
-41
-41
-32
-41
-54
-137
-175
-222
-281
-317
-364
-412
-447
-471
-506
-510
-462
-389
-282
-166
-50
75
122
323
475
586
658
639
596
502
370
264
146
89
-27
-44
-51
-55
-39
-48
-9
-9
-1
-26
-34
-53
-149
-204
-234
-284
-331
-363
-407
-439
-473
-485
-444
-370
-290
-169
-50
87
122
327
458
587
670
691
635
561
419
315
193
117
2
-29
-43
-53
-44
-43
-3
8
12
-22
-41
-47
-162
-177
-236
-283
-326
-353
-407
-436
-466
-475
-469
-416
-326
-204
-76
-46
116
279
411
559
635
663
629
541
445
309
175
122
1
-34
-44
-39
-54
-57
-44
-12
-2
-19
-43
-53
-147
-219
-262
-314
-348
-380
-428
-458
-491
-507
-490
-433
-353
-231
-121
-35
109
264
392
527
625
630
610
535
419
303
179
129
-38
-40
-100
-93
-76
-57
-43
-44
-2
-25
-44
-53
-147
-206
-239
-285
-321
-373
-414
-421
-476
-483
-467
-423
-361
-231
-117
-43
114
254
365
511
631
673
651
597
500
357
245
131
22
-35
-42
-43
-58
-42
-1
25
25
20
-12
-29
-43
-156
-206
-251
-297
-346
-376
-417
-454
-465
-460
-428
-359
-253
-125
-46
103
243
356
502
603
659
659
579
502
362
234
121
19
-37
-51
-49
-73
-43
-51
-27
-5
-21
-26
-47
-137
-179
-234
-273
-315
-361
-397
-444
-460
-483
-498
-457
-391
-289
-178
-55
67
127
315
447
571
635
631
583
479
365
231
116
2
-44
-44
-94
-77
-76
-61
-55
-51
-18
-31
-44
-119
-182
-220
-279
-319
-348
-398
-429
-471
-488
-491
-447
-378
-283
-172
-55
60
131
319
473
590
651
660
614
517
403
279
159
116
-19
-47
-58
-55
-55
-30
-10
16
3
5
-34
-57
-149
-187
-233
-278
-326
-364
-395
-431
-439
-460
-429
-369
-274
-166
-51
65
131
323
447
589
665
663
631
543
413
289
179
131
-16
-27
-35
-48
-44
-61
-21
11
3
-31
-43
-44
-169
-220
-253
-311
-338
-384
-409
-436
-489
-477
-461
-409
-300
-204
-71
-18
117
298
419
576
629
635
601
499
390
245
122
3
-41
-57
-99
-95
-76
-69
-44
-51
-29
-32
-57
-138
-184
-233
-278
-321
-359
-401
-439
-466
-491
-494
-469
-385
-315
-203
-66
-15
116
315
455
567
647
642
615
531
390
266
148
110
-22
-49
-49
-67
-50
-41
-21
-1
6
-10
-44
-44
-140
-190
-229
-271
-313
-357
-395
-428
-457
-462
-427
-365
-284
-159
-55
84
121
331
479
627
686
679
638
553
417
291
171
125
-6
-33
-43
-46
-47
0
-1
23
29
-12
-29
-50
-135
-160
-230
-268
-303
-346
-381
-407
-444
-463
-464
-400
-300
-193
-60
-108
122
292
457
575
651
649
613
529
397
265
137
100
-30
-55
-96
-107
-61
-50
-54
-5
-19
-27
-53
-103
-169
-203
-259
-298
-345
-380
-414
-473
-493
-512
-480
-427
-342
-220
-107
-59
113
265
407
545
613
627
595
523
392
265
148
68
-43
-44
-100
-81
-76
-46
-47
6
5
3
-41
-44
-130
-175
-219
-266
-309
-352
-383
-431
-460
-464
-455
-397
-300
-209
-76
-47
122
290
419
575
649
675
623
547
419
298
175
129
-9
-27
-31
-50
-38
-2
21
39
39
21
-13
-25
-44
-145
-190
-241
-274
-315
-351
-398
-431
-453
-445
-403
-322
-207
-95
-76
116
249
419
553
663
667
643
547
419
303
179
131
-20
-41
-48
-76
-62
-53
-42
19
6
5
-30
-63
-119
-170
-203
-245
-300
-347
-368
-412
-454
-456
-474
-433
-365
-259
-143
-43
96
179
353
491
606
627
623
575
465
327
203
127
-13
-37
-49
-95
-58
-58
-46
11
19
19
-21
-37
-62
-142
-190
-229
-267
-301
-341
-381
-414
-436
-431
-412
-337
-268
-126
-55
106
234
372
502
628
691
682
631
523
407
282
157
82
30
-41
-32
-12
-1
39
54
74
59
39
8
-25
-49
-63
-154
-190
-230
-266
-305
-346
-379
-391
-373
-335
-242
-140
-44
99
132
342
462
598
678
692
655
577
474
347
217
135
4
-27
-21
-30
-12
8
38
49
44
47
3
-27
-42
-98
-154
-207
-251
-289
-325
-364
-402
-431
-417
-385
-330
-217
-108
-43
121
231
356
483
595
630
629
565
483
354
228
119
-6
-41
-49
-82
-76
-46
-49
-30
5
13
-3
-31
-47
-142
-173
-212
-243
-283
-319
-361
-409
-409
-442
-447
-396
-322
-221
-103
-42
115
244
340
480
573
610
618
553
468
339
217
125
8
-34
-38
-49
-43
-54
-27
3
22
11
10
-43
-43
-106
-140
-185
-217
-266
-300
-342
-374
-403
-409
-395
-358
-261
-151
-53
61
138
295
416
523
627
653
617
564
469
339
214
118
9
-41
-31
-59
-55
-34
-6
17
20
19
11
-27
-55
-129
-153
-190
-236
-268
-300
-320
-396
-409
-433
-413
-358
-270
-151
-67
69
134
287
403
531
596
607
593
512
414
308
182
127
-21
-59
-47
-69
-72
-76
-41
1
3
-6
-27
-54
-96
-147
-197
-216
-254
-302
-346
-381
-414
-438
-412
-397
-363
-249
-141
-44
85
142
319
419
547
598
611
571
499
395
267
167
116
-26
-44
-54
-53
-44
-42
13
23
19
6
-21
-37
-49
-122
-172
-195
-231
-274
-310
-351
-392
-407
-398
-370
-313
-204
-98
-53
118
234
335
454
554
628
631
585
519
387
277
178
122
3
-31
-41
-39
-27
0
15
49
31
-6
-27
-17
-61
-145
-163
-201
-249
-289
-319
-364
-400
-427
-413
-390
-324
-215
-117
-47
89
116
305
405
515
591
579
551
474
375
245
125
63
-43
-48
-93
-86
-79
-47
-44
-44
-25
-33
-49
-58
-136
-167
-204
-245
-280
-325
-367
-407
-428
-451
-433
-414
-363
-265
-163
-44
82
117
278
389
513
575
582
525
461
341
231
121
-5
-39
-59
-105
-80
-78
-49
-47
-44
-17
-33
-51
-44
-136
-165
-201
-253
-265
-307
-343
-387
-412
-425
-425
-381
-305
-218
-94
-59
111
243
341
457
569
599
615
551
483
353
234
121
16
-36
-55
-58
-59
-46
-29
-1
2
17
-1
-23
-47
-102
-170
-207
-238
-266
-302
-332
-364
-391
-421
-418
-359
-279
-185
-76
-33
110
259
363
500
591
615
595
544
419
311
197
115
-9
-42
-43
-93
-76
-58
-55
-37
-25
-15
-33
-57
-124
-156
-190
-234
-261
-300
-351
-390
-425
-457
-462
-444
-389
-285
-185
-50
-27
137
255
367
495
574
593
547
484
370
262
129
66
-44
-55
-109
-98
-100
-65
-61
-44
-47
-44
-51
-62
-145
-177
-215
-245
-300
-327
-364
-400
-417
-425
-458
-398
-330
-242
-138
-43
100
162
335
457
569
627
622
566
478
375
245
118
11
-25
-61
-76
-77
-55
-44
-39
-5
-9
-27
-44
-37
-133
-185
-210
-249
-270
-315
-345
-380
-401
-423
-407
-358
-289
-175
-70
-32
129
286
406
526
627
643
623
541
449
315
179
117
-18
-44
-44
-82
-76
-44
-44
-44
-12
-33
-42
-54
-129
-157
-204
-245
-300
-332
-369
-412
-444
-467
-462
-427
-365
-265
-154
-48
89
130
315
465
561
617
603
549
467
335
212
137
-12
-53
-122
-125
-117
-93
-59
-53
-44
-44
-55
-59
-122
-155
-204
-252
-280
-325
-367
-398
-431
-451
-479
-455
-407
-310
-209
-109
-44
125
262
379
521
597
625
601
515
403
287
167
119
-27
-57
-100
-79
-67
-44
-63
-12
2
-3
-34
-44
-108
-159
-204
-233
-273
-311
-354
-375
-424
-444
-444
-406
-334
-236
-115
-47
122
257
381
514
628
669
661
596
484
347
230
122
-6
-44
-3
-85
-96
-74
-95
9
15
-11
-21
-46
-43
-129
-165
-211
-250
-305
-341
-385
-434
-444
-467
-463
-379
-303
-189
-76
-27
117
