-213
-250
-272
-284
-305
-335
-331
-280
-173
-77
-29
116
289
404
500
618
704
715
673
539
365
217
131
9
-43
-81
-69
-63
-41
-28
-44
-29
-59
-102
-151
-178
-201
-231
-249
-266
-300
-331
-357
-355
-348
-315
-221
-137
-35
105
153
341
447
595
666
681
651
534
379
227
143
-11
-40
-113
-105
-61
-67
-49
-39
-69
-102
-140
-182
-201
-220
-243
-267
-268
-298
-316
-364
-353
-351
-331
-239
-139
-45
91
134
341
419
561
661
703
679
602
451
291
153
113
-17
-24
-61
-44
-16
-25
-32
-44
-44
-101
-141
-151
-204
-220
-236
-245
-264
-274
-321
-336
-342
-305
-236
-159
-41
81
145
327
419
559
662
727
701
623
497
341
198
122
-30
-27
-69
-60
-61
-37
-53
-31
-49
-67
-115
-157
-172
-221
-231
-255
-285
-296
-329
-343
-362
-333
-300
-198
-76
-33
116
275
362
477
593
683
673
622
502
331
199
129
-41
-45
-113
-105
-85
-55
-49
-63
-70
-97
-140
-171
-202
-226
-245
-266
-321
-305
-335
-364
-383
-386
-331
-236
-139
-28
100
131
340
419
577
681
689
637
543
379
223
148
-7
-44
-108
-97
-71
-53
-29
-47
-42
-44
-106
-149
-172
-189
-204
-235
-255
-265
-303
-336
-346
-354
-316
-223
-140
-37
105
143
354
467
583
692
725
704
596
453
298
161
113
-27
-40
-76
-21
-45
-45
-49
-37
-28
-32
-111
-152
-189
-207
-225
-249
-258
-293
-318
-349
-365
-334
-261
-165
-53
52
134
325
411
542
651
699
667
607
457
304
167
81
-22
-107
-113
-102
-76
-67
-58
-45
-70
-93
-141
-178
-204
-238
-247
-273
-300
-331
-353
-390
-395
-349
-283
-210
-101
-28
122
258
373
490
601
667
659
598
477
310
163
143
-35
-127
-129
-109
-93
-82
-44
-63
-76
-106
-134
-169
-213
-229
-253
-268
-284
-318
-348
-375
-392
-362
-299
-230
-107
-22
117
276
375
500
601
714
703
659
511
359
203
138
-21
-40
-106
-76
-66
-59
-22
-37
-27
-73
-102
-143
-172
-214
-231
-227
-254
-281
-301
-346
-362
-341
-286
-217
-93
-59
116
257
372
473
599
679
730
651
575
419
267
133
6
-45
-102
-75
-93
-62
-51
-33
-48
-61
-99
-149
-179
-221
-220
-258
-275
-296
-321
-361
-386
-389
-348
-275
-172
-44
-12
157
308
418
514
647
693
673
599
419
291
154
17
-44
-113
-126
-109
-82
-75
-67
-79
-108
-108
-162
-202
-234
-268
-274
-305
-327
-331
-364
-390
-380
-361
-287
-207
-108
-21
116
274
401
495
610
693
691
614
499
327
198
129
-21
-108
-119
-105
-78
-62
-44
-33
-62
-70
-129
-174
-196
-225
-236
-261
-284
-316
-331
-341
-366
-348
-285
-198
-85
-29
131
277
379
499
626
711
723
661
541
387
229
131
-17
-32
-82
-61
-54
-51
-44
-33
-31
-34
-105
-133
-177
-204
-236
-245
-259
-279
-310
-347
-379
-352
-309
-214
-118
-22
116
255
375
486
603
679
692
679
565
391
243
139
-22
-45
-112
-108
-108
-75
-62
-65
-76
-81
-124
-162
-204
-210
-255
-282
-291
-300
-331
-380
-389
-389
-342
-277
-177
-64
-31
148
313
405
538
642
689
661
579
419
267
133
7
-50
-131
-121
-113
-79
-67
-53
-76
-75
-117
-147
-174
-222
-251
-275
-287
-300
-329
-357
-387
-366
-341
-275
-172
-58
-9
125
329
419
549
671
730
723
635
475
308
165
129
-27
-45
-102
-81
-71
-58
-45
-28
-33
-61
-122
-153
-183
-210
-229
-242
-263
-297
-326
-354
-351
-359
-271
-173
-61
-12
119
308
417
523
660
741
739
691
543
389
229
145
-30
-34
-108
-107
-79
-76
-38
-45
-43
-63
-111
-159
-196
-221
-249
-252
-304
-300
-336
-364
-392
-364
-318
-222
-122
-44
115
258
367
471
611
668
703
661
531
371
214
138
-12
-43
-137
-117
-109
-76
-70
-58
-101
-77
-133
-177
-220
-252
-269
-291
-305
-321
-352
-373
-396
-396
-341
-255
-158
-44
79
137
339
419
565
666
711
675
594
419
266
133
-5
-42
-117
-117
-93
-79
-50
-63
-56
-63
-98
-140
-185
-218
-229
-253
-277
-291
-311
-335
-364
-377
-325
-266
-159
-51
45
137
335
419
577
693
747
739
649
507
331
199
129
-13
-44
-98
-74
-44
-33
-44
-41
-39
-38
-113
-154
-199
-229
-254
-263
-270
-310
-336
-362
-367
-342
-295
-204
-75
-40
138
283
411
531
653
724
724
673
539
361
196
127
-33
-106
-130
-106
-102
-93
-69
-53
-61
-93
-133
-171
-209
-248
-278
-290
-320
-333
-349
-389
-390
-378
-321
-242
-140
-31
105
209
370
481
613
694
714
657
527
362
205
132
-45
-113
-146
-122
-109
-97
-73
-73
-61
-94
-125
-171
-203
-236
-239
-277
-277
-298
-320
-352
-393
-364
-342
-268
-159
-33
99
135
349
469
595
702
739
720
611
457
298
148
49
-39
-102
-93
-62
-47
-43
-37
-31
-44
-102
-122
-159
-194
-221
-261
-272
-278
-299
-329
-345
-335
-305
-239
-129
-32
99
174
349
467
595
722
737
730
629
472
305
147
47
-31
-113
-106
-109
-78
-63
-33
-34
-53
-76
-127
-171
-216
-253
-281
-285
-300
-331
-346
-386
-389
-340
-305
-196
-94
-29
121
289
419
532
663
721
693
623
481
308
148
41
-26
-144
-143
-119
-113
-76
-73
-62
-61
-101
-152
-179
-236
-269
-282
-301
-318
-346
-374
-377
-393
-365
-300
-234
-105
-29
115
297
401
511
635
723
722
642
499
339
186
134
-15
-121
-135
-102
-74
-61
-41
-55
-41
-73
-110
-144
-186
-231
-251
-266
-270
-309
-329
-361
-364
-357
-300
-211
-93
-33
116
292
403
519
653
718
756
679
543
393
227
130
-26
-39
-81
-76
-59
-53
-41
-34
-43
-34
-37
-141
-178
-204
-231
-258
-273
-298
-323
-358
-371
-364
-303
-233
-113
-25
116
241
367
491
615
709
711
651
543
391
227
147
-27
-44
-126
-110
-93
-82
-75
-56
-59
-66
-85
-76
-165
-203
-258
-303
-254
-390
-364
-396
-405
-380
-349
-283
-204
-65
-29
148
315
419
579
687
723
673
571
411
243
137
-13
-58
-148
-39
-117
-99
-71
-64
-60
-41
-82
-129
-188
-207
-240
-266
-288
-301
-330
-373
-382
-384
-364
-284
-189
-56
-13
146
318
419
563
675
739
711
629
497
308
167
119
-28
-105
-108
-87
-76
-62
-41
-28
-50
-26
-107
-161
-195
-204
-236
-254
-284
-301
-310
-359
-364
-343
-272
-182
-66
-37
135
290
407
538
655
739
715
658
535
355
195
143
-22
-37
-87
-93
-65
-63
-54
-43
-45
-59
-101
-149
-177
-218
-257
-274
-305
-331
-335
-364
-380
-364
-316
-223
-135
-29
119
199
359
467
583
687
694
649
519
367
200
142
-17
-102
-135
-125
-121
-101
-75
-70
-63
-93
-118
-165
-209
-234
-269
-279
-300
-336
-339
-360
-389
-387
-347
-266
-173
-44
84
131
342
449
579
679
696
655
583
407
245
143
5
-36
-119
-113
-108
-70
-70
-45
-41
-55
-82
-121
-170
-214
-243
-243
-281
-273
-316
-341
-354
-367
-336
-257
-141
-38
100
130
352
466
579
690
739
713
628
494
295
174
125
-31
-39
-77
-79
-76
-65
-30
-33
-29
-27
-102
-157
-196
-222
-245
-268
-291
-320
-331
-358
-365
-347
-286
-170
-71
-22
117
308
405
527
631
710
704
640
486
335
182
127
-33
-122
-119
-115
-93
-76
-76
-59
-74
-85
-139
-183
-235
-241
-259
-282
-299
-341
-362
-391
-391
-366
-334
-238
-108
-33
131
259
367
468
587
660
675
609
504
341
186
133
-25
-131
-140
-137
-128
-104
-76
-60
-50
-75
-125
-172
-210
-231
-280
-287
-295
-317
-345
-362
-364
-374
-318
-220
-125
-28
127
251
395
486
619
704
725
659
564
393
231
137
-14
-29
-125
-105
-94
-54
-45
-25
-42
-62
-102
-140
-174
-201
-231
-255
-282
-298
-312
-335
-347
-331
-300
-209
-105
-31
115
257
385
489
611
723
729
703
589
419
259
120
-3
-41
-125
-120
-104
-97
-54
-56
-51
-71
-119
-156
-194
-230
-236
-250
-287
-289
-310
-346
-364
-380
-339
-282
-165
-65
22
147
313
418
535
641
683
671
596
468
291
137
22
-37
-139
-161
-140
-117
-108
-75
-77
-101
-125
-174
-213
-253
-273
-297
-311
-325
-347
-344
-365
-362
-361
-283
-194
-70
-33
131
306
405
542
650
707
683
611
473
306
162
58
-27
-121
-128
-126
-113
-82
-56
-70
-98
-102
-137
-163
-221
-233
-267
-264
-285
-305
-317
-353
-349
-313
-268
-167
-60
-28
142
313
419
532
666
723
730
641
515
347
189
137
-14
-37
-105
-85
-93
-60
-44
-38
-56
-73
-125
-156
-207
-211
-243
-268
-301
-306
-342
-353
-364
-331
-269
-177
-77
-45
127
288
405
499
626
707
692
623
513
334
205
133
-22
-108
-140
-121
-85
-93
-71
-75
-76
-99
-145
-202
-252
-255
-268
-271
-300
-318
-338
-369
-374
-364
-306
-221
-124
-43
118
201
347
463
582
667
682
630
527
354
185
133
-28
-125
-149
-139
-113
-109
-79
-75
-66
-81
-124
-171
-218
-245
-290
-284
-286
-325
-323
-348
-364
-357
-293
-205
-108
-19
133
270
389
506
625
724
711
659
539
374
211
139
-18
-47
-121
-119
-81
-76
-59
-44
-44
-29
-82
-128
-172
-221
-255
-282
-301
-315
-300
-347
-354
-327
-285
-209
-105
-41
120
288
407
527
642
727
749
682
553
387
212
137
-29
-67
-137
-122
-93
-75
-50
-44
-37
-50
-113
-170
-213
-245
-257
-287
-304
-306
-348
-371
-374
-369
-318
-239
-142
-38
113
224
359
463
586
689
694
649
551
372
207
133
-21
-119
-143
-142
-113
-111
-82
-62
-82
-102
-149
-194
-234
-255
-268
-304
-331
-331
-359
-367
-398
-393
-348
-262
-150
-44
99
122
345
454
579
675
707
660
569
409
234
134
-11
-47
-119
-115
-105
-102
-55
-50
-47
-62
-93
-145
-204
-230
-266
-283
-297
-301
-325
-343
-352
-357
-333
-236
-125
-28
99
209
373
483
601
693
753
694
585
404
267
148
21
-44
-97
-101
-76
-51
-43
-37
-44
-31
-76
-133
-172
-219
-252
-275
-294
-300
-330
-351
-371
-373
-343
-275
-176
-47
42
137
315
419
558
642
715
693
595
419
275
127
5
-33
-125
-118
-122
-102
-94
-78
-67
-97
-113
-165
-214
-247
-269
-307
-331
-331
-348
-386
-391
-393
-379
-300
-196
-77
-33
145
302
403
523
642
706
675
587
409
241
142
-12
-49
-155
-161
-121
-121
-102
-85
-82
-82
-109
-158
-214
-253
-277
-298
-310
-317
-339
-351
-393
-377
-355
-285
-196
-56
-28
116
318
419
571
675
737
717
628
481
293
147
54
-37
-102
-117
-102
-80
-61
-25
-17
-41
-63
-109
-173
-202
-258
-263
-281
-303
-330
-331
-348
-364
-329
-273
-185
-61
56
135
343
450
575
699
756
719
649
486
310
163
127
-29
-93
-108
-94
-64
-54
-29
-30
-33
-31
-110
-157
-207
-227
-262
-283
-290
-301
-329
-364
-380
-353
-289
-177
-81
-22
130
321
419
543
675
743
725
635
495
330
169
117
-27
