81
96
113
116
116
149
167
132
20
-31
-221
-235
-293
-273
-193
-129
-109
-108
-117
-133
-133
-170
-156
-130
-102
-61
-21
-31
27
41
27
-3
-42
-145
-155
-165
-157
-174
-130
-100
-48
-46
-44
54
86
73
84
99
87
111
127
127
226
192
127
39
-41
-202
-248
-279
-254
-172
-113
-71
-77
-109
-122
-134
-151
-149
-165
-97
-49
-29
-11
41
38
20
0
-35
-49
-95
-109
-117
-105
-84
-49
-37
-27
46
81
83
99
99
109
113
-31
111
122
149
171
139
33
-44
-193
-236
-293
-241
-156
-75
-61
-53
-55
-71
-101
-108
-113
-119
-67
-65
-18
55
82
87
67
38
-9
-34
-50
-103
-96
-76
-58
-55
-39
3
63
65
83
116
116
116
95
117
142
147
231
195
131
31
-28
-220
-236
-277
-263
-185
-112
-86
-93
-108
-113
-146
-156
-154
-155
-114
-75
-45
-42
10
27
26
0
-28
-31
-111
-125
-125
-150
-85
-61
-44
-21
36
67
94
84
104
113
116
137
117
131
219
177
118
39
-44
-198
-234
-279
-259
-183
-105
-69
-69
-79
-85
-113
-115
-141
-135
-69
-31
-12
74
91
103
90
53
3
-21
-35
-65
-73
-53
-37
-44
20
52
80
99
127
135
149
151
150
163
179
207
257
248
179
127
-13
-122
-202
-219
-223
-156
-63
-43
-76
-76
-76
-110
-103
-133
-117
-67
-37
-47
24
50
82
34
15
1
-39
-81
-125
-143
-125
-71
-43
-28
-9
57
52
73
83
101
91
105
102
118
130
201
195
143
52
-27
-198
-268
-280
-291
-211
-135
-98
-82
-98
-109
-130
-149
-147
-129
-109
-61
-41
6
39
43
54
20
-7
-46
-81
-117
-113
-105
-93
-63
-44
-29
33
54
91
67
85
95
94
127
116
135
217
219
175
146
-12
-139
-207
-244
-257
-195
-119
-44
-47
-45
-75
-85
-104
-111
-108
-86
-37
-28
25
55
62
52
27
-22
-21
-31
-76
-75
-62
-52
-29
-14
30
73
86
115
136
145
151
151
134
149
195
227
233
204
146
-13
-165
-226
-247
-263
-218
-127
-76
-80
-95
-70
-117
-119
-140
-145
-113
-69
-37
-29
52
49
43
11
-13
-39
-109
-119
-109
-108
-83
-74
-24
-29
-41
29
57
55
77
77
79
78
102
145
145
203
136
103
-17
-172
-251
-284
-281
-217
-134
-82
-93
-93
-114
-111
-129
-140
-125
-110
-66
-44
-25
31
39
25
15
-31
-41
-115
-134
-124
-130
-95
-53
-25
-29
52
43
81
97
95
111
99
117
119
121
210
203
158
125
-37
-179
-250
-286
-268
-201
-123
-97
-98
-98
-134
-153
-108
-140
-127
-111
-39
-37
26
62
67
47
35
5
-21
-43
-97
-97
-79
-59
-58
-45
27
65
57
87
97
91
99
52
102
113
121
149
218
151
51
-37
-189
-247
-300
-273
-183
-117
-93
-53
-44
-77
-93
-108
-109
-114
-44
-28
-13
52
67
84
53
31
-13
-23
-82
-108
-102
-95
-85
-35
-23
55
52
66
99
109
116
123
116
116
127
139
206
185
129
-6
-165
-248
-289
-318
-273
-177
-111
-99
-93
-118
-123
-108
-122
-125
-135
-101
-41
-35
26
31
41
35
18
-13
-43
-79
-109
-108
-93
-66
-41
-29
43
72
100
109
91
68
89
84
89
140
145
222
163
142
1
-30
-185
-222
-254
-198
-121
-31
-44
-29
-59
-93
-81
-102
-109
-55
-41
-21
68
85
103
80
51
15
-14
-42
-76
-85
-104
-70
-30
-29
3
88
99
99
123
130
127
136
137
137
148
213
212
143
147
-22
-173
-223
-253
-263
-172
-108
-76
-71
-86
-108
-127
-142
-153
-139
-94
-28
-12
36
63
62
39
10
-23
-35
-73
-99
-123
-123
-85
-62
-27
-26
52
65
101
95
106
102
75
95
118
127
158
170
142
-9
-37
-221
-242
-268
-236
-142
-85
-45
-55
-71
-97
-122
-129
-143
-105
-59
-42
3
51
66
70
31
17
-12
-28
-81
-97
-118
-78
-72
-35
-27
47
84
107
121
123
135
111
151
135
179
212
265
179
129
-9
-39
-190
-221
-221
-181
-93
-27
-41
-21
-52
-76
-81
-93
-109
-43
-39
-15
71
79
85
67
59
21
-10
-34
-17
-77
-76
-76
-34
-27
25
69
119
133
119
135
135
118
148
142
142
213
219
145
127
-39
-173
-225
-265
-268
-190
-102
-45
-58
-79
-82
-114
-118
-154
-127
-86
-45
-28
42
39
55
38
15
-12
-33
-98
-130
-133
-129
-95
-77
-31
0
26
49
62
84
99
100
97
116
127
141
194
179
131
9
-29
-191
-233
-266
-242
-140
-79
-61
-53
-74
-76
-93
-108
-113
-78
-45
-41
67
59
77
78
75
27
-6
-7
-19
-76
-83
-71
-43
-43
21
61
99
123
145
148
145
148
133
139
155
212
230
203
133
3
-34
-204
-246
-255
-189
-109
-47
-41
-49
-74
-111
-93
-111
-95
-63
-22
-31
52
59
95
85
49
19
-23
-39
-76
-97
-93
-98
-58
-44
-33
33
57
69
91
99
112
91
114
137
147
199
217
148
115
-15
-171
-236
-279
-292
-210
-115
-83
-76
-79
-93
-115
-97
-125
-147
-108
-55
-31
-28
19
37
9
11
-22
-45
-78
-110
-130
-120
-111
-67
-48
-42
42
73
84
94
110
119
107
125
123
123
209
199
137
82
-44
-198
-270
-300
-267
-189
-94
-59
-71
-80
-78
-79
-95
-129
-108
-59
-18
23
50
69
79
68
46
-7
-21
-25
-63
-79
-86
-69
-30
-34
35
79
123
130
143
139
131
136
146
151
213
259
227
163
127
-12
-157
-221
-254
-237
-133
-71
-31
-34
-28
-62
-93
-101
-113
-103
-49
-42
20
45
62
78
31
37
-25
-34
-102
-95
-103
-85
-74
-45
-31
33
82
82
105
115
116
115
91
113
122
146
222
194
131
0
-44
-233
-267
-280
-242
-156
-97
-78
-73
-93
-119
-123
-134
-140
-111
-67
-45
-25
22
52
40
22
-17
3
-57
-125
-109
-138
-110
-102
-50
-44
15
31
84
79
82
73
71
109
91
109
145
187
161
138
-9
-127
-227
-268
-251
-210
-129
-69
-50
-44
-47
-70
-95
-109
-106
-77
-40
-21
36
49
66
65
38
-7
-31
-39
-82
-108
-110
-73
-44
-33
55
104
117
133
148
139
142
127
148
196
223
259
246
166
135
-38
-157
-227
-272
-236
-159
-65
-34
-53
-29
-62
-70
-98
-93
-93
-57
-29
28
52
69
95
66
34
-12
-29
-41
-77
-98
-77
-59
-29
-45
33
67
90
115
123
107
116
129
133
146
161
210
163
141
-25
-157
-238
-271
-282
-233
-140
-86
-78
-61
-79
-114
-127
-140
-140
-114
-47
-43
18
31
31
57
3
-27
-43
-161
-65
-142
-135
-119
-76
-50
-41
73
85
123
131
119
127
133
147
141
197
244
215
148
141
-28
-175
-235
-244
-221
-152
-62
-28
-35
-75
-79
-93
-117
-119
-108
-59
-29
-27
66
85
91
78
52
-1
-17
-41
-74
-94
-93
-41
-54
17
59
119
130
139
118
143
125
142
142
137
139
213
166
121
-14
-141
-242
-290
-255
-214
-119
-62
-40
-45
-61
-93
-106
-109
-118
-75
-42
-28
51
61
67
66
41
15
-18
-34
-130
-131
-137
-111
-94
-76
-42
-44
52
69
115
107
102
107
111
132
135
198
215
175
138
-19
-175
-247
-277
-297
-221
-140
-93
-68
-61
-121
-129
-140
-153
-145
-121
-75
-45
-6
38
55
71
59
-5
-27
-47
-109
-116
-103
-85
-57
-51
-15
84
103
118
129
129
135
125
136
151
186
212
214
129
47
-33
-193
-268
-289
-268
-191
-77
-27
-35
-33
-62
-62
-97
-104
-72
-47
-29
41
76
96
97
85
49
9
-13
-44
-31
-108
-93
-53
-45
-37
52
85
111
125
119
139
139
129
148
187
232
254
227
146
85
-23
-182
-244
-279
-219
-135
-65
-42
-41
-55
-93
-103
-93
-109
-108
-33
-34
35
50
67
67
39
6
-25
-29
-102
-125
-108
-114
-71
-34
-29
35
77
121
129
116
123
113
133
123
131
209
229
165
143
-25
-169
-222
-266
-282
-214
-125
-65
-70
-51
-82
-93
-87
-107
-105
-71
-46
-33
48
53
84
68
52
1
-13
-35
-97
-79
-78
-53
-42
-34
36
79
100
121
145
127
139
138
175
187
213
259
257
187
133
-34
-166
-220
-258
-226
-144
-60
-27
-38
-23
-45
-59
-53
-77
-79
-29
-30
58
73
99
113
114
41
15
-18
-33
-43
-62
-69
-53
-37
-28
70
110
125
139
131
155
159
165
159
180
225
239
201
139
-1
-60
-221
-247
-275
-206
-131
-76
-42
-35
-65
-94
-87
-116
-109
-97
-58
-37
36
80
78
61
31
-3
-31
-38
-109
-113
-116
-87
-69
-44
-21
52
79
100
107
113
123
125
127
130
148
227
223
159
131
-55
-193
-239
-281
-259
-195
-95
-49
-42
-45
-93
-103
-107
-105
-108
-62
-50
34
52
70
99
53
26
0
-23
-24
-93
-82
-97
-67
-34
-44
43
99
117
135
146
145
139
165
155
185
227
257
226
139
174
-39
-174
-234
-255
-217
-123
-34
-31
-33
-18
-41
-44
-73
-79
-57
-23
0
62
90
103
99
81
43
-3
-30
-45
-76
-79
-93
-34
-28
26
89
116
131
130
130
125
130
133
146
191
227
250
169
135
-27
-159
-225
-277
-263
-195
-97
-46
-45
-53
-93
-85
-99
-113
-123
-76
-21
-39
55
75
67
57
20
-7
-37
-49
-111
-129
-131
-101
-57
-31
-17
68
97
95
116
122
113
118
122
133
142
229
163
151
49
-47
-209
-268
-283
-248
-165
-74
-45
-45
-50
-65
-76
-69
-111
-75
-30
-40
51
81
94
99
81
35
-11
-28
-33
-97
-93
-96
-61
-44
-13
57
110
138
134
133
155
146
163
173
199
235
259
189
137
15
-45
-190
-239
-274
-204
-119
-44
-41
-33
-34
-29
-40
-70
-71
-55
-29
36
59
94
87
83
52
17
-10
-37
-71
-97
-103
-72
-41
-50
47
90
117
116
131
131
142
143
138
163
210
242
203
127
-7
-41
-218
-253
-298
-236
-136
-77
-59
-57
-75
-98
-94
-108
-123
-108
-56
-43
20
62
59
67
40
-3
-28
-25
-108
-120
-123
-110
-85
-33
-69
34
83
119
125
130
137
114
116
107
141
216
242
162
143
-17
-189
-239
-265
-267
-198
-106
-47
-47
-44
-57
-77
-85
-98
-95
-69
-29
47
74
88
87
87
45
-6
-28
-34
-82
-95
-83
-57
-39
-28
51
110
127
134
147
169
171
162
171
197
227
267
222
139
90
-43
-204
-231
-268
-203
-119
-37
-43
-45
-34
-57
-65
-87
-106
-81
-27
-25
62
100
86
84
59
19
-27
-37
-79
-97
-111
-93
-62
-27
10
58
116
112
131
123
147
138
147
151
181
217
235
153
123
-33
-198
-269
-289
-286
-182
-113
-46
-48
-73
-105
-80
-129
-134
-117
-76
-28
-28
37
67
71
46
20
-19
-39
-93
-115
-122
-135
-101
