-259
-241
-253
-261
-259
-285
-337
-391
-478
-557
-605
-425
-29
472
971
1523
1843
1835
1467
923
468
191
-34
-198
-318
-355
-347
-318
-286
-250
-225
-230
-236
-247
-223
-270
-254
-297
-354
-433
-511
-586
-550
-300
54
692
1181
1635
1815
1583
1158
660
273
117
-156
-299
-378
-417
-402
-357
-307
-311
-284
-277
-277
-307
-327
-348
-381
-389
-451
-539
-630
-652
-527
-140
321
852
1331
1663
1653
1311
807
393
147
-55
-295
-396
-438
-457
-428
-395
-337
-311
-317
-300
-322
-329
-318
-360
-363
-421
-508
-565
-638
-610
-364
-44
601
1055
1511
1751
1562
1151
648
287
131
-130
-310
-359
-394
-375
-323
-300
-268
-264
-253
-264
-257
-287
-277
-303
-322
-364
-475
-545
-605
-486
-108
313
857
1441
1795
1871
1507
987
555
211
30
-187
-270
-329
-365
-321
-281
-229
-237
-231
-206
-204
-262
-239
-285
-289
-362
-429
-494
-565
-571
-332
-28
609
1123
1639
1857
1731
1275
714
308
137
-49
-251
-353
-408
-379
-353
-332
-289
-293
-265
-268
-281
-322
-320
-347
-382
-417
-518
-607
-664
-569
-213
121
763
1255
1651
1699
1363
931
468
159
-51
-283
-380
-446
-445
-454
-396
-365
-348
-318
-342
-358
-375
-389
-392
-394
-413
-489
-563
-668
-666
-396
-25
558
1039
1475
1731
1603
1177
661
288
149
-156
-316
-387
-428
-405
-390
-332
-332
-295
-275
-283
-281
-312
-307
-324
-346
-393
-460
-535
-605
-513
-137
127
853
1379
1751
1842
1487
990
551
215
62
-193
-298
-327
-343
-300
-275
-248
-237
-221
-218
-236
-244
-277
-280
-300
-332
-403
-479
-556
-544
-322
-31
625
1175
1623
1875
1731
1263
739
326
143
-44
-257
-350
-390
-366
-323
-279
-270
-288
-250
-257
-279
-279
-301
-341
-365
-397
-513
-582
-652
-538
-165
147
833
1331
1683
1716
1364
887
449
131
-44
-278
-364
-421
-450
-407
-393
-349
-352
-335
-311
-344
-380
-365
-338
-392
-429
-497
-621
-668
-679
-423
-37
551
1027
1470
1721
1538
1109
613
259
125
-195
-325
-385
-425
-413
-393
-332
-318
-293
-306
-289
-300
-304
-331
-345
-394
-427
-508
-605
-635
-502
-125
276
853
1425
1787
1817
1443
979
507
178
-23
-194
-298
-351
-363
-342
-290
-261
-244
-257
-231
-242
-237
-255
-271
-299
-335
-401
-492
-583
-558
-331
-10
655
1185
1691
1891
1721
1274
721
341
119
-44
-246
-311
-358
-361
-307
-250
-255
-267
-251
-258
-279
-280
-302
-313
-343
-396
-478
-605
-620
-540
-171
135
843
1346
1715
1779
1417
961
484
165
-13
-229
-362
-397
-428
-375
-367
-334
-311
-331
-317
-317
-322
-361
-362
-369
-428
-499
-577
-677
-662
-437
-28
493
991
1415
1679
1531
1172
671
296
127
-178
-317
-380
-448
-436
-396
-341
-350
-321
-305
-330
-332
-317
-330
-364
-383
-439
-505
-587
-671
-581
-197
137
783
1315
1715
1767
1443
1013
515
212
19
-187
-298
-361
-381
-367
-299
-259
-250
-229
-213
-263
-242
-253
-275
-297
-348
-410
-486
-571
-556
-370
-25
585
1083
1595
1847
1779
1353
823
419
152
-23
-229
-290
-359
-332
-295
-258
-248
-248
-261
-240
-265
-269
-310
-326
-349
-374
-469
-555
-626
-535
-191
153
788
1238
1683
1787
1507
1046
533
185
-5
-190
-313
-383
-422
-379
-343
-327
-309
-302
-331
-307
-302
-350
-363
-365
-421
-482
-568
-661
-668
-455
-50
469
949
1423
1683
1571
1243
699
276
117
-138
-316
-387
-438
-430
-428
-361
-341
-346
-310
-327
-317
-348
-333
-357
-382
-412
-506
-606
-648
-605
-279
99
655
1175
1588
1735
1503
1039
561
212
27
-163
-287
-375
-366
-367
-321
-295
-284
-277
-254
-248
-296
-300
-315
-321
-335
-394
-476
-554
-586
-411
-37
557
1039
1530
1874
1761
1365
859
419
163
3
-205
-268
-332
-314
-296
-257
-266
-251
-248
-238
-244
-233
-273
-280
-311
-370
-439
-556
-587
-556
-251
131
743
1209
1707
1781
1571
1075
601
250
133
-141
-279
-333
-397
-386
-361
-302
-280
-300
-300
-300
-315
-310
-343
-343
-391
-455
-550
-647
-674
-505
-95
390
887
1363
1615
1611
1267
758
323
130
-14
-294
-381
-419
-419
-414
-361
-334
-347
-348
-300
-361
-335
-351
-363
-395
-436
-507
-605
-654
-623
-338
-31
619
1131
1527
1707
1493
1074
569
227
131
-198
-309
-364
-412
-367
-349
-306
-302
-316
-281
-280
-275
-269
-299
-315
-354
-419
-507
-576
-611
-442
-47
479
931
1443
1783
1763
1411
889
451
161
-22
-183
-268
-343
-354
-318
-261
-248
-254
-251
-221
-226
-241
-267
-251
-282
-329
-427
-491
-605
-559
-237
119
719
1251
1659
1795
1607
1123
619
281
123
-58
-277
-332
-369
-343
-331
-288
-283
-265
-257
-273
-291
-301
-333
-320
-376
-429
-511
-629
-652
-492
-113
363
870
1364
1643
1613
1271
808
372
114
-49
-286
-364
-415
-433
-414
-385
-348
-337
-348
-333
-348
-332
-361
-366
-405
-433
-505
-615
-684
-672
-382
-14
579
1077
1497
1683
1475
1079
583
228
66
-199
-305
-395
-395
-374
-353
-320
-287
-327
-283
-315
-317
-299
-347
-349
-359
-414
-502
-572
-633
-494
-61
405
899
1394
1751
1783
1375
883
469
196
-15
-198
-283
-332
-332
-292
-289
-263
-255
-237
-239
-236
-233
-248
-262
-295
-359
-434
-519
-586
-540
-239
125
723
1211
1699
1835
1647
1163
665
293
137
-59
-234
-318
-349
-333
-325
-286
-295
-261
-279
-263
-280
-278
-293
-313
-365
-411
-527
-607
-646
-455
-44
463
947
1425
1727
1625
1247
779
340
119
-68
-261
-375
-425
-399
-406
-359
-337
-349
-311
-323
-339
-335
-378
-383
-428
-457
-573
-630
-679
-605
-253
131
739
1234
1551
1642
1363
899
451
171
-34
-220
-327
-386
-398
-399
-369
-342
-353
-318
-285
-318
-314
-327
-343
-351
-400
-469
-605
-649
-633
-395
-43
577
1096
1578
1755
1611
1265
691
322
148
-31
-220
-304
-348
-334
-316
-286
-247
-268
-242
-221
-247
-243
-267
-285
-332
-364
-491
-556
-605
-455
-50
463
959
1465
1795
1851
1467
963
511
199
82
-156
-267
-325
-333
-303
-278
-270
-268
-233
-241
-217
-254
-281
-306
-341
-374
-469
-557
-610
-578
-268
115
679
1195
1647
1761
1559
1083
606
259
116
-182
-295
-387
-405
-390
-367
-348
-328
-327
-314
-298
-329
-337
-345
-377
-415
-475
-605
-629
-675
-508
-47
419
894
1339
1663
1569
1247
702
331
131
-43
-295
-374
-428
-413
-398
-364
-345
-333
-329
-300
-322
-338
-353
-369
-401
-445
-520
-616
-668
-561
-225
145
729
1205
1635
1711
1443
987
539
219
71
-191
-280
-353
-386
-358
-313
-289
-300
-285
-253
-267
-274
-284
-289
-321
-363
-434
-524
-620
-620
-338
-42
593
1111
1635
1915
1687
1291
762
379
149
-47
-197
-274
-331
-323
-283
-247
-241
-232
-230
-217
-218
-254
-283
-291
-323
-390
-499
-566
-605
-499
-119
323
851
1387
1723
1787
1419
914
500
185
-25
-210
-285
-381
-381
-375
-315
-302
-317
-291
-305
-316
-303
-371
-347
-390
-438
-510
-622
-663
-665
-364
-26
627
1091
1529
1697
1521
1027
581
214
89
-186
-319
-396
-451
-423
-405
-364
-355
-353
-328
-339
-333
-352
-335
-384
-428
-489
-560
-631
-676
-517
-131
319
863
1331
1679
1687
1307
813
419
127
-9
-231
-316
-386
-401
-389
-322
-295
-299
-282
-278
-285
-284
-301
-315
-349
-385
-467
-555
-637
-575
-236
116
723
1239
1717
1827
1569
1151
638
279
123
-24
-231
-286
-332
-323
-289
-290
-265
-244
-209
-238
-255
-251
-265
-284
-336
-419
-519
-605
-618
-386
-51
564
1077
1583
1817
1697
1285
754
370
130
-11
-202
-315
-364
-381
-332
-299
-266
-284
-269
-299
-305
-309
-305
-347
-398
-449
-542
-625
-686
-605
-223
153
759
1226
1602
1635
1376
919
485
155
-13
-231
-316
-394
-431
-425
-396
-366
-352
-351
-332
-325
-349
-354
-369
-395
-443
-527
-639
-668
-681
-438
-25
526
998
1443
1663
1555
1145
660
283
139
-45
-255
-359
-398
-410
-383
-349
-318
-354
-296
-309
-301
-335
-319
-347
-346
-430
-523
-605
-649
-536
-140
308
880
1411
1779
1811
1443
953
497
195
107
-185
-279
-317
-313
-321
-298
-273
-251
-235
-226
-267
-248
-259
-268
-298
-350
-435
-495
-558
-540
-221
132
724
1254
1681
1859
1627
1137
642
303
117
-29
-241
-300
-355
-335
-284
-286
-313
-287
-279
-280
-275
-287
-300
-348
-378
-432
-549
-630
-639
-443
-44
477
975
1471
1747
1627
1259
763
357
127
-29
-271
-371
-396
-425
-406
-359
-367
-349
-341
-359
-321
-369
-368
-397
-428
-487
-558
-657
-698
-620
-283
119
711
1151
1533
1667
1396
948
482
181
-37
-198
-316
-387
-396
-418
-382
-365
-341
-301
-312
-319
-342
-351
-337
-369
-409
-492
-556
-652
-634
-373
-19
599
1107
1556
1809
1611
1186
689
331
131
-41
-236
-286
-327
-344
-298
-281
-277
-261
-263
-259
-271
-264
-299
-295
-310
-374
-449
-554
-556
-428
-40
497
987
1513
1827
1825
1431
883
475
207
34
-161
-258
-314
-329
-297
-300
-297
-297
-262
-247
-247
-289
-278
-313
-341
-387
-461
-573
-629
-513
-228
127
724
1235
1619
1777
1503
1041
547
235
137
-137
-288
-345
-379
-378
-341
-355
-332
-332
-332
-333
-357
-353
-367
-391
-415
-497
-605
-684
-688
-477
-26
491
927
1402
1683
1545
1183
679
293
141
-30
-298
-364
-412
-426
-384
-359
-333
-339
-317
-335
-350
-359
-347
-365
-389
-442
-543
-611
-684
-545
-204
116
789
1233
1654
1743
1415
971
499
195
69
-168
-287
-332
-383
-341
-331
-291
-300
-263
-248
-266
-263
-289
-303
-314
-348
-411
-497
-586
-555
-293
3
646
1155
1647
1857
1699
1271
739
367
149
0
-190
-270
-311
-313
-289
-266
-269
-251
-253
-255
-248
-263
-289
-289
-329
-395
-476
-556
-610
-479
-76
419
895
1411
1751
1755
1423
899
466
175
-28
-204
-300
-358
-390
-367
-332
-328
-329
-314
-302
-287
-332
-342
-337
-386
-430
-517
-620
-667
-642
-330
-17
627
1107
1543
1691
1443
1029
579
233
138
-190
-315
-377
-391
-395
-380
-370
-360
-373
-358
-336
-363
-352
-364
-401
-426
-465
-559
-650
-692
-520
-95
374
886
1359
1653
1652
1319
803
411
148
-13
-227
-307
-366
-364
-336
-315
-290
-284
-279
-294
-284
-303
-314
-332
-333
-401
-457
-543
-617
-561
-266
138
707
1227
1699
1845
1631
1145
651
298
113
-39
-192
-284
-305
-309
-282
-259
-257
-253
-231
-246
-236
-261
-251
-285
-332
-413
-470
-571
-605
-399
-43
500
1019
1571
1835
1759
1363
846
419
159
-9
-204
-288
-333
-332
-329
-277
-289
-300
-284
-300
-277
-282
-315
-331
-370
-433
-492
-605
-673
-622
-293
-29
665
1135
1539
1699
1475
1063
552
212
70
-177
-300
-373
-417
-428
-363
-346
-365
-351
-337
-335
-348
-355
-365
-380
-428
-499
-605
-662
-684
-477
-93
418
917
1395
1717
1631
1247
761
383
131
-28
-254
-318
-373
-381
-363
-343
-334
-319
-303
-319
-314
-319
-317
-343
-367
-417
-497
-579
-642
-545
-221
141
750
1223
1717
1875
1589
1083
591
286
123
-29
-231
-320
-333
-326
-291
-255
-273
-266
-244
-254
-244
-261
-268
-303
-332
-416
-487
-571
-567
-357
-44
587
1109
1619
1915
1786
1347
821
404
137
-29
-202
-279
-350
-325
-318
-300
-289
-298
-274
-281
-298
