725
519
303
147
74
-14
-194
-242
-302
-300
-262
-258
-221
-187
-140
-140
-173
-236
-300
-399
-461
-491
-467
-356
-76
137
642
931
1106
1062
895
691
419
225
145
-7
-134
-204
-296
-307
-316
-277
-263
-200
-185
-172
-193
-241
-298
-361
-450
-508
-514
-460
-307
-38
281
613
878
998
948
803
577
355
179
116
-45
-203
-271
-327
-341
-332
-305
-263
-236
-189
-181
-203
-251
-305
-405
-459
-549
-563
-492
-298
-44
350
693
981
1012
919
761
500
303
173
135
-27
-184
-239
-300
-309
-300
-291
-247
-191
-173
-172
-209
-237
-332
-422
-506
-540
-538
-447
-219
-15
510
825
1103
1051
926
739
511
315
191
191
-23
-147
-234
-281
-300
-261
-248
-237
-183
-165
-172
-229
-246
-339
-433
-496
-545
-513
-380
-101
131
643
951
1114
1051
931
714
503
315
186
131
6
-184
-273
-300
-299
-301
-248
-233
-220
-179
-208
-246
-247
-396
-522
-626
-666
-605
-413
-75
274
743
1046
1140
1114
931
694
491
321
159
39
-19
-240
-315
-343
-343
-379
-326
-267
-236
-229
-221
-275
-353
-467
-570
-641
-651
-563
-329
-9
487
986
1201
1283
1173
992
671
390
209
106
-39
-268
-367
-411
-412
-389
-352
-299
-225
-205
-221
-193
-283
-381
-489
-605
-668
-620
-515
-246
129
671
1090
1431
1419
1259
878
567
331
175
-9
-190
-278
-371
-396
-371
-342
-310
-251
-182
-172
-161
-222
-294
-379
-531
-610
-605
-605
-413
-44
342
820
1237
1443
1403
1162
821
515
285
163
-33
-199
-305
-354
-387
-348
-329
-289
-209
-194
-172
-189
-218
-315
-431
-534
-622
-623
-537
-323
-29
487
903
1309
1407
1285
1023
693
499
201
115
-44
-262
-350
-405
-407
-357
-344
-300
-251
-209
-173
-257
-284
-379
-476
-583
-651
-641
-522
-237
116
626
1044
1375
1383
1195
859
577
295
147
-33
-201
-322
-403
-415
-412
-383
-332
-273
-239
-204
-215
-255
-305
-413
-544
-610
-658
-605
-450
-78
225
787
1207
1433
1268
1123
787
471
251
134
-33
-224
-307
-378
-409
-367
-333
-274
-234
-189
-194
-205
-244
-311
-447
-538
-613
-635
-552
-341
-61
521
971
1354
1465
1305
1043
711
451
228
171
-33
-237
-314
-379
-353
-334
-300
-262
-207
-201
-161
-213
-253
-335
-454
-541
-609
-605
-471
-139
119
638
1071
1364
1365
1223
931
614
338
153
3
-179
-275
-401
-379
-396
-349
-327
-268
-238
-191
-191
-236
-289
-410
-503
-615
-665
-605
-460
-125
138
743
1195
1403
1334
1121
823
493
279
139
-41
-231
-332
-400
-427
-376
-337
-300
-231
-236
-227
-223
-262
-333
-433
-540
-636
-662
-611
-396
-38
419
842
1243
1411
1219
1023
707
499
219
131
-23
-268
-349
-346
-396
-396
-342
-286
-241
-201
-179
-203
-266
-366
-439
-557
-605
-613
-534
-216
-18
595
995
1379
1391
1272
948
635
355
146
14
-127
-279
-358
-397
-362
-349
-297
-241
-186
-146
-172
-206
-272
-361
-459
-563
-649
-581
-455
-142
139
747
1231
1471
1419
1173
834
535
258
148
-12
-199
-273
-355
-309
-375
-329
-268
-226
-179
-166
-181
-232
-305
-412
-518
-556
-635
-581
-379
-31
391
802
1231
1428
1267
1043
724
419
233
151
-28
-241
-326
-395
-398
-386
-332
-295
-236
-197
-195
-209
-285
-358
-455
-605
-657
-666
-556
-323
-26
545
947
1273
1359
1214
947
619
362
155
-10
-145
-300
-370
-421
-413
-378
-335
-264
-217
-185
-213
-230
-286
-388
-492
-607
-703
-622
-495
-218
146
664
1099
1427
1343
1173
863
568
303
149
-25
-188
-291
-357
-396
-373
-348
-283
-235
-183
-167
-167
-226
-281
-396
-507
-587
-613
-571
-406
-106
315
815
1239
1462
1338
1128
803
507
281
145
-7
-190
-284
-300
-380
-361
-300
-259
-227
-173
-152
-178
-233
-318
-405
-526
-620
-624
-551
-349
-35
447
899
1307
1471
1289
1015
715
419
225
141
-22
-247
-364
-396
-415
-353
-333
-268
-213
-185
-220
-209
-263
-369
-469
-582
-653
-655
-549
-283
-10
579
982
1334
1379
1255
915
601
331
159
-21
-177
-284
-377
-428
-416
-381
-349
-282
-238
-223
-204
-267
-328
-393
-524
-630
-658
-587
-475
-172
141
685
1108
1411
1362
1155
825
515
288
100
-27
-209
-300
-378
-397
-393
-353
-305
-248
-225
-172
-197
-240
-315
-418
-533
-619
-659
-570
-395
-43
485
847
1237
1435
1351
1108
759
485
267
129
-20
-221
-300
-358
-390
-338
-303
-273
-212
-155
-156
-177
-255
-342
-441
-556
-642
-608
-551
-285
-29
551
1013
1331
1443
1295
995
692
386
187
119
-31
-247
-332
-427
-391
-350
-309
-272
-225
-194
-175
-229
-290
-396
-523
-626
-647
-652
-482
-199
133
679
1089
1427
1353
1145
851
543
291
151
-12
-219
-320
-386
-431
-392
-365
-329
-280
-223
-195
-221
-287
-300
-451
-553
-651
-642
-613
-423
-53
355
838
1203
1406
1295
1067
737
465
235
151
-41
-237
-347
-397
-425
-384
-332
-284
-219
-191
-203
-204
-274
-361
-466
-578
-641
-634
-540
-297
-26
534
995
1343
1515
1249
997
675
411
218
218
-27
-248
-346
-397
-390
-399
-311
-250
-197
-172
-150
-204
-273
-351
-487
-571
-617
-605
-526
-185
137
694
1137
1443
1407
1238
923
596
351
162
3
-151
-277
-345
-379
-355
-347
-303
-239
-237
-181
-187
-242
-332
-414
-524
-624
-659
-586
-398
-66
372
821
1215
1441
1315
1099
767
463
259
119
-44
-244
-327
-395
-405
-393
-358
-305
-258
-217
-201
-225
-273
-350
-476
-583
-639
-652
-561
-343
-13
499
867
1207
1347
1233
955
650
367
182
25
-137
-273
-373
-424
-401
-382
-348
-283
-235
-199
-195
-234
-293
-380
-482
-609
-668
-637
-489
-151
139
682
1131
1397
1400
1214
884
555
314
133
-12
-184
-284
-373
-411
-398
-332
-297
-255
-183
-173
-173
-205
-284
-410
-506
-605
-636
-572
-397
-67
407
811
1241
1483
1492
1127
807
495
282
148
-41
-197
-280
-359
-384
-364
-310
-268
-213
-191
-178
-204
-230
-333
-442
-565
-654
-635
-520
-311
-31
555
1012
1334
1423
1273
995
689
415
193
113
-25
-248
-368
-399
-383
-383
-335
-294
-237
-175
-181
-236
-293
-397
-511
-623
-665
-639
-497
-211
124
642
1067
1399
1343
1172
873
564
289
174
-23
-199
-327
-396
-435
-423
-382
-343
-255
-235
-205
-207
-259
-353
-437
-558
-651
-668
-605
-425
-74
371
799
1231
1423
1343
1087
787
419
235
139
-39
-231
-309
-396
-407
-375
-318
-273
-189
-199
-160
-204
-271
-336
-454
-585
-628
-636
-528
-309
-22
555
1003
1359
1467
1266
1026
675
404
211
131
-14
-246
-339
-378
-374
-341
-289
-250
-194
-161
-163
-186
-258
-364
-483
-577
-633
-609
-488
-191
139
682
1123
1415
1467
1238
961
597
347
158
-10
-165
-284
-348
-412
-396
-353
-297
-253
-203
-169
-197
-248
-313
-413
-543
-633
-661
-586
-429
-108
255
765
1215
1423
1353
1083
777
483
255
134
-34
-226
-358
-406
-406
-402
-339
-312
-255
-210
-212
-234
-284
-377
-485
-606
-681
-675
-605
-379
-37
465
897
1247
1397
1237
994
693
404
209
139
-33
-259
-361
-399
-414
-391
-332
-290
-235
-199
-177
-225
-290
-381
-483
-605
-647
-618
-525
-213
116
622
1067
1391
1409
1239
916
630
358
175
0
-165
-278
-333
-389
-398
-347
-300
-239
-210
-170
-199
-226
-285
-400
-506
-605
-626
-570
-417
-67
271
841
1222
1467
1419
1145
867
521
299
145
-22
-197
-300
-371
-412
-370
-327
-297
-217
-191
-145
-182
-255
-332
-454
-572
-641
-642
-586
-346
-37
487
920
1323
1443
1306
1035
695
419
212
145
-34
-242
-380
-425
-414
-374
-333
-267
-221
-199
-202
-214
-293
-389
-511
-620
-684
-638
-524
-277
-23
605
1015
1383
1360
1171
915
595
337
161
-13
-185
-300
-402
-429
-425
-384
-361
-313
-235
-198
-198
-258
-330
-415
-519
-626
-666
-609
-458
-106
146
758
1159
1415
1339
1126
820
503
330
149
-33
-210
-313
-382
-414
-396
-357
-269
-225
-166
-158
-199
-247
-333
-449
-561
-627
-620
-554
-332
-45
502
947
1355
1489
1379
1059
713
419
244
142
-35
-220
-347
-380
-387
-327
-310
-266
-219
-170
-178
-230
-269
-349
-491
-577
-615
-605
-492
-205
110
646
1083
1417
1443
1247
911
611
347
175
-17
-178
-297
-382
-412
-410
-367
-339
-270
-231
-178
-205
-255
-328
-433
-543
-650
-669
-633
-460
-113
152
757
1171
1411
1361
1111
791
483
263
148
-39
-240
-353
-413
-435
-425
-379
-318
-286
-220
-215
-242
-293
-379
-492
-585
-677
-674
-605
-383
-45
457
930
1291
1419
1268
987
667
475
211
148
-39
-188
-364
-447
-412
-390
-338
-298
-226
-178
-195
-223
-282
-394
-489
-587
-640
-632
-495
-198
137
678
1103
1443
1417
1248
919
627
352
171
25
-181
-288
-360
-380
-371
-332
-295
-236
-200
-159
-179
-215
-306
-405
-526
-620
-635
-605
-391
-25
402
843
1251
1494
1351
1121
795
483
267
135
-45
-220
-317
-390
-370
-396
-337
-289
-229
-205
-197
-209
-272
-355
-471
-605
-656
-650
-555
-326
-43
557
971
1367
1441
1255
987
642
370
195
87
-125
-281
-373
-422
-422
-381
-349
-299
-263
-214
-214
-246
-330
-366
-538
-636
-684
-646
-492
-172
135
703
1155
1429
1350
1129
847
497
276
141
-43
-223
-318
-381
-411
-398
-351
-353
-242
-212
-183
-211
-261
-329
-434
-572
-657
-652
-568
-345
-44
506
955
1343
1443
1291
1047
703
415
235
137
-40
-253
-347
-405
-377
-335
-329
-258
-229
-175
-122
-219
-268
-380
-426
-605
-617
-607
-464
-140
147
741
1203
1525
1443
1236
873
558
329
158
-18
-193
-281
-367
-391
-343
-339
-289
-234
-195
-172
-188
-257
-326
-428
-565
-626
-671
-503
-347
-49
503
957
1392
1443
1301
1014
681
415
195
206
-44
-273
-359
-402
-400
-364
-338
-289
-221
-215
-202
-248
-298
-411
-517
-630
-684
-654
-496
-168
145
651
1138
1374
1337
1079
823
495
273
135
-42
-244
-347
-411
-453
-358
-364
-325
-270
-235
-203
-203
-262
-360
-460
-577
-671
-671
-605
-353
-31
500
931
1321
1417
1265
1010
655
394
195
135
-14
-246
-350
-402
-428
-372
-319
-257
-217
-172
-179
-219
-277
-380
-483
-618
-634
-625
-474
-172
149
703
1163
1431
1387
1259
880
579
334
159
22
-167
-285
-357
-383
-364
-337
-289
-221
-167
-155
-188
-225
-295
-401
-537
-617
-641
-586
-361
-44
419
894
1271
1427
1331
1171
723
419
244
131
-18
-244
-332
-406
-394
-360
-332
-309
-235
-204
-173
-218
-294
-378
-485
-620
-659
-636
-522
-236
101
613
1047
1367
1323
1203
871
584
329
149
0
-201
-322
-375
-423
-409
-365
-334
-277
-213
-201
-229
-251
-327
-421
-536
-631
-656
-615
-443
-73
351
809
1203
1383
1299
1063
720
459
270
148
-46
-233
-345
-396
-405
-375
-329
-280
-239
-172
-160
-197
-268
-332
-465
-574
-654
-649
-556
-283
-15
595
1019
1393
1411
1255
1001
631
370
205
147
-28
-263
-349
-394
-364
-330
-285
-224
-181
-166
-171
-217
-275
-377
-486
-605
-624
-575
-441
-69
297
885
1219
1407
1371
1123
843
515
311
131
-23
-191
-291
-365
-402
-369
-311
-290
-215
-175
-171
-179
-254
-365
-465
-550
-649
-629
-556
-302
