-543
-1138
-1523
-1583
-1368
-959
-561
-244
-60
43
59
-27
-41
-239
-316
-317
-340
-294
-229
-118
-28
162
595
1039
1675
1955
1955
1955
1539
599
-5
-803
-1331
-1575
-1518
-1207
-807
-450
-187
-39
79
20
-44
-237
-314
-338
-336
-327
-295
-197
-83
94
367
725
1211
1955
1955
1955
1955
1057
267
-453
-1061
-1500
-1616
-1436
-1054
-684
-332
-150
-50
5
-17
-156
-257
-345
-348
-357
-336
-286
-189
-41
110
493
875
1479
1955
1955
1955
1713
741
148
-700
-1243
-1572
-1540
-1319
-899
-525
-261
-47
-21
9
-11
-193
-282
-328
-347
-311
-282
-197
-105
-21
319
657
1131
1851
1955
1955
1955
1332
467
-62
-927
-1418
-1596
-1466
-1132
-716
-364
-133
-43
50
33
-44
-221
-295
-332
-307
-322
-253
-156
-49
149
483
827
1427
1955
1955
1955
1931
919
149
-574
-1170
-1560
-1604
-1346
-944
-554
-244
-58
38
58
-21
-175
-269
-318
-346
-347
-300
-236
-129
-17
149
567
1055
1698
1955
1955
1955
1442
554
-25
-857
-1382
-1620
-1516
-1230
-818
-455
-189
-40
1
0
-42
-230
-348
-373
-389
-361
-306
-234
-77
-41
371
713
1243
1947
1955
1955
1955
1007
243
-479
-1100
-1559
-1612
-1432
-1066
-634
-325
-111
-44
31
-22
-171
-282
-328
-364
-362
-319
-265
-166
-31
135
511
915
1543
1955
1955
1955
1667
690
137
-732
-1292
-1588
-1560
-1271
-867
-489
-205
-43
58
47
-28
-187
-258
-302
-330
-311
-303
-210
-106
-27
335
690
1151
1887
1955
1955
1955
1338
419
-44
-947
-1420
-1603
-1454
-1146
-716
-383
-140
-62
66
11
-34
-222
-313
-350
-346
-349
-293
-186
-44
117
446
835
1387
1955
1955
1955
1907
907
155
-605
-1169
-1561
-1607
-1371
-979
-581
-263
-72
-21
51
-15
-171
-267
-328
-341
-383
-337
-266
-157
-41
132
533
971
1635
1955
1955
1955
1483
577
31
-807
-1340
-1612
-1546
-1276
-844
-476
-191
-57
-22
12
-28
-223
-301
-351
-363
-367
-327
-244
-110
-38
341
691
1172
1891
1955
1955
1955
1245
357
-321
-988
-1458
-1607
-1440
-1096
-679
-353
-122
-46
78
14
-45
-225
-294
-330
-331
-309
-248
-178
-14
118
489
849
1419
1955
1955
1955
1899
881
148
-570
-1164
-1535
-1564
-1340
-950
-540
-234
-28
85
78
13
-15
-226
-299
-315
-332
-310
-255
-114
-14
119
599
1055
1779
1955
1955
1955
1443
550
-34
-854
-1358
-1589
-1495
-1166
-780
-409
-157
-38
77
20
-44
-210
-283
-318
-347
-349
-299
-222
-98
85
372
743
1223
1955
1955
1955
1955
1007
221
-521
-1100
-1524
-1615
-1411
-1052
-638
-301
-99
-58
20
-5
-145
-253
-321
-346
-360
-341
-285
-156
-44
133
511
911
1515
1955
1955
1955
1587
662
125
-745
-1298
-1600
-1561
-1282
-876
-492
-204
-35
62
43
-27
-179
-271
-319
-350
-339
-306
-241
-103
-19
336
699
1173
1887
1955
1955
1955
1267
361
-364
-978
-1457
-1593
-1432
-1065
-659
-330
-102
-31
102
21
-31
-183
-266
-299
-335
-315
-269
-179
-41
142
484
881
1443
1955
1955
1955
1813
831
117
-637
-1190
-1548
-1559
-1303
-895
-505
-207
-42
71
78
-5
-96
-242
-300
-343
-329
-318
-257
-141
-39
152
611
1047
1667
1955
1955
1955
1301
419
-33
-908
-1420
-1612
-1512
-1176
-758
-403
-161
-45
74
20
-30
-219
-287
-332
-363
-363
-345
-253
-102
-54
367
737
1239
1955
1955
1955
1827
884
145
-545
-1166
-1551
-1595
-1373
-990
-605
-320
-79
-24
57
-10
-168
-239
-305
-354
-341
-331
-280
-172
-44
154
521
931
1587
1955
1955
1955
1396
564
-44
-812
-1340
-1593
-1507
-1180
-789
-401
-146
-44
103
52
-12
-159
-233
-293
-309
-316
-306
-218
-101
-28
359
689
1167
1939
1955
1955
1955
1063
278
-428
-1031
-1454
-1591
-1388
-1044
-627
-305
-78
-34
86
42
-47
-205
-277
-305
-317
-320
-273
-189
-33
137
468
847
1415
1955
1955
1955
1571
709
139
-702
-1238
-1558
-1520
-1280
-860
-503
-218
-30
63
38
-13
-149
-235
-284
-315
-353
-358
-268
-186
-66
131
563
1011
1603
1955
1955
1955
1295
419
-47
-940
-1380
-1580
-1511
-1162
-758
-398
-157
-40
52
23
-62
-175
-271
-315
-334
-328
-332
-254
-103
-37
343
687
1191
1907
1955
1955
1855
884
180
-523
-1098
-1500
-1582
-1362
-981
-573
-251
-53
19
91
20
-46
-193
-266
-295
-313
-323
-254
-166
-39
131
485
881
1491
1955
1955
1955
1524
643
143
-738
-1244
-1522
-1492
-1214
-831
-445
-167
-46
99
85
-14
-31
-195
-268
-295
-327
-300
-237
-123
-49
147
602
1023
1690
1955
1955
1955
1241
404
-93
-918
-1372
-1564
-1440
-1086
-685
-341
-117
-41
71
36
-45
-159
-243
-282
-297
-347
-290
-236
-101
-29
337
731
1191
1875
1955
1955
1743
846
154
-546
-1100
-1470
-1558
-1367
-988
-605
-281
-76
-33
62
36
-42
-223
-262
-332
-336
-323
-280
-208
-58
147
475
852
1419
1955
1955
1955
1362
571
-28
-796
-1298
-1537
-1488
-1207
-793
-439
-167
-49
100
73
-28
-62
-201
-265
-318
-321
-297
-265
-134
-25
190
615
1047
1713
1955
1955
1955
1129
363
-277
-924
-1350
-1521
-1391
-1041
-632
-293
-78
20
105
65
-38
-135
-213
-236
-287
-284
-255
-191
-71
116
417
785
1311
1955
1955
1955
1667
755
135
-630
-1148
-1498
-1500
-1244
-871
-479
-183
-35
95
116
11
-55
-211
-270
-285
-297
-320
-254
-156
-23
139
554
992
1591
1955
1955
1955
1247
404
-76
-914
-1372
-1558
-1420
-1078
-683
-348
-108
-15
105
69
-23
-166
-248
-297
-331
-357
-301
-262
-131
-56
259
671
1167
1811
1955
1955
1727
807
149
-551
-1134
-1480
-1548
-1324
-942
-558
-253
-53
38
86
7
-5
-186
-261
-299
-332
-317
-294
-189
-38
113
468
847
1443
1955
1955
1955
1467
587
15
-780
-1210
-1504
-1454
-1175
-805
-394
-140
-34
115
110
3
-33
-187
-267
-289
-317
-287
-236
-123
-27
207
628
1073
1743
1955
1955
1953
1033
275
-346
-970
-1386
-1504
-1344
-994
-605
-277
-37
84
131
67
-22
-139
-235
-274
-295
-319
-267
-195
-74
127
403
759
1219
1955
1955
1955
1579
710
139
-655
-1183
-1484
-1484
-1217
-855
-466
-187
-38
100
115
21
-47
-205
-261
-309
-331
-343
-298
-202
-42
123
515
916
1539
1955
1955
1955
1259
415
-17
-871
-1322
-1518
-1424
-1140
-735
-403
-150
-46
74
47
-10
-171
-229
-274
-317
-332
-330
-248
-113
-29
302
643
1103
1795
1955
1955
1755
882
173
-500
-1036
-1432
-1498
-1312
-961
-549
-244
-31
66
89
39
-31
-151
-248
-273
-315
-325
-270
-187
-59
111
451
827
1379
1955
1955
1955
1439
619
127
-699
-1210
-1479
-1452
-1148
-782
-395
-135
-25
134
103
19
-49
-166
-222
-263
-299
-298
-247
-140
-28
113
587
1027
1619
1955
1955
1955
1115
347
-219
-908
-1340
-1512
-1378
-1025
-652
-319
-93
-9
105
83
-30
-141
-234
-261
-327
-316
-296
-236
-108
-12
358
687
1205
1839
1955
1955
1643
785
144
-556
-1103
-1471
-1516
-1291
-931
-549
-253
-67
11
91
-7
-15
-213
-269
-309
-335
-332
-285
-211
-58
118
467
839
1419
1955
1955
1955
1319
523
-44
-796
-1284
-1512
-1456
-1169
-767
-429
-149
-35
91
59
-24
-37
-206
-278
-327
-313
-302
-268
-138
-44
139
626
1057
1655
1955
1955
1951
1035
334
-333
-945
-1355
-1500
-1337
-998
-621
-284
-73
55
116
85
-33
-35
-213
-259
-309
-318
-293
-236
-60
53
402
751
1195
1923
1955
1955
1686
807
158
-556
-1103
-1443
-1480
-1224
-889
-506
-204
-33
91
95
47
-13
-157
-239
-279
-319
-326
-269
-173
-38
134
499
863
1399
1955
1955
1955
1334
549
-15
-745
-1260
-1521
-1456
-1155
-764
-418
-171
-34
79
69
-27
-45
-223
-284
-321
-344
-353
-270
-177
-51
132
547
977
1583
1955
1955
1955
1059
371
-338
-929
-1374
-1538
-1390
-1089
-682
-344
-108
-23
84
26
-11
-172
-226
-281
-321
-313
-309
-242
-123
-39
326
683
1154
1819
1955
1955
1731
865
162
-521
-1050
-1416
-1477
-1289
-919
-543
-253
-41
59
106
35
-25
-154
-197
-270
-295
-300
-250
-185
-42
111
483
837
1407
1955
1955
1955
1443
619
150
-716
-1198
-1472
-1435
-1145
-765
-392
-114
-19
114
100
18
-39
-197
-251
-300
-322
-300
-250
-125
-28
149
587
1010
1631
1955
1955
1955
1091
363
-210
-901
-1358
-1514
-1363
-1017
-647
-331
-105
-29
84
60
-18
-157
-231
-275
-313
-331
-307
-237
-111
-25
339
673
1131
1759
1955
1955
1666
809
130
-534
-1068
-1431
-1494
-1295
-924
-572
-269
-76
-25
52
-22
-35
-184
-251
-300
-340
-322
-286
-210
-65
131
453
794
1315
1955
1955
1955
1391
591
137
-705
-1199
-1479
-1436
-1164
-795
-429
-181
-50
84
65
-9
-40
-204
-268
-294
-300
-300
-255
-140
-39
119
579
1009
1635
1955
1955
1955
1143
387
-68
-885
-1354
-1496
-1354
-1032
-661
-313
-111
-42
104
69
-31
-67
-201
-265
-264
-279
-271
-211
-77
15
357
723
1227
1883
1955
1955
1699
787
149
-542
-1071
-1452
-1450
-1266
-888
-500
-221
-59
70
78
19
-17
-187
-255
-304
-304
-322
-266
-178
-26
116
500
842
1419
1955
1955
1955
1295
475
-43
-812
-1308
-1500
-1434
-1144
-732
-402
-178
-17
59
51
-17
-151
-241
-288
-314
-326
-335
-255
-145
-49
166
603
1051
1723
1955
1955
1807
947
235
-414
-1019
-1404
-1516
-1351
-979
-605
-293
-66
-29
85
26
-45
-170
-244
-277
-321
-347
-285
-221
-71
100
410
773
1251
1955
1955
1955
1563
705
155
-605
-1138
-1452
-1440
-1222
-801
-469
-189
-43
91
85
35
-46
-183
-223
-277
-301
-305
-237
-169
-5
117
557
951
1586
1955
1955
1955
1242
462
-45
-812
-1292
-1494
-1402
-1084
-686
-365
-108
-28
107
67
-23
-51
-229
-259
-303
-314
-303
-233
-119
-34
325
670
1150
1831
1955
1955
1803
871
191
-487
-1036
-1420
-1496
-1292
-941
-585
-267
-57
-22
83
31
-42
-187
-267
-310
-329
-347
-313
-236
-93
107
419
810
1251
1955
1955
1955
1417
617
129
-683
-1190
-1474
-1475
-1193
-839
-476
-201
-54
19
59
3
-62
-213
-275
-295
-319
-304
-269
-147
-44
143
559
979
1603
1955
1955
1955
1108
343
-283
-901
-1321
-1476
-1354
-1026
-636
-321
-96
-28
103
69
-28
-141
-221
-274
-294
-284
-270
-205
-55
97
407
771
1221
1955
1955
1955
1643
791
139
-552
-1088
-1439
-1465
-1236
-860
-491
-201
-19
84
82
7
-44
-165
-247
-273
-289
-289
-241
-154
-31
159
513
914
1539
1955
1955
1955
1265
489
-12
-800
-1276
-1500
-1390
-1112
-726
-386
-154
-31
82
55
-35
-141
-221
-266
-303
-341
-305
-243
-140
-54
271
667
1099
1745
1955
1955
1817
899
180
-469
-1052
-1440
-1532
-1341
-973
-605
-285
-101
-29
62
33
-29
-189
-269
-295
-303
-317
-303
-233
-69
123
419
788
1291
1955
1955
1955
1443
627
146
-691
-1202
-1493
-1471
-1180
-816
-464
-191
-34
75
73
9
-41
-204
-251
-270
-300
-277
-234
-142
-30
129
595
1019
1653
1955
1955
1955
1111
371
-215
-902
-1317
-1498
-1350
-1016
-632
-311
-103
-33
81
65
-19
-54
-189
-260
-275
-289
-273
-195
-51
91
379
727
1237
1921
1955
1955
1671
810
134
-539
-1068
-1408
-1468
-1244
-878
-511
-217
-43
62
71
25
-31
-181
-248
-285
-268
-302
-280
-193
-45
125
500
873
1423
1955
1955
