-466
-521
-506
-503
-398
-414
-364
-327
-366
-338
-350
-339
-347
-384
-389
-429
-443
-447
-428
-405
-313
-190
-28
142
591
1043
1531
1915
1679
1307
740
326
66
-300
-431
-471
-454
-405
-359
-302
-262
-230
-236
-237
-235
-240
-257
-282
-309
-337
-364
-361
-353
-300
-194
-53
133
419
841
1367
1955
1909
1635
1151
637
218
-53
-330
-421
-421
-391
-364
-290
-261
-236
-220
-236
-239
-274
-277
-284
-315
-359
-383
-396
-391
-381
-294
-190
-42
145
555
975
1524
1827
1699
1253
819
375
127
-314
-446
-499
-479
-454
-428
-369
-332
-316
-315
-310
-317
-313
-341
-334
-369
-413
-447
-473
-491
-424
-332
-213
-31
152
631
1073
1557
1755
1443
1031
586
195
-45
-426
-537
-534
-514
-462
-414
-367
-332
-332
-306
-315
-331
-329
-343
-357
-402
-428
-447
-451
-417
-349
-247
-95
52
419
855
1371
1779
1777
1427
921
485
146
-236
-417
-460
-465
-424
-381
-332
-302
-251
-250
-257
-244
-257
-287
-296
-306
-355
-358
-364
-360
-327
-242
-121
-44
201
692
1215
1707
1911
1711
1263
767
361
131
-301
-420
-462
-422
-390
-344
-295
-266
-236
-255
-251
-254
-268
-295
-294
-331
-364
-402
-405
-403
-339
-248
-104
-31
350
757
1227
1687
1779
1479
1011
591
174
-61
-409
-462
-515
-481
-454
-402
-362
-329
-325
-310
-332
-321
-341
-371
-389
-426
-439
-477
-443
-458
-364
-262
-108
-42
410
819
1299
1617
1593
1268
790
404
122
-318
-460
-521
-523
-489
-459
-400
-349
-327
-333
-342
-325
-328
-331
-335
-381
-399
-425
-423
-430
-391
-295
-156
-29
139
564
1033
1523
1782
1635
1251
731
349
131
-294
-431
-463
-435
-403
-358
-315
-257
-223
-255
-254
-237
-263
-268
-294
-321
-348
-355
-348
-349
-278
-198
-77
95
379
756
1211
1763
1801
1609
1115
629
282
-19
-317
-406
-459
-407
-366
-348
-289
-268
-264
-284
-281
-268
-284
-284
-309
-327
-395
-395
-366
-382
-331
-231
-83
73
376
767
1225
1675
1727
1399
923
539
116
-70
-395
-482
-540
-461
-431
-398
-349
-321
-330
-334
-330
-322
-337
-369
-394
-443
-450
-474
-471
-454
-353
-253
-108
-21
390
817
1251
1589
1683
1268
823
407
137
-302
-431
-523
-519
-471
-433
-398
-355
-316
-305
-319
-323
-332
-332
-337
-379
-394
-442
-429
-425
-383
-353
-172
-37
131
552
987
1521
1814
1699
1255
807
385
204
-283
-438
-450
-433
-399
-364
-291
-263
-243
-273
-262
-236
-248
-279
-268
-299
-328
-364
-356
-345
-325
-220
-78
-33
296
692
1195
1711
1875
1633
1267
739
334
23
-290
-413
-444
-429
-382
-349
-295
-254
-246
-273
-253
-284
-242
-283
-311
-327
-370
-396
-396
-394
-364
-236
-119
-43
138
687
1140
1595
1753
1491
1049
613
214
-37
-389
-499
-533
-477
-455
-416
-353
-313
-325
-330
-335
-321
-306
-365
-392
-409
-433
-460
-446
-457
-407
-301
-172
-31
148
663
1141
1531
1650
1331
931
543
153
-172
-447
-515
-524
-482
-445
-396
-352
-300
-300
-310
-309
-313
-289
-328
-346
-342
-412
-408
-427
-415
-349
-241
-106
-10
367
775
1231
1687
1718
1423
986
570
161
-44
-351
-430
-438
-413
-379
-261
-272
-239
-224
-214
-237
-235
-248
-238
-276
-308
-338
-358
-360
-358
-281
-172
-58
147
478
883
1418
1795
1786
1427
931
547
135
-42
-367
-431
-428
-394
-369
-303
-265
-255
-247
-267
-255
-263
-271
-301
-315
-368
-371
-433
-395
-371
-327
-201
-60
101
465
895
1355
1699
1611
1267
811
409
137
-271
-429
-489
-514
-491
-428
-376
-327
-268
-330
-323
-318
-333
-380
-392
-406
-448
-453
-478
-452
-430
-331
-226
-81
62
506
931
1409
1627
1495
1111
675
274
-25
-359
-482
-524
-492
-441
-411
-333
-307
-287
-287
-305
-288
-315
-293
-319
-364
-371
-378
-413
-415
-378
-290
-179
-39
123
538
969
1433
1755
1626
1263
799
404
141
-257
-392
-436
-426
-385
-335
-267
-235
-214
-204
-231
-209
-218
-214
-267
-229
-317
-342
-362
-351
-343
-238
-131
-7
139
611
1111
1619
1823
1623
1250
762
357
135
-268
-382
-444
-423
-391
-349
-301
-254
-244
-253
-261
-248
-237
-260
-277
-319
-359
-375
-412
-419
-386
-291
-181
-35
129
559
1019
1502
1691
1495
1091
664
274
-31
-367
-507
-494
-477
-450
-378
-364
-305
-302
-332
-323
-315
-322
-331
-382
-383
-437
-470
-473
-445
-419
-326
-219
-62
116
591
1043
1523
1663
1379
1007
583
189
-31
-386
-503
-492
-466
-437
-387
-339
-285
-268
-270
-297
-273
-299
-290
-317
-337
-399
-397
-386
-396
-360
-258
-143
-28
131
675
1171
1607
1815
1539
1091
643
255
-15
-315
-309
-406
-402
-363
-319
-268
-203
-181
-201
-216
-155
-211
-236
-239
-257
-317
-367
-353
-349
-343
-221
-105
-30
127
709
1187
1667
1799
1539
1127
679
277
-5
-326
-419
-442
-406
-383
-343
-286
-234
-246
-236
-244
-236
-251
-265
-275
-322
-362
-395
-398
-411
-364
-268
-177
-38
146
645
1091
1514
1609
1341
931
561
159
-33
-410
-460
-508
-474
-435
-409
-334
-316
-314
-310
-330
-314
-331
-318
-362
-391
-418
-437
-458
-448
-415
-313
-214
-39
131
630
1107
1463
1590
1315
890
532
169
-34
-398
-477
-492
-463
-441
-369
-321
-270
-258
-279
-268
-257
-258
-289
-311
-332
-354
-381
-401
-394
-343
-251
-149
-44
148
673
1206
1607
1697
1443
1013
619
244
-25
-304
-392
-401
-381
-359
-293
-251
-191
-205
-188
-204
-210
-210
-213
-250
-265
-285
-319
-341
-339
-299
-236
-103
-11
142
699
1162
1615
1745
1403
1049
614
225
-38
-327
-401
-446
-397
-370
-331
-263
-225
-222
-209
-259
-251
-236
-250
-283
-303
-343
-378
-403
-410
-365
-297
-191
-56
139
585
1033
1419
1559
1303
921
547
179
-42
-399
-471
-503
-492
-430
-403
-339
-314
-301
-289
-309
-301
-311
-329
-343
-326
-399
-457
-454
-449
-399
-333
-220
-76
130
587
1017
1386
1495
1237
907
539
156
-47
-374
-452
-477
-446
-402
-357
-315
-251
-248
-241
-246
-248
-229
-236
-273
-295
-349
-364
-383
-359
-332
-257
-158
-44
131
651
1119
1543
1663
1403
1030
611
244
-41
-317
-380
-402
-374
-357
-299
-255
-194
-201
-204
-177
-169
-207
-201
-188
-250
-299
-327
-349
-330
-300
-229
-129
-43
139
709
1187
1602
1635
1353
931
578
170
-44
-325
-396
-415
-414
-364
-309
-247
-236
-225
-236
-233
-239
-236
-257
-282
-314
-348
-389
-397
-399
-345
-267
-177
-25
149
697
1134
1493
1483
1231
801
419
133
-253
-421
-465
-508
-463
-453
-412
-366
-293
-293
-303
-307
-283
-301
-303
-331
-364
-385
-426
-434
-428
-379
-284
-175
-27
148
703
1140
1430
1379
1154
788
419
115
-261
-381
-444
-467
-422
-389
-338
-289
-243
-248
-265
-233
-241
-231
-233
-268
-287
-331
-364
-353
-360
-297
-204
-101
-1
459
875
1367
1659
1547
1258
798
419
134
-220
-312
-383
-380
-409
-333
-277
-220
-189
-204
-208
-187
-169
-193
-218
-236
-284
-326
-336
-332
-304
-262
-173
-58
131
571
1047
1427
1615
1475
1066
667
278
-28
-284
-394
-418
-414
-410
-353
-301
-213
-222
-238
-235
-237
-223
-248
-275
-363
-358
-385
-396
-419
-378
-285
-210
-49
162
663
1090
1439
1467
1247
827
482
146
-230
-396
-460
-491
-461
-462
-402
-332
-313
-286
-275
-310
-291
-302
-297
-310
-329
-394
-425
-428
-421
-374
-294
-194
-15
145
719
1143
1419
1427
1119
788
419
116
-218
-380
-432
-409
-425
-358
-332
-322
-246
-231
-236
-220
-234
-237
-236
-270
-291
-330
-359
-357
-338
-281
-169
-62
152
561
1011
1431
1631
1475
1094
705
333
135
-230
-338
-372
-367
-357
-317
-261
-225
-187
-199
-189
-186
-167
-198
-207
-222
-277
-297
-322
-327
-306
-246
-157
-47
122
689
1111
1471
1589
1315
959
575
199
-55
-300
-399
-405
-407
-393
-346
-300
-258
-247
-247
-239
-225
-247
-250
-281
-285
-357
-381
-401
-398
-366
-279
-181
-37
273
751
1172
1437
1267
1086
727
370
123
-273
-419
-471
-467
-485
-427
-417
-332
-337
-273
-313
-296
-268
-283
-300
-329
-351
-391
-408
-418
-394
-339
-253
-129
-39
489
927
1251
1443
1303
963
609
244
-29
-295
-389
-432
-428
-398
-379
-335
-259
-257
-259
-250
-214
-227
-222
-232
-254
-305
-333
-338
-331
-297
-221
-109
-29
393
811
1247
1551
1553
1271
851
506
149
-45
-290
-332
-365
-371
-375
-279
-218
-219
-203
-139
-200
-183
-181
-200
-210
-255
-268
-309
-317
-310
-262
-175
-58
138
565
1006
1375
1557
1374
1051
674
299
50
-242
-325
-401
-410
-419
-359
-313
-337
-267
-259
-258
-201
-232
-248
-281
-325
-349
-373
-386
-396
-335
-282
-204
-39
227
743
1130
1467
1370
1083
739
389
154
-230
-369
-446
-470
-497
-450
-417
-357
-313
-322
-316
-299
-284
-300
-329
-343
-361
-393
-396
-389
-386
-321
-239
-135
-6
518
963
1290
1495
1287
955
634
183
-40
-274
-380
-430
-431
-429
-390
-343
-294
-274
-268
-237
-231
-231
-222
-244
-286
-302
-327
-317
-334
-283
-209
-109
7
483
931
1353
1591
1530
1269
810
419
141
-57
-275
-332
-346
-343
-359
-297
-268
-232
-217
-213
-189
-176
-211
-222
-210
-285
-305
-315
-318
-284
-207
-145
-25
133
667
1123
1475
1547
1315
955
597
203
-28
-259
-366
-402
-418
-407
-353
-345
-294
-285
-273
-261
-283
-274
-289
-317
-342
-368
-382
-385
-355
-309
-244
-129
41
541
921
1283
1491
1295
987
628
259
-19
-267
-410
-481
-480
-476
-461
-393
-375
-366
-311
-318
-325
-291
-303
-329
-349
-378
-398
-398
-409
-350
-287
-172
-44
329
758
1172
1475
1401
1139
775
419
131
-62
-311
-413
-426
-428
-417
-365
-317
-300
-285
-229
-247
-246
-279
-255
-287
-316
-322
-325
-338
-287
-222
-140
-27
337
707
1185
1571
1619
1355
995
627
254
-21
-221
-333
-365
-373
-358
-339
-287
-262
-243
-215
-206
-219
-218
-221
-259
-271
-289
-311
-298
-307
-241
-157
-39
127
611
1007
1407
1539
1403
1067
695
303
121
-204
-328
-389
-412
-405
-383
-337
-331
-311
-284
-283
-277
-266
-287
-298
-332
-351
-373
-382
-368
-330
-267
-237
-39
392
755
1167
1423
1397
1151
761
390
137
-191
-296
-447
-460
-468
-455
-443
-386
-385
-365
-332
-332
-330
-321
-323
-338
-371
-381
-406
-391
-365
-303
-206
-49
144
628
1047
1370
1471
1263
931
583
195
-23
-271
-385
-441
-415
-421
-395
-349
-321
-295
-272
-235
-226
-244
-251
-268
-297
-302
-318
-332
-284
-254
-172
-58
131
596
998
1435
1643
1475
1135
763
371
138
-44
-295
-349
-364
-350
-331
-295
-296
-239
-226
-229
-235
-221
-204
-237
-244
-282
-293
-317
-303
-269
-204
-103
-49
407
818
1191
1526
1499
1278
873
503
148
-34
-257
-353
-391
-404
-395
-364
-321
-310
-298
-306
-272
-268
-266
-274
-300
-325
-363
-381
-396
-359
-289
-203
-79
139
575
950
1291
1443
1187
921
591
212
-23
-282
-406
-457
-476
-465
-441
-409
-366
-379
-334
-321
-284
-306
-316
-311
-333
-367
-396
-400
-389
-345
-268
-170
-25
366
767
1155
1435
1425
1110
793
418
137
-57
-299
-383
-361
-434
-402
-381
-332
-300
-284
-265
-254
-253
-243
-263
-275
-290
-307
-300
-314
-283
-231
-145
-31
148
641
1075
