-159
-125
-140
-139
-161
-190
-192
-199
-137
-42
133
261
350
379
341
293
167
127
7
7
3
55
91
119
143
148
91
41
-21
-48
-126
-163
-150
-155
-145
-140
-142
-166
-165
-195
-175
-217
-207
-209
-190
-172
-165
-185
-190
-185
-233
-206
-134
-29
135
244
353
386
367
327
212
133
72
36
52
87
127
137
195
193
158
130
70
-12
-29
-43
-76
-76
-63
-47
-59
-76
-92
-111
-109
-138
-127
-125
-106
-92
-94
-92
-101
-103
-127
-129
-53
-7
147
347
419
473
449
371
283
177
139
139
120
143
122
213
238
231
190
137
139
13
-10
-29
-31
-65
-74
-65
-63
-85
-97
-114
-139
-151
-142
-146
-133
-133
-138
-141
-156
-165
-187
-174
-70
-19
133
335
386
387
358
271
163
133
26
17
39
79
107
130
134
131
123
20
-28
-42
-140
-139
-153
-122
-151
-138
-159
-156
-177
-169
-204
-197
-201
-203
-178
-172
-161
-183
-192
-189
-192
-190
-108
-43
116
291
359
374
349
275
173
141
34
51
65
106
135
144
190
179
147
119
-10
-43
-33
-37
-71
-74
-71
-57
-62
-71
-103
-121
-114
-92
-111
-95
-77
-77
-99
-92
-101
-101
-111
-79
-45
143
286
383
419
419
419
335
218
127
119
127
133
157
207
219
221
199
159
139
18
9
-18
-38
-41
-66
-57
-66
-65
-76
-124
-136
-145
-142
-137
-135
-127
-142
-146
-141
-142
-161
-190
-122
-26
114
155
319
371
353
299
227
125
38
-21
-12
48
83
123
127
135
112
39
-9
-43
-125
-147
-151
-157
-143
-145
-150
-172
-172
-190
-185
-210
-204
-210
-199
-194
-175
-180
-185
-190
-197
-218
-151
-34
113
189
323
347
341
314
192
143
43
20
52
67
105
107
158
153
115
145
18
-46
-41
-85
-103
-105
-76
-67
-105
-76
-105
-123
-108
-110
-139
-108
-101
-95
-78
-76
-105
-97
-114
-125
-47
115
131
351
409
450
404
355
265
157
148
126
123
123
180
207
228
209
163
135
52
-6
-29
-53
-33
-71
-59
-77
-74
-92
-92
-130
-101
-124
-130
-113
-127
-95
-117
-137
-142
-158
-177
-166
-46
2
141
295
367
370
341
277
148
121
52
21
39
63
101
97
133
130
81
10
-21
-41
-124
-143
-140
-140
-127
-124
-159
-155
-187
-207
-206
-205
-209
-197
-192
-161
-192
-203
-189
-193
-187
-188
-70
21
127
303
358
363
318
238
151
116
36
52
62
111
131
147
170
151
131
47
-13
-29
-31
-76
-101
-92
-75
-59
-96
-110
-121
-110
-108
-126
-125
-105
-106
-87
-97
-108
-109
-113
-106
-71
-27
148
315
398
456
450
399
306
192
138
142
131
131
139
212
249
228
212
134
137
20
-12
-21
-35
-43
-45
-41
-29
-66
-94
-108
-121
-125
-134
-133
-117
-95
-113
-115
-142
-127
-154
-140
-103
-43
127
258
339
363
361
310
218
119
58
36
41
55
100
110
122
133
115
29
-29
-51
-117
-139
-153
-147
-127
-137
-130
-141
-169
-193
-206
-204
-205
-197
-185
-185
-180
-198
-182
-187
-185
-200
-113
-57
122
274
328
359
338
271
166
134
19
55
23
83
113
127
139
139
139
42
-21
-21
-35
-97
-105
-86
-77
-76
-95
-106
-125
-139
-121
-121
-137
-109
-97
-92
-77
-107
-107
-125
-109
-82
-28
137
283
367
417
419
386
330
212
139
138
115
122
135
180
212
217
199
154
136
31
-5
-6
-28
-35
-51
-41
-39
-50
-81
-108
-129
-141
-127
-125
-125
-113
-101
-113
-125
-138
-121
-143
-120
-43
116
165
305
363
343
299
233
153
58
29
38
36
86
107
131
127
91
55
-10
-29
-92
-118
-133
-141
-143
-128
-154
-172
-179
-187
-204
-206
-204
-201
-201
-172
-164
-185
-192
-174
-188
-178
-157
-50
74
148
274
321
321
275
197
139
23
10
18
58
84
115
134
131
131
62
-13
-23
-37
-79
-103
-104
-65
-71
-71
-86
-107
-130
-145
-147
-121
-139
-111
-80
-102
-94
-92
-110
-109
-108
-43
53
143
302
379
405
394
335
250
161
132
112
112
122
127
197
219
194
174
144
116
10
1
-14
-38
-27
-35
-26
-43
-50
-76
-113
-109
-120
-111
-107
-109
-97
-97
-118
-115
-126
-130
-129
-63
-18
136
275
334
347
351
275
161
149
39
31
31
81
99
123
134
135
65
15
-13
-41
-103
-138
-119
-121
-126
-139
-140
-155
-179
-178
-175
-211
-199
-182
-180
-172
-167
-175
-174
-190
-198
-184
-108
-31
119
259
303
322
275
215
146
51
19
27
39
71
116
138
134
126
79
19
-38
-42
-109
-101
-108
-77
-76
-39
-95
-103
-113
-140
-136
-142
-138
-114
-109
-85
-68
-101
-97
-76
-78
-79
-37
123
242
334
385
395
379
309
217
135
155
126
109
138
147
213
211
210
159
129
45
10
-12
-30
20
-37
-29
-45
-39
-42
-65
-86
-111
-118
-106
-106
-104
-75
-108
-115
-123
-114
-125
-80
-43
122
259
339
359
359
292
227
142
67
36
47
74
116
135
135
149
130
36
-17
-34
-109
-112
-123
-125
-129
-118
-133
-150
-166
-184
-204
-190
-195
-202
-161
-173
-172
-167
-188
-178
-173
-172
-129
-39
116
139
289
295
303
261
151
131
20
36
33
71
105
135
119
135
85
20
-7
-37
-92
-114
-108
-94
-78
-82
-92
-110
-123
-137
-154
-154
-138
-135
-108
-123
-109
-110
-103
-121
-118
-69
-25
119
122
331
377
395
387
308
226
155
143
143
121
143
180
226
207
179
148
126
14
-25
-21
-35
-28
-45
-46
-32
-45
-33
-102
-102
-124
-105
-111
-95
-97
-95
-83
-108
-114
-117
-140
-62
-26
131
282
351
371
367
309
203
131
55
53
62
83
127
117
130
116
111
13
-26
-29
-128
-149
-143
-129
-125
-137
-142
-165
-180
-211
-208
-204
-208
-182
-172
-175
-170
-172
-185
-193
-204
-169
-55
-30
127
249
308
307
275
207
145
36
17
20
47
75
115
119
131
89
56
-29
-48
-109
-124
-137
-114
-111
-108
-107
-106
-140
-157
-161
-160
-143
-142
-127
-118
-115
-108
-111
-125
-119
-103
-32
89
151
325
374
394
363
299
206
130
143
117
135
131
175
209
190
170
149
147
4
-17
-41
-39
-26
-47
-41
-46
-48
-76
-78
-118
-108
-114
-97
-108
-76
-92
-76
-103
-111
-97
-110
-61
-30
107
267
339
371
361
318
239
127
99
55
74
81
121
123
129
146
106
25
-21
-39
-121
-129
-149
-135
-127
-131
-135
-154
-170
-190
-209
-218
-215
-178
-184
-189
-170
-185
-180
-185
-203
-156
-43
19
116
263
305
299
258
180
126
35
10
27
38
81
101
123
94
83
26
-28
-57
-110
-143
-137
-137
-121
-108
-125
-138
-147
-170
-172
-169
-161
-145
-139
-140
-129
-138
-137
-127
-126
-101
-33
123
161
334
367
386
343
279
197
134
115
102
103
142
194
211
205
175
143
101
3
-21
-31
-47
-43
-31
-31
-31
-29
-39
-92
-105
-121
-109
-117
-105
-78
-86
-95
-76
-101
-97
-94
-30
95
128
303
356
367
380
282
197
127
113
73
74
110
135
144
137
148
137
10
-25
-48
-122
-133
-134
-125
-108
-125
-119
-153
-173
-195
-197
-203
-203
-183
-180
-172
-190
-185
-185
-190
-188
-134
-48
99
151
275
283
302
229
163
137
9
7
20
51
91
103
115
105
52
20
-37
-106
-101
-140
-126
-117
-125
-104
-109
-139
-141
-157
-170
-173
-172
-162
-149
-123
-131
-117
-119
-126
-123
-124
-59
101
129
315
358
371
343
278
173
139
121
111
119
135
127
189
183
153
135
116
3
-13
-26
-39
-38
-33
-43
-26
-43
-66
-86
-108
-105
-101
-113
-92
-70
-92
-83
-77
-92
-96
-92
-37
83
147
273
355
373
361
302
223
147
137
73
78
117
117
143
149
155
135
36
-18
-31
-94
-108
-134
-122
-107
-85
-113
-121
-149
-170
-187
-209
-203
-206
-183
-158
-185
-175
-204
-175
-178
-151
-38
45
149
271
297
291
246
167
129
15
-1
20
39
82
113
113
97
67
18
-14
-48
-133
-150
-140
-140
-137
-125
-117
-137
-144
-167
-190
-178
-177
-185
-159
-142
-140
-135
-138
-144
-133
-103
-43
95
148
293
347
359
321
271
170
131
137
100
110
119
161
183
193
163
146
57
18
-15
-47
-29
-38
-43
-26
-39
-29
-63
-77
-109
-113
-118
-121
-76
-105
-57
-76
-76
-85
-102
-76
-61
127
213
321
371
371
340
291
195
149
134
82
95
128
129
183
163
147
139
17
-29
-47
-107
-110
-109
-107
-94
-97
-108
-126
-140
-183
-190
-197
-185
-198
-172
-169
-172
-170
-172
-175
-173
-108
-45
117
129
274
298
273
228
138
139
30
10
31
52
82
95
101
89
42
-1
-41
-111
-129
-157
-157
-140
-147
-94
-130
-145
-159
-189
-190
-201
-178
-183
-166
-156
-165
-144
-151
-152
-146
-108
-35
115
138
308
371
341
303
237
144
114
79
105
111
145
143
197
193
149
147
30
-6
-13
-27
-38
-47
-38
-43
-43
-41
-57
-78
-103
-125
-119
-112
-101
-101
-85
-94
-77
-75
-87
-43
-29
121
273
343
371
389
347
257
175
131
139
116
143
122
151
190
178
148
119
38
-29
-25
-106
-109
-108
-92
-76
-78
-92
-131
-141
-182
-178
-189
-185
-175
-172
-188
-157
-173
-170
-162
-143
-61
-30
135
243
279
295
271
202
154
39
30
10
37
53
99
131
116
96
24
-13
-45
-138
-156
-157
-155
-145
-143
-133
-125
-166
-182
-180
-202
-209
-188
-173
-158
-165
-160
-153
-170
-169
-141
-76
-12
139
269
324
341
319
265
170
135
84
78
97
111
143
194
167
161
143
39
7
-23
-43
-79
-71
-62
-47
-34
-35
-70
-92
-95
-122
-117
-123
-109
-85
-83
-75
-78
-74
-108
-69
-33
97
149
308
378
379
371
315
235
153
138
135
117
126
131
187
194
170
131
103
-12
-27
-43
-97
-78
-101
-65
-70
-94
-103
-141
-153
-170
-202
-185
-172
-173
-170
-169
-167
-175
-178
-166
-95
-37
120
143
287
297
299
227
137
126
21
23
35
52
89
125
92
90
52
-7
-37
-128
-151
-160
-159
-145
-143
-131
-143
-157
-190
-178
-214
-226
-222
-214
-180
-172
-174
-172
-163
-167
-165
-106
-43
123
159
299
321
311
267
190
139
110
73
87
119
135
130
162
152
134
87
-3
3
-27
-76
-77
-63
-61
-47
-55
-63
-102
-121
-119
-140
-140
-133
-125
-112
-92
-107
-108
-106
-78
-45
50
125
271
370
378
393
357
255
165
143
132
133
135
153
195
218
170
147
129
4
-33
-21
-92
-71
-86
-73
-76
-75
-101
-134
-185
-187
-188
-201
-190
-192
-173
-172
-172
-159
-173
-161
-115
-41
85
129
269
295
299
251
177
147
51
21
35
48
74
87
117
100
52
2
-17
-123
-162
-175
-174
-187
-156
-169
-156
-154
-170
-197
-217
-221
-225
-229
-193
-207
