211
125
83
133
374
587
606
282
-41
-634
-843
-826
-713
-611
-418
-62
373
571
459
143
-44
-289
-251
-179
-181
-153
-57
97
135
205
135
-31
-85
-33
123
251
263
269
285
291
257
167
134
123
303
534
657
459
131
-444
-779
-829
-736
-645
-514
-207
125
517
534
259
-27
-286
-279
-219
-181
-177
-107
-34
131
219
146
-10
-35
-34
91
127
261
264
283
291
275
205
137
114
141
415
615
601
247
-42
-657
-856
-811
-704
-610
-395
-34
375
565
417
129
-213
-303
-264
-187
-175
-168
-48
111
195
191
143
-21
-41
-29
127
259
267
273
294
289
244
149
134
122
289
500
645
479
135
-437
-778
-844
-746
-659
-511
-209
130
533
563
270
49
-236
-254
-199
-154
-142
-94
-22
139
255
166
42
-44
-37
123
254
302
303
295
340
326
244
153
135
259
463
659
671
340
-29
-581
-794
-747
-636
-540
-346
-30
419
629
500
181
-33
-241
-213
-141
-108
-86
-28
131
277
259
131
3
-22
66
137
277
291
295
323
327
278
194
137
131
308
519
761
643
229
-140
-630
-764
-700
-584
-483
-226
125
575
662
419
133
-34
-181
-108
-55
-58
-28
131
308
379
309
177
123
61
133
322
404
403
375
398
385
331
229
219
294
479
675
775
565
143
-355
-661
-698
-605
-459
-298
-35
419
751
675
362
127
-49
-137
-30
-19
27
116
277
409
395
295
163
135
132
340
457
483
451
475
545
511
419
340
337
459
419
615
609
262
-39
-632
-844
-819
-706
-606
-384
-31
379
599
479
146
-37
-269
-232
-163
-151
-137
-37
118
201
203
135
-22
-33
-38
125
226
248
259
275
287
251
161
139
121
241
469
638
532
153
-332
-714
-838
-774
-671
-554
-290
-29
487
585
357
130
-251
-305
-236
-190
-171
-138
-34
127
229
169
119
-35
-60
-21
129
244
257
270
295
294
244
155
139
208
382
593
699
500
139
-425
-747
-831
-732
-623
-483
-175
132
551
575
295
25
-238
-236
-174
-147
-141
-75
-21
137
244
162
40
-23
-5
119
243
277
264
301
315
307
238
164
133
167
403
601
635
337
-28
-582
-825
-819
-703
-605
-422
-66
321
577
489
157
-42
-283
-244
-153
-125
-108
-34
125
240
242
138
-13
-30
19
125
237
264
267
285
297
273
195
135
107
131
459
629
577
213
-235
-675
-850
-797
-683
-584
-319
-31
453
579
418
131
-197
-277
-210
-162
-156
-146
-41
117
213
183
134
-23
-38
-33
131
229
244
250
275
281
226
147
142
129
289
500
661
529
139
-379
-735
-854
-778
-670
-540
-268
-17
471
549
306
62
-269
-300
-237
-204
-185
-129
-34
137
212
148
18
-29
-48
47
137
244
244
265
285
277
276
187
150
225
415
647
737
469
138
-442
-746
-782
-670
-556
-424
-97
291
614
591
271
-13
-225
-205
-152
-122
-108
-41
123
275
299
196
127
-5
71
141
303
339
318
334
342
309
233
169
173
300
507
699
639
258
-44
-629
-801
-743
-615
-516
-290
-28
493
651
483
132
-41
-215
-153
-111
-105
-76
-38
133
315
273
148
17
19
118
283
346
355
362
379
279
227
139
123
155
311
519
647
466
135
-442
-775
-856
-747
-652
-513
-211
131
531
563
298
46
-244
-257
-220
-185
-178
-117
-37
131
219
147
0
-39
-43
99
143
259
244
262
288
261
187
136
79
135
414
625
659
373
-5
-534
-809
-833
-717
-623
-463
-113
139
558
475
167
-42
-300
-253
-214
-179
-175
-75
0
141
209
138
-15
-38
-35
125
266
287
287
295
310
271
195
131
145
261
467
628
574
191
-289
-697
-853
-796
-684
-571
-343
-30
419
569
379
131
-236
-299
-248
-201
-181
-140
-35
130
231
209
143
-12
-27
79
144
276
291
276
279
287
228
148
138
129
313
541
650
419
133
-482
-806
-855
-755
-661
-503
-193
132
527
546
244
-27
-268
-277
-205
-173
-163
-79
-21
136
215
137
-12
-41
-33
115
137
250
258
276
290
270
185
137
84
129
409
607
615
290
-33
-605
-835
-810
-716
-617
-413
-44
371
581
459
135
-150
-293
-271
-218
-188
-173
-60
100
134
194
131
-30
-69
-41
121
244
246
258
283
250
241
161
146
121
271
485
641
549
167
-326
-713
-860
-803
-697
-583
-317
-28
459
564
340
146
-246
-301
-236
-197
-179
-145
-26
131
222
169
125
-33
-29
74
147
369
371
372
403
407
317
222
170
229
411
643
761
583
153
-319
-668
-781
-697
-607
-445
-150
148
614
651
378
127
-187
-215
-156
-93
-79
-37
117
293
345
261
137
102
119
217
336
375
415
419
449
419
366
273
207
322
510
715
775
539
134
-386
-668
-679
-617
-507
-341
-35
419
694
607
291
54
-183
-167
-125
-95
-73
-37
137
307
322
213
135
18
89
123
223
247
261
289
283
263
183
141
102
138
419
627
627
287
-47
-616
-815
-786
-684
-576
-367
-30
409
581
419
146
-166
-301
-267
-199
-184
-155
-44
114
207
201
143
-28
-37
-26
129
234
244
254
291
299
244
179
137
133
294
507
663
575
179
-321
-716
-853
-803
-690
-578
-317
-31
468
574
359
135
-240
-303
-247
-197
-191
-151
-30
125
230
194
131
-35
-35
79
143
267
265
265
291
287
225
137
125
123
310
523
661
497
137
-389
-758
-860
-783
-675
-550
-268
57
500
564
309
65
-247
-269
-225
-167
-156
-79
-39
144
276
207
143
-41
-41
83
131
248
247
255
275
287
223
137
133
133
369
579
687
470
133
-445
-764
-831
-673
-578
-449
-141
116
606
599
308
125
-211
-210
-187
-172
-165
-81
-17
135
244
151
119
-18
-17
120
251
276
265
283
303
291
228
148
135
259
450
673
723
467
133
-457
-739
-795
-698
-585
-471
-137
143
564
523
212
-37
-274
-271
-213
-183
-172
-81
-15
139
230
141
-5
-44
-41
110
235
266
267
291
319
302
226
133
134
131
450
603
643
350
-25
-549
-818
-850
-732
-646
-453
-105
147
563
483
162
-31
-300
-282
-219
-195
-185
-77
39
145
235
138
-19
-33
-44
121
187
231
230
259
278
250
179
138
83
166
401
601
631
359
-23
-555
-829
-836
-747
-624
-446
-101
163
607
532
233
-30
-270
-243
-182
-156
-129
-43
119
135
230
135
-15
-34
-44
127
174
244
231
258
278
276
189
138
97
141
405
603
630
338
-22
-559
-809
-818
-714
-619
-425
-62
313
579
474
155
-41
-298
-273
-209
-181
-171
-97
97
135
225
135
-18
-41
-43
137
179
240
238
267
287
279
190
135
95
148
419
625
633
307
-34
-605
-831
-835
-731
-630
-427
-47
343
564
451
138
-38
-300
-271
-217
-202
-181
-66
101
144
210
147
-11
-34
-10
127
234
248
254
275
302
276
229
143
91
147
419
617
611
285
-33
-617
-854
-843
-732
-620
-428
-62
335
555
419
139
-46
-299
-248
-194
-172
-153
-47
116
219
222
143
-21
-44
-31
137
215
228
231
261
277
225
178
139
91
145
419
628
615
288
-31
-634
-850
-844
-732
-609
-401
-44
383
597
475
147
-25
-254
-218
-156
-185
-157
-50
114
187
212
137
-21
-35
-28
130
241
257
254
281
301
266
180
145
111
163
483
659
591
230
-85
-666
-843
-810
-705
-605
-371
-33
398
563
387
143
-214
-317
-255
-200
-189
-161
-33
123
209
187
137
-29
-37
-39
133
235
265
267
309
313
277
171
129
129
282
503
662
563
191
-268
-700
-878
-834
-730
-619
-373
-33
407
547
375
134
-230
-314
-267
-213
-198
-159
-38
122
235
202
137
-17
-33
70
142
302
294
291
282
297
250
150
143
119
274
497
647
539
159
-327
-722
-877
-826
-716
-605
-341
-37
419
547
357
145
-236
-299
-251
-195
-182
-131
-30
135
275
175
110
-33
-51
-29
131
235
262
255
283
276
223
142
118
113
280
500
635
531
147
-345
-728
-879
-812
-704
-575
-301
-28
466
565
354
136
-241
-303
-255
-198
-190
-135
-38
111
227
171
127
-37
-55
-27
133
283
248
261
277
279
219
147
123
115
295
507
649
523
149
-364
-742
-873
-812
-703
-572
-299
-31
453
549
325
125
-261
-315
-254
-212
-198
-139
-35
125
209
158
43
-39
-73
-13
125
257
261
276
287
287
223
131
119
117
311
531
635
419
130
-492
-814
-876
-780
-684
-534
-223
127
506
523
243
-22
-286
-301
-236
-185
-171
-93
-37
145
219
149
0
-27
-39
146
143
250
246
266
298
276
191
129
68
127
369
575
629
367
-13
-556
-826
-860
-761
-668
-492
-140
143
538
564
259
-12
-215
-219
-129
-103
-78
-31
125
311
310
207
135
14
83
163
343
372
379
404
452
419
345
244
225
401
609
822
867
517
127
-433
-675
-657
-556
-455
-217
-12
566
759
647
275
18
-155
-119
-63
-37
-21
117
291
403
391
240
130
65
121
295
419
419
459
500
523
486
335
251
276
419
645
789
678
274
-37
-605
-770
-698
-605
-480
-234
71
419
553
329
133
-248
-339
-248
-203
-161
-145
-41
125
211
165
120
-41
-75
-39
141
246
266
276
287
291
229
143
95
125
305
527
627
419
125
-492
-801
-848
-760
-663
-524
-218
125
508
510
226
-28
-286
-287
-216
-180
-169
-95
-34
144
222
136
-13
-28
-43
86
141
259
259
271
287
275
193
147
81
143
379
583
596
275
-40
-632
-848
-840
-711
-617
-431
-71
330
558
419
142
-31
-300
-257
-204
-178
-153
-61
94
139
186
138
-22
-107
-31
127
231
254
248
279
287
251
153
132
84
137
461
623
503
137
-382
-735
-849
-776
-665
-559
-311
-33
419
531
304
103
-261
-307
-232
-189
-189
-139
-41
119
211
149
7
-33
-69
-29
143
261
273
273
307
288
239
138
84
131
353
564
611
340
-24
-559
-826
-832
-728
-652
-476
-134
139
532
477
176
-45
-287
-277
-204
-176
-157
-65
71
137
213
138
-14
-38
-31
121
251
277
291
289
297
263
178
131
85
143
419
603
551
191
-268
-674
-850
-811
-694
-605
-361
-28
393
549
378
139
-219
-285
-235
-178
-163
-125
-31
122
202
164
123
-34
-71
-42
143
251
263
278
287
289
222
132
79
111
299
515
611
379
117
-511
-796
-832
-735
-568
-425
-113
134
587
593
299
100
-206
-195
-113
-73
-55
-43
131
287
325
227
131
26
84
143
327
371
371
390
378
340
255
180
165
286
507
703
681
319
-34
-574
-742
-715
-605
-518
-283
-29
483
660
495
170
-23
-172
-122
-55
-37
-44
52
131
309
277
127
5
-11
117
267
363
357
365
372
372
309
239
154
213
370
595
729
517
139
-385
-683
-732
