-77
-71
-77
-73
-108
-140
-169
-229
-194
-249
-220
-225
-251
-240
-268
-217
-204
-187
-44
101
159
285
308
267
231
190
143
7
-1
10
52
81
130
148
143
169
139
123
46
-11
-13
-30
-22
-48
-17
-12
-15
-29
-32
-124
-137
-155
-168
-166
-187
-191
-204
-182
-161
-175
-121
-21
126
291
351
353
323
279
212
131
46
17
36
67
123
153
199
212
195
180
135
51
-9
-28
-41
-34
-28
-19
-25
-12
-31
-35
-124
-165
-177
-201
-189
-194
-195
-206
-222
-214
-221
-195
-81
-14
123
285
313
263
212
147
127
-5
-27
-27
-27
49
105
106
123
129
120
77
-5
-44
-33
-105
-109
-101
-77
-64
-76
-108
-140
-179
-199
-226
-213
-235
-243
-239
-252
-274
-248
-231
-195
-127
-29
147
283
279
274
223
170
134
-5
-22
-13
19
52
107
131
148
138
141
142
39
0
-37
-28
-21
-38
-33
-27
-34
-21
-49
-99
-135
-151
-174
-182
-167
-157
-197
-188
-182
-177
-140
-76
-23
163
309
355
326
299
238
183
123
31
23
79
107
123
143
191
195
194
148
147
46
-2
-18
-25
-28
-38
-21
-18
-14
-31
-97
-139
-177
-175
-189
-189
-194
-204
-220
-223
-207
-187
-141
-28
116
235
301
293
256
212
117
116
-17
-26
-26
31
69
101
111
129
143
91
60
-13
-41
-31
-103
-97
-71
-81
-53
-82
-114
-165
-171
-205
-223
-236
-220
-237
-229
-239
-237
-249
-223
-205
-106
-44
147
287
276
276
223
163
158
5
-34
-29
22
79
103
137
132
131
134
160
33
11
-18
-39
-39
-37
-29
-26
-42
-41
-108
-111
-145
-175
-166
-163
-159
-178
-196
-189
-187
-178
-133
-59
69
124
308
357
338
274
226
147
113
20
33
79
109
145
177
182
197
179
159
134
33
-7
-12
-29
-22
-1
-6
-21
-39
-28
-117
-139
-140
-171
-183
-175
-181
-191
-203
-214
-191
-177
-124
-44
131
270
325
308
255
210
139
81
-22
-25
10
60
113
131
130
143
131
87
57
-12
-21
-54
-93
-73
-81
-64
-76
-107
-105
-141
-181
-223
-232
-226
-223
-235
-245
-255
-251
-232
-223
-201
-73
10
134
276
277
267
192
135
146
-5
-10
-7
30
84
107
145
126
146
133
119
7
-12
-21
-25
-44
-54
-32
-39
-49
-58
-93
-117
-177
-150
-171
-175
-172
-189
-182
-204
-173
-174
-140
-42
126
243
343
339
310
274
231
135
70
20
46
65
106
142
213
212
209
183
143
138
19
-7
-9
-15
-1
11
3
-12
-5
-50
-102
-140
-158
-170
-158
-172
-167
-181
-197
-190
-174
-158
-76
-39
151
291
314
307
266
212
143
49
-18
-5
16
66
112
129
131
127
131
135
43
-35
-21
-33
-76
-75
-47
-57
-67
-81
-134
-158
-202
-206
-226
-236
-229
-236
-252
-258
-257
-236
-229
-172
-37
131
235
277
276
221
170
126
21
-12
-30
-12
42
103
121
159
147
150
135
39
13
-21
-23
-28
-50
-41
-24
-23
-50
-96
-129
-142
-167
-183
-172
-173
-195
-195
-209
-202
-173
-162
-129
-17
119
249
355
356
307
251
185
131
27
25
53
91
146
131
210
217
199
177
133
53
35
1
-17
-9
-6
-7
3
-9
-29
-43
-117
-150
-146
-166
-172
-187
-175
-201
-199
-181
-149
-135
-70
107
217
275
329
291
226
191
139
27
14
24
21
95
123
148
142
139
131
91
20
-28
-45
-69
-95
-50
-59
-44
-75
-102
-138
-143
-185
-221
-209
-229
-207
-245
-240
-249
-246
-221
-204
-139
-18
118
240
276
266
231
155
131
-5
-37
-40
-38
78
86
146
134
148
127
131
45
-26
-30
-44
-66
-44
-41
-44
-43
-69
-113
-146
-156
-197
-201
-181
-178
-182
-205
-199
-203
-189
-166
-108
-33
137
276
340
310
279
229
177
148
39
37
43
93
134
141
185
203
193
159
142
43
8
-12
-19
-13
-6
3
-6
-9
-12
-53
-108
-140
-156
-144
-169
-175
-151
-204
-199
-203
-176
-109
-17
143
283
341
321
281
229
133
147
19
-15
31
70
150
134
151
157
144
146
38
3
-29
-45
-65
-76
-53
-74
-71
-83
-113
-140
-142
-272
-156
-252
-209
-221
-253
-274
-251
-235
-204
-167
-44
93
131
283
283
249
185
151
44
-13
-37
-37
20
52
99
138
143
135
85
69
6
-28
-28
-67
-76
-65
-55
-42
-54
-94
-124
-162
-181
-185
-203
-197
-190
-223
-229
-221
-189
-188
-101
-26
151
279
330
326
291
239
163
134
23
-1
52
75
121
123
178
207
194
165
124
54
0
-17
-29
-13
-12
18
7
-12
-17
-50
-83
-135
-157
-152
-171
-173
-168
-172
-189
-172
-149
-113
-29
133
294
353
309
299
229
163
143
17
-1
18
54
103
123
139
163
171
134
84
17
-23
-44
-60
-73
-45
-47
-58
-58
-111
-129
-157
-172
-187
-182
-231
-226
-242
-245
-243
-238
-218
-157
-35
131
234
276
267
232
155
135
18
-23
-35
-44
29
97
101
116
138
107
82
-1
-18
-43
-113
-50
-80
-47
-73
-63
-99
-109
-158
-160
-203
-203
-209
-198
-194
-220
-221
-219
-199
-172
-109
-27
133
295
339
299
269
199
148
95
-8
22
65
87
106
142
158
226
173
105
91
67
-12
-12
-33
-30
-23
-19
-6
-41
-28
-69
-121
-145
-150
-157
-157
-171
-174
-195
-173
-156
-127
-44
105
138
318
337
305
249
203
138
57
15
-5
69
84
137
135
171
163
143
139
47
-12
-24
-45
-78
-69
-57
-44
-65
-76
-93
-130
-168
-193
-204
-214
-204
-225
-240
-245
-240
-225
-202
-133
-16
126
249
278
267
226
152
155
7
-25
-44
-25
35
79
106
116
139
113
69
10
-31
-28
-97
-93
-81
-76
-77
-66
-60
-121
-140
-177
-191
-209
-213
-211
-225
-217
-220
-217
-187
-161
-105
-34
146
280
323
295
251
195
155
52
-18
-2
27
107
146
153
193
170
165
135
131
20
-9
-31
-13
-44
-33
1
3
-3
-29
-80
-119
-142
-133
-151
-157
-172
-178
-176
-170
-155
-129
-59
55
131
325
383
354
290
240
148
130
-9
3
49
74
121
133
201
181
146
139
54
-23
-27
-26
-47
-57
-62
-33
-41
-65
-105
-121
-189
-190
-204
-203
-214
-215
-245
-242
-242
-220
-204
-133
-24
130
254
311
293
243
178
126
-12
-22
-37
-25
20
67
106
116
116
100
65
14
-25
-30
-108
-101
-108
-74
-76
-77
-106
-121
-140
-202
-199
-199
-215
-200
-209
-219
-246
-239
-218
-190
-133
-37
127
266
321
307
263
213
160
137
-7
-9
19
99
127
127
135
177
153
151
143
26
-12
-41
-41
-34
-22
-12
-8
-15
-14
-93
-106
-142
-156
-157
-155
-140
-172
-191
-177
-172
-145
-101
-30
116
305
391
355
308
251
173
139
16
20
42
78
119
116
145
195
171
144
126
34
-6
-53
-28
-69
-44
-23
-29
-58
-71
-111
-170
-173
-187
-199
-203
-218
-213
-229
-229
-240
-193
-151
-38
134
259
305
308
271
199
147
35
-6
-29
-44
37
65
111
127
148
131
89
36
-12
-44
-94
-103
-111
-80
-71
-78
-106
-110
-167
-198
-221
-217
-215
-226
-215
-229
-232
-229
-232
-204
-139
-41
119
249
308
308
249
219
148
87
-24
-25
19
63
106
134
148
211
173
136
141
21
-10
-26
-32
-48
-39
-38
-44
15
-7
-117
-154
-114
-133
-178
-163
-169
-189
-205
-194
-174
-150
-97
-11
141
305
360
367
310
257
155
147
31
27
52
103
137
154
197
203
155
134
131
30
-25
-33
-28
-60
-45
-69
-25
-28
-3
-107
-140
-191
-193
-205
-173
-189
-214
-231
-206
-224
-200
-156
-37
119
258
334
325
267
219
135
47
-37
-31
-28
20
85
114
133
124
139
99
49
-31
-37
-93
-105
-118
-95
-64
-76
-93
-109
-138
-186
-220
-223
-229
-236
-236
-240
-263
-268
-231
-204
-156
-21
119
255
309
308
269
213
159
105
-26
-12
-18
70
129
113
143
166
180
143
124
31
-21
-43
-26
-42
-43
-38
-28
-13
-18
-94
-127
-157
-154
-172
-165
-184
-182
-187
-203
-158
-140
-76
-13
131
313
372
375
313
243
174
143
20
20
63
99
143
147
213
202
198
150
143
36
-6
-37
-28
-59
-42
-30
-26
-43
-25
-121
-139
-173
-204
-191
-205
-207
-211
-220
-217
-205
-197
-127
-50
159
276
313
325
287
166
130
39
-13
-42
-25
34
105
121
137
148
153
117
35
-2
-34
-108
-78
-77
-76
-81
-86
-113
-127
-153
-201
-199
-229
-245
-217
-240
-236
-269
-263
-231
-226
-140
-28
129
285
325
295
246
206
119
11
-41
-28
10
57
99
134
143
160
148
141
50
-9
-30
-43
-37
-51
-39
-44
-43
-60
-82
-118
-149
-167
-167
-170
-183
-183
-197
-180
-189
-189
-137
-77
79
195
349
371
367
297
234
171
137
18
25
77
114
148
187
226
215
183
150
138
31
-12
-21
-23
-26
-12
-24
-29
-18
-93
-126
-169
-172
-193
-204
-201
-215
-234
-220
-216
-197
-167
-70
84
143
314
335
307
225
151
126
-12
-41
-35
-26
59
105
127
161
133
121
59
-15
-26
-28
-98
-93
-97
-107
-77
-106
-135
-166
-207
-220
-235
-237
-254
-255
-257
-284
-268
-252
-251
-205
-60
94
151
305
309
257
199
163
110
-14
-53
-30
-17
74
121
137
136
158
131
135
10
-15
-19
-60
-77
-63
-55
-18
-44
-58
-108
-141
-171
-172
-203
-200
-173
-177
-221
-215
-195
-157
-131
-47
123
309
373
359
309
275
183
135
21
20
31
98
145
139
217
229
202
185
142
50
5
3
-12
-45
-21
-10
3
-43
-44
-114
-141
-163
-177
-172
-172
-200
-193
-214
-215
-198
-181
-109
-25
142
315
351
319
275
199
131
8
-10
-26
9
67
98
147
142
138
154
141
43
7
-37
-77
-101
-94
-81
-59
-59
-74
-111
-169
-215
-229
-219
-229
-242
-246
-267
-257
-248
-234
-229
-123
-29
126
276
308
282
246
159
167
4
-37
-41
-34
73
124
135
135
165
143
133
27
-16
-23
-28
-75
-59
-33
-31
-59
-66
-121
-110
-161
-175
-182
-187
-183
-214
-210
-216
-195
-190
-151
-71
89
245
369
356
331
289
201
118
38
-11
23
59
121
138
202
217
201
195
145
119
13
-6
-21
-20
-8
3
11
-15
-14
-37
-83
-126
-147
-157
-156
-175
-218
-207
-218
-199
-189
-154
-38
118
258
330
340
312
258
175
136
-12
-18
-7
47
83
137
134
181
185
134
146
26
-17
-37
-81
-57
-57
-46
-62
-70
-76
-123
-156
-186
-197
-231
-217
-234
-229
-263
-268
-240
-217
-173
-33
111
251
306
304
256
181
139
35
-27
-32
-13
43
102
148
145
180
179
150
116
31
-30
-32
-60
-43
-43
-33
-37
-57
-83
-107
-151
-172
-185
-179
-193
-191
-189
-204
-204
-187
-177
-81
27
147
341
373
375
299
231
