150
143
135
94
46
10
-37
-28
-111
-146
-157
-157
-194
-236
-289
-332
-322
-213
-66
-28
130
133
226
255
225
161
131
1
-7
20
39
52
65
110
129
135
160
159
138
135
130
98
67
21
-22
-34
-111
-143
-227
-215
-220
-253
-293
-304
-381
-381
-272
-141
-28
85
127
177
213
201
148
119
-10
-17
-28
9
27
46
70
114
147
147
175
150
131
127
131
87
41
-9
-33
-30
-117
-150
-156
-157
-184
-210
-278
-293
-335
-314
-191
-57
42
139
209
235
283
238
158
141
28
10
47
71
99
114
139
127
219
226
205
185
177
183
155
143
127
20
-15
-30
-46
-137
-153
-178
-207
-258
-305
-330
-300
-213
-28
91
157
213
238
264
228
148
94
3
-1
20
52
69
57
123
136
199
191
163
141
137
152
133
73
20
-12
-43
-57
-122
-155
-174
-172
-194
-220
-270
-321
-350
-317
-199
-75
-19
119
139
195
211
180
135
30
6
-32
-15
17
35
65
87
121
147
142
148
145
135
114
84
73
-2
-27
-33
-114
-155
-194
-197
-213
-242
-279
-332
-364
-332
-204
-59
-13
122
150
227
272
219
131
71
2
-14
30
43
63
97
122
142
213
207
180
159
157
153
163
129
41
11
-15
-41
-35
-110
-131
-126
-137
-181
-225
-273
-305
-249
-135
-41
110
135
218
267
279
244
153
146
30
52
52
75
91
114
129
142
207
222
201
183
159
151
135
124
30
-17
-37
-76
-135
-169
-190
-220
-246
-289
-332
-364
-299
-169
-50
94
135
183
228
233
185
137
14
-15
-30
-1
35
57
69
106
129
155
151
137
135
102
99
66
20
-12
-37
-38
-123
-156
-186
-201
-206
-222
-259
-317
-351
-353
-274
-145
-39
98
131
134
215
229
167
147
7
-7
4
20
47
81
99
138
148
207
169
155
141
143
142
83
27
19
-28
-43
-112
-155
-182
-199
-225
-237
-305
-347
-310
-178
-43
99
131
215
249
281
255
170
133
39
27
46
84
105
115
135
206
237
207
187
173
144
150
114
147
50
15
-7
-26
-75
-137
-157
-174
-202
-205
-271
-317
-300
-205
-78
-18
131
193
226
253
244
179
155
20
-1
15
42
71
97
123
135
183
181
151
134
134
114
83
50
17
-17
-37
-98
-151
-182
-201
-210
-236
-269
-310
-362
-369
-300
-172
-37
70
131
123
201
213
161
137
11
-17
-21
15
26
69
84
130
115
169
154
139
127
103
84
47
20
-12
-28
-23
-117
-156
-167
-178
-211
-242
-279
-318
-342
-309
-187
-47
55
129
202
222
283
213
181
101
-21
-12
49
83
91
110
135
205
217
207
183
176
161
158
141
142
51
20
-12
-39
-121
-155
-178
-204
-242
-279
-322
-313
-236
-75
-15
131
211
244
269
270
191
123
34
3
30
54
84
105
131
132
211
213
187
149
131
143
146
78
49
17
-15
-30
-114
-159
-177
-181
-206
-255
-294
-343
-363
-298
-168
-49
82
131
139
217
233
183
114
7
-15
-22
17
27
49
69
119
129
131
130
127
102
81
71
35
5
-12
-30
-39
-140
-178
-194
-213
-229
-278
-326
-358
-369
-322
-190
-44
95
119
194
219
243
203
163
26
-9
-12
30
51
71
84
127
143
180
159
143
139
139
126
84
57
26
1
-12
-41
-185
-163
-169
-172
-203
-233
-284
-309
-273
-156
-37
106
141
244
283
367
266
183
148
43
34
51
94
103
115
147
213
226
209
171
159
155
147
135
69
33
8
-13
-42
-129
-167
-171
-193
-204
-251
-310
-347
-334
-207
-63
-7
133
148
231
265
244
170
133
1
-18
11
41
67
79
117
139
164
163
141
139
127
97
67
34
4
-21
-41
-122
-173
-210
-229
-238
-278
-315
-354
-396
-363
-235
-80
-41
129
124
195
245
208
138
35
-24
-28
-7
34
49
61
115
147
179
173
151
148
139
106
83
47
9
-10
-27
-34
-142
-185
-200
-218
-238
-301
-329
-359
-305
-165
-30
106
133
233
247
270
244
157
134
21
20
52
78
103
122
142
211
231
217
197
168
173
157
87
134
51
21
-5
-39
-76
-123
-150
-155
-177
-222
-269
-314
-319
-226
-67
-23
126
135
222
237
273
187
154
35
11
43
55
84
95
111
135
198
191
164
138
134
139
139
82
33
-7
-19
-28
-121
-169
-197
-199
-213
-237
-293
-348
-381
-337
-213
-69
-32
120
135
211
240
197
135
23
-23
-13
-9
21
47
59
101
135
148
163
143
138
110
105
84
43
-6
-28
-35
-124
-170
-204
-213
-220
-247
-291
-362
-389
-347
-220
-69
-28
121
144
222
257
220
143
128
7
7
22
52
81
99
134
135
219
203
180
163
149
149
82
148
30
17
52
-21
-70
-133
-152
-134
-154
-193
-240
-295
-314
-268
-150
-35
115
135
231
267
303
243
155
127
33
17
59
83
114
118
133
191
227
215
178
176
142
147
137
51
18
-9
-25
-76
-146
-183
-201
-222
-249
-300
-348
-368
-301
-179
-39
94
133
199
216
243
216
136
19
-23
-22
20
36
52
59
105
130
134
149
146
134
99
85
52
13
-27
-39
-99
-131
-170
-204
-219
-231
-237
-277
-334
-386
-377
-284
-130
-43
99
134
200
219
215
149
131
1
-1
13
33
52
83
91
127
134
193
171
148
131
133
127
72
49
-12
-30
-27
-108
-142
-163
-156
-171
-199
-246
-299
-343
-327
-209
-73
-23
131
213
251
277
264
148
132
42
21
52
91
109
114
139
131
216
231
209
159
163
155
149
136
43
-7
-24
-34
-108
-149
-135
-169
-201
-231
-285
-346
-361
-278
-123
-34
119
137
213
238
247
181
139
17
-16
2
27
59
66
91
123
144
179
165
134
136
123
98
57
15
-26
-44
-93
-126
-170
-204
-220
-225
-240
-291
-351
-311
-395
-293
-167
-28
89
127
135
215
201
139
24
-23
-33
-37
16
36
52
85
126
148
163
148
134
99
102
84
46
-5
-2
-39
-103
-133
-174
-191
-202
-220
-240
-300
-358
-380
-306
-173
-28
87
128
208
242
267
211
131
35
3
11
36
67
84
105
133
144
211
201
180
155
149
147
133
73
22
-11
-21
-30
-109
-137
-157
-171
-184
-222
-285
-322
-341
-261
-114
-28
126
134
244
265
276
203
123
41
6
20
52
78
89
115
135
187
201
187
167
143
139
139
87
35
9
-39
-33
-110
-168
-172
-198
-218
-234
-279
-349
-381
-358
-215
-73
-25
122
135
213
247
210
147
43
-1
-28
-23
41
50
61
99
133
138
169
143
142
147
115
79
23
7
-33
-30
-94
-127
-172
-193
-199
-188
-246
-302
-337
-367
-303
-159
-30
100
131
218
253
249
203
146
35
22
12
43
72
91
117
131
185
222
198
164
145
159
146
131
63
27
-9
-17
-39
-135
-153
-169
-171
-187
-235
-295
-332
-306
-192
-39
91
127
229
267
287
263
181
138
34
6
46
105
97
105
124
135
222
200
193
165
157
140
141
117
27
-5
-21
-35
-110
-146
-174
-175
-186
-229
-265
-331
-373
-332
-213
-57
23
139
143
217
249
213
133
33
-12
-25
11
39
46
74
105
137
148
154
124
143
126
97
63
19
-17
-34
-59
-127
-174
-215
-225
-222
-252
-299
-359
-386
-381
-275
-123
-26
115
150
208
227
215
148
113
-12
-22
-17
33
55
75
100
123
139
195
180
155
143
147
141
63
20
-9
-21
-41
-124
-167
-183
-186
-202
-227
-273
-319
-357
-300
-154
-35
115
147
215
254
281
231
157
127
36
23
163
92
114
124
137
219
244
229
193
174
151
155
134
137
30
-6
-21
-42
-108
-156
-140
-143
-162
-204
-243
-295
-330
-296
-167
-40
97
145
229
255
265
228
148
127
11
7
39
57
71
112
121
137
199
187
155
141
139
129
81
37
-13
-28
-43
-121
-171
-204
-220
-236
-253
-303
-369
-408
-375
-237
-86
-25
115
139
203
225
183
135
11
-30
-35
-28
47
50
69
99
137
138
175
148
137
134
99
86
43
-9
-25
-41
-114
-146
-176
-204
-203
-229
-254
-294
-347
-366
-268
-114
-35
120
146
222
257
262
183
131
26
3
21
52
85
99
129
139
219
213
195
171
165
148
145
147
84
26
-1
-27
-33
-123
-165
-172
-198
-229
-283
-321
-349
-254
-97
-22
135
213
244
266
258
191
130
37
-1
21
75
78
105
123
133
211
215
190
165
137
119
139
133
50
3
-19
-37
-103
-155
-184
-187
-197
-220
-262
-324
-360
-341
-235
-99
-39
126
148
202
235
228
142
55
-12
-30
-19
20
38
64
86
121
147
162
137
135
84
81
75
35
-7
-24
-55
-118
-139
-191
-199
-200
-205
-226
-281
-331
-385
-378
-262
-113
-57
115
139
222
249
237
158
123
-2
-21
20
49
68
101
121
135
207
199
163
138
126
141
137
79
27
-7
-23
-35
-108
-161
-175
-175
-194
-207
-278
-349
-347
-270
-123
-34
127
190
257
323
291
228
145
57
18
21
65
89
90
139
139
229
229
207
173
133
143
147
138
75
21
-7
-26
-28
-138
-190
-183
-199
-224
-258
-309
-361
-335
-219
-74
-12
126
201
225
249
218
148
96
-10
-57
-1
41
52
74
105
134
131
177
150
142
131
100
73
52
-14
-15
-73
-109
-149
-195
-204
-225
-247
-285
-332
-391
-416
-354
-215
-69
-19
129
141
205
235
258
137
7
-27
-39
-25
25
48
65
105
135
139
171
161
148
139
94
81
52
7
-22
-33
-77
-128
-163
-178
-185
-201
-235
-268
-330
-365
-329
-215
-49
103
151
219
251
219
243
145
131
18
9
39
63
95
119
150
163
220
213
210
193
167
163
148
131
52
1
-25
-27
-101
-133
-165
-170
-202
-233
-269
-332
-366
-297
-149
-37
138
133
238
262
271
211
143
21
-10
-17
26
63
83
95
137
143
227
185
139
131
131
121
100
41
-5
-37
-38
-105
-138
-153
-209
-201
-203
-234
-289
-349
-396
-364
-255
-121
36
95
137
205
228
193
154
7
-28
-34
-25
-38
47
54
87
115
130
131
147
147
131
100
84
35
-1
-28
-21
-111
-150
-184
-216
-213
-199
-268
-315
-348
-376
-312
-171
-37
115
145
211
249
251
195
138
22
52
-7
34
63
93
100
137
143
222
206
182
151
151
141
144
65
27
-2
-22
-34
-108
-143
-161
-173
-198
-246
-288
-332
-307
-193
-30
100
133
253
271
293
260
159
131
3
1
22
69
95
115
129
135
217
211
180
150
138
129
136
87
26
-6
20
-25
-113
-159
-172
-198
-186
-198
-257
-316
-358
-293
-271
-135
-24
115
134
227
235
211
150
131
39
-37
-10
7
83
50
46
115
137
