27
68
105
118
138
278
362
369
345
225
140
18
-23
-32
-43
-27
10
-18
-28
-183
-261
-235
-217
-173
-95
-43
43
71
52
16
-27
-140
-185
-198
-190
-157
-113
-56
-41
-35
17
53
98
131
225
315
377
378
308
197
145
1
-37
-44
-30
27
20
-29
-35
-178
-233
-243
-203
-143
-53
-32
75
87
71
15
-33
-108
-157
-172
-165
-126
-102
-43
-33
47
66
100
122
137
259
343
404
389
303
187
135
9
-18
-27
14
43
26
-33
-21
-181
-233
-205
-149
-105
-46
-17
74
78
41
11
-33
-120
-150
-170
-155
-127
-93
-41
-41
36
71
84
130
147
273
351
383
341
249
146
36
-26
-28
-41
-16
27
-6
-32
-156
-221
-253
-236
-187
-104
-44
-18
61
62
23
-21
-30
-155
-181
-179
-170
-136
-98
-39
-35
21
57
90
127
138
276
356
361
302
193
138
8
-21
-43
-44
19
19
-25
-36
-189
-243
-246
-213
-145
-71
-37
58
69
52
13
-27
-108
-156
-181
-161
-145
-113
-55
-34
10
61
84
116
133
231
330
379
372
309
199
141
10
-21
-24
-3
39
27
-11
-30
-184
-213
-220
-190
-135
-45
-22
81
79
55
22
-29
-111
-139
-157
-155
-137
-82
-37
-25
66
84
99
129
137
265
351
377
347
266
147
100
-13
-31
-32
-5
29
13
-29
-151
-223
-239
-227
-178
-108
-30
-10
65
62
29
-9
-44
-144
-177
-174
-154
-136
-83
-35
-30
27
62
78
129
146
276
342
357
299
201
134
0
-21
-44
-30
-38
13
6
-42
-197
-239
-246
-213
-165
-81
-38
37
73
41
7
-18
-116
-161
-172
-169
-156
-113
-61
-18
27
61
73
116
127
241
322
371
350
279
163
139
-2
-29
-37
-26
31
20
-27
-107
-197
-217
-221
-181
-111
-41
-29
73
78
52
-1
-22
-129
-169
-172
-149
-122
-76
-33
-23
52
84
107
119
143
279
366
391
356
259
153
141
-9
-29
-32
20
41
3
-34
-147
-210
-239
-216
-181
-98
-33
9
71
57
26
-12
-31
-149
-167
-178
-153
-124
-75
-42
-22
49
84
101
127
167
279
353
351
298
205
139
8
-25
-33
-33
-16
5
-21
-44
-194
-231
-246
-225
-172
-101
-55
31
51
31
-11
-33
-126
-166
-189
-181
-146
-129
-61
-46
-30
47
75
112
146
254
330
370
340
263
144
107
-17
-29
-29
-19
33
2
-33
-145
-220
-246
-239
-201
-123
-37
-23
74
70
34
-12
-33
-140
-161
-174
-156
-123
-70
-25
-26
50
79
103
130
227
308
371
382
331
233
136
27
-9
-26
-12
38
33
2
-41
-171
-217
-230
-204
-140
-66
-33
70
87
68
21
-23
-45
-113
-169
-157
-151
-110
-57
-33
21
47
85
116
139
219
317
359
357
277
183
141
1
-33
-33
-22
21
7
-30
-134
-203
-252
-241
-205
-140
-58
-38
46
67
41
-15
-33
-146
-177
-186
-183
-157
-116
-66
-29
-36
45
70
91
137
231
335
366
335
243
148
39
-29
-47
-49
-41
21
-5
-29
-165
-218
-268
-241
-202
-133
-44
-29
65
71
31
-13
-44
-141
-173
-177
-157
-129
-93
-39
-34
47
67
95
123
145
276
353
378
330
243
130
23
-5
-25
-37
20
35
1
-28
-155
-220
-233
-218
-153
-73
-41
63
83
78
40
-1
-44
-136
-170
-172
-140
-105
-63
-30
24
54
83
98
129
201
294
364
377
329
218
137
16
-23
-29
-24
21
23
-11
-42
-173
-236
-241
-223
-154
-79
-33
53
64
42
-6
-33
-120
-161
-178
-167
-149
-115
-59
-27
-21
47
93
116
143
231
309
351
321
248
139
67
-19
-29
-44
-45
-15
-12
-42
-151
-221
-262
-249
-205
-140
-47
-35
40
52
7
-16
-41
-143
-171
-181
-170
-139
-95
-44
-38
29
65
87
116
143
269
350
368
314
225
133
33
-24
-28
-35
18
23
-6
-37
-172
-230
-245
-210
-158
-63
-53
52
75
55
21
-25
-43
-145
-153
-153
-133
-97
-39
-39
39
63
91
128
183
244
326
377
366
297
207
138
10
-24
-14
9
35
23
-13
-45
-195
-229
-236
-197
-131
-44
-30
55
59
38
-5
-28
-119
-149
-163
-155
-137
-105
-44
-21
29
54
84
120
146
241
322
354
327
251
141
45
-19
-39
-41
-26
19
-14
-39
-166
-225
-254
-240
-189
-122
-44
-44
20
43
19
-29
-59
-162
-177
-183
-155
-139
-99
-53
-33
26
49
86
130
140
267
337
351
301
211
138
9
-28
-41
-44
-14
31
-22
-38
-178
-233
-238
-216
-155
-94
-28
35
60
52
14
-28
-29
-144
-166
-162
-140
-107
-51
-30
29
67
89
122
143
243
315
372
361
302
191
139
19
-13
-30
8
35
19
-24
-54
-185
-236
-214
-186
-110
-44
-11
64
62
48
-10
-41
-123
-153
-165
-140
-118
-75
-44
-28
31
71
99
116
137
271
335
363
319
239
138
37
-18
-44
-14
-11
29
-11
-44
-165
-209
-236
-232
-175
-124
-43
-28
62
58
18
-28
-110
-194
-185
-185
-149
-123
-76
-29
-28
-14
27
77
118
139
293
356
362
295
199
145
-18
-29
-33
-29
-29
-2
-13
-37
-204
-252
-259
-223
-161
-75
-38
52
73
49
-3
-39
-124
-157
-178
-165
-138
-108
-55
-41
-11
46
75
120
139
230
310
365
355
281
179
145
3
-10
-41
-16
31
14
-21
-42
-176
-218
-221
-189
-120
-54
-29
63
79
59
0
-19
-95
-135
-150
-147
-122
-93
-28
-40
38
73
99
127
135
258
319
359
353
293
179
138
-11
-33
-33
-25
31
10
-30
-122
-193
-231
-236
-188
-145
-53
-34
53
51
20
-23
-42
-139
-155
-172
-151
-140
-109
-53
-37
7
53
95
118
143
243
331
354
327
244
147
39
-28
-38
-42
-39
-12
-13
-30
-171
-225
-257
-248
-201
-120
-51
-35
34
39
7
-28
-37
-128
-166
-177
-153
-150
-78
-53
-20
38
59
99
116
138
264
340
363
338
251
135
26
-39
-28
-44
-10
16
-12
-40
-159
-213
-238
-209
-172
-101
-30
37
70
63
22
-28
-38
-133
-153
-146
-133
-113
-62
-37
-27
43
69
116
139
223
307
359
371
331
235
142
31
-22
-18
-13
23
30
-8
-41
-161
-221
-238
-214
-157
-82
-37
51
71
46
18
-17
-32
-142
-161
-168
-131
-120
-76
-41
-29
49
83
103
143
212
287
352
357
299
206
138
3
-31
-28
-30
-19
9
-28
-44
-197
-251
-249
-226
-171
-93
-39
-11
35
0
-13
-39
-138
-159
-190
-176
-152
-120
-74
-37
-41
35
83
98
131
212
303
351
347
281
185
163
-10
-27
-28
-37
15
10
-20
-112
-204
-239
-249
-205
-141
-55
-37
53
58
37
1
-37
-109
-156
-172
-153
-132
-96
-44
-28
37
65
90
116
136
243
329
375
370
286
195
142
3
-15
-22
2
36
26
-21
-42
-177
-220
-217
-189
-108
-39
-28
70
69
45
3
-41
-110
-145
-155
-149
-120
-74
-43
-43
34
65
94
129
137
248
337
373
352
275
163
131
-11
-28
-44
-27
19
11
-27
-146
-225
-238
-232
-199
-131
-50
-42
52
53
15
-22
-31
-141
-170
-182
-166
-141
-103
-61
-25
-22
52
79
116
133
230
353
356
315
239
139
35
-19
-12
-41
-34
-11
-12
-31
-166
-225
-252
-236
-205
-124
-38
-39
47
53
16
-28
-35
-140
-162
-161
-149
-124
-81
-44
-31
42
63
99
120
132
273
343
372
335
251
146
50
-12
-33
-37
14
23
4
-31
-154
-205
-225
-199
-167
-93
-43
30
71
62
31
-26
-33
-129
-141
-145
-127
-101
-47
-37
-10
67
84
116
142
217
289
355
387
331
244
137
19
-28
-27
-27
4
27
-8
-30
-162
-220
-233
-219
-167
-94
-23
-18
49
46
11
-23
-39
-140
-154
-165
-145
-123
-75
-30
-44
41
70
101
129
161
276
353
350
300
203
139
19
-28
-37
-39
-33
7
-17
-49
-191
-246
-254
-230
-175
-99
-35
-28
39
27
-11
-39
-127
-172
-172
-169
-154
-113
-62
-30
-34
39
71
113
132
227
307
359
354
293
195
135
5
-12
-33
-25
30
20
-15
-40
-195
-230
-239
-193
-143
-62
-44
43
62
35
-11
-35
-108
-140
-161
-141
-122
-76
-43
-31
38
83
109
131
145
270
339
379
363
292
167
139
-7
-23
-25
5
32
20
-28
-123
-190
-235
-221
-185
-118
-45
-32
52
51
24
-19
-44
-135
-153
-159
-151
-115
-85
-44
-33
27
55
89
123
133
254
335
363
337
270
145
61
-21
-35
-37
-27
15
-7
-33
-160
-215
-246
-240
-197
-135
-63
-37
36
35
3
-15
-108
-154
-172
-181
-158
-141
-98
-41
-38
27
59
95
129
139
273
340
352
308
219
139
18
-23
-43
-37
-12
5
-12
-37
-181
-236
-238
-221
-169
-81
-29
45
65
52
-7
-23
-116
-167
-172
-166
-131
-86
-41
-44
-23
35
65
106
133
243
331
393
389
321
213
143
15
-21
-34
-29
31
37
-1
-40
-181
-224
-233
-204
-145
-53
-35
59
81
54
9
-6
-102
-147
-158
-151
-140
-93
-46
-37
35
58
89
123
141
246
323
372
349
283
177
135
-11
-28
-44
-13
29
15
-30
-129
-213
-249
-245
-204
-141
-57
-28
49
46
21
-23
-38
-141
-169
-165
-172
-135
-108
-49
-41
-17
46
77
115
131
243
323
353
327
245
139
20
-25
-50
-38
-33
-22
-7
-29
-169
-236
-256
-243
-207
-134
-51
-32
47
42
18
-28
-35
-154
-166
-165
-151
-120
-76
-35
-31
35
63
89
116
133
271
347
373
340
249
133
36
-6
-27
-39
-5
25
-1
-38
-159
-215
-239
-225
-177
-99
-28
30
69
53
21
-22
-34
-137
-153
-151
-131
-103
-58
-39
-14
53
70
113
131
223
294
366
369
337
225
141
23
-16
-27
-33
10
19
-14
-44
-172
-235
-241
-221
-172
-97
-37
-9
52
21
-1
-39
-106
-172
-166
-181
-145
-118
-77
-40
-30
34
76
101
133
221
305
357
347
286
185
131
-10
-33
-33
-45
1
1
-21
-130
-205
-254
-254
-230
-161
-77
-45
49
59
29
-11
-35
-127
-163
-172
-165
-133
-103
-50
-28
20
52
83
95
131
241
329
383
367
295
180
134
-9
-21
-44
-11
31
20
-23
-77
-198
-236
-238
-202
-135
-51
-43
54
59
34
-9
-39
-123
-152
-167
-152
-130
-86
-38
-35
35
63
95
130
135
267
343
403
367
283
163
132
-6
-22
-26
-17
33
1
-28
-136
-213
-236
-236
-194
-118
-47
-41
52
55
25
-2
-33
-126
-168
-159
-155
-120
-85
-42
-38
42
75
102
130
225
277
353
369
335
241
135
34
-21
-28
-41
-10
20
-12
-39
-172
-235
-251
-236
-185
-105
-39
-37
57
26
4
-26
-114
-161
-173
-182
-157
-133
-86
-49
-33
25
56
89
122
167
291
351
356
299
207
143
-9
-27
-45
-42
-13
10
-14
-44
-195
-241
