-134
-154
-153
-140
-115
-56
-31
-22
71
95
109
116
147
251
279
309
244
141
79
-33
-121
-154
-129
-81
-41
-49
-31
-46
-44
-15
0
13
36
74
74
54
35
-12
-27
-102
-134
-149
-138
-105
-69
-62
-25
36
62
92
115
118
133
243
297
317
256
158
83
-19
-53
-147
-137
-76
-44
-41
-44
-7
-39
14
-6
17
20
53
47
58
11
-7
-26
-108
-141
-152
-149
-138
-113
-69
-33
-33
67
81
83
97
123
222
279
291
228
165
115
-12
-137
-158
-145
-124
-77
-43
-49
-45
-29
-37
-12
20
15
39
36
37
7
-26
-27
-140
-163
-172
-161
-135
-143
-71
-40
-62
50
78
99
118
117
202
275
294
244
169
121
-12
-86
-155
-123
-111
-51
-46
-15
-54
-41
-30
20
36
33
26
49
61
38
-14
-28
-47
-140
-136
-143
-109
-82
-74
-19
-10
67
100
115
124
136
231
306
291
267
176
131
-3
-34
-138
-139
-74
-52
-41
-44
-44
-26
2
10
6
35
47
47
40
35
-12
-31
-40
-146
-140
-140
-140
-119
-92
-55
-31
55
94
98
119
121
225
273
299
259
151
127
-17
-121
-140
-141
-95
-69
-45
-28
-45
-41
-54
-23
-9
-7
9
47
49
10
-28
-45
-136
-176
-182
-165
-156
-118
-95
-61
-44
38
73
85
107
116
227
283
277
241
169
107
-29
-147
-172
-149
-104
-66
-30
-50
-51
-37
-30
-28
-10
45
31
41
54
10
-5
-55
-97
-130
-149
-162
-120
-106
-78
-33
-19
63
73
107
122
129
245
308
310
279
166
134
-25
-52
-154
-135
-92
-58
-20
-46
-29
-44
-9
-8
20
30
45
77
52
27
14
-31
-39
-121
-161
-145
-108
-111
-77
-33
-33
71
89
115
117
131
256
286
309
237
148
116
-35
-121
-144
-135
-79
-47
-60
-39
-45
-20
-28
-20
14
11
51
30
39
9
-28
-30
-122
-142
-173
-169
-146
-85
-76
-29
-41
43
85
91
109
145
231
259
295
229
145
18
-34
-149
-161
-133
-108
-81
-73
-61
-47
-33
-61
-30
3
0
31
35
23
20
-10
-45
-118
-157
-181
-166
-131
-122
-76
-37
-17
69
92
111
119
149
245
323
302
227
148
23
-29
-134
-170
-117
-103
-62
-25
-45
-49
-20
-30
-3
37
20
37
66
52
20
-13
-49
-99
-140
-145
-141
-105
-97
-41
-44
31
82
114
134
148
148
274
308
307
245
152
8
-45
-140
-141
-124
-86
-67
-41
-41
-29
-20
-20
7
19
39
51
33
41
9
-17
-25
-122
-140
-158
-147
-121
-109
-63
-32
-15
74
86
91
119
129
256
294
277
202
135
-19
-27
-145
-160
-149
-113
-73
-50
-45
-64
-46
-33
-20
-13
20
20
39
33
2
-37
-40
-147
-165
-181
-149
-131
-115
-76
-45
-12
83
103
116
131
135
265
281
277
219
132
3
-25
-146
-157
-131
-76
-65
-49
-55
-27
-41
-35
5
16
39
44
50
51
27
-13
-43
-121
-149
-169
-154
-108
-94
-50
-17
53
91
90
129
116
215
267
295
281
214
155
10
-25
-133
-127
-94
-81
-41
-37
-41
-33
-12
11
17
22
47
74
52
41
23
-12
-23
-134
-165
-158
-143
-129
-92
-43
-44
27
67
80
110
141
126
255
311
295
203
153
-13
-44
-157
-143
-122
-76
-57
-61
-47
-45
-41
-47
-31
-13
47
52
49
20
-16
-12
-70
-166
-165
-188
-158
-142
-109
-64
-29
19
68
83
105
131
143
274
303
260
191
132
-10
-109
-157
-163
-126
-76
-45
-46
-107
-38
-41
-38
-50
14
14
55
53
30
-10
-28
-74
-133
-157
-158
-124
-124
-79
-54
-45
45
107
85
107
131
202
270
291
286
201
133
-12
-25
-157
-109
-102
-78
-37
-30
-29
-46
-46
-2
6
16
33
62
50
46
0
-23
-33
-130
-143
-183
-140
-111
-69
-57
-39
48
78
113
118
122
219
283
287
265
199
141
-22
-54
-153
-158
-123
-79
-43
-43
-46
-34
-18
-22
-12
20
36
39
52
23
-17
-53
-120
-157
-172
-175
-158
-133
-86
-49
-44
17
50
85
106
133
136
259
255
243
166
139
-31
-143
-166
-171
-133
-74
-65
-59
-59
-45
-27
-31
-20
13
37
34
35
10
-15
-44
-108
-144
-178
-181
-149
-135
-103
-54
-17
29
83
95
123
148
213
262
287
259
180
128
-12
-55
-141
-146
-112
-73
-41
-59
-32
-46
-53
-27
20
19
41
51
59
38
-5
-41
-81
-135
-165
-140
-142
-106
-46
-18
-29
52
81
107
117
148
261
289
334
267
174
133
-30
-126
-139
-137
-108
-63
-28
-44
-49
-37
-33
-31
-7
34
35
51
36
2
-7
-28
-131
-162
-172
-171
-140
-124
-61
-28
-27
50
59
109
114
133
251
298
276
207
147
14
-44
-134
-171
-136
-97
-67
-45
-63
-47
-45
-31
-49
-13
11
27
52
17
-12
-41
-77
-153
-185
-192
-181
-156
-109
-58
-38
-25
69
73
102
135
149
245
314
289
215
133
-5
-20
-141
-140
-146
-92
-62
-53
-61
-30
-27
-39
5
14
34
26
52
46
19
-14
-15
-123
-173
-167
-135
-109
-67
-33
-29
49
87
133
123
130
244
311
334
285
170
115
-24
-77
-149
-124
-77
-44
-44
-44
-38
-28
-12
-4
19
35
34
52
52
15
-13
-38
-109
-140
-174
-140
-139
-107
-57
-34
-30
52
78
119
130
143
276
309
308
253
137
20
-47
-137
-153
-135
-85
-57
-71
-41
-55
-27
-28
-23
-14
14
19
47
19
-19
-22
-34
-157
-165
-183
-170
-146
-117
-57
-46
-29
52
83
99
123
127
259
302
255
196
122
-7
-29
-141
-158
-129
-107
-41
-30
-57
-60
-41
-54
-25
3
25
37
50
31
-9
-29
-103
-137
-157
-180
-155
-108
-82
-46
-44
52
83
111
117
137
238
325
319
265
139
107
-37
-99
-149
-135
-78
-32
-15
-29
-44
-35
-35
11
19
35
57
51
49
9
6
-34
-122
-140
-156
-139
-124
-99
-62
-39
43
79
101
116
142
212
283
298
267
219
130
-1
-44
-141
-158
-118
-96
-62
-44
-33
-43
-41
-30
-17
-2
20
50
37
27
6
-41
-108
-149
-171
-158
-158
-130
-81
-13
-28
24
58
107
111
151
233
302
302
245
143
14
-41
-124
-175
-143
-117
-95
-74
-71
-69
-43
-47
-20
-33
-12
11
29
20
-6
-13
-54
-115
-174
-201
-160
-141
-127
-66
-44
-33
62
77
107
135
218
281
339
303
207
148
6
-41
-158
-140
-118
-58
-17
-61
-39
-17
-37
-12
9
26
59
63
56
39
9
-12
-31
-127
-167
-149
-152
-108
-78
-22
-34
69
92
127
137
146
268
308
323
267
161
139
-12
-124
-129
-127
-71
-60
-51
-41
-24
-37
-23
-22
20
20
39
41
46
9
-26
-47
-110
-157
-170
-158
-145
-98
-50
-19
-11
65
100
115
133
215
276
306
298
185
136
-11
-30
-162
-147
-135
-92
-62
-71
-61
-51
-46
-43
-23
-9
9
20
26
5
-18
-38
-109
-165
-173
-185
-172
-147
-102
-44
-43
24
113
68
130
127
249
303
327
256
155
36
-26
-153
-149
-124
-121
-55
-62
-56
-55
-55
-44
-46
-3
20
39
39
49
26
-33
-43
-133
-166
-183
-146
-158
-123
-62
-28
38
81
105
129
123
229
315
327
314
223
134
-6
-20
-139
-158
-74
-55
-46
-38
-28
-43
-44
-3
20
20
31
55
54
47
-6
-23
-39
-123
-149
-172
-142
-138
-65
-30
-25
59
87
115
139
133
278
309
325
263
153
31
-44
-119
-154
-133
-109
-59
-55
-55
-55
-46
-22
-26
-9
-1
35
47
20
-6
-14
-34
-121
-185
-194
-173
-140
-123
-81
-46
-15
59
88
103
142
199
286
313
282
171
131
-35
-140
-178
-172
-133
-65
-77
-59
-81
-59
-27
-15
-41
-9
10
37
31
-9
3
-49
-124
-130
-169
-191
-175
-129
-101
-51
-30
63
71
127
116
147
259
308
315
249
147
15
-45
-128
-163
-127
-101
-61
-44
-27
-55
-40
-43
5
24
20
51
54
35
18
-19
-27
-135
-144
-170
-153
-120
-77
-49
-22
61
83
135
130
138
276
307
323
265
170
52
-37
-124
-154
-120
-108
-66
-41
-49
-44
-41
-30
-20
-28
14
41
52
26
11
-32
-37
-127
-153
-185
-158
-160
-108
-79
-43
-29
74
78
111
116
244
307
306
278
169
94
-25
-127
-161
-146
-137
-74
-71
-74
-74
-50
-43
-40
-33
-31
19
20
13
6
-45
-29
-130
-157
-183
-193
-172
-139
-102
-35
-34
52
71
101
123
153
281
313
291
218
158
-31
-39
-166
-149
-131
-92
-67
-30
-61
-37
-47
-33
-11
1
39
41
59
52
7
-34
-39
-126
-173
-167
-156
-124
-92
-41
-34
52
101
109
119
200
271
325
319
239
137
8
-12
-123
-133
-118
-64
-55
-46
-47
-59
-17
-23
-9
5
3
41
52
41
11
-28
-51
-141
-173
-158
-156
-139
-83
-59
-49
36
107
116
130
139
271
307
303
235
143
-6
-25
-165
-154
-143
-83
-55
-57
-71
-51
-41
-38
-37
-47
-18
-1
20
15
-26
-41
-101
-154
-187
-191
-169
-141
-114
-53
-25
-33
72
92
105
138
263
290
292
225
135
20
-49
-152
-171
-141
-109
-64
-74
-74
-43
-40
-29
-33
-41
-11
7
51
20
-12
-35
-53
-133
-156
-167
-157
-152
-135
-98
-37
-25
69
87
115
149
227
303
308
279
164
143
-19
-118
-152
-118
-107
-57
-41
-41
-35
-41
-44
-13
15
5
31
54
20
16
-20
-24
-79
-126
-157
-139
-143
-121
-69
-31
-17
83
110
131
147
237
303
313
295
183
135
-26
-44
-172
-142
-82
-55
-33
-46
-25
-29
-51
-26
-5
-1
10
47
41
19
-15
-29
-69
-145
-156
-142
-161
-122
-97
-28
-17
51
91
103
126
199
290
335
315
211
141
-31
-41
-153
-157
-111
-76
-43
-58
-41
-30
-33
-25
-22
-12
29
49
41
51
-13
-28
-51
-140
-146
-147
-169
-139
-113
-33
-38
74
97
113
139
218
302
327
315
227
127
-2
-54
-141
-158
-108
-92
-44
-28
-43
-31
-49
-28
11
-6
20
52
38
22
11
-29
-38
-126
-167
-152
-143
-137
-79
-53
-28
65
148
116
116
149
259
339
333
267
161
113
-38
-139
-165
-113
-105
-57
-33
-44
-49
-49
-13
-1
6
9
23
27
54
20
-15
-35
-97
-146
-171
-171
-137
-104
-63
-31
7
63
62
122
124
244
283
303
267
176
142
-20
-117
-167
-139
-108
-70
-50
-65
-26
-36
-29
-37
-41
-12
27
6
35
4
-13
-37
-121
-157
-181
-178
-140
-131
-94
-51
-44
47
95
99
117
158
259
323
287
210
141
20
-30
-143
-142
-129
-76
-41
-29
-40
-41
-28
-15
-9
10
3
34
30
31
-12
-28
-23
-110
-146
-140
-151
-122
-69
-53
-44
51
113
123
147
147
281
315
294
242
146
107
-33
-107
-149
-119
-57
-41
-27
-44
