-349
-395
-373
-301
-194
-46
73
140
448
517
691
701
638
527
372
223
141
25
4
-16
-37
-114
-156
-199
-243
-268
-268
-242
-211
-204
-207
-224
-247
-293
-335
-373
-338
-265
-154
-38
118
303
498
639
707
707
627
497
346
199
145
41
19
-12
-37
-113
-161
-203
-255
-268
-254
-230
-205
-202
-207
-222
-262
-304
-357
-364
-329
-251
-129
-35
130
340
525
647
719
707
615
479
317
170
138
20
4
-21
-31
-119
-165
-218
-261
-269
-257
-234
-213
-208
-211
-229
-300
-328
-382
-381
-337
-249
-123
-41
131
341
523
635
703
689
586
461
301
159
123
20
-10
-27
-42
-145
-185
-231
-277
-287
-268
-236
-222
-202
-215
-238
-279
-329
-383
-369
-329
-242
-108
-45
133
359
549
654
715
683
587
419
279
147
117
20
-8
-19
-37
-142
-178
-229
-264
-268
-257
-230
-209
-210
-215
-232
-268
-326
-361
-350
-305
-217
-76
-28
143
399
565
671
706
675
579
445
294
155
134
33
0
-21
-42
-129
-190
-233
-268
-268
-251
-230
-198
-197
-205
-235
-279
-329
-367
-362
-300
-209
-86
-17
139
390
566
670
730
691
583
447
279
151
127
20
-10
-28
-37
-147
-188
-245
-268
-281
-259
-233
-215
-210
-226
-239
-286
-348
-391
-371
-316
-219
-93
-28
141
378
559
661
711
678
565
419
271
143
51
10
-13
-43
-106
-153
-199
-241
-281
-270
-263
-229
-209
-206
-221
-247
-284
-343
-389
-377
-314
-220
-93
-29
135
385
564
667
725
679
582
419
275
147
89
17
-6
-41
-44
-153
-184
-239
-270
-277
-262
-233
-204
-201
-204
-237
-282
-339
-384
-364
-302
-213
-66
-24
133
403
567
675
739
699
597
419
291
149
131
30
-6
-28
-41
-140
-195
-237
-277
-277
-247
-235
-209
-204
-218
-250
-286
-334
-377
-358
-300
-215
-75
-23
145
393
563
681
729
685
593
419
281
148
91
21
-8
-12
-41
-140
-193
-237
-268
-279
-261
-235
-220
-209
-223
-251
-288
-349
-389
-371
-309
-221
-79
-38
139
379
550
657
702
666
567
419
271
145
63
14
-12
-33
-94
-146
-197
-246
-278
-285
-254
-241
-221
-221
-225
-249
-291
-347
-383
-367
-302
-213
-76
-25
142
397
565
661
723
667
571
419
263
131
53
15
-10
-34
-65
-143
-197
-236
-272
-264
-254
-226
-207
-206
-203
-239
-284
-332
-367
-348
-289
-192
-60
58
135
419
595
687
724
660
559
411
254
138
57
27
1
-30
-76
-149
-198
-236
-267
-257
-237
-222
-222
-213
-223
-252
-288
-339
-365
-350
-284
-171
-45
99
265
469
627
703
711
643
513
361
206
134
37
14
-22
-29
-125
-156
-217
-260
-285
-277
-254
-226
-224
-226
-237
-268
-310
-367
-386
-343
-273
-165
-42
123
305
490
627
696
687
607
481
321
174
134
20
-2
-22
-33
-139
-172
-225
-268
-279
-274
-246
-228
-219
-215
-229
-267
-323
-371
-377
-329
-236
-118
-41
139
367
545
651
715
682
575
419
276
138
99
19
6
-29
-33
-128
-175
-227
-257
-268
-251
-223
-203
-197
-204
-227
-270
-329
-366
-357
-300
-204
-72
-17
135
419
586
687
721
672
555
403
246
137
58
27
-10
-29
-44
-142
-187
-237
-262
-253
-243
-221
-204
-204
-213
-241
-285
-338
-366
-335
-275
-161
-44
100
276
478
615
713
714
617
511
343
194
131
31
7
-17
-42
-86
-165
-217
-255
-275
-270
-246
-220
-213
-210
-238
-268
-321
-364
-376
-342
-270
-149
-44
133
335
531
642
709
686
587
452
302
161
135
20
0
-28
-28
-133
-183
-225
-273
-278
-254
-226
-207
-204
-205
-232
-266
-326
-375
-375
-317
-232
-108
-37
135
358
539
635
703
675
575
419
283
147
126
27
4
-23
-37
-134
-173
-217
-266
-268
-239
-217
-193
-187
-197
-232
-263
-329
-366
-354
-298
-191
-75
-21
139
409
579
681
721
674
560
417
262
141
55
20
-16
-33
-28
-131
-177
-222
-261
-266
-237
-205
-197
-197
-191
-233
-273
-338
-367
-361
-297
-193
-49
73
141
447
596
678
695
642
527
373
223
143
38
19
-6
-38
-121
-165
-204
-249
-269
-261
-243
-211
-201
-212
-213
-251
-298
-364
-389
-357
-286
-175
-42
102
251
470
609
683
686
619
503
341
198
133
29
1
-22
-41
-129
-162
-212
-255
-266
-268
-236
-205
-203
-198
-215
-257
-305
-362
-381
-337
-255
-140
-31
119
323
515
633
698
683
595
473
310
171
137
25
11
-22
-39
-117
-165
-213
-251
-268
-248
-215
-204
-196
-198
-205
-238
-305
-354
-349
-307
-230
-93
-35
138
395
559
665
710
663
554
419
276
148
127
31
-1
-27
-31
-126
-187
-221
-252
-253
-236
-208
-186
-177
-193
-221
-262
-327
-367
-353
-300
-203
-74
-22
138
399
566
671
695
647
538
391
242
141
46
17
-12
-33
-128
-146
-194
-237
-264
-258
-239
-213
-197
-197
-215
-239
-285
-346
-375
-364
-299
-202
-61
11
135
419
581
667
688
625
514
356
215
129
41
5
-17
-37
-125
-166
-207
-249
-265
-262
-236
-215
-189
-189
-205
-247
-297
-341
-375
-352
-279
-169
-41
109
267
479
618
697
690
609
491
345
201
129
36
19
-13
-34
-117
-155
-202
-239
-248
-243
-220
-204
-182
-189
-204
-235
-285
-346
-353
-325
-257
-125
-39
130
340
521
638
697
675
582
467
310
167
137
34
3
-26
-28
-129
-172
-218
-245
-255
-243
-221
-199
-189
-187
-215
-255
-303
-357
-351
-318
-233
-118
-27
137
355
535
647
693
663
559
419
276
155
84
15
-7
-28
-43
-141
-178
-229
-263
-268
-246
-217
-199
-197
-203
-233
-268
-324
-370
-364
-318
-230
-108
-37
137
335
511
615
661
647
553
417
275
146
120
21
-12
-30
-47
-135
-181
-225
-263
-261
-236
-217
-198
-191
-204
-221
-263
-306
-359
-361
-303
-236
-108
-41
135
345
521
631
679
655
564
419
291
155
123
36
10
-5
-37
-139
-181
-221
-245
-246
-239
-209
-197
-186
-189
-217
-247
-300
-350
-346
-293
-217
-85
-28
135
358
533
633
682
654
564
419
279
150
122
46
-5
-22
-41
-140
-181
-223
-259
-254
-240
-209
-183
-187
-206
-223
-265
-319
-369
-348
-296
-204
-81
-29
139
382
553
646
681
639
545
395
250
138
47
20
-16
-39
-108
-161
-195
-245
-268
-282
-241
-225
-204
-194
-207
-236
-280
-332
-370
-360
-300
-203
-93
-34
141
387
549
643
675
635
529
379
235
139
36
11
-12
-40
-113
-156
-198
-237
-272
-268
-246
-215
-191
-191
-204
-226
-279
-329
-375
-349
-287
-193
-69
-23
135
403
559
646
689
643
532
397
251
132
54
22
-1
-41
-54
-136
-185
-235
-254
-256
-230
-198
-187
-185
-191
-225
-258
-325
-359
-335
-277
-181
-61
4
133
406
564
660
690
633
533
379
242
143
49
16
-15
-29
-105
-142
-204
-237
-255
-251
-237
-214
-205
-192
-204
-236
-273
-332
-358
-332
-274
-178
-45
84
135
419
575
657
675
609
489
347
206
137
37
5
-19
-33
-119
-167
-215
-253
-277
-265
-238
-220
-204
-207
-217
-247
-295
-341
-371
-350
-284
-173
-48
84
149
419
574
651
663
598
489
343
208
142
41
7
-12
-41
-117
-162
-206
-248
-267
-257
-239
-219
-204
-204
-226
-248
-299
-355
-359
-332
-265
-155
-29
116
295
485
613
675
674
601
475
331
185
142
42
11
-12
-35
-125
-154
-202
-245
-257
-236
-217
-197
-188
-191
-213
-237
-301
-351
-355
-320
-241
-126
-44
123
306
499
611
675
675
595
469
313
178
133
41
10
-11
-43
-125
-171
-213
-259
-262
-257
-215
-197
-188
-194
-215
-256
-315
-360
-364
-314
-246
-130
-34
130
321
491
615
674
661
570
451
307
158
135
11
-3
-28
-33
-140
-203
-230
-266
-274
-266
-230
-205
-203
-204
-234
-267
-315
-373
-365
-319
-236
-109
-33
131
345
511
628
673
638
550
411
271
139
103
23
-13
-30
-61
-146
-186
-235
-258
-266
-245
-217
-202
-189
-204
-219
-267
-331
-361
-347
-300
-205
-82
-29
135
399
555
651
699
634
539
395
241
151
71
27
-7
-23
-35
-135
-185
-229
-254
-241
-222
-204
-177
-173
-182
-217
-262
-330
-365
-339
-285
-184
-47
52
139
419
578
659
686
615
519
372
219
138
51
19
-13
-41
-109
-152
-192
-236
-253
-245
-224
-195
-185
-190
-206
-233
-294
-343
-364
-332
-273
-173
-44
101
275
469
594
667
666
582
463
311
179
129
26
-2
-15
-42
-137
-167
-219
-254
-263
-253
-233
-206
-199
-204
-224
-266
-306
-366
-364
-330
-246
-123
-32
129
340
530
625
675
635
542
404
263
140
77
19
-9
-25
-38
-142
-177
-220
-255
-261
-252
-207
-188
-182
-185
-220
-268
-322
-366
-348
-297
-201
-65
-19
139
409
561
643
675
628
527
375
239
137
63
31
-5
-34
-34
-140
-178
-221
-240
-230
-222
-203
-178
-185
-201
-227
-287
-337
-364
-332
-269
-167
-39
115
265
467
593
669
662
595
472
323
183
142
42
14
-13
-34
-113
-155
-207
-243
-259
-242
-222
-188
-187
-189
-211
-246
-305
-363
-375
-332
-251
-140
-28
121
310
499
611
655
631
551
415
267
147
81
15
-12
-29
-65
-145
-188
-236
-256
-258
-247
-223
-195
-193
-208
-236
-274
-332
-368
-361
-306
-213
-85
-39
139
413
563
660
675
623
499
352
211
143
34
15
-11
-34
-115
-156
-195
-236
-259
-257
-230
-201
-182
-175
-204
-238
-269
-341
-364
-343
-268
-143
-45
116
303
495
609
667
659
573
454
307
169
145
46
15
-23
-38
-117
-157
-195
-230
-235
-222
-204
-190
-178
-193
-206
-248
-300
-345
-345
-309
-220
-98
-35
139
393
563
651
679
631
519
371
227
135
52
30
-1
-27
-33
-140
-185
-229
-250
-253
-221
-200
-184
-182
-197
-233
-285
-342
-371
-345
-286
-174
-43
95
273
471
595
659
639
563
419
291
157
130
26
3
-28
-41
-131
-178
-217
-251
-268
-249
-220
-199
-191
-200
-215
-268
-319
-364
-345
-316
-236
-108
-35
131
373
534
645
675
623
518
377
229
146
47
22
-7
-27
-51
-140
-182
-236
-266
-253
-223
-203
-185
-184
-194
-234
-281
-341
-366
-334
-271
-172
-33
114
295
491
610
678
667
582
464
309
173
142
50
22
-13
-37
-115
-146
-197
-231
-241
-231
-204
-178
-177
-183
-215
-249
-304
-350
-350
-297
-210
-99
-30
139
383
547
647
675
628
523
379
251
137
98
35
6
-27
-35
-140
-174
-220
-245
-236
-220
-194
-175
-191
-199
-233
-278
-345
-364
-335
-280
-185
-47
79
150
459
585
663
661
586
467
323
183
137
39
5
-17
-37
-127
-167
-202
-245
-258
-246
-220
-201
-190
-198
-221
-248
-313
-365
-369
-329
-247
-131
-41
131
331
500
612
665
639
549
416
276
150
133
38
2
-32
-37
-140
-181
-226
-255
-265
-237
-213
-192
-190
-206
-230
-256
-318
-359
-342
-278
-182
-59
56
148
419
573
659
673
623
507
370
234
127
66
35
4
