-86
-59
-44
2
90
147
131
244
270
261
195
130
51
4
-16
-108
-118
-123
-142
-141
-137
-109
-93
-56
-31
11
50
52
42
27
-12
-28
-35
-100
-98
-103
-78
-69
-51
-12
20
52
105
129
238
281
263
201
139
131
2
-16
-38
-93
-119
-145
-135
-153
-126
-71
-55
-25
24
39
48
31
20
-13
-37
-40
-94
-130
-114
-87
-63
-33
-19
3
53
99
137
235
262
246
195
146
63
-11
-39
-93
-118
-137
-140
-165
-159
-125
-125
-43
-41
-31
52
34
45
9
-21
-44
-58
-93
-99
-118
-109
-64
-57
-37
-13
45
84
117
235
255
250
187
122
141
-1
-41
-42
-108
-118
-128
-143
-155
-134
-81
-55
-38
-18
41
68
47
33
-5
-14
-28
-69
-106
-102
-98
-49
-43
-35
9
61
77
133
238
276
281
227
148
123
20
-13
-34
-105
-98
-113
-154
-130
-122
-81
-44
-33
-13
53
67
52
24
22
-14
-40
-77
-108
-105
-76
-82
-38
-44
29
50
87
145
238
265
279
228
159
148
19
-14
-44
-108
-110
-135
-144
-151
-134
-96
-72
-37
-12
43
49
49
6
8
-26
-19
-77
-97
-118
-86
-74
-41
-42
-1
52
75
134
212
269
270
206
154
133
9
-27
-44
-115
-114
-145
-159
-153
-130
-108
-66
-21
-22
43
57
37
10
-3
-22
-27
-94
-109
-114
-105
-71
-61
-39
-29
47
85
131
213
276
275
221
151
130
17
-18
-44
-82
-105
-125
-153
-156
-129
-110
-67
-41
-33
31
55
57
22
-11
-21
-45
-95
-110
-106
-108
-78
-44
-45
-22
26
67
122
210
283
273
219
169
129
34
-25
-7
-93
-110
-175
-129
-140
-124
-100
-55
-26
-34
34
41
59
39
4
-31
-44
-50
-93
-105
-96
-69
-45
-41
-17
43
71
125
227
291
282
221
147
147
31
-22
-17
-97
-120
-123
-133
-155
-133
-97
-65
-25
-39
13
52
50
22
-9
-21
-19
-86
-125
-115
-108
-79
-43
-44
-26
45
65
134
147
267
279
223
159
131
2
-12
-35
-93
-120
-135
-155
-146
-127
-98
-73
-34
-22
42
51
42
3
-12
-25
-26
-69
-93
-108
-108
-83
-52
-29
-13
35
67
133
145
259
279
244
165
146
18
-29
-41
-107
-125
-123
-137
-152
-135
-102
-59
-47
-19
43
59
51
37
10
-21
-22
-45
-106
-107
-98
-76
-44
-21
-17
29
70
127
179
293
277
229
165
134
39
-21
-48
-85
-110
-128
-137
-140
-140
-94
-59
-29
-33
38
47
41
32
-1
-12
-9
-57
-77
-120
-86
-70
-26
-49
-25
33
70
127
207
265
265
221
151
136
20
-22
-39
-53
-104
-122
-154
-146
-126
-93
-62
-31
-34
39
42
41
22
11
-17
-44
-74
-99
-120
-105
-79
-41
-33
-22
39
67
127
147
249
257
239
171
138
34
-12
-26
-76
-109
-115
-136
-142
-134
-81
-69
-37
-37
34
45
59
52
11
3
-28
-28
-77
-106
-94
-95
-38
-39
-17
35
69
118
143
265
277
231
158
119
27
-7
-45
-41
-108
-125
-143
-153
-127
-80
-55
-37
-29
43
70
57
49
29
-13
-29
-27
-100
-112
-86
-65
-52
-38
-33
36
67
129
123
251
275
244
163
135
51
-22
-29
-31
-105
-122
-142
-151
-122
-110
-76
-35
-24
25
52
59
27
-7
-17
-43
-34
-100
-108
-93
-85
-56
-35
-28
36
52
90
146
239
255
231
180
145
51
-17
-12
-31
-107
-103
-139
-153
-147
-119
-76
-59
-28
19
37
45
39
7
-3
-22
-47
-103
-86
-108
-74
-73
-31
-31
17
41
90
146
233
279
257
180
143
53
9
-25
-17
-85
-117
-129
-144
-130
-117
-95
-45
-45
19
45
37
53
27
4
-26
-22
-87
-78
-108
-72
-57
-37
-25
22
52
90
110
219
263
275
207
148
123
26
-29
-29
-81
-103
-110
-147
-133
-114
-104
-73
-43
-29
53
63
52
26
-9
-19
-27
-38
-93
-94
-97
-61
-28
-39
11
35
65
116
146
253
262
233
155
130
27
-18
-29
-93
-110
-113
-133
-141
-143
-122
-76
-41
-33
26
36
45
27
-9
-17
-38
-44
-93
-110
-107
-65
-59
-37
-37
19
43
115
148
235
249
244
165
134
43
-25
-44
-81
-114
-113
-138
-153
-154
-113
-93
-55
-43
14
52
53
31
7
1
-28
-29
-76
-97
-93
-97
-49
-31
-24
37
58
85
135
223
266
244
207
129
59
2
-31
-29
-103
-108
-133
-152
-134
-110
-76
-64
-44
19
35
63
45
27
-9
-28
-37
-25
-93
-98
-77
-44
-42
-29
27
65
95
149
231
270
273
212
138
139
20
-14
-42
-97
-135
-120
-153
-141
-110
-108
-59
-31
-29
35
42
53
11
-22
-2
-44
-81
-95
-77
-65
-66
-44
-29
25
35
85
145
235
271
255
198
132
67
7
-28
-45
-120
-134
-141
-157
-139
-152
-77
-62
-50
-22
35
34
26
26
-9
-22
-41
-65
-99
-113
-94
-44
-21
-12
20
45
85
127
227
259
245
187
139
135
1
-17
-37
-105
-118
-120
-127
-160
-126
-103
-58
-22
-12
31
39
41
16
-12
-17
-45
-53
-85
-83
-67
-59
-44
-11
52
52
84
137
247
270
275
210
144
122
3
-21
-42
-78
-123
-140
-125
-154
-118
-100
-54
-45
-16
26
47
43
7
-12
-28
-29
-73
-77
-106
-81
-53
-41
-31
29
59
100
131
227
251
255
196
148
123
-7
-27
-39
-100
-127
-138
-140
-155
-140
-100
-61
-29
-13
29
27
26
3
-14
-27
-44
-86
-86
-98
-100
-53
-49
-25
18
52
99
142
243
276
243
210
127
75
-11
-43
-71
-114
-115
-138
-138
-151
-118
-97
-50
-34
-35
26
34
18
2
-8
-29
-44
-79
-86
-86
-76
-61
-33
-26
35
67
105
127
235
276
257
194
134
87
-12
-25
-41
-114
-133
-131
-157
-126
-139
-108
-55
-44
-25
45
35
31
19
6
-14
-41
-61
-76
-70
-75
-42
-44
-16
51
74
100
137
235
276
270
213
133
122
-1
-35
-26
-109
-125
-133
-157
-145
-138
-77
-61
-33
-29
36
42
36
8
-14
-31
-45
-76
-81
-93
-93
-50
-44
-19
18
58
86
123
227
279
245
209
133
90
-17
-41
-45
-119
-118
-140
-154
-154
-120
-97
-59
-33
-29
39
21
9
1
-8
-50
-53
-81
-86
-95
-81
-55
-50
-31
41
47
102
135
223
276
259
196
137
130
7
-17
-22
-109
-106
-120
-140
-134
-126
-93
-44
-31
-37
25
35
24
22
-1
-7
-40
-53
-95
-93
-86
-44
-28
-21
5
35
64
107
212
276
263
223
137
137
19
-18
-45
-109
-110
-141
-122
-135
-126
-78
-43
-38
-29
43
49
21
19
9
-29
-45
-37
-80
-93
-86
-54
-44
-25
31
54
83
135
225
277
263
212
155
129
22
-37
-47
-109
-107
-125
-151
-154
-137
-97
-57
-45
-31
22
9
29
11
-1
-24
-34
-65
-76
-97
-93
-47
-42
-25
14
37
67
135
159
250
261
207
161
123
0
-44
-26
-93
-123
-140
-145
-157
-129
-112
-77
-33
-26
35
26
24
14
-7
-22
-29
-80
-80
-105
-85
-62
-44
-38
19
37
79
116
213
254
247
201
148
137
10
-27
-22
-108
-119
-137
-141
-146
-127
-95
-73
-48
-37
20
36
31
21
-14
-25
-44
-43
-85
-98
-97
-59
-39
-29
20
52
96
137
233
279
279
207
155
143
-6
-29
-33
-93
-119
-127
-137
-157
-125
-93
-50
-29
-21
31
37
17
-2
5
-21
-44
-66
-76
-82
-76
-47
-28
-38
35
37
100
137
229
253
244
198
147
87
-7
-28
-50
-102
-125
-140
-169
-131
-123
-85
-53
-28
-29
27
19
27
-17
-11
-44
-57
-93
-108
-94
-82
-55
-41
-47
18
66
104
139
234
267
240
166
133
37
-14
-39
-100
-110
-128
-140
-154
-140
-109
-77
-44
-39
13
22
19
9
7
-14
-44
-44
-74
-81
-81
-77
-47
-53
-11
36
66
131
143
247
261
211
149
131
22
-21
-29
-93
-119
-136
-145
-146
-122
-85
-49
-21
-25
24
32
22
5
-10
-12
-50
-37
-77
-93
-73
-59
-41
-29
19
42
69
125
231
263
243
197
143
135
-2
-22
-33
-110
-140
-143
-139
-158
-125
-93
-47
-51
-14
43
35
21
10
2
-28
-45
-93
-107
-104
-69
-69
-42
-35
26
43
115
178
243
228
247
175
134
37
-13
-45
-85
-114
-138
-133
-141
-161
-123
-85
-44
-44
-14
29
31
26
5
-26
-37
-59
-97
-108
-108
-93
-45
-22
-12
20
74
129
143
244
261
218
146
149
31
-27
-29
-114
-114
-122
-149
-139
-139
-86
-56
-31
-14
21
34
22
7
-7
-22
-28
-47
-74
-105
-93
-73
-42
-33
20
35
86
133
226
259
245
205
150
133
20
-25
-33
-97
-108
-125
-134
-146
-128
-85
-45
-38
-11
20
35
25
10
-14
-25
-43
-62
-76
-86
-83
-61
-34
-21
33
53
119
147
238
263
219
170
122
64
-18
-28
-78
-109
-125
-140
-149
-140
-119
-72
-29
-29
21
27
27
2
3
-25
-33
-29
-94
-106
-85
-73
-58
-47
-12
21
73
137
147
246
259
190
130
139
8
-14
-33
-109
-126
-125
-162
-156
-136
-108
-39
-44
-27
31
37
25
10
-19
-26
-43
-77
-93
-82
-71
-63
-38
-29
35
61
95
135
244
273
235
166
131
36
-21
-41
-76
-113
-134
-134
-162
-123
-108
-75
-42
-45
19
34
10
10
6
-28
-34
-31
-75
-82
-75
-67
-16
-44
21
54
83
135
209
273
267
213
154
132
17
-25
-29
-87
-109
-133
-146
-140
-137
-73
-41
-49
-13
20
29
21
11
-22
-18
-43
-82
-103
-86
-76
-44
-45
-43
20
52
115
149
239
275
227
186
137
45
3
-37
-54
-95
-140
-139
-158
-141
-117
-41
-42
-33
0
52
22
16
-14
-29
-29
-75
-98
-99
-105
-54
-39
-48
-21
25
70
120
137
251
255
209
154
143
21
-9
-42
-103
-117
-140
-140
-155
-120
-93
-55
-29
-34
18
25
14
6
-9
-22
-44
-78
-79
-66
-77
-59
-41
-28
20
43
100
139
235
255
243
185
123
53
-6
-31
-41
-99
-117
-138
-154
-110
-106
-61
-41
-37
7
39
34
11
9
5
-38
-54
-79
-76
-79
-61
-47
-37
31
52
73
139
135
245
259
227
148
139
21
2
-43
-85
-110
-120
-139
-143
-124
-95
-39
-44
-33
26
35
21
3
-18
-12
-29
-71
-98
-103
-93
-53
-38
-37
16
37
84
147
230
262
259
194
129
86
17
-45
-44
-108
-119
-137
-158
-154
-123
-82
-49
-38
-26
25
14
29
-7
-22
-28
-41
-83
-100
-97
-71
-54
-44
-11
26
75
119
134
248
265
227
155
138
52
-11
-44
-73
-96
-137
-146
-140
-129
-81
-54
-22
-32
18
29
33
21
-14
-22
-44
-41
-93
-85
-76
-55
-44
-37
31
47
83
120
213
256
275
215
148
149
14
-14
-40
-76
-110
