-108
-117
-125
-158
-229
-272
-326
-304
-155
-49
134
335
371
363
244
146
114
-13
-41
-34
4
38
60
72
65
70
56
46
47
73
84
94
89
36
-15
-43
-44
-108
-108
-101
-65
-58
-66
-119
-172
-229
-279
-242
-110
63
276
378
393
359
262
163
116
-7
-18
-2
18
52
87
81
69
59
57
40
49
69
65
75
43
19
-26
-39
-127
-134
-147
-121
-86
-107
-108
-159
-211
-282
-338
-295
-166
-37
122
330
365
319
212
139
-14
-27
-51
-55
-43
-17
22
27
20
-3
-12
-14
-17
-6
14
20
-11
-26
-43
-134
-172
-193
-193
-175
-145
-113
-159
-187
-236
-303
-347
-300
-151
-44
131
314
341
301
211
121
3
-21
-45
-53
-25
20
53
55
58
52
19
29
37
59
55
64
39
9
-28
-44
-108
-121
-119
-102
-74
-66
-102
-128
-202
-267
-303
-261
-78
49
275
393
419
367
276
143
145
11
-17
22
52
79
102
105
98
84
63
58
63
91
85
73
73
25
-28
-37
-43
-117
-101
-82
-75
-55
-96
-135
-189
-268
-307
-261
-108
27
255
365
373
329
235
130
10
-41
-39
-37
14
33
54
43
36
30
17
19
37
33
35
40
30
-33
-61
-117
-151
-178
-187
-158
-122
-156
-168
-213
-267
-332
-375
-300
-142
-35
131
335
337
265
175
131
-35
-39
-35
-49
-39
20
48
26
11
29
13
-7
20
35
51
50
11
-10
-31
-97
-145
-146
-134
-111
-124
-76
-122
-161
-235
-300
-314
-233
-44
117
302
403
383
326
227
131
8
-26
-21
-3
45
78
98
99
63
89
54
77
85
107
101
99
67
42
-15
-44
-44
-106
-108
-76
-62
-67
-97
-146
-229
-274
-298
-187
-42
133
329
407
387
307
199
126
6
-37
-26
14
33
57
67
63
46
31
33
19
35
53
57
41
3
-12
-57
-141
-149
-159
-139
-133
-97
-126
-155
-203
-275
-332
-332
-219
-62
117
287
340
306
230
139
17
-43
-57
-83
-50
-49
19
25
21
21
10
-12
-1
11
19
57
32
-6
-37
-62
-134
-157
-180
-149
-134
-76
-110
-153
-205
-265
-315
-307
-175
-57
135
331
389
341
261
150
129
-25
-33
-43
7
38
66
85
70
62
58
53
62
79
95
95
69
49
-25
-37
-37
-93
-108
-94
-57
-44
-61
-107
-169
-214
-273
-245
-104
-35
247
371
413
386
276
167
131
21
-24
-12
15
55
95
85
84
59
63
39
57
57
79
79
52
7
-26
-44
-108
-129
-139
-111
-108
-98
-115
-161
-204
-266
-319
-282
-121
-40
147
343
357
299
215
137
-9
-47
-44
-44
-33
16
30
29
23
13
-14
-12
5
39
31
11
3
-26
-44
-137
-171
-177
-176
-159
-110
-125
-131
-177
-236
-289
-338
-288
-133
-38
126
330
375
282
195
127
-4
-69
-49
-46
-28
25
55
57
66
39
42
36
38
81
75
59
39
9
-9
-46
-110
-126
-127
-108
-93
-85
-93
-140
-185
-245
-301
-233
-54
116
306
404
402
336
243
130
41
-37
-9
20
52
84
107
91
77
83
72
67
70
89
95
78
59
21
-34
-34
-108
-122
-108
-95
-69
-49
-107
-137
-217
-271
-300
-239
-76
119
287
372
355
293
190
142
-8
-61
-45
-44
-2
41
55
49
32
34
15
-2
11
37
38
34
7
-29
-42
-113
-156
-161
-167
-157
-137
-125
-140
-204
-266
-316
-365
-302
-139
-28
137
335
321
287
170
127
-33
-44
-51
-42
-44
43
46
54
34
23
3
7
15
51
59
54
14
-5
-28
-55
-127
-145
-126
-119
-95
-93
-110
-154
-231
-269
-326
-236
-76
102
294
377
372
325
222
134
20
-26
-14
3
47
67
102
95
90
91
69
66
75
94
97
99
43
19
-9
-44
-44
-93
-102
-76
-55
-49
-94
-108
-185
-261
-288
-209
-76
84
289
379
388
327
222
121
7
-31
-35
-22
25
35
55
65
52
35
23
15
43
52
41
49
31
-8
-44
-61
-140
-139
-140
-124
-108
-77
-126
-162
-233
-296
-343
-287
-133
-42
131
323
337
275
167
125
-25
-41
-107
-49
-49
-32
25
33
27
11
3
-21
10
18
35
26
14
-30
-41
-108
-139
-143
-149
-117
-133
-142
-138
-170
-217
-298
-329
-283
-130
-28
135
350
369
318
229
125
19
-31
-35
-39
2
51
73
81
81
74
38
50
52
87
73
95
68
31
-21
-55
-49
-108
-93
-76
-56
-43
-41
-86
-161
-219
-274
-261
-124
-35
153
363
401
367
307
169
116
5
-28
-41
22
49
83
95
74
66
63
52
46
52
70
63
52
5
-24
-62
-108
-115
-127
-114
-97
-93
-93
-156
-197
-257
-307
-301
-172
-45
138
326
373
329
214
133
15
-28
-45
-63
-43
-30
34
33
34
35
-2
-16
-5
14
30
22
5
-35
-47
-111
-162
-162
-163
-161
-133
-124
-131
-147
-217
-269
-318
-327
-225
-44
117
291
358
315
262
135
47
-29
-45
-50
-45
-24
51
57
56
67
34
27
31
49
65
78
52
23
-6
-41
-46
-107
-108
-111
-76
-54
-70
-108
-141
-204
-273
-300
-199
-45
135
331
419
387
313
217
130
20
-26
-22
16
58
84
116
106
116
55
72
57
70
90
99
81
46
17
-21
-41
-101
-115
-106
-96
-48
-69
-115
-169
-210
-298
-303
-197
-55
125
321
378
343
264
146
101
-22
-28
-40
-57
2
35
57
43
43
10
-9
16
25
58
43
37
1
-21
-48
-131
-154
-157
-165
-145
-129
-117
-145
-195
-265
-334
-367
-279
-97
31
244
347
331
263
158
129
-28
-44
-79
-43
-53
23
52
49
34
7
1
18
23
33
52
36
23
-18
-33
-78
-139
-133
-140
-114
-71
-79
-108
-153
-210
-273
-311
-229
-57
115
298
403
383
313
211
131
3
-31
-39
-6
30
65
111
99
101
69
55
57
68
85
101
111
93
32
-20
-41
-45
-83
-86
-75
-58
-49
-80
-139
-210
-271
-302
-220
-66
122
303
391
371
318
207
116
-11
-59
-57
-45
20
55
83
79
54
26
18
22
27
52
54
55
7
-13
-33
-93
-156
-151
-131
-134
-111
-114
-141
-187
-253
-309
-348
-251
-101
88
266
350
323
245
147
96
-21
-69
-93
-63
-45
-30
26
27
3
-1
-17
-12
-3
24
43
38
-8
-12
-45
-129
-139
-142
-152
-145
-108
-122
-133
-187
-249
-313
-331
-231
-49
112
295
372
355
291
170
135
-29
-43
-34
-28
23
62
95
72
73
71
39
35
65
84
84
83
47
1
-35
-46
-106
-97
-95
-75
-45
-61
-93
-145
-198
-271
-257
-136
-53
126
366
419
382
287
163
121
11
-28
-29
19
41
97
91
84
81
48
30
49
57
74
69
57
57
-31
-41
-121
-135
-152
-122
-108
-75
-98
-150
-199
-253
-316
-308
-169
-43
135
324
363
315
223
122
3
-42
-69
-54
-45
-29
41
35
27
20
-12
-28
-8
7
36
37
19
-7
-38
-113
-143
-159
-172
-156
-139
-124
-140
-175
-229
-270
-348
-313
-177
-34
120
323
345
307
206
125
-3
-19
-60
-47
-47
25
63
57
50
43
39
23
20
54
73
52
50
20
-25
-37
-101
-111
-122
-108
-71
-31
-70
-114
-175
-236
-300
-271
-126
-35
244
383
415
355
251
148
127
-7
-28
11
41
78
99
107
105
62
70
57
58
79
101
89
52
20
-7
-49
-84
-103
-111
-93
-76
-77
-80
-125
-188
-236
-299
-267
-126
-17
148
345
372
315
212
129
-7
-49
-47
-41
-53
25
53
52
51
31
17
1
19
34
52
50
15
-12
-43
-97
-147
-165
-158
-143
-130
-122
-139
-172
-237
-300
-345
-345
-203
-53
126
293
341
296
206
130
-14
-28
-93
-66
-41
-37
35
41
39
26
15
3
9
31
52
33
39
13
-41
-44
-114
-143
-139
-107
-85
-76
-77
-117
-173
-236
-302
-306
-190
-53
127
339
391
355
276
159
119
-12
-49
-44
11
46
78
99
93
75
81
70
64
85
95
100
84
49
20
-31
-47
-50
-80
-94
-66
-64
-54
-69
-129
-206
-272
-293
-202
-35
127
325
391
365
303
195
119
-11
-38
-49
-43
2
54
73
87
39
33
13
30
27
54
61
52
20
-11
-44
-113
-134
-145
-139
-125
-108
-101
-140
-169
-226
-302
-338
-279
-141
-31
167
330
323
273
153
137
-33
-45
-106
-76
-33
-40
27
24
15
1
-10
-21
6
21
27
42
1
-19
-51
-105
-137
-155
-157
-129
-119
-94
-108
-162
-200
-268
-325
-289
-139
-44
116
361
374
326
233
137
8
-31
-30
-27
-7
51
66
84
75
63
48
43
50
75
82
64
52
31
-3
-40
-44
-103
-97
-75
-55
-53
-46
-93
-149
-214
-268
-251
-117
-28
178
369
419
351
276
151
127
-19
-38
-32
5
48
81
84
95
84
52
39
39
65
49
59
37
35
-19
-39
-101
-133
-135
-126
-106
-97
-108
-137
-179
-241
-300
-321
-199
-44
121
302
356
326
241
122
-1
-45
-48
-62
-30
-44
19
36
37
3
-7
-23
-10
5
35
33
34
-27
-53
-113
-153
-154
-167
-149
-140
-78
-129
-172
-204
-254
-329
-334
-223
-53
113
289
338
336
256
151
91
-28
-47
-61
-44
-25
52
63
59
59
51
29
33
49
57
69
48
29
-16
-26
-55
-101
-112
-108
-94
-66
-62
-78
-122
-191
-274
-300
-237
-53
115
313
403
401
350
231
122
31
-25
3
29
52
77
115
106
87
84
65
58
63
49
73
78
49
9
-21
-55
-94
-113
-101
-71
-71
-62
-93
-139
-194
-265
-301
-245
-93
100
262
354
360
305
189
131
-9
-29
-44
-41
-43
25
52
57
36
19
3
-9
1
22
41
27
20
-26
-47
-114
-161
-167
-172
-157
-122
-120
-157
-194
-249
-300
-349
-296
-137
-34
145
343
340
270
169
116
-15
-49
-61
-53
-29
29
29
35
30
22
11
6
19
38
55
45
21
-11
-45
-35
-125
-133
-120
-105
-79
-59
-103
-137
-197
-269
-314
-254
-110
25
270
377
395
329
228
142
31
-23
-30
-25
20
66
81
94
85
84
71
69
61
80
103
95
73
39
-13
51
-47
-107
-98
-73
-57
-46
-93
-141
-203
-265
-296
-236
-47
116
308
394
386
325
209
119
-1
-35
-46
-25
14
50
67
58
57
45
17
20
27
53
67
66
34
-17
-41
-135
-138
-162
-151
-145
-129
-186
-129
-187
-266
-279
-332
-279
-102
27
227
330
331
265
146
116
-34
-39
-93
-72
-53
-38
37
29
14
11
-2
-7
2
22
47
22
11
-23
-44
-113
-140
-156
-166
-140
-110
-108
-122
-176
-225
-296
-321
-254
-65
103
309
373
363
303
186
131
-12
-45
-59
-42
15
67
87
91
61
50
51
52
52
97
86
79
43
5
-21
-65
-108
-103
-101
-71
-55
-61
-81
-142
-201
-266
-268
