171
122
84
65
101
105
121
85
53
9
-24
-37
-44
-45
-47
35
57
79
37
-1
-35
-47
-161
-201
-223
-236
-248
-265
-273
-306
-339
-341
-229
-93
63
131
297
313
276
191
123
54
21
37
78
84
82
50
9
-28
-53
-93
-101
-42
-44
22
55
54
36
-8
-43
-156
-185
-215
-215
-236
-232
-248
-273
-289
-323
-317
-218
-55
116
267
338
351
310
243
179
116
75
94
110
115
119
102
53
19
-17
-29
-28
-6
49
75
105
99
77
23
-23
-43
-133
-162
-175
-182
-189
-201
-232
-247
-286
-271
-162
-48
139
318
368
372
350
239
165
126
138
102
119
126
115
99
49
11
-27
-29
-32
-1
34
81
100
84
52
-2
-41
-133
-175
-204
-200
-204
-236
-259
-281
-302
-343
-317
-203
-41
121
270
313
315
273
180
131
73
34
57
81
95
67
39
7
-29
-47
-95
-74
-56
-49
19
43
47
14
-30
-44
-158
-201
-227
-224
-235
-236
-265
-349
-301
-348
-297
-236
-73
100
243
323
340
286
210
137
137
50
84
104
113
104
79
38
0
-25
-47
-44
-22
31
70
93
98
66
19
-25
-33
-156
-156
-183
-173
-175
-183
-220
-243
-300
-303
-219
-58
114
277
373
391
367
279
193
137
138
121
116
135
68
113
117
47
18
-1
-21
14
47
89
101
105
52
20
-15
-44
-137
-172
-165
-189
-197
-204
-227
-267
-300
-331
-250
-123
-21
130
319
357
323
257
153
126
81
62
81
88
95
62
31
-14
-14
-44
-59
-50
-30
2
49
51
38
19
-31
-102
-168
-209
-215
-223
-226
-225
-253
-285
-307
-365
-337
-230
-61
116
253
303
325
277
191
133
52
41
63
83
87
79
41
10
-21
-43
-44
-57
-45
6
51
70
64
29
-17
-28
-125
-172
-183
-187
-172
-193
-210
-221
-271
-319
-300
-199
-55
119
277
363
381
334
244
162
130
95
105
114
120
131
130
56
32
-12
-22
-9
19
55
97
115
110
84
31
-19
-45
-134
-157
-172
-169
-187
-202
-217
-265
-300
-311
-217
-57
107
279
353
379
335
241
151
129
69
90
91
111
104
77
25
-12
-29
-45
-46
-45
-16
51
65
58
29
-12
-45
-135
-172
-213
-217
-220
-221
-237
-263
-287
-341
-361
-290
-135
-47
139
289
333
303
217
131
121
17
27
57
59
77
47
-2
-24
-41
-43
-85
-57
-45
9
52
66
35
-7
-31
-108
-174
-193
-221
-210
-219
-229
-238
-273
-299
-346
-281
-151
-44
123
325
363
347
282
196
126
126
83
87
113
111
116
65
27
3
-15
-29
3
26
70
98
99
85
33
2
-39
-71
-146
-166
-160
-161
-173
-197
-210
-248
-295
-263
-153
-44
116
329
379
384
329
228
148
126
77
67
114
116
123
73
36
5
-12
-28
-29
12
33
70
78
82
20
-6
-37
-143
-187
-203
-220
-217
-221
-246
-268
-298
-332
-327
-210
-42
115
257
323
330
291
201
131
66
36
52
68
75
77
35
-9
-29
-45
-93
-77
-51
-31
20
43
34
3
-28
-28
-161
-194
-223
-232
-236
-231
-258
-286
-296
-346
-343
-245
-69
106
243
315
343
303
212
133
125
51
79
89
111
101
73
40
11
-18
-25
-42
-5
31
75
97
103
53
21
-26
-39
-140
-159
-172
-178
-182
-204
-221
-239
-282
-312
-208
-61
115
279
361
383
371
286
190
126
126
107
117
130
123
129
90
39
-5
-28
0
9
43
70
100
101
69
26
-20
-44
-141
-168
-183
-185
-190
-211
-237
-257
-300
-314
-253
-106
-12
134
323
347
311
244
151
118
39
54
77
84
84
62
23
-7
-28
-37
-65
-44
-57
32
59
56
27
-28
-54
-141
-169
-213
-222
-237
-237
-243
-269
-286
-331
-364
-325
-179
-44
123
267
311
327
251
164
129
53
39
58
81
79
77
35
8
-31
-29
-38
-37
-31
36
52
75
67
39
-2
-44
-131
-172
-195
-189
-178
-181
-204
-224
-253
-300
-315
-201
-53
118
293
370
387
351
247
173
130
74
105
107
117
116
99
52
25
11
-7
15
36
73
99
115
112
77
26
-17
-45
-118
-156
-167
-173
-177
-199
-239
-250
-302
-305
-230
-76
101
276
349
367
355
269
161
126
57
58
85
97
99
73
38
-5
-35
-44
-42
-29
7
39
66
58
41
15
-23
-61
-173
-217
-217
-225
-209
-209
-231
-271
-309
-348
-342
-227
-54
111
251
308
335
265
187
129
38
26
33
52
46
62
31
0
-33
-45
-46
-57
-51
21
52
85
52
20
-17
-55
-140
-153
-191
-204
-193
-198
-214
-236
-268
-317
-338
-262
-111
35
227
343
379
347
275
177
119
116
75
101
107
107
102
67
41
13
-18
-16
19
48
91
114
122
87
53
-8
-44
-119
-141
-151
-158
-170
-168
-199
-230
-253
-299
-237
-131
-41
129
347
393
385
306
212
131
137
73
95
99
110
105
75
47
2
-28
-28
-12
17
47
81
88
53
15
-27
-44
-157
-189
-205
-210
-215
-227
-240
-270
-310
-341
-333
-205
-45
118
271
322
343
276
187
118
47
31
47
47
62
67
34
-6
-28
-47
-80
-63
-33
-44
34
41
35
21
-37
-45
-165
-201
-230
-242
-213
-212
-236
-264
-302
-351
-352
-253
-77
100
247
325
345
327
223
148
122
47
74
86
91
100
79
36
16
-18
-25
-37
-9
26
78
95
83
62
27
-29
-61
-146
-173
-185
-189
-188
-206
-229
-245
-300
-311
-206
-69
123
303
371
391
359
271
175
131
119
95
113
115
122
119
69
29
5
-26
-27
-18
35
66
95
87
59
31
-10
-49
-161
-185
-202
-204
-204
-218
-242
-269
-321
-359
-284
-147
-37
143
311
340
330
244
146
121
25
33
65
78
70
65
20
1
-31
-49
-70
-44
-43
10
35
52
22
-19
-41
-133
-197
-245
-250
-236
-245
-245
-275
-302
-338
-380
-317
-169
-41
133
293
339
320
250
159
121
52
20
55
69
82
63
35
-9
-34
-44
-47
-46
7
43
81
75
54
15
-23
-44
-129
-165
-174
-195
-198
-201
-221
-237
-275
-319
-279
-139
-59
131
329
374
379
302
215
142
123
63
116
111
119
117
91
67
25
0
-3
11
49
75
98
110
88
41
-5
-44
-109
-155
-171
-179
-197
-207
-222
-258
-297
-311
-261
-101
-13
144
325
359
347
247
163
123
51
58
84
91
95
79
36
6
-25
-42
-39
-45
-35
35
67
47
36
-12
-44
-108
-161
-206
-224
-223
-233
-245
-266
-298
-345
-370
-315
-167
-44
113
276
291
329
221
139
123
20
33
50
53
66
49
27
-12
-37
-70
-58
-44
-28
40
53
71
37
14
-21
-55
-157
-195
-197
-204
-195
-221
-236
-269
-300
-343
-269
-140
-41
133
339
371
367
298
198
138
122
67
101
119
123
119
70
38
17
-8
-15
6
38
75
101
114
119
67
20
-25
-43
-140
-157
-161
-172
-170
-181
-205
-239
-290
-282
-139
-49
122
335
389
389
317
212
143
118
84
99
116
122
109
81
30
7
-27
-27
-19
8
49
77
102
75
40
-26
-54
-153
-197
-201
-198
-202
-204
-234
-261
-300
-347
-341
-220
-57
122
273
325
351
279
196
129
51
22
51
68
73
52
20
-14
-27
-56
-79
-61
-40
-33
25
46
35
25
-27
-41
-149
-195
-229
-227
-199
-217
-204
-264
-284
-344
-346
-243
-105
107
259
337
343
323
231
142
125
53
79
89
103
107
84
51
19
-26
-25
-21
-5
50
83
107
86
53
19
-14
-53
-137
-166
-173
-163
-172
-191
-223
-236
-277
-291
-207
-39
114
290
372
407
374
289
198
135
135
116
115
115
126
126
82
38
-14
-19
-30
3
42
84
98
99
63
31
-15
-58
-133
-173
-195
-199
-188
-200
-197
-242
-284
-329
-289
-156
-46
120
307
343
338
275
181
118
52
53
67
79
79
63
21
-12
-28
-42
-30
-47
-53
26
51
51
27
-12
-44
-126
-184
-201
-210
-206
-213
-222
-242
-268
-311
-357
-342
-234
-63
100
255
308
339
292
189
134
119
35
65
73
89
70
48
11
-13
-29
-44
-33
2
49
83
82
69
35
-12
-44
-111
-145
-167
-158
-173
-173
-185
-218
-263
-283
-282
-183
-44
116
291
359
369
343
245
168
116
125
107
110
121
119
115
69
31
-2
2
-12
27
63
99
116
101
84
31
-12
-36
-126
-153
-166
-169
-158
-173
-195
-225
-273
-300
-253
-117
-38
137
309
356
341
271
175
134
53
47
75
79
84
61
33
5
-19
-43
-44
-37
17
42
59
55
32
-2
-29
-57
-149
-197
-192
-193
-205
-213
-238
-274
-305
-349
-344
-217
-53
117
248
298
319
263
171
131
37
18
39
59
55
52
20
-14
-14
-22
-44
-43
-62
31
51
71
69
25
-28
-44
-140
-159
-172
-186
-172
-174
-197
-204
-235
-269
-300
-252
-119
-26
121
322
343
343
279
187
138
131
67
96
110
109
103
73
35
5
-13
-12
3
40
91
107
116
91
54
9
-29
-47
-109
-141
-140
-140
-135
-156
-186
-211
-270
-289
-233
-79
78
245
345
361
341
267
174
131
84
61
82
86
90
85
39
7
-24
-40
-37
-39
21
47
71
65
34
-18
-37
-93
-147
-158
-178
-173
-177
-182
-209
-243
-285
-318
-331
-236
-83
84
183
306
315
291
199
122
67
17
37
49
47
52
30
5
-17
-42
-81
-85
-45
-49
27
40
40
17
-25
-37
-118
-151
-172
-174
-179
-186
-202
-218
-253
-284
-332
-301
-181
-44
129
294
347
340
290
199
126
119
51
79
85
102
89
69
37
3
-21
-29
-12
20
54
85
97
79
33
-3
-31
-44
-124
-133
-130
-128
-135
-150
-184
-210
-274
-288
-219
-73
90
251
353
384
365
291
210
139
139
84
107
113
114
97
63
23
-7
-41
-33
-7
31
78
81
91
47
10
-21
-44
-133
-159
-169
-181
-181
-183
-221
-253
-279
-319
-315
-198
-46
123
266
323
339
291
192
139
63
25
47
63
69
67
46
3
-29
-45
-81
-69
-54
-37
20
42
23
-13
-44
-76
-150
-182
-181
-192
-194
-170
-204
-245
-271
-307
-331
-303
-173
-33
122
275
324
323
278
180
122
52
36
71
79
95
84
49
23
-21
-33
-29
-27
23
51
83
85
55
20
-17
-39
-58
-137
-141
-145
-169
-167
-189
-223
-263
-298
-277
-157
-42
126
321
374
383
305
212
151
125
90
101
115
117
135
123
71
49
-14
-25
-13
22
71
91
111
95
52
2
-5
-49
-133
-150
-153
-161
-165
-179
-206
-236
-285
-315
-261
-102
-25
121
315
359
325
222
148
122
49
35
67
83
85
64
33
3
-41
-41
-42
-53
-47
41
52
39
18
-12
-43
-123
-165
-189
-200
-205
-204
-221
-243
-286
-315
-348
-313
-214
-50
