-25
-5
39
49
41
21
9
-30
-37
-107
-119
-110
-93
-70
-63
-77
-126
-183
-242
-274
-233
-101
-25
123
298
309
245
190
137
10
-25
-41
-47
-44
3
15
30
31
36
31
30
33
58
42
53
58
20
-3
-29
-42
-93
-85
-65
-43
-51
-53
-97
-146
-220
-250
-206
-73
59
138
297
307
262
189
133
18
-28
-41
-42
-44
-3
12
3
-1
10
1
3
20
54
57
45
34
-5
-37
-45
-109
-121
-112
-94
-69
-74
-97
-147
-202
-247
-299
-222
-76
54
128
286
283
234
139
105
-17
-47
-85
-83
-73
-41
-44
7
3
-14
-29
-34
2
38
43
31
21
-9
-29
-50
-111
-111
-114
-81
-70
-66
-82
-139
-199
-253
-285
-209
-57
84
180
302
307
274
178
126
1
-29
-49
-44
-44
3
20
39
43
38
23
19
43
60
67
51
49
23
-7
-28
-44
-75
-82
-67
-53
-44
-46
-102
-157
-218
-248
-163
-46
121
275
331
325
267
174
126
11
-27
-48
-31
-12
-1
21
20
34
20
15
15
43
51
70
79
51
20
-28
-49
-118
-108
-117
-97
-66
-81
-105
-156
-220
-277
-282
-184
-46
118
248
307
297
222
135
37
-25
-44
-76
-67
-41
-49
-18
14
21
20
-1
-1
10
20
23
22
1
-25
-42
-93
-121
-126
-109
-107
-76
-73
-108
-156
-223
-293
-278
-183
-44
106
247
311
286
227
143
62
-31
-51
-50
-50
-51
-29
20
22
14
19
11
21
45
62
74
84
43
17
-27
-45
-81
-114
-95
-62
-51
-45
-95
-126
-202
-259
-245
-137
-51
126
283
323
311
242
147
123
-6
-37
-37
-33
-2
38
35
37
20
38
31
43
54
71
54
58
35
12
-30
-41
-108
-109
-93
-66
-46
-69
-81
-141
-204
-243
-236
-128
-46
138
291
303
293
214
121
20
-34
-47
-47
-45
-46
-39
17
10
15
-5
-10
19
22
51
51
49
19
-12
-46
-85
-126
-125
-103
-98
-83
-98
-126
-186
-238
-300
-278
-158
-44
131
263
289
270
191
135
8
-42
-53
-79
-57
-43
-46
-1
20
25
20
14
11
36
35
37
23
10
-28
-28
-49
-119
-110
-98
-71
-49
-57
-94
-155
-220
-270
-234
-108
-42
133
295
323
292
196
125
30
-25
-23
-44
-25
-1
20
30
43
34
20
21
39
56
67
85
66
47
20
-28
-33
-53
-78
-62
-44
-44
-53
-31
-133
-204
-236
-247
-129
-55
133
297
325
299
227
126
64
-21
-34
-35
-45
-25
15
18
35
25
25
27
25
34
49
37
25
11
-22
-43
-57
-105
-114
-109
-85
-70
-77
-118
-167
-233
-275
-257
-153
-43
126
259
293
273
180
123
6
-17
-39
-78
-67
-49
-37
-14
1
-6
-11
6
3
9
12
19
19
4
-33
-53
-86
-111
-117
-105
-76
-65
-58
-107
-153
-207
-257
-268
-177
-43
123
243
297
279
225
131
121
-21
-38
-39
-47
-37
-7
29
23
20
15
3
31
33
65
81
67
46
2
-28
-41
-45
-85
-73
-59
-46
-47
-40
-125
-176
-241
-250
-155
-34
130
265
326
329
259
163
128
1
-41
-41
-30
-12
20
30
33
36
35
15
34
36
49
51
41
35
14
-23
-38
-40
-108
-82
-71
-59
-54
-82
-133
-184
-239
-278
-204
-69
87
135
278
293
239
150
126
-17
-34
-55
-63
-41
-33
-7
15
-11
-12
-21
-12
16
25
48
32
-12
-37
-44
-45
-117
-94
-115
-94
-101
-93
-97
-149
-197
-253
-289
-247
-111
-34
126
273
294
251
173
129
-12
-42
-44
-62
-49
-44
-12
21
11
3
3
11
23
55
57
51
43
1
-20
-45
-49
-108
-94
-58
-51
-57
-59
-106
-162
-206
-252
-222
-97
-28
119
291
311
293
215
126
38
-19
-33
-38
-25
9
22
43
37
45
38
25
35
54
67
57
55
25
6
-35
-49
-43
-86
-73
-44
-47
-39
-76
-144
-197
-246
-236
-139
-35
121
259
307
291
212
126
27
-29
-51
-45
-46
-67
-37
6
14
9
-2
5
8
31
28
35
20
4
-25
-39
-48
-81
-120
-106
-97
-76
-76
-125
-171
-222
-271
-293
-197
-45
115
235
282
271
199
124
9
-29
-41
-79
-73
-33
-45
-5
4
3
-12
-15
-10
3
30
51
46
25
-21
-28
-49
-95
-117
-85
-65
-49
-58
-106
-155
-225
-267
-238
-124
-55
136
283
308
283
214
134
33
-17
-44
-45
-49
-29
16
41
21
33
29
25
35
51
79
83
69
51
11
-28
-43
-42
-77
-47
-38
-44
-43
-47
-121
-174
-230
-246
-149
-53
117
275
319
309
243
146
118
-18
-33
-49
-44
-37
25
17
23
17
9
-2
9
22
41
36
31
20
-12
-39
-38
-101
-117
-93
-76
-65
-55
-95
-142
-204
-268
-287
-209
-73
89
159
290
259
233
131
63
-29
-53
-94
-77
-51
-43
-30
3
3
-9
-12
-12
1
17
14
19
3
-17
-28
-45
-94
-86
-105
-93
-65
-66
-78
-126
-175
-233
-275
-219
-97
55
126
289
310
259
173
121
1
-42
-51
-41
-57
-33
18
31
22
25
7
19
34
51
51
53
43
17
-12
-34
-57
-101
-93
-50
-44
-44
-45
-102
-152
-217
-261
-188
-51
103
255
323
323
286
184
112
15
-50
-29
-36
-21
5
31
36
27
25
14
3
33
51
67
53
41
18
-11
-42
-57
-110
-97
-73
-58
-54
-69
-125
-194
-229
-282
-222
-83
0
139
281
289
248
160
126
-12
-46
-71
-74
-49
-42
-38
11
17
7
-10
-12
-11
3
9
3
3
-24
-31
-41
-109
-125
-125
-97
-76
-70
-81
-126
-181
-246
-293
-245
-115
-31
118
276
303
267
165
132
2
-44
-46
-71
-49
-41
9
9
22
15
9
17
21
43
65
45
31
2
-31
-33
-44
-80
-86
-65
-53
-44
-70
-98
-153
-194
-257
-202
-87
-12
133
294
314
290
205
117
20
-31
-42
-44
-33
-1
33
51
57
41
37
31
41
47
51
51
42
31
-12
-33
-44
-65
-93
-73
-58
-51
-28
-55
-141
-195
-257
-262
-157
-39
130
276
315
291
228
121
20
-35
-44
-57
-53
-50
-44
11
9
5
-1
-5
-11
9
31
31
22
1
-23
-41
-65
-108
-118
-117
-93
-65
-81
-123
-174
-233
-286
-293
-172
-42
115
243
282
265
187
129
-5
-37
-50
-79
-49
-44
-41
5
10
1
-6
-6
-6
18
27
22
11
15
-14
-44
-56
-101
-101
-81
-62
-57
-59
-86
-141
-187
-252
-243
-138
-37
119
283
283
295
229
133
46
-19
-45
-53
-49
-21
10
25
35
35
30
15
24
46
66
83
81
51
6
-17
-48
-45
-81
-60
-46
-45
-58
-55
-133
-175
-242
-263
-174
-44
117
273
329
305
235
146
121
-25
-44
-39
-41
-45
-5
15
37
20
3
5
23
22
42
55
36
1
-24
-45
-12
-94
-112
-86
-82
-71
-59
-95
-140
-207
-266
-279
-239
-53
110
212
276
279
227
131
34
-31
-53
-93
-69
-45
-44
-24
0
-14
1
-11
-44
-1
15
20
15
18
-25
-29
-43
-107
-105
-108
-78
-65
-57
-86
-141
-197
-248
-279
-209
-76
90
190
293
290
258
163
121
-10
-41
-44
-59
-46
-19
19
20
11
12
7
-9
27
49
67
67
37
12
-33
-41
-44
-86
-73
-44
-44
-45
-53
-129
-165
-220
-236
-149
-44
126
286
308
313
253
150
121
-11
-25
-44
-31
-14
7
27
43
23
11
15
19
36
38
55
35
29
-2
-28
-44
-87
-78
-86
-55
-42
-47
-83
-140
-195
-271
-262
-172
-64
129
259
311
286
212
126
15
-39
-55
-73
-74
-47
-44
-9
-10
-17
-29
-43
-12
3
39
35
17
-6
-29
-57
-106
-130
-139
-115
-95
-75
-85
-126
-183
-236
-281
-263
-138
-44
120
276
298
265
175
133
6
-47
-48
-67
-44
-49
-1
15
20
12
4
2
20
34
37
38
39
8
-19
-37
-63
-102
-103
-76
-50
-44
-41
-114
-141
-218
-253
-201
-59
102
239
307
325
275
169
119
22
-41
-41
-28
-10
20
27
47
34
22
19
33
34
54
83
93
69
-1
-19
-31
-43
-98
-82
-55
-45
-37
-55
-126
-117
-233
-274
-216
-63
103
229
305
295
259
162
123
-25
-37
-53
-60
-57
-33
20
7
19
3
-12
-12
1
33
30
25
20
-17
-34
-49
-103
-130
-121
-105
-76
-98
-126
-155
-229
-288
-274
-151
-46
123
247
279
251
191
132
1
-41
-44
-79
-65
-37
-42
15
7
2
-17
-11
-9
15
25
30
20
-1
-25
-46
-44
-93
-94
-81
-57
-60
-60
-97
-149
-219
-246
-234
-123
-43
121
287
302
288
205
121
35
-29
-50
-46
-41
-27
21
25
22
22
20
25
31
67
71
81
75
41
-1
-46
-47
-44
-70
-47
-37
-54
-49
-41
-143
-215
-248
-250
-95
19
123
307
321
286
206
126
14
-25
-33
-37
-44
-35
5
30
20
7
14
-2
22
41
23
32
19
-10
-33
-55
-81
-98
-112
-93
-65
-65
-85
-129
-176
-251
-280
-222
-66
78
121
277
270
213
141
98
-29
-45
-74
-77
-49
-76
-40
-12
-25
-12
-28
-28
8
1
34
46
20
-19
-47
-43
-109
-117
-107
-77
-59
-60
-103
-146
-181
-269
-284
-220
-77
95
225
314
303
275
162
126
-16
-37
-42
-48
-43
-14
19
20
19
15
5
6
35
58
51
43
34
8
-30
-32
-47
-85
-81
-53
-45
-44
-47
-125
-165
-220
-230
-135
-31
123
289
321
301
243
149
115
-2
-33
-29
-28
5
23
25
21
21
11
6
17
37
51
79
57
34
-11
-33
-46
-93
-107
-81
-60
-53
-58
-94
-154
-215
-261
-272
-172
-44
115
267
297
279
207
130
15
-33
-49
-80
-66
-42
-51
3
-1
1
-15
-25
-29
-3
23
17
2
-12
-59
-44
-93
-129
-130
-121
-85
-76
-109
-76
-178
-235
-285
-247
-109
-43
134
281
283
243
164
125
-12
-50
-49
-59
-59
-42
3
-1
2
9
2
5
20
29
41
53
31
4
-23
-58
-50
-103
-112
-76
-44
-44
-66
-111
-171
-241
-268
-175
-57
116
265
312
311
266
176
118
-5
-39
-34
-37
-5
15
45
39
27
18
11
17
34
74
90
77
58
21
-12
-44
-39
-82
-76
-65
-50
-45
-76
-137
-204
-268
-253
-156
-49
119
286
331
293
227
83
21
-29
-44
-63
-53
-57
-29
7
3
17
6
-12
-5
19
27
23
15
11
-21
-49
-105
-118
-126
-107
-77
-82
-103
-121
-187
-242
-298
-269
-141
-44
131
267
277
239
164
137
-11
-49
-105
-97
-64
-50
-42
-12
3
-1
-17
-12
-6
35
41
59
35
18
-21
-29
-111
-110
-103
-93
-45
-54
-76
-118
-157
-225
-274
-188
-53
105
248
311
307
248
163
116
-12
-42
-40
-44
-47
11
29
49
35
31
17
23
49
59
53
51
40
15
-12
-36
-45
