-33
-95
-139
-137
-120
-70
-37
-37
5
-9
-33
-63
-193
-240
-253
-258
-229
-213
-199
-201
-227
-255
-293
-254
-156
-44
134
307
357
367
337
246
163
139
83
67
74
86
75
59
26
-19
-39
-107
-108
-105
-66
-38
23
36
30
-1
-42
-133
-183
-199
-187
-191
-161
-153
-151
-173
-194
-220
-222
-125
-44
127
330
395
418
397
313
227
162
131
139
117
120
123
118
84
35
-15
-33
-50
-76
-47
-46
35
67
54
30
-10
-44
-159
-197
-209
-201
-166
-155
-157
-162
-185
-229
-257
-177
-45
119
274
351
391
367
317
223
143
131
71
73
83
91
73
52
0
-37
-49
-133
-122
-109
-66
-45
-44
20
9
-22
-61
-172
-221
-239
-239
-229
-204
-185
-186
-221
-257
-303
-277
-145
-44
126
299
351
351
325
233
146
131
54
54
73
71
74
59
24
-22
-44
-108
-130
-113
-55
-44
-28
10
3
-23
-41
-151
-186
-207
-209
-189
-185
-172
-160
-175
-198
-235
-229
-135
-45
129
330
391
404
377
315
223
147
122
139
119
120
123
108
71
30
-17
-45
-44
-76
-44
-43
43
73
73
27
-15
-44
-140
-172
-176
-177
-155
-135
-142
-153
-186
-217
-236
-169
-45
115
294
379
404
393
327
244
154
133
120
84
98
103
91
63
20
-21
-39
-109
-120
-99
-61
-44
3
20
7
-26
-44
-169
-214
-237
-231
-209
-199
-193
-203
-220
-258
-287
-231
-109
-37
142
307
363
351
303
210
134
131
47
49
57
66
57
30
5
-29
-51
-126
-143
-120
-82
-45
-30
18
3
-33
-49
-169
-211
-233
-221
-210
-189
-185
-175
-203
-229
-259
-241
-123
-65
126
315
363
399
359
281
205
132
127
111
103
113
114
95
65
21
-20
-61
-101
-81
-44
-39
34
52
51
11
-25
-47
-157
-181
-183
-189
-150
-140
-140
-163
-198
-230
-205
-109
-39
131
340
407
415
379
317
191
142
130
120
103
117
118
105
67
20
-18
-44
-110
-102
-61
-61
-17
27
23
-7
-28
-134
-183
-221
-222
-223
-204
-177
-190
-214
-227
-271
-269
-173
-110
122
275
345
359
335
273
187
122
84
55
70
67
71
65
36
-27
-37
-127
-149
-139
-109
-69
-44
-41
-7
-26
-55
-141
-198
-230
-237
-233
-212
-194
-170
-199
-223
-253
-283
-207
-69
87
235
338
369
361
305
230
135
120
89
102
87
99
94
61
23
-17
-43
-102
-105
-59
-53
-36
35
47
20
-13
-33
-139
-179
-191
-194
-177
-157
-154
-166
-179
-221
-237
-167
-39
113
295
388
405
394
335
246
180
127
52
129
52
111
130
117
50
-12
-43
-76
-104
-69
-44
-42
30
45
25
-11
-43
-134
-189
-194
-207
-203
-181
-181
-176
-200
-235
-266
-213
-93
-12
134
340
368
369
327
229
150
147
75
70
83
84
75
57
18
-5
-65
-123
-132
-97
-83
-55
-38
20
-12
-41
-46
-174
-214
-226
-236
-222
-207
-186
-183
-215
-258
-284
-233
-94
-35
120
323
374
367
315
241
155
141
81
86
90
95
99
69
38
-11
-33
-53
-103
-63
-44
-44
30
52
37
0
-34
-39
-172
-178
-181
-181
-155
-135
-133
-154
-175
-210
-190
-73
-17
123
341
404
408
390
315
221
163
123
139
142
129
143
133
125
36
-1
-25
-45
-39
-42
17
52
72
65
26
-21
-44
-140
-170
-167
-172
-151
-125
-123
-111
-165
-209
-214
-157
-50
117
277
359
387
373
320
235
157
127
115
84
79
91
91
51
107
-22
-54
-113
-122
-94
-66
-48
-15
18
1
-21
-44
-145
-185
-218
-215
-202
-165
-168
-158
-185
-222
-268
-241
-140
-39
118
276
327
351
318
206
173
134
117
81
77
85
89
71
37
-7
-34
-44
-111
-93
-59
-37
-43
30
27
9
-25
-47
-144
-171
-186
-161
-140
-119
-117
-125
-155
-193
-214
-166
-53
86
178
341
383
373
339
273
197
141
127
131
117
118
119
103
68
21
-13
-29
-41
-43
-19
22
39
50
54
27
-14
-43
-135
-145
-143
-133
-110
-109
-112
-120
-161
-201
-209
-138
-41
113
283
341
373
351
317
226
157
137
131
91
97
87
66
43
19
-28
-33
-93
-77
-70
-41
-43
1
6
7
-23
-45
-140
-177
-193
-197
-170
-159
-139
-138
-162
-186
-225
-245
-170
-53
109
174
307
323
311
275
180
138
126
52
61
56
57
51
30
1
-33
-49
-102
-85
-71
-44
-43
-10
10
-13
-33
-41
-140
-169
-170
-174
-150
-135
-126
-118
-136
-156
-198
-189
-110
-44
130
273
355
366
353
303
219
148
143
136
109
99
95
78
61
43
5
-38
-44
-44
-37
-7
29
30
30
20
5
-29
-38
-129
-135
-129
-110
-102
-76
-70
-108
-140
-182
-185
-93
-48
126
291
354
370
343
283
199
148
129
115
86
94
99
70
37
3
-29
-31
-98
-84
-61
-45
-48
-7
-5
-10
-28
-44
-145
-175
-177
-187
-157
-140
-135
-141
-169
-201
-235
-226
-138
-41
113
265
309
315
287
215
151
119
49
51
47
39
43
39
-3
-26
-44
-107
-126
-122
-93
-59
-37
-30
-6
-22
-44
-107
-156
-191
-197
-185
-165
-140
-120
-140
-173
-194
-232
-199
-97
-33
129
295
340
351
313
247
175
120
123
96
84
94
100
75
49
3
-29
-44
-33
-57
-42
-30
23
38
43
17
-15
-43
-108
-138
-147
-140
-107
-76
-69
-79
-110
-145
-189
-173
-82
-19
135
311
374
383
347
290
207
149
123
87
90
91
98
78
43
3
-17
-45
-50
-65
-45
-44
-25
33
15
-17
-39
-106
-152
-175
-179
-176
-159
-138
-140
-149
-177
-221
-236
-186
-55
63
129
293
337
317
275
199
123
129
51
43
55
66
49
35
-5
-41
-44
-122
-127
-106
-68
-44
-39
-29
-38
-42
-105
-165
-189
-204
-198
-177
-156
-235
-127
-173
-189
-235
-217
-143
-44
116
254
319
342
313
261
190
139
122
82
87
91
85
78
48
20
-29
-41
-47
-76
-49
-41
-27
19
30
17
-9
-40
-114
-137
-156
-155
-133
-123
-106
-105
-125
-143
-189
-166
-69
-22
134
323
377
379
350
279
199
139
127
127
115
110
118
87
63
35
-19
-45
-74
-69
-49
-44
19
30
34
-12
-28
-37
-143
-170
-173
-163
-152
-144
-135
-150
-172
-210
-231
-176
-60
90
120
308
334
314
275
195
129
116
55
52
59
59
57
34
1
-28
-44
-106
-134
-102
-75
-45
-49
-13
-18
-42
-119
-162
-205
-236
-221
-204
-172
-167
-169
-202
-221
-245
-217
-145
-47
127
271
330
339
307
235
159
150
65
67
77
84
74
57
24
-7
-28
-44
-100
-77
-69
-37
-26
31
21
0
-23
-18
-215
-153
-77
-137
-140
-126
-111
-111
-142
-169
-197
-153
-41
99
251
359
372
376
337
246
169
135
135
125
120
123
134
80
52
11
-26
-46
-44
-51
-46
-19
26
42
34
-1
-30
-79
-141
-174
-169
-153
-133
-118
-137
-155
-177
-219
-209
-127
-44
131
275
328
343
329
251
176
127
84
68
67
72
84
55
27
-6
-39
-45
-114
-113
-94
-50
-45
-45
-7
-28
-44
-118
-172
-217
-219
-209
-119
-172
-178
-184
-215
-252
-253
-182
-61
79
131
299
321
301
253
177
130
83
71
70
90
90
73
38
3
-27
-44
-114
-110
-78
-55
-39
-13
22
3
-12
-39
-137
-172
-185
-204
-159
-141
-127
-157
-193
-201
-220
-177
-61
65
127
338
373
371
325
251
177
129
139
116
119
116
120
94
67
15
-23
-44
-54
-39
-44
-11
36
61
47
20
-22
-44
-127
-151
-169
-157
-133
-120
-127
-168
-177
-231
-193
-98
-41
131
301
355
363
337
265
181
125
132
77
90
89
89
75
35
0
-40
-57
-108
-93
-67
-41
-42
11
11
-23
-44
-133
-172
-202
-214
-204
-174
-165
-167
-179
-207
-237
-248
-190
-44
97
190
299
319
303
254
170
120
63
51
52
59
61
51
18
-13
-41
-79
-118
-117
-78
-49
-44
-31
1
0
-28
-46
-143
-183
-198
-201
-172
-153
-127
-149
-173
-210
-240
-182
-69
81
167
313
371
359
308
239
167
131
118
103
103
116
103
84
59
5
-38
-49
-61
-65
-42
-28
43
59
50
20
-19
-46
-122
-157
-157
-136
-133
-108
-113
-137
-157
-198
-183
-76
-26
127
311
361
369
335
265
190
135
123
105
105
107
115
85
43
9
-38
-48
-93
-93
-65
-41
-44
25
77
0
-12
-177
-183
-197
-197
-184
-172
-157
-159
-173
-193
-236
-238
-172
-45
105
212
304
327
308
251
169
129
58
59
61
53
57
48
21
-27
-35
-108
-135
-126
-105
-73
-45
-47
-9
-11
-33
-108
-161
-187
-205
-203
-173
-163
-153
-159
-181
-221
-241
-195
-57
43
136
315
337
341
299
231
137
110
97
86
100
100
90
79
34
-5
-12
-41
-81
-66
-22
-35
-21
48
52
15
-23
-45
-148
-157
-161
-157
-125
-111
-117
-138
-159
-188
-177
-71
-29
133
314
399
393
347
289
211
145
139
135
123
116
116
84
52
19
-22
-47
-72
-71
-45
-44
-11
27
26
0
-25
-48
-155
-189
-195
-182
-170
-155
-141
-168
-189
-270
-277
-184
-47
74
179
308
339
317
265
184
129
111
59
55
59
67
52
26
-15
-44
-83
-123
-114
-108
-82
-49
-37
-29
-29
-40
-53
-167
-191
-207
-219
-203
-177
-151
-165
-179
-201
-243
-222
-138
-42
129
271
323
337
305
230
159
129
81
74
73
84
95
69
37
1
-48
-44
-82
-75
-57
-45
-21
33
35
7
-25
-37
-138
-157
-162
-166
-102
-115
-108
-122
-151
-204
-190
-140
-44
119
275
339
371
361
311
247
170
129
129
129
118
114
116
75
49
10
-29
-44
-44
-47
-53
-31
20
31
10
-14
-41
-119
-167
-162
-177
-155
-133
-126
-141
-167
-199
-215
-181
-74
-30
120
295
327
331
293
226
148
141
53
61
69
69
69
25
3
-28
-17
-29
-191
-152
-71
-54
-137
-67
-76
-39
-42
-22
-172
-209
-223
-218
-189
-162
-167
-165
-198
-239
-253
-199
-67
36
130
286
318
339
275
159
127
209
55
59
63
67
57
41
1
-35
-44
-103
-99
-71
-43
-41
-12
13
17
-21
-48
-123
-162
-174
-171
-154
-134
-127
-125
-141
-189
-224
-136
-74
-61
102
311
363
379
337
273
186
135
129
126
99
110
116
97
63
25
-14
-37
-44
-15
-35
-19
25
38
36
13
-27
-41
-120
-163
-171
-172
-151
-120
-110
-123
-155
-189
-204
-140
-54
116
244
318
341
326
274
197
127
135
66
71
67
69
63
42
0
-33
-38
-117
-107
-80
-54
-45
-29
5
-18
-38
-108
-160
-199
-209
-204
-204
-172
-163
-172
-177
-210
-254
-221
-111
-45
118
261
301
306
259
195
131
129
58
63
25
79
55
29
7
-25
-105
-105
-115
-108
-70
7
-44
0
3
-26
-33
-129
-171
-191
-194
-175
