-123
-161
-205
-235
-255
-242
-253
-226
-203
-152
-140
-157
-137
-30
134
319
405
379
315
271
257
197
148
147
117
115
130
86
37
-7
-13
-12
-30
-79
-93
-76
-97
-94
-127
-172
-201
-211
-237
-233
-235
-190
-154
-117
-117
-127
-39
111
290
404
404
362
309
276
238
167
139
146
153
148
132
62
25
9
-9
-22
-31
-76
-93
-57
-63
-85
-125
-165
-189
-209
-215
-231
-199
-173
-136
-130
-108
-80
-34
143
367
419
395
335
310
251
199
155
137
143
131
153
79
34
27
5
-23
-37
-54
-111
-98
-93
-87
-126
-182
-205
-221
-241
-248
-236
-194
-168
-135
-141
-133
-81
-39
139
371
387
350
283
259
235
153
142
95
109
121
99
36
-11
-10
-28
-24
-70
-119
-115
-99
-108
-128
-153
-191
-230
-233
-253
-254
-212
-193
-149
-133
-141
-133
-17
117
334
404
383
317
271
265
195
145
149
101
138
119
78
36
-10
-14
-12
-23
-127
-108
-79
-93
-79
-117
-145
-193
-217
-239
-242
-223
-183
-146
-123
-108
-107
-44
83
289
409
419
366
318
299
245
192
139
134
139
148
152
55
36
-6
10
-24
-43
-103
-95
-78
-76
-85
-143
-175
-191
-221
-231
-221
-199
-149
-127
-114
-127
-105
-18
154
350
419
372
313
286
247
191
139
128
113
130
122
69
23
-12
-9
-29
-35
-95
-127
-109
-93
-113
-129
-183
-208
-227
-257
-237
-248
-217
-167
-143
-141
-149
-70
87
259
393
379
308
267
259
213
145
147
106
114
133
89
41
-1
-11
-27
-39
-34
-108
-97
-103
-75
-118
-163
-183
-207
-213
-232
-232
-206
-156
-143
-120
-128
-86
-44
142
377
419
375
319
292
251
182
143
141
133
131
148
68
34
15
3
-1
-15
-27
-85
-73
-69
-60
-99
-141
-171
-198
-210
-225
-197
-175
-135
-117
-126
-114
-29
131
320
419
415
340
297
272
218
171
149
133
112
141
103
37
15
-5
-6
-29
-42
-107
-76
-82
-71
-126
-167
-187
-204
-225
-230
-222
-211
-171
-151
-129
-143
-115
-21
148
357
403
359
289
273
230
179
147
75
84
121
84
39
-2
-18
-23
-21
-66
-125
-42
-114
-102
-117
-140
-186
-192
-239
-235
-245
-226
-185
-151
-118
-127
-140
-43
126
303
403
390
331
275
267
212
138
141
99
110
139
84
37
-2
-6
3
-21
-28
-109
-101
-73
-73
-101
-145
-178
-197
-200
-220
-220
-194
-154
-124
-129
-138
-76
-11
166
405
419
382
329
307
251
187
148
147
138
137
146
67
25
20
-7
-12
-39
-29
-94
-69
-69
-94
-125
-156
-185
-209
-138
-204
-193
-214
-179
-138
-117
-111
-41
131
343
419
403
337
278
259
199
142
130
95
116
126
69
20
-5
-9
-11
-21
-87
-119
-110
-93
-93
-111
-155
-188
-205
-220
-231
-222
-211
-167
-146
-141
-155
-77
-28
151
387
403
343
293
271
211
143
131
75
94
107
95
22
-12
-19
-26
-34
-57
-110
-120
-83
-69
-104
-137
-173
-183
-199
-234
-207
-204
-172
-122
-110
-120
-125
-18
142
323
411
385
340
283
263
195
151
143
97
127
135
89
34
6
-12
-14
-29
-27
-81
-85
-71
-53
-103
-122
-169
-178
-195
-192
-191
-157
-127
-98
-103
-105
-44
57
262
395
419
372
311
276
244
175
144
110
117
136
109
58
7
2
-3
-12
-27
-95
-113
-76
-61
-103
-141
-168
-204
-218
-231
-214
-197
-173
-128
-121
-138
-128
-26
127
342
388
373
323
275
229
186
155
75
83
94
89
51
-12
-13
-31
-30
-59
-117
-123
-131
-108
-98
-134
-155
-193
-236
-236
-237
-217
-191
-158
-120
-114
-135
-75
-12
190
379
399
323
291
249
195
155
138
87
103
109
84
36
-5
-14
-14
-21
-29
-96
-110
-85
-77
-109
-139
-166
-202
-204
-210
-206
-193
-153
-101
-78
-108
-76
-34
153
371
419
377
321
289
259
183
130
89
107
113
105
52
14
3
-11
-12
-28
-42
-99
-78
-79
-78
-106
-143
-175
-205
-204
-223
-199
-166
-134
-108
-101
-102
-17
126
310
411
395
340
278
261
210
139
125
99
88
116
73
15
3
-18
-16
-28
-96
-121
-81
-98
-101
-135
-171
-204
-209
-236
-236
-217
-182
-149
-117
-117
-130
-47
116
289
373
391
331
267
242
183
145
99
74
85
107
69
14
-26
-47
-12
-33
-95
-117
-112
-97
-105
-117
-155
-199
-226
-238
-240
-217
-199
-169
-130
-112
-114
-65
52
279
403
409
346
294
267
211
145
141
99
113
130
91
47
16
-7
-6
-28
-21
-82
-101
-76
-76
-98
-141
-181
-194
-204
-207
-205
-173
-143
-108
-85
-102
-60
-23
148
395
419
386
314
286
247
185
149
143
116
150
122
73
13
-5
-1
3
-23
-76
-93
-82
-85
-98
-140
-165
-205
-217
-239
-227
-215
-174
-135
-126
-129
-102
-24
142
355
409
362
313
267
221
165
144
91
113
127
91
57
3
-12
-39
-25
-38
-117
-131
-121
-106
-113
-145
-188
-221
-241
-243
-268
-237
-214
-172
-147
-140
-125
-38
125
303
374
355
319
267
240
178
149
102
90
103
115
81
17
-1
-11
-13
-29
-94
-119
-112
-82
-101
-123
-161
-204
-219
-236
-236
-235
-189
-150
-120
-135
-122
-39
127
305
413
395
340
291
263
210
148
139
136
128
151
129
35
15
14
5
-17
-23
-97
-103
-81
-75
-98
-135
-192
-188
-222
-225
-213
-201
-150
-109
-108
-118
-69
-29
139
371
409
373
310
286
257
182
134
151
113
135
122
62
11
-5
-1
-17
-27
-102
-104
-93
-85
-95
-139
-178
-203
-220
-252
-254
-225
-186
-158
-136
-157
-125
-29
143
335
379
346
308
265
235
161
138
94
90
125
115
57
10
-9
-14
-25
-39
-110
-121
-119
-108
-108
-143
-181
-204
-236
-247
-251
-243
-204
-167
-141
-134
-137
-40
125
283
391
385
339
295
259
215
163
146
122
133
135
99
52
9
5
-18
-23
-13
-97
-102
-76
-81
-106
-147
-181
-227
-225
-237
-204
-201
-159
-127
-123
-110
-44
97
278
389
419
374
325
297
247
180
136
136
143
133
126
55
2
-14
4
-33
-41
-114
-105
-77
-76
-95
-123
-175
-205
-223
-211
-234
-204
-172
-144
-140
-133
-79
-18
147
369
378
355
301
262
214
147
139
107
109
133
105
46
-5
-17
-22
-29
-37
-106
-113
-115
-95
-113
-143
-189
-214
-237
-262
-237
-223
-192
-156
-157
-174
-110
-32
135
305
375
371
309
258
219
164
145
99
90
121
116
67
19
-17
-25
-25
-35
-103
-111
-108
-76
-86
-103
-159
-193
-223
-236
-245
-219
-197
-155
-125
-129
-127
-28
141
329
415
401
342
310
260
212
151
143
133
135
129
81
26
1
-9
-9
-29
-65
-98
-111
-78
-86
-119
-154
-183
-205
-221
-236
-206
-174
-140
-121
-109
-105
-48
81
242
401
417
375
323
295
231
171
151
131
119
131
109
47
3
-11
-12
-13
-29
-94
-117
-81
-76
-78
-124
-179
-206
-235
-233
-230
-205
-173
-145
-119
-144
-103
-28
148
337
404
374
326
275
219
159
133
84
91
97
99
35
3
6
-23
-27
-67
-127
-139
-139
-108
-121
-155
-185
-219
-237
-259
-244
-218
-199
-158
-136
-129
-122
-37
115
286
385
391
343
291
273
211
143
148
95
116
117
95
37
4
-9
-17
-34
-77
-115
-107
-93
-95
-121
-138
-175
-202
-225
-233
-204
-178
-141
-115
-105
-101
-85
-35
126
367
419
375
321
281
257
187
148
142
125
129
123
71
31
1
-12
-22
-29
-85
-83
-97
-81
-83
-117
-161
-201
-201
-202
-214
-195
-161
-140
-124
-125
-109
-30
133
335
407
387
340
281
246
178
143
123
102
111
107
59
18
-17
-18
-33
-34
-93
-112
-122
-106
-102
-120
-161
-201
-215
-236
-239
-219
-215
-172
-150
-140
-142
-71
-12
139
356
374
339
285
235
189
146
142
75
90
97
83
23
-5
-21
-34
-30
-93
-121
-122
-108
-108
-125
-149
-189
-221
-236
-246
-245
-203
-173
-146
-125
-135
-79
-26
131
354
402
369
317
269
226
161
153
120
91
119
88
55
13
-7
-13
-26
-41
-75
-107
-81
-76
-104
-137
-158
-195
-204
-215
-231
-194
-172
-126
-105
-108
-105
-28
130
299
397
401
351
306
251
211
135
153
99
115
116
83
31
-12
-18
-29
-40
-98
-108
-118
-97
-97
-117
-147
-189
-209
-245
-238
-223
-199
-167
-141
-127
-140
-71
-22
151
379
404
350
289
251
217
149
126
79
82
90
78
15
-17
-33
-14
-33
-95
-133
-139
-124
-113
-140
-165
-204
-221
-230
-258
-251
-221
-184
-160
-140
-139
-121
-19
137
312
391
383
308
274
237
180
149
142
95
113
116
59
9
-12
-13
-23
-45
-78
-108
-104
-81
-81
-114
-146
-198
-197
-220
-223
-213
-181
-140
-118
-109
-107
-33
102
305
389
419
372
315
275
234
165
138
133
131
137
133
66
35
1
-10
-13
-44
-76
-93
-66
-71
-85
-123
-166
-186
-219
-206
-209
-166
-140
-122
-108
-114
-79
-28
146
377
419
391
319
294
239
181
135
135
119
117
111
52
17
-7
-7
-18
-34
-78
-108
-109
-86
-94
-129
-171
-198
-217
-236
-229
-215
-199
-152
-129
-141
-138
-61
35
219
363
371
318
281
243
212
139
139
84
111
83
67
19
-26
-26
-29
-40
-106
-131
-119
-119
-105
-117
-159
-183
-208
-236
-238
-229
-213
-172
-146
-139
-143
-101
-25
134
355
395
375
318
283
233
187
153
126
99
115
110
50
15
-12
-15
-18
-29
-98
-117
-109
-95
-93
-120
-150
-175
-198
-215
-203
-194
-175
-145
-109
-119
-133
-41
87
265
378
387
342
289
246
197
153
143
88
110
104
84
31
9
-15
3
-32
-39
-107
-107
-94
-99
-112
-133
-166
-191
-207
-222
-206
-182
-166
-135
-123
-140
-83
-32
148
326
385
355
304
282
239
179
142
84
98
113
99
47
7
5
-27
-33
-39
-109
-126
-107
-107
-99
-133
-183
-209
-214
-242
-237
-217
-202
-157
-129
-153
-138
-54
107
287
402
377
329
287
241
207
139
144
91
117
121
79
22
-7
-9
-12
-33
-27
-99
-85
-75
-81
-93
-134
-166
-177
-202
-206
-209
-181
-154
-115
-103
-122
-69
-25
148
372
410
391
327
293
255
179
139
142
148
144
155
61
33
13
-1
-5
-13
-34
-93
-60
-76
-70
-113
-142
-171
-183
-205
-210
-186
-171
-137
-113
-108
-100
-35
151
333
419
386
327
291
263
211
146
139
114
116
116
85
7
-21
-9
-5
-17
-32
-109
-101
-86
-86
-102
-137
-181
-204
-219
-235
-210
-182
-172
-133
-124
-141
-86
-13
146
354
381
338
279
255
214
148
131
67
91
103
71
31
-13
-28
-24
-28
-69
-109
-140
-98
-104
-113
-133
-177
-195
-236
-233
-234
-217
-172
-140
-111
-123
-114
-22
129
321
385
371
315
282
245
198
138
133
102
121
127
71
25
