378
457
490
495
390
245
152
126
35
49
15
-12
-41
-21
-33
-30
-47
-58
-42
-41
22
-6
-22
-38
-142
-203
-220
-256
-264
-268
-252
-284
-364
-382
-249
-55
118
394
491
498
509
419
283
162
116
99
59
51
23
-13
-27
17
-12
-23
-55
-38
-44
17
35
0
-41
-61
-172
-236
-249
-268
-281
-268
-289
-360
-394
-284
-77
123
372
471
511
496
419
287
142
127
52
34
20
21
-26
-40
-33
-47
-53
-65
-81
-53
-42
-11
-38
-50
-145
-202
-248
-262
-297
-297
-301
-293
-349
-434
-345
-138
-15
308
411
471
483
419
290
181
134
33
33
33
-5
-43
-27
-44
-44
-41
-73
-93
-73
-37
-49
-9
-28
-55
-174
-237
-268
-295
-299
-297
-298
-320
-382
-358
-204
-58
276
419
495
491
481
378
244
123
116
57
46
31
-1
7
-22
-33
-27
-44
-41
-43
-24
30
20
-13
-53
-134
-225
-206
-249
-250
-241
-274
-297
-369
-364
-172
-44
254
419
500
515
485
419
266
167
112
52
64
53
3
-6
-12
-12
-33
-50
-49
-50
-30
-45
11
-13
-41
-102
-204
-253
-284
-294
-287
-289
-309
-385
-396
-263
-57
127
374
485
483
479
406
267
139
131
29
20
20
-12
-33
-49
-55
-33
-43
-73
-81
-53
-31
-38
-49
-53
-141
-211
-246
-285
-289
-299
-294
-314
-369
-429
-301
-76
118
358
419
482
480
419
263
155
116
53
45
27
-17
-28
-38
-22
-44
-44
-50
-69
-43
-41
14
-9
-23
-42
-189
-253
-269
-273
-273
-268
-294
-349
-403
-300
-85
116
374
490
518
503
477
310
191
131
106
63
52
36
14
1
1
-25
-25
-47
-33
-44
2
35
10
-11
-46
-153
-190
-240
-262
-289
-253
-273
-322
-390
-329
-141
18
322
449
501
493
469
339
215
123
118
41
46
37
-23
-17
-29
-44
-34
-43
-74
-38
-50
-2
-21
-21
-93
-172
-223
-265
-290
-294
-293
-291
-364
-418
-374
-205
-66
259
419
475
483
459
347
210
138
45
20
20
2
-11
-49
-44
-55
-45
-77
-85
-103
-56
-51
37
-41
-71
-184
-235
-275
-309
-307
-289
-282
-321
-398
-392
-199
-44
293
395
488
507
483
378
229
118
114
65
40
38
3
-13
-26
-11
-39
-46
-55
-60
-53
36
26
-38
-53
-141
-191
-251
-264
-270
-275
-266
-300
-390
-357
-198
-63
277
419
506
515
527
419
276
164
108
120
79
54
19
-12
-9
-21
-28
-30
-69
-49
-18
19
-6
-37
-29
-150
-204
-249
-269
-294
-293
-284
-313
-388
-396
-221
-39
134
406
496
504
491
398
233
149
127
34
45
14
3
-31
-44
-66
-58
-69
-95
-76
-54
-44
-38
-43
-66
-179
-252
-283
-334
-322
-303
-320
-329
-414
-408
-221
-41
149
406
469
504
477
370
235
131
132
39
25
21
-19
-45
-59
-45
-42
-94
-74
-59
-37
9
-6
-25
-37
-172
-220
-278
-305
-311
-283
-285
-332
-397
-362
-157
-25
308
467
527
527
498
369
239
139
130
58
57
52
-3
-17
-18
-17
-38
-31
-34
-76
10
43
15
-28
-56
-172
-221
-250
-295
-277
-279
-273
-331
-385
-318
-114
106
343
484
539
527
488
363
239
143
133
72
71
33
-13
-37
-27
-39
-57
-44
-64
-71
-39
9
-26
-44
-160
-199
-260
-294
-302
-314
-258
-309
-372
-410
-313
-97
106
343
465
514
503
467
302
179
118
55
37
25
-9
-32
-47
-55
-51
-85
-106
-106
-71
-59
-28
-33
-50
-155
-233
-277
-307
-329
-329
-317
-332
-374
-414
-316
-108
116
374
469
507
513
459
322
195
116
122
37
49
21
-14
-19
-27
-49
-61
-46
-54
-41
-12
-9
-28
-65
-138
-204
-249
-270
-289
-292
-273
-309
-384
-390
-239
-44
131
419
518
542
539
465
308
210
127
145
79
64
20
-5
-14
-35
-15
-34
-41
-60
-28
26
33
-12
-57
-134
-191
-245
-293
-301
-290
-281
-318
-406
-398
-236
-44
116
419
513
531
523
419
291
162
128
61
65
31
3
-17
-30
-55
-44
-57
-81
-58
-51
-43
-21
-41
-108
-157
-225
-279
-297
-317
-327
-311
-345
-430
-405
-245
-49
123
397
487
511
484
386
225
137
118
51
41
15
-23
-56
-53
-59
-44
-79
-83
-82
-49
-27
-12
-37
-44
-170
-220
-274
-300
-307
-309
-298
-325
-411
-396
-204
-61
298
451
521
527
507
403
258
142
121
63
57
52
-1
-7
-33
-18
-30
-46
-45
-44
-47
36
20
11
-44
-149
-182
-255
-273
-275
-285
-279
-303
-374
-374
-172
-29
308
465
543
551
525
419
221
162
131
105
65
52
-9
-26
-31
-21
-53
-44
-57
-59
-59
17
5
-40
-44
-164
-220
-265
-284
-300
-289
-306
-336
-427
-377
-206
-57
293
446
495
527
491
373
271
143
135
36
52
-1
-17
-37
-41
-43
-51
-99
-80
-55
-53
-41
-17
-44
-122
-188
-278
-300
-317
-341
-327
-323
-343
-455
-385
-198
-49
302
419
500
507
487
369
229
146
114
35
30
22
-27
-26
-29
-32
-51
-43
-65
-65
-59
15
2
-28
-57
-172
-225
-272
-302
-294
-295
-296
-319
-398
-361
-190
-44
315
449
529
553
518
406
251
162
130
100
52
39
20
-9
-5
-16
-6
-30
-27
-41
1
19
22
-7
-42
-144
-201
-241
-267
-287
-293
-260
-328
-409
-353
-176
-29
334
459
514
534
504
385
229
138
116
54
39
27
-11
-46
-45
-33
-49
-53
-60
-76
-42
6
0
-15
-75
-213
-239
-282
-327
-335
-320
-305
-353
-449
-387
-172
-43
308
451
501
527
491
341
219
129
110
22
21
5
-27
-47
-59
-27
-81
-97
-99
-76
-58
-53
-15
-45
-54
-172
-251
-291
-300
-344
-317
-303
-350
-438
-378
-197
-44
286
453
511
531
515
387
257
158
123
81
51
51
-11
-30
-32
-28
-33
-44
-55
-44
-31
14
-8
-41
-67
-164
-205
-268
-275
-285
-283
-274
-295
-384
-374
-185
-51
308
459
538
563
535
401
259
158
133
116
71
53
11
-22
-12
-10
-51
-47
-30
-31
-43
37
20
-31
-43
-142
-209
-253
-283
-304
-332
-282
-319
-410
-405
-232
-29
159
411
500
515
506
419
249
148
118
57
47
5
-21
-38
-57
-33
-44
-60
-72
-82
-59
-44
-13
-30
-33
-167
-236
-268
-301
-337
-319
-315
-332
-410
-431
-282
-55
134
401
495
515
511
411
266
147
116
42
17
7
-31
-37
-55
-24
-31
-94
-87
-49
-44
-44
15
-13
-44
-157
-213
-268
-296
-329
-300
-300
-306
-377
-409
-263
-44
118
419
500
534
529
447
306
166
127
116
51
42
14
-22
-30
-30
-35
-43
-60
-35
-33
21
46
8
-37
-67
-181
-245
-266
-296
-273
-285
-289
-381
-396
-236
-45
122
418
511
551
555
469
311
175
121
103
65
31
9
-31
-42
-23
-54
-37
-49
-74
-63
-41
6
-12
-43
-153
-210
-263
-281
-315
-310
-299
-305
-373
-441
-303
-75
118
389
487
527
523
455
301
175
116
25
11
19
-1
-44
-51
-49
-61
-94
-108
-101
-69
-54
-41
-30
-38
-139
-227
-285
-297
-336
-331
-296
-317
-390
-441
-309
-93
116
387
484
523
527
475
321
175
145
56
52
46
7
-29
-54
-53
-46
-47
-53
-69
-57
-37
24
-1
-45
-118
-179
-221
-274
-302
-303
-284
-283
-350
-402
-285
-69
127
406
511
564
539
494
353
198
134
121
67
57
21
-18
-25
-21
-21
-43
-21
-56
-42
14
23
14
-45
-57
-186
-249
-261
-300
-320
-297
-310
-357
-398
-263
-41
139
419
511
538
503
467
308
148
131
63
31
26
-19
-42
-44
-41
-55
-63
-83
-78
-46
-62
10
-29
-75
-167
-213
-254
-295
-343
-337
-237
-310
-409
-433
-297
-76
126
382
471
507
501
419
278
157
118
43
20
26
-21
-42
-58
-43
-50
-76
-97
-79
-66
-46
-2
-28
-49
-129
-212
-280
-304
-332
-332
-322
-332
-412
-406
-236
-49
118
455
523
549
537
459
277
147
114
51
52
27
-5
-49
-44
-28
-55
-45
-44
-64
-49
26
62
2
-34
-118
-171
-231
-289
-297
-295
-271
-315
-412
-390
-182
-41
337
469
553
549
558
419
302
149
138
74
57
39
9
-29
-19
-28
-40
-50
-34
-71
-42
-1
5
-25
-63
-139
-205
-290
-329
-345
-329
-310
-351
-423
-390
-190
-54
319
458
534
536
510
377
245
131
123
45
25
-3
-28
-38
-44
-42
-73
-72
-110
-68
-63
-48
-15
-41
-65
-197
-268
-319
-331
-349
-333
-334
-374
-447
-379
-194
-37
327
466
532
531
495
379
217
129
126
43
36
3
-19
-58
-49
-54
-38
-94
-76
-66
-49
-26
-12
-16
-53
-166
-221
-268
-340
-343
-323
-307
-352
-420
-339
-130
116
371
503
551
579
518
393
235
151
118
59
70
30
-12
-30
-18
-17
-48
-41
-58
-41
-10
21
-1
-25
-46
-172
-242
-285
-299
-319
-301
-319
-379
-425
-315
-77
110
417
528
554
535
516
339
195
132
101
55
52
14
-39
-34
-53
-60
-50
-93
-85
-61
-55
-1
-12
-31
-140
-221
-287
-306
-337
-345
-325
-334
-396
-447
-309
-83
126
381
510
521
532
474
315
151
118
39
30
6
-25
-32
-58
-44
-75
-94
-102
-98
-63
-45
-44
-13
-44
-140
-241
-274
-305
-327
-343
-327
-325
-405
-421
-303
-53
128
419
532
563
565
503
323
179
123
114
68
37
19
-33
-44
-49
-62
-45
-51
-64
-47
-31
40
14
-35
-75
-172
-255
-275
-307
-304
-282
-286
-364
-392
-285
-63
143
459
563
599
595
529
366
239
149
127
94
69
34
-28
-12
-13
-28
-44
-45
-60
-33
15
35
-12
-28
-57
-205
-262
-300
-327
-327
-273
-307
-377
-412
-278
-44
116
457
563
587
579
504
343
179
127
116
38
34
-10
-33
-21
-53
-29
-48
-97
-58
-53
-46
20
-24
-46
-143
-236
-269
-321
-334
-341
-315
-341
-389
-408
-254
-43
183
479
547
578
573
469
305
171
131
47
41
35
2
-50
-57
-39
-44
-85
-97
-59
-47
-29
3
-25
-57
-154
-213
-265
-309
-321
-301
-277
-302
-377
-393
-225
-54
297
491
595
607
601
491
327
195
124
106
69
46
-8
-25
-41
-42
-29
-50
-44
-47
-49
15
14
-12
-43
-123
-201
-268
-285
-297
-274
-281
-282
-361
-373
-221
-53
295
496
579
599
587
514
339
207
110
135
61
27
-9
-34
-47
-53
-33
-61
-37
-46
-56
-8
-6
-15
-45
-157
-229
-273
-297
-319
-325
-287
-323
-402
-349
-187
-29
339
500
567
591
545
419
274
161
110
31
11
-9
-27
-43
-39
-67
-80
-81
-69
-82
-49
-50
-1
-25
-49
-183
-236
-287
-325
-332
-317
-306
-332
-397
-363
-182
-28
351
500
564
591
560
445
276
159
131
49
35
4
-29
-43
-47
-41
-53
-74
-47
-55
-55
29
33
-28
-50
-172
-225
-245
-294
-299
-285
-281
-295
-380
-342
-156
-17
349
531
603
603
564
482
299
187
123
123
63
73
-13
-27
