-75
-105
-111
-130
-97
-43
-17
84
111
121
135
138
148
142
70
51
13
24
4
-22
-30
-33
-11
25
26
26
31
25
30
37
15
-7
2
-12
-19
-10
-27
-28
-17
-70
-82
-129
-107
-44
-44
87
114
138
147
147
130
165
115
55
20
3
-9
-15
-21
-13
-3
20
20
25
27
28
37
21
21
3
-28
-14
-1
-28
-22
-2
-70
-79
-108
-137
-123
-63
-28
52
103
114
116
158
143
135
93
65
21
21
-23
-28
-18
-28
-31
-24
17
15
38
32
15
20
10
21
-28
-14
-15
-22
-30
-17
-74
-83
-103
-125
-121
-63
-12
53
110
131
116
137
139
131
93
65
27
3
-16
-22
-23
-21
-18
1
17
20
52
23
35
9
1
5
11
-7
-17
-13
-29
-27
-28
-74
-93
-115
-111
-59
-31
54
107
117
129
143
149
148
131
107
47
18
8
-18
-15
-17
-2
23
27
39
26
27
36
27
10
-5
-30
-6
-11
-12
-14
-43
-12
-73
-93
-117
-119
-79
-31
45
94
129
131
134
138
146
130
69
9
20
-11
-16
-29
-29
-28
6
35
18
19
20
3
9
20
13
-25
-17
-26
-23
-33
-37
-32
-83
-123
-137
-130
-129
-44
-33
85
127
113
103
145
135
98
54
27
1
20
-29
-29
-28
-29
-23
10
21
-7
15
8
21
7
-10
-14
3
-25
-22
-15
-43
-45
-76
-101
-115
-137
-101
-44
-27
89
119
122
127
155
138
147
84
44
18
4
-11
9
-18
-10
17
23
23
20
27
42
23
34
20
7
6
7
-5
-16
-25
-29
-26
-80
-105
-108
-80
-30
-29
97
114
135
130
137
148
139
103
37
23
-17
-21
-13
-29
-42
-13
22
-5
36
21
21
18
2
14
3
4
-12
-2
-12
-26
-34
-63
-85
-111
-109
-143
-49
-12
55
109
118
133
134
149
131
85
30
21
-7
-12
-37
-19
-33
-26
5
17
18
-1
15
20
20
-3
-10
-22
-18
-22
-33
-31
-23
-69
-79
-102
-121
-122
-75
-25
39
100
118
116
139
135
134
100
57
23
23
-14
6
-38
-37
-28
23
49
16
16
10
25
21
17
3
11
-28
-12
-12
-17
-28
-44
-93
-104
-139
-137
-85
-47
6
95
148
143
118
148
171
147
84
51
20
1
-14
-21
-28
-14
11
27
35
26
31
26
23
20
3
-2
-11
-14
-54
-12
-23
-26
-14
-93
-108
-115
-80
-27
-30
84
115
115
138
137
117
134
100
73
19
20
-12
-30
-74
-27
-25
22
19
8
15
11
21
20
5
-6
-5
-28
-26
-7
-23
-29
-70
-93
-108
-125
-125
-79
-37
36
102
79
116
135
137
150
105
51
20
1
-12
-29
-28
-27
-43
-2
3
14
3
14
15
23
-7
-7
-21
-22
-14
-28
-27
-28
-34
-76
-107
-113
-109
-79
-30
-6
131
91
129
117
114
141
138
71
52
11
-1
-9
-18
-27
-9
19
18
31
19
23
29
39
30
23
12
11
2
-7
-13
-9
-21
-37
-66
-108
-106
-70
-30
-10
90
132
159
110
152
171
147
91
53
20
10
-12
-15
-28
-21
20
23
33
3
27
36
21
19
18
-1
-13
19
-12
-12
-31
-24
-30
-73
-81
-127
-87
-50
-28
83
103
116
122
141
143
127
90
51
30
2
-28
-19
-35
-30
-28
-11
27
27
9
16
15
9
17
-1
-12
-9
-12
-45
-17
-33
-71
-82
-109
-125
-107
-47
-38
106
120
113
123
139
139
143
83
58
31
3
-12
-11
-38
-23
-27
3
11
11
13
38
30
20
5
6
17
-9
-12
-13
-15
-27
-31
-73
-82
-105
-94
-54
-25
84
100
104
151
150
171
154
148
90
51
18
0
-13
-27
-12
3
32
41
21
27
33
43
35
20
11
-11
-1
-8
-12
-28
-27
-18
-86
-47
-117
-93
-40
-26
79
119
138
111
153
121
163
89
52
39
19
-17
-22
-14
-22
-26
-6
9
2
9
27
22
21
18
-6
-5
-9
-17
-12
-33
-30
-75
-76
-107
-106
-121
-69
-28
78
82
123
117
122
134
117
84
41
1
41
-9
-37
-22
-34
-18
7
10
8
19
33
19
27
6
10
-10
-11
-7
-29
-33
-28
-44
-65
-108
-97
-106
-50
-33
74
105
116
95
123
141
147
109
55
29
20
3
-14
-33
-22
-7
20
20
20
23
22
42
39
23
18
-12
-16
-9
1
11
-40
-24
-86
-97
-105
-93
-44
-43
97
121
126
134
134
153
149
98
47
36
15
-5
-3
-15
-13
-13
5
21
14
19
21
30
31
19
17
11
-15
-7
-6
-47
-28
-76
-93
-108
-123
-98
-46
-37
90
101
119
127
131
139
135
84
40
23
22
-21
-17
-18
-28
-33
-5
6
13
13
15
13
6
9
-11
-16
7
-21
2
-54
-76
-87
-85
-123
-114
-101
-42
-33
84
113
116
127
118
134
137
79
39
21
-2
-7
-21
-33
-28
-4
-3
2
35
14
20
24
33
20
5
-12
-10
-12
-8
-21
-34
-61
-76
-102
-103
-80
-10
-12
103
119
121
136
141
146
148
104
50
38
17
-2
-13
-12
-10
11
20
23
18
21
36
27
33
31
-29
-29
11
-21
-31
-22
-42
-75
-93
-109
-97
-63
-28
59
114
117
122
135
144
143
97
53
51
20
-1
-17
-2
-28
-12
9
10
17
-9
-2
40
7
19
20
-9
-21
-18
-17
-24
-31
-81
-85
-117
-126
-109
-57
-28
69
103
107
119
116
127
125
65
63
20
13
-28
-32
-23
-28
-28
-11
2
35
15
7
17
-11
7
-18
3
-23
-24
-21
-25
-25
-75
-97
-103
-119
-98
-44
-26
79
118
131
138
135
139
144
99
55
36
6
3
-17
-35
-10
-3
13
26
19
20
23
2
20
20
1
-9
2
11
-21
-15
-29
-63
-74
-94
-87
-76
-23
-11
101
131
137
138
139
149
142
91
45
29
6
-13
-14
-15
-5
6
20
23
7
-1
17
23
35
18
3
-11
-19
-23
-12
-23
-46
-85
-83
-129
-119
-85
-28
-7
106
115
129
115
143
142
106
62
41
19
5
-1
-27
-27
-5
-6
3
20
-5
-7
14
19
3
5
-15
-14
-26
-35
-27
-58
-76
-104
-108
-106
-113
-86
-29
33
103
117
117
138
141
138
106
57
52
16
-6
-22
-12
-28
-13
8
7
19
5
3
47
29
20
18
-12
-7
-25
-44
-32
-34
-67
-82
-118
-105
-102
-37
-25
87
117
129
129
147
137
163
145
71
42
27
9
-7
-12
-17
1
-5
17
11
18
37
17
36
21
24
-7
23
9
-12
-28
-34
-76
-77
-108
-109
-103
-50
-31
71
117
126
146
143
158
148
113
62
25
11
-1
-15
-26
-33
-13
14
-12
11
17
7
33
1
8
1
-12
-19
-31
0
-34
-62
-81
-101
-117
-133
-111
-49
-17
67
113
116
136
137
131
131
82
49
20
5
1
-28
-33
-33
-45
-15
19
21
19
23
21
23
-5
-13
10
-15
-28
-24
-37
-57
-79
-106
-120
-137
-108
-49
-28
85
117
131
145
149
154
139
97
51
27
14
5
-17
-26
-21
3
-7
19
-5
-1
20
27
26
14
19
0
-5
-12
-12
-21
-25
-73
-76
-97
-109
-98
-38
-28
87
131
138
149
145
142
149
142
67
52
17
20
-2
5
-12
3
11
39
20
23
21
24
22
20
7
3
-1
-13
-15
-21
26
-79
-99
-108
-118
-115
-49
-14
85
121
123
139
145
154
146
91
55
21
3
-1
-6
-27
-30
-27
-14
17
6
7
3
11
19
3
-17
-18
-21
-28
-34
-26
-78
-79
-108
-108
-141
-117
-56
-22
95
110
133
126
137
158
142
67
55
26
4
-12
-16
-28
-17
-13
5
15
3
10
5
23
21
14
10
-6
3
-10
-22
-27
-33
-77
-76
-105
-125
-107
-41
-25
84
123
143
139
148
171
143
139
89
45
2
-1
-34
-17
-26
-2
20
19
20
22
20
35
33
22
15
-1
-7
1
-23
-29
-35
-74
-77
-98
-123
-105
-45
-28
78
108
134
121
120
123
157
108
55
35
2
3
-12
-21
-27
-11
11
9
5
5
8
14
22
20
23
-1
-34
-17
-11
-28
-57
-81
-108
-111
-133
-123
-61
-31
83
100
123
114
161
139
107
91
51
37
3
-7
-17
-26
-32
-27
3
3
10
7
7
17
19
7
-8
-5
-16
-28
-30
-28
-73
-76
-108
-108
-130
-108
-59
-19
89
127
135
148
155
149
148
105
61
43
20
-3
-23
-2
-23
3
13
20
6
2
17
22
31
25
15
11
5
-1
-6
-26
-28
-73
-97
-108
-126
-97
-33
-12
89
125
137
137
153
147
143
145
61
45
11
11
-15
-16
-12
7
39
2
4
27
20
23
34
18
11
-9
-9
-11
-28
-38
-27
-77
-101
-109
-133
-109
-53
-24
85
119
117
149
138
150
155
97
68
33
10
-11
-12
-21
-22
-28
1
-3
-11
-2
-5
3
22
19
3
-13
-15
-12
-21
-14
-72
-97
-103
-121
-137
-118
-75
-34
67
98
136
133
149
161
155
112
51
37
15
-5
-16
-25
-25
-24
4
15
8
7
6
18
22
16
1
3
-11
-17
-15
-39
-28
-79
-93
-109
-109
-110
-65
-27
77
127
137
152
143
161
142
148
85
48
31
3
-2
-6
-7
18
21
34
16
20
16
25
30
29
20
5
-13
-13
-28
-30
-27
-76
-85
-109
-139
-108
-65
-14
75
126
143
148
148
150
148
139
69
35
19
2
-12
-16
-12
-15
14
9
5
-1
2
11
15
18
3
-1
-12
-15
-12
-19
-46
-77
-102
-85
-123
-143
-101
-44
-27
97
126
137
131
119
131
107
70
31
9
-3
-12
-28
-34
-34
-13
13
13
6
-5
13
2
-6
-2
3
8
-14
-38
-16
-18
-76
-54
-99
-109
-139
-109
-51
-30
99
129
147
137
143
148
143
95
54
21
20
-1
-6
-10
-23
-1
27
27
11
9
6
20
35
3
43
3
-33
-25
-11
-10
-53
-73
-93
-97
-121
-108
-46
-34
86
131
135
142
147
149
148
102
69
50
17
1
-7
-7
-15
7
23
9
27
1
10
15
10
11
10
3
-1
-13
1
-54
-39
-73
-95
-129
-110
-112
-62
-40
74
116
119
139
134
137
131
88
50
33
19
-6
-22
-46
-23
-21
-12
8
-23
-10
3
4
-1
9
-12
-1
-23
-38
-15
-28
-65
-77
-102
-111
-121
-115
-79
-28
-12
98
119
123
137
137
127
95
55
34
19
3
-12
-18
-10
-6
-12
8
14
11
-11
9
19
22
18
-11
-26
-17
-9
-17
-25
-61
-76
-101
-107
-125
-97
-57
-12
113
148
142
152
142
148
143
85
52
22
13
1
-7
-14
41
10
23
27
4
-1
25
43
2
27
