202
185
133
106
-13
-26
-65
-53
-47
-75
-45
-26
9
2
6
-24
-31
-19
-94
-121
-139
-155
-156
-185
-251
-245
-225
-93
-18
141
210
234
281
329
323
277
243
211
198
134
121
-12
-39
-95
-77
-69
-76
-55
-44
-23
-8
-17
-38
-22
-95
-118
-122
-152
-170
-181
-206
-258
-300
-258
-134
-24
130
121
207
257
294
301
275
237
180
169
143
89
-3
-29
-103
-95
-107
-78
-74
-49
-22
-28
-28
-33
-21
-105
-119
-133
-152
-142
-161
-191
-257
-297
-274
-151
-17
123
127
210
249
307
319
294
250
208
171
164
137
14
-27
-55
-70
-93
-74
-62
-33
-31
-2
-7
-11
-27
-32
-93
-94
-115
-152
-150
-170
-205
-268
-253
-151
-25
133
150
244
275
317
325
323
276
225
203
183
134
43
-23
-31
-67
-69
-59
-57
-31
-13
-7
17
-21
-28
-28
-85
-119
-121
-155
-167
-178
-219
-282
-252
-178
-25
105
143
233
235
305
319
299
251
211
182
175
148
20
-22
-65
-86
-71
-71
-78
-61
-23
-40
-21
-28
-23
-103
-111
-145
-157
-173
-167
-210
-233
-300
-287
-182
-51
102
149
227
231
306
307
285
258
211
185
170
145
17
-11
-59
-93
-109
-83
-65
-61
-39
-43
-15
-12
-32
-101
-105
-117
-140
-145
-163
-177
-240
-284
-273
-171
-42
126
137
223
269
323
341
311
271
223
203
169
141
41
-12
-30
-59
-74
-64
-75
-31
-33
10
6
-6
-8
-31
-73
-105
-127
-133
-143
-173
-222
-279
-267
-173
-33
131
147
239
251
296
325
306
262
230
207
155
137
20
-30
-41
-75
-97
-70
-51
-60
-30
-29
-8
-10
-33
-41
-87
-115
-140
-150
-167
-183
-230
-265
-285
-198
-48
83
135
211
229
290
319
308
259
194
174
170
146
20
-17
-93
-105
-93
-93
-97
-77
-37
-10
-27
-13
-40
-94
-111
-124
-151
-163
-171
-206
-239
-279
-305
-215
-59
83
155
205
233
299
319
297
269
217
180
167
129
25
-12
-29
-81
-93
-81
-76
-67
-42
-31
1
1
-2
-29
-69
-118
-131
-149
-140
-151
-204
-253
-277
-221
-81
-12
161
223
230
291
315
323
301
244
213
185
161
145
-12
-26
-28
-79
-62
-58
-61
-42
-31
30
23
8
-24
-29
-76
-111
-123
-138
-137
-171
-258
-279
-249
-145
-16
127
131
214
259
319
309
296
255
218
173
154
149
5
-29
-76
-93
-97
-102
-82
-38
-41
-43
-18
-14
-34
-76
-110
-127
-137
-157
-151
-167
-245
-297
-300
-194
-44
91
130
171
231
290
298
269
250
195
173
155
148
15
-25
-93
-97
-109
-79
-93
-76
-25
-27
3
-11
-1
-34
-57
-97
-127
-153
-155
-172
-231
-287
-282
-203
-61
89
132
201
227
303
308
315
267
227
202
179
139
39
-11
-33
-75
-79
-60
-70
-49
-44
-28
31
25
5
-23
-28
-57
-95
-121
-123
-144
-172
-234
-278
-213
-94
-22
146
228
213
269
330
318
307
231
211
191
153
135
3
-29
-69
-74
-63
-76
-61
-41
-19
-13
7
-23
-31
-44
-103
-110
-143
-159
-162
-175
-239
-283
-263
-153
-23
127
131
191
221
287
318
263
241
197
173
155
147
-9
-28
-93
-85
-109
-97
-86
-52
-43
-27
-31
-37
-41
-74
-103
-115
-138
-155
-156
-197
-225
-294
-282
-187
-44
93
141
131
219
277
289
276
237
195
191
163
130
26
-28
-21
-75
-77
-73
-69
-44
-25
-39
3
-10
-24
-40
-79
-109
-119
-128
-137
-171
-182
-253
-259
-205
-75
-12
149
207
223
277
311
315
276
239
213
187
148
135
-10
-23
-21
-55
-33
-43
-44
-25
-37
22
18
-14
-2
-23
-76
-102
-109
-123
-121
-161
-198
-264
-239
-135
-25
135
145
219
239
308
298
288
247
195
179
153
148
10
-37
-63
-70
-85
-74
-70
-29
-33
-33
-1
3
-22
-29
-76
-108
-117
-148
-172
-183
-205
-266
-296
-202
-93
-27
123
153
201
259
290
277
243
195
149
155
133
14
-12
-66
-101
-98
-85
-77
-58
-44
-14
-12
-22
-17
-23
-76
-97
-131
-130
-135
-151
-187
-236
-268
-251
-139
-12
139
147
211
230
298
302
279
249
194
174
157
134
-12
-13
-12
-71
-76
-71
-69
-35
-29
13
20
6
-17
-26
-79
-106
-101
-122
-133
-143
-189
-249
-254
-193
-38
106
135
251
228
290
335
301
276
221
180
198
146
66
-12
-29
-77
-61
-53
-50
-59
-41
-25
21
-10
-10
-15
-40
-94
-111
-137
-140
-145
-177
-233
-271
-239
-139
-25
148
150
210
243
275
308
274
211
194
163
147
142
-6
-12
-108
-101
-101
-76
-61
-76
-25
-30
-33
-18
-23
-77
-95
-125
-140
-150
-165
-172
-222
-285
-272
-211
-67
-21
142
148
207
262
289
276
234
213
175
150
150
35
-25
-44
-75
-95
-80
-74
-62
-25
-17
-13
0
-9
-37
-41
-85
-103
-127
-142
-139
-159
-201
-269
-253
-154
-42
128
145
198
257
305
321
277
259
215
199
179
137
18
-13
-24
-58
-77
-67
-54
-43
-28
19
19
20
-12
-12
-44
-85
-108
-112
-111
-133
-165
-237
-295
-202
-69
-22
133
205
209
283
308
311
279
222
193
198
149
130
-19
-37
-82
-82
-75
-82
-53
-41
-40
-33
-14
3
-38
-77
-108
-134
-135
-127
-161
-172
-221
-281
-273
-178
-42
100
141
199
212
281
298
283
230
191
179
157
146
11
-30
-99
-106
-95
-101
-76
-47
-22
-18
-27
-28
-26
-49
-102
-117
-139
-149
-145
-156
-203
-241
-289
-233
-86
-22
142
145
217
246
323
307
276
227
194
174
143
93
-17
-37
-76
-81
-75
-78
-65
-28
-28
-2
-7
-18
-22
-13
-74
-93
-115
-117
-149
-163
-203
-252
-263
-169
-44
131
136
215
237
293
339
306
259
227
198
175
135
35
-16
-29
-70
-51
-53
-70
-41
-28
-18
15
13
-28
-41
-81
-93
-103
-121
-140
-140
-191
-245
-287
-227
-112
-29
130
144
209
254
308
306
281
231
212
166
151
107
11
-39
-101
-109
-71
-105
-69
-59
-31
-38
-9
-28
-29
-97
-118
-125
-142
-165
-181
-198
-236
-293
-282
-174
-28
100
141
203
215
276
303
279
228
211
175
161
146
27
-33
-105
-78
-105
-83
-101
-55
-42
-27
-11
-21
-23
-30
-85
-108
-130
-120
-133
-143
-199
-242
-281
-221
-83
-29
146
162
201
285
315
312
263
235
211
183
157
122
-9
-39
-44
-69
-71
-66
-46
-35
-13
22
23
-10
-13
-30
-95
-102
-130
-129
-130
-169
-223
-267
-227
-151
-54
145
138
213
251
307
338
309
264
218
209
157
143
31
-27
-31
-101
-60
-97
-80
-47
-27
-43
-2
-3
-12
-17
-80
-102
-133
-153
-154
-159
-207
-284
-290
-219
-74
-9
136
193
218
266
313
315
278
222
179
163
141
43
-23
-28
-114
-95
-78
-78
-74
-38
-12
-14
5
-22
-27
-105
-115
-125
-134
-149
-167
-187
-265
-303
-257
-127
-33
134
167
210
281
331
329
305
247
213
192
159
135
5
-29
-28
-72
-77
-63
-45
-37
-41
-11
3
13
-5
-25
-93
-99
-137
-143
-140
-165
-223
-273
-242
-139
-29
134
148
234
261
339
369
340
281
235
207
190
142
52
-6
-37
-66
-69
-60
-57
-25
-31
-7
26
6
-6
-19
-73
-99
-127
-131
-165
-171
-187
-257
-271
-204
-71
-5
147
219
215
282
319
311
290
254
194
170
157
79
-12
-28
-99
-83
-85
-67
-78
-39
-32
-14
-9
-25
-38
-97
-115
-140
-146
-140
-171
-181
-237
-306
-284
-158
-28
115
137
203
247
289
323
297
245
199
171
150
131
19
-37
-79
-74
-97
-76
-72
-53
-22
-25
3
5
-23
-32
-85
-103
-105
-136
-157
-169
-197
-253
-275
-188
-50
119
131
209
229
294
331
330
307
243
187
183
137
105
-21
-36
-77
-61
-61
-77
-52
-31
-19
19
15
-12
-19
-21
-76
-111
-109
-138
-135
-161
-209
-239
-229
-137
-31
146
225
244
265
325
331
297
257
219
199
162
142
7
-21
-31
-75
-61
-62
-50
-44
-29
-10
-5
-6
-12
-42
-83
-119
-140
-140
-165
-181
-181
-285
-280
-192
-49
90
144
209
227
274
322
303
255
206
180
153
147
20
2
-77
-79
-99
-101
-87
-83
-49
-44
-25
-16
-25
-73
-117
-125
-127
-143
-175
-173
-189
-245
-303
-232
-125
-42
150
161
202
259
313
295
275
249
207
179
149
147
-14
-47
-67
-65
-85
-79
-61
-31
-12
-17
-1
-14
-37
-53
-85
-108
-141
-141
-147
-157
-195
-256
-261
-183
-28
116
159
227
271
299
329
319
281
229
208
195
152
70
-13
-24
-71
-70
-54
-59
-54
-25
-12
18
23
-26
-40
-15
-74
-117
-135
-140
-145
-182
-233
-239
-215
-105
-18
155
219
235
259
319
312
306
244
213
182
155
147
-13
-21
-95
-93
-102
-81
-69
-33
-41
-21
-9
-18
-25
-104
-125
-108
-166
-172
-149
-187
-257
-299
-247
-161
-26
131
147
197
255
290
293
278
233
183
177
149
115
-10
-28
-97
-114
-104
-93
-71
-57
-43
-25
-31
-12
-25
-70
-103
-126
-140
-135
-166
-182
-257
-268
-269
-191
-29
84
146
228
235
303
315
315
277
233
207
182
146
63
-13
-44
-65
-74
-70
-83
-51
-27
-19
13
4
-23
-32
-25
-85
-111
-126
-142
-156
-173
-221
-249
-211
-97
-14
133
230
257
291
338
339
311
271
214
203
161
159
10
-37
-24
-76
-79
-73
-61
-34
-25
19
-10
-42
-28
-78
-108
-137
-138
-142
-176
-185
-239
-298
-253
-133
-33
139
196
215
261
299
313
298
225
209
186
134
136
5
-34
-101
-76
-108
-69
-101
-69
-21
-38
-11
-13
-29
-98
-121
-130
-167
-172
-187
-202
-236
-293
-278
-183
-22
137
148
202
242
287
295
308
255
206
175
146
151
18
-21
-41
-105
-113
-93
-77
-53
-28
-21
-5
1
-21
-38
-99
-113
-120
-139
-161
-178
-203
-271
-282
-177
-56
91
161
212
244
302
338
321
282
247
199
212
163
78
-13
-39
-53
-82
-73
-69
-45
-23
-12
20
-2
-13
-28
-81
-81
-102
-127
-135
-162
-190
-253
-268
-217
-56
49
129
243
247
288
335
315
287
243
218
191
138
74
-9
-46
-74
-75
-94
-107
-71
-34
22
-17
9
-13
-29
-85
-111
-125
-145
-154
-169
-203
-265
-304
-246
-151
-28
126
150
210
243
295
297
267
223
183
171
148
137
-1
-25
-77
-99
-109
-78
-83
-57
-29
-17
-14
-21
-32
-108
-108
-140
-157
-145
-173
-203
-235
-298
-274
-172
-31
129
148
212
258
309
334
310
274
212
193
175
150
31
-12
-29
-76
-77
-79
-61
-29
-33
-5
-2
7
-18
-16
-79
-95
-122
-33
-137
-153
-207
-253
-265
-192
-33
89
149
231
249
303
337
271
291
254
195
187
151
123
-1
-27
-55
-72
-73
-71
-51
-41
-12
43
-3
-6
-13
-69
-102
-124
-146
-141
-159
-203
-253
-281
-223
-103
-19
143
199
235
