-235
-219
-214
-160
-45
115
305
449
527
496
415
271
147
2
-57
-93
-93
-77
-37
-45
-44
-34
-28
-54
-118
-117
-65
-75
-71
-62
-103
-124
-161
-233
-275
-290
-287
-279
-268
-235
-230
-214
-219
-217
-204
-172
-109
-50
116
337
473
571
571
485
362
213
120
-17
-31
-34
-23
4
35
47
38
35
-14
-39
-28
-19
-22
-11
-2
-11
-23
-64
-110
-179
-214
-207
-188
-188
-190
-160
-153
-172
-150
-170
-110
-85
-62
153
361
473
561
587
513
371
249
130
1
-21
-39
-17
13
20
41
19
-9
-26
-33
-29
-37
-37
-61
-46
-26
-42
-142
-190
-228
-263
-294
-274
-285
-254
-248
-237
-228
-225
-217
-198
-159
-61
103
270
419
489
515
453
307
163
115
-43
-64
-105
-93
-75
-70
-46
-42
-62
-53
-101
-113
-109
-83
-99
-83
-71
-106
-138
-219
-249
-282
-300
-294
-284
-284
-242
-234
-249
-226
-230
-198
-138
-57
114
307
467
535
550
492
375
228
127
9
-33
-39
-15
5
11
35
24
18
-19
-49
-34
-18
2
-1
-11
-30
-28
-46
-150
-167
-213
-237
-217
-213
-204
-172
-154
-137
-161
-127
-124
-81
-57
125
323
485
592
613
537
387
225
127
19
-43
-21
-15
18
27
41
51
-4
-10
-34
-55
-49
-29
-44
-21
-33
-45
-140
-193
-235
-249
-288
-284
-284
-235
-240
-226
-230
-233
-220
-204
-131
-57
98
302
409
519
506
459
305
183
116
-31
-49
-109
-86
-76
-62
-58
-42
-65
-81
-106
-95
-109
-108
-85
-85
-101
-141
-179
-213
-263
-265
-299
-300
-272
-253
-221
-237
-221
-223
-214
-193
-141
-42
110
310
419
499
530
468
341
195
114
-23
-29
-38
-30
1
3
52
-1
1
-2
-37
-29
-41
3
7
1
-30
-47
-43
-153
-181
-220
-246
-220
-197
-173
-166
-169
-161
-152
-125
-125
-53
62
115
395
523
575
575
498
363
237
130
26
-22
-1
-12
14
30
23
33
11
-10
-7
-41
-18
-21
-28
-18
-46
-58
-140
-194
-237
-251
-282
-255
-261
-220
-242
-219
-209
-204
-201
-172
-139
-51
112
331
454
519
501
419
287
139
15
-47
-42
-74
-46
-58
-46
-41
-28
-41
-44
-103
-121
-121
-107
-86
-97
-109
-124
-174
-228
-294
-297
-329
-319
-273
-235
-226
-247
-225
-205
-220
-183
-107
-53
118
354
449
529
498
419
273
143
51
-15
-39
-58
-28
9
7
21
1
-23
-35
-50
-32
-30
-7
-12
-24
-45
-53
-140
-167
-192
-235
-249
-235
-214
-189
-158
-157
-161
-140
-131
-104
-42
110
274
419
563
611
579
471
315
169
102
-11
5
19
18
53
62
39
31
-15
-21
-29
-29
-12
-22
-1
-37
-28
-39
-154
-191
-241
-244
-268
-264
-226
-230
-218
-220
-204
-207
-178
-139
-73
83
241
405
492
515
489
381
249
121
-15
-39
-74
-41
-43
-30
4
-28
-15
-44
-54
-107
-97
-83
-95
-99
-117
-93
-176
-209
-249
-286
-318
-301
-290
-279
-267
-259
-239
-248
-205
-214
-158
-60
27
125
395
482
517
485
379
217
116
-18
-43
-58
-35
-39
-22
20
20
7
-23
-42
-41
-44
-38
-10
-22
-42
-50
-43
-145
-194
-207
-263
-254
-220
-214
-203
-169
-185
-194
-174
-142
-97
-62
125
307
471
567
599
551
447
297
182
116
20
20
11
30
27
67
57
45
20
-15
-21
-28
-15
-22
-9
-11
-44
-58
-147
-172
-230
-256
-244
-207
-210
-190
-214
-199
-207
-204
-161
-134
-62
110
278
415
519
546
489
383
223
117
-29
-55
-94
-53
-43
-13
-7
-11
-46
-35
-51
-74
-93
-53
-93
-77
-129
-131
-167
-221
-273
-284
-332
-337
-300
-290
-284
-257
-249
-221
-213
-220
-172
-44
107
307
459
514
513
449
319
178
103
-39
-45
-56
-61
-53
5
17
0
-14
-31
-46
-57
-58
-49
-43
-22
-57
-44
-124
-185
-230
-265
-265
-249
-230
-220
-203
-190
-197
-174
-169
-124
-43
86
267
419
549
587
564
464
339
175
118
11
8
10
35
47
75
62
54
21
-1
-10
1
9
19
29
-12
-40
-55
-109
-181
-225
-221
-246
-225
-223
-200
-176
-183
-198
-184
-174
-125
-46
89
253
411
505
519
506
417
249
130
11
-29
-54
-39
-45
-17
-7
-11
-17
-31
-53
-50
-83
-72
-61
-76
-60
-113
-150
-190
-258
-285
-317
-321
-311
-269
-289
-267
-267
-259
-237
-228
-199
-81
66
228
398
467
501
446
335
199
100
-28
-62
-53
-70
-61
-30
5
-3
-33
-49
-44
-45
-58
-57
-54
-42
-69
-49
-101
-175
-220
-269
-269
-247
-244
-235
-207
-214
-198
-183
-174
-152
-94
-61
102
347
478
559
579
478
375
228
118
22
17
11
25
53
83
72
79
50
10
11
-2
-12
17
6
-10
15
-38
-70
-137
-205
-235
-230
-244
-230
-197
-187
-167
-173
-181
-166
-155
-75
-46
127
374
515
559
563
419
294
148
109
-34
-44
-33
-19
-12
-5
14
-5
-29
-29
-28
-78
-49
-76
-77
-71
-83
-134
-185
-249
-257
-302
-313
-307
-299
-300
-282
-255
-251
-255
-230
-187
-97
-57
117
343
457
498
478
357
226
110
-33
-58
-69
-53
-50
-39
-14
-5
-13
-58
-75
-38
-65
-65
-41
-58
-44
-79
-108
-174
-235
-261
-268
-266
-259
-233
-218
-203
-216
-194
-185
-177
-138
-62
117
295
454
570
567
513
399
235
115
52
-12
-12
-2
19
36
67
75
52
21
6
-5
-9
18
15
24
-13
-28
-58
-137
-193
-214
-221
-211
-202
-199
-204
-191
-185
-172
-157
-117
-75
-37
107
367
485
562
559
491
345
195
134
-13
-31
-44
-21
-11
-3
11
3
-40
-22
-50
-79
-72
-62
-54
-58
-76
-138
-175
-235
-248
-284
-306
-295
-274
-257
-251
-255
-247
-223
-230
-185
-115
-50
115
362
466
480
467
390
227
114
-29
-66
-44
-93
-70
-57
-53
-34
-21
-19
-45
-76
-55
-65
-65
-46
-95
-105
-141
-169
-242
-257
-284
-291
-298
-268
-242
-217
-214
-202
-181
-162
-140
-58
114
334
450
538
532
475
365
213
115
19
-37
-12
-1
15
43
35
25
20
-1
-9
-12
5
-5
11
-9
-14
-11
-51
-133
-177
-204
-209
-237
-195
-193
-171
-173
-151
-146
-138
-138
-71
33
122
377
512
559
527
471
318
181
134
-12
-29
-19
-18
29
16
19
19
-21
-47
-45
-44
-46
-44
-45
-35
-62
-121
-172
-235
-273
-281
-298
-273
-277
-258
-254
-235
-230
-234
-214
-142
-85
86
271
404
487
471
419
320
174
114
-44
-73
-105
-67
-76
-61
-61
-38
-26
-61
-50
-110
-82
-53
-42
-55
-73
-103
-163
-207
-267
-291
-325
-290
-269
-265
-249
-226
-235
-201
-205
-161
-102
-39
117
371
506
532
519
474
323
181
118
-1
-28
-17
-11
20
37
35
26
-3
-21
-21
-21
-22
-7
11
-5
-12
-39
-44
-155
-204
-204
-228
-203
-195
-178
-172
-175
-149
-140
-138
-108
-44
114
313
457
551
559
527
418
265
114
53
-2
-12
-6
15
23
35
39
-9
-33
-29
-48
-44
-15
-45
-40
-40
-44
-141
-195
-235
-262
-271
-294
-279
-254
-246
-241
-246
-225
-219
-204
-140
-37
110
311
419
499
499
419
313
148
55
-28
-50
-99
-71
-54
-49
-31
-49
-44
-45
-97
-93
-109
-85
-108
-79
-110
-156
-172
-219
-270
-295
-300
-300
-279
-255
-233
-244
-230
-204
-199
-172
-110
-49
103
385
487
532
531
419
291
143
115
-22
-37
-44
-13
5
34
31
14
-21
-21
-21
-23
-23
-13
-25
-29
-44
-55
-140
-191
-237
-242
-235
-228
-214
-193
-171
-156
-149
-141
-117
-69
-57
117
326
467
555
593
550
405
282
134
110
1
-26
-22
-13
19
37
46
35
0
-11
-28
-46
-18
-49
-44
-42
-44
-108
-201
-225
-253
-265
-280
-270
-247
-225
-249
-216
-221
-193
-197
-117
-46
116
331
419
513
495
415
291
148
82
-44
-61
-76
-45
-64
-69
-21
-55
-31
-62
-109
-109
-117
-75
-97
-107
-105
-156
-191
-233
-277
-302
-335
-317
-277
-246
-265
-214
-225
-205
-225
-161
-82
-33
123
387
474
521
473
379
241
113
0
-47
-38
-22
-19
-3
31
34
17
-17
-29
-41
-37
-30
-23
-21
-11
-49
-79
-140
-208
-235
-234
-244
-235
-209
-182
-170
-174
-157
-117
-124
-77
-45
110
358
518
598
585
539
414
257
117
50
9
-12
21
27
43
46
22
1
-18
-39
-42
-29
-13
-7
-18
-21
-46
-75
-161
-235
-237
-267
-271
-241
-214
-227
-190
-199
-191
-193
-184
-76
-53
117
344
468
519
506
419
307
123
79
-34
-69
-39
-70
-53
-12
7
-27
-44
-50
-61
-106
-99
-93
-103
-97
-124
-165
-201
-257
-294
-318
-339
-302
-273
-259
-248
-257
-223
-205
-191
-165
-47
-44
123
363
471
499
474
377
242
116
-12
-37
-42
-44
-25
7
15
43
19
-29
-41
-17
-44
-38
-26
-43
-29
-49
-50
-129
-204
-228
-240
-239
-242
-205
-185
-204
-187
-183
-155
-114
-86
-50
109
393
520
578
587
522
375
239
120
84
14
25
37
57
75
52
51
55
11
-12
-14
-27
-11
-18
-15
-43
-44
-58
-159
-209
-233
-242
-235
-228
-214
-213
-199
-178
-177
-186
-171
-70
-57
142
385
505
545
496
410
289
135
6
-44
-46
-49
-44
-39
-12
3
-16
-21
-62
-36
-57
-75
-72
-69
-109
-113
-141
-214
-259
-289
-323
-324
-319
-269
-267
-255
-254
-248
-230
-213
-186
-78
-37
219
399
482
503
478
344
195
134
-21
-42
-49
-62
-53
-13
1
5
-29
-35
-42
-58
-45
-51
-55
-53
-47
-49
-130
-172
-204
-233
-261
-282
-239
-198
-191
-204
-186
-172
-181
-133
-73
-46
131
350
468
559
564
501
372
230
110
33
5
10
27
38
54
68
42
39
15
-17
-13
4
3
11
5
-31
-79
-124
-174
-235
-237
-239
-254
-235
-220
-197
-197
-187
-203
-203
-157
-76
-31
109
372
464
501
502
410
276
116
21
-49
-44
-43
-62
-50
-14
-23
-29
-46
-52
-81
-101
-69
-67
-81
-93
-95
-150
-204
-257
-314
-329
-337
-301
-294
-280
-274
-265
-279
-269
-237
-205
-133
-55
110
340
419
485
419
370
242
122
-12
-69
-71
-61
-66
-56
-55
-26
-22
-44
-70
-66
-54
-65
-53
-65
-57
-76
-117
-185
-217
-249
-265
-263
-251
-221
-201
-199
-193
-172
-185
-168
-124
-50
110
303
419
543
551
505
395
235
117
89
9
0
7
32
27
68
62
42
35
3
6
-6
11
-12
-19
-14
-41
-65
-130
-161
-200
-244
-244
-233
-197
-199
-173
-172
-158
-171
-145
-93
-44
122
329
468
533
550
487
360
225
118
-5
-23
-29
-39
-11
13
5
2
-12
-44
-53
-69
-44
-82
-44
-64
-76
-107
-155
-199
-271
-285
-284
-291
-277
-267
-266
-249
-247
-217
-251
-203
-169
-55
117
321
446
491
499
399
277
145
33
-13
-47
-68
-47
-58
-7
-9
5
-44
-61
-51
-47
-71
-43
-45
-56
-70
-104
-146
-204
-234
-254
-257
-255
