-22
-24
-44
-31
-38
25
51
59
37
17
-5
-21
-39
-105
-137
-145
-119
-85
-44
-13
-24
-12
9
20
53
113
148
313
387
389
335
255
178
143
-30
-179
-205
-199
-153
-125
-75
-44
-35
-35
-15
-98
-131
-125
-130
-131
-105
-61
-44
-37
-29
-35
-109
-124
-143
-174
-190
-202
-194
-175
-129
-55
-69
-28
-19
-28
-37
19
114
154
345
394
371
315
244
166
116
-25
-183
-197
-176
-123
-69
-42
-29
23
27
3
-26
-28
-77
-65
-44
-13
71
39
25
67
52
5
-12
-29
-82
-118
-105
-102
-50
-24
-27
-15
59
57
93
97
119
145
325
419
489
459
379
311
207
151
-12
-140
-140
-121
-62
-33
-29
47
75
65
3
29
-37
-55
-66
-42
-35
-22
27
52
41
21
-22
-12
-78
-112
-149
-157
-130
-103
-77
-57
-44
-28
-33
3
15
55
125
248
357
399
373
305
192
148
-6
-155
-230
-228
-204
-153
-102
-70
-37
-13
-15
-69
-119
-141
-176
-139
-133
-134
-65
-37
-42
-25
-44
-39
-85
-130
-172
-199
-187
-172
-142
-105
-71
-45
-19
-35
-21
31
84
139
293
373
394
371
285
212
151
0
-118
-187
-185
-119
-77
-21
-28
46
41
30
-7
-11
-43
-61
-44
-21
-28
27
75
75
65
51
14
-9
-17
-109
-134
-105
-93
-61
-44
17
41
47
59
84
98
137
282
397
449
475
387
295
239
167
-9
-37
-159
-138
-98
-54
-26
-15
45
55
23
-12
-26
-44
-81
-58
-37
-14
-28
37
31
23
-11
-29
-82
-115
-156
-185
-165
-145
-110
-76
-45
-44
-39
-41
-10
19
94
145
308
369
365
307
219
139
25
-33
-143
-251
-223
-183
-127
-15
-50
-38
-37
-59
-94
-137
-135
-129
-107
-85
-66
-43
-23
-12
-17
-30
-75
-115
-140
-174
-174
-169
-169
-125
-76
-49
-44
-12
-21
17
83
84
155
363
419
419
357
283
199
147
-18
-143
-178
-149
-103
-33
-33
-12
55
70
25
20
-12
-21
-28
0
-26
24
52
69
62
59
35
-5
-12
-28
-73
-85
-85
-61
-19
-31
0
29
37
29
52
83
134
279
381
443
451
385
297
212
141
-25
-129
-167
-146
-101
-50
-12
-28
37
34
3
-22
-17
-85
-118
-53
-65
-37
-28
-7
3
0
-24
-28
-105
-130
-153
-166
-173
-157
-140
-86
-62
-69
-43
-51
-31
-43
62
137
281
356
355
298
227
142
20
-45
-211
-244
-217
-165
-108
-86
-34
-7
-6
-12
-21
-103
-146
-125
-113
-87
-51
-18
-28
6
3
-19
-28
-95
-125
-156
-165
-139
-125
-93
-49
-27
-44
-21
9
43
62
105
137
345
419
447
406
325
235
138
-10
-33
-156
-140
-82
-46
-31
35
77
99
62
19
-5
-12
-25
-28
-9
26
58
83
89
84
66
20
-12
-26
-86
-95
-108
-93
-47
-45
-35
13
37
29
15
51
91
143
319
409
419
391
330
244
163
6
-26
-173
-180
-155
-97
-44
-34
-17
3
3
-13
-25
-95
-119
-105
-93
-49
-44
-35
-15
-5
-21
-33
-95
-140
-171
-213
-213
-204
-159
-109
-95
-65
-57
-45
-38
-42
0
115
153
313
345
311
258
191
151
-22
-150
-217
-221
-183
-133
-93
-49
-33
-37
11
-9
-51
-73
-110
-79
-95
-44
-55
-28
34
15
-7
-23
-25
-75
-123
-117
-129
-122
-99
-44
-33
-34
-9
20
35
47
87
145
286
405
459
454
372
277
202
138
-28
-137
-140
-95
-43
-37
36
84
54
54
51
17
-10
-27
-29
-9
9
31
45
75
50
86
11
-47
-12
-61
-123
-109
-113
-79
-28
-21
-5
-12
17
26
41
73
131
275
377
419
382
339
244
159
84
-37
-188
-191
-183
-134
-78
-44
-30
-17
7
-1
-35
-111
-133
-124
-106
-81
-61
-34
-28
-29
-23
-33
-102
-136
-172
-193
-201
-185
-166
-140
-125
-77
-73
-44
-34
-19
-27
90
147
319
366
355
306
221
143
19
-28
-178
-209
-181
-143
-99
-53
-30
-17
23
-12
-29
-29
-94
-76
-55
-33
-44
-18
37
37
35
0
-13
-28
-95
-114
-109
-119
-76
-34
-33
-25
18
31
42
55
78
137
263
372
463
485
419
353
248
149
52
-26
-131
-122
-73
-44
-49
46
84
77
51
17
-26
-38
-23
-45
-35
-28
27
46
52
37
31
-9
-29
-30
-113
-111
-106
-98
-77
-51
-38
-21
-33
0
-9
11
47
119
207
358
403
391
326
247
149
39
-33
-201
-222
-195
-153
-98
-50
-26
-41
-12
-14
-93
-130
-139
-141
-118
-108
-69
-47
-31
-45
-28
-70
-110
-143
-172
-183
-193
-172
-144
-108
-77
-60
-34
-45
-18
-43
-23
97
147
321
398
399
326
247
140
118
-26
-186
-210
-190
-121
-76
-6
-34
26
36
15
-21
-38
-59
-42
-41
-39
-37
33
40
53
50
28
-3
-18
-31
-76
-81
-94
-93
-44
-33
11
24
50
53
52
86
122
155
343
455
469
458
362
272
178
142
-12
-161
-162
-123
-45
-29
-25
74
68
58
15
-12
-30
-66
-55
-33
-41
-15
123
49
35
9
-7
-37
-75
-107
-139
-129
-125
-108
-79
-61
-39
-35
-21
-28
-30
18
110
135
319
377
363
319
223
143
0
-25
-221
-261
-215
-169
-104
-77
-35
-42
-28
-27
-93
-117
-143
-145
-125
-119
-72
-40
-22
-37
-28
-29
-23
-109
-138
-168
-172
-156
-140
-108
-86
-55
-47
-37
-31
-28
-14
83
154
310
390
405
347
275
191
138
-26
-142
-182
-165
-122
-58
-33
-23
49
51
35
15
-7
-10
-27
-37
-37
-41
47
61
70
83
46
22
-12
-43
-31
-75
-71
-65
-47
-29
-7
38
54
47
43
61
94
145
293
391
419
419
340
271
186
147
-25
-154
-174
-152
-105
-43
-27
23
30
53
21
-12
-37
-79
-62
-61
-45
-28
-17
27
5
0
-19
-31
-101
-129
-143
-161
-153
-125
-85
-73
-25
-46
-49
-58
-38
-39
-24
129
259
355
367
330
242
155
97
-38
-193
-259
-248
-204
-143
-109
-44
-39
-33
-23
-35
-95
-109
-119
-76
-81
-63
-40
-26
-23
1
-19
-33
-76
-109
-137
-144
-148
-129
-105
-73
-47
-25
-27
-29
-30
5
51
123
231
361
419
419
371
278
180
145
-14
-154
-181
-155
-93
-39
-33
40
75
82
33
23
-12
-29
-30
-27
-21
17
62
84
84
77
46
21
-9
-41
-26
-77
-62
-60
-53
-31
-29
-11
15
21
21
55
91
139
308
402
451
419
346
244
147
53
-28
-172
-200
-149
-105
-44
-25
-28
36
49
-6
-37
-77
-108
-107
-73
-68
-27
-25
10
7
-22
-23
-28
-110
-127
-172
-173
-165
-156
-133
-106
-108
-62
-65
-27
-58
-33
-28
123
265
349
337
331
244
163
142
-31
-187
-237
-233
-189
-130
-72
-59
-29
-13
6
-14
-27
-110
-113
-108
-93
-45
-34
-27
20
13
-12
-28
-28
-98
-147
-127
-129
-125
-76
-56
-28
-37
-12
7
20
35
49
123
269
371
446
419
404
301
206
137
-12
-125
-140
-123
-76
-33
-18
53
93
101
81
22
-12
-24
-74
-28
14
35
27
73
85
47
43
0
0
-30
-108
-109
-79
-85
-55
-31
-28
-22
6
21
13
29
84
148
312
399
406
419
331
244
125
34
-50
-205
-221
-172
-134
-70
-35
-42
15
20
-54
-26
-108
-125
-109
-103
-77
-43
0
-29
-28
-44
-54
-93
-140
-166
-183
-189
-185
-139
-123
-98
-85
-65
-45
-47
-41
-40
84
149
305
379
372
323
215
147
52
-38
-197
-225
-193
-151
-108
-50
-31
-13
13
-11
-11
-44
-103
-102
-77
-44
-24
-25
26
38
31
17
-5
-39
-60
-106
-123
-108
-81
-57
-35
-28
6
29
41
20
39
94
147
334
419
473
475
387
305
199
145
-18
-145
-140
-134
-56
-34
19
71
89
84
37
3
-22
-29
-33
-37
-12
-29
34
80
51
27
19
-7
-26
-74
-109
-113
-108
-86
-57
-33
-34
-27
-15
-9
7
27
81
137
302
371
403
367
279
187
154
-18
-161
-222
-222
-188
-135
-93
-58
-25
-29
-15
-31
-109
-118
-140
-140
-118
-76
-53
-50
-9
-39
-49
-104
-133
-159
-175
-194
-178
-152
-127
-94
-59
-62
-49
-49
-44
-31
-28
107
138
339
404
387
298
222
149
20
-15
-204
-225
-179
-127
-71
-33
-37
29
43
13
0
-35
-70
-61
-57
-23
-35
31
55
47
30
3
-7
-26
-33
-93
-82
-56
-59
-33
-31
17
29
41
25
77
78
133
247
377
471
484
419
351
241
135
7
-31
-175
-163
-120
-49
-21
0
67
81
52
17
-21
-28
-69
-57
-41
-28
-13
36
38
40
7
-17
-37
-93
-124
-127
-143
-140
-103
-71
-61
-39
-29
-28
-30
-28
52
116
165
329
386
368
307
211
125
-9
-122
-233
-261
-218
-158
-117
-66
-44
-42
-31
-34
-93
-123
-150
-125
-136
-108
-65
-44
-38
-35
-37
-43
-80
-123
-147
-170
-168
-161
-129
-98
-76
-49
-31
-39
-29
-37
-22
84
139
311
395
419
361
289
210
148
-23
-145
-189
-175
-130
-61
-34
-25
39
70
37
-12
-9
-30
-29
-40
-29
-14
43
62
75
55
39
7
-7
-44
-76
-79
-76
-61
-44
-26
-7
35
45
62
51
74
127
159
322
419
482
450
371
271
163
131
-44
-156
-181
-147
-106
-33
-13
30
67
50
11
-18
-26
-70
-79
-51
-41
-29
-21
19
11
-6
-12
-22
-113
-139
-149
-149
-141
-129
-96
-69
-69
-51
-45
-50
-37
-27
47
145
283
355
359
319
243
141
27
-33
-230
-286
-250
-201
-145
-107
-61
-30
-23
6
-31
-101
-124
-127
-138
-93
-73
-44
-31
-33
-11
-12
-42
-86
-127
-150
-168
-155
-146
-108
-81
-41
-31
-7
-22
19
39
99
153
339
415
451
387
315
214
125
-27
-114
-190
-171
-112
-57
-28
-9
53
83
62
18
0
-25
-26
-28
-15
20
55
86
87
84
37
38
-11
-22
-27
-78
-81
-62
-56
-29
-28
-10
22
27
34
47
86
131
295
401
451
454
375
291
187
139
-29
-174
-207
-177
-108
-61
-27
-29
41
45
13
-23
-25
-111
-118
-93
-71
-28
-37
-12
-21
1
-22
-31
-129
-140
-169
-174
-173
-165
-134
-103
-70
-67
-46
-50
-53
-35
-17
142
283
363
356
310
233
148
50
-37
-208
-248
-220
-173
-122
-76
-28
-29
-17
7
-30
-83
-101
-107
-93
-85
-43
-27
-37
30
5
-13
-38
-30
-94
-134
-118
-133
-121
-81
-51
-30
-30
-28
6
10
27
75
139
291
403
465
459
375
283
207
151
-22
-140
-165
-117
-58
-25
-9
69
98
99
53
23
-12
-27
-21
-17
17
35
73
82
95
62
20
-7
-24
-43
-76
-76
-95
-62
-59
-29
-37
-17
23
18
19
41
110
155
331
406
419
401
302
225
131
-11
-147
-202
-214
-189
-105
-61
-28
-33
23
23
-12
-28
-112
-117
-121
-97
-76
-55
-38
-13
-23
-38
-37
-109
-139
-152
