-195
-157
-146
-114
-115
-123
-137
-115
-95
-55
113
282
409
490
487
419
314
177
111
-51
-151
-151
-141
-108
-76
-49
-44
-30
-39
-45
-46
-117
-140
-146
-172
-168
-175
-199
-213
-214
-216
-222
-214
-173
-127
-122
-106
-81
-93
-97
-81
-62
-37
126
339
468
551
563
485
373
235
119
-26
-46
-86
-59
-45
-41
33
52
55
27
10
-23
-34
-42
-79
-103
-109
-108
-134
-149
-155
-156
-146
-142
-122
-102
-71
-49
-44
-33
-44
-39
-39
65
119
343
500
561
564
500
392
239
131
-28
-55
-93
-76
-43
-47
-13
20
22
3
-27
-53
-50
-106
-140
-142
-157
-155
-173
-204
-219
-223
-225
-182
-191
-150
-137
-119
-98
-125
-126
-127
-121
-44
90
253
395
491
500
459
357
213
130
-43
-153
-159
-149
-115
-81
-58
-50
-42
-38
-48
-105
-131
-143
-157
-172
-181
-187
-204
-209
-230
-236
-242
-226
-213
-178
-141
-128
-107
-98
-103
-93
-66
-53
119
302
451
534
535
487
377
244
122
-28
-50
-79
-76
-54
-41
11
51
46
25
3
-23
-44
-60
-93
-108
-121
-124
-138
-138
-162
-165
-170
-154
-123
-93
-65
-47
-43
-38
-46
-44
-25
39
123
340
455
555
570
511
419
291
126
2
-35
-47
-67
-49
-58
-15
35
25
3
-25
-44
-44
-108
-125
-150
-153
-155
-177
-207
-209
-225
-217
-214
-205
-199
-156
-133
-131
-135
-131
-114
-82
-42
115
287
403
495
497
453
344
201
122
-42
-140
-145
-129
-113
-93
-49
-57
-44
-43
-53
-110
-141
-157
-175
-193
-199
-195
-213
-235
-241
-250
-253
-249
-230
-201
-172
-143
-126
-121
-128
-105
-62
-45
120
344
457
534
547
483
354
212
134
-36
-46
-109
-81
-46
-44
26
37
35
18
-11
-39
-45
-94
-107
-119
-119
-130
-146
-165
-184
-178
-183
-171
-141
-126
-93
-76
-49
-57
-44
-49
-37
116
291
419
558
585
564
495
356
185
127
-29
-44
-45
-32
-44
9
43
55
34
18
-21
-46
-58
-109
-138
-141
-159
-168
-175
-199
-218
-218
-219
-193
-175
-150
-133
-111
-108
-123
-117
-103
-57
87
190
387
491
523
490
387
262
122
-31
-53
-138
-141
-123
-98
-60
-58
-41
-39
-45
-66
-125
-165
-172
-193
-201
-206
-213
-231
-253
-264
-249
-242
-225
-215
-171
-155
-134
-139
-126
-122
-95
-43
101
283
419
523
535
495
385
262
113
-27
-57
-98
-104
-65
-43
-29
17
20
10
-9
-26
-44
-54
-108
-121
-125
-138
-150
-167
-186
-183
-188
-183
-158
-129
-113
-76
-57
-44
-47
-51
-44
73
129
373
507
596
597
532
417
274
135
-2
-33
-39
-57
-37
3
35
65
49
29
-3
-41
-44
-57
-99
-124
-138
-154
-170
-193
-204
-204
-207
-199
-177
-157
-122
-105
-69
-106
-107
-85
-57
-35
123
331
454
527
511
451
327
175
103
-42
-115
-129
-115
-81
-57
-57
-30
-25
-36
-47
-120
-145
-147
-144
-179
-202
-204
-225
-251
-260
-255
-264
-234
-225
-206
-170
-133
-131
-125
-135
-113
-77
-31
117
355
467
531
514
419
323
165
36
-46
-114
-113
-98
-56
-44
9
33
18
-6
-37
-50
-77
-114
-122
-133
-149
-143
-172
-185
-201
-195
-186
-182
-167
-137
-101
-73
-62
-53
-50
-44
30
116
323
468
553
603
552
468
329
169
119
-32
-39
-45
-44
-2
31
56
53
31
4
-24
-29
-44
-82
-108
-127
-134
-149
-175
-190
-195
-199
-203
-183
-181
-145
-113
-93
-101
-99
-99
-59
-46
115
307
446
527
535
483
395
238
123
-31
-59
-126
-119
-98
-60
-46
-37
-19
-28
-44
-53
-87
-145
-158
-185
-176
-195
-207
-239
-245
-271
-269
-258
-233
-207
-183
-159
-134
-146
-147
-134
-95
-49
119
307
411
511
505
450
347
201
131
-47
-114
-125
-113
-81
-44
-48
18
10
-11
-25
-43
-50
-108
-124
-139
-150
-161
-174
-183
-197
-193
-194
-197
-175
-140
-127
-93
-70
-86
-70
-53
-44
103
256
404
531
587
564
495
371
222
127
-19
-45
-44
-45
-2
21
49
58
51
25
-9
-27
-45
-51
-108
-110
-129
-137
-145
-172
-182
-189
-189
-187
-156
-137
-114
-101
-81
-95
-93
-69
-57
109
261
398
506
539
513
411
282
139
-11
-46
-122
-125
-87
-71
-58
-44
6
-25
-45
-40
-108
-141
-167
-181
-191
-197
-210
-239
-250
-268
-269
-265
-245
-223
-204
-177
-145
-140
-150
-142
-113
-54
113
279
407
490
511
419
351
199
130
-46
-123
-140
-112
-94
-38
-50
-10
1
-8
-34
-44
-102
-125
-135
-150
-153
-168
-191
-204
-223
-214
-210
-209
-187
-151
-124
-93
-82
-69
-66
-55
-60
75
207
387
513
578
555
481
367
213
127
-15
-40
-46
-35
-11
27
42
67
63
25
1
-15
-39
-44
-97
-119
-114
-153
-158
-167
-186
-189
-190
-184
-156
-129
-131
-76
-52
-72
-57
-57
-49
107
291
411
515
550
507
417
278
133
-15
-54
-109
-99
-75
-31
-42
7
-1
-13
-34
-38
-114
-125
-141
-158
-172
-186
-188
-226
-231
-257
-258
-247
-234
-221
-191
-166
-140
-143
-140
-139
-109
-55
119
265
361
484
495
419
345
182
117
-53
-127
-137
-122
-93
-76
-53
-42
-12
-28
-43
-54
-109
-133
-128
-161
-167
-158
-185
-204
-223
-225
-219
-204
-198
-162
-133
-107
-85
-95
-93
-60
-54
94
250
405
523
562
543
469
338
184
117
-37
-39
-49
-53
-29
25
56
70
50
20
-11
-29
-28
-55
-62
-99
-98
-111
-137
-163
-166
-178
-165
-157
-155
-117
-94
-66
-65
-63
-57
-50
-38
115
303
419
530
559
507
406
271
121
-10
-43
-106
-99
-76
-44
-44
9
4
-5
-19
-45
-30
-121
-143
-156
-172
-205
-183
-213
-236
-236
-242
-236
-224
-210
-184
-159
-141
-133
-133
-139
-103
-40
117
291
405
496
482
419
309
158
35
-53
-139
-140
-129
-96
-56
-58
-26
-9
-37
-57
-93
-121
-143
-157
-175
-175
-175
-194
-205
-229
-218
-224
-213
-186
-159
-135
-107
-82
-103
-105
-77
-43
83
180
390
502
563
543
459
325
186
118
-31
-61
-85
-49
-44
20
43
56
45
7
-11
-37
-44
-45
-93
-107
-118
-120
-135
-154
-165
-166
-166
-157
-140
-111
-86
-53
-44
-49
-61
-46
-28
114
305
419
539
579
527
419
292
130
-13
-55
-77
-85
-65
-59
-39
22
31
21
-23
-44
-53
-108
-130
-155
-156
-161
-189
-223
-227
-235
-238
-231
-204
-185
-167
-140
-117
-131
-140
-121
-126
-48
130
295
415
483
491
419
322
180
112
-46
-155
-149
-140
-117
-76
-54
-55
-22
-44
-49
-95
-123
-143
-157
-172
-193
-197
-205
-229
-236
-238
-233
-223
-205
-171
-142
-118
-97
-101
-106
-101
-46
3
125
343
475
547
527
456
350
211
131
-27
-47
-77
-61
-44
-35
20
50
39
15
-6
-25
-47
-55
-107
-121
-115
-129
-149
-156
-171
-175
-181
-171
-140
-119
-93
-59
-53
-42
-44
-54
39
116
294
447
551
566
531
447
303
143
16
-46
-51
-69
-46
-56
3
36
42
7
-24
-30
-55
-111
-127
-140
-156
-171
-173
-205
-221
-227
-225
-235
-220
-195
-165
-143
-134
-118
-114
-93
-53
-43
132
319
447
507
489
407
289
153
1
-43
-142
-146
-123
-107
-70
-59
-45
-43
-56
-47
-116
-145
-165
-170
-195
-189
-197
-212
-236
-251
-262
-262
-255
-221
-186
-165
-128
-111
-114
-83
-66
-55
116
293
419
529
539
501
402
263
125
-22
-54
-108
-95
-63
-45
18
47
51
25
-12
-20
-41
-77
-111
-118
-129
-138
-145
-159
-189
-195
-197
-177
-160
-123
-95
-69
-69
-56
-47
-61
4
113
275
419
533
596
559
502
372
205
148
-39
-44
-58
-61
-48
9
37
62
35
6
-12
-53
-56
-110
-139
-153
-159
-172
-189
-205
-235
-230
-221
-220
-204
-181
-142
-108
-107
-108
-107
-69
-63
113
305
419
511
517
470
355
211
117
-49
-141
-136
-129
-108
-76
-59
-58
-29
-40
-44
-121
-145
-165
-181
-204
-240
-210
-220
-236
-267
-284
-279
-261
-236
-223
-175
-142
-131
-124
-117
-106
-44
75
137
383
493
535
507
417
303
133
-9
-45
-109
-97
-76
-46
-44
-64
24
20
-13
-35
-44
-55
-115
-123
-129
-140
-150
-181
-189
-203
-204
-191
-175
-166
-137
-101
-62
-55
-45
-45
-7
105
259
403
528
593
579
503
407
233
132
-21
-38
-31
-39
-27
5
38
59
52
22
-11
-29
-38
-83
-114
-125
-131
-155
-172
-199
-207
-218
-221
-207
-193
-161
-140
-117
-93
-83
-77
-66
-33
118
285
414
537
595
561
375
243
116
-43
-101
-127
-109
-94
-64
-45
-35
-11
-30
-53
-81
-138
-161
-173
-197
-195
-209
-221
-239
-265
-273
-279
-262
-239
-214
-183
-156
-140
-119
-129
-109
-61
-31
122
342
465
521
500
419
313
155
23
-50
-110
-112
-78
-61
-53
-18
23
20
-12
-37
-43
-97
-118
-133
-137
-155
-157
-171
-182
-204
-206
-204
-190
-169
-139
-108
-78
-56
-65
-49
-44
39
119
341
486
587
595
543
419
279
138
-3
-34
-56
-62
-34
1
35
71
57
49
10
-21
-39
-49
-94
-114
-118
-129
-153
-172
-190
-204
-211
-214
-202
-167
-137
-116
-86
-75
-80
-61
-44
91
222
399
499
539
501
419
297
146
-25
-47
-113
-122
-101
-58
-57
-25
11
-14
-41
-47
-113
-145
-165
-170
-197
-203
-215
-230
-255
-268
-284
-268
-254
-236
-202
-171
-147
-140
-141
-134
-107
-57
93
247
395
491
514
463
361
223
129
-46
-115
-130
-119
-94
-46
-50
11
5
-12
-28
-41
-85
-125
-125
-146
-157
-163
-177
-200
-215
-229
-214
-217
-189
-167
-133
-101
-75
-64
-63
-45
-44
105
269
411
531
582
555
483
343
194
122
-26
-39
-49
-47
-6
43
69
75
61
39
-5
-25
-41
-45
-105
-108
-130
-146
-162
-178
-204
-198
-203
-197
-170
-141
-108
-81
-69
-76
-63
-47
-34
113
321
447
547
547
487
372
243
126
-27
-55
-114
-98
-76
-47
-49
3
1
-30
-45
-45
-108
-140
-156
-178
-178
-187
-206
-237
-249
-257
-279
-277
-253
-265
-202
-159
-140
-137
-140
-118
-81
-55
127
338
458
503
487
404
279
137
-17
-58
-143
-140
-117
-75
-49
-57
1
-7
-38
-45
-76
-115
-140
-154
-155
-166
-178
-189
-208
-210
-227
-221
-221
-185
-162
-126
-107
-85
-76
-73
-42
-53
115
295
419
539
579
535
419
319
149
21
-37
-41
-67
-43
-41
35
54
65
57
19
-5
-32
-42
-47
-93
-101
-114
-134
-153
-178
-185
-188
-205
-190
-165
-140
-103
-76
-61
-28
-58
-55
70
88
359
487
553
679
475
356
213
119
-37
-75
-114
-77
-46
-60
-19
20
11
-19
-41
-62
-122
-146
-156
-175
-190
-193
-205
-233
-236
-253
-261
-285
-249
-220
-175
-149
-155
-130
-140
-108
-43
67
133
371
469
501
461
358
257
129
-34
-141
-149
-143
-108
-74
-58
-51
-12
-22
-44
-44
-126
-141
-158
-171
-172
-178
-190
-214
-236
-234
-241
-249
