-177
-157
-154
-158
-191
-208
-174
-76
-48
146
335
379
372
324
217
146
31
-15
-29
-40
-37
-8
52
53
70
33
27
21
-22
1
-14
-23
-22
-23
-49
-33
-22
-75
-124
-143
-160
-190
-175
-186
-137
-113
-103
-87
-114
-121
-122
-61
9
148
340
419
455
419
314
218
149
50
19
20
58
71
100
96
126
117
102
74
52
47
40
26
13
24
-12
-7
-21
-13
-29
-140
-141
-186
-173
-161
-153
-118
-108
-93
-109
-109
-129
-97
-17
137
286
382
409
387
315
199
139
14
-9
-14
-12
7
27
53
37
57
34
30
-7
-28
-15
-28
-37
-37
-62
-69
-77
-54
-122
-162
-206
-220
-232
-238
-232
-189
-170
-158
-170
-181
-204
-174
-83
-34
137
299
371
383
330
235
165
18
2
-26
-37
-28
-29
9
49
59
55
33
14
2
-11
-27
-15
-45
-31
-15
-16
-33
-73
-101
-147
-189
-187
-203
-172
-152
-127
-99
-108
-106
-114
-137
-60
-17
106
365
419
535
419
337
223
156
75
25
23
27
66
91
91
123
126
87
72
75
43
46
35
9
20
-5
-1
-6
-21
-31
-109
-137
-182
-170
-172
-152
-140
-108
-93
-97
-108
-146
-109
-28
130
308
379
415
398
350
232
144
25
-13
-25
-11
-12
31
47
65
55
53
21
-1
-6
-29
-21
-32
-61
-85
-65
-76
-82
-108
-166
-195
-209
-255
-223
-219
-187
-169
-151
-156
-181
-207
-177
-99
-15
131
303
367
373
309
243
150
36
-3
-18
-12
-35
-3
30
42
47
45
20
20
-2
1
-6
-33
-10
-25
-13
-18
-44
-47
-107
-156
-181
-178
-187
-161
-146
-114
-94
-82
-120
-120
-124
-14
-13
151
340
415
459
407
345
214
135
50
20
31
55
52
98
103
116
113
109
71
39
49
31
34
14
2
2
5
-17
-28
-39
-121
-154
-178
-175
-167
-144
-86
-101
-93
-108
-109
-119
-53
-23
135
319
403
405
379
308
195
151
33
-21
-12
-14
-2
20
70
64
52
37
8
-12
-3
-34
-28
-44
-58
-44
-76
-78
-114
-137
-178
-224
-229
-256
-231
-211
-186
-170
-170
-170
-182
-203
-123
-28
116
244
341
375
357
281
179
134
-15
-21
-21
-23
4
45
41
70
42
36
15
1
-19
-18
-5
-10
-21
-28
-14
-33
-49
-93
-126
-175
-185
-202
-194
-169
-121
-81
-86
-86
-125
-109
-85
-41
147
312
416
459
419
358
251
146
105
35
23
25
73
86
106
118
131
101
74
64
65
37
32
20
20
14
20
-12
-13
-28
-109
-139
-183
-190
-179
-159
-135
-99
-76
-108
-119
-121
-94
-44
141
261
369
391
390
361
244
147
33
1
-11
-9
7
31
52
63
52
36
24
13
-12
-38
-42
-26
-33
-60
-47
-74
-78
-137
-156
-205
-231
-241
-239
-233
-198
-182
-170
-161
-166
-186
-167
-102
-44
155
297
362
353
303
229
153
21
-22
-28
-29
-37
11
39
34
52
47
19
15
-29
-17
-17
-28
-27
-8
-23
-34
-76
-103
-134
-140
-185
-204
-186
-172
-158
-113
-99
-103
-121
-130
-113
-34
93
209
361
419
419
371
308
169
139
22
30
49
52
84
105
119
117
114
85
93
59
47
37
20
-1
24
17
10
-9
-22
-140
-137
-156
-177
-172
-155
-129
-102
-76
-63
-85
-130
-93
-32
103
227
346
406
397
326
247
159
81
-6
-15
3
25
20
52
53
53
51
27
7
3
-19
-28
-41
-28
-48
-69
-76
-95
-137
-156
-210
-229
-251
-236
-222
-198
-172
-165
-156
-172
-189
-155
-55
-27
144
308
351
355
278
191
146
5
-8
-30
-44
-9
10
43
41
39
31
11
5
-9
-16
-19
-13
-19
-35
-33
-15
-127
-111
-139
-172
-190
-208
-194
-169
-139
-98
-107
-81
-139
-126
-73
-21
151
309
381
419
383
349
225
145
59
31
19
30
69
85
99
114
121
100
99
74
53
51
41
20
8
31
15
-1
-14
-13
-123
-163
-179
-175
-165
-146
-114
-99
-94
-94
-108
-121
-29
-14
153
323
386
395
361
290
184
145
33
-3
11
-12
22
38
55
63
57
55
8
-10
-14
-26
-23
-25
-13
-44
-53
-100
-121
-151
-207
-231
-238
-241
-226
-199
-173
-140
-157
-165
-173
-162
-66
-15
153
282
337
335
313
209
143
16
-25
-40
-34
-33
-10
23
45
31
19
13
-11
-29
-32
-28
-43
-23
-37
-32
-32
-58
-108
-143
-177
-194
-197
-181
-154
-145
-108
-111
-105
-114
-121
-57
-16
142
291
383
414
379
327
227
146
61
33
47
24
59
76
97
116
94
110
69
71
55
41
21
31
31
21
30
-1
-11
-24
-130
-155
-172
-190
-169
-127
-96
-95
-77
-82
-108
-76
-25
119
256
341
409
399
339
255
147
131
33
-2
5
10
46
35
71
67
46
31
20
-13
-17
-12
-25
-37
-27
-13
-66
-86
-134
-173
-229
-250
-253
-233
-209
-149
-149
-149
-153
-175
-158
-101
-19
127
254
321
339
305
226
134
30
-22
-29
-38
-22
-5
20
27
36
20
21
-12
-12
-28
-25
-28
-46
-27
-31
-51
-63
-108
-129
-190
-210
-215
-205
-187
-156
-125
-104
-108
-107
-111
-47
-12
148
307
372
391
371
296
217
134
57
27
38
53
52
90
106
90
71
82
70
51
47
41
33
37
35
28
65
-1
-12
-77
-127
-159
-169
-169
-153
-117
-97
-65
-76
-82
-73
-39
23
148
340
375
383
357
306
187
155
36
20
5
21
39
64
79
55
49
55
10
-10
-12
68
-18
-43
-54
-27
-28
-79
-97
-172
-204
-229
-252
-225
-210
-161
-117
-127
-157
-162
-125
-61
-39
130
263
329
308
276
192
145
37
-14
-25
-27
-31
-18
11
9
31
1
-15
-12
-10
-29
-31
-12
-41
-31
-41
-61
-99
-141
-182
-220
-229
-229
-205
-166
-129
-131
-108
-124
-140
-93
-26
121
242
329
366
372
325
243
159
98
50
32
35
62
57
87
83
95
80
72
41
22
27
36
15
23
20
21
-14
-34
-99
-149
-167
-167
-169
-140
-111
-61
-57
-60
-67
-76
-43
52
123
331
374
393
351
305
211
135
59
44
19
46
44
53
72
83
52
51
22
-13
-6
2
-11
-12
-24
-7
-34
-38
-110
-170
-209
-225
-225
-223
-202
-159
-134
-130
-137
-129
-129
-37
52
155
294
334
331
277
199
152
20
-11
-28
-34
-22
-9
7
18
15
-8
-10
-26
-25
-32
-28
-40
-23
-22
-59
-104
-125
-176
-217
-229
-253
-239
-190
-159
-154
-119
-118
-143
-125
-54
-12
149
276
351
372
339
279
187
147
42
12
41
29
30
53
69
91
59
74
37
27
30
27
25
20
19
9
-5
-28
-105
-121
-179
-193
-158
-156
-129
-79
-59
-66
-62
-61
-37
-7
147
303
383
407
391
337
253
168
145
53
34
93
52
63
90
95
83
43
52
32
21
14
-5
-12
2
-12
-28
-25
-108
-172
-198
-217
-222
-214
-185
-169
-141
-113
-109
-119
-112
-45
-45
135
281
311
323
315
244
150
55
13
-7
-12
-9
-1
20
19
18
-13
-5
0
-36
-29
-64
-63
-54
-42
-77
-103
-83
-175
-203
-242
-268
-236
-221
-173
-159
-133
-138
-151
-139
-71
-30
127
266
320
347
327
278
189
137
41
19
25
54
43
67
70
78
79
55
42
15
14
3
19
26
10
3
13
-33
-79
-138
-175
-194
-199
-172
-140
-121
-65
-59
-61
-44
-29
-12
135
289
369
415
404
355
291
178
139
65
74
69
109
71
89
112
84
71
54
40
39
22
7
7
20
23
-5
-27
-76
-157
-183
-225
-223
-226
-172
-158
-140
-122
-108
-109
-110
-37
-12
150
291
340
335
294
227
131
68
17
-26
-7
-1
3
15
47
27
33
-5
-1
-44
-30
-39
-49
-61
-44
-60
-93
-142
-182
-236
-268
-273
-269
-229
-206
-169
-141
-136
-137
-141
-75
-29
97
137
291
323
323
263
166
149
20
17
17
20
27
37
55
70
52
41
31
21
6
15
-3
20
11
8
-5
-28
-105
-133
-178
-197
-191
-209
-129
-121
-64
-65
-75
-81
-49
-22
123
247
347
383
403
375
277
185
151
65
67
63
87
101
93
117
107
84
78
31
27
55
23
-3
9
35
17
-10
-18
-111
-159
-201
-202
-203
-187
-146
-121
-93
-105
-110
-97
-57
-21
141
263
335
351
323
250
151
162
3
-6
4
20
17
38
41
37
19
25
-6
-18
-34
-29
-19
-38
-44
-41
-69
-111
-170
-204
-252
-273
-262
-257
-213
-186
-165
-153
-150
-173
-118
-76
-11
139
291
323
347
290
211
145
21
-1
0
-3
-10
36
32
51
51
59
27
-3
-11
-12
-10
-3
-12
-2
1
-38
-70
-121
-169
-203
-220
-189
-154
-81
-129
-98
-93
-122
-69
-34
5
147
298
372
386
355
310
222
175
116
55
53
78
51
84
110
101
111
84
63
57
52
31
24
17
41
6
-2
14
-79
-153
-183
-179
-205
-191
-147
-139
-109
-105
-105
-98
-81
-29
95
147
307
358
366
291
233
146
58
20
18
-1
20
24
43
46
68
35
20
3
-9
11
-37
-29
-28
-34
-35
-62
-109
-165
-220
-262
-251
-265
-241
-199
-179
-159
-153
-163
-172
-118
-19
67
139
297
327
290
254
186
135
3
-9
-15
-12
-1
19
27
47
37
19
31
3
-10
-9
-11
-14
-44
-14
-12
-18
-79
-140
-173
-221
-219
-215
-172
-138
-87
-93
-108
-112
-79
-48
-9
135
293
363
409
359
294
212
161
79
39
62
55
72
88
105
110
114
101
58
50
65
57
37
33
39
41
25
-3
-42
-113
-159
-162
-158
-187
-149
-109
-65
-49
-81
-93
-76
-59
84
145
288
370
377
340
262
180
145
35
-2
10
10
33
47
49
37
52
31
24
-7
15
-21
-12
-37
-30
-25
-47
-95
-125
-168
-229
-253
-253
-225
-205
-179
-149
-141
-157
-186
-150
-101
-28
127
231
289
305
287
207
148
31
-9
-27
-31
-9
5
41
48
35
38
-15
3
-11
-22
-39
-30
-34
-28
-27
-19
-39
-108
-156
-201
-219
-229
-200
-159
-119
-105
-107
-79
-121
-93
-33
69
151
330
363
375
340
259
170
155
67
52
49
59
66
84
87
100
84
84
36
63
67
52
9
14
33
36
29
-25
-26
-93
-141
-172
-169
-159
-149
-97
-61
-59
-73
-110
-65
-29
105
169
337
374
367
339
251
149
139
10
11
22
35
35
51
59
59
50
36
17
15
-10
-17
-17
-28
-18
-25
-45
-81
-128
-173
-204
-227
-238
-220
-182
-139
-135
-128
-128
-179
-140
-69
-19
117
244
326
308
261
203
138
31
-17
-27
-18
-28
-11
22
34
43
23
5
-6
-18
-27
-27
-28
-28
-81
-53
-50
-76
-122
-166
-202
-204
-222
-203
-166
-149
-109
-122
-140
-109
-102
-45
20
147
302
353
354
327
259
