31
35
19
39
29
27
50
9
-9
23
19
35
50
49
83
129
145
210
206
183
162
147
123
71
34
20
19
19
14
3
1
-11
-5
-5
-12
-12
-49
-29
-53
-71
-78
-85
-81
-58
-93
-58
-66
-71
-63
-99
-117
-79
-85
-87
-84
-77
-40
-33
-61
64
89
82
66
75
-1
13
-40
-25
-29
-57
-65
-76
-65
-58
-61
-51
-64
-72
-75
-86
-93
-93
-95
-96
-75
-96
-69
19
-44
-61
-49
-75
-53
-51
-78
16
-104
-37
-34
-12
14
63
95
127
135
155
146
157
148
133
84
58
47
20
45
43
53
58
45
63
35
51
52
29
21
-6
10
26
18
37
31
34
34
27
47
49
18
27
19
26
20
43
29
81
100
125
149
226
225
185
159
114
122
84
35
26
58
20
26
47
17
13
20
5
-29
-14
-37
-45
-44
-70
-55
-51
-49
-43
-58
-75
-63
-66
-64
-73
-84
-85
-106
-81
-86
-53
-66
63
-19
39
95
99
87
52
36
20
-12
-22
-34
-58
-85
-73
-73
-58
-77
-71
-73
-71
-72
-76
-95
-95
-131
-97
-85
-80
-76
-76
-57
-65
-84
-77
-61
-54
-78
-77
-77
-62
-44
-44
-39
29
84
129
131
183
148
131
133
71
68
51
34
6
-21
131
51
50
43
33
47
34
19
18
9
20
3
11
29
23
19
20
29
31
34
39
31
29
27
29
27
55
51
52
70
57
143
222
229
207
217
147
137
145
75
58
34
11
24
39
20
25
41
1
17
19
27
-34
-22
-43
-25
-53
-75
-63
-44
-49
-29
-51
-55
-54
-101
-110
-107
-82
-65
-59
-58
-59
-40
-12
81
116
110
80
50
27
2
-28
-29
-43
-77
-70
-58
-63
-65
-83
-65
-67
-75
-83
-113
-117
-101
-102
-118
-109
-108
-93
-81
-79
13
-6
-67
-62
-67
-93
-79
-65
-76
-28
-43
-13
70
55
81
116
120
202
75
84
52
87
31
53
51
58
35
39
35
62
106
21
84
31
57
9
-8
10
74
58
13
47
41
51
36
38
36
37
27
21
35
41
61
58
91
123
149
261
255
202
180
163
143
118
74
57
25
55
52
67
3
43
33
19
21
-14
9
-9
-31
-39
-44
-38
-42
-50
-39
-40
-38
-46
-44
-33
-61
-76
-79
-59
-47
-74
-40
-25
-69
84
107
142
107
55
58
25
-17
-28
-28
-47
-57
-58
-42
-85
-49
-58
-75
-99
-70
-109
-129
-122
-127
-120
-125
-108
-115
-165
-76
-18
-75
-67
-93
-108
-67
-82
-79
-93
-70
-58
-32
27
98
130
116
133
118
113
91
46
23
55
36
19
-2
20
8
43
35
31
22
22
-9
-13
-3
-23
7
-7
14
14
14
19
33
36
34
35
35
3
20
21
43
45
53
95
131
131
235
244
217
186
178
147
103
116
91
50
39
41
37
34
43
55
31
25
0
1
-39
-7
-12
-25
-19
-31
-29
-41
-14
-29
-17
-26
5
-39
-43
-47
-66
-44
-58
-61
-69
26
75
131
131
134
83
35
35
21
-27
-50
-38
-41
-61
-77
-47
-66
-50
-85
-78
-108
-107
-141
-189
-120
-135
-149
-129
-127
-107
-67
-105
-76
-67
-76
-93
-105
-93
-81
-63
-58
-57
-37
29
87
117
135
131
74
79
62
41
35
-10
-21
-1
11
10
-1
11
25
4
3
-13
-21
-23
-76
33
-14
43
10
3
19
9
19
7
19
31
7
13
14
33
27
58
58
91
135
135
217
251
231
198
177
146
183
131
71
50
39
83
63
39
33
58
38
42
35
-28
-44
-13
19
-18
-14
-17
-21
-7
1
-16
-28
-11
-28
-33
-27
-41
-37
-29
-27
-33
5
58
103
148
175
116
67
69
53
7
-5
-14
-12
-44
-49
-55
-71
-65
-73
-70
-57
-65
-81
-118
-140
-114
-134
-109
-131
-112
-115
-117
-105
-113
-109
-117
-93
-103
-97
-93
-77
-74
-44
-47
-21
75
147
133
129
101
84
63
43
-10
-34
-43
-5
-9
8
3
18
14
7
-7
-21
-44
-23
-39
-17
-28
-11
-49
-12
-13
-10
4
14
1
3
21
4
-7
14
34
54
68
86
142
114
229
238
224
193
177
143
148
131
83
51
63
58
78
65
52
52
69
38
22
35
-1
17
10
-29
-29
-23
9
-25
-21
7
-9
-12
-23
-10
-38
-29
-32
-27
-27
-6
20
67
115
130
137
130
149
49
35
4
-14
-41
-33
-50
-45
-22
-38
-42
-46
-33
-70
-75
-106
-109
-120
-138
-122
-140
-113
-118
-108
-94
-105
-118
-125
-106
-124
-117
-102
-107
-85
-74
-57
-45
22
100
118
127
91
69
66
29
5
-28
-26
-18
-37
-34
-49
-17
-41
-6
-21
-9
-11
-49
-9
-44
-23
-44
-32
-31
-20
-34
-19
-12
-14
-1
-2
-11
1
-3
17
42
31
62
111
123
199
255
243
190
169
162
118
130
81
63
52
70
55
65
52
53
82
65
58
37
27
11
11
0
-26
11
-7
-7
23
1
3
6
-11
-2
-27
-5
-42
-5
9
-5
14
62
122
143
180
158
179
142
63
51
2
-12
-31
-25
-21
-38
-33
-43
-28
-37
-45
-28
-70
-85
-117
-130
-140
-127
-120
-136
-93
-97
-105
-113
-106
-101
-117
-117
-133
-109
-108
-73
-77
-32
-21
79
103
123
94
58
42
26
-12
-14
-25
-44
-28
-29
-33
-33
-17
-13
-33
-34
-47
-31
-69
-57
-71
-58
-44
-47
-37
-61
-34
-53
-22
-25
-27
-18
-39
-31
21
9
42
47
79
117
131
221
227
219
180
159
141
132
117
79
78
61
79
67
53
54
63
68
48
55
38
29
23
39
33
36
3
23
29
14
29
17
7
-1
-6
-5
-14
8
10
29
29
62
115
135
190
226
158
131
155
72
36
8
-12
-9
-12
14
-11
-10
-23
-19
-22
-11
-28
-62
-86
-97
-111
-111
-107
-106
-93
-109
-105
-101
-108
-93
-77
-108
-108
-101
-108
-79
-58
-54
-46
-41
74
101
100
94
49
46
2
-12
-29
-55
-42
-34
-46
-29
-45
-69
-38
-27
-39
-50
-69
-57
-57
-81
-77
-49
-50
-69
-38
-32
-46
-53
-29
-43
-45
-42
-34
5
20
39
39
91
137
161
226
219
186
164
147
127
129
84
67
52
57
82
75
58
79
79
83
50
52
29
37
33
34
20
14
20
34
25
19
17
23
26
19
-8
21
14
7
13
53
66
94
125
136
214
187
169
163
150
116
51
20
0
-17
2
-13
5
3
-25
-6
-14
-13
-28
-47
-29
-99
-77
-79
-76
-77
-99
-76
-105
-75
-76
-75
-105
-123
-97
-113
-105
-71
-65
-44
-46
41
105
116
102
81
20
35
-2
-26
-47
-47
-58
-40
-44
-34
-46
-44
-46
-23
-66
-57
-58
-65
-75
-101
-79
-62
-76
-51
-51
-55
-49
-37
-33
-44
-41
-44
-23
-49
27
21
49
87
127
186
201
199
167
137
123
147
85
38
58
63
58
66
67
66
65
84
71
46
23
8
20
47
33
14
35
36
45
38
38
48
36
26
20
13
25
23
41
53
63
89
130
130
212
224
186
163
123
138
79
54
9
34
20
36
17
23
5
14
-2
-25
-9
-45
-47
-44
-44
-76
-76
-63
-75
-70
-79
-50
-55
-86
-81
-101
-105
-101
-75
-103
-66
-58
-50
79
117
114
114
87
39
34
-12
-37
-44
-74
-70
-58
-69
-75
-49
-19
-44
-41
-58
-86
-94
-108
-74
-80
-59
-76
-51
-42
-46
-49
-61
-69
-28
-58
-66
-59
-55
-43
-39
-5
27
63
102
133
183
181
161
143
123
127
77
35
19
37
48
37
55
46
52
57
67
52
39
16
37
34
51
39
20
29
25
41
42
27
52
45
25
19
20
10
45
58
68
69
97
135
203
247
215
211
167
117
143
67
36
14
-2
3
31
17
20
23
27
35
-5
-11
-9
-44
-37
-26
-34
-25
-50
-54
-71
-65
-69
-76
-76
-85
-82
-73
-77
-69
-49
-29
-44
-45
33
84
99
90
65
51
19
-9
-28
-28
-19
-63
-75
-76
-63
-65
-69
-65
-69
-86
-93
-109
-109
-106
-102
-108
-109
-93
-96
-80
-77
-93
-79
-62
-69
-65
-70
-67
-62
-44
-43
-58
34
74
129
131
143
147
127
107
87
52
27
11
26
20
50
43
34
51
56
47
49
33
17
1
1
8
17
13
20
6
6
22
24
41
52
29
17
-6
26
46
47
52
58
115
126
195
227
222
200
169
147
145
95
57
31
34
51
42
36
23
26
52
39
13
-14
-21
-19
-37
-41
-39
-34
-26
-42
-69
-54
-35
-63
-56
-76
-79
-77
-93
-71
-61
-56
-43
-45
47
85
117
115
83
55
26
14
-6
-37
-31
-67
-49
-65
-67
-73
-81
-63
-62
-67
-105
-94
-111
-120
-117
-99
-124
-117
-105
-97
-101
-73
-69
-74
-77
-93
-76
-81
-58
-59
-47
-54
-49
55
87
137
119
147
113
118
63
73
46
-5
-13
10
14
41
20
37
41
43
29
-6
26
-9
-11
-5
-6
-4
1
26
27
29
58
13
27
2
27
16
21
39
37
47
66
107
138
195
231
231
225
185
166
139
130
52
52
65
37
49
41
37
39
63
29
42
-11
-10
-12
-11
-26
-21
-45
-25
-26
-33
-42
-40
-29
-29
-44
-44
-54
-57
-55
-50
-18
-39
-14
52
87
131
129
132
55
45
31
-2
-38
-42
-57
-58
-57
-75
-77
-65
-63
-85
-67
-101
-112
-133
-123
-129
-118
-114
-98
-109
-95
-97
-107
-85
-108
-93
-105
-109
-85
-75
-51
-43
-44
-40
25
90
131
145
138
153
87
83
58
35
-14
7
11
21
3
11
17
35
23
20
23
6
-12
-23
-8
9
-14
-14
14
26
1
20
-8
29
7
13
11
-6
29
43
53
67
99
133
145
255
258
233
199
163
145
137
143
65
52
81
67
58
65
58
42
46
19
-9
-11
7
-12
-28
-14
-12
-37
-14
-23
-13
-26
-23
-23
-44
-22
-45
-58
-51
-27
-33
-28
-28
31
103
129
118
148
79
42
32
6
-3
-41
-33
-46
-69
-46
-53
-55
-76
-75
-76
-93
-106
-133
-136
-131
-111
-117
-101
-123
-108
-107
-120
-109
-76
-99
-113
-108
-113
-109
-86
-64
-41
-29
-10
90
116
144
142
102
65
57
26
-1
-12
-27
-7
-12
19
-7
9
20
14
-12
3
-25
-21
-41
-9
-27
-6
-8
26
21
13
27
20
5
26
-14
14
20
13
49
63
67
102
118
131
253
247
223
200
168
143
143
137
58
52
81
79
48
56
55
71
51
29
6
6
-3
-14
5
-5
-29
-9
-41
-26
-5
-24
-17
-17
-29
-27
-31
-35
-53
-41
-9
-9
10
63
137
133
131
127
117
52
22
5
-21
-29
