89
117
151
179
158
134
131
82
61
38
30
36
34
21
-11
-25
-41
-82
-74
-44
-42
-39
-12
6
13
-5
1
47
117
137
291
308
267
187
139
-8
-44
-127
-123
-75
-29
70
113
119
105
79
42
2
-21
-22
-37
-44
-57
-53
-96
-122
-146
-154
-163
-142
-123
-108
-105
-109
-113
-113
-109
-103
-44
-21
129
153
212
159
135
-16
-45
-173
-203
-170
-121
-61
-25
75
83
58
22
-5
-22
-41
-83
-79
-67
-74
-81
-105
-131
-139
-142
-137
-111
-99
-81
-73
-59
-46
-64
-44
-38
-28
123
142
270
291
243
163
132
-9
-29
-101
-93
-47
-28
99
137
133
142
136
79
63
55
36
23
17
19
15
-5
-12
-42
-33
-44
-32
-29
7
20
26
15
24
19
71
126
226
310
319
276
190
147
15
-30
-74
-83
-43
-39
94
134
117
127
101
73
35
9
-21
-38
-37
-29
-33
-49
-82
-99
-109
-108
-119
-105
-108
-95
-77
-81
-70
-58
-45
-37
89
134
227
217
149
115
-34
-137
-175
-202
-166
-97
-35
-17
40
35
20
-16
-28
-50
-99
-95
-93
-108
-109
-107
-119
-124
-145
-161
-161
-143
-138
-121
-113
-93
-83
-73
-60
-29
-1
122
161
259
229
158
135
-6
-43
-129
-141
-101
-44
-17
86
110
130
105
81
42
30
3
-12
-11
-5
-26
-14
-39
-29
-57
-73
-58
-39
-41
-13
-5
1
6
35
57
124
127
271
326
338
276
180
137
9
-27
-51
-61
-41
52
122
119
131
138
139
84
56
38
10
-12
-13
-10
-25
-30
-30
-77
-83
-93
-66
-72
-71
-72
-51
-44
-40
-12
-18
78
135
230
251
212
141
46
-33
-117
-166
-157
-126
-55
-28
54
70
55
34
-13
-37
-34
-75
-103
-113
-101
-110
-133
-140
-167
-172
-173
-151
-153
-135
-110
-108
-127
-102
-77
-58
-44
52
118
134
213
169
136
10
-25
-129
-165
-160
-95
-44
-23
84
87
70
58
41
6
-12
-30
-33
-32
-27
-29
-69
-61
-71
-79
-73
-81
-49
-44
-45
-38
-43
-13
17
78
131
230
307
311
271
187
135
30
-13
-29
-49
-41
78
133
139
187
169
131
133
78
50
35
20
13
14
7
-12
-37
-38
-28
-34
-46
-44
-50
-44
-24
-28
-15
-4
30
72
134
244
279
257
186
139
1
-45
-114
-123
-107
-46
-14
67
81
84
63
37
5
-17
-41
-30
-81
-76
-95
-101
-130
-140
-147
-144
-142
-137
-142
-135
-133
-146
-130
-121
-77
-49
-14
131
127
198
161
148
-22
-29
-143
-171
-163
-109
-29
-33
49
52
52
30
0
-19
-42
-30
-30
-76
-61
-81
-114
-109
-109
-117
-105
-75
-76
-76
-67
-70
-61
-43
-28
-23
107
149
271
294
246
166
137
-2
-44
-104
-98
-50
-44
99
132
135
116
148
138
71
55
33
28
20
21
20
2
-2
-32
-37
-37
-28
-21
2
9
-19
-17
5
3
61
113
142
276
311
276
212
147
20
-25
-45
-102
-79
-43
52
100
118
99
85
50
19
8
-26
-23
-34
-46
-41
-97
-119
-140
-133
-123
-126
-122
-99
-93
-82
-81
-93
-61
-49
-37
119
142
194
158
130
-9
-35
-156
-204
-204
-165
-93
-42
-24
34
23
1
-12
-29
-48
-76
-98
-102
-99
-108
-133
-157
-172
-171
-143
-137
-109
-103
-103
-97
-98
-76
-73
-41
-29
116
137
244
214
153
130
-7
-42
-129
-124
-103
-53
13
109
119
120
101
65
48
22
5
-17
-15
-28
-34
-21
-44
-60
-47
-44
-30
-50
-28
-5
-12
7
37
25
80
116
211
299
337
294
223
145
84
-38
-45
-76
-44
-40
89
121
137
131
143
115
51
26
15
-1
-25
-21
-44
-23
-46
-94
-109
-94
-102
-95
-76
-66
-59
-46
-45
-37
-44
27
114
143
246
225
159
129
-21
-42
-140
-167
-141
-71
-34
54
53
35
27
-12
-12
-44
-41
-111
-119
-119
-114
-127
-149
-169
-173
-170
-149
-137
-131
-140
-102
-98
-76
-69
-40
-36
99
145
218
222
163
131
2
-44
-133
-139
-119
-58
-53
75
113
93
94
68
33
18
-7
-15
-30
-41
-46
-44
-30
-61
-76
-71
-44
-43
-34
-45
-33
-28
-12
7
49
84
128
254
337
340
281
211
133
30
-19
-28
-33
13
84
131
145
180
165
139
144
98
51
33
10
-6
-3
-1
-15
-18
-37
-32
-44
-37
-44
-29
-33
-30
-14
-9
17
49
96
120
265
280
228
161
135
-5
-45
-111
-108
-75
-28
-11
81
91
66
39
27
-22
-14
-41
-79
-85
-118
-147
-150
-158
-162
-166
-157
-138
-127
-142
-140
-140
-145
-137
-108
-54
-50
105
119
201
161
148
-21
-44
-151
-174
-172
-124
-67
-29
57
55
51
20
1
-12
-43
-44
-76
-111
-118
-121
-114
-127
-134
-123
-101
-102
-93
-85
-105
-69
-45
-38
-41
57
131
244
290
287
203
137
27
-14
-28
-98
-65
-25
66
118
131
148
148
139
130
78
43
21
3
-5
-12
-27
-28
-35
-45
-30
-29
-27
-5
-12
-21
-17
11
23
61
133
234
322
323
286
180
139
21
-34
-44
-77
-42
-33
83
118
139
123
90
61
26
10
-12
-13
-27
-73
-76
-105
-104
-127
-124
-118
-107
-93
-102
-117
-106
-96
-69
-44
-39
53
121
212
222
179
135
1
-39
-149
-189
-183
-124
-56
-28
37
37
38
16
-10
-22
-39
-86
-82
-82
-117
-137
-151
-163
-155
-156
-137
-123
-113
-115
-101
-99
-81
-65
-44
-44
82
147
257
263
211
148
81
-26
-45
-129
-122
-63
-37
84
124
119
124
96
69
46
23
18
-13
-29
-21
-39
-39
-44
-74
-66
-45
-40
-50
-29
-6
-9
16
27
43
59
116
239
308
372
311
233
142
122
-12
-41
-80
-49
-30
99
119
128
151
145
146
67
41
17
-11
-26
-41
-41
-81
-80
-103
-98
-77
-73
-61
-65
-60
-58
-57
-37
-37
-41
52
148
231
275
238
144
127
-12
-41
-157
-158
-134
-55
-30
70
78
55
20
7
-30
-39
-75
-111
-120
-128
-155
-156
-156
-175
-182
-173
-151
-141
-140
-133
-113
-105
-73
-65
-43
-35
106
131
248
235
153
128
-22
-39
-134
-165
-121
-43
-35
90
117
101
84
52
35
6
-12
-26
-39
-44
-74
-81
-79
-93
-93
-69
-74
-50
-40
-39
-45
-35
-22
15
25
87
141
299
357
330
255
167
135
15
-17
-38
-35
34
99
148
187
180
153
140
123
71
47
5
-10
-13
-28
-41
-34
-37
-61
-58
-55
-39
-44
-40
-22
-41
-42
-23
35
69
135
244
299
287
222
132
20
-27
-102
-124
-123
-46
-32
70
86
99
78
39
9
-18
-13
-42
-94
-110
-109
-150
-149
-153
-172
-171
-170
-159
-153
-141
-147
-142
-128
-109
-71
-44
39
131
212
219
163
148
-26
-47
-147
-172
-140
-108
-33
-22
69
57
51
36
-7
-23
-29
-26
-61
-76
-93
-118
-136
-133
-134
-129
-122
-74
-94
-78
-67
-65
-57
-48
-39
21
119
142
293
319
270
184
135
-9
-25
-85
-93
-47
-17
113
127
137
170
134
139
87
47
43
30
20
6
-6
-30
-28
-40
-39
-37
-57
-35
-11
-12
-22
-25
-8
20
59
119
141
287
339
285
205
139
13
-30
-43
-107
-65
-23
80
123
122
120
99
49
21
3
-10
-30
-45
-42
-79
-108
-109
-130
-130
-151
-121
-113
-101
-107
-106
-107
-101
-78
-42
-34
84
135
227
225
143
107
-17
-134
-191
-190
-173
-122
-6
-38
45
55
33
-5
-7
-46
-41
-71
-93
-94
-113
-141
-150
-158
-172
-149
-138
-126
-107
-108
-97
-85
-78
-55
-38
-35
119
130
299
276
198
147
27
-30
-107
-134
-103
-44
-30
111
130
137
134
87
55
33
20
-10
-11
-26
-34
-25
-30
-51
-59
-46
-53
-29
-43
-13
-12
-9
10
23
45
97
132
274
337
326
290
198
137
18
-24
-71
-69
-43
46
111
139
143
145
123
70
37
10
-11
1
-27
-30
-38
-55
-113
-110
-110
-101
-97
-76
-58
-58
-53
-60
-61
-48
-41
73
135
228
267
227
148
105
-24
-119
-169
-167
-129
-54
-41
39
52
37
20
-17
-30
-43
-102
-108
-131
-131
-141
-157
-167
-193
-183
-177
-167
-156
-121
-111
-114
-98
-98
-75
-59
-30
113
138
254
239
159
139
-12
-43
-149
-154
-114
-44
-27
87
106
105
86
46
25
-5
-18
-33
-37
-33
-51
-41
-65
-73
-76
-94
-66
-56
-46
-37
-44
-45
-30
11
21
97
134
282
347
338
279
186
135
11
-23
-30
-28
-27
79
131
135
175
139
146
142
51
34
11
7
-12
-9
-10
-41
-44
-40
-69
-61
-59
-47
-46
-42
-29
-44
-41
-2
25
116
139
259
297
251
160
133
-23
-35
-109
-139
-105
-41
30
75
86
70
55
19
-21
-44
-59
-77
-98
-108
-102
-143
-166
-156
-158
-174
-163
-153
-155
-143
-153
-133
-127
-108
-76
-35
91
139
235
191
147
82
-25
-103
-166
-192
-155
-93
-29
51
84
81
46
15
-12
-11
-34
-29
-63
-75
-69
-95
-108
-109
-114
-119
-82
-82
-71
-75
-71
-49
-39
-38
-25
53
123
257
309
309
251
157
123
-10
-51
-95
-69
-24
85
141
136
153
163
137
131
75
52
22
3
7
-9
-17
-26
-25
-30
-38
-39
-44
-44
-34
-29
-28
-13
3
35
82
116
244
330
323
278
163
145
-11
-43
-102
-76
-57
-28
83
107
112
98
71
39
11
-15
-28
-27
-29
-95
-111
-137
-141
-140
-152
-146
-117
-118
-111
-93
-112
-112
-82
-76
-49
-43
115
146
227
182
131
-9
-40
-171
-201
-193
-165
-81
-34
52
52
38
26
-12
-29
-46
-45
-93
-123
-121
-138
-145
-162
-146
-170
-133
-124
-110
-97
-107
-103
-102
-77
-43
-44
71
131
251
278
270
163
132
6
-44
-120
-117
-73
-28
75
117
134
147
147
82
61
35
11
-7
-3
-23
-32
-28
-37
-39
-44
-33
-33
-30
-25
-12
-12
-9
9
23
65
119
149
285
356
336
246
150
123
-3
-41
-76
-59
-39
75
129
139
145
154
75
49
20
7
-12
-21
-41
-44
-76
-85
-106
-93
-101
-86
-75
-76
-73
-102
-93
-81
-49
-45
-33
99
144
251
245
191
155
2
-37
-151
-155
-158
-117
-44
-29
45
53
35
6
-18
-42
-76
-108
-134
-140
-141
-170
-165
-169
-170
-165
-151
-139
-133
-140
-127
-137
-124
-108
-67
-37
66
147
244
249
209
149
33
-21
-107
-135
-143
-74
-34
78
110
113
95
66
36
11
1
-19
-28
-28
-33
-22
-75
-74
-81
-82
-65
-67
-53
-39
-30
-32
-37
-38
29
79
121
137
303
349
315
259
159
135
8
-39
-29
-39
35
107
122
141
179
145
131
58
36
20
13
-2
-17
-41
-43
-33
-66
-71
-73
-54
-70
-54
-56
-54
-55
-42
-44
-33
52
107
209
293
278
229
131
30
-43
