-251
-220
-190
-140
-86
-42
-33
-12
109
126
309
323
290
230
192
126
20
-27
-29
-23
64
119
122
128
144
139
128
69
16
-12
5
-32
-39
14
14
46
35
38
35
1
-17
-158
-172
-151
-151
-76
-44
-44
-13
41
114
119
293
363
350
267
191
143
67
-12
-57
-29
-13
69
106
131
107
74
57
27
-3
-9
-45
-93
-101
-76
-73
-69
-46
-47
-76
-105
-153
-204
-238
-273
-266
-217
-176
-142
-103
-76
-54
-41
98
148
238
231
175
131
26
-49
-138
-166
-117
-76
-29
21
27
29
19
-13
-44
-31
-97
-131
-139
-143
-126
-126
-101
-44
-75
-59
-112
-163
-208
-248
-243
-236
-186
-143
-102
-53
-31
-39
79
139
276
335
292
238
175
147
6
-12
-42
-29
39
114
118
137
134
155
129
71
21
-2
-2
-33
-9
9
33
40
36
37
16
-12
-19
-114
-161
-157
-133
-108
-48
-42
-11
53
90
144
311
406
373
315
244
175
135
-9
-9
-109
3
75
116
111
119
126
93
71
35
4
-14
-31
-54
-54
-71
-49
-28
-53
-25
-13
-33
-157
-204
-233
-250
-225
-173
-138
-63
-73
-26
-72
76
131
271
267
223
146
121
-27
-38
-121
-105
-55
-13
42
84
35
34
20
-50
-29
-59
-109
-131
-108
-105
-93
-55
-46
-49
-53
-113
-133
-187
-236
-268
-256
-197
-138
-96
-53
-43
-34
84
139
266
308
292
225
154
126
20
-22
-43
-41
36
105
121
136
141
132
123
74
37
-6
-3
-13
-26
22
27
37
46
63
38
3
-1
-53
-116
-149
-136
-97
-44
-49
27
67
97
134
263
339
366
346
282
210
143
105
5
-14
25
94
130
155
129
110
98
73
56
5
-2
-47
-44
-45
-49
-8
9
10
9
-33
-40
-139
-179
-217
-209
-193
-157
-124
-61
-41
-41
41
149
177
277
247
233
143
143
-17
-29
-102
-77
-41
-37
46
33
53
33
17
-14
-18
-108
-135
-147
-130
-108
-94
-78
-81
-66
-56
-111
-135
-192
-245
-247
-242
-204
-167
-129
-75
-45
-73
67
131
244
296
286
222
153
131
18
-45
-37
-44
5
85
98
122
110
106
86
51
9
9
-22
-29
-40
-13
29
35
61
35
14
10
-21
-101
-140
-136
-137
-67
-39
-48
43
59
106
171
276
343
369
357
290
212
131
130
11
-6
46
89
123
126
171
145
110
116
52
7
-17
-26
-39
-45
-29
5
35
14
13
-13
-41
-109
-176
-185
-181
-187
-157
-93
-50
-35
-37
35
101
138
273
277
221
163
142
14
-25
-34
-93
-59
-45
43
65
58
35
24
-19
-44
-27
-123
-125
-113
-126
-123
-97
-85
-106
-83
-114
-153
-207
-237
-257
-242
-235
-185
-141
-85
-62
-67
-47
103
117
265
282
219
155
145
1
-37
-44
-73
-53
-6
78
97
88
77
57
35
11
-29
-26
-55
-43
-41
-47
-28
3
20
10
-12
-40
-119
-140
-152
-140
-109
-78
-27
-31
38
62
99
143
293
335
341
299
235
146
147
17
3
-5
67
104
135
178
154
128
141
121
47
6
-33
-12
-25
-34
-11
13
-25
13
-41
-28
-32
-144
-189
-194
-204
-162
-118
-75
-57
-47
-19
57
117
199
251
244
195
141
117
-23
-40
-117
-76
-45
-44
41
52
49
35
3
-31
-38
-111
-147
-157
-145
-138
-128
-111
-108
-113
-137
-155
-175
-242
-269
-269
-264
-236
-185
-154
-86
-78
-39
-34
91
153
222
216
179
137
59
20
-49
-101
-76
-50
-14
69
75
107
66
34
17
-23
-41
-61
-93
-59
-65
-33
-47
-38
-6
-12
-21
-44
-139
-151
-186
-167
-133
-97
-44
-38
51
50
123
128
314
331
345
276
184
145
134
7
-9
1
52
117
147
131
147
148
121
119
41
-1
-12
-14
-27
1
17
17
11
11
-5
-14
-44
-155
-163
-193
-161
-157
-106
-53
-37
-37
33
84
153
245
267
259
183
126
77
-24
-14
-65
-58
-44
14
66
69
67
29
3
18
-43
-129
-119
-142
-113
-109
-98
-107
-99
-103
-94
-140
-174
-233
-251
-252
-250
-214
-199
-157
-110
-97
-49
-59
110
137
214
203
153
116
-34
-35
-63
-97
-70
-34
-61
82
70
79
36
31
-14
-62
-42
-93
-85
-93
-73
-44
-14
-33
-37
-29
-41
-93
-140
-114
-167
-126
-135
-86
-35
-37
19
67
100
142
291
312
309
244
193
148
130
19
-5
20
71
94
149
141
165
135
131
90
35
-17
34
-19
-14
3
11
29
14
21
-9
-29
-43
-126
-154
-189
-160
-134
-85
-59
-29
-31
35
98
144
251
273
238
201
135
119
-12
-28
-44
-47
-33
47
57
72
71
36
5
-18
-37
-98
-138
-136
-110
-93
-101
-81
-69
-77
-115
-141
-185
-214
-215
-254
-257
-220
-203
-146
-103
-81
-45
-40
94
147
138
187
162
132
3
-21
-104
-129
-105
-59
-33
55
70
67
39
23
-9
-42
-27
-103
-98
-85
-71
-59
-21
-39
-34
-39
-66
-107
-160
-175
-185
-160
-140
-94
-37
-33
-26
61
115
147
265
303
278
238
171
132
51
9
-28
22
69
131
116
148
131
129
138
143
48
-3
4
5
14
-9
6
20
34
20
5
-14
-29
-47
-108
-141
-139
-126
-75
-26
-28
-34
52
91
142
247
275
267
212
149
122
-7
-28
-38
-44
-45
67
93
79
84
52
26
-1
-26
-28
-121
-108
-125
-105
-81
-61
-76
-69
-81
-113
-161
-188
-235
-234
-237
-211
-177
-141
-105
-78
-49
-43
89
97
147
179
117
135
9
-17
-108
-115
-87
-26
-49
43
65
78
14
20
5
-43
-93
-121
-124
-78
-76
-69
-48
-34
-33
-45
-70
-121
-165
-182
-191
-157
-153
-96
-56
-33
-28
51
99
139
246
307
277
230
164
154
47
-1
-2
14
57
119
143
148
159
137
163
95
37
9
-11
14
-17
3
31
41
42
25
24
-13
-29
-53
-111
-122
-129
-94
-75
-75
-13
20
58
102
132
219
267
267
218
165
130
14
-1
-33
-28
2
80
115
97
89
90
62
-5
-33
-29
-98
-95
-101
-85
-74
-59
-44
-47
-79
-113
-140
-200
-229
-226
-231
-208
-173
-140
-105
-59
-38
-21
77
126
132
175
143
135
24
-5
-81
-133
-119
-62
-14
14
53
43
33
7
-14
-17
-50
-115
-105
-112
-81
-74
-43
-51
-57
-53
-75
-111
-113
-187
-175
-189
-163
-133
-93
-44
-25
-29
47
116
148
259
253
235
211
147
143
25
-6
-2
26
91
126
135
143
161
132
135
59
31
-10
4
-6
3
29
35
36
59
25
-4
11
-22
-79
-108
-138
-109
-69
-54
-42
20
35
93
154
148
263
277
261
181
97
134
-12
0
-37
-18
39
81
126
122
98
86
53
-12
-2
-43
-73
-71
-44
-64
-29
-56
-38
-62
-75
-108
-160
-199
-225
-230
-195
-181
-149
-110
-78
-67
-39
-34
98
130
206
187
126
133
-6
-33
-112
-131
-107
-38
-35
41
32
34
23
10
-42
-27
-117
-129
-102
-125
-103
-71
-69
-69
-66
-72
-93
-140
-170
-195
-188
-185
-156
-121
-76
-45
-38
-28
84
126
226
265
244
212
148
133
19
-22
-37
-11
52
105
128
131
141
126
84
59
36
7
-19
-17
11
14
39
42
33
23
23
-1
-25
-45
-104
-105
-126
-102
-29
-33
-5
36
65
129
134
253
283
283
226
166
142
37
3
-14
-34
22
53
91
118
112
95
83
23
-5
5
-39
-55
-55
-69
-31
-57
-47
-55
-44
-69
-113
-160
-191
-189
-197
-203
-166
-139
-93
-81
-58
-25
73
121
151
183
149
143
27
-44
-44
-93
-140
-76
-59
-42
35
46
22
-18
-23
-22
-115
-125
-126
-139
-125
-97
-93
-80
-78
-67
-81
-108
-166
-186
-201
-210
-186
-172
-121
-74
-39
-40
-10
71
135
227
263
233
180
139
59
3
-29
-34
-14
57
109
134
133
142
119
81
35
-18
-14
-12
-12
5
19
23
29
50
31
26
-16
-28
-39
-109
-118
-119
-77
-23
-46
0
43
95
107
233
282
307
281
207
139
123
17
-14
-55
-29
54
101
115
123
110
96
75
29
-17
-27
-11
-49
-19
-35
-39
19
-13
-28
-39
-107
-151
-193
-204
-236
-210
-190
-159
-122
-82
-67
-37
53
117
143
213
179
131
55
-34
-31
-123
-119
-69
-10
1
39
21
22
-14
-59
-55
-126
-129
-158
-135
-98
-102
-77
-81
-73
-59
-85
-140
-159
-214
-198
-215
-186
-182
-140
-73
-57
-35
-37
84
143
233
252
231
159
142
35
-14
-22
-26
-29
63
95
115
119
105
81
66
34
-7
-12
-44
-41
-35
-12
14
20
23
18
7
-9
-37
-79
-118
-117
-111
-57
-28
-39
34
59
123
103
269
321
327
289
227
150
133
26
-2
3
27
77
131
136
149
117
89
47
7
-28
-43
-14
-48
-44
-28
-76
-29
-13
-36
-29
-105
-141
-175
-188
-219
-194
-158
-119
-82
-54
-44
-41
90
123
228
216
180
123
48
-9
-43
-110
-113
-75
-57
50
54
50
26
8
-44
-62
-119
-126
-140
-173
-141
-129
-117
-82
-94
-93
-129
-154
-187
-221
-237
-265
-224
-172
-146
-101
-66
-71
-33
87
137
247
245
195
117
116
-1
-29
-17
-44
-28
52
99
105
129
103
77
41
20
-9
-43
-33
-43
-34
-14
11
31
37
14
-5
-28
-39
-112
-133
-119
-101
-53
-41
-19
41
83
98
212
292
336
327
279
191
122
123
5
-10
14
67
121
123
138
142
143
148
59
-6
-10
-44
-39
-69
-59
-22
-23
-12
-14
-23
-50
-106
-154
-141
-169
-179
-151
-130
-76
-46
-33
-28
91
135
227
254
203
159
138
14
-53
-110
-123
-81
-34
-24
65
39
47
29
-7
-17
-46
-121
-117
-131
-140
-108
-106
-86
-85
-103
-122
-145
-193
-221
-235
-261
-240
-220
-153
-131
-126
-85
-37
33
126
139
221
171
133
143
11
-13
-38
-69
-44
-23
74
115
102
85
81
39
21
-14
-29
-44
-29
-44
-29
-12
3
-1
21
11
-25
-33
-117
-137
-138
-135
-93
-57
-43
-22
69
104
131
265
318
323
299
242
154
135
20
-12
-3
39
95
128
113
131
139
131
134
55
6
-28
-5
-17
-58
-14
17
3
-11
27
-17
-27
-77
-137
-153
-167
-165
-153
-93
-69
-49
-34
66
116
185
251
228
185
128
55
-21
-41
-109
-86
-41
-28
52
71
46
39
14
-25
-50
-98
-121
-143
-133
-112
-79
-82
-105
-93
-105
-126
-149
-192
-235
-236
-247
-249
-214
-151
-125
-108
-33
-28
117
133
223
226
162
139
41
-29
-28
-109
-67
-47
-28
85
95
88
65
36
10
-17
-28
-33
-82
-65
-51
-45
-23
-25
2
-2
-6
-33
-76
-131
-146
-141
-126
-101
-47
-50
27
79
121
229
305
343
310
261
202
148
47
11
14
31
84
118
163
163
177
145
128
163
48
6
1
