47
67
84
90
123
101
123
123
106
133
129
106
105
99
145
118
99
83
98
99
103
82
55
56
25
43
70
40
23
41
25
33
20
20
43
57
67
45
52
75
78
97
81
106
101
74
94
97
106
98
94
70
86
71
79
52
51
33
30
18
11
-7
-5
-27
-24
-26
-44
-61
-52
-71
-94
-102
-111
-104
-117
-105
-101
-121
-98
-101
-82
-74
-46
-47
-44
-59
-42
-43
-43
-26
-30
-43
-38
-26
-35
-3
-45
-61
-71
-63
-77
-75
-77
-101
-106
-76
-77
-77
-103
-86
-93
-105
-112
-65
-103
-79
-52
-59
-57
-50
-47
-46
-30
-37
17
23
30
27
43
131
74
51
59
65
84
69
55
81
74
75
65
90
67
39
67
57
55
40
45
52
43
37
39
55
49
50
54
69
63
75
61
11
73
84
87
105
109
117
130
115
127
133
115
102
114
127
121
106
109
83
95
57
43
46
41
41
36
30
6
-7
-41
-7
-22
-19
-37
-34
-43
-28
-35
-42
-33
-44
-35
-45
-33
-38
-38
-24
-21
-23
-21
-18
-33
-28
-32
-30
-25
-28
-42
-44
-45
-54
-69
-74
-95
-97
-93
-103
-82
-108
-102
-106
-76
-87
-118
-97
-108
-93
-93
-72
-102
-75
-70
-57
-55
-28
-43
-43
-61
-3
-2
10
7
-2
3
3
23
24
20
1
20
8
11
17
5
19
10
30
20
0
19
28
27
19
30
35
47
27
59
52
42
50
39
52
81
77
102
111
105
105
114
123
122
114
114
115
167
123
124
89
99
95
100
81
80
85
74
63
63
65
35
42
34
20
6
13
30
4
-2
19
18
7
2
3
-9
3
90
5
19
15
20
11
-9
-10
2
-55
-25
-19
-27
-15
-13
-30
-33
-37
-61
-63
-74
-74
-105
-85
-93
-79
-109
-105
-105
-113
-105
-109
-114
-108
-140
-108
-124
-112
-110
-108
-108
-108
-76
-63
-61
-59
-45
-37
-57
-69
-57
-17
-38
-28
-33
-11
-14
-30
-8
-13
-1
-34
-33
-22
-76
-19
-28
1
-30
-26
-28
-9
1
0
2
19
13
43
41
14
59
52
64
71
71
99
89
74
104
106
91
115
90
95
103
103
105
87
64
75
69
79
63
63
59
81
70
65
52
55
45
78
78
52
59
30
52
28
50
52
52
36
34
54
43
52
50
51
52
43
35
19
21
14
11
3
-5
-5
-2
11
-25
-30
-33
-52
-74
-39
-13
-72
-59
-61
-71
-103
-79
-74
-74
-79
-75
-57
-69
-69
-76
-127
-60
-55
-64
-72
-75
-93
-76
-67
-55
-105
-106
-95
-96
-97
-103
-106
-86
-106
-104
-79
-105
-61
-85
-50
-70
-126
-54
-46
-26
-77
-6
5
-27
-36
-13
5
7
9
0
3
35
14
16
20
46
27
41
49
43
42
39
30
43
69
47
64
67
69
42
63
66
61
69
55
68
79
102
84
99
71
97
87
99
85
105
96
94
98
98
105
94
86
94
186
65
49
79
70
52
67
37
43
28
33
28
19
37
13
5
13
4
-6
23
-12
-5
7
2
-12
3
-11
-7
-5
-9
-8
-13
-18
-30
-13
-33
-45
-34
-27
-51
-61
-75
-75
-78
-81
-70
-93
-114
-123
-95
-85
-97
-106
-95
-70
-103
-108
-81
-102
-101
-76
-105
-108
-109
-105
-76
-61
-61
-44
-61
-47
-49
-52
-52
-60
-44
-28
-17
-45
-27
-61
-14
-57
-41
-45
-43
-28
7
-14
3
-6
3
7
21
15
20
39
30
75
41
61
70
51
-25
57
57
67
71
87
61
77
69
52
84
81
75
74
82
74
102
91
100
68
50
83
99
71
78
79
86
98
101
93
98
119
82
66
77
84
85
77
52
43
52
35
41
26
45
34
20
23
30
-13
9
7
19
-7
3
2
-12
-10
-6
-23
-22
-7
-18
-37
-34
-41
-32
-65
-52
-55
-57
-66
-49
-44
-76
-61
-78
-76
-80
-86
-105
-86
-77
-70
-83
-95
-82
-75
-106
-103
-97
-85
-108
-93
-101
-85
-93
-61
-73
-76
-57
-74
-66
-49
-47
-57
-54
-47
-30
-25
-39
-52
-50
-38
-22
-12
6
-1
15
0
-12
5
2
9
9
14
30
35
33
45
52
52
52
47
49
61
52
71
82
83
79
75
71
79
82
87
89
94
85
80
79
85
131
74
65
72
84
91
91
84
99
122
77
67
65
67
66
70
61
57
67
39
24
35
27
35
36
42
37
15
52
22
20
9
6
17
11
7
-1
32
-74
-12
-11
-14
-12
-14
-46
-30
-46
-28
-39
-44
-43
-41
-59
-66
-55
-72
-61
-63
-93
-66
-99
-79
-82
-77
-82
-81
-102
-106
-83
-70
-105
-93
-97
-77
-76
-71
-99
-76
-77
-93
-76
-63
-63
-64
-44
-61
-38
-49
-57
-28
-57
-33
-44
-37
-33
-39
-6
-14
-12
0
-6
7
21
20
3
1
21
27
33
37
36
51
49
57
63
77
66
73
66
83
67
64
67
79
84
86
99
79
97
91
83
83
94
94
90
91
90
95
84
65
84
91
84
87
69
59
70
52
51
57
57
55
52
23
30
52
49
39
71
41
30
20
37
8
19
1
5
7
7
1
-1
-9
-6
-12
-21
-21
-26
-30
-45
-10
-30
-33
-33
-49
-55
-57
-74
-70
-61
-73
-70
-93
-76
-93
-77
-76
-47
-76
-73
-85
-95
-76
-85
-37
-95
-86
-87
-103
-95
-78
-65
-77
-71
-66
-54
-75
-56
-75
-46
-30
-25
-68
-37
-39
-39
-44
-42
1
-37
-45
1
-21
7
2
-12
-17
3
8
11
22
39
30
36
49
38
43
45
57
57
73
63
67
34
75
83
54
75
81
79
77
97
89
78
85
84
90
89
90
87
109
91
91
73
90
84
75
85
86
79
73
57
75
84
73
54
39
83
41
46
47
32
21
47
27
21
23
30
69
26
-6
7
-5
17
7
14
-10
-17
5
-14
-28
-21
-32
-26
-37
-33
-28
-55
-43
-65
-57
-76
-67
-61
-69
-60
-76
-73
-106
-79
-65
-77
-80
-97
-71
-93
-105
-79
-86
-94
-76
-113
-79
-95
-75
-65
-69
-63
-45
-51
-56
-61
-11
-49
-30
-38
-30
-27
-37
-39
-38
-25
-33
-16
-11
6
2
0
3
20
41
15
18
15
20
35
23
43
59
54
55
54
90
66
67
59
77
89
61
81
79
4
87
84
105
90
83
87
89
85
95
94
83
98
103
99
87
94
69
86
84
97
68
81
97
74
83
67
-15
51
47
43
35
37
38
10
57
27
36
21
52
35
18
20
21
19
19
5
-5
-6
-12
-46
-28
-33
-44
-19
-42
-43
-49
-33
-37
-40
-54
-56
-54
-55
-60
-61
-77
-76
-82
-66
-71
-74
-77
-69
-98
-76
-103
-76
-101
-85
-111
-105
-85
-75
-76
-82
-74
-77
-52
-46
-66
-50
-66
-51
-65
-57
-48
-69
-28
-50
-46
-30
-28
-18
-28
-19
5
15
9
-5
9
3
15
15
19
22
38
28
30
35
46
59
52
55
70
80
79
67
87
87
84
85
84
82
106
100
101
105
83
69
78
70
86
95
65
83
90
84
81
114
81
87
94
87
81
82
75
84
74
61
61
55
46
49
51
43
64
20
46
24
51
39
20
23
20
7
7
9
21
3
-11
-12
-9
-13
-12
-39
-22
-28
-52
-36
-41
-44
-47
-55
-45
-61
-51
-49
-60
-60
-54
-93
-76
-93
-78
-76
-75
-93
-103
-69
-95
-103
-35
-81
-95
-71
-76
-98
-61
-67
-47
-76
-47
-57
-49
-46
-61
-28
-47
-22
-55
-54
-28
-28
-56
-3
-22
-17
-3
-9
11
6
-3
10
5
15
-11
20
34
41
38
40
45
59
52
63
2
67
71
52
84
72
78
74
70
79
87
90
94
99
114
100
102
103
89
103
115
94
94
99
79
99
95
85
121
90
82
90
83
68
63
71
63
59
67
52
34
47
27
34
26
20
35
27
30
20
18
20
27
5
19
2
-3
-27
-11
-16
-9
-11
-17
-7
-13
-40
-38
54
-44
-67
-57
-63
-59
-50
-43
-57
-57
-57
-55
-61
-70
-76
-76
-84
-102
-102
-80
-75
-72
-71
-57
-86
-78
-96
-87
-97
-73
-67
-57
-57
-61
-59
-67
-61
-38
-44
-44
-43
-12
-28
-54
-41
-45
-37
-13
-39
-11
14
4
-11
11
6
-1
13
34
41
39
45
35
49
39
52
59
61
67
57
69
75
83
69
74
106
79
82
84
82
78
82
110
87
84
87
87
110
87
102
97
113
84
63
94
90
90
93
67
95
83
78
74
84
69
61
78
45
36
49
42
37
27
35
30
25
52
18
10
-22
23
5
7
5
-9
-6
-9
-5
-16
18
-12
-28
-44
-28
-25
-42
-44
-52
-61
-45
-55
-70
-61
-66
-46
-65
-83
-76
-84
-77
-76
-82
-78
-79
-82
-85
-110
-76
-98
-109
-81
-86
-85
-75
-74
-74
-70
-70
-65
-66
-70
-54
-49
-22
-44
-41
-35
-25
-39
-25
-39
-38
-15
-34
-11
13
11
-12
15
15
-48
19
30
19
27
30
47
25
50
43
51
70
51
79
61
75
67
51
82
75
99
82
85
89
57
95
74
75
85
98
97
96
84
104
97
69
105
83
99
83
99
85
74
61
52
83
139
67
51
57
51
42
49
42
57
41
34
30
35
25
24
27
7
15
5
-5
3
19
-5
-12
-19
-37
-28
-43
-21
-33
-30
-33
-51
-39
-55
-56
-57
-78
-75
-93
-67
-94
-76
-63
-57
-93
-82
-81
-85
-65
-110
-82
-101
-82
-52
-104
-93
-76
-77
-93
-81
-80
-70
-51
-81
-66
0
-61
-50
-44
-47
-38
-28
-44
-28
-27
-44
-27
-15
-28
-5
-5
14
-7
-5
27
21
18
7
20
26
27
52
35
36
80
79
51
61
61
67
118
78
68
87
89
81
84
78
81
98
91
105
91
87
83
91
109
78
74
91
81
89
84
83
87
90
97
82
85
79
52
67
42
49
67
55
28
34
27
33
42
36
-17
33
-7
52
30
19
14
19
-5
5
3
-2
-28
-9
-11
-12
-33
-25
-44
-48
-35
-44
-30
-121
-59
-121
-46
-59
-65
-71
-69
-49
-61
-93
-77
-93
-77
-81
-83
-109
-93
-95
-76
-79
-85
-123
-70
-83
-105
-101
-76
-76
-85
-82
-77
-30
-71
-66
-75
-44
-60
-43
-49
-44
-7
-44
-44
-28
-44
-28
-47
-20
-6
5
-28
-12
-1
-7
-6
16
20
25
34
52
32
27
44
55
51
52
63
67
98
65
67
69
78
61
69
75
83
84
87
100
78
87
86
91
82
82
93
98
83
83
73
77
84
84
87
84
66
69
59
79
78
52
48
43
42
52
