38
-6
-2
25
39
9
-27
-106
-140
-171
-185
-206
-236
-227
-216
-191
-195
-209
-218
-218
-221
-217
-205
-179
-138
-96
-50
-44
70
142
306
419
538
592
547
456
293
167
158
2
-32
11
21
20
-17
-28
-118
-161
-193
-196
-204
-219
-215
-198
-206
-215
-205
-233
-263
-249
-234
-223
-173
-140
-81
-45
-28
125
144
359
522
587
593
519
371
244
126
51
5
4
20
42
19
-23
-27
-139
-181
-183
-179
-212
-241
-218
-168
-184
-172
-200
-235
-225
-215
-206
-174
-145
-102
-51
-12
62
131
277
414
545
703
603
501
357
226
130
35
-5
19
22
37
-1
-17
-131
-155
-173
-173
-216
-187
-177
-204
-179
-201
-218
-226
-252
-235
-230
-207
-172
-140
-117
-46
-41
91
126
341
462
570
619
552
419
293
167
125
17
-12
45
35
33
-12
-42
-129
-172
-179
-193
-207
-227
-202
-189
-221
-240
-241
-255
-265
-249
-240
-189
-173
-114
-109
-42
-32
107
128
350
499
591
594
527
391
244
155
56
-11
1
11
50
-9
-12
-35
-145
-152
-195
-183
-204
-217
-200
-199
-211
-189
-201
-236
-234
-225
-210
-195
-161
-111
-71
-27
20
113
258
399
533
582
594
532
373
244
111
46
0
7
42
45
9
-25
-29
-124
-178
-204
-205
-230
-205
-195
-202
-190
-195
-198
-222
-238
-232
-203
-173
-147
-98
-47
-30
66
133
293
454
567
603
575
468
342
196
134
33
-5
11
25
31
20
-12
-141
-159
-183
-195
-179
-205
-221
-188
-172
-203
-215
-223
-211
-226
-225
-203
-185
-129
-92
-70
-33
51
123
299
416
551
579
547
515
295
158
134
12
3
9
25
18
-10
-45
-149
-167
-184
-179
-234
-211
-219
-214
-193
-210
-204
-225
-225
-235
-225
-188
-171
-140
-76
-47
-27
78
141
331
471
579
591
547
404
279
151
137
11
-12
15
36
7
6
-25
-141
-146
-204
-203
-205
-223
-193
-184
-174
-177
-205
-218
-213
-199
-205
-164
-145
-108
-66
-44
17
103
215
403
529
596
579
527
404
239
137
42
9
-1
24
49
7
-22
-53
-153
-173
-183
-204
-209
-196
-191
-201
-172
-182
-223
-235
-214
-211
-189
-172
-133
-97
-65
-25
7
113
238
390
523
613
591
482
355
218
139
20
-9
-6
30
31
-28
-17
-123
-181
-189
-213
-235
-236
-227
-219
-204
-213
-227
-225
-221
-234
-224
-207
-178
-122
-98
-61
-37
79
137
299
419
559
597
574
452
293
155
126
2
-19
1
17
1
-34
-30
-130
-183
-188
-207
-236
-229
-213
-202
-189
-182
-205
-227
-213
-241
-218
-193
-165
-106
-109
-66
-29
76
130
290
468
571
619
551
419
321
170
131
11
-3
20
35
33
-3
-41
-125
-157
-196
-191
-213
-189
-204
-181
-176
-169
-193
-215
-225
-233
-204
-193
-139
-109
-66
-39
-39
81
123
308
419
549
575
542
419
276
154
147
15
-22
3
41
18
-21
-44
-140
-167
-178
-198
-218
-219
-202
-194
-193
-183
-198
-223
-234
-224
-206
-193
-172
-103
-108
-50
-33
51
131
279
446
547
583
526
403
266
158
126
-12
-12
19
17
15
-6
-23
-125
-169
-189
-189
-218
-211
-218
-199
-175
-171
-225
-222
-221
-218
-221
-183
-156
-118
-64
-49
-33
67
131
303
456
564
586
533
419
277
150
152
18
-30
23
17
-5
-7
-44
-135
-171
-179
-185
-217
-233
-190
-196
-173
-170
-182
-209
-207
-221
-207
-157
-143
-119
-75
-46
-12
79
145
355
474
555
599
533
419
283
148
79
1
-15
19
19
20
-17
-41
-123
-156
-189
-203
-205
-204
-201
-175
-158
-162
-204
-203
-226
-224
-201
-165
-154
-97
-69
-12
-41
70
135
331
462
566
589
518
394
269
131
39
-9
11
42
-6
6
-50
-37
-162
-190
-175
-191
-229
-218
-204
-195
-187
-174
-201
-236
-235
-210
-187
-172
-153
-81
-50
-29
-32
74
153
319
419
555
583
506
405
265
126
57
-9
-29
27
11
23
-23
-46
-120
-174
-184
-199
-211
-233
-195
-172
-171
-187
-191
-223
-229
-236
-204
-157
-120
-108
-74
-53
-22
86
133
319
499
583
607
531
419
275
148
126
7
5
23
31
30
-25
-23
-142
-159
-201
-217
-213
-225
-200
-157
-171
-201
-204
-218
-225
-209
-195
-159
-139
-105
-56
-48
-46
43
153
357
517
583
601
527
392
255
131
42
-2
-25
-6
27
19
-3
-29
-152
-177
-173
-204
-209
-157
-213
-189
-185
-190
-213
-246
-238
-227
-221
-181
-140
-108
-63
-39
-40
84
143
335
495
570
570
532
369
244
139
38
-21
-15
21
21
2
-17
-46
-165
-161
-187
-198
-210
-207
-204
-187
-161
-168
-203
-236
-234
-229
-199
-189
-141
-98
-66
-45
-12
71
138
323
494
587
603
512
405
239
129
17
-10
-6
-1
12
7
-19
-41
-141
-171
-181
-178
-213
-207
-178
-151
-173
-157
-184
-222
-224
-226
-190
-171
-126
-106
-51
-35
-44
84
141
341
482
601
595
531
407
274
131
51
15
-1
12
37
11
-30
-50
-140
-169
-196
-179
-207
-203
-193
-172
-173
-163
-201
-236
-235
-224
-203
-157
-131
-101
-67
-28
-28
72
133
331
484
570
586
518
391
237
138
17
-3
-28
-1
20
-12
-18
-73
-140
-178
-176
-173
-222
-227
-205
-206
-168
-183
-178
-218
-229
-229
-203
-193
-153
-107
-92
-39
-29
51
126
317
468
571
595
535
401
273
143
39
-6
-32
-23
5
7
-7
-25
-140
-168
-190
-200
-214
-219
-207
-190
-172
-155
-183
-206
-226
-198
-209
-178
-138
-107
-49
-30
-33
75
123
309
482
595
596
551
418
283
139
75
-12
-12
-18
25
20
-27
-43
-131
-158
-183
-207
-209
-215
-181
-174
-171
-170
-189
-209
-221
-250
-215
-193
-161
-126
-66
-33
-41
51
139
256
411
559
618
551
467
314
145
143
-8
-12
-2
15
-6
-18
-44
-140
-173
-201
-193
-219
-229
-225
-215
-188
-175
-224
-210
-227
-215
-229
-204
-138
-129
-65
-46
-23
39
117
196
401
519
611
573
479
355
182
135
4
-28
-12
18
20
-12
-27
-105
-143
-155
-171
-191
-215
-205
-196
-166
-147
-165
-193
-217
-204
-198
-193
-155
-105
-76
-45
-12
75
130
258
416
542
628
623
521
404
243
138
46
10
33
47
43
25
-25
-77
-119
-168
-163
-195
-204
-202
-169
-153
-171
-169
-191
-203
-223
-218
-204
-149
-111
-73
-37
-22
41
116
244
387
543
630
601
506
359
211
129
14
-18
-33
-6
-3
-2
-44
-125
-166
-192
-204
-236
-252
-229
-225
-213
-198
-207
-230
-257
-238
-235
-223
-189
-139
-130
-47
-40
-30
102
131
394
501
601
561
486
356
199
129
-1
-28
-22
-12
-6
-17
-33
-149
-161
-193
-172
-226
-250
-241
-218
-195
-204
-200
-204
-234
-266
-218
-185
-166
-112
-59
-59
-39
-24
99
126
345
487
583
583
501
391
227
114
23
-14
-15
3
3
27
-41
-106
-159
-171
-187
-209
-233
-203
-172
-157
-162
-155
-187
-187
-209
-207
-191
-160
-134
-82
-43
-28
25
126
243
381
505
630
607
523
394
246
151
51
-2
-12
19
43
20
-33
-50
-130
-157
-175
-173
-223
-217
-193
-173
-175
-168
-192
-206
-219
-205
-193
-180
-142
-94
-46
-25
1
113
139
355
503
628
614
547
409
248
134
19
-10
-9
10
35
-9
-33
-57
-173
-166
-181
-218
-236
-218
-207
-176
-159
-185
-200
-221
-243
-237
-222
-192
-139
-94
-46
-28
-19
87
126
366
503
595
603
537
399
241
145
35
-18
-29
16
23
3
-12
-54
-145
-165
-183
-205
-245
-237
-223
-160
-142
-175
-189
-225
-233
-232
-157
-179
-155
-108
-44
-39
-27
92
153
369
531
607
610
536
409
244
137
83
-2
3
16
17
14
-35
-27
-154
-174
-190
-191
-215
-230
-199
-183
-182
-184
-172
-226
-236
-245
-211
-167
-139
-109
-74
-43
-42
107
148
371
527
618
619
531
386
259
145
35
-29
-1
3
5
11
-29
-41
-161
-155
-177
-206
-250
-221
-229
-173
-185
-183
-184
-219
-239
-241
-221
-182
-155
-126
-66
-49
-37
86
139
355
468
582
619
553
414
259
114
50
-4
-8
11
9
11
-12
-33
-150
-182
-210
-209
-229
-237
-229
-198
-166
-172
-190
-222
-241
-243
-205
-187
-153
-113
-79
-44
-37
86
142
323
482
596
609
550
449
281
154
116
-3
-12
-2
42
20
-17
-45
-108
-169
-171
-189
-229
-223
-195
-184
-171
-173
-189
-183
-199
-210
-203
-193
-149
-140
-74
-44
-37
78
147
307
459
575
659
596
447
315
165
122
14
-8
9
18
3
-18
-14
-126
-163
-187
-193
-233
-240
-221
-204
-169
-169
-173
-190
-229
-239
-235
-193
-173
-135
-87
-44
-44
69
126
291
447
564
615
567
455
303
163
139
-9
-27
-19
7
-5
-25
-33
-134
-165
-187
-223
-230
-236
-221
-196
-200
-175
-178
-204
-239
-236
-236
-218
-178
-141
-109
-53
-41
51
123
280
412
553
629
564
455
318
187
126
-1
-17
15
12
12
-23
-27
-141
-170
-176
-191
-236
-221
-199
-177
-177
-175
-191
-203
-219
-225
-218
-221
-157
-140
-92
-60
-44
59
132
292
419
587
651
591
491
355
184
119
30
2
5
39
22
-11
-43
-126
-146
-172
-189
-211
-241
-229
-194
-175
-150
-149
-167
-191
-218
-215
-184
-170
-136
-108
-71
-37
99
145
308
499
597
598
579
454
295
153
114
12
-11
5
23
2
-9
-28
-149
-172
-190
-213
-229
-238
-221
-218
-201
-173
-181
-215
-227
-241
-255
-229
-191
-157
-114
-62
-23
68
117
315
468
601
617
577
419
287
151
126
4
-17
-5
11
15
-23
-42
-135
-175
-174
-196
-218
-245
-214
-203
-174
-165
-177
-194
-213
-239
-214
-214
-191
-157
-108
-33
-46
59
123
322
469
602
627
564
462
287
163
134
7
-17
3
29
35
19
-41
-150
-142
-156
-181
-206
-222
-196
-169
-155
-169
-171
-184
-204
-218
-229
-207
-165
-126
-92
-57
-33
70
138
311
471
591
635
596
479
311
184
143
15
-11
-9
5
21
-12
-40
-135
-155
-184
-176
-235
-236
-229
-204
-179
-182
-190
-204
-222
-210
-213
-194
-178
-142
-109
-71
-44
84
164
347
484
595
595
562
419
287
138
109
-15
-23
-22
19
11
-12
-44
-133
-171
-183
-189
-225
-253
-229
-207
-193
-178
-172
-204
-198
-225
-241
-189
-182
-148
-92
-51
9
20
170
319
481
579
623
574
457
243
116
141
-11
-12
-23
18
20
-1
-33
-118
-171
-183
-204
-203
-219
-230
-202
-178
-145
-165
-175
-218
-219
-204
-206
-172
-108
-81
-49
-25
57
116
297
467
593
619
593
470
335
180
147
-3
-19
-30
12
17
-12
-27
-117
-149
-156
-202
-235
-213
-203
-206
-193
-171
-187
-202
-207
-236
-203
-203
-172
-140
-109
-69
-14
51
131
291
419
564
611
579
474
321
205
133
-22
-12
-29
7
43
9
-30
-126
-172
-204
-207
-236
-230
-232
-218
-206
-170
-196
-181
-213
-233
-236
