145
36
18
0
83
-13
-15
-3
-9
-13
-13
-1
-7
-26
-12
-25
-30
-12
-15
-10
5
18
-19
-15
-45
-40
-35
-26
-93
-85
-105
-102
-63
-54
-48
39
54
114
127
117
122
63
19
-28
-49
-44
-44
-17
-21
-26
-33
-44
-37
-44
-51
-35
-76
-56
-53
-44
-37
-54
-21
-15
-23
-53
-41
-44
-104
-98
-107
-117
-100
-61
-44
-39
-10
63
121
126
117
114
58
39
-10
-28
-42
-43
-28
1
-14
-25
-23
-34
-12
-14
-23
-42
-26
-12
0
-19
-25
6
-5
-13
-19
-39
-17
-26
-49
-75
-103
-47
-41
-26
-6
52
98
114
148
148
137
127
50
9
-1
-9
3
7
30
20
-12
0
13
-12
-17
-23
-28
-12
-5
15
11
22
5
-13
-23
-29
-21
-15
-31
-54
-85
-78
-65
-37
-37
-35
40
83
129
136
116
147
53
38
-26
-41
-29
-39
-33
-12
-25
-12
-31
-29
-31
-41
-71
-35
-42
-25
-31
-23
-25
-26
-31
-23
-31
-42
-93
-85
-77
-123
-121
-97
-81
-44
-42
-12
59
103
129
102
84
61
0
-13
-43
-29
-41
-23
-34
-21
-35
-43
-19
-41
-29
-47
-46
-35
-42
-35
-15
5
-12
-7
-22
1
-41
-37
-35
-93
-107
-94
-61
-44
-37
-15
59
95
118
116
150
121
117
41
0
-6
-21
7
21
14
15
-1
-1
-10
-13
-21
-29
1
15
0
-7
25
0
20
18
7
-15
-28
-26
-42
-41
-74
-76
-63
-26
-39
13
31
67
116
145
130
126
94
29
3
-18
-28
-15
-18
-13
-7
-26
-30
-15
-21
-29
-44
-34
-17
-12
-12
-12
-12
-18
-37
-44
-53
-53
-54
-76
-93
-125
-105
-100
-53
-59
-30
-43
54
82
98
102
100
65
9
-13
-43
-44
-37
-29
-37
-17
-33
-39
-49
-33
-53
-43
-45
-37
-25
-26
-26
-10
-18
-37
-25
-34
-37
-35
-29
-95
-87
-81
-87
-57
-31
-39
35
75
117
116
125
135
85
35
-12
-15
-19
0
3
-9
-18
-13
-25
-12
-22
-26
-38
-17
-7
-12
13
20
20
3
5
0
-10
-7
-10
-18
-53
-21
-74
-49
-39
-18
-12
53
85
107
136
130
126
135
63
20
-5
-15
-19
15
5
-23
-26
-17
-37
-10
-28
-42
-17
-11
-28
0
-23
-13
-21
-15
-28
-38
-28
-49
-53
-113
-113
-113
-75
-66
-67
-53
0
57
100
111
127
116
62
26
-17
-33
-25
-37
-44
-35
-43
-37
-75
-59
-44
-40
-44
-42
-53
-41
-43
-14
-43
-29
-24
-41
-35
-47
-28
-117
-100
-109
-93
-94
-81
-29
-44
33
69
115
122
123
139
63
31
0
-74
-37
-1
-12
-12
-11
-18
-12
-15
-30
-33
-29
-12
-29
3
-6
9
23
0
9
-24
-28
-25
-30
-45
-49
-71
-113
-60
-57
-51
17
52
82
129
143
142
131
135
53
11
-11
21
-15
-12
-7
-9
-12
-10
-26
-28
-38
-30
-41
-11
-5
-12
12
11
3
-6
-15
-26
-43
-38
-25
-83
-86
-97
-63
-62
-46
-62
34
73
91
116
139
115
75
39
-15
-44
-39
-23
-41
-26
-17
-44
-25
-54
-53
-46
-53
-43
-53
-39
-44
-47
-54
-28
-41
-31
-41
-43
-73
-65
-109
-107
-107
-107
-82
-31
-33
-44
54
90
113
121
116
84
33
-9
-26
-42
-31
-18
-26
-11
-37
-25
-19
-28
-33
-29
-43
-42
-23
0
5
7
-3
-18
-26
-37
-5
-40
-37
-47
-81
-75
-61
-49
-42
-18
48
79
107
118
145
134
127
53
-7
3
-12
-5
22
3
13
6
3
-6
0
-28
-19
-5
-17
5
18
17
21
-1
-5
-7
-18
-37
-45
-49
-54
-79
-85
-71
-60
-49
-50
20
47
115
135
131
115
79
31
9
-50
-17
-23
-19
-12
-15
-31
-29
-43
-37
-37
-43
-44
-44
-49
-39
-34
-25
-37
-22
-47
-30
-49
-83
-87
-93
-118
-111
-106
-83
-54
-30
-62
35
71
115
123
91
67
18
-12
-12
-44
-23
-43
-15
-26
-63
-26
-37
-44
-17
-33
-45
-28
-28
-39
-12
0
14
1
-21
-10
-29
-39
-57
-65
-83
-107
-77
-59
-31
-29
30
67
116
133
127
134
122
69
19
-12
-26
-11
10
3
15
-5
7
0
-7
-13
-25
-13
10
0
3
-14
11
18
3
-12
-12
-12
-53
-44
-42
-30
-63
-53
-69
-45
-12
34
66
118
126
123
123
95
28
-1
-23
-25
-14
-28
-14
-23
-29
-28
-14
-26
-29
-40
-21
-26
-28
-9
-25
-23
0
-12
-33
-28
-45
-44
-71
-105
-114
-107
-96
-61
-51
-46
25
47
100
109
95
66
37
1
-63
-31
-37
-42
-34
-44
-28
-50
-28
-49
-28
-41
-35
-43
-54
-26
-21
-23
-9
-17
-18
-18
-45
-41
-35
-49
-96
-93
-75
-69
-53
-29
-12
43
77
118
131
126
85
79
31
-13
-12
-28
0
-5
9
-12
-12
-9
-28
-22
-12
-15
-13
3
15
18
20
50
20
-12
-6
-21
-13
-29
-30
-49
-24
-51
-43
-47
-44
26
65
122
121
139
142
135
71
21
1
-13
-7
-5
-12
-25
-26
-23
-3
-17
-15
-41
-28
-26
-25
-23
-5
-25
-15
-7
-31
-38
-26
-39
-53
-49
-109
-93
-93
-76
-44
-42
-34
41
95
103
121
120
3
14
-3
-41
-41
-30
-53
-33
-42
-47
-42
-49
-54
-41
-48
-44
-44
-48
-44
-28
-33
-26
-37
-47
-30
-59
-50
-67
-81
-95
-107
-71
-77
-43
-31
-23
33
87
129
121
122
63
23
14
-28
-21
-28
-13
-5
-17
-13
-18
-15
-29
-29
-43
-11
-30
-11
-31
-5
-6
11
-15
14
-23
-21
-21
-26
-44
-33
-37
-44
-48
-44
1
54
95
107
131
123
135
123
51
-1
-3
-21
-10
3
0
3
-18
-11
-7
-12
-19
-18
-29
-15
11
-15
-12
-11
3
-17
-19
-30
-37
-43
-39
-48
-67
-74
-76
-66
-53
-37
3
47
98
111
111
109
83
41
-23
-13
-33
-31
-26
-41
-31
-37
-44
-37
-41
-58
-43
-54
-31
-65
-53
-44
-44
-28
-24
-54
-43
-37
-54
-74
-111
-107
-100
-83
-82
-69
-65
-43
59
85
85
127
112
58
35
-12
-44
-37
-37
-28
-25
-18
-13
-40
-31
-33
-26
-43
-26
-40
-23
-12
-11
-9
0
-19
-28
-34
-31
-29
-29
-34
-54
-61
-53
-47
-35
-30
47
95
107
116
133
143
127
41
20
-41
-15
-3
17
21
0
0
-15
3
14
-13
-18
-10
0
-9
17
11
24
0
-17
-7
-41
-11
-41
-41
-29
-86
-57
-93
-53
-44
-28
35
67
126
116
129
111
61
23
-6
-30
-12
3
-12
-1
-29
-31
-95
-26
-26
-45
-28
-33
-31
-26
-25
-43
-37
-26
-37
-53
-38
-54
-76
-86
-105
-107
-96
-104
-60
-61
-33
15
58
102
118
116
100
38
9
-39
-24
-63
-46
-28
-44
-22
-31
-44
-29
-25
-44
-45
-28
-33
-17
-31
-12
-23
-18
-44
-26
-28
-30
-53
-47
-62
-87
-82
-61
-26
-42
45
70
98
129
131
127
139
62
23
0
-17
-12
10
21
11
0
-9
-10
-7
-23
-21
-7
-5
11
-13
25
20
7
0
-7
-11
-37
-17
-28
-26
-49
-59
-57
-44
-59
-31
-7
85
87
123
131
122
126
54
11
-15
-30
-26
-26
7
-26
-30
-41
-28
-38
-45
-33
-29
-29
-25
-24
-11
-1
-7
-29
3
-15
-37
-41
-34
-102
-86
-97
-86
-67
-43
-44
1
54
115
100
139
91
34
6
-34
-37
-44
-54
-33
-45
-29
-28
-34
-43
-43
-39
-43
-48
-31
-30
-26
-45
-25
-37
-25
-24
-44
-45
-38
-38
-86
-98
-107
-61
-50
-54
-37
20
95
121
132
116
121
75
20
-22
-12
-28
31
-17
-1
0
-9
-17
-14
-12
-31
-26
-12
-9
-5
0
25
30
13
9
-11
6
-19
-12
-43
-33
-46
-75
-45
-37
-26
40
84
146
147
138
148
147
57
6
-19
-12
-12
0
5
-25
-18
14
0
-18
-17
-28
-44
-34
-26
-15
-26
-5
0
-28
-28
-26
-15
-45
-44
-47
-97
-76
-76
-71
-30
-59
35
71
109
113
137
97
49
7
-43
-25
-51
-53
-45
-39
-30
-44
-37
-9
-37
-44
-22
-59
-47
-58
-40
-33
-46
-26
-26
-26
-49
-41
-57
-76
-94
-114
-102
-93
-58
-39
-58
22
83
109
136
118
109
67
9
-12
-21
-22
-35
-12
-23
-18
-29
-23
0
-28
-25
-24
-37
-31
-23
-15
-12
20
-1
3
-22
-26
-29
-23
-56
-39
-69
-65
-39
-44
-18
30
84
115
127
148
152
134
116
20
-21
-24
-6
3
-12
9
-12
-12
-9
1
-1
-19
-15
14
-42
-5
0
-21
23
6
-13
-21
-28
-43
-25
-33
-75
-100
-71
-70
-45
-39
26
75
103
141
148
118
58
23
-44
-47
-41
-13
-28
-29
-38
-30
-42
-25
-10
-35
-57
-33
-44
-49
-31
-41
-51
-44
-35
-44
-22
-47
-29
-77
-78
-107
-94
-98
-73
-61
-45
17
79
100
114
109
79
53
-13
-28
-50
-44
-45
-17
-37
-33
-33
-14
-15
-7
-39
-28
-28
-33
-28
-29
-9
6
-5
0
-11
-33
-23
-44
-48
-42
-65
-59
-46
-44
-25
18
72
107
116
133
121
137
73
11
-14
-19
3
-11
30
3
-5
11
0
20
15
-9
-17
7
-9
13
3
7
-6
3
5
-13
-17
-26
-41
-54
-29
-76
-53
-37
-46
-58
20
38
105
115
116
131
84
31
-21
-26
-41
-28
-12
-9
-29
-44
-12
-22
-22
-30
-33
-43
-44
-43
-50
-38
-28
-28
-24
-25
-26
-29
-53
-54
-76
-79
-93
-105
-86
-57
-44
-25
51
103
118
118
93
49
9
-18
-37
-69
-44
-43
-53
-37
-28
-49
-11
-19
-22
-53
-60
-41
-41
-43
-35
-23
-12
-28
-21
-19
-28
-37
-35
-49
-69
-76
-76
-58
-44
-45
52
100
114
127
117
129
73
14
-6
-30
-26
5
-11
20
-21
-12
-13
21
-5
-5
-29
-13
-12
-15
-18
5
3
35
9
1
0
-21
-10
-31
-41
-61
-62
-65
-47
-29
22
95
118
131
133
149
123
41
0
-31
-29
-35
-15
-12
-15
-5
-6
-13
-23
-18
-28
-26
-29
-33
-33
-13
-12
-13
-12
-14
-42
-31
-28
-93
-49
-100
-107
-93
-69
-53
-11
-31
57
97
127
120
109
62
5
-28
-53
-49
-47
-43
-29
-46
-50
-49
-44
-42
-40
-44
-46
-43
-57
-51
-38
-47
-35
-37
-44
-29
-38
-37
-37
-76
-98
-113
-98
-76
-43
-45
50
93
113
148
130
137
79
0
-39
-38
-15
-26
-23
-9
-7
0
-11
-5
-3
-13
-29
-21
-7
-26
-15
3
-10
19
19
6
7
3
-28
-21
-41
-44
-65
-50
-46
-44
35
72
117
139
171
143
118
116
3
-7
-21
-13
-25
-7
17
-19
5
21
-9
-15
-31
-18
-26
-29
-19
-23
-11
0
0
-11
-12
-33
-31
-45
-48
-94
-81
-109
-59
-37
-39
21
91
100
122
148
143
80
19
-35
-45
-50
