-188
-198
-206
-223
-206
-161
-101
-44
75
141
299
407
578
800
873
806
644
361
143
-25
-203
-268
-218
-165
-140
-140
-172
-236
-285
-303
-310
-268
-235
-206
-170
-170
-155
-181
-204
-202
-206
-205
-199
-205
-195
-165
-97
-27
87
133
291
401
603
819
889
817
649
370
147
-20
-188
-236
-205
-163
-113
-117
-151
-213
-268
-266
-269
-246
-215
-172
-135
-134
-149
-159
-162
-174
-175
-175
-175
-167
-162
-122
-51
-34
119
207
340
419
627
834
917
835
651
419
143
-17
-156
-225
-190
-149
-121
-108
-145
-227
-253
-254
-264
-247
-206
-167
-146
-145
-151
-155
-159
-186
-182
-190
-184
-194
-174
-140
-69
-29
120
145
308
419
609
823
886
787
627
327
146
-31
-198
-247
-216
-158
-137
-137
-172
-254
-279
-300
-282
-265
-229
-203
-173
-163
-170
-173
-209
-240
-214
-204
-189
-198
-185
-140
-76
-34
65
135
267
383
553
774
867
818
644
387
136
-27
-188
-263
-229
-172
-149
-111
-155
-233
-267
-270
-266
-251
-210
-177
-158
-150
-155
-157
-162
-175
-171
-172
-156
-173
-167
-140
-61
-30
93
143
303
415
595
815
899
830
673
418
170
-15
-145
-220
-189
-138
-111
-93
-110
-191
-245
-239
-242
-216
-203
-162
-137
-134
-155
-152
-171
-176
-169
-162
-145
-171
-166
-118
-71
-26
84
126
291
399
575
795
891
820
644
399
131
-19
-175
-257
-209
-159
-137
-115
-155
-223
-280
-273
-284
-246
-223
-185
-162
-149
-174
-162
-190
-203
-193
-185
-175
-189
-197
-155
-76
-29
83
135
262
375
545
767
853
774
632
363
134
-27
-193
-268
-222
-173
-141
-133
-161
-235
-265
-286
-269
-248
-209
-198
-167
-171
-165
-178
-183
-197
-191
-177
-171
-160
-151
-129
-66
-44
99
130
302
402
587
803
875
805
639
389
155
-21
-174
-236
-209
-142
-114
-108
-136
-201
-235
-248
-236
-215
-176
-149
-122
-124
-137
-151
-155
-155
-156
-147
-135
-156
-139
-101
-39
-23
111
145
299
417
596
813
891
821
658
387
130
-19
-177
-226
-204
-150
-127
-96
-154
-204
-246
-267
-255
-242
-203
-181
-145
-146
-141
-159
-169
-195
-183
-175
-170
-156
-172
-119
-65
-42
89
134
266
381
555
781
845
769
621
351
147
-27
-207
-267
-232
-197
-139
-141
-173
-236
-276
-293
-281
-266
-223
-201
-158
-165
-169
-173
-174
-183
-176
-185
-177
-190
-165
-124
-61
-44
99
129
297
402
595
803
855
783
603
331
126
-27
-181
-243
-201
-154
-139
-123
-157
-218
-251
-257
-249
-226
-181
-149
-130
-140
-141
-154
-165
-161
-158
-149
-150
-145
-142
-83
-45
41
121
207
339
447
643
867
889
807
629
335
127
-25
-182
-236
-183
-139
-113
-106
-143
-217
-246
-239
-253
-209
-186
-174
-123
-140
-161
-154
-172
-177
-173
-165
-163
-149
-136
-93
-44
-33
114
139
314
419
628
831
863
771
581
289
135
-37
-220
-257
-203
-159
-133
-138
-183
-236
-277
-284
-282
-257
-219
-188
-168
-172
-191
-194
-195
-190
-199
-186
-202
-199
-179
-137
-49
-27
111
138
319
469
672
867
863
739
527
227
127
-30
-236
-251
-195
-155
-137
-115
-176
-241
-252
-273
-261
-239
-201
-161
-149
-142
-151
-172
-177
-190
-170
-169
-175
-174
-150
-104
-31
67
117
244
351
491
706
884
895
777
563
278
137
-44
-216
-220
-186
-134
-105
-108
-154
-204
-236
-249
-231
-205
-187
-140
-121
-131
-155
-169
-167
-157
-159
-143
-161
-157
-146
-99
-31
33
119
229
345
486
696
883
889
755
547
267
141
-43
-231
-251
-203
-142
-121
-119
-181
-247
-269
-266
-268
-241
-209
-179
-155
-157
-171
-186
-203
-213
-206
-202
-207
-203
-193
-111
-61
-43
124
138
323
486
719
865
852
691
468
227
31
-137
-269
-268
-188
-160
-141
-141
-204
-266
-282
-287
-283
-249
-204
-181
-166
-175
-172
-186
-193
-186
-190
-203
-183
-176
-156
-105
-39
38
138
241
356
498
729
889
869
731
499
219
123
-44
-236
-235
-167
-138
-119
-108
-184
-235
-259
-257
-236
-221
-195
-154
-133
-124
-140
-160
-173
-169
-166
-169
-171
-166
-141
-85
-21
97
134
289
404
564
786
911
863
696
447
167
-11
-151
-229
-204
-169
-139
-93
-108
-193
-258
-269
-282
-251
-222
-188
-162
-157
-144
-171
-186
-182
-182
-190
-173
-178
-110
-153
-93
-43
80
145
263
362
547
771
890
821
663
386
138
-35
-204
-268
-239
-209
-159
-140
-151
-222
-284
-301
-289
-278
-234
-194
-185
-159
-159
-188
-185
-199
-203
-188
-198
-191
-174
-141
-76
-37
87
127
276
399
571
800
879
799
643
374
137
-43
-189
-251
-209
-165
-135
-109
-129
-208
-245
-278
-278
-246
-209
-178
-142
-134
-147
-159
-156
-161
-172
-169
-142
-149
-138
-95
-41
-9
121
141
316
459
667
847
909
821
627
353
133
-18
-185
-232
-198
-147
-94
-118
-139
-223
-251
-258
-268
-238
-172
-171
-155
-133
-156
-166
-177
-185
-188
-183
-169
-175
-154
-109
-44
-12
105
148
306
475
670
857
852
742
533
246
129
-44
-233
-257
-200
-140
-121
-126
-174
-249
-289
-293
-293
-259
-221
-173
-158
-169
-172
-189
-202
-205
-210
-207
-201
-206
-178
-117
-42
-2
123
227
367
504
730
851
819
699
447
167
-11
-172
-247
-233
-177
-147
-113
-129
-195
-267
-268
-285
-257
-231
-169
-169
-145
-156
-143
-172
-181
-182
-186
-177
-199
-155
-134
-59
-47
89
149
276
394
561
811
913
848
692
411
163
-6
-149
-229
-193
-134
-99
-85
-107
-181
-233
-253
-238
-235
-194
-165
-143
-124
-131
-162
-161
-176
-169
-178
-171
-166
-153
-115
-51
-40
97
133
315
419
611
851
899
803
632
351
143
-25
-194
-245
-217
-146
-122
-99
-141
-220
-265
-268
-271
-248
-207
-175
-147
-142
-181
-183
-198
-204
-203
-177
-197
-204
-187
-144
-75
-34
113
131
322
455
660
843
835
735
523
227
127
-45
-241
-257
-187
-149
-109
-122
-175
-236
-285
-281
-290
-253
-210
-172
-146
-151
-172
-172
-203
-199
-202
-191
-191
-174
-146
-94
-37
47
127
241
352
483
693
865
875
738
511
228
134
-29
-227
-219
-175
-127
-83
-95
-155
-230
-255
-239
-236
-207
-165
-134
-121
-133
-142
-142
-160
-159
-172
-153
-173
-154
-135
-79
-37
94
131
292
401
562
773
907
857
711
458
179
6
-123
-220
-205
-149
-124
-86
-111
-183
-255
-271
-263
-249
-207
-173
-146
-140
-156
-167
-177
-191
-187
-195
-191
-185
-190
-146
-93
-44
83
144
291
403
581
799
875
800
633
351
145
-38
-213
-259
-227
-169
-140
-127
-153
-225
-277
-294
-275
-263
-236
-192
-170
-172
-178
-186
-198
-205
-199
-203
-188
-214
-207
-157
-76
-42
103
148
311
419
631
839
879
791
603
317
131
-49
-220
-236
-189
-136
-106
-101
-165
-230
-267
-267
-262
-241
-193
-156
-138
-124
-149
-157
-181
-184
-185
-166
-156
-172
-154
-118
-33
23
131
243
343
497
705
906
911
803
596
297
139
-22
-194
-216
-172
-122
-81
-94
-139
-230
-251
-273
-257
-225
-189
-151
-130
-124
-150
-165
-181
-191
-188
-189
-194
-186
-166
-122
-44
22
129
243
372
523
735
899
889
756
523
227
114
-47
-236
-252
-198
-143
-111
-117
-194
-257
-287
-297
-281
-253
-197
-187
-165
-170
-185
-185
-209
-227
-207
-209
-236
-234
-198
-137
-46
-13
126
274
372
545
753
893
851
718
463
173
-24
-151
-246
-236
-186
-147
-109
-146
-210
-262
-275
-282
-259
-235
-174
-157
-151
-161
-177
-190
-187
-191
-198
-181
-186
-189
-145
-82
-30
91
146
299
401
577
799
931
918
747
486
205
26
-75
-217
-219
-158
-122
-85
-93
-173
-240
-257
-254
-253
-199
-161
-140
-114
-140
-152
-170
-179
-182
-197
-202
-207
-186
-165
-102
-33
103
133
318
419
607
819
931
875
699
419
151
-23
-177
-242
-225
-163
-133
-109
-141
-220
-266
-289
-288
-268
-235
-197
-172
-159
-187
-178
-191
-213
-209
-215
-221
-230
-218
-181
-102
-34
75
139
294
419
596
809
915
835
649
370
147
-45
-220
-283
-236
-173
-142
-139
-173
-246
-284
-282
-300
-269
-249
-209
-181
-161
-163
-185
-201
-198
-215
-209
-226
-220
-201
-156
-72
-31
116
210
340
470
662
853
916
825
638
334
131
-29
-213
-226
-194
-172
-119
-117
-149
-236
-261
-263
-268
-238
-191
-160
-140
-136
-157
-163
-183
-181
-174
-177
-185
-169
-167
-113
-53
-27
123
254
363
489
691
894
931
841
623
339
147
-41
-204
-248
-201
-162
-121
-123
-170
-235
-272
-276
-268
-249
-219
-179
-155
-156
-171
-177
-203
-193
-203
-205
-219
-229
-204
-156
-69
-27
118
231
350
486
699
871
907
778
561
275
148
-41
-253
-247
-215
-172
-137
-143
-205
-273
-295
-293
-295
-263
-236
-197
-174
-172
-189
-191
-204
-199
-205
-203
-207
-215
-177
-155
-75
-23
126
251
357
511
725
906
913
766
539
255
137
-41
-261
-242
-204
-145
-114
-124
-185
-245
-287
-277
-269
-223
-193
-155
-134
-128
-159
-157
-162
-188
-189
-178
-200
-202
-149
-95
-38
90
138
339
451
617
837
970
929
756
499
209
85
-41
-210
-213
-152
-117
-101
-118
-187
-251
-266
-268
-245
-215
-179
-134
-121
-149
-153
-165
-161
-187
-186
-192
-172
-192
-157
-65
-42
110
133
327
443
613
837
927
854
663
377
146
-12
-188
-268
-215
-181
-133
-129
-153
-235
-285
-295
-300
-270
-204
-204
-172
-165
-176
-188
-203
-205
-217
-206
-215
-221
-205
-171
-106
-34
110
138
353
497
683
884
916
803
595
308
148
-41
-213
-261
-193
-162
-126
-121
-189
-263
-269
-282
-268
-253
-216
-161
-153
-145
-160
-165
-171
-191
-188
-218
-183
-201
-166
-121
-40
62
134
295
395
551
763
931
915
763
535
229
137
-43
-210
-223
-172
-124
-111
-111
-172
-240
-249
-261
-225
-206
-165
-123
-126
-130
-157
-157
-167
-177
-183
-186
-191
-185
-140
-85
-27
117
131
311
447
617
835
931
867
689
419
162
-23
-182
-258
-232
-179
-140
-137
-163
-223
-270
-275
-268
-255
-220
-183
-156
-165
-166
-189
-189
-204
-220
-213
-220
-216
-201
-167
-73
-38
98
147
309
451
667
837
871
769
566
279
135
-42
-236
-278
-229
-193
-161
-163
-194
-257
-289
-280
-275
-249
-209
-190
-165
-163
-183
-187
-201
-206
-197
-204
-215
-203
-193
-137
-53
-23
124
259
366
513
735
907
854
731
497
219
124
-33
-221
-229
-204
-156
-124
-124
-191
-245
-253
-268
-235
-204
-165
-150
-142
-143
-146
-153
-156
-167
-169
-170
-172
-175
-146
-76
-43
110
139
313
419
595
803
923
854
682
419
171
1
-139
-221
-209
-165
-129
-110
-150
-209
-255
-266
-270
-236
-187
-173
-151
-145
-159
-156
-169
-182
-198
-195
-195
-205
-176
-149
-65
-33
102
145
325
465
651
843
863
765
566
291
131
-53
-213
-244
-215
-173
-154
-143
-182
-251
-284
-300
-283
-241
-217
-178
-172
-169
-181
-179
-193
-192
-195
-213
-213
-198
-183
-121
-30
-27
117
257
371
530
724
884
841
