-180
-170
-127
-127
-76
-71
-61
-95
-125
-137
-167
-198
-148
-170
-118
-55
-61
52
133
129
251
312
308
287
170
131
-54
-25
-76
-44
-41
-30
-43
-86
-159
-204
-221
-210
-217
-178
-159
-119
-95
-56
-95
-124
-140
-175
-157
-165
-165
-136
-135
-42
-13
111
127
180
291
338
358
319
215
139
22
-13
-18
-14
5
18
7
-28
-44
-123
-142
-173
-127
-122
-75
-37
-51
-41
-13
-28
-46
-44
-83
-79
-76
-76
-44
-62
84
123
182
245
356
401
406
337
257
151
127
11
-1
20
41
35
27
-12
-21
-106
-125
-125
-140
-113
-107
-41
-57
-54
-21
-41
-70
-101
-125
-127
-104
-122
-85
5
-29
59
118
199
287
347
329
294
199
157
0
-25
-30
-45
-45
-44
-44
-57
-141
-189
-218
-215
-204
-187
-161
-142
-127
-113
-118
-138
-163
-167
-171
-190
-172
-175
-130
-58
-44
22
111
147
271
323
323
235
164
131
-26
-29
-31
-33
-44
-33
-31
-44
-127
-166
-182
-179
-172
-156
-123
-85
-74
-61
-29
-85
-134
-127
-123
-121
-119
-125
-76
-47
73
112
124
275
343
409
399
337
223
116
31
13
30
36
36
51
51
-6
-27
-50
-93
-123
-108
-77
-56
-25
-34
-7
-15
-26
-37
-30
-129
-106
-108
-108
-12
-39
99
135
193
279
339
395
381
304
203
139
20
-12
-17
0
22
0
-22
-44
-54
-154
-157
-172
-151
-165
-114
-81
-60
-62
-76
-102
-120
-150
-165
-172
-177
-141
-154
-79
-28
79
111
141
255
309
305
212
138
116
-25
-37
-93
-59
-44
-43
-61
-118
-158
-198
-209
-198
-204
-189
-137
-101
-106
-103
-94
-103
-133
-170
-156
-157
-155
-149
-107
-47
-39
89
115
209
277
339
339
281
210
132
-27
11
-37
-12
17
7
-12
-20
-43
-129
-138
-142
-129
-118
-79
-45
-50
-25
-28
-10
-48
-53
-81
-93
-63
-57
-45
9
101
118
211
278
366
419
404
340
251
148
106
17
17
27
39
39
19
-12
-45
-108
-140
-125
-97
-109
-75
-76
-62
-46
-69
-67
-76
-81
-124
-111
-137
-118
-76
-44
23
114
135
225
291
346
354
317
194
127
11
-28
-44
-33
-53
-31
-44
-35
-141
-188
-199
-214
-209
-200
-155
-136
-108
-97
-105
-118
-150
-168
-185
-204
-195
-193
-151
-71
-67
62
121
135
275
303
306
263
169
129
-9
-30
-66
-49
-41
-44
-29
-55
-118
-156
-173
-173
-165
-161
-114
-74
-61
-44
-37
-76
-95
-118
-131
-119
-118
-102
-62
-39
78
111
134
285
331
387
393
345
257
148
117
31
21
34
54
52
42
-1
-27
-28
-129
-113
-112
-119
-45
-45
-28
11
-43
-28
-31
-53
-105
-69
-108
-63
-43
-35
74
116
148
276
340
387
406
311
212
129
13
-11
-14
7
19
13
-9
-29
-50
-146
-167
-172
-161
-150
-108
-119
-62
-70
-113
-103
-127
-156
-150
-172
-167
-157
-102
-37
-31
72
116
148
283
327
313
234
145
36
-26
-50
-79
-50
-29
-55
-44
-120
-172
-201
-224
-229
-186
-177
-145
-117
-112
-102
-103
-119
-153
-157
-174
-163
-153
-127
-79
-38
53
121
131
244
322
356
335
271
174
127
15
-25
-33
-15
21
14
-5
-38
-54
-139
-151
-156
-119
-105
-95
-35
-43
-34
-24
-46
-43
-80
-107
-95
-77
-58
-30
67
129
131
267
340
394
419
383
277
179
134
27
11
27
34
70
30
-9
-15
-73
-134
-149
-139
-123
-104
-72
-35
-39
-33
-55
-76
-108
-111
-129
-106
-109
-78
-48
-15
93
117
165
287
361
377
308
238
131
20
-34
-38
-54
-59
0
-37
-12
-133
-166
-213
-215
-182
-186
-154
-147
-137
-113
-123
-139
-171
-181
-195
-191
-189
-162
-125
-49
-44
55
116
125
282
330
325
261
151
134
-24
-35
-41
-84
-21
-31
-42
-44
-142
-173
-193
-195
-173
-172
-141
-95
-69
-53
-60
-94
-104
-138
-154
-136
-125
-110
-49
-42
62
84
131
265
357
397
387
334
229
125
52
19
24
33
43
58
29
14
-44
-62
-127
-125
-107
-93
-62
-30
-48
11
-5
-13
-41
-53
-94
-105
-94
-71
-51
-22
91
116
181
271
351
383
363
314
219
138
37
3
-21
-11
29
10
-18
-29
-25
-138
-156
-162
-157
-117
-115
-76
-63
-69
-76
-108
-142
-170
-177
-175
-172
-144
-82
-47
43
93
125
233
315
321
281
219
151
-13
-29
-44
-70
-51
-34
-61
-95
-125
-185
-204
-218
-204
-185
-177
-121
-118
-81
-105
-105
-152
-179
-190
-137
-155
-137
-109
-45
-45
73
118
125
277
355
342
315
211
107
7
-29
-27
-44
0
0
1
-22
-43
-123
-162
-171
-157
-124
-93
-69
-37
-44
-30
-27
-44
-82
-99
-108
-96
-76
-58
-19
73
127
175
251
365
399
409
371
266
151
157
10
19
26
49
36
21
-6
-44
-101
-139
-149
-139
-123
-97
-47
-44
-60
-33
-54
-103
-113
-138
-147
-123
-112
-62
-49
67
118
144
244
321
386
357
271
163
137
-28
-41
-35
-33
-29
-12
-41
-69
-147
-177
-155
-225
-204
-178
-157
-111
-121
-108
-120
-169
-163
-177
-201
-202
-197
-165
-113
-61
-47
83
112
213
290
318
281
221
120
20
-78
-51
-13
-49
-44
-43
-46
-99
-142
-181
-199
-185
-194
-139
-125
-93
-69
-76
-93
-103
-134
-154
-156
-154
-149
-108
-49
-12
103
105
217
309
374
371
347
243
163
159
-17
19
15
39
52
33
0
-46
-46
-117
-140
-131
-113
-76
-38
-44
-34
-22
-29
-37
-49
-102
-101
-95
-93
-46
-22
79
123
138
257
345
374
399
339
231
116
52
37
-26
9
25
23
3
-14
-49
-133
-158
-173
-158
-153
-117
-82
-62
-53
-79
-108
-127
-157
-169
-163
-145
-122
-86
-42
33
95
118
239
295
345
301
214
135
18
-29
-41
-39
-49
-45
-42
-49
-125
-167
-204
-220
-213
-200
-165
-143
-104
-86
-93
-122
-140
-157
-188
-197
-172
-169
-119
-37
-18
91
146
212
311
372
345
278
178
132
-3
-26
-28
-14
5
9
-13
-62
-54
-156
-172
-165
-146
-122
-94
-66
-29
-44
-44
-54
-74
-118
-123
-143
-125
-78
-61
39
105
135
254
327
404
415
386
299
191
130
43
27
36
43
63
52
1
-37
-46
-133
-156
-142
-149
-107
-74
-57
-44
-26
-44
-77
-106
-139
-151
-135
-122
-99
-37
72
113
147
259
313
372
367
307
207
131
-3
-26
-45
-29
-29
-25
-33
-49
-147
-185
-211
-220
-218
-182
-156
-125
-105
-109
-108
-147
-204
-189
-215
-215
-190
-182
-121
-44
-29
83
122
214
292
311
297
219
138
0
-22
-42
-56
-38
-44
-57
-44
-122
-172
-207
-206
-221
-222
-190
-139
-101
-61
-73
-75
-105
-146
-159
-175
-147
-136
-106
-76
-22
84
130
227
303
370
385
339
257
149
123
26
7
14
31
35
35
7
-31
-56
-118
-133
-135
-108
-76
-44
-45
11
-9
-26
-47
-57
-108
-108
-86
-70
10
37
102
100
223
294
377
407
401
308
212
123
33
-13
3
20
34
27
-7
-39
-42
-154
-172
-123
-159
-138
-103
-65
-41
-57
-63
-102
-134
-151
-145
-156
-143
-140
-81
-41
50
95
134
239
282
344
308
214
125
26
-38
-41
-62
-61
-50
-45
-83
-114
-172
-222
-226
-229
-202
-173
-141
-125
-81
-94
-108
-143
-161
-159
-177
-212
-170
-123
-55
-42
78
116
190
295
337
335
279
180
125
-19
-23
-29
-29
5
7
-12
-39
-11
-155
-166
-165
-149
-143
-118
-69
-93
-49
-44
-45
-85
-127
-129
-123
-102
-66
-53
52
102
135
239
336
385
415
390
326
195
138
38
21
26
59
59
53
15
-25
-41
-129
-139
-140
-131
-87
-44
-45
-53
-41
-37
-47
-99
-109
-114
-117
-175
-93
-29
39
121
131
271
315
386
378
339
200
129
1
-17
-28
-22
0
-6
-10
-29
-113
-160
-190
-204
-205
-201
-165
-127
-109
-81
-108
-141
-169
-172
-203
-188
-178
-137
-108
-44
-43
86
121
223
283
325
291
207
132
17
-25
-58
-62
-45
-37
-33
-46
-145
-163
-187
-213
-199
-204
-167
-117
-113
-102
-70
-114
-137
-149
-165
-156
-153
-123
-105
-56
-9
99
138
267
337
391
377
317
212
131
36
0
-1
11
33
20
37
-25
-41
-98
-133
-140
-142
-85
-45
-51
-30
14
-7
-27
-57
-99
-105
-113
-95
-73
-50
70
119
131
245
315
387
419
374
291
181
123
38
-3
22
27
35
34
-12
-39
-58
-141
-159
-158
-191
-133
-81
-69
-55
-43
-62
-108
-127
-146
-166
-142
-136
-85
-46
-44
73
118
142
275
327
340
271
182
125
-7
-44
-44
-50
-47
-41
-42
-93
-150
-203
-221
-221
-215
-205
-178
-133
-133
-123
-108
-140
-171
-173
-197
-189
-187
-157
-117
-31
-44
90
119
227
303
326
323
246
148
110
-17
-29
-31
-27
20
-12
-10
-44
-133
-161
-181
-175
-165
-131
-121
-57
-62
-55
-54
-76
-113
-139
-130
-130
-102
-76
-49
66
114
116
262
351
411
418
374
278
170
133
41
31
41
47
69
52
18
-27
-42
-123
-142
-134
-118
-79
-50
-42
-42
-15
-33
-33
-107
-138
-122
-111
-106
-73
-35
52
119
131
244
331
395
377
327
219
117
33
-15
-17
-14
14
0
5
-29
-57
-151
-185
-191
-183
-172
-140
-127
-78
-93
-82
-125
-151
-167
-194
-197
-194
-170
-121
-62
-50
65
113
94
275
303
305
244
148
57
-71
-44
-62
-51
-37
-50
-39
-98
-142
-181
-221
-225
-208
-190
-156
-108
-97
-77
-99
-113
-143
-169
-169
-171
-171
-138
-78
-37
51
117
116
250
353
391
341
271
162
119
13
-10
-6
13
46
18
-1
-33
-33
-140
-147
-151
-138
-96
-80
-35
-53
-13
-27
-26
-49
-99
-109
-93
-85
-53
-39
71
122
131
262
335
415
405
362
281
177
123
24
6
21
47
36
36
3
-40
-101
-145
-156
-157
-144
-108
-66
-44
-56
-44
-28
-83
-137
-145
-171
-169
-143
-110
-53
-30
88
116
134
277
337
356
291
212
127
0
-28
-58
-55
-53
-31
-26
-39
-140
-191
-229
-235
-229
-217
-175
-168
-135
-105
-82
-130
-158
-185
-191
-205
-203
-179
-133
-74
-61
66
111
131
276
321
339
281
177
135
1
-31
-47
-33
-12
-11
-28
-44
-118
-171
-181
-193
-172
-167
-101
-108
-59
-58
-45
-69
-108
-125
-158
-141
-137
-108
-55
-29
85
116
219
289
372
417
404
327
226
135
69
34
39
52
62
67
47
-21
-43
-108
-118
-125
-121
-99
-76
-95
-39
-11
-22
-21
-41
-107
-118
-125
-109
-93
-48
-23
84
117
213
275
343
387
372
302
211
121
27
-10
-23
6
6
3
-12
-35
-129
-169
-161
-189
-182
-172
-130
-97
-79
-74
-107
-120
-141
-169
-193
-190
-202
-159
-108
-29
-28
71
115
131
281
322
293
226
150
39
-18
-54
-49
-56
-53
-54
-42
-134
-151
-188
-209
-217
-202
-182
-149
-105
-97
-69
-95
-109
