389
289
162
1
-59
-178
-205
-236
-234
-236
-207
-202
-197
-153
-142
-129
-109
-146
-153
-193
-206
-297
-310
-364
-375
-319
-294
-206
-133
-70
-29
49
99
147
148
237
299
371
503
633
755
715
650
503
377
245
148
-21
-150
-207
-215
-236
-253
-236
-251
-209
-187
-181
-162
-141
-151
-150
-162
-236
-257
-321
-372
-400
-406
-363
-284
-241
-161
-97
-44
-17
75
135
123
199
258
323
487
627
723
699
613
500
331
222
141
-27
-149
-204
-222
-240
-263
-234
-236
-221
-191
-177
-170
-155
-125
-133
-161
-186
-252
-311
-369
-396
-361
-332
-277
-197
-145
-53
-15
55
114
139
151
230
279
372
531
679
757
723
641
501
363
212
122
-12
-157
-193
-201
-236
-250
-252
-204
-207
-166
-161
-140
-103
-125
-96
-113
-187
-235
-338
-338
-385
-383
-343
-303
-194
-124
-58
-29
55
80
131
136
258
309
375
514
683
751
727
625
483
345
243
153
-18
-137
-221
-218
-250
-257
-245
-242
-222
-157
-182
-159
-135
-117
-151
-163
-220
-267
-332
-364
-403
-396
-363
-278
-236
-165
-50
-10
5
58
116
141
228
291
354
503
643
735
727
615
491
340
241
151
-6
-137
-227
-265
-236
-271
-268
-237
-188
-193
-189
-160
-151
-138
-138
-152
-214
-268
-335
-370
-371
-394
-321
-293
-202
-157
-55
-27
67
115
131
141
231
303
368
511
665
773
724
637
531
347
229
151
-27
-135
-183
-235
-241
-221
-251
-221
-202
-191
-162
-129
-118
-111
-107
-151
-183
-257
-300
-366
-386
-375
-341
-284
-262
-118
-64
-27
45
89
147
118
244
297
388
512
663
767
723
602
483
359
211
134
-42
-159
-207
-268
-261
-235
-269
-236
-237
-207
-172
-171
-166
-123
-126
-183
-222
-273
-340
-359
-382
-389
-334
-309
-252
-150
-66
-30
30
82
122
148
222
309
379
541
675
739
692
595
459
305
199
115
-75
-166
-217
-231
-245
-255
-268
-238
-232
-187
-163
-161
-151
-124
-140
-162
-204
-286
-347
-371
-403
-396
-357
-269
-204
-93
-31
-51
55
139
151
163
259
305
386
555
723
758
723
613
487
350
231
157
-41
-157
-214
-243
-236
-251
-238
-236
-181
-172
-154
-158
-126
-105
-104
-140
-189
-282
-321
-345
-382
-389
-336
-265
-172
-108
-46
-21
62
97
131
154
247
327
405
571
699
755
713
579
419
314
193
118
-29
-171
-204
-236
-237
-241
-251
-245
-226
-188
-201
-143
-137
-153
-129
-171
-251
-282
-350
-358
-392
-405
-345
-265
-183
-108
-76
-17
38
106
131
123
261
291
419
603
699
745
682
543
403
287
144
-5
-46
-195
-262
-241
-251
-271
-250
-246
-204
-201
-186
-171
-130
-125
-153
-203
-220
-273
-321
-364
-389
-347
-304
-231
-155
-102
-44
-11
77
143
161
238
278
341
470
613
722
787
691
564
419
291
148
-12
-41
-150
-213
-214
-236
-263
-238
-204
-194
-181
-171
-142
-134
-125
-122
-173
-220
-284
-334
-374
-373
-347
-300
-222
-135
-69
-31
62
114
130
147
238
291
370
476
639
739
725
671
511
383
243
171
-31
-153
-193
-251
-272
-255
-247
-263
-243
-200
-174
-181
-140
-166
-125
-168
-205
-257
-341
-367
-396
-391
-349
-290
-217
-145
-93
-34
-25
75
111
137
196
277
333
499
649
727
724
615
491
371
222
148
-34
-140
-232
-255
-238
-238
-268
-247
-218
-185
-189
-169
-172
-139
-135
-173
-224
-267
-330
-357
-371
-362
-353
-288
-202
-108
-73
-49
68
87
129
129
251
314
387
532
677
731
715
630
503
341
222
148
-31
-145
-213
-230
-221
-242
-247
-236
-187
-185
-185
-155
-125
-121
-125
-158
-215
-268
-330
-333
-359
-370
-312
-278
-175
-109
-44
-55
51
104
108
211
241
306
383
579
738
753
724
609
451
330
195
126
-30
-161
-209
-238
-249
-281
-253
-261
-221
-205
-172
-191
-146
-140
-125
-172
-253
-313
-327
-385
-381
-375
-350
-277
-195
-129
-27
-51
62
118
148
139
246
325
419
597
722
745
659
533
395
283
143
-6
-108
-187
-247
-264
-243
-259
-277
-236
-197
-207
-203
-169
-150
-157
-159
-179
-245
-298
-332
-367
-367
-377
-309
-226
-161
-76
-12
45
115
149
169
243
277
347
503
657
733
739
627
527
353
237
155
-30
-139
-200
-247
-220
-305
-281
-245
-210
-172
-189
-167
-151
-139
-130
-151
-190
-266
-317
-336
-369
-359
-335
-263
-188
-93
-48
-25
81
123
150
224
246
325
409
578
713
763
713
564
419
308
180
59
-5
-179
-237
-243
-241
-274
-268
-252
-218
-195
-172
-159
-138
-140
-161
-171
-219
-302
-353
-365
-375
-375
-345
-248
-197
-105
-42
-18
89
111
135
153
249
315
448
611
739
723
659
517
375
259
148
-2
-129
-202
-220
-283
-264
-253
-289
-236
-217
-198
-179
-126
-158
-139
-144
-189
-236
-299
-329
-371
-366
-342
-318
-213
-172
-80
-13
79
105
149
147
241
307
375
527
675
757
747
625
482
362
244
132
-33
-153
-209
-221
-236
-243
-265
-233
-209
-190
-197
-153
-156
-118
-125
-185
-172
-257
-284
-351
-345
-365
-329
-281
-191
-114
-46
-27
83
145
133
191
283
309
419
533
725
786
725
623
486
323
194
139
-35
-149
-234
-235
-257
-242
-267
-231
-236
-183
-179
-156
-137
-153
-157
-177
-205
-277
-328
-363
-390
-399
-332
-268
-190
-81
-62
-48
83
117
118
163
251
309
403
599
702
743
691
564
411
275
159
-6
-103
-178
-242
-251
-273
-256
-281
-238
-209
-181
-171
-157
-140
-134
-176
-203
-258
-284
-330
-364
-391
-342
-333
-243
-142
-75
-37
27
89
118
139
212
295
372
483
659
743
745
675
515
361
259
151
-9
-155
-206
-226
-263
-255
-259
-246
-204
-201
-186
-165
-157
-144
-135
-169
-198
-258
-303
-330
-342
-364
-353
-286
-214
-141
-27
-44
91
151
132
229
291
327
403
547
703
739
723
629
491
335
199
122
-23
-170
-219
-256
-255
-249
-268
-263
-205
-185
-191
-198
-158
-150
-166
-189
-231
-283
-333
-386
-366
-382
-331
-259
-204
-108
-26
3
78
116
123
221
279
333
476
643
749
725
645
503
395
267
137
-19
-163
-216
-259
-285
-273
-290
-282
-257
-213
-192
-174
-177
-156
-135
-174
-217
-246
-322
-348
-379
-396
-349
-317
-235
-139
-53
-41
35
116
145
187
259
293
395
547
689
778
726
617
481
355
211
147
-45
-173
-213
-241
-240
-284
-250
-226
-218
-194
-203
-177
-149
-115
-134
-171
-219
-269
-284
-373
-348
-364
-312
-237
-170
-86
-46
27
109
129
155
255
289
355
466
628
739
766
724
581
419
314
153
21
-46
-200
-220
-267
-256
-249
-273
-217
-202
-173
-173
-161
-165
-138
-155
-188
-245
-317
-352
-362
-380
-365
-301
-247
-151
-81
-21
51
91
144
167
232
285
358
531
690
726
731
643
476
323
195
139
-13
-193
-234
-268
-297
-287
-268
-235
-220
-207
-204
-185
-177
-158
-126
-166
-223
-269
-344
-357
-375
-363
-344
-268
-203
-118
-45
-2
67
122
125
198
283
355
463
627
778
774
691
564
419
289
161
-9
-102
-204
-245
-266
-257
-285
-265
-214
-201
-175
-150
-160
-121
-137
-151
-198
-236
-303
-321
-373
-354
-339
-289
-233
-140
-41
-45
83
121
133
207
255
317
419
535
723
795
779
642
495
367
243
132
-27
-141
-211
-249
-268
-268
-284
-261
-223
-199
-174
-173
-151
-140
-140
-182
-224
-268
-323
-367
-373
-396
-339
-268
-177
-113
-12
-33
100
118
123
218
286
357
500
645
777
761
678
518
387
255
138
-13
-167
-223
-255
-287
-279
-284
-261
-241
-203
-183
-220
-162
-157
-174
-185
-219
-246
-332
-332
-396
-379
-345
-269
-222
-125
-45
-21
85
126
158
224
267
329
459
595
753
771
679
577
415
307
195
19
-35
-194
-222
-263
-253
-270
-250
-257
-203
-189
-170
-158
-133
-125
-109
-193
-230
-287
-326
-359
-366
-364
-300
-240
-153
-55
-29
54
97
154
235
265
329
409
547
707
801
750
645
522
331
222
147
-43
-140
-214
-248
-236
-268
-247
-205
-226
-194
-173
-161
-140
-144
-135
-194
-229
-279
-317
-380
-399
-376
-330
-278
-159
-121
-45
-13
114
131
150
244
308
395
506
660
766
746
673
531
378
247
135
-37
-165
-229
-268
-284
-253
-291
-266
-218
-236
-216
-206
-189
-173
-177
-202
-236
-287
-343
-341
-403
-410
-355
-306
-207
-134
-53
-35
65
139
155
238
267
340
451
639
751
773
719
595
419
307
181
0
-43
-186
-233
-268
-251
-281
-247
-224
-207
-182
-171
-157
-152
-144
-163
-175
-231
-300
-331
-366
-368
-345
-320
-267
-153
-74
-44
53
121
151
238
285
358
419
599
725
803
771
641
489
345
219
130
-29
-155
-213
-270
-235
-284
-283
-224
-211
-221
-190
-167
-181
-153
-145
-191
-216
-281
-332
-369
-409
-364
-321
-258
-194
-107
-25
45
81
126
122
245
318
373
506
671
755
741
671
491
367
243
158
-11
-156
-236
-295
-268
-274
-286
-282
-268
-209
-189
-181
-172
-174
-181
-174
-222
-283
-348
-392
-333
-377
-374
-309
-235
-142
-59
-27
66
113
147
237
283
347
419
596
755
779
739
599
419
335
187
34
-27
-211
-257
-251
-284
-281
-266
-233
-210
-195
-210
-188
-166
-144
-160
-172
-229
-277
-345
-381
-405
-396
-331
-263
-167
-55
-32
43
103
139
229
279
335
399
519
733
815
771
686
527
372
266
155
-12
-126
-205
-261
-271
-238
-286
-277
-211
-211
-169
-157
-167
-143
-156
-169
-222
-284
-312
-343
-387
-401
-351
-284
-197
-128
-29
-21
73
143
125
213
271
337
419
603
763
775
699
577
419
315
178
-6
-146
-226
-284
-268
-271
-287
-290
-259
-218
-210
-219
-170
-160
-155
-162
-207
-268
-316
-383
-412
-384
-391
-337
-265
-181
-101
-23
42
114
121
179
265
299
391
543
703
807
767
663
501
390
238
114
-25
-170
-222
-282
-299
-287
-295
-258
-250
-218
-205
-161
-172
-157
-151
-174
-210
-279
-310
-370
-393
-392
-355
-282
-195
-129
-23
-25
83
147
139
219
308
363
467
613
762
795
745
623
484
347
187
123
-24
-179
-244
-257
-280
-302
-281
-247
-203
-185
-191
-195
-165
-165
-156
-204
-231
-285
-370
-378
-371
-370
-323
-249
-146
-59
-13
81
125
145
211
265
306
394
503
679
817
795
657
527
403
238
147
-11
-191
-256
-298
-291
-286
-294
-284
-268
-222
-199
-210
-202
-173
-189
-172
-215
-295
-325
-406
-400
-411
-367
-293
-220
-133
-27
-12
101
153
153
213
307
372
451
629
757
788
721
597
443
307
166
22
-37
-204
-268
-307
-286
-281
-271
-236
-226
-188
-191
-158
-157
-157
-162
-181
-238
-284
-329
-389
-392
-380
-319
-247
-159
-81
-12
73
139
137
251
276
331
375
515
681
820
806
671
567
414
290
151
-12
-156
-211
-249
-277
-287
-282
-269
-231
-211
-179
-172
-153
-150
-143
-190
-223
-251
-321
-364
-370
-395
-346
-285
-185
-125
-31
-27
103
118
155
229
277
339
419
575
751
