-236
-195
-164
-122
-77
-28
58
129
234
378
579
724
771
725
611
502
419
324
207
129
21
-11
-37
-28
-81
-103
-119
-108
-107
-121
-124
-121
-130
-119
-127
-177
-242
-298
-359
-365
-375
-360
-330
-295
-246
-207
-153
-134
-108
-40
-29
106
143
337
533
689
770
743
643
530
419
359
234
141
37
-14
-29
-43
-81
-112
-124
-119
-123
-141
-157
-155
-145
-141
-139
-171
-239
-299
-359
-383
-386
-386
-351
-322
-257
-226
-188
-163
-131
-70
-40
67
126
269
419
629
739
742
643
543
464
371
262
141
86
-12
-35
-39
-75
-108
-122
-126
-113
-139
-140
-149
-142
-130
-133
-143
-198
-249
-311
-361
-394
-380
-364
-323
-277
-236
-186
-157
-136
-93
-35
17
123
243
387
578
727
783
726
596
514
419
327
206
133
20
-13
-29
-34
-73
-102
-109
-108
-119
-122
-133
-140
-122
-113
-133
-176
-239
-300
-332
-362
-373
-349
-323
-281
-237
-197
-174
-137
-93
-43
-37
100
127
321
504
667
759
751
655
527
449
356
239
137
37
-11
-31
-29
-83
-113
-112
-118
-127
-140
-139
-149
-129
-126
-139
-173
-239
-315
-348
-380
-390
-385
-343
-318
-269
-222
-201
-166
-130
-75
-33
79
142
276
419
624
729
727
657
539
444
372
267
150
79
-12
-44
-38
-85
-102
-126
-119
-121
-124
-141
-144
-141
-117
-138
-170
-221
-289
-329
-358
-375
-376
-351
-315
-261
-221
-189
-156
-106
-54
-42
71
138
260
419
612
731
759
701
587
487
403
291
175
148
2
-23
-28
-39
-93
-114
-108
-109
-117
-133
-130
-127
-117
-111
-138
-182
-249
-303
-351
-377
-377
-347
-310
-274
-213
-181
-169
-114
-75
-37
52
127
231
361
551
699
763
729
622
511
407
323
213
135
25
-10
-36
-33
-98
-124
-123
-124
-133
-140
-151
-136
-151
-137
-154
-178
-247
-305
-349
-379
-394
-377
-340
-300
-254
-209
-181
-161
-117
-46
-33
84
141
283
459
634
738
737
645
539
419
355
247
137
56
-18
-45
-44
-80
-119
-133
-129
-124
-139
-155
-153
-134
-139
-134
-163
-221
-288
-343
-373
-386
-368
-357
-310
-263
-226
-188
-152
-114
-56
-42
83
121
263
404
591
739
782
714
607
494
411
311
197
134
18
-14
-39
-44
-94
-105
-114
-113
-114
-124
-133
-127
-137
-118
-142
-183
-249
-307
-346
-368
-373
-354
-321
-272
-234
-199
-161
-124
-82
-29
20
119
139
353
537
703
756
731
623
523
419
340
223
131
27
-23
-44
-45
-94
-109
-124
-130
-129
-140
-140
-140
-140
-132
-154
-193
-254
-313
-343
-383
-396
-385
-343
-295
-261
-217
-186
-149
-109
-54
-43
83
139
291
463
635
723
721
635
537
419
353
241
135
35
-11
-33
-59
-85
-114
-137
-114
-130
-140
-135
-140
-135
-130
-139
-169
-209
-268
-321
-363
-385
-373
-341
-316
-260
-227
-185
-155
-98
-67
-37
83
143
281
419
626
739
755
681
564
484
394
287
171
139
1
-11
-44
-33
-93
-119
-105
-111
-113
-121
-134
-124
-113
-108
-140
-181
-261
-313
-332
-364
-362
-349
-306
-267
-221
-178
-149
-109
-69
-39
52
130
234
391
564
721
751
707
593
499
404
308
195
135
19
-27
-40
-65
-94
-119
-121
-129
-135
-135
-143
-137
-126
-133
-146
-185
-234
-301
-354
-373
-391
-363
-342
-294
-252
-210
-177
-149
-114
-49
-46
84
142
327
484
651
729
723
627
507
419
339
217
137
25
-17
-41
-63
-85
-118
-127
-118
-119
-135
-131
-140
-139
-124
-127
-156
-205
-267
-331
-369
-374
-369
-352
-286
-254
-206
-173
-156
-112
-59
-39
84
123
262
418
611
737
757
683
575
474
401
289
179
143
3
-19
-43
-38
-97
-97
-108
-114
-109
-97
-133
-137
-112
-118
-140
-185
-254
-298
-338
-349
-355
-339
-315
-269
-221
-189
-155
-131
-69
-37
35
122
201
363
544
698
761
719
615
507
419
339
203
129
14
-25
-35
-78
-101
-108
-117
-118
-124
-143
-143
-150
-129
-133
-139
-182
-239
-306
-349
-375
-386
-365
-350
-311
-254
-210
-177
-150
-108
-76
-27
82
135
291
463
635
729
707
627
511
419
341
237
141
29
-12
-34
-74
-93
-108
-133
-128
-123
-114
-138
-149
-145
-133
-142
-173
-221
-287
-337
-364
-375
-361
-343
-305
-261
-217
-178
-140
-108
-49
-41
84
129
275
419
623
726
739
660
564
468
375
267
162
131
-6
-26
-39
-42
-102
-118
-107
-95
-109
-124
-124
-124
-122
-121
-142
-185
-244
-294
-335
-377
-374
-325
-305
-257
-213
-177
-156
-111
-71
-34
62
126
242
407
587
715
741
675
579
494
390
295
169
147
1
-23
-39
-69
-98
-124
-121
-109
-131
-138
-137
-140
-129
-137
-141
-181
-268
-305
-345
-364
-387
-360
-335
-294
-246
-217
-169
-141
-95
-44
-29
107
131
350
527
660
731
675
573
482
394
306
193
133
9
-28
-31
-76
-101
-140
-81
-177
-124
-61
-140
-139
-129
-121
-135
-174
-242
-299
-338
-355
-364
-351
-331
-288
-238
-204
-175
-139
-75
-44
-28
114
130
321
491
661
756
723
619
511
419
362
233
141
35
-22
-23
-39
-65
-102
-109
-97
-108
-118
-126
-124
-124
-109
-135
-156
-215
-269
-307
-348
-362
-349
-332
-294
-249
-190
-165
-143
-108
-51
-47
95
138
282
463
627
729
743
649
539
464
371
263
148
106
-13
-33
-34
-77
-108
-108
-124
-124
-122
-133
-141
-152
-123
-130
-155
-204
-267
-334
-374
-371
-377
-362
-321
-269
-223
-206
-163
-127
-78
-41
20
116
209
387
565
688
723
665
538
467
372
281
151
143
-10
-34
-33
-76
-107
-124
-113
-133
-128
-121
-140
-131
-113
-136
-165
-213
-264
-325
-349
-364
-369
-359
-319
-267
-219
-193
-163
-119
-76
-44
74
150
244
403
583
715
739
673
564
454
394
295
175
134
19
-21
-28
-39
-76
-107
-105
-117
-119
-121
-119
-113
-113
-118
-131
-191
-239
-294
-332
-374
-366
-338
-309
-270
-226
-175
-157
-124
-62
-40
66
121
247
393
587
702
738
671
570
482
403
289
177
133
-1
-28
-27
-58
-109
-124
-117
-124
-122
-135
-130
-119
-114
-119
-149
-200
-268
-317
-337
-365
-381
-361
-331
-284
-243
-203
-163
-133
-73
-29
-8
114
133
369
555
682
715
655
536
446
375
287
157
127
-5
-35
-28
-65
-105
-121
-135
-124
-126
-131
-140
-119
-117
-119
-141
-202
-262
-321
-353
-368
-363
-343
-319
-275
-221
-205
-161
-129
-78
-38
39
124
193
372
564
691
727
690
570
469
404
308
191
142
14
-25
-41
-42
-80
-111
-114
-128
-111
-123
-119
-109
-107
-129
-127
-172
-232
-297
-324
-353
-362
-340
-313
-266
-226
-187
-157
-129
-78
-44
-6
116
139
353
527
686
738
692
593
493
404
322
191
134
10
-31
-29
-44
-86
-108
-117
-119
-127
-129
-144
-153
-119
-113
-141
-189
-263
-313
-330
-349
-365
-377
-332
-300
-251
-221
-181
-145
-108
-44
-31
99
143
321
499
651
711
682
583
474
398
311
201
143
19
-17
-38
-70
-101
-108
-126
-122
-135
-135
-133
-140
-134
-138
-138
-158
-140
-251
-301
-299
-345
-358
-332
-284
-257
-178
-184
-193
-81
-57
-33
105
127
269
446
615
726
729
635
532
447
372
257
135
122
-6
-27
-40
-31
-82
-97
-101
-93
-108
-124
-134
-111
-113
-113
-142
-177
-251
-293
-325
-334
-345
-322
-299
-254
-208
-174
-140
-109
-61
-28
67
126
234
383
564
692
731
679
567
471
395
294
173
135
7
-12
-39
-41
-76
-109
-97
-129
-124
-137
-137
-137
-127
-130
-146
-172
-249
-308
-335
-364
-365
-343
-329
-284
-239
-206
-176
-140
-105
-41
-35
73
215
297
390
628
709
687
574
491
402
323
213
135
20
-19
-43
-41
-78
-108
-111
-119
-111
-127
-141
-140
-133
-113
-129
-159
-219
-285
-319
-364
-348
-355
-339
-299
-249
-207
-175
-153
-121
-58
-44
83
127
267
419
603
711
727
657
550
459
375
277
155
131
1
-23
-41
-44
-73
-107
-104
-98
-106
-101
-119
-129
-99
-103
-139
-194
-236
-300
-325
-343
-345
-332
-285
-244
-205
-176
-156
-119
-66
-29
52
121
194
358
543
687
733
683
578
483
406
308
199
139
20
-12
-29
-28
-82
-93
-109
-113
-118
-121
-131
-140
-122
-121
-138
-172
-246
-313
-348
-351
-364
-346
-314
-293
-249
-201
-172
-140
-93
-44
-29
95
149
291
459
619
699
687
596
489
413
323
217
128
27
-14
-29
-45
-81
-124
-117
-131
-127
-119
-139
-135
-114
-121
-136
-172
-236
-285
-331
-345
-357
-351
-332
-295
-249
-205
-183
-138
-81
-33
-42
90
123
276
419
603
709
724
643
549
468
387
265
154
131
11
-12
-16
-37
-93
-105
-106
-111
-124
-113
-122
-119
-109
-113
-156
-215
-268
-290
-322
-340
-345
-331
-295
-241
-199
-171
-144
-77
-44
-43
90
134
257
389
575
692
731
675
571
483
403
310
191
134
14
-12
-28
-38
-101
-103
-117
-121
-137
-119
-135
-121
-127
-140
-165
-209
-253
-315
-337
-361
-357
-351
-329
-282
-242
-200
-167
-124
-59
-26
53
127
165
357
527
654
715
661
550
468
382
299
175
135
3
-26
-29
-35
-86
-117
-121
-133
-113
-122
-130
-124
-124
-130
-151
-205
-257
-317
-335
-355
-365
-337
-309
-273
-221
-186
-158
-105
-63
-32
71
119
183
359
527
666
699
660
564
471
407
309
205
141
37
2
-19
-24
-43
-102
-98
-98
-102
-105
-119
-117
-93
-117
-140
-184
-238
-287
-325
-346
-349
-341
-301
-254
-209
-179
-146
-108
-53
-29
53
130
211
359
533
654
707
667
574
484
410
315
202
139
33
-12
-21
-43
-25
-86
-108
-108
-119
-109
-137
-121
-119
-123
-141
-188
-249
-295
-330
-350
-361
-333
-312
-277
-234
-190
-169
-137
-76
-31
33
124
137
295
491
635
675
639
559
468
388
323
195
141
21
-20
-31
-43
-54
-101
-117
-114
-108
-118
-131
-121
-121
-105
-121
-176
-234
-296
-326
-338
-348
-341
-317
-281
-239
-195
-171
-135
-75
-23
-28
94
139
314
484
629
701
691
595
499
417
345
234
143
81
-7
-13
-17
-49
-41
-76
-98
-97
-102
-107
-109
-97
-101
-105
-141
-183
-257
-295
-331
-340
-319
-305
-267
-231
-197
-167
-133
-95
-47
-43
84
131
265
404
555
697
698
630
539
459
373
289
175
148
25
-22
-34
-38
-39
-94
-94
-101
-106
-114
-126
-105
-109
-117
-130
-178
-246
-299
-328
-372
-353
-339
-304
-271
-226
-205
-172
-153
-102
-44
-24
99
135
315
473
596
669
651
567
464
379
308
203
138
27
-27
-33
-43
-50
-93
-102
-99
-108
-108
-119
-122
-108
-108
-117
-165
-217
-236
-318
-349
-350
-342
-317
-268
-246
-204
-173
-146
-117
-59
-44
78
132
259
402
565
669
689
606
519
419
360
259
163
147
10
-25
-31
-23
-40
-76
-85
-83
-93
-107
-108
-99
-105
-99
-129
-187
-229
-286
-318
-330
-335
-317
-274
-253
-203
-171
-155
-109
-76
-27
46
119
141
330
494
626
