-146
-190
-206
-236
-254
-270
-285
-288
-300
-303
-296
-273
-257
-237
-219
-221
-204
-171
-109
-31
-2
133
243
319
383
419
477
515
587
683
719
678
532
366
201
147
-5
-27
-156
-167
-153
-127
-119
-145
-187
-216
-241
-266
-274
-298
-305
-309
-313
-318
-319
-303
-280
-257
-266
-254
-219
-166
-95
-33
84
148
253
319
373
414
465
515
602
675
673
567
407
226
149
-6
-27
-162
-198
-181
-167
-145
-150
-186
-214
-244
-262
-289
-305
-314
-316
-314
-321
-322
-307
-275
-300
-267
-261
-236
-187
-121
-41
-13
143
222
298
351
409
468
510
585
675
711
654
505
331
180
147
-6
-27
-152
-156
-137
-108
-108
-135
-165
-189
-211
-236
-261
-281
-284
-287
-277
-286
-285
-268
-251
-237
-228
-217
-177
-128
-49
-27
131
145
294
353
397
451
493
559
645
707
692
597
419
259
147
33
-26
-133
-159
-152
-134
-107
-125
-165
-192
-215
-237
-265
-288
-300
-299
-303
-306
-316
-313
-300
-281
-269
-262
-237
-193
-131
-39
-12
135
149
294
343
369
419
481
563
655
686
635
486
303
157
59
-12
-129
-174
-188
-162
-142
-141
-171
-213
-219
-244
-269
-286
-317
-316
-323
-314
-311
-320
-301
-288
-283
-270
-257
-220
-162
-78
-35
97
147
259
315
366
418
468
529
610
691
689
589
419
257
147
31
-27
-121
-155
-140
-112
-103
-109
-149
-173
-204
-215
-239
-255
-277
-284
-284
-293
-289
-284
-262
-249
-242
-236
-205
-165
-95
-27
83
138
254
319
378
419
473
514
595
674
709
660
510
331
181
148
-12
-30
-141
-153
-137
-109
-114
-127
-172
-195
-219
-243
-266
-288
-291
-290
-286
-296
-310
-301
-290
-284
-271
-253
-228
-172
-93
-28
87
139
246
302
353
398
419
493
582
660
666
595
419
248
148
17
-34
-141
-172
-181
-150
-140
-151
-185
-201
-232
-250
-274
-303
-307
-314
-319
-330
-332
-323
-305
-278
-271
-253
-222
-205
-142
-60
-18
122
147
281
331
390
419
471
551
643
692
649
532
355
194
151
10
-31
-135
-149
-127
-112
-105
-138
-155
-183
-202
-228
-253
-273
-283
-282
-284
-300
-287
-285
-254
-243
-237
-229
-194
-149
-71
-27
115
151
275
333
393
419
479
531
615
687
705
631
475
299
163
89
-12
-106
-151
-141
-131
-108
-123
-145
-175
-201
-217
-246
-270
-278
-300
-298
-310
-316
-307
-284
-275
-266
-266
-238
-209
-140
-54
-25
115
145
271
326
372
419
465
532
619
682
647
531
361
195
148
-10
-27
-169
-185
-167
-147
-142
-161
-190
-199
-239
-265
-295
-311
-321
-328
-333
-332
-327
-309
-297
-278
-270
-253
-228
-179
-109
-28
69
134
244
308
351
402
451
500
576
667
675
612
467
287
163
65
-12
-108
-145
-154
-129
-105
-109
-140
-172
-197
-216
-244
-268
-280
-277
-279
-283
-289
-284
-270
-255
-245
-234
-222
-173
-129
-42
-24
127
151
294
353
404
461
486
558
647
707
690
579
411
246
148
28
-25
-122
-135
-129
-109
-101
-112
-148
-172
-203
-228
-252
-269
-290
-293
-298
-295
-300
-300
-283
-272
-268
-248
-223
-178
-113
-37
-2
130
159
293
350
394
419
484
563
651
675
611
463
290
149
37
-15
-131
-161
-175
-155
-125
-136
-143
-187
-210
-235
-266
-300
-310
-309
-316
-322
-332
-320
-300
-285
-282
-269
-259
-215
-155
-82
-32
101
148
275
321
372
413
453
505
603
660
657
561
393
241
137
21
-27
-123
-150
-139
-124
-108
-117
-150
-173
-191
-217
-250
-267
-278
-270
-278
-290
-302
-285
-267
-257
-241
-234
-204
-157
-107
-27
69
143
243
308
371
419
463
505
579
666
703
666
533
362
207
147
6
-27
-127
-137
-119
-102
-99
-125
-159
-174
-197
-228
-262
-270
-278
-286
-291
-304
-305
-279
-268
-267
-259
-250
-209
-163
-80
-30
83
145
249
311
356
398
445
505
591
660
651
559
401
241
142
11
-33
-141
-169
-157
-138
-122
-140
-165
-199
-219
-241
-274
-298
-312
-299
-300
-310
-321
-318
-322
-295
-286
-270
-251
-209
-145
-53
-25
115
150
267
320
367
414
455
531
627
667
628
514
340
194
149
-2
-31
-141
-145
-135
-108
-98
-121
-144
-176
-199
-222
-255
-268
-270
-273
-270
-284
-295
-290
-270
-255
-247
-235
-197
-149
-76
-27
99
148
261
321
367
411
470
518
610
691
697
611
467
307
163
145
-6
-27
-130
-124
-95
-76
-95
-135
-159
-172
-216
-236
-261
-265
-267
-268
-277
-284
-301
-288
-283
-265
-247
-236
-197
-138
-49
-33
107
141
251
308
369
409
461
515
609
665
633
512
341
198
148
-11
-25
-153
-166
-166
-126
-109
-139
-167
-202
-222
-251
-274
-294
-301
-299
-305
-316
-331
-325
-310
-291
-284
-275
-246
-189
-118
-32
-9
135
149
276
334
385
419
488
567
645
667
590
419
281
157
56
-9
-108
-156
-149
-127
-104
-104
-134
-156
-189
-207
-226
-263
-272
-269
-284
-291
-299
-299
-282
-271
-242
-206
-212
-198
-109
-43
-13
120
158
271
335
385
419
486
543
628
697
675
570
404
251
146
37
-16
-109
-135
-117
-97
-81
-98
-141
-161
-193
-220
-245
-274
-274
-269
-269
-283
-287
-294
-279
-264
-250
-245
-218
-163
-99
-27
63
131
149
276
339
386
419
471
553
628
663
605
469
305
161
115
-17
-111
-165
-168
-143
-114
-121
-153
-177
-211
-230
-254
-291
-298
-295
-293
-297
-314
-328
-327
-313
-282
-271
-247
-218
-151
-93
-27
86
137
235
299
347
399
419
501
593
657
653
548
391
234
148
18
-22
-135
-163
-155
-123
-105
-118
-143
-177
-203
-220
-252
-273
-281
-277
-273
-283
-299
-300
-284
-258
-249
-243
-218
-169
-99
-19
77
127
235
308
373
417
467
500
579
671
691
627
484
323
179
148
-2
-27
-123
-134
-108
-77
-76
-113
-149
-173
-198
-224
-253
-268
-273
-282
-294
-300
-293
-273
-261
-245
-236
-222
-186
-126
-47
-27
123
153
280
330
379
419
469
533
627
662
627
503
325
175
143
-10
-32
-155
-165
-143
-121
-112
-144
-169
-192
-220
-248
-279
-299
-297
-299
-306
-313
-327
-310
-293
-289
-282
-261
-228
-171
-102
-27
71
138
228
299
347
399
419
497
587
647
639
542
385
224
145
18
-28
-139
-161
-143
-119
-104
-122
-155
-186
-203
-220
-255
-279
-284
-285
-298
-299
-295
-277
-261
-245
-254
-229
-211
-156
-93
-26
100
141
261
325
375
419
471
521
611
675
683
595
419
275
149
54
-11
-65
-138
-123
-93
-85
-95
-125
-150
-179
-203
-232
-263
-273
-279
-284
-298
-293
-289
-268
-245
-242
-234
-213
-186
-101
-33
73
146
245
302
372
414
461
505
587
665
663
570
407
244
148
21
-22
-131
-156
-157
-127
-108
-122
-156
-184
-219
-230
-272
-285
-305
-309
-307
-324
-317
-314
-285
-269
-268
-270
-239
-199
-139
-47
-25
131
148
279
339
378
419
478
564
643
647
563
408
244
147
20
-22
-129
-165
-158
-121
-102
-109
-152
-179
-204
-224
-253
-277
-284
-281
-279
-287
-285
-299
-284
-265
-252
-238
-219
-177
-108
-28
61
130
227
301
367
415
463
522
603
681
692
593
449
280
153
84
-5
-74
-140
-135
-98
-73
-76
-108
-145
-173
-198
-221
-255
-264
-258
-254
-254
-271
-275
-279
-265
-247
-249
-225
-174
-107
-33
61
139
151
290
345
405
455
499
571
633
667
601
455
283
151
52
-22
-120
-161
-158
-140
-108
-108
-133
-172
-203
-229
-254
-281
-301
-297
-287
-296
-302
-315
-305
-290
-277
-275
-253
-205
-150
-61
-27
109
148
254
319
371
409
465
532
619
651
583
419
265
148
35
-22
-118
-162
-165
-127
-109
-103
-143
-168
-197
-219
-261
-280
-284
-285
-281
-283
-309
-304
-290
-266
-249
-249
-229
-189
-123
-39
-13
137
149
289
355
399
449
499
579
660
690
627
482
301
163
143
-2
-27
-139
-134
-104
-81
-75
-108
-145
-172
-186
-220
-241
-263
-253
-256
-268
-269
-274
-276
-259
-239
-236
-220
-179
-121
-41
-15
122
145
281
346
398
419
490
566
651
679
622
483
307
163
127
-18
-60
-157
-142
-133
-109
-109
-133
-173
-204
-224
-241
-277
-291
-286
-286
-298
-301
-310
-298
-293
-279
-268
-255
-217
-157
-75
-27
99
147
244
308
357
400
457
515
596
647
611
471
307
163
115
-12
-85
-165
-172
-154
-133
-114
-135
-172
-201
-217
-250
-277
-295
-294
-285
-287
-287
-295
-300
-289
-264
-267
-236
-199
-140
-49
-27
121
148
263
329
377
419
474
539
629
704
667
542
359
211
148
13
-30
-125
-141
-125
-102
-81
-108
-135
-167
-187
-209
-236
-267
-274
-278
-277
-281
-279
-264
-249
-232
-224
-209
-186
-124
-54
-28
126
147
278
346
395
419
483
555
639
691
649
510
339
192
157
3
-28
-140
-153
-133
-107
-107
-130
-161
-204
-216
-249
-268
-285
-295
-313
-305
-304
-300
-294
-266
-267
-257
-248
-215
-154
-73
-18
105
145
259
318
371
419
457
534
615
660
603
467
291
147
47
-13
-119
-168
-172
-151
-123
-113
-143
-178
-209
-224
-253
-272
-289
-287
-289
-300
-313
-305
-300
-275
-262
-257
-241
-195
-130
-38
-21
121
155
289
355
403
457
505
570
660
691
623
469
292
167
135
-9
-28
-140
-136
-109
-85
-87
-109
-146
-185
-210
-232
-252
-268
-265
-267
-268
-268
-277
-268
-242
-235
-225
-215
-156
-96
-27
84
137
232
323
379
419
468
518
597
675
687
603
419
276
148
49
-27
-108
-149
-133
-123
-93
-103
-128
-166
-201
-225
-262
-282
-300
-292
-299
-301
-314
-305
-294
-258
-261
-259
-232
-177
-119
-26
1
129
147
291
347
393
457
510
598
671
651
538
367
201
141
-5
-30
-157
-182
-157
-137
-117
-131
-158
-195
-219
-250
-278
-305
-303
-309
-304
-297
-309
-294
-267
-268
-261
-239
-225
-167
-97
-27
87
134
259
323
377
419
483
561
638
691
647
515
335
183
145
-1
-35
-127
-144
-113
-93
-85
-107
-135
-173
-197
-229
-242
-269
-282
-287
-284
-271
-268
-255
-232
-232
-225
-214
-173
-111
-31
-1
136
244
309
365
419
471
519
599
679
712
611
463
286
153
72
-17
-93
-141
-133
-114
-98
-102
-121
-151
-189
-218
-248
-279
-284
-299
-299
-305
-301
-295
-283
-268
-264
-254
-232
-187
-124
-30
28
126
207
298
347
403
419
503
599
661
659
539
378
214
139
2
-27
-147
-172
-165
-141
-125
-137
-171
-178
-228
-254
-283
-310
-305
-309
-314
-301
-311
-298
-289
-268
-268
-258
-214
-172
-97
-33
87
135
250
313
365
411
467
533
631
681
659
527
355
186
148
10
-28
-136
-156
-133
-101
-93
-108
-149
-172
-199
-219
-252
-268
-271
-271
-280
-287
-280
-271
-247
-241
-234
-217
-182
-126
-40
-12
131
147
297
359
415
469
515
595
687
715
645
495
314
178
134
-6
-26
-140
-142
-125
-103
-81
-109
-156
-177
-204
-237
-266
-278
-278
-294
-293
-293
-294
-284
-265
-258
