627
471
266
171
-12
-139
-193
-219
-188
-140
-103
-98
-134
-188
-249
-270
-309
-350
-364
-364
-346
-319
-318
-291
-298
-289
-268
-256
-224
-170
-102
-17
87
146
244
264
279
301
327
379
419
500
547
637
729
680
553
347
163
14
-15
-162
-234
-206
-182
-124
-107
-119
-166
-208
-268
-285
-322
-332
-363
-357
-348
-325
-301
-304
-297
-284
-254
-236
-172
-137
-52
-1
131
150
257
275
303
329
361
389
459
537
599
719
742
667
495
286
148
-11
-109
-176
-236
-186
-137
-86
-57
-110
-175
-216
-264
-283
-322
-338
-346
-335
-325
-290
-297
-293
-314
-271
-238
-221
-167
-95
-22
102
145
234
259
294
307
343
367
419
506
559
643
727
703
587
403
200
119
-43
-150
-207
-205
-161
-109
-86
-100
-154
-227
-249
-285
-315
-348
-357
-353
-332
-333
-305
-301
-313
-314
-289
-253
-204
-165
-67
-28
97
143
211
244
279
299
334
377
451
491
567
675
727
667
543
325
153
2
-37
-161
-211
-201
-140
-110
-77
-118
-178
-227
-253
-287
-325
-348
-354
-354
-342
-322
-301
-278
-304
-300
-254
-239
-183
-109
-27
-10
131
148
241
287
308
315
367
406
474
543
618
711
725
623
449
244
150
-23
-108
-189
-195
-151
-109
-76
-86
-123
-182
-221
-263
-290
-312
-337
-335
-333
-309
-295
-300
-300
-281
-277
-251
-195
-140
-65
-19
109
148
241
271
291
323
341
397
456
513
571
675
737
670
511
318
143
-23
-24
-171
-204
-189
-145
-86
-64
-120
-166
-204
-267
-291
-313
-351
-350
-354
-332
-305
-314
-306
-311
-301
-287
-234
-204
-117
-41
6
134
155
244
263
303
323
361
411
419
543
631
715
721
617
403
198
148
-14
-117
-194
-197
-165
-110
-95
-108
-142
-210
-240
-257
-309
-334
-348
-347
-357
-317
-315
-305
-293
-290
-283
-253
-187
-140
-57
-21
129
139
243
276
306
307
355
403
458
513
593
691
742
666
509
311
147
-12
-28
-153
-169
-181
-138
-77
-71
-112
-143
-221
-249
-286
-318
-343
-360
-346
-332
-309
-294
-300
-300
-274
-231
-206
-155
-107
-16
75
130
219
267
291
307
330
378
419
483
545
639
721
695
565
385
186
113
-30
-120
-194
-197
-140
-120
-69
-108
-156
-206
-253
-282
-300
-332
-357
-348
-348
-331
-302
-329
-300
-300
-284
-248
-207
-139
-61
-25
118
150
226
258
293
319
339
400
462
500
579
663
709
635
471
271
147
-18
-34
-170
-204
-179
-141
-86
-75
-138
-185
-227
-257
-289
-318
-332
-362
-363
-332
-347
-324
-314
-300
-284
-251
-214
-173
-107
-18
78
130
148
239
289
309
343
363
419
501
563
643
738
723
575
394
207
135
-13
-108
-189
-177
-156
-109
-81
-103
-157
-197
-229
-267
-300
-314
-344
-332
-313
-332
-307
-298
-302
-293
-267
-236
-190
-137
-59
-35
133
162
224
249
291
317
363
375
419
489
571
661
726
658
509
323
139
3
-44
-141
-194
-186
-137
-105
-105
-126
-193
-234
-256
-285
-323
-350
-349
-359
-357
-343
-331
-335
-311
-300
-268
-221
-181
-117
-42
-28
123
135
233
259
306
323
354
411
466
533
611
707
703
601
403
224
148
-18
-122
-177
-201
-165
-107
-83
-93
-139
-193
-244
-276
-306
-332
-328
-321
-345
-332
-334
-332
-312
-300
-267
-267
-197
-152
-62
-38
86
133
223
247
283
313
346
386
453
499
565
641
731
693
567
369
175
118
-26
-125
-178
-172
-138
-103
-75
-108
-172
-195
-253
-272
-290
-319
-336
-332
-345
-333
-311
-323
-307
-300
-268
-257
-185
-136
-47
-42
115
145
219
251
276
310
341
394
419
514
582
655
731
646
513
308
149
2
-27
-159
-181
-175
-157
-107
-100
-134
-190
-224
-266
-296
-333
-332
-332
-348
-358
-332
-332
-317
-314
-300
-283
-246
-191
-120
-39
-19
131
149
244
254
291
323
343
394
466
534
622
697
723
597
419
249
147
-7
-28
-178
-177
-147
-112
-63
-83
-135
-177
-214
-268
-275
-316
-311
-343
-316
-314
-321
-309
-314
-311
-282
-236
-213
-157
-87
-43
87
127
221
248
285
315
353
383
451
505
583
643
739
692
555
363
180
114
-35
-124
-172
-169
-134
-76
-57
-100
-142
-201
-243
-280
-302
-298
-328
-322
-325
-329
-303
-303
-301
-315
-273
-236
-217
-131
-71
-18
98
145
205
271
265
310
353
390
446
515
598
680
730
663
498
301
130
-12
-26
-158
-204
-173
-143
-95
-73
-129
-177
-218
-270
-309
-316
-348
-319
-328
-332
-333
-318
-334
-333
-315
-269
-233
-175
-115
-42
-11
128
131
223
244
283
315
347
394
466
533
611
681
721
627
463
254
148
-6
-17
-157
-193
-172
-97
-77
-76
-140
-179
-243
-252
-284
-307
-317
-325
-324
-321
-337
-322
-315
-300
-306
-269
-214
-157
-81
-39
69
149
159
269
285
318
321
361
419
483
552
635
726
715
602
419
234
151
-12
-33
-174
-190
-157
-107
-76
-79
-131
-193
-234
-263
-301
-318
-334
-329
-342
-332
-323
-297
-300
-307
-289
-254
-223
-159
-80
-38
78
157
161
277
277
307
331
387
449
500
569
667
719
677
537
354
155
37
-39
-140
-191
-195
-157
-108
-78
-120
-171
-210
-257
-285
-310
-311
-335
-341
-335
-328
-337
-332
-314
-320
-283
-238
-201
-119
-81
-35
99
132
182
249
285
314
326
382
454
501
597
691
713
651
515
308
133
23
-26
-149
-210
-172
-127
-102
-71
-119
-161
-208
-254
-293
-318
-325
-341
-332
-328
-316
-321
-303
-304
-307
-273
-224
-172
-107
-23
-12
115
149
223
261
307
334
351
419
481
563
627
715
742
611
419
239
131
-6
-44
-172
-174
-145
-99
-69
-77
-109
-181
-227
-237
-300
-318
-313
-307
-320
-316
-332
-329
-337
-327
-305
-277
-231
-171
-93
-12
64
130
155
231
259
283
308
363
419
485
575
655
723
671
547
353
151
52
-21
-143
-197
-194
-139
-97
-74
-85
-158
-193
-257
-290
-316
-317
-330
-325
-321
-321
-327
-338
-326
-326
-300
-254
-233
-153
-75
-45
74
147
135
243
273
303
326
383
419
515
596
699
738
641
475
273
155
1
-38
-167
-177
-165
-108
-66
-47
-110
-161
-207
-247
-266
-299
-300
-302
-295
-309
-323
-310
-332
-318
-289
-262
-219
-167
-77
-37
49
119
129
228
254
291
339
377
409
489
575
655
719
692
549
359
167
105
-17
-127
-171
-173
-119
-94
-39
-74
-140
-198
-231
-266
-290
-321
-325
-318
-325
-309
-311
-330
-337
-306
-299
-247
-188
-138
-49
-21
84
136
159
239
263
303
334
379
455
532
596
696
723
621
419
227
133
-26
-74
-193
-205
-178
-115
-76
-75
-114
-177
-233
-268
-284
-311
-316
-316
-362
-332
-321
-345
-329
-334
-318
-267
-236
-173
-93
-23
-21
125
162
231
272
287
336
369
419
491
566
679
751
685
537
327
165
42
-41
-134
-193
-175
-113
-77
-57
-79
-140
-193
-229
-268
-300
-301
-307
-318
-307
-316
-313
-322
-301
-289
-267
-241
-183
-129
-49
-28
105
153
243
251
276
305
346
394
468
532
615
724
723
623
419
241
159
9
-37
-174
-173
-153
-100
-55
-76
-140
-172
-210
-241
-289
-286
-317
-316
-302
-299
-318
-317
-322
-326
-301
-267
-227
-165
-105
-37
56
139
148
219
261
288
319
357
446
486
564
661
711
675
523
340
145
14
-33
-125
-190
-185
-149
-98
-70
-110
-139
-204
-227
-273
-305
-335
-314
-317
-314
-319
-332
-332
-310
-315
-285
-266
-197
-133
-52
-18
95
134
151
226
286
319
344
393
458
522
593
689
711
623
457
259
148
-5
-28
-170
-172
-149
-93
-76
-65
-108
-172
-207
-241
-274
-290
-311
-301
-299
-289
-310
-325
-313
-299
-278
-258
-204
-163
-79
-26
73
125
142
239
276
299
359
379
419
503
587
667
739
692
550
367
162
65
-11
-140
-179
-165
-128
-79
-52
-98
-140
-189
-231
-268
-316
-310
-326
-319
-300
-310
-305
-323
-338
-306
-286
-266
-198
-133
-44
-28
81
148
152
254
261
315
355
385
419
526
605
692
707
602
446
244
148
-13
-44
-167
-191
-153
-108
-93
-66
-126
-194
-221
-277
-285
-307
-337
-318
-323
-322
-319
-320
-329
-298
-298
-246
-193
-145
-72
-39
59
131
147
244
254
315
336
385
449
502
596
679
746
673
532
327
147
14
-31
-135
-198
-159
-127
-66
-76
-108
-149
-203
-231
-254
-290
-271
-294
-305
-290
-328
-307
-334
-305
-289
-271
-227
-156
-95
-39
-22
129
144
223
259
307
323
367
419
478
543
643
723
722
611
417
229
144
-10
-13
-186
-193
-140
-119
-77
-82
-129
-193
-211
-257
-262
-305
-296
-312
-314
-328
-325
-330
-329
-310
-285
-254
-206
-141
-99
-39
70
142
145
243
276
299
327
369
419
491
579
686
739
666
499
303
148
-2
-31
-155
-206
-189
-125
-81
-76
-126
-172
-226
-259
-289
-311
-321
-315
-322
-321
-321
-327
-331
-318
-284
-263
-227
-179
-95
-44
-12
123
135
221
253
292
311
349
419
489
564
651
746
695
595
400
207
133
-11
-125
-181
-185
-120
-102
-41
-76
-149
-172
-217
-247
-293
-299
-305
-309
-331
-330
-332
-327
-298
-289
-284
-247
-182
-108
-59
-37
98
125
221
279
313
343
362
403
451
525
603
713
737
628
466
254
145
-13
-33
-174
-214
-172
-125
-108
-74
-140
-185
-233
-249
-298
-306
-319
-331
-333
-332
-331
-329
-307
-306
-281
-257
-221
-165
-108
-28
57
131
148
254
275
309
331
371
451
515
571
675
725
660
518
314
159
6
-25
-181
-203
-173
-155
-107
-81
-124
-172
-214
-247
-289
-316
-327
-322
-345
-333
-345
-334
-321
-317
-301
-262
-231
-173
-117
-27
-21
110
161
217
276
305
335
375
419
485
558
663
731
715
581
390
208
148
-10
-131
-193
-188
-157
-95
-63
-81
-140
-191
-234
-250
-286
-309
-309
-318
-332
-335
-323
-330
-295
-286
-285
-241
-177
-113
-57
-11
96
134
247
274
308
321
350
403
466
532
621
706
761
651
486
270
137
-5
-11
-161
-208
-163
-126
-100
-79
-129
-172
-230
-261
-300
-310
-334
-332
-351
-336
-343
-332
-307
-295
-285
-268
-210
-166
-99
-35
62
141
157
248
277
311
341
370
419
500
577
683
715
683
531
338
138
19
-37
-151
-208
-191
-156
-107
-85
-124
-188
-223
-254
-284
-315
-315
-337
-349
-332
-349
-326
-329
-311
-285
-269
-234
-190
-105
-39
-5
123
154
259
295
315
351
377
451
500
585
663
756
731
607
403
201
143
-17
-129
-189
-198
-149
-107
-80
-93
-149
-198
-234
-271
-297
-325
-316
-319
-345
-325
-331
-329
-309
-286
-266
-261
-179
-110
-41
-13
115
148
254
266
303
325
371
415
475
563
660
741
756
651
478
254
138
-23
-125
-186
-206
-169
-115
-79
-96
-141
-193
-243
-263
-298
-313
-318
-329
-351
-348
-342
-332
-327
-303
-297
-275
-217
-155
-76
-28
84
139
180
261
291
330
343
400
419
517
590
699
756
