-265
-329
-349
-357
-343
-286
-248
-204
-156
-102
-37
146
419
595
724
755
763
696
549
391
255
147
121
-11
-49
-140
-157
-165
-142
-161
-146
-118
-98
-55
-31
-29
10
-5
-27
-138
-186
-253
-295
-284
-278
-238
-189
-153
-129
-57
46
276
458
643
751
789
758
667
526
365
242
146
25
-15
-125
-175
-190
-203
-204
-219
-204
-188
-146
-129
-93
-58
-65
-77
-141
-219
-294
-333
-364
-387
-364
-315
-284
-236
-188
-138
-35
142
393
563
671
703
673
578
419
276
149
100
-33
-156
-210
-238
-261
-265
-274
-267
-255
-230
-210
-162
-133
-103
-105
-119
-185
-249
-319
-358
-392
-395
-364
-303
-277
-219
-170
-78
42
289
485
627
727
759
715
609
457
307
182
137
-21
-35
-140
-170
-172
-177
-191
-183
-159
-130
-109
-62
-31
-49
-21
-38
-111
-172
-249
-284
-305
-293
-265
-224
-172
-118
-76
-29
139
415
607
745
827
830
770
627
469
323
209
135
-11
-44
-129
-157
-159
-170
-170
-174
-155
-139
-95
-57
-39
-37
-43
-97
-166
-242
-305
-353
-366
-346
-323
-269
-237
-187
-127
-29
141
411
564
679
736
707
611
480
311
181
143
-19
-45
-177
-212
-241
-238
-257
-273
-254
-233
-204
-172
-151
-117
-115
-140
-210
-279
-357
-411
-428
-428
-402
-345
-322
-262
-198
-111
-22
279
466
584
695
699
661
543
387
261
143
94
-13
-129
-169
-204
-209
-214
-221
-217
-195
-160
-133
-87
-72
-40
-55
-101
-157
-214
-282
-330
-344
-323
-286
-226
-203
-156
-105
-31
142
395
564
724
785
794
735
611
419
321
196
129
21
-29
-44
-117
-139
-140
-157
-147
-119
-98
-67
-44
-33
-17
-23
-37
-156
-217
-275
-303
-330
-307
-282
-240
-215
-153
-87
-23
133
450
609
706
755
729
651
485
327
211
130
-7
-41
-143
-183
-203
-231
-236
-231
-235
-204
-181
-149
-109
-93
-83
-120
-172
-236
-320
-380
-397
-397
-391
-355
-300
-262
-211
-108
-42
132
419
578
662
686
638
535
377
231
139
6
-43
-131
-189
-218
-236
-246
-255
-251
-229
-194
-173
-119
-93
-69
-75
-119
-178
-246
-309
-349
-365
-363
-316
-266
-220
-172
-111
-37
125
367
539
686
770
778
711
586
419
291
175
145
-11
-28
-119
-149
-157
-156
-158
-155
-107
-97
-61
-41
-31
26
7
-23
-59
-182
-225
-286
-293
-279
-250
-199
-157
-103
-57
-12
134
419
603
739
795
787
718
564
404
272
149
123
-25
-44
-153
-177
-181
-190
-204
-185
-170
-149
-118
-76
-58
-48
-69
-125
-198
-263
-332
-357
-350
-358
-325
-275
-229
-179
-113
-23
135
392
564
675
722
702
597
419
294
157
129
-23
-142
-212
-241
-261
-272
-271
-271
-251
-225
-203
-162
-133
-109
-87
-107
-171
-231
-300
-347
-375
-377
-358
-309
-269
-227
-185
-106
-35
133
419
581
685
738
705
631
473
313
212
127
3
-38
-148
-174
-185
-197
-189
-190
-173
-140
-104
-65
-47
-31
-12
-27
-37
-154
-233
-262
-289
-297
-258
-222
-185
-133
-97
-41
122
335
501
663
767
811
777
705
537
387
263
146
122
-21
-42
-140
-153
-167
-167
-158
-142
-122
-97
-74
-39
-29
-26
-37
-108
-172
-251
-297
-321
-323
-300
-255
-236
-202
-149
-82
-28
185
419
590
683
707
692
594
419
295
166
125
-29
-61
-175
-207
-220
-231
-230
-233
-223
-201
-177
-155
-125
-109
-111
-127
-181
-236
-303
-363
-371
-380
-363
-318
-283
-238
-205
-140
-35
122
373
529
642
691
665
594
457
310
187
135
-13
-23
-151
-194
-201
-200
-207
-195
-189
-165
-127
-102
-56
-39
-43
-44
-118
-174
-235
-282
-289
-302
-284
-241
-206
-156
-110
-54
26
227
463
610
731
779
757
683
550
390
277
173
131
-1
-42
-107
-119
-123
-133
-138
-119
-102
-62
-34
-29
9
0
-15
-37
-139
-197
-242
-267
-276
-261
-245
-214
-157
-133
-76
-40
133
378
557
675
747
723
651
534
361
234
139
26
-34
-123
-178
-189
-211
-217
-209
-213
-201
-165
-137
-101
-81
-70
-103
-149
-217
-274
-339
-365
-364
-355
-330
-299
-246
-217
-157
-33
143
315
477
596
647
647
577
455
299
184
135
-27
-37
-170
-207
-221
-224
-235
-241
-230
-205
-172
-140
-97
-76
-65
-80
-133
-183
-241
-288
-332
-326
-309
-277
-235
-210
-157
-96
-45
135
383
535
673
739
729
665
545
404
269
154
129
-9
-46
-122
-151
-155
-155
-149
-140
-108
-74
-44
-37
20
25
1
-27
-43
-172
-231
-253
-266
-255
-223
-174
-141
-111
-39
-28
145
411
574
692
765
754
681
549
404
272
148
132
-13
-30
-145
-159
-179
-191
-188
-181
-154
-141
-122
-76
-57
-57
-76
-135
-185
-250
-311
-350
-364
-333
-314
-277
-234
-193
-142
-49
129
329
497
609
659
658
598
470
311
194
125
-25
-58
-181
-236
-246
-245
-265
-242
-253
-220
-203
-170
-141
-110
-98
-108
-153
-221
-271
-332
-351
-369
-351
-321
-287
-236
-204
-143
-29
122
313
490
623
682
695
651
545
401
267
157
118
-28
-43
-156
-177
-191
-175
-167
-162
-140
-114
-85
-45
-49
-29
-11
-43
-125
-183
-236
-282
-293
-272
-242
-210
-159
-110
-49
-31
134
389
565
687
753
788
739
618
475
323
206
133
1
-30
-114
-141
-162
-151
-157
-157
-140
-118
-97
-56
-41
-45
-38
-42
-140
-204
-271
-311
-325
-315
-295
-267
-222
-189
-141
-45
107
291
451
596
658
689
659
547
399
250
147
47
-28
-145
-194
-226
-240
-236
-245
-251
-230
-205
-172
-142
-122
-97
-129
-171
-229
-282
-350
-387
-394
-391
-364
-313
-268
-241
-177
-75
59
276
465
575
699
675
635
537
387
255
148
40
-24
-130
-173
-202
-207
-211
-215
-206
-185
-145
-120
-69
-42
-34
-37
-81
-142
-207
-258
-302
-310
-301
-262
-240
-169
-142
-93
-44
117
339
522
667
759
785
743
649
490
351
234
139
38
-14
-38
-129
-133
-143
-142
-137
-112
-82
-65
-34
-34
5
-12
-28
-69
-171
-238
-278
-300
-299
-263
-233
-183
-155
-109
-33
116
312
547
626
707
735
779
606
451
295
175
142
-15
-53
-155
-189
-213
-222
-231
-230
-204
-183
-156
-113
-104
-76
-95
-118
-184
-248
-315
-354
-385
-386
-363
-326
-286
-249
-204
-129
-29
142
393
542
661
670
631
547
399
265
147
29
-44
-124
-184
-220
-236
-241
-242
-232
-205
-197
-166
-111
-82
-56
-62
-108
-161
-221
-287
-325
-348
-341
-303
-267
-234
-172
-133
-53
94
291
475
634
731
753
723
629
496
334
227
135
10
-29
-114
-141
-161
-157
-167
-140
-129
-102
-71
-37
-43
19
23
-15
-44
-155
-204
-246
-268
-269
-254
-220
-159
-137
-83
-38
119
336
498
658
754
768
747
641
487
353
212
135
-3
-33
-139
-161
-193
-185
-191
-191
-185
-165
-139
-101
-57
-59
-57
-82
-151
-219
-289
-335
-351
-369
-342
-302
-267
-226
-165
-79
-31
185
419
575
664
679
639
545
391
244
142
19
-30
-158
-221
-257
-263
-267
-268
-253
-229
-207
-178
-147
-114
-101
-93
-122
-172
-245
-299
-345
-363
-365
-343
-292
-254
-207
-169
-76
-25
183
453
603
671
715
695
601
461
311
195
137
-9
-41
-135
-177
-185
-191
-175
-173
-146
-117
-98
-50
-34
-28
-5
-28
-28
-167
-221
-262
-286
-279
-251
-209
-169
-131
-76
-54
129
363
523
663
771
788
763
660
519
365
238
131
22
-19
-109
-137
-157
-168
-158
-156
-157
-127
-77
-55
-39
-41
-29
-43
-114
-181
-257
-303
-321
-335
-305
-279
-242
-202
-169
-70
-25
230
419
579
651
692
661
571
419
273
158
131
-17
-134
-186
-221
-236
-246
-240
-254
-221
-221
-180
-158
-114
-108
-107
-139
-189
-267
-317
-366
-382
-381
-361
-332
-284
-246
-197
-107
-28
139
398
542
659
692
655
567
419
291
170
135
-22
-28
-156
-194
-217
-211
-214
-198
-187
-147
-120
-83
-55
-39
-39
-29
-116
-172
-223
-269
-295
-299
-284
-237
-203
-169
-111
-62
-14
180
419
598
715
787
763
691
561
405
276
177
144
-12
-33
-115
-127
-140
-139
-135
-134
-102
-80
-44
-27
-21
5
-14
-44
-125
-186
-236
-270
-287
-282
-251
-221
-187
-140
-81
-34
135
375
537
662
717
715
655
531
359
238
142
3
-35
-139
-188
-220
-226
-229
-221
-223
-197
-173
-150
-108
-76
-77
-96
-134
-198
-259
-302
-365
-374
-368
-337
-303
-277
-236
-193
-96
-29
189
419
574
643
654
609
501
345
228
131
-5
-28
-157
-199
-236
-242
-235
-242
-213
-201
-185
-134
-103
-75
-41
-45
-93
-141
-210
-258
-288
-316
-307
-282
-238
-215
-175
-146
-61
21
266
467
611
707
747
723
627
498
342
231
136
17
-30
-109
-141
-169
-156
-152
-138
-113
-86
-49
-26
-30
30
25
3
-29
-110
-179
-221
-255
-257
-246
-214
-175
-150
-117
-39
27
185
447
597
710
757
746
665
523
359
229
135
21
-31
-140
-173
-187
-200
-201
-193
-189
-170
-147
-105
-71
-49
-39
-73
-125
-189
-265
-295
-347
-348
-348
-318
-285
-241
-199
-156
-42
129
337
498
597
661
659
587
466
306
180
149
-37
-134
-205
-250
-255
-268
-271
-267
-257
-227
-198
-157
-118
-77
-70
-85
-133
-202
-265
-310
-346
-354
-346
-301
-277
-229
-189
-141
-53
116
307
490
631
713
724
679
563
419
276
155
123
-25
-97
-156
-177
-172
-175
-170
-159
-137
-109
-63
-44
-37
-23
-6
-17
-39
-165
-210
-261
-267
-264
-236
-198
-157
-127
-62
-34
134
378
563
689
788
790
745
626
469
325
179
127
-12
-43
-123
-157
-163
-185
-166
-156
-140
-113
-82
-57
-37
-35
-27
-33
-125
-197
-253
-298
-332
-342
-319
-268
-236
-179
-140
-44
89
291
467
597
679
692
641
527
375
242
137
19
-29
-149
-210
-234
-253
-265
-250
-241
-229
-200
-169
-139
-103
-103
-101
-140
-201
-271
-332
-364
-389
-380
-349
-313
-267
-222
-171
-76
55
279
453
594
666
695
639
531
382
242
149
23
-28
-137
-189
-194
-211
-193
-201
-179
-156
-137
-108
-73
-30
-33
-37
-37
-108
-185
-238
-282
-293
-294
-279
-229
-187
-145
-97
-27
137
343
531
672
756
789
739
631
487
326
231
134
15
-23
-103
-138
-142
-138
-138
-133
-103
-93
-59
-37
-38
20
-11
-21
-44
-162
-231
-275
-297
-300
-300
-234
-204
-165
-123
-43
125
335
515
630
711
727
661
551
403
257
148
37
-26
-139
-193
-221
-219
-221
-236
-227
-202
-174
-149
-117
-87
-65
-75
-125
-174
-251
-305
-364
-367
-373
-359
-330
-285
-251
-204
-125
-40
134
413
550
646
667
635
527
377
235
131
7
-33
-157
-204
-238
-249
-236
-230
-223
-205
-172
-146
-93
-69
-53
-65
-93
-140
-206
-269
-307
-309
-300
-294
-261
-215
-176
-143
-53
117
311
498
655
737
767
731
621
474
322
195
127
-10
-41
-115
-146
-151
-149
-157
-149
-110
-86
-59
-27
-28
30
23
-9
-31
-132
-204
-236
-268
-265
-225
-215
-188
-142
