308
331
307
244
152
114
-13
-29
-43
-28
20
27
63
72
55
35
2
-29
-31
-46
-35
-44
-19
-19
-26
-29
-136
-198
-250
-264
-268
-261
-254
-245
-237
-235
-204
-85
-17
147
283
331
346
305
230
147
27
-11
-14
1
35
59
90
112
117
106
63
20
-7
3
23
31
31
41
21
15
-15
-77
-156
-209
-236
-236
-226
-211
-183
-198
-189
-108
-29
133
293
362
382
371
324
231
131
52
17
28
46
78
94
131
119
123
91
49
31
-3
9
20
29
31
20
11
-27
-44
-154
-207
-228
-247
-249
-236
-237
-223
-197
-206
-107
-35
143
276
331
338
315
239
147
52
-12
-27
-28
-6
26
71
75
74
78
39
-14
-30
-16
-31
-41
-26
-19
-26
-42
-57
-170
-213
-250
-289
-295
-285
-280
-285
-268
-250
-172
-39
111
225
295
350
326
276
165
120
-13
-30
-34
-15
35
61
90
112
107
67
31
8
-13
1
6
17
35
27
10
-21
-29
-145
-183
-220
-262
-237
-234
-207
-216
-193
-174
-61
52
143
311
370
365
347
267
171
136
30
19
37
70
94
127
139
139
139
99
51
42
38
47
51
37
49
39
11
-14
-44
-165
-214
-236
-236
-233
-214
-209
-197
-205
-143
-28
123
244
308
357
337
295
207
138
5
-21
-28
4
36
52
71
86
91
65
29
10
-23
-33
-19
-12
-2
-3
-12
-32
-118
-154
-225
-238
-273
-279
-269
-284
-250
-259
-225
-109
-35
133
251
298
307
291
207
134
2
-35
-23
-28
-18
25
55
74
81
73
37
4
-12
-22
-27
-1
3
11
-2
-12
-45
-125
-178
-220
-242
-259
-241
-225
-218
-218
-217
-135
-28
135
241
308
347
346
298
209
141
47
9
14
26
52
86
115
117
119
97
63
54
35
34
58
43
52
56
34
-5
-33
-97
-147
-193
-199
-207
-218
-203
-201
-187
-163
-46
78
142
308
350
372
335
251
147
137
10
5
5
22
69
84
116
94
56
67
38
5
-5
9
5
2
20
-6
-25
-38
-125
-193
-225
-259
-284
-262
-262
-255
-263
-234
-154
-28
105
170
305
347
303
244
154
123
-28
-21
-44
-43
-11
49
59
65
75
52
-5
-14
-30
-46
-29
-18
3
-7
-17
-35
-117
-172
-229
-258
-279
-269
-273
-250
-239
-229
-189
-66
84
136
297
359
350
298
223
145
37
-12
-13
1
41
52
101
117
116
99
66
27
25
17
23
20
41
39
27
-13
-27
-119
-166
-204
-229
-247
-220
-205
-197
-203
-171
-83
-12
138
315
376
391
355
298
189
134
20
3
20
51
58
103
123
116
116
98
49
27
-3
6
19
48
27
20
-14
-27
-133
-181
-221
-249
-262
-267
-253
-236
-242
-223
-170
-43
91
155
306
353
327
266
181
148
-12
-30
-41
-37
-1
47
69
79
85
52
10
-17
-32
-29
-31
-21
-28
-12
-28
-37
-140
-204
-250
-282
-284
-284
-283
-267
-268
-262
-237
-114
-31
130
283
342
334
291
225
130
19
-23
-29
-27
26
55
71
99
97
84
51
27
10
-12
4
3
31
35
23
4
-34
-127
-169
-216
-239
-253
-250
-238
-235
-206
-202
-108
-37
128
303
373
390
354
289
179
147
31
11
11
37
73
106
131
131
130
119
51
51
23
22
31
55
42
47
10
-17
-37
-142
-202
-235
-242
-246
-254
-257
-219
-220
-155
-24
119
235
324
370
347
287
190
139
2
-28
-32
-13
36
65
88
99
87
58
35
2
-13
-5
-7
15
14
14
-12
-46
-37
-162
-223
-261
-285
-293
-278
-243
-258
-253
-226
-99
-38
133
274
327
340
303
212
139
27
-19
-32
-28
5
52
83
110
89
79
45
-6
-12
-21
8
25
21
36
21
-7
-33
-130
-184
-229
-241
-248
-254
-235
-224
-225
-211
-161
-35
111
258
355
404
371
312
212
127
31
-14
-15
11
59
95
101
115
130
100
48
27
20
34
47
43
39
65
36
1
-42
-127
-172
-207
-237
-236
-250
-232
-218
-204
-214
-117
-37
139
307
357
357
328
261
148
123
-3
-39
-29
2
55
74
85
116
83
41
13
-13
-12
-23
3
-4
15
3
-25
-28
-156
-205
-242
-269
-281
-282
-265
-243
-242
-236
-201
-86
-15
139
263
315
291
271
177
123
15
-13
-43
-45
-47
15
43
75
75
55
21
-1
-12
-18
-12
-11
13
8
13
-26
-48
-152
-201
-247
-254
-275
-252
-236
-236
-209
-210
-119
-41
148
286
347
379
361
290
194
147
19
1
17
39
67
99
133
137
129
116
66
49
43
36
50
55
68
59
19
14
-37
-139
-176
-197
-207
-215
-201
-186
-176
-163
-127
-29
125
257
346
399
374
340
261
151
122
18
-1
10
51
87
115
116
122
99
62
30
9
9
20
25
26
32
10
-22
-37
-156
-211
-239
-263
-255
-261
-246
-236
-224
-172
-149
-44
127
257
317
330
313
247
148
90
-7
-33
-37
-44
-2
41
66
74
63
18
-10
-28
-25
-44
-23
-17
-18
-24
-31
-42
-149
-204
-236
-254
-281
-286
-268
-249
-236
-236
-203
-121
-39
141
275
338
339
297
217
133
25
-13
-12
-37
11
52
77
95
99
95
52
25
19
7
7
11
35
46
32
6
-30
-119
-162
-206
-236
-232
-235
-218
-207
-206
-192
-109
-39
127
279
356
375
365
308
203
127
47
-2
27
39
77
101
116
131
135
89
55
29
36
39
20
41
52
47
23
-30
-29
-156
-190
-221
-236
-247
-234
-221
-209
-213
-173
-76
-19
130
285
326
323
297
222
147
35
-28
-28
-28
-4
34
33
90
82
52
33
-5
-14
-15
19
-5
8
-12
-12
-33
-85
-161
-217
-258
-278
-278
-268
-277
-264
-237
-243
-190
-61
73
134
309
335
315
266
175
142
17
-22
-47
-41
11
78
79
96
88
59
39
11
2
11
13
25
23
27
17
-41
-31
-154
-202
-209
-241
-236
-230
-225
-210
-199
-161
-78
-30
129
310
353
372
341
274
163
142
22
7
17
43
75
111
129
132
133
95
69
64
29
49
61
62
67
46
8
-26
-47
-152
-190
-219
-233
-233
-223
-206
-183
-194
-134
-41
116
230
321
361
350
293
207
145
27
-9
-12
-11
37
51
93
87
93
67
33
2
-10
-11
-5
5
49
31
-48
-33
-122
-181
-232
-255
-271
-264
-265
-262
-221
-248
-230
-121
-33
127
245
298
319
262
185
143
-28
-30
-39
-34
-39
10
53
67
70
55
23
9
-12
-13
-1
-12
5
-6
-13
-18
-29
-141
-197
-223
-249
-251
-263
-242
-234
-221
-204
-129
-33
126
267
345
379
331
267
175
139
20
-6
4
23
52
81
97
118
126
81
58
39
21
31
47
49
52
52
22
-9
-41
-141
-171
-197
-209
-204
-213
-186
-188
-187
-149
-44
109
174
340
387
370
315
221
127
45
-5
-11
5
39
63
99
107
103
84
55
25
14
10
20
15
15
25
-3
-7
-49
-161
-204
-250
-267
-267
-265
-249
-249
-226
-209
-123
-41
122
261
311
336
295
215
134
20
-22
-37
-27
-37
-15
34
53
66
55
17
-5
-25
-29
-12
-9
-11
-5
-1
-21
-51
-156
-207
-238
-261
-267
-263
-259
-254
-238
-236
-172
-41
102
148
323
343
319
277
177
143
11
-18
-13
15
33
81
90
116
115
84
40
22
19
42
52
38
46
51
-9
-23
-33
-145
-188
-213
-221
-236
-220
-215
-194
-189
-143
-53
99
135
311
375
387
347
262
166
143
10
-7
20
34
68
100
126
127
100
52
39
35
41
38
50
43
52
23
-14
-50
-133
-184
-217
-236
-255
-234
-249
-229
-220
-208
-156
-39
105
133
309
345
327
276
153
116
-25
-27
-39
-44
-9
47
73
83
79
52
20
-3
-27
-18
-15
11
9
5
-23
-38
-138
-201
-241
-280
-275
-281
-282
-263
-258
-245
-235
-125
-30
121
249
317
340
277
213
127
19
-34
-38
-42
-16
41
40
84
91
81
59
18
-7
15
18
50
46
51
27
0
-28
-113
-179
-213
-229
-201
-229
-210
-204
-199
-193
-140
-43
119
265
335
381
345
297
197
127
29
-1
19
33
52
95
106
116
126
121
75
55
55
49
54
54
55
67
29
-12
-33
-149
-203
-207
-220
-207
-220
-205
-207
-215
-181
-73
-12
127
295
337
340
306
217
137
19
-15
-29
-33
-13
23
65
86
102
62
39
16
-5
-2
3
11
36
14
1
-25
-40
-165
-214
-247
-263
-276
-273
-270
-269
-261
-262
-169
-45
97
142
277
315
276
215
131
19
-27
-33
-43
-39
-23
23
61
89
81
50
30
-12
-11
5
19
20
30
21
-8
-30
-123
-177
-213
-228
-247
-238
-233
-215
-204
-210
-170
-49
85
135
308
342
345
307
211
137
30
-5
-10
20
57
62
95
95
121
99
67
50
48
52
57
67
83
65
35
10
-31
-61
-156
-189
-192
-203
-202
-193
-187
-204
-174
-104
-43
119
273
331
347
331
259
159
129
5
-13
-12
11
33
78
88
99
95
81
33
18
9
25
43
37
20
20
-17
-46
-139
-181
-229
-245
-257
-267
-251
-243
-236
-239
-204
-69
-9
137
281
301
291
244
171
133
-10
-44
-57
-41
-28
7
47
52
57
39
8
-19
-17
-17
5
14
26
20
-13
-34
-43
-170
-231
-236
-252
-255
-237
-223
-235
-220
-207
-111
-38
119
251
319
326
297
227
154
123
14
-17
-6
15
58
85
89
116
113
85
43
22
27
45
53
63
67
43
35
-11
-33
-146
-177
-215
-204
-200
-189
-186
-175
-181
-142
-31
118
240
331
363
363
309
227
135
35
14
-5
24
25
81
85
109
125
93
58
33
23
20
36
43
53
35
25
-14
-38
-150
-193
-235
-236
-249
-231
-222
-221
-214
-205
-134
-28
115
148
298
303
289
229
133
51
-21
-25
-46
-44
-3
27
53
54
52
30
3
-15
-12
-22
-10
6
18
-12
-28
-43
-156
-209
-239
-269
-257
-263
-247
-223
-239
-226
-204
-105
-33
118
235
290
327
287
212
149
26
-18
-22
-13
-9
36
65
94
91
83
71
24
14
25
35
42
55
41
19
-15
-39
-109
-165
-193
-210
-220
-189
-203
-185
-174
-190
-110
-30
119
245
329
362
341
289
213
143
46
23
20
39
65
99
111
121
135
95
61
49
41
49
51
54
44
43
10
-18
-28
-131
-190
-220
-225
-220
-205
-219
-203
-204
-177
-78
-29
134
271
323
321
295
212
148
37
-21
-30
-14
1
27
52
69
77
55
27
9
-9
-11
5
9
20
13
-1
-21
-42
-156
-211
-246
-263
-267
-257
-271
-241
-241
-236
-193
-67
-8
135
295
291
277
242
151
127
-15
-39
-47
-33
20
35
54
71
64
52
42
14
5
17
23
35
37
26
