-142
-157
-213
-254
-295
-333
-346
-354
-347
-327
-273
-156
-37
246
483
601
681
743
715
655
527
419
329
267
209
131
122
6
-28
-44
-145
-156
-154
-121
-108
-110
-109
-117
-151
-193
-239
-298
-331
-346
-359
-363
-349
-332
-221
-46
121
374
523
622
663
667
618
498
373
293
219
165
147
20
-21
-101
-157
-184
-205
-208
-198
-171
-165
-172
-175
-210
-273
-335
-349
-395
-422
-417
-425
-441
-411
-362
-158
-39
146
419
533
614
618
577
500
367
293
225
166
139
25
-30
-55
-141
-173
-211
-205
-204
-197
-172
-165
-182
-182
-220
-259
-299
-335
-374
-379
-379
-370
-337
-312
-169
-44
209
459
579
655
695
679
582
473
383
278
231
155
138
27
-19
-42
-105
-134
-140
-119
-115
-103
-77
-105
-105
-131
-169
-235
-275
-321
-325
-338
-342
-323
-287
-167
-44
217
456
583
671
723
723
633
503
404
321
251
179
142
35
-14
-44
-101
-140
-158
-169
-158
-149
-140
-155
-165
-186
-223
-268
-330
-378
-390
-393
-395
-393
-348
-270
-66
125
341
506
595
643
643
594
489
363
277
199
138
122
-12
-42
-141
-175
-221
-230
-252
-223
-209
-190
-206
-205
-219
-268
-306
-357
-410
-424
-427
-425
-407
-396
-332
-134
-22
314
475
584
635
675
615
510
415
315
235
167
135
29
-27
-39
-139
-156
-173
-185
-173
-171
-140
-138
-145
-154
-190
-235
-286
-317
-355
-375
-363
-361
-345
-284
-123
51
310
503
637
702
736
707
614
500
404
311
263
187
133
64
-12
-38
-95
-113
-135
-133
-125
-114
-113
-145
-153
-171
-208
-253
-305
-341
-357
-350
-358
-337
-305
-187
-28
134
449
579
675
703
694
603
491
394
293
219
159
142
10
-43
-119
-163
-183
-206
-204
-199
-194
-174
-177
-194
-220
-249
-305
-364
-401
-421
-438
-428
-426
-395
-295
-93
121
351
490
575
630
628
569
451
339
254
181
139
61
-5
-41
-134
-171
-199
-206
-215
-214
-173
-191
-167
-193
-199
-250
-300
-346
-396
-408
-422
-417
-401
-384
-300
-103
119
342
515
628
681
703
646
553
419
339
271
199
143
117
-9
-28
-118
-140
-158
-145
-147
-140
-108
-113
-111
-134
-171
-209
-263
-322
-351
-354
-344
-332
-313
-246
-76
115
354
527
660
722
747
719
622
483
377
295
241
162
136
19
-28
-41
-125
-149
-178
-161
-147
-129
-119
-127
-151
-185
-219
-288
-338
-380
-401
-396
-397
-396
-349
-220
-44
131
411
551
643
679
671
587
475
359
262
199
143
82
-1
-42
-140
-187
-216
-236
-236
-243
-193
-197
-205
-219
-230
-281
-335
-364
-428
-444
-439
-428
-332
-396
-313
-127
85
319
491
581
642
658
611
507
389
291
222
173
145
19
-35
-115
-151
-173
-214
-213
-199
-175
-159
-153
-157
-173
-217
-253
-301
-348
-377
-392
-377
-369
-349
-284
-119
32
323
513
635
703
734
723
603
499
394
312
229
180
135
43
-12
-44
-112
-146
-130
-137
-103
-82
-94
-97
-109
-143
-189
-241
-305
-370
-375
-377
-364
-343
-309
-169
-44
225
478
593
687
727
713
630
513
397
313
229
159
143
5
-38
-111
-159
-194
-203
-202
-183
-172
-145
-166
-168
-193
-250
-298
-349
-406
-412
-418
-418
-412
-395
-296
-106
86
307
473
574
639
643
594
483
343
265
191
135
85
-1
-32
-149
-177
-219
-235
-238
-223
-192
-166
-151
-173
-193
-225
-282
-354
-396
-428
-437
-430
-430
-409
-343
-172
-30
212
449
571
654
683
663
573
459
347
259
194
149
137
3
-43
-108
-142
-158
-180
-155
-140
-117
-108
-118
-133
-159
-209
-249
-308
-333
-348
-351
-359
-333
-298
-173
-26
211
468
619
692
738
743
663
532
419
340
275
200
143
59
-13
-44
-114
-143
-162
-151
-128
-130
-96
-95
-115
-150
-193
-238
-300
-341
-364
-381
-382
-381
-362
-269
-71
123
360
513
627
675
671
617
500
383
279
211
149
133
7
-30
-123
-151
-193
-229
-235
-206
-176
-161
-158
-172
-194
-234
-284
-348
-398
-440
-435
-441
-434
-404
-374
-222
-27
134
401
507
602
635
653
538
419
329
227
170
144
30
-28
-37
-140
-171
-200
-214
-197
-186
-161
-150
-145
-157
-199
-229
-278
-319
-362
-380
-391
-384
-373
-333
-229
-25
145
405
562
647
709
691
641
513
405
322
253
265
141
72
-1
-28
-57
-117
-142
-145
-111
-76
10
-69
-93
-113
-155
-211
-257
-305
-347
-348
-350
-335
-339
-245
-63
129
399
547
642
715
723
666
547
419
331
260
193
146
87
-11
-41
-126
-161
-172
-183
-175
-155
-134
-119
-129
-162
-205
-257
-313
-374
-407
-419
-423
-425
-396
-345
-157
-30
265
447
579
625
660
626
501
387
303
203
158
148
3
-53
-135
-175
-218
-241
-245
-249
-210
-181
-168
-165
-194
-221
-252
-309
-373
-399
-428
-419
-429
-418
-379
-241
-38
143
391
547
613
658
651
590
467
353
282
212
149
143
20
-28
-108
-136
-156
-174
-169
-149
-133
-126
-105
-135
-157
-206
-242
-300
-346
-365
-369
-361
-353
-316
-204
-41
130
419
595
693
743
751
673
561
445
357
291
222
146
147
5
-27
-41
-119
-149
-163
-147
-138
-106
-101
-114
-140
-178
-236
-283
-333
-361
-373
-366
-368
-346
-265
-65
119
359
522
629
683
693
643
522
411
319
230
180
141
25
-5
-46
-157
-172
-219
-215
-207
-191
-163
-159
-179
-206
-238
-281
-358
-401
-429
-433
-450
-432
-429
-374
-199
-47
143
419
532
617
635
611
500
383
291
207
150
134
35
-33
-49
-152
-179
-210
-233
-219
-209
-184
-163
-165
-176
-218
-259
-302
-359
-393
-394
-403
-385
-369
-330
-183
-50
139
419
582
660
703
687
607
489
379
294
235
166
133
27
-21
-33
-122
-142
-161
-149
-139
-103
-105
-103
-114
-139
-189
-230
-270
-302
-342
-335
-337
-330
-298
-172
-35
148
473
611
659
705
698
628
531
403
327
259
197
137
52
-25
-42
-121
-153
-172
-171
-161
-140
-125
-127
-158
-173
-221
-268
-322
-350
-391
-411
-405
-396
-369
-268
-54
121
357
499
593
649
650
575
475
358
266
199
146
117
-10
-27
-151
-189
-219
-238
-250
-236
-220
-205
-189
-205
-233
-253
-321
-350
-412
-442
-451
-438
-406
-385
-302
-119
61
327
475
581
633
645
601
494
382
299
212
148
147
26
-27
-43
-140
-182
-194
-199
-181
-171
-157
-153
-145
-153
-191
-237
-291
-347
-353
-379
-376
-359
-335
-268
-111
126
343
522
628
715
734
683
600
478
383
307
242
165
137
41
-26
-33
-105
-137
-156
-153
-129
-108
-93
-105
-125
-171
-217
-268
-310
-350
-351
-364
-357
-338
-294
-141
-30
293
482
587
661
707
666
578
470
347
271
187
135
123
-2
-43
-113
-157
-199
-204
-206
-193
-170
-161
-162
-182
-220
-269
-318
-362
-397
-418
-428
-422
-410
-380
-268
-55
133
331
491
564
602
585
517
414
308
230
155
118
37
-21
-39
-145
-171
-207
-220
-205
-198
-186
-171
-177
-185
-226
-250
-300
-358
-389
-416
-418
-421
-403
-385
-278
-66
134
357
491
615
663
675
599
489
373
299
243
180
149
42
-14
-28
-105
-140
-167
-172
-158
-135
-119
-105
-111
-144
-172
-226
-275
-302
-347
-347
-345
-338
-328
-250
-93
130
346
518
628
691
702
667
571
459
352
276
218
141
135
10
-17
-41
-121
-130
-149
-149
-129
-117
-108
-117
-138
-172
-230
-284
-332
-369
-385
-378
-379
-353
-328
-185
-32
143
413
546
623
641
628
535
419
320
251
185
147
52
-9
-37
-129
-158
-188
-221
-225
-209
-187
-181
-183
-205
-236
-283
-326
-373
-405
-434
-433
-423
-383
-375
-268
-71
123
343
500
596
643
628
583
461
355
269
199
143
146
16
-37
-76
-151
-173
-170
-194
-182
-157
-126
-133
-139
-161
-197
-246
-309
-345
-363
-364
-363
-350
-339
-268
-47
123
358
521
623
679
694
643
553
419
334
270
228
163
146
20
-21
-42
-118
-141
-145
-133
-106
-94
-76
-93
-117
-152
-187
-254
-284
-327
-358
-351
-361
-338
-297
-167
-34
135
419
549
633
669
646
575
459
363
282
213
143
138
3
-30
-110
-149
-181
-201
-204
-191
-175
-159
-172
-173
-165
-241
-298
-345
-396
-413
-409
-411
-393
-361
-289
-111
35
301
447
535
587
607
549
453
335
254
177
115
67
-14
-46
-123
-172
-190
-224
-236
-223
-202
-189
-167
-160
-186
-214
-270
-313
-369
-388
-396
-390
-370
-355
-313
-156
-44
143
419
563
628
641
627
563
419
341
262
203
159
133
11
-28
-34
-113
-143
-156
-154
-133
-109
-114
-104
-122
-159
-195
-221
-274
-314
-348
-319
-307
-298
-261
-177
-41
143
419
564
658
710
710
647
532
419
347
276
205
147
142
9
-23
-45
-127
-153
-155
-135
-113
-102
-85
-112
-129
-172
-226
-271
-309
-348
-346
-333
-339
-341
-285
-157
-39
147
419
542
635
633
613
521
402
311
241
180
135
45
-27
-25
-140
-165
-204
-204
-221
-207
-185
-159
-179
-198
-229
-278
-327
-369
-407
-428
-427
-413
-408
-387
-304
-129
-17
274
415
515
567
577
557
457
347
263
191
133
133
18
-43
-117
-161
-181
-203
-192
-197
-172
-145
-156
-168
-177
-217
-249
-303
-333
-366
-367
-350
-370
-330
-300
-172
-50
142
419
550
619
662
647
565
462
363
285
221
154
127
28
-12
-44
-45
-108
-125
-109
-115
-86
-72
-76
-97
-118
-159
-204
-257
-289
-314
-310
-309
-284
-273
-219
-64
126
340
498
582
650
667
629
523
411
323
259
202
139
129
-3
-23
-51
-129
-151
-174
-172
-158
-137
-129
-138
-156
-188
-236
-295
-339
-362
-373
-371
-370
-347
-314
-222
-35
126
363
484
550
591
598
494
394
308
217
163
134
30
-21
-45
-155
-187
-220
-225
-237
-217
-202
-178
-199
-258
-189
-263
-260
-332
-373
-380
-391
-383
-375
-345
-293
-146
-33
144
405
514
569
599
565
487
379
297
225
176
131
56
-9
-44
-105
-126
-157
-167
-157
-140
-119
-114
-129
-129
-171
-205
-241
-288
-309
-321
-306
-299
-296
-269
-174
-44
141
399
543
611
659
675
617
510
419
347
276
197
146
128
11
-26
-40
-94
-131
-149
-140
-112
-108
-101
-108
-130
-165
-213
-250
-298
-332
-329
-337
-321
-295
-254
-123
-12
187
419
530
595
619
596
514
402
315
235
179
138
57
-14
-42
-113
-171
-178
-204
-201
-185
-170
-157
-167
-186
-204
-264
-325
-365
-383
-405
-406
-393
-381
-367
-309
-115
-10
251
404
497
547
563
513
419
311
238
171
139
131
-1
-25
-109
-137
-172
-189
-201
-194
-169
-163
-167
-165
-181
-222
-257
-304
-332
-363
-341
-348
-330
-325
-287
-173
-29
135
399
510
595
623
615
547
455
356
278
227
169
139
43
-5
-37
-43
-109
-131
-131
-106
-108
-73
-79
-87
-135
-157
-203
-246
-277
-300
-305
-290
-283
-274
-217
-57
129
329
471
563
625
643
611
512
409
341
270
205
155
145
19
-12
-28
-99
-130
