-50
-121
-129
-162
-166
-161
-165
-147
-155
-157
-175
-206
-231
-265
-275
-305
-315
-313
-325
-295
-262
-119
-43
111
303
375
468
479
419
392
309
258
207
145
131
38
2
-29
-58
-108
-131
-135
-133
-139
-108
-138
-145
-146
-172
-202
-218
-237
-273
-291
-290
-300
-286
-268
-189
-61
107
267
367
452
499
503
461
372
307
241
200
131
116
33
-23
-35
-49
-109
-119
-140
-139
-155
-140
-134
-145
-152
-189
-208
-236
-274
-289
-312
-317
-325
-297
-257
-146
-39
117
290
373
459
489
464
405
310
254
190
132
101
35
-27
-42
-53
-140
-140
-157
-158
-161
-168
-143
-172
-174
-205
-233
-239
-282
-300
-320
-336
-348
-335
-313
-239
-93
-42
133
308
401
453
489
419
351
307
227
183
135
109
3
-29
-41
-54
-124
-135
-172
-167
-170
-146
-157
-157
-175
-190
-207
-237
-277
-283
-305
-332
-321
-302
-249
-140
-65
126
289
391
469
498
493
419
346
287
237
171
122
111
13
-18
-33
-53
-113
-119
-124
-140
-152
-134
-133
-144
-157
-173
-222
-241
-265
-299
-312
-299
-295
-283
-217
-61
101
254
355
447
499
511
474
383
313
262
196
139
113
20
-29
-38
-69
-119
-147
-158
-165
-157
-156
-167
-172
-178
-204
-227
-265
-283
-316
-340
-335
-341
-329
-253
-140
-64
114
290
403
449
489
474
390
321
254
194
139
131
20
-28
-57
-59
-134
-163
-176
-173
-193
-181
-186
-183
-194
-206
-241
-269
-295
-319
-345
-351
-349
-332
-296
-186
-50
103
273
377
457
499
489
464
359
305
231
190
139
123
-1
-42
-54
-59
-117
-155
-153
-157
-166
-156
-153
-158
-177
-195
-223
-268
-279
-289
-311
-316
-310
-297
-203
-57
105
249
372
459
519
532
487
419
335
288
219
159
119
49
5
-28
-62
-119
-134
-145
-143
-156
-139
-137
-155
-167
-192
-226
-234
-295
-311
-330
-319
-331
-300
-234
-124
-57
107
305
395
471
515
497
415
346
281
211
148
116
17
0
-38
-53
-119
-151
-152
-167
-173
-185
-186
-192
-201
-217
-233
-274
-300
-326
-358
-361
-350
-349
-302
-177
-54
114
265
383
468
515
482
419
347
291
219
154
129
52
-14
-34
-63
-122
-156
-171
-183
-177
-166
-182
-179
-187
-201
-218
-249
-291
-300
-310
-325
-325
-316
-294
-212
-61
101
234
359
451
509
531
482
391
322
263
217
133
116
29
-23
-31
-47
-121
-153
-156
-151
-157
-139
-156
-161
-157
-181
-210
-234
-259
-293
-295
-300
-315
-300
-233
-101
-29
116
339
447
501
530
499
419
345
275
213
153
114
61
0
-43
-53
-113
-121
-141
-162
-156
-159
-165
-172
-156
-222
-217
-236
-268
-305
-333
-349
-345
-332
-285
-172
-49
107
276
377
459
494
482
415
347
277
228
158
116
46
-7
-39
-45
-137
-157
-173
-175
-195
-185
-189
-189
-175
-217
-224
-266
-272
-309
-342
-357
-350
-355
-325
-236
-93
59
147
345
419
486
479
464
387
307
233
186
143
116
5
-41
-51
-54
-114
-154
-157
-158
-166
-166
-158
-123
-178
-199
-201
-244
-289
-312
-325
-331
-328
-298
-253
-113
-54
131
323
419
502
528
509
419
361
273
224
175
123
114
8
-13
-38
-61
-123
-140
-143
-140
-139
-146
-145
-153
-182
-206
-241
-268
-284
-312
-330
-318
-315
-284
-158
-59
107
283
407
472
509
503
419
359
287
224
171
114
118
-6
-42
-54
-108
-141
-154
-176
-172
-165
-172
-172
-172
-209
-221
-257
-281
-300
-328
-348
-350
-342
-328
-221
-75
85
186
339
419
511
511
411
359
286
227
168
126
116
-1
-31
-83
-140
-143
-158
-165
-190
-173
-176
-187
-184
-187
-208
-234
-271
-300
-319
-346
-357
-354
-315
-254
-108
-42
117
331
419
513
526
474
411
345
271
211
165
116
68
-12
-31
-43
-109
-130
-155
-153
-155
-155
-157
-156
-157
-185
-207
-239
-267
-305
-312
-338
-325
-307
-239
-105
-37
126
345
449
522
546
511
419
363
290
234
159
118
114
7
-18
-45
-105
-135
-184
-161
-158
-172
-151
-161
-170
-192
-221
-268
-285
-313
-342
-353
-357
-337
-280
-153
-53
124
299
399
487
511
489
419
355
279
219
153
112
50
1
-51
-66
-128
-162
-178
-178
-204
-188
-172
-177
-197
-219
-236
-274
-299
-332
-363
-370
-364
-364
-321
-204
-57
99
259
383
474
499
499
419
346
298
215
171
114
109
10
-41
-44
-109
-146
-165
-162
-169
-167
-154
-156
-181
-195
-209
-251
-279
-300
-332
-348
-351
-332
-306
-204
-59
87
279
389
477
527
515
471
387
335
276
210
147
114
46
-4
-32
-47
-104
-140
-150
-155
-137
-146
-146
-154
-172
-187
-222
-249
-297
-302
-315
-338
-337
-306
-224
-73
87
243
355
467
530
543
469
415
329
258
212
148
118
23
-14
-46
-50
-124
-143
-172
-172
-166
-166
-176
-181
-198
-223
-244
-286
-329
-332
-364
-358
-359
-346
-273
-137
-44
117
333
419
474
507
466
393
311
243
171
128
131
10
-28
-41
-57
-141
-165
-177
-206
-190
-175
-175
-201
-188
-213
-236
-257
-300
-334
-349
-365
-357
-331
-277
-135
-39
121
326
419
487
517
479
415
335
276
212
180
111
66
1
-51
-47
-107
-141
-147
-153
-156
-129
-152
-157
-172
-185
-216
-236
-268
-294
-317
-331
-333
-326
-261
-130
-59
138
335
449
507
551
525
449
377
308
238
180
123
116
12
-12
-49
-65
-119
-138
-149
-159
-157
-150
-156
-169
-183
-219
-248
-274
-316
-337
-348
-362
-337
-300
-177
-71
102
303
399
487
525
503
419
355
291
228
158
123
84
-3
-29
-44
-116
-133
-169
-173
-191
-167
-170
-176
-204
-221
-249
-268
-314
-347
-366
-394
-384
-366
-326
-201
-54
109
289
394
459
515
487
419
340
269
213
147
116
59
-1
-42
-53
-119
-149
-171
-169
-171
-163
-167
-167
-172
-181
-205
-247
-277
-309
-331
-345
-358
-354
-310
-211
-41
114
274
397
478
532
526
454
389
307
251
180
148
114
41
-6
-38
-54
-121
-127
-140
-160
-149
-133
-139
-145
-155
-193
-210
-269
-300
-318
-342
-338
-337
-302
-190
-59
111
270
386
489
531
532
471
385
314
244
187
147
114
25
-21
-43
-65
-140
-147
-161
-171
-163
-161
-160
-172
-186
-231
-234
-263
-315
-332
-374
-360
-366
-348
-238
-83
54
185
366
449
494
517
454
367
306
254
183
129
126
16
-21
-44
-105
-145
-171
-181
-175
-185
-176
-197
-177
-203
-229
-252
-288
-326
-358
-364
-394
-369
-347
-268
-103
6
122
355
419
513
507
473
404
299
244
207
139
114
59
-9
-44
-57
-124
-135
-173
-168
-150
-167
-154
-157
-172
-199
-215
-261
-286
-307
-332
-364
-352
-333
-237
-85
52
224
362
468
537
555
515
419
350
279
229
157
118
131
20
-31
-43
-71
-131
-140
-147
-156
-149
-155
-158
-157
-181
-223
-248
-287
-317
-334
-339
-368
-332
-259
-127
-42
113
339
419
504
533
483
407
343
275
211
149
121
34
-5
-46
-45
-124
-153
-161
-177
-169
-166
-171
-172
-189
-201
-236
-284
-304
-345
-350
-379
-382
-369
-311
-174
-50
124
299
382
472
501
467
403
327
259
195
143
123
51
-10
-45
-43
-121
-149
-161
-182
-172
-185
-172
-175
-187
-203
-221
-262
-306
-314
-368
-361
-365
-345
-286
-156
-57
106
323
415
506
549
501
419
343
287
227
173
113
117
21
-17
-38
-44
-114
-149
-149
-155
-140
-140
-144
-153
-170
-206
-252
-270
-299
-315
-345
-337
-329
-282
-157
-45
124
334
419
497
547
523
453
375
294
244
187
123
116
20
-11
-44
-59
-114
-143
-154
-155
-157
-145
-165
-169
-184
-221
-237
-302
-327
-348
-370
-375
-376
-313
-186
-50
103
285
391
469
533
506
453
355
276
215
163
114
107
7
-29
-54
-122
-139
-166
-178
-194
-189
-182
-189
-190
-214
-244
-271
-303
-332
-362
-371
-385
-379
-339
-219
-53
111
276
393
467
515
503
447
362
290
233
175
111
122
14
-12
-29
-67
-126
-131
-162
-172
-172
-165
-167
-167
-187
-202
-253
-291
-316
-332
-358
-379
-348
-321
-197
-65
101
282
410
504
551
529
459
395
318
263
205
145
118
50
14
-25
-38
-62
-118
-155
-154
-151
-150
-156
-163
-180
-206
-249
-281
-306
-335
-354
-353
-346
-294
-201
-49
116
299
403
498
532
529
471
367
307
239
179
131
116
38
-5
-45
-59
-121
-153
-174
-176
-195
-178
-171
-186
-194
-242
-268
-300
-336
-364
-380
-397
-378
-329
-204
-56
117
273
399
469
533
504
419
345
260
219
158
117
54
18
-29
-44
-105
-140
-150
-181
-175
-176
-179
-169
-193
-219
-244
-279
-300
-334
-359
-365
-378
-362
-315
-205
-49
116
283
407
501
537
519
419
369
291
234
180
109
127
37
0
-25
-41
-114
-135
-154
-156
-140
-157
-157
-162
-185
-201
-237
-268
-319
-332
-349
-348
-346
-306
-166
-44
113
326
419
518
547
530
451
363
295
239
196
142
114
35
-7
-21
-65
-109
-134
-157
-152
-144
-152
-140
-166
-189
-202
-258
-296
-329
-349
-357
-354
-375
-321
-191
-61
109
275
410
494
518
511
419
357
282
221
163
113
105
16
-25
-41
-58
-137
-151
-157
-166
-178
-171
-177
-186
-204
-229
-268
-317
-337
-385
-403
-399
-394
-349
-209
-61
95
278
395
463
519
474
411
339
275
219
146
111
111
23
-11
-41
-59
-134
-157
-161
-159
-171
-161
-166
-159
-189
-226
-263
-290
-318
-333
-363
-373
-364
-314
-210
-53
114
293
404
487
532
523
419
372
299
239
191
127
114
43
0
-23
-46
-50
-119
-119
-142
-140
-141
-141
-143
-161
-183
-219
-266
-313
-322
-349
-357
-342
-331
-215
-65
103
286
399
482
543
537
459
377
310
263
199
135
123
43
8
-37
-44
-122
-133
-146
-157
-168
-161
-169
-158
-193
-229
-266
-300
-323
-365
-391
-389
-381
-353
-242
-81
103
273
386
419
468
468
407
347
297
238
159
133
79
5
-24
-39
-56
-144
-161
-182
-187
-185
-189
-186
-173
-183
-224
-254
-299
-332
-358
-387
-386
-380
-345
-244
-81
78
251
383
461
539
532
473
385
325
265
187
137
116
54
3
-35
-57
-123
-127
-158
-160
-151
-165
-167
-158
-175
-215
-254
-278
-330
-357
-381
-373
-380
-333
-234
-63
107
283
407
497
562
559
497
410
340
265
207
163
117
119
14
-23
-42
-47
-119
-145
-157
-141
-146
-139
-140
-171
-204
-231
-268
-301
-338
-352
-378
-372
-347
-244
-73
94
257
387
474
527
538
457
379
303
254
194
131
124
35
-13
-31
-71
-121
-140
-163
-156
-178
-172
-160
-175
-200
-227
-266
-302
-339
-367
-395
-398
-402
-374
-283
-113
-37
122
356
449
499
507
419
374
294
228
189
123
119
25
-11
-42
-53
-140
-159
-167
-172
-167
-171
-151
-165
-186
-205
-257
-298
-317
-349
-361
-392
-374
-359
-269
-114
-29
114
359
459
528
538
487
410
330
276
207
153
137
118
13
-1
-41
-49
