-156
-203
-222
-218
-217
-194
-149
-113
-127
-138
-201
-307
-387
-415
-407
-338
-278
-204
-156
-125
-57
-27
257
522
715
778
710
599
414
233
149
51
36
20
39
2
-23
-44
-78
-107
-143
-153
-129
-83
-54
-21
-12
-25
-152
-216
-305
-332
-311
-261
-182
-107
-71
-51
-23
126
373
615
773
803
743
595
403
243
129
75
57
51
21
7
-28
-37
-97
-141
-170
-167
-157
-150
-95
-76
-75
-125
-209
-310
-392
-406
-364
-331
-238
-141
-133
-113
-63
39
322
564
706
725
654
497
326
145
47
-9
-27
-29
-38
-97
-128
-145
-202
-234
-233
-239
-251
-201
-158
-114
-143
-183
-267
-373
-431
-428
-420
-317
-247
-186
-178
-162
-76
-26
328
557
690
707
615
470
291
146
38
-14
-12
-11
-14
-37
-19
-101
-140
-167
-201
-188
-172
-149
-83
-81
-66
-122
-220
-299
-358
-373
-316
-267
-162
-137
-97
-70
-29
119
419
660
803
819
723
557
372
219
135
84
61
69
58
16
0
-21
-44
-108
-115
-133
-111
-85
-63
-49
-41
-115
-189
-261
-335
-348
-305
-254
-160
-108
-93
-76
-44
107
405
622
779
759
659
532
325
163
132
5
-11
-1
-18
-37
-37
-94
-155
-161
-198
-203
-181
-157
-137
-86
-105
-172
-273
-374
-437
-437
-394
-343
-240
-188
-166
-166
-61
83
340
565
682
675
563
419
228
131
-10
-18
-43
-49
-37
-61
-101
-135
-190
-223
-216
-231
-207
-186
-156
-122
-117
-160
-237
-343
-397
-402
-365
-284
-218
-160
-135
-111
-46
107
375
603
753
778
660
507
338
181
126
23
20
30
7
-7
-22
-38
-108
-121
-133
-137
-146
-98
-45
-54
-43
-34
-188
-275
-313
-329
-303
-226
-140
-66
-59
-57
-33
153
419
665
810
811
674
547
361
193
131
52
27
31
34
31
-7
-27
-108
-142
-158
-165
-146
-147
-109
-81
-86
-121
-213
-290
-378
-375
-359
-282
-205
-145
-135
-133
-71
-34
292
551
689
745
667
535
353
187
113
-25
-33
-45
-44
-81
-122
-141
-183
-214
-236
-241
-239
-215
-186
-140
-145
-169
-253
-330
-416
-410
-389
-325
-259
-197
-172
-172
-156
-50
133
459
661
751
687
559
378
195
148
-5
-30
-15
-12
-31
-48
-76
-140
-173
-181
-199
-173
-163
-140
-76
-85
-81
-175
-248
-332
-353
-332
-298
-215
-149
-93
-63
-95
-48
137
467
705
831
827
707
550
341
197
159
36
53
51
45
37
-3
-14
-29
-108
-119
-133
-140
-111
-97
-37
-54
-108
-194
-279
-319
-332
-280
-230
-145
-109
-93
-109
-65
119
349
601
756
795
699
569
371
187
127
1
2
-24
-6
-12
-41
-101
-141
-177
-204
-219
-187
-177
-133
-118
-133
-166
-240
-345
-403
-401
-374
-347
-262
-204
-193
-193
-147
-53
116
457
651
715
677
527
356
190
129
-5
-42
-57
-55
-65
-82
-105
-168
-213
-207
-217
-218
-191
-172
-135
-125
-156
-214
-280
-367
-395
-373
-320
-254
-184
-136
-149
-147
-44
131
398
633
771
793
659
507
308
162
111
7
18
22
21
-26
-17
-49
-93
-105
-127
-156
-131
-79
-58
-27
-45
-76
-162
-250
-285
-300
-267
-201
-119
-99
-79
-71
-19
117
374
614
787
839
756
615
419
254
147
52
20
26
17
-3
-12
-33
-95
-115
-170
-155
-167
-159
-109
-79
-97
-193
-187
-289
-364
-362
-336
-273
-216
-159
-132
-155
-140
-58
143
453
671
759
745
611
419
222
130
-7
-34
-42
-54
-95
-105
-137
-166
-201
-227
-237
-234
-236
-193
-158
-157
-172
-217
-305
-374
-409
-386
-317
-270
-202
-183
-174
-174
-123
-34
311
569
727
747
661
522
339
148
17
-34
-43
-23
-13
-38
-26
-86
-123
-155
-170
-183
-166
-140
-128
-76
-99
-130
-211
-284
-347
-364
-285
-247
-173
-125
-99
-69
-44
73
350
614
807
891
802
628
467
278
131
115
38
61
58
19
-5
-2
-44
-110
-125
-140
-131
-113
-81
-47
-29
-85
-142
-222
-300
-312
-306
-245
-188
-130
-104
-111
-81
-18
148
483
699
819
798
651
463
286
147
20
-25
-26
-25
-13
-37
-41
-127
-151
-191
-220
-203
-190
-191
-146
-113
-171
-229
-287
-369
-412
-414
-334
-287
-214
-181
-199
-170
-75
79
363
603
735
726
614
459
270
148
-10
-39
-39
-43
-31
-64
-119
-156
-172
-229
-218
-217
-206
-172
-146
-141
-137
-189
-267
-345
-397
-384
-302
-246
-175
-135
-135
-137
-65
114
385
651
801
819
705
553
358
168
135
17
19
20
-1
6
-7
-33
-34
-131
-130
-138
-119
-117
-78
-37
-30
-76
-155
-233
-313
-310
-257
-203
-128
-94
-66
-82
-41
115
372
615
807
869
771
627
419
235
131
37
24
11
17
15
-1
-37
-114
-140
-154
-187
-173
-129
-86
-82
-93
-158
-225
-313
-365
-364
-321
-266
-219
-181
-145
-159
-108
-37
275
551
737
787
711
543
331
179
121
-33
-28
-76
-53
-81
-111
-142
-174
-215
-245
-250
-229
-202
-177
-154
-165
-221
-270
-353
-409
-400
-345
-302
-231
-203
-174
-177
-141
-26
142
534
719
790
707
564
383
180
133
-25
-19
-6
-22
-24
-44
-103
-133
-150
-177
-197
-185
-165
-129
-76
-76
-140
-207
-278
-342
-341
-300
-253
-173
-119
-78
-95
-62
-7
351
619
817
910
821
671
483
289
147
133
41
45
30
26
-21
-34
-53
-93
-137
-149
-138
-121
-76
-51
-59
-105
-186
-261
-309
-315
-305
-222
-177
-118
-104
-126
-58
-31
308
551
747
831
771
593
417
230
144
-11
-33
-5
-38
-39
-53
-105
-139
-186
-187
-198
-197
-174
-173
-125
-151
-205
-273
-345
-395
-423
-385
-321
-261
-193
-183
-198
-143
-47
137
510
713
751
679
533
357
166
49
-28
-28
-27
-69
-76
-111
-124
-171
-213
-229
-225
-213
-177
-178
-140
-125
-190
-266
-347
-377
-389
-330
-260
-222
-151
-152
-140
-69
-12
346
596
771
823
763
601
415
234
153
17
1
9
-5
-5
-37
-29
-53
-141
-159
-151
-131
-97
-69
-63
-57
-137
-211
-291
-314
-312
-266
-188
-125
-86
-81
-61
-39
127
467
703
859
867
735
583
377
209
126
35
35
30
18
-12
-34
-44
-118
-133
-156
-165
-153
-138
-98
-78
-135
-177
-266
-344
-381
-349
-303
-222
-161
-155
-135
-149
-40
133
454
671
793
777
651
468
245
134
-1
-11
-61
-95
-85
-109
-119
-156
-219
-236
-237
-223
-231
-207
-168
-154
-197
-287
-361
-406
-442
-376
-322
-250
-204
-172
-176
-143
-33
147
499
707
819
747
591
403
211
130
-13
-14
-45
-27
-37
-40
-109
-114
-157
-174
-178
-177
-155
-106
-97
-110
-177
-250
-325
-374
-337
-300
-245
-155
-140
-101
-86
-37
115
415
699
867
918
807
619
419
247
147
47
30
31
41
30
-1
-28
-29
-127
-135
-137
-140
-121
-81
-41
-102
-150
-241
-295
-339
-332
-279
-202
-149
-125
-118
-93
-14
147
491
724
879
852
721
547
313
157
27
-18
-18
-28
-17
-42
-86
-138
-169
-203
-221
-204
-204
-154
-141
-143
-172
-258
-325
-428
-412
-397
-339
-271
-223
-175
-186
-165
-44
153
484
689
778
741
591
395
203
147
-28
-33
-85
-76
-51
-80
-126
-172
-201
-225
-223
-230
-204
-182
-153
-158
-219
-274
-364
-409
-413
-353
-282
-200
-153
-143
-145
-69
87
387
670
820
855
746
583
379
195
117
-10
-12
-12
-8
-18
-12
-34
-112
-125
-137
-140
-141
-101
-37
-49
-76
-153
-251
-321
-332
-300
-265
-177
-107
-86
-53
-61
-15
135
535
783
922
882
715
529
335
167
146
21
26
20
6
-9
-38
-45
-110
-151
-175
-167
-150
-111
-65
-112
-158
-230
-333
-383
-391
-353
-288
-207
-165
-127
-135
-82
-9
318
579
759
823
757
587
362
175
125
-28
-29
-53
-61
-93
-122
-171
-201
-213
-236
-234
-231
-236
-185
-168
-183
-253
-329
-408
-449
-410
-362
-291
-223
-161
-161
-158
-75
116
419
638
799
790
675
497
292
130
-1
-47
-43
-25
-50
-54
-75
-122
-171
-182
-187
-197
-181
-137
-106
-122
-158
-233
-302
-394
-399
-332
-284
-206
-137
-124
-103
-61
31
319
623
821
899
821
675
479
277
121
53
20
30
20
14
1
-17
-34
-98
-131
-157
-136
-115
-106
-61
-74
-157
-215
-293
-332
-331
-298
-221
-147
-106
-76
-76
-37
126
451
687
857
883
759
567
343
170
134
-13
-17
-18
-29
-31
-34
-97
-167
-171
-211
-193
-205
-183
-118
-138
-161
-230
-325
-396
-435
-411
-342
-274
-192
-177
-204
-165
-38
139
501
692
801
745
567
390
175
107
-37
-101
-86
-65
-77
-108
-128
-145
-197
-227
-241
-242
-220
-185
-134
-162
-204
-273
-367
-421
-415
-362
-301
-211
-147
-145
-144
-60
47
357
627
818
851
739
567
343
183
145
-17
-9
-12
-10
-22
-35
-29
-97
-133
-169
-163
-150
-125
-84
-45
-101
-142
-202
-296
-322
-307
-263
-190
-109
-93
-54
-72
-23
133
481
751
889
884
771
603
363
167
134
21
-1
11
5
-13
-28
-12
-85
-131
-142
-167
-140
-112
-93
-79
-125
-197
-289
-349
-373
-350
-284
-229
-165
-140
-140
-102
-38
129
519
723
851
794
641
419
243
148
-12
-49
-58
-55
-75
-101
-108
-146
-191
-237
-258
-239
-209
-193
-179
-156
-202
-282
-373
-423
-422
-407
-332
-259
-210
-197
-197
-141
-31
134
549
733
825
761
584
379
180
51
-21
-44
-59
-74
-76
-65
-98
-150
-156
-209
-187
-197
-184
-133
-110
-108
-174
-240
-333
-376
-358
-298
-253
-178
-117
-97
-127
-57
117
371
655
859
907
791
607
417
223
129
20
10
23
22
31
20
-38
-49
-108
-131
-115
-140
-121
-93
-44
-67
-125
-190
-290
-348
-318
-283
-197
-138
-103
-82
-74
-26
127
419
697
867
873
765
579
367
175
66
-22
-28
-15
-15
-31
-33
-101
-140
-161
-169
-189
-185
-167
-139
-115
-145
-222
-281
-359
-406
-383
-310
-268
-213
-181
-151
-166
-58
123
407
657
793
771
635
419
241
133
-31
-111
-76
-79
-101
-105
-121
-140
-181
-205
-227
-237
-209
-205
-167
-159
-182
-247
-322
-394
-413
-396
-301
-252
-179
-140
-169
-125
-44
148
515
755
863
809
655
446
259
120
4
-28
-40
-22
-9
-15
-22
-96
-137
-151
-172
-166
-140
-136
-82
-60
-114
-185
-258
-321
-342
-278
-200
-138
-105
-65
-54
-39
129
389
674
865
951
864
679
471
261
137
3
-17
16
14
10
0
-28
-28
-93
-149
-167
-165
-145
-109
-65
-107
-137
-223
-300
-360
-363
-329
-252
-185
-141
-134
-121
-55
122
409
661
822
849
743
550
337
137
-9
-55
-44
-39
-62
-77
-77
-138
-172
-207
-229
-251
-249
-231
-179
-149
-172
-245
-321
-395
-449
-428
-357
-304
-229
-189
-183
-179
-76
69
401
679
819
787
682
483
259
154
-5
-35
-76
-61
-59
-93
-97
-141
-161
-189
-225
-221
-198
-173
-156
-109
-134
-177
-259
-342
-391
-385
-322
-245
-173
-113
-134
-111
-27
127
475
759
885
897
731
547
321
177
41
10
23
18
25
7
-17
