-76
-39
131
297
454
534
543
483
390
281
175
139
52
33
27
9
7
-12
-42
-32
-97
-108
-109
-97
-76
-73
-76
-79
-113
-151
-212
-277
-329
-359
-382
-373
-338
-287
-214
-154
-76
-30
145
355
483
527
523
401
356
241
148
133
49
25
20
10
-1
-12
-33
-33
-93
-93
-97
-76
-61
-59
-42
-76
-107
-154
-204
-251
-305
-337
-344
-318
-277
-202
-153
-61
-40
115
286
418
543
590
533
451
339
231
147
134
63
47
36
35
19
8
-21
-30
-46
-49
-44
-37
-34
-34
-32
-44
-108
-159
-211
-268
-306
-342
-345
-314
-249
-189
-129
-61
-42
139
334
469
549
543
555
406
289
182
139
65
35
19
9
4
-11
-30
-41
-93
-109
-99
-79
-75
-60
-63
-93
-113
-153
-218
-270
-322
-357
-373
-351
-314
-245
-192
-56
-59
-31
137
351
473
519
498
418
334
219
133
74
23
5
-7
-11
-28
-39
-41
-95
-122
-102
-94
-81
-70
-44
-65
-85
-127
-181
-241
-266
-326
-352
-347
-326
-300
-221
-156
-97
-41
109
262
406
534
565
533
418
339
218
139
131
47
35
19
14
-1
-13
-33
-44
-76
-75
-57
-44
-37
-31
-44
-73
-114
-165
-238
-269
-298
-352
-271
-267
-258
-165
-96
-57
-19
132
318
470
547
567
532
417
305
198
135
102
46
32
21
15
-9
-14
-28
-39
-74
-78
-72
-54
-97
-93
-44
-102
-159
-201
-252
-306
-332
-350
-344
-304
-238
-193
-127
-57
-41
126
340
487
535
532
453
358
238
144
129
32
17
-1
-6
-1
-25
-43
-108
-115
-127
-109
-105
-76
-76
-95
-109
-153
-186
-235
-297
-335
-361
-363
-332
-287
-234
-170
-106
-47
78
143
395
505
552
526
411
329
291
179
115
39
21
20
13
6
-13
-31
-37
-93
-93
-65
-27
-42
-44
-28
-19
-59
-141
-219
-281
-303
-318
-312
-284
-238
-186
-125
-69
-41
132
299
418
539
571
532
449
339
231
154
134
65
54
38
46
17
2
-23
-33
-33
-59
-61
-48
-28
-38
-39
-81
-133
-181
-230
-281
-311
-333
-325
-293
-243
-185
-125
-59
-41
133
319
462
537
539
483
372
273
163
133
47
25
13
-5
-11
-26
-25
-43
-101
-126
-108
-83
-65
-49
-57
-76
-118
-169
-219
-274
-318
-357
-363
-373
-252
-236
-264
-150
-94
-34
115
286
418
505
510
463
340
244
169
179
26
25
13
-1
-21
-22
-32
-42
-97
-105
-107
-78
-46
-33
-41
-60
-105
-146
-205
-247
-295
-309
-316
-301
-258
-212
-159
-109
-44
-17
137
370
498
565
547
475
373
259
158
135
54
38
35
20
4
-1
-12
-31
-31
-74
-53
-44
-41
-28
-13
-30
-37
-139
-198
-247
-300
-311
-313
-289
-252
-210
-151
-97
-31
96
244
415
526
554
538
418
339
222
137
126
34
20
9
-12
-15
-28
-30
-84
-107
-108
-97
-69
-53
-46
-54
-81
-135
-183
-240
-287
-325
-351
-347
-327
-281
-229
-165
-109
-51
113
244
418
555
550
474
382
271
163
135
23
1
-15
-12
-27
-27
-37
-76
-108
-122
-119
-108
-76
-44
-41
-57
-93
-140
-205
-251
-303
-332
-343
-332
-307
-268
-202
-156
-81
-38
130
319
463
549
549
493
399
266
179
143
53
40
19
9
-6
5
-28
-39
-28
-76
-81
-57
-28
-44
-15
-28
-38
-121
-177
-238
-281
-310
-306
-295
-259
-219
-167
-111
-44
-5
119
395
522
595
583
498
395
276
176
141
46
35
14
1
3
-28
-17
-42
-39
-76
-75
-47
-33
-37
-35
-41
-76
-155
-209
-264
-307
-348
-322
-332
-310
-191
-173
-125
-44
21
139
387
507
563
523
418
340
225
138
114
35
14
-1
-13
-21
-31
-34
-74
-96
-117
-105
-81
-54
-37
-49
-75
-124
-215
-249
-287
-330
-333
-345
-318
-281
-219
-163
-109
-37
117
275
418
543
565
527
418
331
211
130
111
34
20
11
3
1
-12
-25
-38
-43
-73
-53
-41
-37
-7
-11
-25
-44
-156
-219
-270
-297
-325
-306
-271
-229
-181
-125
-75
-41
142
308
463
567
597
561
475
357
240
155
139
65
54
39
22
20
15
-9
-22
-30
-39
-44
-33
-37
-12
-12
0
-107
-236
-157
-284
-306
-301
-301
-281
-238
-186
-137
-94
-32
126
301
455
547
569
519
418
311
209
147
52
21
3
-6
-23
-18
-41
-44
-76
-95
-97
-77
-57
-34
-43
-44
-81
-142
-194
-262
-301
-330
-346
-343
-321
-273
-212
-161
-102
-34
121
277
418
538
564
513
409
303
191
138
65
33
15
2
-3
-15
-25
-44
-33
-25
-81
-73
-37
-28
-28
-17
-28
-113
-161
-218
-275
-301
-314
-296
-258
-219
-168
-108
-63
-31
136
318
475
566
598
549
459
345
245
163
139
101
57
34
27
19
2
-15
-26
-31
-37
-37
-12
30
34
16
-25
-37
-129
-189
-238
-261
-294
-271
-236
-204
-157
-108
-54
-30
131
303
456
558
587
551
469
354
258
159
131
63
43
24
11
3
-13
-25
-37
-41
-75
-59
-38
-39
-15
-18
-41
-79
-97
-169
-219
-289
-313
-302
-271
-237
-197
-141
-97
-37
97
159
350
511
567
533
475
340
242
137
143
43
17
-2
-10
-23
-44
-28
-73
-83
-77
-76
-51
-39
-43
-25
-42
-109
-156
-215
-259
-289
-313
-311
-283
-241
-189
-140
-79
-32
109
286
407
526
583
534
482
375
261
185
142
89
49
30
1
11
-9
-13
-33
-39
-61
-48
-33
-44
1
-2
-25
-37
-140
-193
-238
-266
-283
-281
-241
-198
-159
-107
-59
-39
111
291
418
551
601
575
491
375
263
165
133
70
25
17
19
-12
-25
-28
-43
-73
-74
-60
-42
-28
-39
-21
-41
-107
-171
-222
-261
-299
-320
-315
-341
-258
-219
-193
-109
-44
98
195
401
517
565
533
459
343
227
143
135
31
11
-5
-17
-13
-39
-39
-95
-109
-111
-108
-77
-57
-44
-63
-94
-142
-190
-243
-293
-315
-337
-332
-301
-255
-190
-140
-77
-37
146
276
418
538
571
527
418
350
240
148
134
50
31
16
7
-11
-22
-39
-41
-79
-73
-53
-43
-33
-22
-6
-39
-106
-167
-215
-252
-278
-291
-284
-268
-225
-172
-109
-51
-28
131
319
467
563
599
562
482
373
255
179
142
125
57
35
27
15
-9
-23
-38
-39
-76
-50
-43
-37
-23
-28
-31
-47
-160
-221
-268
-289
-296
-300
-269
-236
-177
-125
-57
-35
111
289
418
533
575
532
446
341
231
145
136
49
15
-1
-15
-25
-28
-35
-93
-105
-109
-83
-66
-44
-16
-49
-84
-158
-194
-221
-293
-314
-343
-332
-303
-263
-215
-162
-108
-44
97
170
390
507
543
513
418
323
218
135
129
34
19
-5
-13
-23
-28
-41
-104
-118
-109
-97
-65
-39
-44
-44
-69
-125
-173
-230
-267
-290
-319
-300
-279
-236
-188
-137
-73
-33
120
289
418
539
569
546
468
352
244
163
179
57
35
19
-6
-8
-31
-28
-44
-74
-77
-47
-42
-41
-15
-17
-28
-93
-153
-215
-259
-283
-299
-300
-268
-234
-189
-140
-69
-28
115
283
418
533
571
531
418
347
235
146
132
35
17
-7
-11
-23
-26
-38
-95
-111
-108
-94
-70
-54
-34
-54
-93
-138
-189
-235
-284
-316
-339
-290
-290
-270
-172
-167
-113
-39
106
241
395
511
535
498
411
307
191
138
49
13
2
-26
-31
-38
-59
-101
-117
-138
-130
-105
-79
-44
-47
-47
-66
-135
-191
-235
-284
-309
-329
-317
-296
-264
-214
-162
-107
-28
108
265
467
515
627
553
451
350
254
161
135
52
27
11
-1
-14
-39
-28
-50
-79
-83
-71
-49
-39
-42
-28
-44
-93
-145
-217
-252
-285
-295
-289
-262
-221
-182
-134
-72
-33
122
306
451
555
591
548
468
355
244
148
135
53
18
3
-1
-12
-13
-37
-108
-108
-157
-96
-13
-39
-40
-42
-31
-117
-182
-236
-279
-313
-327
-363
-295
-255
-209
-167
-113
-34
105
245
406
522
555
521
418
334
221
134
115
37
11
-10
-28
-35
-54
-95
-117
-140
-137
-122
-99
-75
-57
-63
-101
-140
-186
-241
-283
-334
-355
-334
-264
-277
-212
-161
-105
-40
86
135
387
501
551
530
455
342
242
151
135
49
25
11
-11
-19
-27
-33
-85
-93
-94
-85
-57
-42
-28
-30
-31
-102
-157
-229
-250
-293
-312
-309
-285
-237
-182
-133
-74
-34
98
274
411
518
571
547
418
387
269
171
134
122
50
30
18
-5
-23
-30
-28
-76
-78
-75
-53
-39
-38
-41
-41
-108
-167
-219
-266
-297
-318
-310
-286
-238
-209
-149
-105
-43
81
134
385
513
559
535
458
346
243
148
134
49
19
-4
-21
-26
-33
-37
-106
-109
-128
-109
-83
-67
-34
-54
-86
-135
-186
-245
-285
-321
-349
-347
-330
-295
-250
-197
-141
-61
-18
135
375
491
538
515
418
340
231
150
135
38
23
4
-21
-21
-41
-34
-108
-120
-119
-108
-75
-53
-44
-33
-77
-117
-170
-227
-270
-301
-300
-311
-287
-245
-198
-145
-93
-37
95
145
394
515
571
554
484
377
272
179
139
74
42
26
17
-7
-18
-30
-37
-85
-64
-57
17
-32
-41
-25
-38
-44
-151
-202
-252
-270
-298
-300
-280
-249
-205
-155
-105
-44
84
148
403
523
577
561
477
377
259
169
165
65
71
39
-24
-23
-35
-44
-99
-108
-113
-99
-78
-57
-51
-62
-79
-133
-179
-234
-282
-325
-349
-348
-318
-278
-227
-171
-111
-35
75
143
387
503
550
515
418
323
211
137
57
13
-1
-13
-30
-31
-60
-99
-122
-133
-122
-117
-93
-44
-46
-47
-76
-129
-183
-237
-289
-319
-346
-347
-312
-271
-209
-155
-98
-28
109
305
358
539
533
514
418
359
247
154
131
54
33
19
-9
-21
-31
-31
-85
-94
-94
-93
-53
-38
-41
-30
-38
-87
-156
-214
-265
-286
-300
-295
-273
-236
-179
-134
-70
-38
120
302
451
565
610
579
484
379
277
161
130
59
26
17
-9
-23
-28
-28
-85
-96
-93
-86
-63
-38
-48
-22
-62
-114
-172
-233
-297
-321
-342
-334
-307
-267
-214
-158
-97
-37
95
186
402
527
543
563
486
346
233
145
133
50
18
-2
-28
-28
-33
-93
-122
-129
-133
-121
-101
-73
-57
-76
-97
-113
-205
-250
-295
-325
-349
-347
-320
-273
-215
-165
-108
-34
83
159
370
507
579
547
505
359
245
155
141
59
27
9
-3
-18
-19
-32
-78
-98
-102
-81
-61
-44
-35
-41
-47
-107
-158
-223
-263
-297
-300
-310
-280
-252
-205
-145
-93
-43
89
182
403
527
596
591
521
418
305
205
143
111
43
41
19
6
-14
-28
-33
-77
-93
-69
-61
-44
-35
-38
-107
-93
-157
-204
-215
-299
-326
-325
-291
-252
-210
-157
-109
-54
-11
143
357
498
564
564
498
395
276
179
132
51
31
11
-13
-21
-38
-41
-108
-122
-122
-111
-101
-64
-53
-69
-80
-135
-170
-236
-277
-330
-351
-351
-325
-295
-257
-201
-154
-93
-26
130
319
448
541
551
498
401
291
197
144
