-332
-291
-240
-213
-159
-58
126
453
690
783
735
567
346
142
-34
-189
-190
-137
-58
-38
51
75
52
5
-38
-95
-146
-162
-141
-95
-44
-33
-7
-17
-146
-239
-336
-385
-406
-382
-325
-300
-254
-210
-171
-85
47
366
599
747
757
611
385
176
-11
-159
-171
-140
-66
-44
67
100
82
30
-28
-28
-109
-132
-107
-62
-41
47
23
-10
-37
-198
-277
-342
-385
-363
-341
-299
-250
-201
-143
-44
129
419
674
819
783
638
411
195
20
-51
-151
-114
-28
-2
100
122
106
65
-2
-26
-57
-113
-85
-51
-47
50
52
14
-42
-193
-281
-350
-369
-359
-343
-307
-262
-205
-153
-44
131
468
711
803
763
579
345
137
-16
-171
-185
-140
-44
-29
90
85
74
15
-39
-38
-125
-165
-136
-76
-38
-28
19
-27
-127
-229
-334
-377
-412
-386
-345
-317
-284
-226
-170
-63
129
419
655
756
741
564
334
137
-30
-171
-199
-140
-47
-45
53
81
67
23
-34
-49
-122
-141
-106
-57
-44
15
31
-15
-42
-215
-301
-363
-390
-359
-332
-296
-252
-201
-133
-44
147
497
705
817
747
563
338
139
-25
-155
-153
-95
-44
54
111
122
100
50
-14
-41
-99
-117
-62
-19
-11
49
35
-1
-42
-204
-288
-345
-354
-336
-300
-278
-227
-181
-121
-39
135
518
703
799
731
563
317
131
-28
-165
-161
-106
-32
20
82
95
88
19
-27
-44
-140
-141
-103
-53
-29
20
23
-15
-149
-239
-339
-380
-407
-332
-335
-297
-283
-209
-154
-37
129
483
705
779
703
503
277
138
-37
-199
-181
-125
-45
-35
69
73
50
2
-37
-123
-161
-145
-112
-47
-29
-2
2
-28
-175
-261
-332
-392
-392
-383
-321
-284
-253
-188
-140
-39
151
527
709
795
702
522
283
147
-27
-165
-153
-98
-33
75
100
113
81
35
-41
-33
-108
-124
-81
-39
-26
62
47
-22
-55
-233
-304
-362
-362
-332
-269
-249
-214
-155
-94
-31
139
553
724
817
745
553
313
129
-23
-156
-149
-81
-28
54
90
109
84
33
-13
-34
-110
-117
-80
-39
-10
49
49
-15
-122
-257
-337
-389
-409
-367
-313
-277
-236
-201
-145
-37
144
467
651
774
721
532
318
134
-27
-181
-183
-111
-49
-33
61
67
42
-1
-18
-108
-144
-140
-135
-72
-21
-26
7
-22
-151
-268
-365
-414
-431
-381
-325
-283
-234
-201
-157
-71
139
407
631
757
726
564
342
154
-23
-157
-193
-125
-39
-39
93
84
85
26
-32
-46
-110
-110
-99
-44
-30
19
33
-11
-37
-210
-308
-357
-368
-335
-268
-254
-210
-171
-124
-44
126
411
661
787
770
627
402
195
52
-30
-138
-108
-41
-2
90
116
107
67
-5
-19
-47
-105
-83
-49
-44
41
42
2
-41
-207
-289
-354
-374
-345
-300
-278
-242
-183
-143
-60
117
402
659
756
738
591
375
163
-11
-159
-181
-140
-70
-37
52
84
73
11
-5
-52
-129
-141
-130
-82
-42
-31
18
-17
-37
-229
-332
-385
-407
-385
-357
-296
-255
-222
-167
-93
-23
350
595
719
723
583
367
163
-13
-151
-189
-149
-77
-38
51
85
52
25
-30
-38
-130
-134
-115
-65
-41
18
20
-11
-41
-190
-293
-351
-371
-366
-328
-282
-237
-199
-140
-67
119
395
635
779
761
623
387
191
23
-35
-147
-109
-42
-14
90
107
100
66
17
-23
-33
-79
-78
-53
-37
46
41
38
-27
-173
-263
-331
-357
-342
-285
-257
-220
-178
-137
-76
115
379
619
755
771
639
409
198
53
-33
-171
-140
-45
-28
84
85
83
27
-29
-41
-113
-134
-117
-76
-41
-25
21
-5
-44
-203
-299
-376
-387
-382
-332
-284
-266
-205
-166
-105
-45
298
555
709
745
619
418
187
20
-107
-204
-166
-98
-42
-9
67
63
22
-31
-41
-133
-149
-141
-105
-42
-34
37
-5
-55
-194
-291
-373
-401
-387
-331
-253
-236
-194
-156
-108
-44
137
500
683
756
675
489
275
138
-33
-156
-138
-76
-29
38
85
95
82
23
-18
-29
-108
-108
-54
-29
49
53
38
-25
-139
-255
-335
-371
-357
-305
-250
-204
-175
-140
-97
-31
130
523
719
805
726
532
308
141
-22
-156
-140
-78
-49
54
90
99
82
20
-21
-27
-108
-114
-93
-31
-29
47
17
-17
-145
-245
-333
-386
-382
-349
-300
-248
-209
-162
-129
-44
139
447
631
731
703
535
327
143
-44
-190
-171
-121
-61
-41
41
57
47
2
-31
-81
-140
-149
-117
-78
-37
-5
-10
-29
-159
-277
-359
-402
-407
-339
-317
-271
-230
-189
-149
-77
95
387
611
746
723
583
361
169
-14
-114
-174
-121
-59
-29
63
85
65
34
-9
-28
-81
-125
-93
-42
-33
41
33
-10
-33
-220
-306
-354
-370
-329
-270
-235
-197
-157
-134
-53
107
375
630
771
771
629
419
218
125
-33
-142
-100
-37
-9
88
119
109
69
-1
-19
-35
-95
-76
-42
-31
25
38
-1
-33
-193
-297
-348
-377
-357
-295
-255
-219
-175
-119
-65
-2
341
569
735
750
635
411
203
93
-41
-175
-140
-73
-30
41
73
53
29
-13
-29
-111
-126
-122
-72
-39
-27
13
-27
-41
-229
-311
-367
-409
-374
-325
-280
-255
-210
-167
-113
-33
219
535
699
724
628
409
207
100
-38
-194
-142
-95
-21
14
55
63
18
-15
-39
-111
-137
-122
-81
-39
-28
39
7
-35
-181
-286
-355
-377
-393
-301
-257
-204
-181
-155
-106
-42
143
534
715
788
709
500
280
143
-28
-146
-149
-76
-29
66
100
117
69
30
-25
-36
-99
-83
-62
-41
37
67
47
-18
-51
-250
-338
-379
-358
-316
-255
-220
-171
-143
-111
-31
148
486
699
787
726
531
306
138
-39
-159
-165
-108
-39
-21
81
70
53
15
-29
-28
-129
-127
-110
-53
-28
20
11
-19
-165
-284
-358
-405
-398
-345
-289
-257
-215
-162
-129
-57
131
419
629
723
683
522
308
148
-30
-179
-179
-138
-55
-22
52
52
25
5
-28
-93
-129
-147
-108
-74
-14
20
23
-28
-61
-245
-348
-396
-400
-352
-297
-249
-194
-173
-130
-71
90
387
613
754
739
599
395
175
0
-108
-171
-119
-45
-38
66
99
84
52
2
-29
-44
-103
-83
-31
-44
69
65
15
-27
-201
-300
-363
-374
-335
-253
-217
-165
-154
-117
-54
63
342
582
754
766
663
474
244
148
-37
-141
-125
-50
-37
55
95
63
52
11
-37
-47
-100
-107
-73
-31
13
25
-15
-45
-195
-300
-363
-399
-361
-300
-254
-220
-171
-149
-111
-34
127
454
659
718
663
485
280
143
-31
-178
-167
-117
-62
-33
53
54
31
-18
-42
-111
-153
-136
-108
-53
-38
-25
-11
-47
-195
-285
-354
-411
-396
-338
-258
-230
-197
-170
-140
-93
116
385
611
715
693
559
354
149
-14
-138
-171
-135
-46
-45
66
85
57
35
-10
-44
-85
-106
-85
-50
-28
45
33
-9
-41
-225
-310
-386
-350
-325
-258
-209
-166
-142
-102
-54
89
353
582
752
761
651
451
239
123
-39
-147
-106
-47
-23
79
116
87
54
2
-9
-33
-93
-73
-76
-28
39
55
7
-34
-165
-287
-369
-386
-332
-294
-215
-191
-162
-125
-109
-32
134
451
671
739
675
511
299
142
-33
-166
-161
-109
-41
-42
52
63
27
-2
-44
-85
-127
-117
-77
-54
-27
-29
-5
-45
-167
-270
-362
-397
-396
-341
-268
-239
-204
-159
-167
-97
-30
345
571
705
707
579
374
163
1
-140
-189
-140
-63
-45
35
71
49
33
-15
-41
-105
-121
-87
-54
-28
31
14
-9
-81
-226
-294
-349
-366
-328
-263
-207
-177
-152
-127
-93
-33
302
559
721
759
671
466
255
121
-28
-141
-131
-44
-29
52
87
100
59
18
-11
-28
-77
-47
-42
-31
49
35
20
-37
-166
-267
-325
-362
-339
-267
-210
-168
-160
-121
-109
-18
133
462
660
761
694
522
319
135
-23
-141
-154
-107
-40
-27
61
61
36
1
-33
-42
-109
-113
-76
-45
-40
16
-11
-44
-181
-293
-361
-369
-389
-321
-257
-226
-189
-183
-147
-93
7
346
570
698
714
589
366
163
-18
-163
-170
-155
-81
-44
-11
37
42
15
-19
-27
-133
-125
-99
-49
-28
13
-2
-29
-153
-263
-334
-382
-357
-310
-252
-209
-189
-158
-129
-81
-34
255
535
705
751
655
475
250
137
-39
-157
-139
-71
-28
36
74
69
51
11
-33
-30
-61
-60
-37
-29
30
27
-5
-22
-189
-271
-332
-329
-300
-245
-181
-158
-121
-108
-76
-31
147
499
692
755
705
515
305
131
-17
-138
-140
-100
-29
11
74
79
59
2
-11
-22
-100
-98
-72
-34
-28
11
-9
-23
-178
-290
-342
-376
-357
-309
-246
-219
-200
-165
-125
-29
126
407
634
705
691
523
314
143
-33
-181
-185
-143
-41
-33
38
20
21
-13
-42
-106
-137
-124
-79
-69
-37
-29
-23
-41
-194
-284
-342
-363
-361
-306
-281
-222
-185
-161
-129
-62
115
371
599
711
711
564
371
180
-18
-108
-157
-138
-55
-37
58
73
70
35
-11
-38
-93
-102
-60
-41
-22
22
-1
-25
-134
-220
-300
-334
-319
-295
-240
-210
-181
-118
-93
-33
116
406
627
741
735
622
408
209
129
-30
-134
-94
-31
-17
70
84
74
36
2
-44
-30
-83
-58
-46
-28
41
19
-19
-108
-236
-311
-351
-359
-315
-267
-224
-209
-159
-126
-47
85
346
564
694
725
583
382
180
5
-126
-181
-157
-81
-56
-7
56
36
2
-23
-41
-125
-121
-93
-63
-40
-41
-23
-42
-167
-247
-349
-390
-396
-351
-315
-254
-230
-187
-138
-76
2
318
569
692
686
585
371
157
-10
-145
-191
-142
-75
-40
21
65
63
23
-29
-28
-109
-109
-85
-44
-44
17
-10
-19
-109
-222
-315
-342
-359
-322
-277
-229
-189
-153
-108
-58
93
355
590
735
751
635
419
217
123
-46
-133
-130
-37
-37
59
90
90
52
14
-17
-19
-85
-57
-42
-33
34
33
2
-37
-176
-268
-335
-365
-327
-282
-225
-186
-153
-130
-58
-29
297
543
709
737
631
419
229
145
-29
-167
-141
-93
-41
-5
59
54
25
-28
-27
-113
-127
-100
-60
-39
-22
13
-28
-138
-233
-329
-375
-389
-365
-313
-263
-230
-194
-155
-109
-30
139
503
671
715
628
419
244
146
-44
-174
-167
-133
-29
-29
52
57
21
-11
-37
-97
-117
-106
-47
-44
-17
20
-18
-32
-205
-303
-369
-362
-358
-293
-240
-198
-175
-134
-83
-35
275
543
719
771
691
475
261
130
-47
-147
-117
-65
-38
52
90
90
67
20
-17
-38
-76
-69
-44
-19
59
49
13
-29
-173
-268
-325
-320
-322
-277
-219
-183
-159
-108
-63
-31
150
517
707
755
686
507
299
142
-25
-143
-127
-93
-32
33
67
85
49
-5
-21
-44
-108
-98
-42
-34
20
17
-21
-11
-205
-298
-362
-377
-358
-289
-257
-240
-201
-159
-110
-44
139
471
659
756
663
495
270
127
-29
-171
-171
-129
-58
-37
31
40
11
-21
-42
-117
-134
-117
-69
-27
-28
-2
-31
-146
-226
-326
-367
-378
-355
-315
-269
