-305
-277
-263
-232
-220
-230
-229
-196
-175
-139
-130
-123
-145
-204
-300
-389
-471
-555
-610
-577
-481
-384
-257
-39
404
807
1211
1475
1478
1322
1034
715
403
163
-17
-174
-250
-289
-331
-325
-289
-278
-253
-254
-239
-243
-222
-199
-169
-170
-171
-193
-232
-345
-412
-519
-605
-620
-565
-495
-402
-284
-49
341
757
1113
1383
1411
1268
1025
726
404
158
-11
-182
-269
-315
-348
-362
-330
-293
-281
-264
-284
-249
-235
-197
-180
-162
-175
-197
-252
-346
-445
-536
-609
-627
-586
-515
-402
-268
-54
370
769
1166
1463
1487
1334
1059
739
419
176
-3
-166
-256
-300
-311
-307
-300
-268
-241
-234
-235
-230
-218
-175
-161
-140
-140
-179
-227
-287
-384
-457
-537
-563
-543
-463
-360
-235
-42
373
787
1201
1507
1543
1399
1111
799
469
212
114
-43
-238
-282
-306
-313
-277
-242
-215
-213
-210
-218
-204
-168
-138
-125
-135
-172
-237
-329
-398
-495
-578
-584
-555
-477
-363
-234
-37
406
809
1204
1491
1527
1363
1087
756
419
177
-11
-166
-262
-314
-333
-322
-287
-257
-235
-247
-246
-251
-222
-199
-171
-172
-167
-189
-249
-335
-428
-533
-605
-620
-563
-498
-398
-270
-57
404
787
1211
1479
1515
1333
1051
738
413
161
-14
-177
-247
-318
-347
-338
-318
-278
-266
-253
-246
-251
-231
-197
-151
-144
-149
-191
-229
-333
-428
-527
-605
-623
-572
-495
-386
-275
-39
366
771
1187
1478
1509
1339
1065
761
459
189
36
-55
-236
-275
-300
-316
-286
-268
-243
-250
-241
-236
-217
-191
-144
-141
-145
-169
-234
-329
-422
-503
-570
-607
-569
-492
-396
-253
-44
371
787
1179
1443
1491
1319
1059
741
407
161
-28
-183
-277
-305
-344
-344
-302
-281
-256
-255
-268
-182
-300
-204
-175
-153
-166
-199
-278
-357
-432
-546
-605
-631
-605
-518
-411
-266
-39
387
793
1173
1401
1423
1274
1004
691
343
121
-44
-204
-278
-332
-349
-332
-299
-273
-253
-256
-255
-263
-233
-207
-181
-154
-158
-171
-257
-341
-447
-530
-605
-617
-563
-469
-375
-235
-35
473
865
1211
1471
1443
1267
996
683
359
131
-28
-182
-254
-298
-326
-299
-266
-246
-210
-220
-230
-229
-220
-155
-133
-113
-116
-151
-230
-322
-426
-511
-575
-572
-533
-449
-332
-204
-44
511
917
1311
1499
1443
1249
983
655
342
129
-26
-172
-247
-289
-300
-290
-265
-232
-223
-217
-234
-229
-204
-172
-139
-129
-130
-163
-235
-321
-428
-517
-579
-585
-540
-458
-341
-199
-42
520
902
1236
1467
1411
1227
927
623
307
142
-31
-206
-274
-320
-341
-326
-284
-253
-232
-248
-254
-242
-241
-202
-170
-139
-149
-186
-254
-347
-451
-530
-605
-585
-555
-460
-354
-213
-42
525
921
1225
1443
1395
1219
915
597
293
118
-39
-208
-281
-320
-323
-306
-268
-247
-223
-221
-239
-241
-220
-177
-127
-110
-116
-165
-245
-333
-445
-521
-584
-570
-518
-439
-321
-173
73
559
975
1336
1523
1491
1237
921
610
319
133
-43
-185
-252
-290
-300
-294
-249
-223
-214
-218
-232
-237
-192
-189
-133
-139
-119
-158
-235
-329
-422
-504
-554
-547
-521
-457
-374
-197
-26
485
885
1195
1463
1425
1223
951
628
319
135
-27
-215
-294
-326
-355
-321
-289
-258
-214
-233
-262
-255
-230
-193
-162
-143
-140
-172
-254
-350
-433
-545
-605
-605
-555
-481
-406
-271
-28
404
819
1171
1411
1411
1251
971
675
345
142
-33
-205
-278
-327
-332
-317
-307
-279
-245
-249
-259
-242
-222
-189
-166
-150
-150
-157
-226
-300
-405
-482
-554
-577
-545
-471
-385
-270
-69
295
722
1131
1435
1479
1351
1061
756
419
176
0
-159
-241
-293
-319
-316
-288
-254
-231
-202
-219
-221
-204
-177
-133
-107
-113
-137
-198
-285
-367
-454
-527
-559
-534
-484
-385
-299
-127
147
641
1039
1371
1507
1383
1139
835
527
238
129
-55
-237
-289
-315
-322
-302
-271
-246
-230
-239
-229
-223
-201
-157
-149
-135
-159
-207
-299
-387
-481
-538
-581
-556
-513
-434
-339
-178
55
546
922
1291
1443
1390
1167
882
566
260
122
-31
-238
-310
-357
-379
-345
-299
-273
-259
-253
-257
-253
-224
-201
-155
-155
-163
-210
-276
-368
-447
-542
-605
-586
-534
-473
-347
-233
-39
465
877
1225
1443
1427
1233
971
647
343
126
-38
-205
-268
-310
-319
-305
-267
-251
-230
-233
-232
-230
-222
-175
-140
-126
-118
-165
-230
-326
-415
-490
-552
-563
-511
-446
-351
-242
-35
385
831
1195
1491
1517
1359
1090
759
446
162
-10
-167
-249
-305
-332
-331
-278
-257
-225
-202
-226
-215
-221
-181
-140
-140
-146
-178
-246
-332
-414
-491
-550
-566
-534
-463
-392
-301
-86
131
691
1103
1395
1475
1358
1099
783
461
179
31
-172
-268
-323
-343
-348
-315
-280
-266
-233
-246
-249
-241
-220
-185
-157
-155
-185
-249
-346
-425
-511
-605
-615
-583
-537
-439
-322
-156
118
631
1038
1366
1523
1367
1135
820
501
222
116
-47
-247
-300
-336
-341
-313
-277
-262
-238
-235
-249
-238
-217
-170
-145
-140
-153
-205
-283
-377
-460
-540
-583
-556
-511
-431
-341
-203
-1
547
931
1322
1487
1427
1223
921
601
321
131
-62
-175
-177
-300
-307
-295
-246
-225
-209
-213
-220
-225
-188
-171
-134
-122
-129
-172
-261
-364
-443
-510
-565
-567
-519
-435
-339
-222
-23
461
841
1213
1505
1443
1268
987
663
347
143
-39
-207
-264
-310
-333
-327
-266
-259
-223
-223
-234
-235
-216
-191
-161
-155
-167
-172
-259
-348
-428
-511
-586
-605
-543
-490
-396
-288
-58
250
719
1107
1395
1411
1299
1029
715
387
151
-13
-184
-290
-318
-352
-339
-298
-257
-235
-230
-238
-239
-306
-207
-166
-135
-138
-161
-231
-327
-442
-517
-579
-610
-622
-494
-399
-273
-76
127
695
1122
1415
1465
1307
1089
767
461
197
45
-76
-235
-289
-332
-293
-264
-236
-229
-204
-221
-229
-222
-194
-153
-109
-103
-111
-173
-262
-357
-437
-513
-549
-550
-467
-419
-313
-152
131
587
980
1349
1493
1419
1173
874
569
266
129
-44
-215
-268
-306
-307
-285
-258
-214
-215
-229
-221
-227
-203
-176
-134
-122
-149
-172
-268
-360
-455
-513
-573
-567
-514
-455
-359
-222
-29
499
874
1219
1427
1391
1235
902
591
287
131
-44
-222
-300
-326
-335
-329
-280
-268
-245
-232
-249
-259
-219
-204
-170
-144
-172
-198
-266
-356
-437
-534
-571
-585
-545
-473
-389
-264
-39
406
787
1145
1419
1403
1249
980
660
349
116
-14
-185
-258
-302
-322
-305
-278
-247
-215
-213
-218
-239
-219
-178
-123
-123
-111
-153
-214
-287
-373
-461
-540
-555
-540
-469
-396
-273
-79
129
695
1105
1398
1475
1363
1099
789
486
218
118
-47
-225
-269
-300
-294
-268
-230
-215
-204
-204
-232
-213
-191
-145
-106
-111
-123
-182
-266
-353
-459
-524
-566
-561
-513
-429
-327
-175
10
542
931
1294
1423
1379
1178
894
585
294
124
-55
-215
-268
-310
-307
-300
-275
-241
-233
-234
-245
-235
-215
-201
-153
-133
-142
-174
-261
-364
-460
-540
-586
-605
-556
-460
-396
-263
-45
395
769
1147
1387
1401
1263
980
663
357
141
-17
-189
-261
-314
-315
-319
-281
-267
-245
-227
-247
-243
-223
-204
-147
-137
-138
-168
-232
-313
-412
-497
-557
-573
-539
-481
-390
-290
-96
133
701
1065
1398
1493
1367
1105
803
479
207
84
-38
-238
-265
-316
-311
-270
-226
-225
-197
-214
-221
-204
-174
-140
-112
-93
-133
-192
-271
-389
-463
-541
-559
-538
-482
-400
-300
-149
127
623
995
1371
1507
1423
1225
869
523
267
128
-53
-238
-284
-306
-305
-291
-256
-235
-225
-222
-230
-234
-219
-170
-145
-139
-146
-205
-285
-367
-491
-560
-620
-605
-538
-450
-345
-210
-45
514
915
1289
1463
1403
1237
901
570
279
138
-34
-241
-294
-346
-346
-318
-290
-249
-230
-242
-238
-248
-241
-204
-139
-117
-139
-173
-279
-373
-454
-544
-622
-619
-530
-461
-354
-236
-34
447
851
1233
1463
1443
1251
971
683
370
103
-25
-191
-266
-306
-321
-300
-253
-223
-210
-204
-221
-229
-208
-193
-149
-133
-137
-166
-230
-332
-402
-475
-545
-551
-524
-445
-358
-235
-50
405
791
1204
1487
1503
1334
1059
723
404
168
-25
-166
-236
-293
-317
-295
-268
-230
-205
-213
-230
-229
-235
-189
-141
-109
-110
-155
-224
-332
-416
-499
-567
-605
-549
-479
-389
-288
-78
131
707
1087
1395
1439
1297
1057
755
419
169
-12
-160
-259
-284
-328
-310
-299
-259
-235
-219
-238
-255
-243
-225
-187
-145
-159
-192
-238
-335
-434
-512
-582
-605
-588
-509
-411
-315
-116
146
659
1077
1375
1443
1333
1051
767
443
180
-8
-147
-255
-291
-313
-310
-284
-251
-235
-223
-232
-252
-241
-203
-166
-131
-121
-138
-209
-291
-386
-482
-573
-605
-576
-510
-423
-293
-109
123
642
1059
1370
1475
1369
1108
815
501
223
119
-49
-225
-262
-288
-296
-269
-222
-210
-194
-220
-222
-219
-189
-155
-118
-110
-122
-190
-263
-364
-463
-528
-577
-579
-493
-423
-316
-173
115
565
970
1311
1443
1391
1159
865
555
249
134
-44
-215
-284
-317
-314
-294
-247
-226
-225
-217
-249
-250
-225
-173
-159
-137
-142
-187
-288
-378
-479
-547
-614
-607
-537
-455
-361
-205
-22
501
878
1201
1411
1339
1141
847
546
255
117
-47
-236
-282
-325
-329
-300
-269
-205
-226
-230
-253
-254
-234
-195
-159
-135
-140
-172
-255
-352
-452
-530
-605
-582
-539
-460
-355
-230
-47
477
843
1215
1433
1403
1235
931
629
315
130
-28
-194
-268
-298
-301
-289
-236
-226
-204
-203
-220
-231
-204
-182
-139
-113
-109
-143
-209
-305
-407
-489
-545
-572
-527
-458
-357
-235
-41
419
823
1204
1435
1427
1239
971
645
355
123
-25
-191
-253
-289
-303
-277
-246
-235
-201
-220
-234
-235
-231
-199
-153
-139
-124
-147
-197
-306
-412
-508
-573
-605
-556
-482
-395
-273
-45
361
773
1131
1391
1395
1237
971
683
354
125
-38
-189
-261
-307
-326
-305
-274
-253
-227
-226
-237
-262
-258
-224
-180
-153
-138
-139
-207
-293
-401
-494
-556
-605
-577
-514
-427
-322
-124
133
660
1043
1327
1435
1289
1044
741
419
171
-12
-172
-247
-285
-318
-293
-243
-237
-189
-197
-215
-239
-241
-226
-170
-109
-107
-111
-162
-250
-351
-442
-518
-586
-559
-495
-416
-318
-162
118
611
1008
1351
1474
1391
1167
851
527
243
118
-44
-210
-266
-283
-283
-247
-217
-191
-185
-203
-219
-230
-210
-162
-129
-105
-134
-149
-222
-330
-413
-502
-578
-557
-522
-458
-365
-220
-27
485
882
1205
1439
1402
1237
894
585
295
126
-26
-204
-273
-306
-306
-283
-256
-219
-213
-219
-236
-254
-248
-205
-162
-133
-121
-149
-219
-323
-403
-510
-582
-618
-562
-497
-418
-310
-76
214
726
1105
1370
1417
1271
1012
703
372
133
-11
-190
-263
-294
-313
-295
-247
-234
-205
-219
-221
-262
-230
-222
-172
-133
-119
-140
-179
-289
-369
-471
-536
-576
-553
-495
-412
-329
-151
123
628
1051
1391
1507
1391
1147
843
515
219
110
-41
-222
-266
-299
-290
-257
-229
-189
-177
-185
-217
-206
-202
-163
-130
-106
-113
-147
-235
-329
-426
-510
-571
-556
-501
-434
-364
-215
-27
532
921
1295
1487
1443
1242
898
586
304
122
-44
-223
-269
-309
-301
-284
-252
-223
-199
-227
-238
-243
-235
-202
-140
-130
-127
