-740
-668
-539
-411
-307
-231
-173
-162
-166
-181
-229
-254
-265
-254
-268
-303
-379
-460
-539
-605
-570
-505
-369
-274
-3
239
567
859
1191
1753
1955
1815
1299
729
283
-27
-368
-578
-684
-684
-539
-396
-283
-197
-170
-125
-117
-125
-166
-204
-218
-268
-269
-281
-348
-401
-462
-492
-479
-476
-350
-214
-40
127
499
783
1105
1607
1955
1955
1579
981
499
134
-206
-473
-622
-652
-569
-430
-310
-222
-165
-125
-118
-111
-143
-191
-218
-215
-236
-268
-305
-358
-444
-491
-518
-502
-444
-318
-144
-30
338
651
947
1311
1955
1955
1750
1161
619
209
-44
-429
-622
-707
-652
-540
-411
-299
-221
-174
-161
-157
-175
-217
-243
-239
-266
-286
-342
-411
-469
-524
-540
-546
-441
-370
-241
-33
115
478
767
1079
1583
1883
1771
1307
777
342
119
-347
-578
-711
-679
-609
-471
-353
-244
-200
-156
-134
-153
-182
-229
-236
-236
-244
-277
-329
-381
-430
-466
-491
-457
-412
-301
-108
89
382
661
977
1379
1855
1955
1671
1130
603
195
-42
-410
-605
-666
-605
-476
-348
-243
-171
-117
-101
-103
-114
-157
-175
-204
-189
-220
-285
-332
-415
-508
-528
-492
-406
-302
-127
-15
367
639
931
1339
1847
1955
1755
1243
673
244
-34
-401
-605
-669
-636
-522
-357
-297
-210
-155
-138
-140
-157
-158
-221
-231
-230
-266
-322
-385
-466
-518
-552
-527
-474
-343
-169
-29
291
577
852
1235
1707
1903
1699
1250
721
277
-31
-409
-620
-692
-681
-562
-423
-329
-244
-205
-162
-160
-165
-202
-281
-268
-281
-297
-311
-364
-444
-508
-524
-513
-444
-348
-184
-38
171
565
847
1199
1682
1779
1827
1435
759
327
116
-322
-527
-654
-635
-531
-424
-297
-274
-147
-133
-114
-141
-156
-183
-195
-211
-210
-242
-300
-367
-441
-489
-486
-441
-341
-193
-31
139
543
816
1186
1659
1955
1955
1499
923
461
142
-231
-461
-619
-615
-523
-405
-277
-218
-170
-181
-93
-108
-138
-186
-189
-204
-226
-290
-346
-486
-481
-500
-508
-437
-339
-198
-44
134
510
790
1119
1603
1931
1897
1399
818
390
131
-300
-526
-658
-656
-571
-441
-331
-254
-203
-161
-142
-169
-191
-231
-258
-271
-300
-325
-393
-444
-503
-524
-495
-471
-383
-268
-95
123
419
723
1012
1483
1859
1863
1443
899
446
136
-267
-500
-674
-686
-605
-479
-349
-262
-197
-162
-145
-147
-172
-214
-242
-274
-253
-284
-333
-398
-458
-511
-518
-487
-392
-238
-44
134
503
875
1083
1571
1947
1955
1563
987
495
143
-140
-524
-684
-630
-556
-444
-335
-213
-166
-127
-113
-111
-141
-179
-186
-204
-220
-265
-309
-390
-475
-508
-519
-460
-370
-250
-23
147
473
754
1095
1547
1955
1955
1589
995
500
135
-221
-471
-641
-682
-612
-492
-364
-265
-214
-177
-158
-189
-204
-241
-271
-262
-277
-292
-341
-426
-517
-574
-577
-550
-453
-342
-141
14
377
662
967
1361
1833
1931
1577
1011
500
142
-235
-503
-692
-743
-684
-558
-421
-304
-255
-220
-197
-204
-236
-275
-309
-285
-293
-333
-399
-465
-549
-582
-582
-530
-463
-298
-97
117
379
678
982
1443
1891
1909
1603
1012
532
135
-61
-456
-625
-669
-605
-481
-335
-248
-190
-172
-140
-140
-170
-203
-223
-231
-247
-246
-299
-359
-410
-471
-508
-487
-437
-322
-154
-26
362
615
921
1299
1803
1955
1875
1315
771
321
129
-314
-523
-634
-613
-497
-373
-268
-215
-157
-137
-134
-145
-167
-211
-227
-221
-227
-301
-370
-458
-519
-556
-537
-450
-343
-172
-29
319
596
907
1236
1747
1955
1843
1321
750
320
35
-344
-543
-669
-652
-543
-437
-313
-246
-199
-169
-161
-191
-213
-239
-271
-248
-315
-362
-408
-481
-539
-565
-539
-464
-366
-204
-33
133
539
822
1179
1667
1942
1793
1311
788
347
115
-317
-545
-680
-668
-555
-439
-330
-239
-195
-169
-140
-145
-182
-223
-232
-223
-271
-303
-370
-453
-492
-500
-489
-418
-309
-156
-29
323
599
883
1236
1747
1955
1945
1465
835
387
131
-268
-497
-627
-620
-522
-395
-268
-174
-206
-93
-76
-97
-122
-165
-191
-195
-199
-236
-285
-341
-428
-471
-466
-417
-331
-205
-35
135
513
811
1134
1591
1955
1955
1599
1013
495
138
-142
-453
-620
-652
-565
-455
-318
-234
-175
-149
-123
-123
-152
-204
-233
-243
-261
-302
-382
-473
-528
-553
-528
-478
-374
-207
-41
142
511
821
1105
1571
1923
1847
1407
852
387
133
-300
-543
-700
-690
-621
-497
-368
-283
-208
-178
-172
-167
-207
-235
-273
-284
-284
-333
-381
-435
-495
-546
-536
-500
-422
-286
-97
116
419
707
995
1411
1843
1931
1567
991
510
142
-85
-455
-639
-689
-634
-508
-381
-281
-213
-157
-138
-146
-163
-196
-221
-224
-243
-262
-348
-414
-479
-521
-535
-475
-390
-210
-44
150
474
738
1067
1442
1899
1955
1641
1071
565
160
-47
-422
-605
-658
-607
-476
-344
-265
-197
-159
-125
-99
-151
-194
-229
-229
-234
-314
-353
-435
-492
-524
-530
-495
-403
-280
-78
116
419
698
995
1403
1827
1915
1583
1001
517
145
-109
-469
-633
-694
-641
-508
-389
-287
-223
-187
-157
-151
-184
-244
-257
-280
-295
-337
-407
-487
-562
-605
-569
-508
-413
-265
-58
123
457
710
1003
1410
1802
1791
1403
907
468
143
-224
-479
-643
-691
-629
-508
-377
-290
-205
-174
-157
-167
-187
-209
-244
-263
-266
-321
-333
-409
-483
-511
-523
-467
-377
-236
-43
127
467
725
1019
1443
1895
1955
1591
1058
566
159
-44
-417
-587
-652
-611
-477
-337
-237
-178
-125
-102
-93
-127
-177
-198
-225
-250
-289
-369
-460
-473
-508
-494
-432
-332
-183
-27
134
521
813
1131
1578
1939
1899
1498
923
471
135
-223
-472
-635
-663
-586
-476
-351
-266
-217
-169
-149
-155
-201
-231
-242
-253
-267
-329
-381
-463
-524
-547
-536
-497
-398
-282
-62
143
467
735
1043
1475
1851
1835
1443
897
448
142
-236
-514
-655
-695
-636
-514
-421
-296
-259
-209
-189
-191
-226
-253
-282
-305
-313
-313
-383
-487
-529
-578
-537
-480
-396
-237
-30
147
507
771
1098
1557
1871
1859
1443
899
419
148
-231
-469
-619
-646
-569
-457
-361
-274
-187
-165
-155
-157
-166
-188
-226
-244
-250
-311
-364
-438
-511
-539
-514
-455
-357
-165
-42
293
603
885
1219
1722
1955
1946
1478
891
419
123
-229
-472
-610
-613
-535
-426
-315
-236
-185
-161
-140
-161
-183
-205
-237
-246
-284
-321
-385
-446
-487
-524
-507
-428
-332
-177
-28
294
582
851
1211
1663
1955
1819
1335
787
355
127
-310
-536
-658
-669
-575
-460
-364
-271
-231
-190
-170
-211
-240
-267
-289
-272
-315
-346
-427
-497
-571
-605
-576
-469
-370
-195
-39
323
587
883
1215
1683
1883
1699
1250
692
273
-12
-344
-556
-670
-651
-570
-457
-326
-268
-213
-186
-169
-189
-224
-267
-270
-274
-298
-332
-396
-464
-531
-541
-521
-428
-321
-135
-17
377
645
949
1315
1801
1955
1779
1259
727
307
82
-306
-524
-638
-605
-506
-409
-295
-218
-166
-149
-140
-153
-161
-221
-225
-243
-273
-333
-402
-483
-505
-524
-476
-377
-236
-41
131
467
743
1057
1471
1891
1955
1679
1115
606
225
-29
-392
-568
-663
-606
-519
-382
-287
-235
-193
-186
-170
-201
-236
-271
-273
-268
-319
-375
-470
-546
-605
-605
-530
-413
-258
-54
137
529
815
1121
1567
1915
1843
1475
883
419
129
-265
-503
-668
-696
-605
-492
-393
-301
-247
-222
-203
-209
-236
-270
-295
-307
-332
-374
-413
-467
-524
-553
-541
-479
-385
-229
-34
149
529
827
1167
1578
1905
1911
1434
873
418
148
-248
-480
-638
-652
-574
-463
-332
-262
-210
-178
-140
-156
-177
-219
-242
-248
-267
-318
-362
-449
-521
-546
-506
-428
-303
-107
47
393
675
992
1359
1839
1955
1891
1369
803
357
125
-272
-529
-627
-605
-524
-411
-298
-213
-172
-124
-127
-139
-190
-217
-240
-251
-265
-322
-366
-460
-533
-556
-510
-452
-306
-125
20
379
665
975
1363
1847
1955
1810
1235
679
259
-29
-362
-578
-692
-652
-561
-443
-330
-257
-218
-185
-178
-209
-240
-272
-295
-277
-297
-345
-425
-524
-605
-605
-605
-492
-333
-114
118
419
693
1030
1367
1813
1945
1619
1087
550
163
-46
-428
-622
-684
-645
-536
-422
-302
-257
-199
-173
-171
-195
-227
-268
-281
-290
-334
-381
-446
-524
-567
-550
-477
-366
-226
-30
133
552
802
1127
1575
1955
1946
1555
979
486
137
-35
-417
-605
-638
-605
-471
-337
-247
-189
-166
-121
-120
-169
-202
-227
-238
-248
-270
-317
-378
-444
-507
-508
-428
-343
-202
-38
163
559
847
1167
1627
1955
1955
1543
971
486
145
-189
-472
-636
-670
-587
-472
-357
-271
-204
-166
-153
-156
-186
-229
-261
-279
-272
-309
-362
-435
-530
-577
-556
-477
-393
-219
-37
135
531
821
1142
1615
1955
1891
1429
866
381
129
-299
-540
-696
-706
-610
-500
-375
-282
-233
-209
-184
-195
-233
-268
-287
-296
-318
-370
-428
-489
-540
-554
-524
-476
-362
-203
-42
285
587
859
1207
1655
1955
1827
1333
789
341
130
-302
-534
-668
-659
-551
-439
-329
-248
-186
-166
-149
-165
-187
-229
-251
-253
-268
-317
-354
-451
-516
-530
-506
-440
-298
-127
62
401
685
998
1399
1908
1955
1846
1301
730
306
18
-329
-549
-658
-605
-497
-396
-266
-197
-155
-127
-127
-165
-187
-230
-235
-247
-265
-299
-346
-431
-489
-515
-492
-434
-319
-125
50
399
691
963
1363
1811
1955
1747
1235
675
229
-53
-392
-608
-686
-641
-551
-414
-298
-238
-203
-166
-169
-195
-236
-264
-273
-273
-305
-369
-444
-523
-583
-583
-556
-447
-284
-86
123
454
737
1038
1498
1873
1851
1499
949
468
143
-236
-499
-652
-687
-605
-505
-375
-282
-213
-189
-170
-183
-209
-241
-261
-270
-284
-304
-349
-392
-479
-517
-507
-489
-382
-257
-55
134
515
803
1111
1577
1955
1955
1559
979
493
133
-165
-460
-626
-620
-556
-453
-336
-236
-173
-125
-125
-125
-163
-189
-202
-225
-204
-239
-303
-390
-465
-524
-510
-460
-360
-171
-52
259
569
885
1236
1699
1955
1910
1443
875
419
133
-250
-497
-652
-650
-557
-433
-310
-235
-189
-170
-140
-162
-193
-236
-255
-255
-264
-300
-364
-413
-485
-527
-521
-477
-381
-235
-37
148
529
803
1127
1603
1942
1813
1359
815
370
135
-304
-528
-685
-688
-605
-476
-373
-272
-225
-193
-189
-199
-229
-259
-284
-285
-313
-361
-406
-503
-535
-553
-536
-445
-345
-172
-27
330
613
897
1211
1761
1955
1763
1266
699
271
-25
-348
-565
-666
-627
-524
-407
-299
-209
-173
-155
-140
-170
-199
-236
-241
-254
-268
-310
-402
-474
-513
-534
-483
-427
-269
-54
119
483
756
1045
1507
1955
1955
1755
1159
595
212
-33
-396
-605
-637
-578
-474
-351
-268
-183
-141
-125
-121
-160
-189
-233
-267
-240
-247
-280
-337
-422
-475
-507
-497
-435
-315
-127
52
398
681
994
1396
1923
1955
1747
1239
623
235
-45
-406
-610
-687
-642
-530
-412
-306
-234
-171
-174
-169
-207
-226
-264
-284
-290
-332
-379
-445
-508
-571
-566
-552
-441
-297
-93
129
419
724
1023
1439
1867
1955
1563
1019
500
129
-177
-485
-668
-698
-655
-525
-405
-285
-239
-216
-175
-171
-214
-230
-278
-280
-281
-330
-367
-433
-486
-533
-530
-489
-396
-251
-54
129
510
779
1111
1558
1955
1955
1611
995
531
