361
173
9
-172
-284
-370
-354
-353
-304
-241
-190
-172
-153
-85
-79
-113
-166
-258
-357
-467
-519
-561
-524
-441
-343
-197
-19
180
651
947
1222
1305
1313
1171
981
735
498
279
177
14
-222
-349
-399
-395
-365
-328
-271
-213
-205
-167
-140
-141
-169
-234
-343
-428
-540
-574
-605
-533
-447
-347
-203
7
263
662
997
1215
1273
1211
1091
879
645
404
195
3
-159
-300
-403
-428
-421
-370
-307
-271
-237
-197
-172
-156
-172
-219
-280
-400
-494
-582
-620
-577
-510
-434
-306
-125
13
515
839
1140
1303
1315
1243
1066
811
567
337
171
14
-205
-338
-381
-412
-397
-337
-268
-209
-167
-129
-109
-119
-137
-203
-287
-378
-506
-567
-572
-550
-455
-359
-226
-9
169
667
1005
1279
1383
1387
1266
1051
788
543
324
177
3
-217
-319
-382
-374
-331
-293
-254
-189
-153
-122
-140
-108
-143
-218
-315
-416
-526
-562
-559
-519
-403
-316
-161
0
419
775
1091
1333
1369
1307
1171
947
675
419
203
25
-137
-293
-393
-396
-401
-364
-293
-236
-193
-170
-156
-136
-136
-181
-257
-362
-459
-556
-606
-572
-524
-407
-298
-155
0
506
803
1123
1299
1333
1225
1071
835
593
361
187
14
-186
-323
-390
-407
-400
-338
-284
-221
-180
-161
-114
-122
-133
-183
-261
-369
-487
-550
-570
-535
-471
-365
-237
-38
181
655
980
1251
1347
1367
1209
1059
777
532
311
163
21
-218
-334
-387
-379
-339
-275
-229
-181
-139
-125
-105
-95
-135
-193
-273
-379
-474
-542
-520
-476
-389
-293
-154
3
450
799
1097
1347
1386
1315
1143
927
692
468
223
57
-118
-263
-356
-379
-365
-341
-255
-206
-135
-141
-109
-113
-127
-156
-241
-363
-456
-540
-605
-557
-478
-396
-268
-86
169
569
910
1195
1303
1315
1175
1018
763
502
291
181
-14
-226
-355
-417
-417
-378
-302
-272
-218
-182
-169
-145
-153
-170
-216
-302
-383
-508
-583
-579
-536
-461
-374
-231
-6
180
651
954
1215
1251
1235
1122
917
693
447
219
79
-135
-268
-357
-402
-400
-354
-310
-235
-179
-143
-105
-111
-114
-155
-205
-285
-428
-491
-543
-563
-485
-411
-297
-143
3
450
785
1108
1267
1331
1219
1099
916
643
387
195
20
-159
-270
-359
-364
-332
-311
-226
-186
-142
-139
-85
-85
-110
-159
-223
-314
-423
-533
-537
-485
-445
-348
-235
-62
177
571
873
1161
1279
1290
1179
1018
788
541
313
187
-10
-231
-345
-396
-392
-370
-325
-249
-204
-158
-145
-135
-119
-155
-204
-282
-393
-471
-558
-547
-531
-461
-346
-223
-9
180
648
959
1201
1271
1243
1127
921
674
419
223
37
-157
-291
-378
-417
-420
-376
-303
-263
-209
-171
-143
-121
-147
-156
-226
-295
-412
-505
-556
-530
-482
-401
-299
-156
9
410
763
1083
1247
1329
1239
1122
884
619
387
189
25
-157
-294
-361
-398
-378
-306
-249
-214
-150
-129
-85
-107
-93
-145
-219
-315
-411
-485
-540
-508
-427
-351
-234
-53
180
575
916
1209
1321
1315
1275
1105
849
599
346
177
0
-177
-309
-373
-377
-365
-294
-235
-181
-131
-126
-97
-113
-111
-157
-247
-336
-456
-521
-522
-508
-412
-315
-209
-3
185
657
953
1209
1299
1307
1159
959
714
485
255
185
-93
-259
-347
-415
-411
-362
-298
-254
-206
-165
-140
-126
-138
-162
-204
-297
-409
-508
-546
-547
-511
-439
-321
-189
-6
372
707
1018
1239
1301
1241
1079
871
643
405
195
27
-153
-293
-389
-408
-385
-347
-277
-237
-187
-153
-117
-108
-125
-147
-204
-312
-425
-515
-569
-539
-466
-357
-252
-81
153
523
867
1153
1327
1339
1250
1085
819
585
341
173
14
-197
-295
-361
-366
-364
-297
-245
-197
-157
-108
-85
-93
-109
-147
-236
-300
-428
-504
-537
-491
-428
-303
-193
-21
187
638
959
1255
1314
1315
1195
1006
755
515
265
184
0
-220
-323
-393
-396
-364
-300
-233
-169
-114
-122
-114
-119
-156
-226
-295
-421
-511
-563
-586
-514
-441
-318
-165
19
419
751
1078
1275
1315
1233
1095
875
622
371
169
3
-199
-332
-396
-428
-405
-359
-313
-239
-196
-133
-140
-129
-141
-194
-276
-348
-462
-540
-605
-540
-476
-373
-267
-74
177
550
890
1153
1282
1299
1191
1012
771
523
291
165
14
-232
-357
-392
-418
-373
-312
-225
-191
-172
-125
-127
-99
-145
-184
-263
-354
-478
-540
-538
-522
-401
-310
-171
0
355
703
1043
1269
1333
1339
1161
963
703
466
244
127
-80
-249
-342
-390
-374
-317
-252
-203
-165
-130
-114
-94
-108
-171
-236
-314
-444
-534
-547
-540
-469
-391
-257
-63
163
562
907
1191
1339
1375
1193
1044
768
539
291
179
-9
-242
-338
-401
-412
-375
-325
-268
-214
-191
-133
-111
-146
-177
-205
-307
-405
-494
-558
-586
-527
-437
-346
-205
-6
195
679
979
1211
1279
1227
1113
887
651
404
198
31
-155
-309
-394
-415
-407
-378
-309
-255
-190
-154
-169
-135
-141
-182
-258
-323
-481
-523
-567
-551
-497
-389
-271
-69
161
575
883
1163
1326
1315
1239
1002
767
566
325
184
18
-219
-321
-373
-367
-345
-301
-258
-182
-157
-119
-119
-125
-139
-184
-273
-369
-459
-526
-542
-485
-396
-277
-140
23
397
735
1055
1297
1347
1281
1145
916
675
419
225
55
-134
-266
-347
-389
-364
-326
-264
-229
-166
-142
-108
-114
-125
-162
-210
-318
-438
-523
-561
-531
-472
-373
-284
-75
173
561
883
1161
1305
1289
1195
1018
755
529
279
180
-17
-254
-357
-389
-421
-364
-316
-270
-213
-188
-146
-141
-147
-174
-225
-318
-410
-530
-577
-585
-541
-459
-337
-199
6
366
727
1039
1247
1275
1215
1091
857
613
379
166
31
-177
-296
-365
-402
-377
-335
-283
-215
-183
-169
-137
-142
-154
-172
-237
-345
-459
-529
-565
-542
-462
-358
-253
-53
180
613
971
1231
1351
1377
1205
1011
763
515
275
161
17
-226
-323
-357
-371
-318
-279
-208
-161
-139
-104
-103
-103
-113
-174
-279
-375
-450
-540
-551
-482
-409
-294
-157
14
394
767
1097
1269
1339
1291
1119
890
639
394
190
22
-156
-273
-374
-387
-371
-318
-251
-203
-160
-140
-137
-127
-125
-185
-261
-326
-447
-551
-570
-563
-461
-382
-255
-61
161
574
917
1173
1271
1283
1172
997
731
481
245
119
-110
-275
-359
-405
-433
-394
-321
-259
-221
-202
-158
-157
-155
-172
-242
-307
-405
-524
-573
-572
-516
-431
-313
-189
9
393
755
1046
1223
1283
1225
1103
867
643
382
191
11
-187
-293
-364
-395
-366
-317
-270
-193
-156
-121
-111
-178
-140
-169
-238
-332
-434
-528
-563
-537
-467
-361
-247
-63
170
601
930
1251
1343
1345
1235
1032
779
515
308
175
-14
-214
-314
-364
-374
-339
-286
-217
-177
-140
-107
-94
-105
-121
-185
-263
-351
-472
-546
-556
-518
-417
-309
-166
0
387
726
1051
1305
1359
1277
1107
877
634
386
201
31
-159
-284
-364
-399
-395
-341
-274
-229
-183
-146
-133
-135
-141
-191
-238
-326
-467
-537
-607
-547
-499
-393
-290
-129
148
539
835
1155
1255
1301
1175
1003
747
533
258
170
-10
-245
-358
-406
-426
-370
-318
-251
-213
-172
-135
-135
-135
-145
-200
-273
-382
-465
-569
-583
-539
-450
-332
-213
0
189
711
1031
1239
1313
1275
1139
947
686
447
235
36
-135
-268
-359
-391
-393
-351
-268
-177
-130
-109
-70
-93
-111
-140
-214
-302
-426
-540
-572
-554
-491
-397
-281
-70
181
581
912
1215
1379
1379
1295
1087
833
587
331
193
-6
-203
-327
-364
-389
-359
-314
-220
-178
-118
-69
-75
-85
-121
-199
-269
-378
-479
-566
-605
-557
-490
-386
-245
0
187
679
1011
1267
1335
1299
1194
961
683
447
239
42
-142
-286
-364
-422
-391
-361
-287
-225
-195
-166
-141
-131
-127
-177
-233
-326
-428
-515
-605
-605
-540
-434
-321
-181
25
419
741
1059
1235
1314
1235
1075
843
609
347
193
0
-193
-302
-391
-412
-387
-336
-255
-207
-157
-137
-108
-96
-113
-157
-236
-323
-428
-521
-579
-547
-453
-367
-267
-45
165
596
923
1182
1327
1363
1219
1023
755
523
281
180
14
-231
-319
-367
-373
-345
-268
-181
-150
-134
-97
-79
-95
-108
-174
-255
-354
-459
-525
-555
-498
-424
-313
-152
-9
419
779
1103
1333
1351
1267
1147
915
659
401
203
18
-174
-289
-389
-409
-371
-313
-266
-202
-172
-157
-113
-119
-125
-174
-236
-321
-423
-514
-605
-556
-479
-393
-285
-125
27
506
835
1123
1291
1259
1172
1017
759
513
298
185
13
-236
-360
-397
-416
-369
-334
-258
-214
-167
-144
-126
-122
-161
-190
-283
-337
-462
-558
-576
-545
-459
-330
-205
0
183
659
982
1209
1311
1315
1115
951
671
450
218
47
-157
-275
-355
-405
-375
-333
-280
-193
-153
-110
-95
-85
-98
-149
-209
-268
-385
-484
-530
-540
-459
-379
-281
-118
3
475
826
1123
1301
1339
1267
1109
871
597
375
165
-1
-190
-279
-349
-381
-337
-294
-214
-162
-145
-98
-73
-94
-114
-159
-236
-332
-441
-524
-562
-524
-439
-349
-236
1
185
659
987
1219
1291
1267
1147
930
667
419
211
18
-157
-288
-353
-410
-379
-328
-269
-204
-188
-151
-134
-107
-134
-161
-219
-302
-396
-503
-559
-557
-522
-415
-301
-182
14
419
747
1035
1201
1233
1153
1014
795
559
318
174
-3
-223
-327
-405
-409
-364
-342
-251
-193
-149
-122
-119
-117
-125
-188
-238
-345
-456
-510
-559
-524
-444
-348
-245
-49
167
606
930
1171
1279
1268
1153
930
711
469
249
167
-93
-236
-333
-377
-377
-318
-255
-229
-159
-107
-76
-78
-77
-103
-174
-250
-335
-450
-515
-505
-466
-381
-295
-160
3
415
735
1049
1246
1291
1225
1069
886
635
369
195
3
-137
-262
-355
-376
-344
-284
-238
-185
-129
-129
-76
-76
-126
-161
-217
-294
-393
-519
-574
-550
-476
-390
-276
-104
149
523
823
1093
1249
1235
1135
965
739
501
273
159
-6
-242
-348
-402
-390
-358
-298
-238
-205
-166
-119
-113
-135
-162
-193
-300
-354
-485
-563
-588
-543
-439
-348
-205
-12
180
657
963
1187
1225
1223
1074
857
634
409
200
13
-159
-277
-364
-385
-387
-346
-274
-167
-126
-105
-93
-78
-127
-145
-209
-301
-415
-523
-552
-561
-501
-413
-293
-126
139
533
867
1147
1311
1323
1209
1049
793
551
311
180
10
-207
-286
-366
-364
-321
-245
-190
-130
-103
-76
-63
-93
-122
-157
-234
-300
-398
-469
-502
-506
-449
-333
-215
-27
170
626
930
1179
1240
1254
1154
930
721
479
239
153
-93
-247
-341
-397
-381
-341
-285
-217
-156
-97
-73
-71
-113
-156
-210
-301
-424
-530
-607
-616
-545
-491
-378
-205
9
419
755
1047
1268
1301
1207
1055
847
587
354
183
-9
-226
-342
-409
-424
-379
-322
-245
-213
-139
-147
-129
-139
-152
-178
-250
-337
-438
-515
-566
-556
-502
-396
-255
-105
84
507
843
1113
1265
1250
1155
1030
767
537
308
163
-22
-217
-308
-396
-400
-348
-291
-223
-183
-127
-81
-73
-80
-133
-199
-251
-325
-447
-508
-540
-539
-462
-336
-226
-13
167
621
947
1231
1331
1339
1204
1003
743
498
287
179
-9
-225
-334
-362
-371
-302
-262
-209
-150
-113
-114
-108
-135
-141
-202
-300
-380
-491
-563
-540
-514
-426
-311
-195
19
295
682
1011
1255
1295
1236
1094
890
