-126
-77
-67
-77
-86
-109
-118
-77
-44
-44
-65
-128
-205
-300
-396
-509
-605
-678
-742
-736
-537
-217
116
553
885
1171
1323
1273
1071
746
483
209
19
-220
-343
-449
-475
-405
-335
-252
-213
-193
-187
-167
-182
-203
-190
-160
-120
-130
-138
-205
-271
-354
-450
-577
-647
-731
-766
-732
-525
-187
117
594
923
1187
1337
1299
1073
757
473
235
120
-130
-300
-364
-369
-332
-258
-184
-111
-81
-81
-77
-76
-96
-99
-71
-49
-55
-23
-38
-176
-263
-349
-448
-543
-619
-652
-631
-428
-93
145
690
1064
1379
1555
1493
1255
879
565
323
123
-41
-221
-315
-316
-262
-204
-145
-79
-43
-46
-30
-61
-74
-79
-61
-33
-30
-33
-26
-199
-290
-369
-482
-578
-668
-706
-680
-488
-155
116
639
985
1210
1415
1303
1062
723
466
203
94
-195
-331
-407
-405
-364
-284
-198
-158
-159
-138
-157
-158
-189
-191
-166
-140
-123
-147
-220
-294
-377
-471
-569
-680
-745
-786
-753
-539
-197
119
581
907
1172
1322
1248
1011
692
419
180
-19
-236
-349
-416
-402
-364
-281
-220
-153
-114
-114
-101
-120
-129
-122
-79
-47
-48
-47
-153
-236
-316
-401
-507
-605
-654
-705
-648
-412
-52
323
735
1080
1391
1499
1419
1123
767
502
243
122
-42
-243
-325
-297
-241
-199
-106
-59
-33
-43
-37
-9
-58
-39
-44
11
-9
-8
-30
-189
-290
-375
-459
-574
-640
-685
-649
-386
-41
384
771
1123
1415
1507
1387
1086
727
419
219
-13
-223
-326
-379
-398
-328
-249
-159
-122
-108
-115
-119
-135
-169
-156
-118
-99
-101
-129
-194
-271
-362
-478
-582
-668
-722
-794
-738
-464
-93
133
667
998
1207
1327
1235
931
611
321
143
-39
-286
-405
-466
-441
-391
-302
-213
-173
-165
-144
-151
-173
-173
-149
-126
-76
-78
-123
-207
-286
-370
-458
-571
-647
-713
-732
-646
-393
-60
394
803
1097
1406
1471
1364
987
718
419
187
-18
-181
-318
-359
-347
-275
-188
-140
-85
-59
-45
-49
-61
-49
-54
-41
3
30
-18
-28
-179
-268
-359
-466
-550
-606
-643
-575
-332
-35
466
875
1187
1483
1587
1443
1087
753
466
216
45
-179
-298
-361
-353
-297
-213
-143
-98
-77
-74
-75
-85
-125
-101
-61
-76
-64
-108
-193
-291
-367
-478
-570
-666
-711
-759
-668
-373
-41
399
793
1110
1363
1407
1327
928
625
335
126
-26
-331
-417
-476
-463
-384
-290
-247
-189
-174
-176
-184
-198
-197
-173
-151
-134
-127
-177
-258
-326
-422
-505
-622
-718
-775
-779
-723
-401
-33
404
802
1139
1395
1493
1270
962
619
351
135
-22
-241
-348
-396
-373
-300
-232
-150
-108
-80
-66
-79
-101
-126
-73
-63
-35
-42
-47
-155
-236
-332
-433
-518
-606
-636
-654
-541
-266
-12
539
923
1319
1571
1635
1435
1051
747
455
174
27
-172
-295
-332
-301
-236
-165
-115
-77
-51
-42
-61
-76
-108
-76
-45
-50
-37
-51
-158
-258
-359
-443
-540
-623
-708
-729
-621
-343
-44
451
803
1177
1407
1467
1305
981
666
350
155
-40
-273
-374
-434
-411
-361
-285
-202
-171
-137
-137
-155
-175
-188
-188
-154
-129
-135
-204
-244
-373
-460
-571
-648
-729
-796
-796
-674
-409
-55
378
755
1076
1329
1365
1243
882
563
297
130
-49
-294
-396
-430
-400
-348
-255
-193
-140
-119
-125
-127
-137
-149
-108
-81
-66
-67
-122
-204
-293
-382
-469
-538
-632
-673
-680
-553
-252
23
547
947
1215
1523
1531
1315
962
659
363
139
-21
-205
-302
-309
-297
-246
-150
-75
-42
-44
-43
-22
-43
-14
-57
-14
13
-7
-38
-122
-228
-317
-431
-532
-605
-651
-673
-526
-210
94
564
931
1199
1479
1462
1242
898
602
310
135
-39
-261
-369
-403
-359
-303
-214
-140
-131
-102
-110
-145
-157
-157
-114
-109
-80
-97
-172
-252
-313
-429
-543
-632
-710
-752
-766
-610
-263
-39
507
835
1140
1313
1287
1059
731
461
195
-5
-233
-373
-439
-459
-415
-357
-268
-201
-174
-163
-157
-174
-174
-181
-140
-108
-86
-127
-177
-246
-336
-421
-545
-613
-672
-731
-702
-509
-192
119
603
979
1251
1463
1407
1138
807
553
278
120
-58
-271
-338
-354
-300
-245
-170
-136
-60
-53
-58
-66
-77
-64
-45
-39
25
19
-30
-158
-233
-333
-425
-517
-605
-646
-626
-458
-105
127
692
1059
1371
1547
1467
1255
859
539
294
129
-41
-268
-363
-358
-323
-250
-174
-104
-76
-69
-65
-99
-114
-134
-74
-45
-41
-69
-139
-220
-332
-421
-526
-620
-689
-745
-726
-539
-167
135
595
931
1219
1364
1287
1046
697
419
185
-21
-245
-368
-454
-463
-417
-344
-300
-214
-172
-182
-181
-199
-198
-206
-161
-134
-125
-149
-223
-286
-357
-434
-567
-653
-731
-775
-719
-510
-167
131
611
959
1221
1371
1289
1031
707
419
193
23
-193
-321
-380
-373
-311
-268
-190
-131
-105
-81
-97
-96
-106
-93
-66
-44
-55
-29
-57
-189
-267
-367
-450
-535
-625
-667
-620
-425
-85
149
729
1064
1359
1531
1481
1215
827
542
293
128
-45
-233
-301
-316
-263
-195
-120
-74
-39
-56
-44
-57
-86
-102
-65
-30
-43
-47
-63
-193
-279
-381
-482
-587
-665
-707
-707
-514
-172
127
603
954
1218
1370
1331
1076
739
456
183
18
-204
-332
-403
-399
-382
-300
-225
-172
-143
-140
-156
-176
-204
-204
-181
-149
-142
-154
-206
-289
-379
-464
-575
-671
-741
-795
-777
-605
-271
-29
523
850
1119
1295
1267
1026
707
419
180
-17
-205
-348
-398
-405
-375
-305
-217
-162
-126
-123
-140
-139
-157
-157
-136
-78
-61
-44
-107
-210
-281
-367
-480
-561
-646
-695
-687
-538
-201
131
567
947
1209
1442
1411
1237
855
564
199
143
-37
-234
-300
-311
-278
-203
-150
-59
-16
-35
-49
-49
-66
-79
-49
-46
19
2
-22
-123
-241
-323
-428
-522
-614
-683
-668
-553
-236
-9
534
871
1203
1411
1399
1219
835
549
277
141
-45
-268
-365
-386
-341
-289
-209
-156
-120
-117
-136
-144
-165
-172
-171
-107
-97
-78
-133
-204
-301
-396
-513
-614
-689
-751
-775
-670
-348
-48
409
781
1075
1230
1321
1098
803
507
305
135
-149
-283
-413
-438
-398
-345
-268
-199
-167
-156
-157
-151
-162
-175
-149
-85
-59
-57
-108
-185
-279
-365
-470
-551
-652
-701
-714
-620
-337
-42
475
854
1183
1411
1462
1278
950
651
385
153
-54
-197
-299
-333
-311
-243
-184
-108
-53
-47
-44
-33
-57
-78
-12
-17
35
43
-5
-34
-171
-263
-367
-460
-536
-618
-639
-555
-277
-43
515
891
1235
1473
1543
1379
1039
662
419
149
-15
-205
-318
-347
-339
-285
-217
-140
-94
-85
-95
-105
-120
-123
-114
-65
-53
-48
-107
-186
-292
-348
-486
-562
-672
-732
-760
-707
-438
-63
293
711
1043
1268
1367
1237
916
611
319
129
-57
-315
-423
-495
-454
-396
-319
-252
-209
-201
-178
-191
-191
-204
-197
-172
-138
-139
-157
-224
-303
-395
-493
-605
-695
-750
-773
-737
-508
-155
135
643
995
1211
1394
1283
1011
707
419
185
-21
-219
-340
-373
-370
-288
-241
-157
-108
-74
-76
-77
-103
-111
-108
-43
-42
-30
-15
-33
-204
-281
-374
-476
-556
-634
-667
-620
-455
-96
167
727
1115
1431
1591
1539
1274
853
555
298
145
-41
-246
-317
-322
-256
-200
-133
-51
-37
-33
-39
-61
-93
-97
-59
-37
-39
-37
-43
-187
-285
-379
-493
-577
-657
-705
-707
-550
-208
114
577
947
1227
1443
1435
1145
821
519
241
136
-171
-332
-397
-420
-385
-296
-221
-165
-140
-129
-150
-162
-197
-203
-157
-143
-108
-126
-149
-236
-355
-454
-556
-647
-746
-779
-793
-674
-353
-45
419
789
1139
1364
1355
1179
825
539
262
117
-43
-301
-379
-421
-385
-313
-236
-157
-133
-122
-127
-119
-141
-149
-117
-71
-44
-53
-105
-174
-246
-341
-460
-541
-620
-656
-683
-609
-335
-40
465
867
1217
1475
1524
1382
1035
702
419
181
11
-173
-277
-316
-301
-224
-143
-75
-44
-55
-21
-28
-44
-47
-38
-24
19
6
-13
-41
-202
-291
-381
-491
-605
-663
-662
-630
-409
-44
371
731
1097
1391
1487
1359
1057
707
419
166
-32
-222
-359
-403
-389
-341
-271
-176
-133
-112
-125
-130
-152
-171
-166
-112
-75
-76
-123
-183
-287
-364
-460
-577
-654
-754
-788
-780
-556
-206
133
591
928
1179
1315
1243
969
660
361
125
-34
-270
-396
-461
-463
-398
-316
-239
-186
-159
-146
-153
-156
-173
-169
-131
-96
-81
-106
-178
-251
-331
-431
-507
-605
-677
-713
-718
-529
-181
123
594
970
1223
1443
1402
1171
831
515
261
125
-44
-268
-338
-350
-301
-217
-140
-66
-49
-16
-39
-40
-55
-57
-43
-37
17
-2
-27
-93
-211
-300
-417
-502
-566
-628
-652
-512
-191
130
609
966
1283
1502
1490
1237
907
571
301
138
-44
-262
-339
-364
-305
-243
-170
-104
-81
-61
-75
-114
-126
-140
-120
-69
-37
-42
-101
-189
-266
-369
-485
-586
-686
-734
-743
-617
-361
-44
411
807
1083
1315
1310
1135
831
527
269
131
-185
-349
-439
-473
-439
-352
-293
-218
-160
-156
-161
-176
-187
-197
-199
-146
-140
-122
-151
-204
-299
-380
-488
-605
-668
-728
-762
-699
-422
-75
227
695
1034
1281
1347
1227
947
627
373
130
-30
-240
-335
-389
-359
-299
-213
-144
-81
-63
-69
-54
-59
-99
-82
-53
-44
-12
-18
-44
-178
-261
-358
-475
-541
-615
-645
-642
-398
-65
175
713
1087
1387
1553
1463
1143
793
499
244
126
-43
-261
-317
-324
-268
-191
-101
-45
-29
-39
-48
-59
-85
-107
-81
-38
-19
-13
-38
-172
-270
-354
-486
-574
-655
-718
-693
-544
-204
133
571
915
1227
1367
1291
1063
745
453
180
-21
-227
-332
-428
-407
-370
-293
-221
-157
-117
-139
-160
-175
-199
-220
-189
-147
-107
-126
-178
-246
-329
-404
-520
-625
-716
-778
-781
-682
-408
-53
390
743
1043
1249
1268
1122
807
531
241
130
-98
-310
-381
-405
-365
-300
-230
-140
-94
-93
-108
-108
-146
-141
-107
-94
-49
-29
-32
-132
-171
-254
-370
-492
-577
-657
-698
-650
-413
-50
309
725
1087
1362
1465
1354
1091
743
466
213
115
-135
-268
-321
-284
-223
-156
-69
-47
-25
1
-26
-30
-49
-65
-44
-30
17
-13
-41
-140
-225
-330
-443
-539
-636
-686
-661
-481
-149
130
617
962
1222
1398
1333
1078
742
451
194
-5
-202
-317
-398
-390
-337
-252
-178
-123
-103
-98
-117
-134
-165
-185
-153
-108
-70
-79
-147
-224
-310
-417
-534
-652
-726
-780
-797
-652
-336
-43
419
784
1077
1199
1235
1015
735
419
194
-25
-221
-348
-428
-427
-396
-327
-230
-155
-131
-120
-139
-139
-154
-173
-142
-101
-76
-57
-108
-163
-265
-349
-458
-540
-649
-696
-716
-620
-366
-39
418
802
1140
1379
1411
1262
931
623
340
128
-14
-225
-317
-359
-301
-238
-155
-93
-44
-44
-27
-16
-15
-41
-37
-44
16
21
13
-39
-141
-217
-347
-450
-539
-605
-641
-577
-364
-53
375
770
1087
1369
1475
1293
1011
698
399
152
-37
-220
-295
-342
-337
-271
-186
-127
-79
-66
-64
-95
-125
-147
-142
-110
-71
-51
-61
-128
-212
-298
-380
-537
-605
-691
-740
-732
-554
-205
112
564
855
1147
1295
1223
969
671
389
138
-44
-269
-393
-440
-441
-381
-297
-222
-166
-145
-135
-161
