0.000000 0.000000
0.000125 58.568442
0.000250 110.716186
0.000375 159.015323
0.000500 202.046898
0.000625 238.928069
0.000750 269.528753
0.000875 293.212101
0.001000 309.042336
0.001125 319.104547
0.001250 324.080702
0.001375 325.554177
0.001500 325.490405
0.001625 323.433905
0.001750 320.809138
0.001875 319.410845
0.002000 319.733262
0.002125 321.716060
0.002250 324.852960
0.002375 327.286338
0.002500 327.925176
0.002625 326.746545
0.002750 322.086440
0.002875 312.336586
0.003000 296.709150
0.003125 273.194274
0.003250 242.874161
0.003375 206.302448
0.003500 163.603961
0.003625 115.740851
0.003750 64.548523
0.003875 25.323778
0.004000 66.235047
0.004125 117.696383
0.004250 165.691141
0.004375 208.379442
0.004500 244.970876
0.004625 275.369618
0.004750 298.806921
0.004875 314.523736
0.005000 324.455505
0.005125 329.352177
0.005250 330.828910
0.005375 330.772237
0.005500 328.706138
0.005625 326.094768
0.005750 324.809182
0.005875 325.178549
0.006000 327.203584
0.006125 330.198182
0.006250 332.449529
0.006375 333.177752
0.006500 331.752486
0.006625 326.819288
0.006750 316.937411
0.006875 300.986812
0.007000 277.208513
0.007125 246.657880
0.007250 209.897583
0.007375 167.064390
0.007500 119.184280
0.007625 68.745705
0.007750 37.297750
0.007875 71.347086
0.008000 121.585360
0.008125 169.039494
0.008250 211.323448
0.008375 247.525467
0.008500 277.579471
0.008625 300.597057
0.008750 316.087798
0.008875 325.766062
0.009000 330.478225
0.009125 331.971545
0.009250 331.722592
0.009375 329.570743
0.009500 327.005865
0.009625 325.736412
0.009750 326.149612
0.009875 328.114348
0.010000 330.910757
0.010125 332.989031
0.010250 333.648593
0.010375 331.925302
0.010500 326.630986
0.010625 316.454994
0.010750 300.037267
0.010875 276.028872
0.011000 245.225054
0.011125 208.145645
0.011250 165.006354
0.011375 116.958906
0.011500 67.464276
0.011625 41.065551
0.011750 71.104774
0.011875 119.772301
0.012000 166.755413
0.012125 208.648132
0.012250 244.582326
0.012375 274.335436
0.012500 296.977477
0.012625 312.389744
0.012750 321.933769
0.012875 326.626002
0.013000 328.159258
0.013125 327.780938
0.013250 325.635083
0.013375 323.220395
0.013500 321.974395
0.013625 322.419999
0.013750 324.366890
0.013875 326.955403
0.014000 328.911902
0.014125 329.392650
0.014250 327.435030
0.014375 321.735939
0.014500 311.222574
0.014625 294.369246
0.014750 270.195875
0.014875 239.190391
0.015000 201.825460
0.015125 158.581524
0.015250 110.516746
0.015375 62.799963
0.015500 40.413601
0.015625 68.089487
0.015750 114.507783
0.015875 161.153246
0.016000 202.812449
0.016125 238.635138
0.016250 268.134668
0.016375 290.640265
0.016500 306.136258
0.016625 315.798423
0.016750 320.813698
0.016875 322.850837
0.017000 322.838957
0.017125 321.237451
0.017250 319.467042
0.017375 318.781571
0.017500 319.677986
0.017625 321.997850
0.017750 324.816649
0.017875 327.070557
0.018000 327.799106
0.018125 326.005261
0.018250 320.445856
0.018375 310.078369
0.018500 293.396383
0.018625 269.537928
0.018750 238.866145
0.018875 201.905704
0.019000 159.147524
0.019125 112.303395
0.019250 68.310080
0.019375 51.101989
0.019500 75.731488
0.019625 118.770667
0.019750 164.617376
0.019875 206.175956
0.020000 242.020286
0.020125 271.601205
0.020250 294.246251
0.020375 310.034626
0.020500 320.039782
0.020625 325.414867
0.020750 327.648738
0.020875 327.760793
0.021000 326.427745
0.021125 324.947812
0.021250 324.492472
0.021375 325.518703
0.021500 327.824330
0.021625 330.604961
0.021750 332.752880
0.021875 333.332591
0.022000 331.380944
0.022125 325.528515
0.022250 314.834551
0.022375 297.874111
0.022500 273.809417
0.022625 243.048001
0.022750 206.029814
0.022875 163.454210
0.023000 118.237927
0.023125 78.346695
0.023250 64.568475
0.023375 86.115757
0.023500 125.292585
0.023625 168.969343
0.023750 209.769773
0.023875 245.122188
0.024000 274.305514
0.024125 296.579142
0.024250 312.222992
0.024375 322.159570
0.024500 327.625349
0.024625 329.890925
0.024750 330.009829
0.024875 328.792863
0.025000 327.499626
0.025125 327.164423
0.025250 328.091668
0.025375 330.237935
0.025500 332.805394
0.025625 334.681650
0.025750 334.903396
0.025875 332.561681
0.026000 326.279242
0.026125 315.118711
0.026250 297.742791
0.026375 273.462632
0.026500 242.495611
0.026625 205.402165
0.026750 163.119254
0.026875 119.382744
0.027000 82.774033
0.027125 71.116481
0.027250 90.738943
0.027375 127.031190
0.027500 168.323369
0.027625 208.207649
0.027750 243.064016
0.027875 271.878607
0.028000 293.804831
0.028125 309.302980
0.028250 319.245026
0.028375 324.747152
0.028500 327.084085
0.028625 327.275591
0.028750 326.183735
0.028875 325.066850
0.029000 324.794026
0.029125 325.689027
0.029250 327.711210
0.029375 330.082262
0.029500 331.716958
0.029625 331.568719
0.029750 328.843059
0.029875 322.070493
0.030000 310.416487
0.030125 292.626542
0.030250 268.149514
0.030375 236.996747
0.030500 199.803992
0.030625 158.224479
0.030750 115.576037
0.030875 81.721554
0.031000 71.564614
0.031125 90.181100
0.031250 124.282354
0.031375 163.223553
0.031500 202.113917
0.031625 236.647248
0.031750 265.141231
0.031875 286.934180
0.032000 302.521699
0.032125 312.674539
0.032250 318.378198
0.032375 320.969631
0.032500 321.488688
0.032625 320.721372
0.032750 319.901205
0.032875 319.837178
0.033000 320.847427
0.033125 322.929403
0.033250 325.210251
0.033375 326.840911
0.033500 326.743938
0.033625 323.999450
0.033750 317.294602
0.033875 305.609992
0.034000 287.891045
0.034125 263.659547
0.034250 232.807676
0.034375 196.115271
0.034500 156.002796
0.034625 115.233513
0.034750 84.945984
0.034875 76.626799
0.035000 94.663605
0.035125 126.949633
0.035250 163.938263
0.035375 201.743696
0.035500 236.113407
0.035625 264.759612
0.035750 286.859173
0.035875 302.802320
0.036000 313.475616
0.036125 319.717707
0.036250 322.837157
0.036375 323.967660
0.036500 323.878785
0.036625 323.663997
0.036750 324.100356
0.036875 325.561978
0.037000 327.892075
0.037125 330.386250
0.037250 331.986121
0.037375 331.748540
0.037500 328.742575
0.037625 321.871538
0.037750 309.911983
0.037875 291.993457
0.038000 267.689041
0.038125 236.877859
0.038250 200.973553
0.038375 161.998013
0.038500 123.449987
0.038625 96.583073
0.038750 89.582242
0.038875 106.257957
0.039000 136.030072
0.039125 170.687347
0.039250 206.536349
0.039375 239.837217
0.039500 268.066891
0.039625 289.928001
0.039750 305.796936
0.039875 316.509036
0.040000 322.841914
0.040125 326.146453
0.040250 327.446566
0.040375 327.560873
0.040500 327.481490
0.040625 327.992339
0.040750 329.397156
0.040875 331.555831
0.041000 333.760555
0.041125 335.066476
0.041250 334.457632
0.041375 331.044625
0.041500 323.810580
0.041625 311.403851
0.041750 293.165752
0.041875 268.565641
0.042000 237.706966
0.042125 202.578658
0.042250 164.457565
0.042375 127.863005
0.042500 103.393677
0.042625 97.193576
0.042750 112.717509
0.042875 140.469546
0.043000 173.102987
0.043125 206.813831
0.043250 239.092038
0.043375 266.721235
0.043500 288.402796
0.043625 304.117329
0.043750 314.870065
0.043875 321.331880
0.044000 324.764628
0.044125 326.235666
0.044250 326.544984
0.044375 326.570801
0.044500 327.098187
0.044625 328.465271
0.044750 330.352554
0.044875 332.269805
0.045000 333.225960
0.045125 332.203121
0.045250 328.301428
0.045375 320.555020
0.045500 307.663066
0.045625 289.047019
0.045750 264.193160
0.045875 233.424289
0.046000 198.968433
0.046125 161.515776
0.046250 126.553075
0.046375 103.989962
0.046500 98.259621
0.046625 113.178491
0.046750 139.475125
0.046875 170.526995
0.047000 202.381498
0.047125 233.620516
0.047250 260.656199
0.047375 282.174482
0.047500 297.936594
0.047625 308.801684
0.047750 315.419887
0.047875 319.085616
0.048000 320.810858
0.048125 321.367317
0.048250 321.604102
0.048375 322.224294
0.048500 323.645891
0.048625 325.485949
0.048750 327.217814
0.048875 327.909460
0.049000 326.598693
0.049125 322.421917
0.049250 314.333078
0.049375 301.153767
0.049500 282.288573
0.049625 257.319898
0.049750 227.124137
0.049875 193.366783
0.050000 156.761884
0.050125 124.000352
0.050250 103.657251
0.050375 98.912092
0.050500 113.677343
0.050625 139.070856
0.050750 169.200995
0.050875 199.667300
0.051000 229.968444
0.051125 256.686183
0.051250 278.438471
0.051375 294.573894
0.051500 306.002634
0.051625 313.239496
0.051750 317.610226
0.051875 320.053073
0.052000 321.305995
0.052125 322.165059
0.052250 323.389370
0.052375 325.208018
0.052500 327.339949
0.052625 329.225865
0.052750 330.049312
0.052875 328.733177
0.053000 324.556013
0.053125 316.492618
0.053250 303.357975
0.053375 284.609918
0.053500 259.930712
0.053625 230.890477
0.053750 198.186473
0.053875 162.982157
0.054000 132.740339
0.054125 114.243781
0.054250 110.384763
0.054375 124.364167
0.054500 148.391775
0.054625 176.962809
0.054750 205.956972
0.054875 234.594743
0.055000 260.663960
0.055125 281.986106
0.055250 298.105715
0.055375 309.625417
0.055500 317.074881
0.055625 321.686516
0.055750 324.363156
0.055875 325.851610
0.056000 326.882233
0.056125 328.195306
0.056250 329.968072
0.056375 331.917772
0.056500 333.543275
0.056625 334.063844
0.056750 332.349288
0.056875 327.832041
0.057000 319.287428
0.057125 305.797852
0.057250 286.753505
0.057375 262.102280
0.057500 233.650342
0.057625 201.478762
0.057750 167.459492
0.057875 139.243587
0.058000 122.222183
0.058125 118.982362
0.058250 132.028289
0.058375 154.831397
0.058500 181.746157
0.058625 209.231962
0.058750 236.120994
0.058875 261.236169
0.059000 281.945654
0.059125 297.868594
0.059250 309.308581
0.059375 316.905067
0.059500 321.633504
0.059625 324.482527
0.059750 326.131524
0.059875 327.280326
0.060000 328.629711
0.060125 330.269037
0.060250 332.052269
0.060375 333.380422
0.060500 333.519460
0.060625 331.369443
0.060750 326.425247
0.060875 317.365208
0.061000 303.449972
0.061125 284.030874
0.061250 259.558983
0.061375 231.569140
0.061500 199.572675
0.061625 166.457779
0.061750 139.745857
0.061875 123.879113
0.062000 121.000828
0.062125 133.481541
0.062250 155.448921
0.062375 181.102496
