0.000000 0.000000
0.000125 33.806682
0.000250 62.677670
0.000375 90.042455
0.000500 115.381833
0.000625 138.238427
0.000750 158.115990
0.000875 174.852089
0.001000 189.107710
0.001125 200.782320
0.001250 209.534566
0.001375 215.769850
0.001500 219.859095
0.001625 222.298916
0.001750 222.978683
0.001875 221.876165
0.002000 219.756015
0.002125 218.230706
0.002250 217.918605
0.002375 218.444983
0.002500 219.958942
0.002625 222.382349
0.002750 224.384740
0.002875 224.694399
0.003000 223.168083
0.003125 220.002974
0.003250 214.794221
0.003375 207.110242
0.003500 196.692700
0.003625 183.444613
0.003750 168.028053
0.003875 149.643430
0.004000 128.228290
0.004125 104.314525
0.004250 78.564326
0.004375 52.007742
0.004500 29.493345
0.004625 37.278310
0.004750 64.187056
0.004875 91.536011
0.005000 117.212654
0.005125 140.717785
0.005250 161.463238
0.005375 178.922571
0.005500 193.742304
0.005625 206.064478
0.005750 215.406520
0.005875 222.155716
0.006000 226.576541
0.006125 229.338686
0.006250 230.376316
0.006375 229.594767
0.006500 227.485260
0.006625 225.394636
0.006750 224.470488
0.006875 224.463344
0.007000 225.304738
0.007125 227.118162
0.007250 229.108689
0.007375 229.810371
0.007500 228.555244
0.007625 225.604496
0.007750 220.790224
0.007875 213.658766
0.008000 203.791228
0.008125 191.093951
0.008250 176.295958
0.008375 158.986237
0.008500 138.728200
0.008625 115.962108
0.008750 91.258470
0.008875 65.848132
0.009000 43.198653
0.009125 38.697623
0.009250 60.015686
0.009375 86.711249
0.009500 112.547873
0.009625 136.398024
0.009750 157.710280
0.009875 175.892044
0.010000 191.135386
0.010125 203.842082
0.010250 213.715260
0.010375 220.905697
0.010500 225.702832
0.010625 228.735324
0.010750 230.100475
0.010875 229.604194
0.011000 227.658184
0.011125 225.140269
0.011250 223.481405
0.011375 222.854467
0.011500 223.107204
0.011625 224.241636
0.011750 225.835238
0.011875 226.718012
0.012000 225.788341
0.012125 223.065626
0.012250 218.582219
0.012375 211.887436
0.012500 202.668300
0.012625 190.751246
0.012750 176.592767
0.012875 160.169145
0.013000 140.875256
0.013125 118.883894
0.013250 94.958445
0.013375 69.948789
0.013500 45.565229
0.013625 31.709351
0.013750 46.174072
0.013875 72.628840
0.014000 98.916732
0.014125 123.388671
0.014250 145.393412
0.014375 164.477306
0.014500 180.551611
0.014625 193.845110
0.014750 204.272827
0.014875 212.060014
0.015000 217.422497
0.015125 220.844400
0.015250 222.724931
0.015375 222.828670
0.015500 221.235624
0.015625 218.766929
0.015750 216.714213
0.015875 215.720569
0.016000 215.590239
0.016125 216.380284
0.016250 217.688339
0.016375 218.763538
0.016500 218.529202
0.016625 216.502875
0.016750 212.827700
0.016875 207.208325
0.017000 199.227925
0.017125 188.532471
0.017250 175.537619
0.017375 160.237495
0.017500 142.345955
0.017625 122.007992
0.017750 99.607053
0.017875 75.800182
0.018000 51.833288
0.018125 33.950397
0.018250 38.784502
0.018375 62.672961
0.018500 89.605269
0.018625 115.046879
0.018750 138.226512
0.018875 158.660668
0.019000 176.102307
0.019125 190.684529
0.019250 202.316281
0.019375 211.174682
0.019500 217.734567
0.019625 222.150770
0.019750 224.959330
0.019875 226.080094
0.020000 225.299655
0.020125 223.476523
0.020250 221.520485
0.020375 220.480012
0.020500 220.323455
0.020625 221.025446
0.020750 222.280719
0.020875 223.683864
0.021000 224.220147
0.021125 223.209194
0.021250 220.394661
0.021375 215.597673
0.021500 208.507817
0.021625 198.700749
0.021750 186.613515
0.021875 172.293826
0.022000 155.742219
0.022125 136.875148
0.022250 115.779510
0.022375 93.146545
0.022500 70.439623
0.022625 52.199788
0.022750 48.780888
0.022875 64.576262
0.023000 89.129103
0.023125 114.420793
0.023250 137.885472
0.023375 158.897321
0.023500 177.009312
0.023625 192.212076
0.023750 204.474022
0.023875 213.889164
0.024000 220.978433
0.024125 225.844776
0.024250 228.991661
0.024375 230.575075
0.024500 230.115525
0.024625 228.325629
0.024750 226.232098
0.024875 224.675204
0.025000 224.012764
0.025125 224.190622
0.025250 224.983658
0.025375 226.098162
0.025500 226.742892
0.025625 226.073461
0.025750 223.753340
0.025875 219.407101
0.026000 212.843076
0.026125 203.683541
0.026250 192.160467
0.026375 178.610438
0.026500 162.933452
0.026625 145.008215
0.026750 124.770216
0.026875 102.917461
0.027000 80.500646
0.027125 60.935880
0.027250 51.862292
0.027375 60.315552
0.027500 81.349527
0.027625 105.990068
0.027750 129.709587
0.027875 151.173811
0.028000 169.936993
0.028125 185.791575
0.028250 198.686752
0.028375 208.646884
0.028500 216.200813
0.028625 221.568436
0.028750 224.990617
0.028875 226.976128
0.029000 227.059840
0.029125 225.431537
0.029250 223.202745
0.029375 221.270686
0.029500 220.133757
0.029625 219.794297
0.029750 220.117026
0.029875 220.868268
0.030000 221.425203
0.030125 220.977225
0.030250 219.141528
0.030375 215.336349
0.030500 209.206772
0.030625 200.746822
0.030750 189.934252
0.030875 177.091940
0.031000 162.154430
0.031125 144.976988
0.031250 125.578797
0.031375 104.438271
0.031500 82.005870
0.031625 61.101636
0.031750 47.308284
0.031875 49.412347
0.032000 66.915164
0.032125 90.526916
0.032250 114.818197
0.032375 137.029418
0.032500 156.712702
0.032625 173.507461
0.032750 187.393226
0.032875 198.320976
0.033000 206.606334
0.033125 212.746163
0.033250 216.915570
0.033375 219.585746
0.033500 220.687809
0.033625 219.885271
0.033750 218.127918
0.033875 216.465614
0.034000 215.435901
0.034125 215.055228
0.034250 215.459665
0.034375 216.285269
0.034500 217.186388
0.034625 217.423586
0.034750 216.508343
0.034875 213.807133
0.035000 208.830898
0.035125 201.619381
0.035250 192.178821
0.035375 180.629755
0.035500 167.065971
0.035625 151.287026
0.035750 133.372622
0.035875 113.743288
0.036000 92.534218
0.036125 72.272226
0.036250 57.141524
0.036375 54.287550
0.036500 66.147363
0.036625 87.110270
0.036750 111.008866
0.036875 134.033004
0.037000 154.749199
0.037125 172.679556
0.037250 187.734001
0.037375 199.771372
0.037500 209.097643
0.037625 216.185978
0.037750 221.314114
0.037875 224.720502
0.038000 226.559051
0.038125 226.506980
0.038250 225.122563
0.038375 223.530636
0.038500 222.364310
0.038625 221.826381
0.038750 221.899875
0.038875 222.528029
0.039000 223.322010
0.039125 223.780979
0.039250 223.147177
0.039375 221.166172
0.039500 217.006748
0.039625 210.553646
0.039750 201.923456
0.039875 191.144476
0.040000 178.327752
0.040125 163.383553
0.040250 146.467752
0.040375 127.811346
0.040500 107.546045
0.040625 87.781560
0.040750 71.866433
0.040875 64.933480
0.041000 70.549127
0.041125 87.154398
0.041250 108.623612
0.041375 131.243430
0.041500 152.271222
0.041625 170.757196
0.041750 186.380368
0.041875 199.066446
0.042000 208.981616
0.042125 216.551100
0.042250 222.126340
0.042375 225.932784
0.042500 228.145368
0.042625 228.629278
0.042750 227.470923
0.042875 225.728099
0.043000 224.280379
0.043125 223.340730
0.043250 222.902410
0.043375 223.031533
0.043500 223.491708
0.043625 223.837531
0.043750 223.330169
0.043875 221.672903
0.044000 218.241330
0.044125 212.442023
0.044250 204.429248
0.044375 194.224568
0.044500 181.928279
0.044625 167.530308
0.044750 151.355287
0.044875 133.261480
0.045000 113.365073
0.045125 93.558156
0.045250 76.392553
0.045375 65.835868
0.045500 66.715445
0.045625 78.914457
0.045750 98.235433
0.045875 119.862875
0.046000 141.267393
0.046125 160.379270
0.046250 176.703490
0.046375 190.129743
0.046500 200.721494
0.046625 208.867681
0.046750 214.963903
0.046875 219.239175
0.047000 221.865633
0.047125 222.915774
0.047250 222.190277
0.047375 220.486316
0.047500 218.809035
0.047625 217.655227
0.047750 216.847489
0.047875 216.597794
0.048000 216.786089
0.048125 216.981129
0.048250 216.665902
0.048375 215.385876
0.048500 212.614095
0.048625 207.618231
0.048750 200.364371
0.048875 190.920723
0.049000 179.248018
0.049125 165.588187
0.049250 150.371458
0.049375 133.050419
0.049500 113.773812
0.049625 94.170627
0.049750 76.478902
0.049875 63.140704
0.050000 60.560766
0.050125 68.322938
0.050250 85.929420
0.050375 106.596029
0.050500 128.431299
0.050625 148.554426
0.050750 166.059700
0.050875 180.701556
0.051000 192.520252
0.051125 201.858182
0.051250 208.989262
0.051375 214.247735
0.051500 217.899658
0.051625 220.021413
0.051750 220.378102
0.051875 219.473632
0.052000 218.235789
0.052125 217.367153
0.052250 216.891415
0.052375 216.886394
0.052500 217.285936
0.052625 217.863718
0.052750 218.189136
0.052875 217.694628
0.053000 215.940128
0.053125 212.265718
0.053250 206.254451
0.053375 197.859489
0.053500 187.275030
0.053625 174.946397
0.053750 160.864308
0.053875 144.712551
0.054000 126.685656
0.054125 108.190776
0.054250 91.169826
0.054375 77.422031
0.054500 71.824423
0.054625 75.568803
0.054750 88.704785
0.054875 107.481575
0.055000 127.972830
0.055125 148.398255
0.055250 166.612162
0.055375 182.142112
0.055500 194.810030
0.055625 204.918036
0.055750 212.780104
0.055875 218.657403
0.056000 222.817952
0.056125 225.454311
0.056250 226.422145
0.056375 225.960524
0.056500 224.779970
0.056625 223.767004
0.056750 223.056377
0.056875 222.752735
0.057000 222.859998
0.057125 223.208731
0.057250 223.550029
0.057375 223.208569
0.057500 221.845001
0.057625 218.701745
0.057750 213.397539
0.057875 205.621440
0.058000 195.590480
0.058125 183.995806
0.058250 170.545396
0.058375 155.016882
0.058500 137.714921
0.058625 119.706463
0.058750 102.728726
0.058875 88.196146
0.059000 79.748132
0.059125 79.960484
0.059250 88.473609
0.059375 104.497360
0.059500 123.354626
0.059625 143.101226
0.059750 161.643698
0.059875 177.754163
0.060000 191.053662
0.060125 201.723807
0.060250 210.127515
0.060375 216.527280
0.060500 221.099879
0.060625 224.127013
0.060750 225.578085
0.060875 225.474294
0.061000 224.418482
0.061125 223.189364
0.061250 222.170476
0.061375 221.601597
0.061500 221.307632
0.061625 221.418229
0.061750 221.531323
0.061875 221.258297
0.062000 219.990968
0.062125 217.281186
0.062250 212.498328
0.062375 205.360445
