0.000000 0.000000
0.000125 41.059174
0.000250 76.322163
0.000375 110.723519
0.000500 143.699681
0.000625 174.867213
0.000750 203.978461
0.000875 230.527573
0.001000 254.213819
0.001125 274.919114
0.001250 292.933335
0.001375 307.845813
0.001500 319.331368
0.001625 327.851748
0.001750 334.039484
0.001875 337.589455
0.002000 339.666537
0.002125 339.974096
0.002250 338.342588
0.002375 335.147309
0.002500 329.510888
0.002625 321.360119
0.002750 310.297024
0.002875 295.767497
0.003000 278.309567
0.003125 257.971246
0.003250 234.593184
0.003375 208.400399
0.003500 179.702889
0.003625 148.857638
0.003750 116.447844
0.003875 83.045903
0.004000 50.904864
0.004125 32.333043
0.004250 51.819336
0.004375 85.116559
0.004500 118.949868
0.004625 151.643972
0.004750 182.636113
0.004875 211.580598
0.005000 238.022153
0.005125 261.553627
0.005250 282.038178
0.005375 299.735204
0.005500 314.539156
0.005625 325.866471
0.005750 334.311859
0.005875 340.277495
0.006000 343.809267
0.006125 345.857756
0.006250 346.088035
0.006375 344.202870
0.006500 340.818664
0.006625 335.151029
0.006750 326.707856
0.006875 315.463900
0.007000 300.815363
0.007125 283.403018
0.007250 262.991158
0.007375 239.426439
0.007500 213.041524
0.007625 184.157120
0.007750 153.405613
0.007875 121.422091
0.008000 89.777500
0.008125 61.147212
0.008250 45.553945
0.008375 60.056783
0.008500 90.236372
0.008625 122.995268
0.008750 155.131492
0.008875 185.715024
0.009000 214.254865
0.009125 240.302610
0.009250 263.424449
0.009375 283.582433
0.009500 300.893142
0.009625 315.417448
0.009750 326.528203
0.009875 334.691880
0.010000 340.509570
0.010125 343.960409
0.010250 345.719709
0.010375 345.756606
0.010500 343.723510
0.010625 340.117704
0.010750 334.225187
0.010875 325.564462
0.011000 313.968124
0.011125 299.164231
0.011250 281.419963
0.011375 260.755436
0.011500 236.895102
0.011625 210.288361
0.011750 181.285540
0.011875 150.580839
0.012000 119.443420
0.012125 88.439477
0.012250 59.248213
0.012375 42.600340
0.012500 56.044137
0.012625 85.866667
0.012750 118.675947
0.012875 150.698492
0.013000 181.101593
0.013125 209.372517
0.013250 235.060996
0.013375 257.979262
0.013500 277.973743
0.013625 295.329601
0.013750 309.585225
0.013875 320.512394
0.014000 328.623629
0.014125 334.314753
0.014250 337.583439
0.014375 339.200547
0.014500 339.075750
0.014625 337.112340
0.014750 333.336315
0.014875 327.312336
0.015000 318.525839
0.015125 306.775368
0.015250 291.875135
0.015375 273.934933
0.015500 253.068404
0.015625 229.245607
0.015750 202.681656
0.015875 174.114022
0.016000 144.779288
0.016125 114.479757
0.016250 83.293207
0.016375 53.149551
0.016500 34.803101
0.016625 49.451528
0.016750 79.690961
0.016875 112.416325
0.017000 144.821028
0.017125 175.422925
0.017250 203.910890
0.017375 229.806820
0.017500 252.973586
0.017625 273.439139
0.017750 291.108378
0.017875 305.652193
0.018000 317.014037
0.018125 325.645043
0.018250 331.737176
0.018375 335.492406
0.018500 337.539664
0.018625 337.901040
0.018750 336.374422
0.018875 333.048631
0.019000 327.497825
0.019125 319.089578
0.019250 307.842153
0.019375 293.412742
0.019500 276.088042
0.019625 255.766895
0.019750 232.553070
0.019875 207.223562
0.020000 180.589397
0.020125 152.449517
0.020250 123.130689
0.020375 93.349003
0.020500 66.485554
0.020625 52.110738
0.020750 62.664280
0.020875 89.405673
0.021000 120.057053
0.021125 151.543516
0.021250 181.867998
0.021375 210.124614
0.021500 235.876189
0.021625 258.938565
0.021750 279.073111
0.021875 296.574610
0.022000 311.041635
0.022125 322.343773
0.022250 330.885153
0.022375 336.929437
0.022500 340.675572
0.022625 342.706748
0.022750 343.063498
0.022875 341.378023
0.023000 337.899648
0.023125 332.248549
0.023250 323.750846
0.023375 312.399065
0.023500 298.078087
0.023625 280.936492
0.023750 260.944277
0.023875 238.549804
0.024000 214.369670
0.024125 188.217448
0.024250 160.379939
0.024375 131.486891
0.024500 102.823776
0.024625 78.162911
0.024750 65.338686
0.024875 73.085526
0.025000 96.394300
0.025125 124.974470
0.025250 154.788014
0.025375 184.302848
0.025500 212.055626
0.025625 237.369504
0.025750 259.899988
0.025875 279.731875
0.026000 296.943378
0.026125 311.061348
0.026250 322.126317
0.026375 330.542798
0.026500 336.416004
0.026625 340.093874
0.026750 341.959688
0.026875 342.126654
0.027000 340.316238
0.027125 336.644108
0.027250 330.769495
0.027375 322.157047
0.027500 310.673290
0.027625 296.320217
0.027750 279.295120
0.027875 260.012287
0.028000 238.533970
0.028125 214.633991
0.028250 188.482121
0.028375 160.495596
0.028500 131.319853
0.028625 102.535737
0.028750 77.633234
0.028875 64.116163
0.029000 70.696834
0.029125 93.378367
0.029250 121.548228
0.029375 150.337154
0.029500 179.024374
0.029625 206.438013
0.029750 231.356733
0.029875 253.755592
0.030000 273.479878
0.030125 290.480097
0.030250 304.412809
0.030375 315.409106
0.030500 323.736236
0.030625 329.494280
0.030750 333.090901
0.030875 334.883010
0.031000 334.900860
0.031125 333.129844
0.031250 329.368711
0.031375 323.425421
0.031500 314.809984
0.031625 303.430008
0.031750 289.344268
0.031875 273.189960
0.032000 254.680425
0.032125 233.567345
0.032250 209.832199
0.032375 183.705320
0.032500 155.628735
0.032625 126.191509
0.032750 97.276495
0.032875 72.131363
0.033000 57.851328
0.033125 64.227063
0.033250 87.427530
0.033375 115.799395
0.033500 144.375095
0.033625 172.321125
0.033750 199.586693
0.033875 224.749873
0.034000 247.445637
0.034125 267.505470
0.034250 284.807880
0.034375 299.126898
0.034500 310.481177
0.034625 319.263780
0.034750 325.494149
0.034875 329.581206
0.035000 331.880289
0.035125 332.437304
0.035250 331.151712
0.035375 327.891615
0.035500 322.526168
0.035625 314.600332
0.035750 304.281981
0.035875 291.833980
0.036000 276.953109
0.036125 259.249030
0.036250 238.771952
0.036375 215.589240
0.036500 190.048419
0.036625 162.700009
0.036750 134.391646
0.036875 107.311874
0.037000 84.389747
0.037125 72.054291
0.037250 76.840381
0.037375 97.084569
0.037500 123.744971
0.037625 151.540231
0.037750 178.584124
0.037875 204.868354
0.038000 229.746772
0.038125 252.203021
0.038250 272.081695
0.038375 289.256132
0.038500 303.421361
0.038625 314.802989
0.038750 323.627613
0.038875 329.960799
0.039000 334.045277
0.039125 336.393850
0.039250 336.997852
0.039375 335.682253
0.039500 332.483701
0.039625 327.382959
0.039750 320.086408
0.039875 310.690056
0.040000 298.890090
0.040125 284.289626
0.040250 266.750988
0.040375 246.293452
0.040500 223.083809
0.040625 197.652302
0.040750 170.593299
0.040875 143.160997
0.041000 117.271717
0.041125 95.783925
0.041250 84.050242
0.041375 87.180217
0.041500 104.640597
0.041625 128.996210
0.041750 155.674232
0.041875 181.731960
0.042000 206.799353
0.042125 230.672014
0.042250 252.616508
0.042375 272.094124
0.042500 288.925452
0.042625 302.864494
0.042750 314.056890
0.042875 322.750289
0.043000 329.002751
0.043125 333.051137
0.043250 335.354410
0.043375 335.925440
0.043500 334.588190
0.043625 331.558610
0.043750 327.004439
0.043875 320.444694
0.044000 311.408241
0.044125 299.647128
0.044250 284.999283
0.044375 267.315914
0.044500 246.707504
0.044625 223.382088
0.044750 197.811230
0.044875 170.596850
0.045000 143.189982
0.045125 117.307771
0.045250 95.531812
0.045375 83.296545
0.045500 85.145454
0.045625 101.785919
0.045750 125.465364
0.045875 151.731623
0.046000 177.260357
0.046125 201.425310
0.046250 224.403761
0.046375 245.966875
0.046500 265.282218
0.046625 281.960697
0.046750 295.808245
0.046875 306.910147
0.047000 315.558936
0.047125 321.750856
0.047250 325.858039
0.047375 328.143677
0.047500 328.853266
0.047625 327.854720
0.047750 325.531988
0.047875 321.684854
0.048000 315.374482
0.048125 306.443979
0.048250 294.635682
0.048375 279.890012
0.048500 262.128572
0.048625 241.489980
0.048750 218.163639
0.048875 192.494631
0.049000 165.165220
0.049125 137.926032
0.049250 111.995533
0.049375 89.609800
0.049500 77.246684
0.049625 78.310342
0.049750 95.456959
0.049875 118.834591
0.050000 145.247448
0.050125 170.905301
0.050250 194.834093
0.050375 217.260498
0.050500 238.653194
0.050625 258.242777
0.050750 275.228915
0.050875 289.446659
0.051000 300.974162
0.051125 310.120323
0.051250 316.843625
0.051375 321.547881
0.051500 324.574151
0.051625 326.232379
0.051750 326.558316
0.051875 325.403997
0.052000 322.273081
0.052125 316.628219
0.052250 308.334182
0.052375 297.032838
0.052500 282.848753
0.052625 265.639023
0.052750 245.575280
0.052875 222.740145
0.053000 197.704495
0.053125 171.415300
0.053250 145.485906
0.053375 120.828716
0.053500 100.136474
0.053625 88.634022
0.053750 89.665655
0.053875 104.520524
0.054000 126.317357
0.054125 151.488973
0.054250 176.755624
0.054375 200.451351
0.054500 222.439685
0.054625 242.934992
0.054750 262.034845
0.054875 278.931583
0.055000 293.118672
0.055125 304.760542
0.055250 314.055817
0.055375 321.077830
0.055500 326.121371
0.055625 329.711929
0.055750 332.105689
0.055875 332.895421
0.056000 331.982157
0.056125 328.943711
0.056250 323.382749
0.056375 315.145284
0.056500 303.926904
0.056625 289.797418
0.056750 272.667207
0.056875 252.599360
0.057000 229.827883
0.057125 205.078505
0.057250 179.479267
0.057375 154.199991
0.057500 130.331286
0.057625 110.750232
0.057750 99.433622
0.057875 99.567527
0.058000 112.008067
0.058125 131.844121
0.058250 155.428840
0.058375 179.795498
0.058500 202.909350
0.058625 224.247079
0.058750 243.802996
0.058875 261.968259
0.059000 278.460757
0.059125 292.478065
0.059250 304.008116
0.059375 313.376733
0.059500 320.661867
0.059625 326.178972
0.059750 330.349187
0.059875 333.039191
0.060000 333.955010
0.060125 332.998609
0.060250 329.848512
0.060375 324.172643
0.060500 315.764826
0.060625 304.472261
0.060750 290.195756
0.060875 272.878694
0.061000 252.613527
0.061125 229.768811
0.061250 204.923221
0.061375 179.485688
0.061500 154.203067
0.061625 130.195834
0.061750 110.262672
0.061875 98.525310
0.062000 97.665027
0.062125 109.322545
0.062250 128.280375
0.062375 151.182451
