0.000000 0.000000
0.000125 43.605339
0.000250 80.733837
0.000375 116.565972
0.000500 150.415740
0.000625 181.758044
0.000750 210.072704
0.000875 235.386390
0.001000 257.635265
0.001125 277.255034
0.001250 294.183247
0.001375 308.794966
0.001500 321.322096
0.001625 332.199892
0.001750 341.691557
0.001875 348.626241
0.002000 353.035737
0.002125 355.789973
0.002250 355.754511
0.002375 353.199285
0.002500 348.930166
0.002625 341.802706
0.002750 332.442952
0.002875 321.830933
0.003000 309.311881
0.003125 294.701195
0.003250 277.616943
0.003375 257.902975
0.003500 235.347092
0.003625 209.730137
0.003750 181.050222
0.003875 149.545564
0.004000 115.717856
0.004125 80.444855
0.004250 45.912538
0.004375 33.052111
0.004500 63.375215
0.004625 99.689671
0.004750 134.949156
0.004875 168.139518
0.005000 198.737412
0.005125 226.243573
0.005250 250.747734
0.005375 272.264984
0.005500 291.045789
0.005625 307.274673
0.005750 321.245085
0.005875 333.208504
0.006000 343.599722
0.006125 352.338388
0.006250 358.413223
0.006375 362.254933
0.006500 364.213921
0.006625 363.292620
0.006750 360.067488
0.006875 354.953586
0.007000 346.896715
0.007125 336.902482
0.007250 325.651603
0.007375 312.363690
0.007500 296.817668
0.007625 278.772657
0.007750 258.068183
0.007875 234.504899
0.008000 207.883623
0.008125 178.292232
0.008250 146.204475
0.008375 112.541998
0.008500 78.279062
0.008625 49.109371
0.008750 48.620150
0.008875 76.943180
0.009000 112.267497
0.009125 146.516208
0.009250 178.728744
0.009375 208.207699
0.009500 234.670798
0.009625 258.141174
0.009750 278.677874
0.009875 296.509495
0.010000 311.890648
0.010125 325.063996
0.010250 336.429275
0.010375 346.281634
0.010500 353.965667
0.010625 359.263998
0.010750 362.405396
0.010875 363.338007
0.011000 361.628237
0.011125 357.616704
0.011250 351.393627
0.011375 342.563257
0.011500 331.960923
0.011625 319.838361
0.011750 305.685625
0.011875 289.192429
0.012000 270.199010
0.012125 248.503866
0.012250 223.990029
0.012375 196.489675
0.012500 166.505669
0.012625 134.206742
0.012750 100.321035
0.012875 66.133033
0.013000 43.182969
0.013125 51.725387
0.013250 79.848096
0.013375 114.715330
0.013500 148.323722
0.013625 179.533835
0.013750 208.044069
0.013875 233.466541
0.014000 256.016058
0.014125 275.653014
0.014250 292.732945
0.014375 307.344597
0.014500 319.889706
0.014625 330.810655
0.014750 340.004835
0.014875 346.798618
0.015000 351.483927
0.015125 353.966533
0.015250 353.928489
0.015375 351.596160
0.015500 346.983584
0.015625 339.841872
0.015750 330.594363
0.015875 319.621880
0.016000 306.970349
0.016125 292.289795
0.016250 275.284848
0.016375 255.776362
0.016500 233.662389
0.016625 208.897353
0.016750 181.460047
0.016875 151.614094
0.017000 119.572042
0.017125 86.069319
0.017250 53.066701
0.017375 42.580482
0.017500 56.095798
0.017625 83.512105
0.017750 118.011845
0.017875 151.489334
0.018000 182.485570
0.018125 210.745493
0.018250 235.980059
0.018375 258.407325
0.018500 278.036202
0.018625 295.079840
0.018750 309.820514
0.018875 322.627779
0.019000 333.828837
0.019125 342.986381
0.019250 349.675030
0.019375 354.444791
0.019500 356.805382
0.019625 356.636767
0.019750 354.375422
0.019875 349.595628
0.020000 342.332476
0.020125 333.214188
0.020250 322.287707
0.020375 309.530313
0.020500 294.726562
0.020625 277.530598
0.020750 258.040066
0.020875 235.942815
0.021000 211.163932
0.021125 183.647549
0.021250 153.699747
0.021375 121.873601
0.021500 89.467473
0.021625 64.457401
0.021750 63.596146
0.021875 77.794101
0.022000 102.899280
0.022125 135.222346
0.022250 167.698297
0.022375 197.778636
0.022500 225.093314
0.022625 249.517501
0.022750 271.102907
0.022875 290.025509
0.023000 306.428136
0.023125 320.561579
0.023250 332.849179
0.023375 343.449308
0.023500 351.626981
0.023625 357.576160
0.023750 361.578654
0.023875 362.975549
0.024000 362.034090
0.024125 358.938622
0.024250 353.232688
0.024375 345.229174
0.024500 335.570916
0.024625 324.051555
0.024750 310.648064
0.024875 295.179174
0.025000 277.435292
0.025125 257.230931
0.025250 234.438621
0.025375 208.913512
0.025500 180.752487
0.025625 150.364543
0.025750 118.604821
0.025875 88.291417
0.026000 72.218302
0.026125 76.420566
0.026250 90.867198
0.026375 114.309218
0.026500 144.463826
0.026625 175.682850
0.026750 204.656700
0.026875 230.975866
0.027000 254.439570
0.027125 275.174026
0.027250 293.264189
0.027375 308.845256
0.027500 322.319425
0.027625 334.061395
0.027750 343.778340
0.027875 351.029647
0.028000 356.192425
0.028125 359.231582
0.028250 359.685471
0.028375 358.000166
0.028500 354.008630
0.028625 347.471295
0.028750 338.896101
0.028875 328.723362
0.029000 316.636147
0.029125 302.635452
0.029250 286.494880
0.029375 268.050986
0.029500 247.092704
0.029625 223.419591
0.029750 197.142492
0.029875 168.301192
0.030000 137.466380
0.030125 105.512323
0.030250 77.448544
0.030375 70.426250
0.030500 78.512146
0.030625 93.249527
0.030750 115.736795
0.030875 144.295004
0.031000 174.444066
0.031125 202.533450
0.031250 227.946370
0.031375 250.604944
0.031500 270.608649
0.031625 287.982587
0.031750 303.004637
0.031875 315.977026
0.032000 327.158169
0.032125 336.112483
0.032250 342.740056
0.032375 347.388008
0.032500 349.731502
0.032625 349.675864
0.032750 347.501148
0.032875 343.036112
0.033000 336.232033
0.033125 327.591182
0.033250 317.298142
0.033375 305.120154
0.033500 291.062694
0.033625 274.777383
0.033750 256.125820
0.033875 234.940473
0.034000 211.093683
0.034125 184.701240
0.034250 155.981040
0.034375 125.474720
0.034500 94.552113
0.034625 73.671149
0.034750 75.281467
0.034875 85.593509
0.035000 101.009943
0.035125 122.933736
0.035250 150.415469
0.035375 179.843908
0.035500 207.771385
0.035625 233.026210
0.035750 255.628933
0.035875 275.534617
0.036000 292.902470
0.036125 308.070444
0.036250 321.275816
0.036375 332.482311
0.036500 341.293898
0.036625 347.937269
0.036750 352.453643
0.036875 354.558732
0.037000 354.523316
0.037125 352.286496
0.037250 347.630746
0.037375 340.890626
0.037500 332.436844
0.037625 322.173401
0.037750 309.893887
0.037875 295.473566
0.038000 278.710283
0.038125 259.610456
0.038250 237.946772
0.038375 213.678780
0.038500 186.885130
0.038625 158.014972
0.038750 128.200422
0.038875 101.398152
0.039000 90.117202
0.039125 94.233463
0.039250 104.890776
0.039375 120.081079
0.039500 140.642199
0.039625 166.111624
0.039750 193.696041
0.039875 220.460405
0.040000 244.823393
0.040125 266.574550
0.040250 285.753762
0.040375 302.432414
0.040500 317.000498
0.040625 329.689378
0.040750 340.066240
0.040875 348.014955
0.041000 353.940014
0.041125 357.588216
0.041250 358.937427
0.041375 358.202347
0.041500 355.248311
0.041625 349.963947
0.041750 342.773793
0.041875 333.773171
0.042000 322.883300
0.042125 309.843780
0.042250 294.648674
0.042375 277.083969
0.042500 257.177118
0.042625 234.625107
0.042750 209.495887
0.042875 182.130850
0.043000 153.119781
0.043125 124.108332
0.043250 102.658376
0.043375 98.143406
0.043500 104.344178
0.043625 115.171607
0.043750 129.811387
0.043875 149.207138
0.044000 172.838697
0.044125 198.624478
0.044250 224.248417
0.044375 247.620832
0.044500 268.469987
0.044625 286.836187
0.044750 302.791547
0.044875 316.822233
0.045000 328.768625
0.045125 338.245920
0.045250 345.495031
0.045375 350.643579
0.045500 353.451455
0.045625 354.108739
0.045750 352.661962
0.045875 348.963349
0.046000 343.086423
0.046125 335.360078
0.046250 325.776375
0.046375 314.193096
0.046500 300.470996
0.046625 284.517510
0.046750 266.145467
0.046875 245.327101
0.047000 221.939068
0.047125 196.100584
0.047250 168.130318
0.047375 138.912510
0.047500 110.814266
0.047625 95.263479
0.047750 97.253233
0.047875 105.031705
0.048000 116.177065
0.048125 130.447195
0.048250 148.726213
0.048375 170.948450
0.048500 195.292360
0.048625 219.951154
0.048750 242.628896
0.048875 262.827415
0.049000 280.680125
0.049125 296.266402
0.049250 309.950673
0.049375 321.464820
0.049500 330.485792
0.049625 337.362952
0.049750 342.035111
0.049875 344.470467
0.050000 344.822464
0.050125 343.185636
0.050250 339.324058
0.050375 333.464884
0.050500 325.776504
0.050625 316.249715
0.050750 304.673204
0.050875 290.799330
0.051000 274.714957
0.051125 256.212315
0.051250 235.334212
0.051375 211.921491
0.051500 186.082738
0.051625 158.555049
0.051750 130.291163
0.051875 106.727117
0.052000 99.685287
0.052125 105.532633
0.052250 114.647579
0.052375 126.382333
0.052500 140.967554
0.052625 158.832447
0.052750 180.172474
0.052875 203.557461
0.053000 227.637551
0.053125 250.135334
0.053250 270.307946
0.053375 288.129876
0.053500 303.859620
0.053625 317.613870
0.053750 328.939940
0.053875 337.818936
0.054000 344.604315
0.054125 349.057998
0.054250 351.297241
0.054375 351.536901
0.054500 349.560936
0.054625 345.380382
0.054750 339.339923
0.054875 331.424885
0.055000 321.603812
0.055125 309.527947
0.055250 295.213456
0.055375 278.547555
0.055500 259.441453
0.055625 237.864436
0.055750 213.878503
0.055875 187.739174
0.056000 160.498990
0.056125 134.395085
0.056250 117.748069
0.056375 116.339482
0.056500 122.723549
0.056625 131.858634
0.056750 143.273944
0.056875 157.224813
0.057000 173.985689
0.057125 193.658734
0.057250 215.305138
0.057375 237.901883
0.057500 259.492356
0.057625 278.865169
0.057750 296.001973
0.057875 311.226330
0.058000 324.256675
0.058125 334.755826
0.058250 342.994293
0.058375 348.987897
0.058500 352.641072
0.058625 354.219894
0.058750 353.679270
0.058875 350.984114
0.059000 346.176294
0.059125 339.544449
0.059250 330.998288
0.059375 320.446820
0.059500 307.640219
0.059625 292.500309
0.059750 274.976643
0.059875 255.056206
0.060000 232.591589
0.060125 207.890247
0.060250 181.429649
0.060375 154.471359
0.060500 131.393915
0.060625 120.653297
0.060750 123.463352
0.060875 130.607437
0.061000 139.685152
0.061125 150.556243
0.061250 163.842569
0.061375 179.456888
0.061500 197.645055
0.061625 217.705268
0.061750 238.960597
0.061875 259.592133
0.062000 278.233409
0.062125 294.776294
0.062250 309.429622
0.062375 321.652182
