0.000000 0.000000
0.000125 23.487920
0.000250 39.899900
0.000375 55.636082
0.000500 70.291469
0.000625 82.465099
0.000750 92.494715
0.000875 100.961457
0.001000 108.300252
0.001125 114.986020
0.001250 120.282284
0.001375 123.452998
0.001500 124.974446
0.001625 125.583483
0.001750 125.636807
0.001875 125.383939
0.002000 125.053703
0.002125 124.934275
0.002250 125.383957
0.002375 125.993750
0.002500 126.365897
0.002625 126.335993
0.002750 125.620974
0.002875 123.789981
0.003000 120.129798
0.003125 114.551503
0.003250 107.961646
0.003375 100.473113
0.003500 91.720153
0.003625 81.663456
0.003750 70.516076
0.003875 58.478977
0.004000 45.864892
0.004125 33.134509
0.004250 28.926694
0.004375 38.036137
0.004500 49.210602
0.004625 60.343378
0.004750 74.124979
0.004875 86.796845
0.005000 98.010343
0.005125 107.641889
0.005250 115.305179
0.005375 121.581036
0.005500 126.038365
0.005625 128.449114
0.005750 129.532491
0.005875 129.816597
0.006000 129.627198
0.006125 129.292320
0.006250 128.956629
0.006375 128.881419
0.006500 129.265004
0.006625 129.686276
0.006750 129.770208
0.006875 129.384392
0.007000 128.198422
0.007125 125.715225
0.007250 121.376087
0.007375 115.494256
0.007500 108.573513
0.007625 100.559948
0.007750 91.279778
0.007875 80.853816
0.008000 69.468998
0.008125 57.373656
0.008250 45.534355
0.008375 37.406069
0.008500 39.651253
0.008625 50.127124
0.008750 61.788299
0.008875 72.509730
0.009000 82.388277
0.009125 91.294946
0.009250 99.157515
0.009375 107.850252
0.009500 115.800266
0.009625 122.545505
0.009750 127.247316
0.009875 129.412911
0.010000 130.142948
0.010125 130.104702
0.010250 129.712474
0.010375 129.261316
0.010500 128.866714
0.010625 128.792514
0.010750 129.048431
0.010875 129.213008
0.011000 128.951166
0.011125 128.107511
0.011250 126.295982
0.011375 122.962225
0.011500 117.948891
0.011625 111.620203
0.011750 104.186580
0.011875 95.600862
0.012000 85.776471
0.012125 74.919947
0.012250 63.187194
0.012375 51.251615
0.012500 40.848371
0.012625 36.254837
0.012750 40.653264
0.012875 51.465433
0.013000 63.662881
0.013125 75.363503
0.013250 86.090680
0.013375 95.190960
0.013500 102.448346
0.013625 108.588892
0.013750 113.909392
0.013875 118.155086
0.014000 121.973820
0.014125 124.310738
0.014250 125.523268
0.014375 126.166672
0.014500 125.804949
0.014625 125.340866
0.014750 124.963523
0.014875 124.863705
0.015000 124.965346
0.015125 124.905883
0.015250 124.343906
0.015375 123.054766
0.015500 120.620886
0.015625 116.685355
0.015750 111.238395
0.015875 104.544520
0.016000 96.737993
0.016125 87.795279
0.016250 77.745590
0.016375 66.715827
0.016500 55.458282
0.016625 44.496042
0.016750 36.633350
0.016875 35.458860
0.017000 41.094927
0.017125 52.265322
0.017250 64.587919
0.017375 76.167831
0.017500 86.726858
0.017625 96.091409
0.017750 104.096591
0.017875 111.026533
0.018000 116.474773
0.018125 120.328365
0.018250 122.583878
0.018375 123.523334
0.018500 123.826563
0.018625 124.275932
0.018750 124.575100
0.018875 124.915009
0.019000 125.353715
0.019125 125.583895
0.019250 125.802839
0.019375 125.744966
0.019500 125.095282
0.019625 123.586854
0.019750 120.759291
0.019875 116.590244
0.020000 111.019348
0.020125 104.290259
0.020250 96.308870
0.020375 87.190182
0.020500 77.222449
0.020625 67.019659
0.020750 56.669858
0.020875 47.930317
0.021000 43.304367
0.021125 44.673926
0.021250 50.852337
0.021375 61.127494
0.021500 72.823544
0.021625 83.923365
0.021750 94.045295
0.021875 102.916695
0.022000 110.591358
0.022125 117.053713
0.022250 122.311948
0.022375 126.050373
0.022500 128.279360
0.022625 129.050869
0.022750 128.864454
0.022875 128.204443
0.023000 127.467872
0.023125 127.230134
0.023250 127.700840
0.023375 128.160204
0.023500 128.566789
0.023625 128.572492
0.023750 127.419484
0.023875 125.246634
0.024000 121.792077
0.024125 117.077835
0.024250 111.143618
0.024375 104.028829
0.024500 95.673125
0.024625 86.384432
0.024750 76.840295
0.024875 67.023647
0.025000 57.836962
0.025125 51.234818
0.025250 48.858810
0.025375 51.435138
0.025500 57.512405
0.025625 66.986705
0.025750 77.954280
0.025875 88.461925
0.026000 97.929437
0.026125 106.283231
0.026250 113.434845
0.026375 119.264759
0.026500 123.866760
0.026625 127.017259
0.026750 128.903689
0.026875 129.761927
0.027000 129.878516
0.027125 129.553854
0.027250 128.744330
0.027375 127.993947
0.027500 127.212131
0.027625 126.433680
0.027750 125.861537
0.027875 125.377558
0.028000 124.136996
0.028125 121.753019
0.028250 118.123779
0.028375 112.963586
0.028500 106.529394
0.028625 98.946492
0.028750 90.380541
0.028875 81.328864
0.029000 71.844778
0.029125 62.456119
0.029250 54.592741
0.029375 49.591759
0.029500 48.898825
0.029625 52.250650
0.029750 58.098500
0.029875 67.216544
0.030000 77.909674
0.030125 87.939095
0.030250 96.979156
0.030375 104.888500
0.030500 111.469887
0.030625 116.844793
0.030750 120.903347
0.030875 123.610934
0.031000 125.263176
0.031125 125.964425
0.031250 125.974352
0.031375 125.677291
0.031500 125.315047
0.031625 124.887306
0.031750 124.431656
0.031875 123.475775
0.032000 122.136011
0.032125 120.284603
0.032250 117.472854
0.032375 114.049769
0.032500 110.059513
0.032625 105.021051
0.032750 98.812656
0.032875 91.683598
0.033000 83.555218
0.033125 74.655843
0.033250 65.505507
0.033375 57.305190
0.033500 51.204078
0.033625 47.983609
0.033750 48.934621
0.033875 53.063567
0.034000 58.832489
0.034125 67.784643
0.034250 78.414700
0.034375 88.319513
0.034500 97.204676
0.034625 104.927037
0.034750 111.372116
0.034875 116.562506
0.035000 120.439918
0.035125 123.111163
0.035250 124.907616
0.035375 125.747683
0.035500 125.957712
0.035625 125.893603
0.035750 125.747718
0.035875 125.582690
0.036000 125.278805
0.036125 124.748931
0.036250 123.718381
0.036375 122.101602
0.036500 119.110531
0.036625 115.061899
0.036750 109.923144
0.036875 103.861644
0.037000 97.557369
0.037125 91.051348
0.037250 83.496567
0.037375 75.437041
0.037500 67.756390
0.037625 61.244575
0.037750 56.790839
0.037875 55.376352
0.038000 57.357432
0.038125 61.784831
0.038250 67.482724
0.038375 75.763959
0.038500 85.608876
0.038625 94.984157
0.038750 103.444525
0.038875 110.650095
0.039000 116.673126
0.039125 121.396534
0.039250 124.806784
0.039375 127.191544
0.039500 128.707741
0.039625 129.407690
0.039750 129.531652
0.039875 129.364104
0.040000 129.119106
0.040125 128.754962
0.040250 128.243662
0.040375 127.251202
0.040500 125.829718
0.040625 123.689543
0.040750 120.626940
0.040875 116.503132
0.041000 111.441192
0.041125 105.465590
0.041250 98.848791
0.041375 91.250380
0.041500 82.720431
0.041625 74.861563
0.041750 68.231829
0.041875 63.352517
0.042000 60.587181
0.042125 60.708266
0.042250 63.170241
0.042375 67.436180
0.042500 72.737007
0.042625 80.221788
0.042750 89.396092
0.042875 98.174877
0.043000 105.965024
0.043125 112.660147
0.043250 118.164089
0.043375 122.336591
0.043500 125.282461
0.043625 127.314575
0.043750 128.580421
0.043875 129.090854
0.044000 129.063213
0.044125 128.736799
0.044250 128.311047
0.044375 127.665276
0.044500 126.715611
0.044625 125.261356
0.044750 123.329838
0.044875 120.635328
0.045000 117.051414
0.045125 112.547722
0.045250 107.600140
0.045375 102.036336
0.045500 95.548136
0.045625 87.965866
0.045750 79.658066
0.045875 71.650209
0.046000 65.039690
0.046125 59.981256
0.046250 58.159775
0.046375 59.347035
0.046500 62.672232
0.046625 67.257185
0.046750 72.292507
0.046875 79.304103
0.047000 88.082091
0.047125 96.504997
0.047250 103.859774
0.047375 110.152984
0.047500 115.185111
0.047625 118.965966
0.047750 121.628990
0.047875 123.403669
0.048000 124.538482
0.048125 124.970434
0.048250 124.865406
0.048375 124.515955
0.048500 123.894054
0.048625 123.063683
0.048750 121.789421
0.048875 120.082374
0.049000 117.744261
0.049125 114.712436
0.049250 110.863310
0.049375 106.580982
0.049500 101.678521
0.049625 95.920863
0.049750 89.317779
0.049875 82.097923
0.050000 74.778257
0.050125 68.310948
0.050250 63.180439
0.050375 59.313255
0.050500 58.107044
0.050625 59.145873
0.050750 61.949046
0.050875 66.556296
0.051000 71.664224
0.051125 78.914917
0.051250 88.072306
0.051375 96.597118
0.051500 103.898952
0.051625 110.017887
0.051750 114.932037
0.051875 118.653831
0.052000 121.315694
0.052125 123.215031
0.052250 124.557602
0.052375 125.193515
0.052500 125.336227
0.052625 125.139838
0.052750 124.636758
0.052875 123.815464
0.053000 122.534484
0.053125 120.672615
0.053250 118.195151
0.053375 115.163612
0.053500 111.668002
0.053625 107.503029
0.053750 102.546306
0.053875 96.794427
0.054000 90.448521
0.054125 83.857340
0.054250 77.468400
0.054375 72.221257
0.054500 68.333965
0.054625 66.294579
0.054750 66.598285
0.054875 68.272795
0.055000 71.187070
0.055125 74.714226
0.055250 78.647208
0.055375 84.386103
0.055500 92.753515
0.055625 101.004474
0.055750 108.332774
0.055875 114.502268
0.056000 119.271031
0.056125 122.643658
0.056250 125.062905
0.056375 126.761116
0.056500 127.917564
0.056625 128.402477
0.056750 128.401830
0.056875 128.038532
0.057000 127.286447
0.057125 126.124845
0.057250 124.520533
0.057375 122.239488
0.057500 119.528086
0.057625 116.451395
0.057750 112.687903
0.057875 108.192094
0.058000 102.917719
0.058125 97.059516
0.058250 90.952324
0.058375 84.680886
0.058500 79.124882
0.058625 74.670681
0.058750 71.499619
0.058875 70.401734
0.059000 71.181941
0.059125 73.305483
0.059250 76.638065
0.059375 80.284806
0.059500 83.987566
0.059625 88.944389
0.059750 95.571395
0.059875 102.174236
0.060000 107.944697
0.060125 113.683070
0.060250 118.352234
0.060375 121.869773
0.060500 124.526650
0.060625 126.252052
0.060750 127.227029
0.060875 127.533437
0.061000 127.333613
0.061125 126.675180
0.061250 125.581000
0.061375 124.065230
0.061500 122.033269
0.061625 119.534793
0.061750 116.739347
0.061875 113.325503
0.062000 109.167752
0.062125 104.219714
0.062250 98.626316
0.062375 92.812650
