0.000000 0.000000
0.000125 45.638703
0.000250 82.041110
0.000375 116.729979
0.000500 148.676669
0.000625 177.371020
0.000750 202.948084
0.000875 225.755976
0.001000 246.386622
0.001125 265.126592
0.001250 281.421324
0.001375 295.740114
0.001500 308.542922
0.001625 318.484197
0.001750 326.085868
0.001875 332.247087
0.002000 336.462537
0.002125 338.479741
0.002250 338.656561
0.002375 336.870520
0.002500 332.828001
0.002625 326.706899
0.002750 319.140697
0.002875 309.545966
0.003000 296.626197
0.003125 282.385665
0.003250 266.170084
0.003375 247.537985
0.003500 226.944835
0.003625 204.313211
0.003750 178.889928
0.003875 150.364883
0.004000 118.610449
0.004125 84.397544
0.004250 48.932649
0.004375 25.155999
0.004500 48.149953
0.004625 84.075421
0.004750 118.439047
0.004875 150.429980
0.005000 179.159181
0.005125 204.910334
0.005250 227.715568
0.005375 248.401355
0.005500 266.938242
0.005625 283.249576
0.005750 297.550717
0.005875 310.195813
0.006000 320.272848
0.006125 327.854204
0.006250 333.956430
0.006375 338.277464
0.006500 340.499223
0.006625 340.705338
0.006750 338.933348
0.006875 334.946278
0.007000 328.788820
0.007125 321.199423
0.007250 311.351121
0.007375 298.632551
0.007500 284.274347
0.007625 268.024251
0.007750 249.394750
0.007875 228.729490
0.008000 206.031597
0.008125 180.499939
0.008250 152.049658
0.008375 120.570887
0.008500 86.894182
0.008625 55.388248
0.008750 36.951408
0.008875 51.074384
0.009000 84.898755
0.009125 118.945411
0.009250 150.826663
0.009375 179.518870
0.009500 205.222790
0.009625 228.121357
0.009750 248.752578
0.009875 267.049752
0.010000 283.268806
0.010125 297.459955
0.010250 309.806229
0.010375 319.879718
0.010500 327.530490
0.010625 333.538736
0.010750 337.853832
0.010875 340.109613
0.011000 340.371783
0.011125 338.541202
0.011250 334.498112
0.011375 328.390176
0.011500 320.495084
0.011625 310.414096
0.011750 297.871010
0.011875 283.384878
0.012000 266.939510
0.012125 248.299810
0.012250 227.458699
0.012375 204.553346
0.012500 178.940757
0.012625 150.752282
0.012750 119.592089
0.012875 88.548221
0.013000 60.337332
0.013125 45.002141
0.013250 54.313476
0.013375 82.665233
0.013500 116.293495
0.013625 148.003150
0.013750 176.747208
0.013875 202.567718
0.014000 225.641973
0.014125 246.313520
0.014250 264.502696
0.014375 280.637164
0.014500 294.885374
0.014625 307.108710
0.014750 317.135415
0.014875 325.011150
0.015000 331.058519
0.015125 335.382434
0.015250 337.838697
0.015375 338.125955
0.015500 336.300297
0.015625 332.382040
0.015750 326.378715
0.015875 318.397935
0.016000 308.293957
0.016125 295.883930
0.016250 281.459259
0.016375 264.860892
0.016500 246.333360
0.016625 225.558959
0.016750 202.624033
0.016875 177.219054
0.017000 149.264200
0.017125 120.146460
0.017250 92.248328
0.017375 66.790466
0.017500 53.872891
0.017625 60.309939
0.017750 82.451751
0.017875 114.149630
0.018000 145.806572
0.018125 174.691734
0.018250 200.891732
0.018375 224.117790
0.018500 245.019989
0.018625 263.269626
0.018750 279.448550
0.018875 293.745462
0.019000 306.011481
0.019125 316.150530
0.019250 324.438297
0.019375 330.634930
0.019500 335.074370
0.019625 337.663641
0.019750 338.154042
0.019875 336.440444
0.020000 332.698716
0.020125 326.803332
0.020250 318.822473
0.020375 308.632000
0.020500 296.430683
0.020625 282.171189
0.020750 265.656261
0.020875 247.266469
0.021000 226.617627
0.021125 203.831648
0.021250 178.542513
0.021375 152.033061
0.021500 126.022870
0.021625 99.792364
0.021750 77.509878
0.021875 66.450334
0.022000 70.915307
0.022125 88.160330
0.022250 115.108197
0.022375 146.029952
0.022500 174.895803
0.022625 201.133747
0.022750 224.577251
0.022875 245.474212
0.023000 263.780445
0.023125 279.964037
0.023250 294.167054
0.023375 306.364315
0.023500 316.551712
0.023625 324.898293
0.023750 331.227531
0.023875 335.650666
0.024000 338.256650
0.024125 338.765921
0.024250 337.090571
0.024375 333.253409
0.024500 327.413684
0.024625 319.383932
0.024750 309.161228
0.024875 296.855703
0.025000 282.623005
0.025125 266.294412
0.025250 247.773263
0.025375 227.184634
0.025500 204.421966
0.025625 179.890550
0.025750 155.995042
0.025875 131.248958
0.026000 106.566910
0.026125 86.924680
0.026250 77.067186
0.026375 80.054843
0.026500 93.926517
0.026625 116.053084
0.026750 144.447876
0.026875 173.045214
0.027000 199.283268
0.027125 222.722535
0.027250 243.678386
0.027375 261.997349
0.027500 278.117235
0.027625 292.189681
0.027750 304.384916
0.027875 314.560726
0.028000 322.872675
0.028125 329.308198
0.028250 333.738274
0.028375 336.249079
0.028500 336.738891
0.028625 335.006843
0.028750 331.211621
0.028875 325.290096
0.029000 317.164861
0.029125 306.979207
0.029250 294.681420
0.029375 280.430978
0.029500 264.071291
0.029625 245.629384
0.029750 224.901533
0.029875 202.542968
0.030000 180.507462
0.030125 157.775454
0.030250 133.856003
0.030375 110.809789
0.030500 93.307689
0.030625 84.284488
0.030750 86.467344
0.030875 97.667585
0.031000 116.216295
0.031125 140.927131
0.031250 168.800547
0.031375 195.048264
0.031500 218.680331
0.031625 239.763591
0.031750 258.212878
0.031875 274.484930
0.032000 288.477810
0.032125 300.754963
0.032250 311.086880
0.032375 319.483612
0.032500 326.063101
0.032625 330.582428
0.032750 333.201588
0.032875 333.669989
0.033000 332.079597
0.033125 328.385292
0.033250 322.531494
0.033375 314.465294
0.033500 304.449784
0.033625 292.243192
0.033750 278.022186
0.033875 261.791425
0.034000 243.458108
0.034125 223.047921
0.034250 203.162834
0.034375 182.454448
0.034500 160.548096
0.034625 137.606651
0.034750 116.695260
0.034875 101.034370
0.035000 92.832911
0.035125 94.342737
0.035250 103.541475
0.035375 119.603664
0.035500 140.900468
0.035625 166.419964
0.035750 192.590040
0.035875 216.377924
0.036000 237.704806
0.036125 256.406174
0.036250 272.880835
0.036375 287.174383
0.036500 299.546369
0.036625 309.953884
0.036750 318.521538
0.036875 325.209893
0.037000 329.862454
0.037125 332.543566
0.037250 333.111258
0.037375 331.649455
0.037500 328.127745
0.037625 322.333468
0.037750 314.413843
0.037875 304.518633
0.038000 292.369052
0.038125 278.199230
0.038250 262.007117
0.038375 243.979176
0.038500 225.821623
0.038625 207.395267
0.038750 187.368022
0.038875 166.133268
0.039000 144.218218
0.039125 125.301306
0.039250 111.250978
0.039375 103.671547
0.039500 104.597132
0.039625 112.057638
0.039750 125.953779
0.039875 144.046587
0.040000 166.482466
0.040125 191.500284
0.040250 215.237572
0.040375 236.628615
0.040500 255.518874
0.040625 272.101947
0.040750 286.450415
0.040875 298.799241
0.041000 309.246993
0.041125 317.778785
0.041250 324.480698
0.041375 329.149714
0.041500 331.790640
0.041625 332.442993
0.041750 330.975188
0.041875 327.394299
0.042000 321.635152
0.042125 313.724923
0.042250 303.749021
0.042375 291.587327
0.042500 277.403003
0.042625 261.211610
0.042750 244.960879
0.042875 228.270951
0.043000 210.418052
0.043125 190.901278
0.043250 170.090952
0.043375 149.401741
0.043500 132.152850
0.043625 119.176293
0.043750 111.848037
0.043875 112.217924
0.044000 118.352323
0.044125 130.316529
0.044250 146.012360
0.044375 165.536594
0.044500 188.232357
0.044625 211.543131
0.044750 233.011468
0.044875 252.047172
0.045000 268.777530
0.045125 283.189591
0.045250 295.610478
0.045375 305.957756
0.045500 314.583321
0.045625 321.096123
0.045750 325.813212
0.045875 328.513927
0.046000 329.128774
0.046125 327.659635
0.046250 324.115501
0.046375 318.330694
0.046500 310.391854
0.046625 300.280943
0.046750 288.119571
0.046875 274.001421
0.047000 259.281305
0.047125 244.583841
0.047250 228.679249
0.047375 211.201702
0.047500 191.981866
0.047625 171.693567
0.047750 152.456207
0.047875 136.401426
0.048000 124.566621
0.048125 117.506600
0.048250 117.525843
0.048375 122.673606
0.048500 132.969677
0.048625 147.031095
0.048750 164.022057
0.048875 184.294756
0.049000 206.472102
0.049125 228.105724
0.049250 247.376470
0.049375 264.280297
0.049500 279.001341
0.049625 291.457524
0.049750 301.962642
0.049875 310.576768
0.050000 317.328065
0.050125 322.042520
0.050250 324.892449
0.050375 325.672057
0.050500 324.249121
0.050625 320.737221
0.050750 315.059997
0.050875 307.249401
0.051000 297.188756
0.051125 285.127987
0.051250 272.230031
0.051375 259.418214
0.051500 245.548148
0.051625 230.235491
0.051750 213.281888
0.051875 194.576610
0.052000 175.082932
0.052125 157.457080
0.052250 142.687626
0.052375 131.951449
0.052500 125.248715
0.052625 124.925189
0.052750 129.392517
0.052875 138.299520
0.053000 151.053535
0.053125 166.048862
0.053250 184.070103
0.053375 204.411033
0.053500 225.647011
0.053625 245.034047
0.053750 262.312044
0.053875 277.165162
0.054000 289.893765
0.054125 300.494572
0.054250 309.188408
0.054375 315.999756
0.054500 320.833621
0.054625 323.744186
0.054750 324.585541
0.054875 323.208413
0.055000 319.842371
0.055125 314.126830
0.055250 306.312588
0.055375 296.380912
0.055500 285.246030
0.055625 274.264559
0.055750 262.318917
0.055875 248.957542
0.056000 233.913171
0.056125 217.315459
0.056250 199.055597
0.056375 180.856347
0.056500 164.450959
0.056625 150.741215
0.056750 140.721869
0.056875 134.254627
0.057000 133.554435
0.057125 137.156301
0.057250 144.784347
0.057375 156.310397
0.057500 169.595505
0.057625 185.592303
0.057750 203.808698
0.057875 223.662158
0.058000 243.019873
0.058125 260.322091
0.058250 275.292480
0.058375 288.079336
0.058500 298.710357
0.058625 307.393482
0.058750 314.179107
0.058875 318.922102
0.059000 321.746302
0.059125 322.601969
0.059250 321.200037
0.059375 317.729583
0.059500 311.929459
0.059625 304.055058
0.059750 294.709748
0.059875 285.375961
0.060000 275.196337
0.060125 263.685862
0.060250 250.600330
0.060375 235.812218
0.060500 219.430740
0.060625 201.575397
0.060750 184.472191
0.060875 169.082970
0.061000 156.269797
0.061125 146.835355
0.061250 140.391880
0.061375 139.341189
0.061500 142.124092
0.061625 148.635309
0.061750 159.060267
0.061875 171.107063
0.062000 185.261088
0.062125 201.502951
0.062250 219.628493
0.062375 238.349937
