0.000000 0.000000
0.000125 59.300158
0.000250 107.963806
0.000375 151.726765
0.000500 188.721409
0.000625 218.115302
0.000750 240.665901
0.000875 258.252383
0.001000 272.821893
0.001125 286.502787
0.001250 300.393058
0.001375 314.544117
0.001500 327.987442
0.001625 337.892554
0.001750 344.343959
0.001875 346.810962
0.002000 345.453306
0.002125 342.084632
0.002250 339.164088
0.002375 338.964255
0.002500 342.022157
0.002625 346.281327
0.002750 349.222224
0.002875 348.944122
0.003000 344.458606
0.003125 336.627471
0.003250 325.570603
0.003375 312.297938
0.003500 299.223607
0.003625 286.274837
0.003750 272.777083
0.003875 256.932805
0.004000 236.819893
0.004125 210.692514
0.004250 177.195780
0.004375 136.970725
0.004500 92.331438
0.004625 53.577577
0.004750 62.599480
0.004875 105.736178
0.005000 150.008286
0.005125 189.006606
0.005250 221.079168
0.005375 246.132704
0.005500 265.641776
0.005625 281.356914
0.005750 295.149457
0.005875 308.568083
0.006000 322.307211
0.006125 335.823536
0.006250 346.750345
0.006375 353.985597
0.006500 357.699140
0.006625 357.463808
0.006750 354.737937
0.006875 351.698048
0.007000 350.438998
0.007125 351.888502
0.007250 355.200957
0.007375 358.153085
0.007500 358.810558
0.007625 355.470016
0.007750 348.755004
0.007875 339.141066
0.008000 326.350001
0.008125 313.185178
0.008250 299.959569
0.008375 286.190779
0.008500 270.684513
0.008625 251.686759
0.008750 227.386743
0.008875 196.280361
0.009000 158.409437
0.009125 116.020511
0.009250 77.076228
0.009375 65.733697
0.009500 95.923912
0.009625 138.223052
0.009750 178.266284
0.009875 212.270061
0.010000 239.328593
0.010125 260.337841
0.010250 276.962666
0.010375 291.106440
0.010500 304.282987
0.010625 317.467706
0.010750 330.725660
0.010875 342.295716
0.011000 350.383445
0.011125 354.933520
0.011250 355.755450
0.011375 353.548977
0.011500 350.227893
0.011625 347.879035
0.011750 347.942965
0.011875 350.242857
0.012000 352.963292
0.012125 354.002458
0.012250 351.695194
0.012375 345.773239
0.012500 336.969934
0.012625 324.970917
0.012750 311.496662
0.012875 297.544546
0.013000 283.158444
0.013125 267.848198
0.013250 249.774863
0.013375 227.117693
0.013500 198.035986
0.013625 162.023203
0.013750 120.460913
0.013875 79.343648
0.014000 53.241415
0.014125 68.962822
0.014250 109.408727
0.014375 150.958522
0.014500 187.355667
0.014625 216.976905
0.014750 240.032295
0.014875 257.889740
0.015000 272.679637
0.015125 286.264626
0.015250 299.738400
0.015375 313.134268
0.015500 325.587480
0.015625 335.159147
0.015750 340.988768
0.015875 343.145969
0.016000 342.117795
0.016125 339.347125
0.016250 336.740080
0.016375 335.999143
0.016500 337.830110
0.016625 340.678111
0.016750 342.455075
0.016875 341.663853
0.017000 337.594002
0.017125 330.305598
0.017250 320.144773
0.017375 307.706674
0.017500 294.307326
0.017625 280.350238
0.017750 265.516384
0.017875 248.974087
0.018000 228.716822
0.018125 202.824203
0.018250 170.124574
0.018375 132.601311
0.018500 93.928792
0.018625 63.706564
0.018750 61.956468
0.018875 95.078210
0.019000 135.745354
0.019125 174.044026
0.019250 206.987382
0.019375 233.276513
0.019500 254.021252
0.019625 271.004555
0.019750 285.946209
0.019875 300.423526
0.020000 314.438263
0.020125 327.556492
0.020250 338.560072
0.020375 346.133655
0.020500 350.285887
0.020625 351.257620
0.020750 350.012382
0.020875 348.228434
0.021000 347.437906
0.021125 348.469631
0.021250 350.827785
0.021375 352.943007
0.021500 353.143184
0.021625 350.515432
0.021750 344.887326
0.021875 336.458261
0.022000 325.223117
0.022125 312.425854
0.022250 298.843196
0.022375 284.279207
0.022500 267.866388
0.022625 248.402509
0.022750 224.352467
0.022875 194.743402
0.023000 161.389126
0.023125 126.450886
0.023250 97.131243
0.023375 85.418474
0.023500 101.530815
0.023625 135.610287
0.023750 171.767258
0.023875 205.087978
0.024000 233.180422
0.024125 255.958519
0.024250 274.401560
0.024375 290.198806
0.024500 304.554356
0.024625 318.113970
0.024750 330.766101
0.024875 341.867825
0.025000 350.089214
0.025125 355.024031
0.025250 357.130371
0.025375 356.713841
0.025500 355.116985
0.025625 353.765757
0.025750 353.593710
0.025875 354.752359
0.026000 356.215748
0.026125 356.520428
0.026250 354.469540
0.026375 349.770485
0.026500 342.213887
0.026625 331.811130
0.026750 319.261220
0.026875 305.470991
0.027000 290.547383
0.027125 274.028994
0.027250 254.855933
0.027375 231.904007
0.027500 204.687978
0.027625 173.982332
0.027750 140.525207
0.027875 109.849487
0.028000 90.827431
0.028125 93.750699
0.028250 120.423914
0.028375 154.653351
0.028500 187.808113
0.028625 216.991642
0.028750 241.366926
0.028875 261.266185
0.029000 277.797248
0.029125 292.490863
0.029250 306.126083
0.029375 318.824286
0.029500 330.265538
0.029625 339.337931
0.029750 345.232030
0.029875 348.159626
0.030000 348.650260
0.030125 347.248013
0.030250 345.462293
0.030375 344.456308
0.030500 344.682884
0.030625 345.749507
0.030750 346.142637
0.030875 344.641209
0.031000 340.635751
0.031125 333.805427
0.031250 324.236318
0.031375 312.238722
0.031500 298.241746
0.031625 282.991066
0.031750 266.368496
0.031875 247.759021
0.032000 225.960337
0.032125 201.388195
0.032250 173.205491
0.032375 140.963467
0.032500 109.368166
0.032625 85.406025
0.032750 77.447114
0.032875 95.557474
0.033000 129.158768
0.033125 162.705895
0.033250 193.117752
0.033375 219.483385
0.033500 241.576423
0.033625 259.899765
0.033750 275.751109
0.033875 290.584099
0.034000 304.339360
0.034125 316.858399
0.034250 327.573871
0.034375 335.438667
0.034500 340.266566
0.034625 342.454392
0.034750 342.615604
0.034875 341.754174
0.035000 341.105994
0.035125 341.441333
0.035250 342.809937
0.035375 344.056681
0.035500 343.989265
0.035625 341.633183
0.035750 336.604199
0.035875 328.905430
0.036000 318.597395
0.036125 306.015571
0.036250 291.827774
0.036375 276.211754
0.036500 258.765131
0.036625 239.057406
0.036750 217.393816
0.036875 192.502800
0.037000 163.847212
0.037125 134.928974
0.037250 111.189587
0.037375 98.789189
0.037500 105.262373
0.037625 130.905870
0.037750 163.203026
0.037875 193.736470
0.038000 221.229616
0.038125 244.751480
0.038250 264.685785
0.038375 282.011519
0.038500 297.345871
0.038625 311.337284
0.038750 324.114525
0.038875 335.255847
0.039000 344.120988
0.039125 350.043677
0.039250 353.332585
0.039375 354.433218
0.039500 354.136495
0.039625 353.351283
0.039750 353.056426
0.039875 353.592343
0.040000 354.407202
0.040125 354.520449
0.040250 352.694728
0.040375 348.427798
0.040500 341.553893
0.040625 332.042937
0.040750 320.131901
0.040875 306.289509
0.041000 290.827145
0.041125 273.611949
0.041250 255.004027
0.041375 234.737832
0.041500 211.664645
0.041625 185.113230
0.041750 157.897655
0.041875 133.955305
0.042000 117.771222
0.042125 115.330542
0.042250 131.183707
0.042375 158.929165
0.042500 188.644434
0.042625 215.822604
0.042750 239.794505
0.042875 260.405091
0.043000 278.103014
0.043125 293.797170
0.043250 307.848953
0.043375 320.536489
0.043500 331.918775
0.043625 341.368321
0.043750 348.107004
0.043875 352.098344
0.044000 353.755067
0.044125 353.647736
0.044250 352.679940
0.044375 351.793236
0.044500 351.551341
0.044625 351.758216
0.044750 351.693693
0.044875 350.114550
0.045000 346.265999
0.045125 339.870080
0.045250 330.820539
0.045375 319.207698
0.045500 305.335605
0.045625 289.648194
0.045750 272.515694
0.045875 254.799583
0.046000 235.672256
0.046125 213.841094
0.046250 188.371088
0.046375 161.563370
0.046500 136.677539
0.046625 116.925018
0.046750 107.475735
0.046875 114.504316
0.047000 137.757617
0.047125 167.363405
0.047250 195.312839
0.047375 219.768915
0.047500 240.961469
0.047625 259.041399
0.047750 274.889852
0.047875 289.512743
0.048000 302.921372
0.048125 314.940869
0.048250 325.359379
0.048375 333.383662
0.048500 338.488331
0.048625 341.020853
0.048750 341.419971
0.048875 340.701402
0.049000 339.702226
0.049125 339.077109
0.049250 339.290264
0.049375 339.424832
0.049500 338.475504
0.049625 335.496718
0.049750 330.128165
0.049875 321.993021
0.050000 311.275744
0.050125 298.245793
0.050250 283.234691
0.050375 267.243427
0.050500 250.952659
0.050625 233.658009
0.050750 213.997626
0.050875 190.606798
0.051000 165.529313
0.051125 141.652394
0.051250 121.086692
0.051375 108.125116
0.051500 108.158457
0.051625 125.292424
0.051750 153.434794
0.051875 183.000622
0.052000 209.169288
0.052125 231.643153
0.052250 251.236074
0.052375 268.347534
0.052500 284.027494
0.052625 298.702598
0.052750 312.008304
0.052875 323.848911
0.053000 333.697547
0.053125 340.724018
0.053250 344.969953
0.053375 346.963082
0.053500 347.460236
0.053625 347.289151
0.053750 347.166425
0.053875 347.553164
0.054000 347.956336
0.054125 347.741965
0.054250 345.875460
0.054375 341.741654
0.054500 334.954085
0.054625 325.502104
0.054750 313.474340
0.054875 299.622062
0.055000 285.046763
0.055125 270.015274
0.055250 253.764649
0.055375 235.427501
0.055500 213.959820
0.055625 190.902481
0.055750 168.561907
0.055875 148.400373
0.056000 133.572146
0.056125 128.676059
0.056250 137.309659
0.056375 158.774725
0.056500 186.090800
0.056625 212.415067
0.056750 235.496850
0.056875 255.450116
0.057000 272.939686
0.057125 288.490559
0.057250 302.827504
0.057375 316.178399
0.057500 328.120237
0.057625 338.249920
0.057750 346.074307
0.057875 351.086446
0.058000 353.780867
0.058125 354.726825
0.058250 354.648792
0.058375 354.151641
0.058500 353.916976
0.058625 353.658377
0.058750 353.185641
0.058875 351.400861
0.059000 347.577869
0.059125 341.337864
0.059250 332.430105
0.059375 320.834668
0.059500 307.553944
0.059625 293.658254
0.059750 278.990380
0.059875 263.196452
0.060000 245.412900
0.060125 224.845788
0.060250 202.761355
0.060375 180.862695
0.060500 160.406098
0.060625 143.377401
0.060750 133.904156
0.060875 135.723953
0.061000 150.690393
0.061125 174.722524
0.061250 200.965470
0.061375 224.566635
0.061500 244.920152
0.061625 262.467112
0.061750 277.928878
0.061875 292.120847
0.062000 305.313875
0.062125 317.441178
0.062250 328.111022
0.062375 336.721649
