0.000000 0.000000
0.000125 43.048581
0.000250 81.723148
0.000375 117.477124
0.000500 149.363427
0.000625 176.586924
0.000750 198.835337
0.000875 216.041806
0.001000 228.637620
0.001125 236.940912
0.001250 243.805894
0.001375 250.216821
0.001500 257.546257
0.001625 265.765338
0.001750 273.374892
0.001875 278.801394
0.002000 282.083944
0.002125 283.836397
0.002250 284.158916
0.002375 283.097578
0.002500 280.517570
0.002625 275.807603
0.002750 269.087695
0.002875 261.799121
0.003000 255.577080
0.003125 249.906509
0.003250 243.591264
0.003375 235.529883
0.003500 223.551895
0.003625 206.939238
0.003750 185.348769
0.003875 158.792472
0.004000 127.714814
0.004125 93.261350
0.004250 57.340576
0.004375 33.839696
0.004500 61.973726
0.004625 99.578232
0.004750 134.682246
0.004875 166.048387
0.005000 192.808625
0.005125 214.579000
0.005250 231.274274
0.005375 243.381126
0.005500 251.408490
0.005625 258.182516
0.005750 264.970190
0.005875 272.113726
0.006000 279.928642
0.006125 287.208284
0.006250 292.365599
0.006375 295.385525
0.006500 296.758907
0.006625 296.708873
0.006750 295.255545
0.006875 292.280123
0.007000 287.344499
0.007125 280.601442
0.007250 273.679701
0.007375 267.748403
0.007500 261.867886
0.007625 255.187759
0.007750 246.601167
0.007875 234.330908
0.008000 217.494512
0.008125 195.808820
0.008250 169.368599
0.008375 138.839101
0.008500 105.763500
0.008625 72.645846
0.008750 56.245500
0.008875 78.452469
0.009000 113.501639
0.009125 147.917626
0.009250 178.721224
0.009375 204.916311
0.009500 226.262857
0.009625 242.627951
0.009750 254.432035
0.009875 262.322684
0.010000 268.979245
0.010125 275.803529
0.010250 282.833146
0.010375 290.260590
0.010500 297.052580
0.010625 301.861278
0.010750 304.580397
0.010875 305.647023
0.011000 305.203589
0.011125 303.338835
0.011250 299.974712
0.011375 294.748699
0.011500 288.065668
0.011625 281.356070
0.011750 275.315189
0.011875 269.024910
0.012000 261.784059
0.012125 252.535451
0.012250 239.682012
0.012375 222.579308
0.012500 200.929665
0.012625 175.021294
0.012750 145.555490
0.012875 113.330045
0.013000 82.994348
0.013125 69.470872
0.013250 89.649273
0.013375 121.234472
0.013500 154.890996
0.013625 185.244305
0.013750 211.055912
0.013875 232.083012
0.014000 248.252197
0.014125 259.819063
0.014250 267.800195
0.014375 274.623798
0.014500 281.451206
0.014625 288.537033
0.014750 295.753933
0.014875 302.200589
0.015000 306.789412
0.015125 309.378325
0.015250 310.294454
0.015375 309.669010
0.015500 307.570636
0.015625 304.020140
0.015750 298.830767
0.015875 292.439748
0.016000 286.023276
0.016125 279.930553
0.016250 273.442063
0.016375 265.888126
0.016500 256.275856
0.016625 243.252902
0.016750 226.497871
0.016875 205.663334
0.017000 180.875193
0.017125 152.187913
0.017250 121.470460
0.017375 94.743655
0.017500 84.062515
0.017625 102.666660
0.017750 131.594708
0.017875 163.046735
0.018000 193.283892
0.018125 219.086674
0.018250 240.165999
0.018375 256.495784
0.018500 268.333517
0.018625 277.015192
0.018750 284.599301
0.018875 291.822414
0.019000 299.084525
0.019125 306.316049
0.019250 312.693310
0.019375 317.337889
0.019500 320.064358
0.019625 321.147050
0.019750 320.633628
0.019875 318.620947
0.020000 315.152443
0.020125 309.968231
0.020250 303.868872
0.020375 297.719512
0.020500 291.534707
0.020625 284.524142
0.020750 276.439878
0.020875 266.513947
0.021000 253.469000
0.021125 236.849373
0.021250 216.307027
0.021375 191.692818
0.021500 163.455388
0.021625 135.490715
0.021750 112.157385
0.021875 104.081832
0.022000 119.616061
0.022125 145.629749
0.022250 173.578286
0.022375 201.793156
0.022500 226.868928
0.022625 247.359087
0.022750 263.207472
0.022875 274.918091
0.023000 283.898984
0.023125 291.730513
0.023250 299.059967
0.023375 305.994677
0.023500 312.722417
0.023625 318.602490
0.023750 322.781211
0.023875 325.207003
0.024000 325.984731
0.024125 325.021463
0.024250 322.615724
0.024375 318.743351
0.024500 313.535621
0.024625 307.637673
0.024750 301.596793
0.024875 295.234548
0.025000 287.960611
0.025125 279.615115
0.025250 269.514965
0.025375 256.496839
0.025500 239.837785
0.025625 219.260946
0.025750 194.738773
0.025875 167.883894
0.026000 142.317924
0.026125 121.585391
0.026250 115.131431
0.026375 128.744261
0.026500 152.576984
0.026625 178.123674
0.026750 203.750016
0.026875 227.828368
0.027000 247.904857
0.027125 263.614285
0.027250 275.440851
0.027375 284.666108
0.027500 292.595183
0.027625 299.743528
0.027750 306.257411
0.027875 312.412270
0.028000 317.682074
0.028125 321.298430
0.028250 323.223307
0.028375 323.589987
0.028500 322.456714
0.028625 319.851940
0.028750 315.861552
0.028875 310.706075
0.029000 304.871564
0.029125 298.817499
0.029250 292.334423
0.029375 284.970495
0.029500 276.444437
0.029625 266.166214
0.029750 252.988791
0.029875 236.114465
0.030000 215.340028
0.030125 191.228261
0.030250 166.279770
0.030375 142.234555
0.030500 123.019745
0.030625 117.522590
0.030750 130.262702
0.030875 152.660941
0.031000 176.728518
0.031125 200.039834
0.031250 222.376367
0.031375 242.111288
0.031500 257.831419
0.031625 269.930901
0.031750 279.560765
0.031875 287.844341
0.032000 295.146425
0.032125 301.602234
0.032250 307.591968
0.032375 312.665994
0.032500 316.096230
0.032625 317.912284
0.032750 318.223456
0.032875 317.109830
0.033000 314.576007
0.033125 310.776720
0.033250 305.961596
0.033375 300.525851
0.033500 294.719523
0.033625 288.428541
0.033750 281.248688
0.033875 272.787080
0.034000 262.443057
0.034125 249.231943
0.034250 232.358182
0.034375 211.820905
0.034500 189.009688
0.034625 166.147276
0.034750 144.008668
0.034875 126.756172
0.035000 122.587613
0.035125 134.756417
0.035250 155.717570
0.035375 178.645149
0.035500 200.518731
0.035625 221.050446
0.035750 239.880172
0.035875 255.971184
0.036000 268.715983
0.036125 278.953970
0.036250 287.884561
0.036375 295.575679
0.036500 302.261514
0.036625 308.279180
0.036750 313.321141
0.036875 316.843464
0.037000 318.672788
0.037125 319.014241
0.037250 318.051098
0.037375 315.819963
0.037500 312.360485
0.037625 308.006993
0.037750 302.932551
0.037875 297.338272
0.038000 291.094131
0.038125 283.807802
0.038250 275.113331
0.038375 264.393554
0.038500 250.930650
0.038625 233.844247
0.038750 213.791751
0.038875 192.613067
0.039000 170.987604
0.039125 150.675242
0.039250 135.307733
0.039375 132.133702
0.039500 143.043675
0.039625 162.011865
0.039750 183.346120
0.039875 203.836899
0.040000 222.469623
0.040125 239.694241
0.040250 255.241563
0.040375 268.096763
0.040500 278.620085
0.040625 287.722841
0.040750 295.433569
0.040875 302.006402
0.041000 307.766723
0.041125 312.490088
0.041250 315.638158
0.041375 317.204343
0.041500 317.236126
0.041625 316.063154
0.041750 313.787475
0.041875 310.538162
0.042000 306.355825
0.042125 301.354663
0.042250 295.608654
0.042375 289.098562
0.042500 281.398532
0.042625 272.158199
0.042750 260.948897
0.042875 246.932322
0.043000 229.548031
0.043125 210.315298
0.043250 190.287751
0.043375 169.580578
0.043500 150.459944
0.043625 136.185484
0.043750 133.466922
0.043875 143.481764
0.044000 160.791394
0.044125 180.722017
0.044250 199.908876
0.044375 217.048925
0.044500 232.691034
0.044625 247.134715
0.044750 259.820035
0.044875 270.519878
0.045000 279.730893
0.045125 287.356760
0.045250 293.799417
0.045375 299.373356
0.045500 303.772653
0.045625 306.585696
0.045750 307.858660
0.045875 307.802078
0.046000 306.594333
0.046125 304.495828
0.046250 301.481043
0.046375 297.398050
0.046500 292.352777
0.046625 286.378800
0.046750 279.536012
0.046875 271.425314
0.047000 261.736571
0.047125 250.052887
0.047250 235.742756
0.047375 218.714198
0.047500 200.624401
0.047625 181.322140
0.047750 161.490727
0.047875 143.128891
0.048000 129.551245
0.048125 127.404898
0.048250 137.033157
0.048375 153.285297
0.048500 172.239538
0.048625 190.553348
0.048750 206.795762
0.048875 221.300592
0.049000 234.845399
0.049125 247.007007
0.049250 258.061042
0.049375 267.564707
0.049500 275.378624
0.049625 282.022472
0.049750 287.762882
0.049875 292.205939
0.050000 295.107743
0.050125 296.571788
0.050250 296.795475
0.050375 295.998615
0.050500 294.335762
0.050625 291.758351
0.050750 288.049468
0.050875 283.263987
0.051000 277.389693
0.051125 270.519154
0.051250 262.340023
0.051375 252.562130
0.051500 240.846142
0.051625 226.829391
0.051750 210.992137
0.051875 194.275474
0.052000 176.093375
0.052125 157.501960
0.052250 140.429113
0.052375 128.303499
0.052500 126.945168
0.052625 136.370514
0.052750 151.900347
0.052875 170.047483
0.053000 187.823448
0.053125 203.765388
0.053250 217.736461
0.053375 230.549192
0.053500 242.045890
0.053625 253.311280
0.053750 263.247085
0.053875 271.455706
0.054000 278.414810
0.054125 284.358991
0.054250 289.032487
0.054375 292.136410
0.054500 293.883775
0.054625 294.382536
0.054750 293.954335
0.054875 292.615614
0.055000 290.201215
0.055125 286.616728
0.055250 281.867791
0.055375 275.949917
0.055500 268.933157
0.055625 260.479851
0.055750 250.408474
0.055875 238.478677
0.056000 224.968441
0.056125 210.213131
0.056250 194.276085
0.056375 177.055167
0.056500 159.267865
0.056625 143.189883
0.056750 132.166151
0.056875 131.058968
0.057000 139.724669
0.057125 154.090769
0.057250 171.008403
0.057375 187.919827
0.057500 203.373040
0.057625 216.711138
0.057750 228.591451
0.057875 239.354870
0.058000 249.837887
0.058125 259.751664
0.058250 268.026344
0.058375 275.083600
0.058500 280.967169
0.058625 285.628957
0.058750 288.843797
0.058875 290.806076
0.059000 291.524609
0.059125 291.214904
0.059250 289.969789
0.059375 287.502368
0.059500 283.900019
0.059625 279.045319
0.059750 272.975292
0.059875 265.643195
0.060000 256.883815
0.060125 246.634666
0.060250 234.759192
0.060375 222.021254
0.060500 208.047801
0.060625 192.639991
0.060750 176.094069
0.060875 158.732490
0.061000 143.222059
0.061125 132.722042
0.061250 131.657689
0.061375 140.004994
0.061500 153.755106
0.061625 169.981260
0.061750 186.442381
0.061875 201.522839
0.062000 214.424363
0.062125 225.754376
0.062250 235.881444
0.062375 245.629808
