0.000000 0.000000
0.000125 40.009063
0.000250 72.613167
0.000375 104.067840
0.000500 133.048333
0.000625 159.377358
0.000750 182.542066
0.000875 202.345926
0.001000 218.489198
0.001125 231.891335
0.001250 243.214205
0.001375 251.440132
0.001500 257.051771
0.001625 260.594409
0.001750 262.876182
0.001875 264.186732
0.002000 264.808753
0.002125 264.971419
0.002250 265.040133
0.002375 265.188038
0.002500 265.278531
0.002625 264.931764
0.002750 263.867046
0.002875 261.832129
0.003000 258.662317
0.003125 253.512590
0.003250 245.766842
0.003375 234.941790
0.003500 222.012821
0.003625 206.743371
0.003750 187.710241
0.003875 165.381819
0.004000 139.823531
0.004125 111.676289
0.004250 81.474942
0.004375 51.338413
0.004500 30.613670
0.004625 45.135095
0.004750 75.285921
0.004875 106.251992
0.005000 135.380402
0.005125 161.778827
0.005250 185.137298
0.005375 205.191642
0.005500 221.426420
0.005625 234.742447
0.005750 246.290027
0.005875 254.796458
0.006000 260.596822
0.006125 264.286892
0.006250 266.628308
0.006375 268.100847
0.006500 268.876650
0.006625 269.075933
0.006750 269.077823
0.006875 269.085817
0.007000 268.979893
0.007125 268.476921
0.007250 267.219763
0.007375 265.165454
0.007500 261.854629
0.007625 256.816387
0.007750 249.280620
0.007875 238.742502
0.008000 226.047709
0.008125 211.201691
0.008250 192.738498
0.008375 170.957955
0.008500 146.046654
0.008625 118.707331
0.008750 89.542290
0.008875 60.780448
0.009000 40.686943
0.009125 48.550276
0.009250 74.986290
0.009375 105.081317
0.009500 133.994401
0.009625 160.451332
0.009750 183.883351
0.009875 204.157211
0.010000 220.558869
0.010125 233.897493
0.010250 245.488834
0.010375 254.139802
0.010500 260.020051
0.010625 263.822324
0.010750 266.275889
0.010875 267.713064
0.011000 268.369621
0.011125 268.440946
0.011250 268.248577
0.011375 267.990134
0.011500 267.709827
0.011625 267.082757
0.011750 265.805205
0.011875 263.654710
0.012000 260.297600
0.012125 255.248940
0.012250 247.850398
0.012375 237.610204
0.012500 224.886243
0.012625 209.906161
0.012750 191.787093
0.012875 170.474222
0.013000 146.112292
0.013125 119.195674
0.013250 90.055941
0.013375 60.512245
0.013500 37.937484
0.013625 41.895812
0.013750 67.288011
0.013875 96.771390
0.014000 126.086852
0.014125 152.926568
0.014250 176.791185
0.014375 197.505305
0.014500 214.567405
0.014625 228.535658
0.014750 240.344274
0.014875 249.307238
0.015000 255.504948
0.015125 259.508143
0.015250 262.133769
0.015375 263.575087
0.015500 264.133544
0.015625 264.162476
0.015750 263.949385
0.015875 263.749366
0.016000 263.460861
0.016125 262.892719
0.016250 261.783771
0.016375 259.765470
0.016500 256.557878
0.016625 251.713636
0.016750 244.710146
0.016875 235.085952
0.017000 222.964326
0.017125 208.418036
0.017250 191.040314
0.017375 170.564799
0.017500 147.059516
0.017625 120.758770
0.017750 92.248529
0.017875 63.307477
0.018000 40.446006
0.018125 40.561438
0.018250 64.573361
0.018375 92.715113
0.018500 121.589498
0.018625 148.876789
0.018750 173.251044
0.018875 194.569457
0.019000 212.275409
0.019125 226.926731
0.019250 239.218542
0.019375 248.781200
0.019500 255.483875
0.019625 259.993721
0.019750 262.983770
0.019875 264.848271
0.020000 265.763674
0.020125 266.051302
0.020250 266.001385
0.020375 265.917017
0.020500 265.768639
0.020625 265.336889
0.020750 264.308726
0.020875 262.461576
0.021000 259.522826
0.021125 255.069786
0.021250 248.576681
0.021375 239.621426
0.021500 228.356782
0.021625 214.723395
0.021750 198.168942
0.021875 178.464617
0.022000 155.811350
0.022125 130.375115
0.022250 103.077445
0.022375 76.242897
0.022500 56.237821
0.022625 53.715744
0.022750 71.410871
0.022875 97.100439
0.023000 123.620781
0.023125 150.007439
0.023250 174.301037
0.023375 195.659405
0.023500 213.543791
0.023625 228.244317
0.023750 240.482175
0.023875 250.290467
0.024000 257.309004
0.024125 262.012731
0.024250 265.112087
0.024375 267.086279
0.024500 268.113732
0.024625 268.445559
0.024750 268.316118
0.024875 268.105375
0.025000 267.778499
0.025125 267.162230
0.025250 266.052368
0.025375 264.190455
0.025500 261.413252
0.025625 257.201257
0.025750 250.992604
0.025875 242.320737
0.026000 231.506483
0.026125 218.161612
0.026250 202.087049
0.026375 182.783459
0.026500 160.437553
0.026625 135.458923
0.026750 108.768927
0.026875 82.685908
0.027000 62.824976
0.027125 57.785093
0.027250 71.555705
0.027375 95.729066
0.027500 121.197720
0.027625 146.128040
0.027750 170.037178
0.027875 191.518566
0.028000 209.670281
0.028125 224.779273
0.028250 237.162000
0.028375 247.146557
0.028500 254.432397
0.028625 259.352003
0.028750 262.473788
0.028875 264.418736
0.029000 265.450915
0.029125 265.675347
0.029250 265.413238
0.029375 265.034137
0.029500 264.589819
0.029625 264.062263
0.029750 263.110813
0.029875 261.425660
0.030000 258.854972
0.030125 254.870975
0.030250 248.959057
0.030375 240.611705
0.030500 229.971107
0.030625 216.720991
0.030750 200.727022
0.030875 181.600333
0.031000 159.360578
0.031125 134.495095
0.031250 108.102376
0.031375 81.681991
0.031500 60.688068
0.031625 53.364669
0.031750 64.476943
0.031875 88.741635
0.032000 114.304140
0.032125 138.667207
0.032250 161.633553
0.032375 183.413894
0.032500 202.281489
0.032625 218.104716
0.032750 231.056745
0.032875 241.449456
0.033000 249.174316
0.033125 254.539345
0.033250 258.034323
0.033375 260.121372
0.033500 261.294271
0.033625 261.800042
0.033750 261.821401
0.033875 261.721494
0.034000 261.645402
0.034125 261.488403
0.034250 260.977476
0.034375 259.793069
0.034500 257.594486
0.034625 254.005950
0.034750 248.517444
0.034875 240.766704
0.035000 230.657815
0.035125 217.930635
0.035250 202.422426
0.035375 183.928919
0.035500 162.361064
0.035625 138.431648
0.035750 112.986547
0.035875 87.851294
0.036000 68.043047
0.036125 60.235967
0.036250 67.979992
0.036375 89.792854
0.036500 114.950997
0.036625 139.181982
0.036750 161.446930
0.036875 182.325559
0.037000 201.379137
0.037125 217.578724
0.037250 230.923219
0.037375 241.732686
0.037500 249.962477
0.037625 255.836352
0.037750 259.786963
0.037875 262.337596
0.038000 263.804304
0.038125 264.645872
0.038250 265.151203
0.038375 265.326878
0.038500 265.459632
0.038625 265.457488
0.038750 265.004587
0.038875 263.878643
0.039000 261.809944
0.039125 258.338091
0.039250 253.016289
0.039375 245.559410
0.039500 235.830225
0.039625 223.503198
0.039750 208.473109
0.039875 190.720675
0.040000 169.797001
0.040125 146.777206
0.040250 122.337281
0.040375 98.767717
0.040500 80.293077
0.040625 72.033049
0.040750 76.594248
0.040875 94.413433
0.041000 117.817128
0.041125 141.246431
0.041250 163.076745
0.041375 182.812433
0.041500 200.915788
0.041625 217.001344
0.041750 230.400937
0.041875 241.220988
0.042000 249.706053
0.042125 255.864174
0.042250 260.093404
0.042375 262.902768
0.042500 264.595159
0.042625 265.657795
0.042750 266.260230
0.042875 266.578229
0.043000 266.646131
0.043125 266.512173
0.043250 266.014678
0.043375 264.894843
0.043500 262.766957
0.043625 259.320749
0.043750 253.964636
0.043875 246.632531
0.044000 237.033487
0.044125 224.809601
0.044250 209.837751
0.044375 192.162276
0.044500 171.741471
0.044625 149.082290
0.044750 124.929700
0.044875 101.614255
0.045000 82.960731
0.045125 73.546808
0.045250 75.646169
0.045375 90.914846
0.045500 113.650885
0.045625 136.946506
0.045750 158.619923
0.045875 178.083608
0.046000 195.279457
0.046125 211.060690
0.046250 224.781291
0.046375 235.906222
0.046500 244.752674
0.046625 251.310186
0.046750 255.879835
0.046875 258.984129
0.047000 260.952711
0.047125 262.138273
0.047250 262.790068
0.047375 263.165058
0.047500 263.315318
0.047625 263.237097
0.047750 262.826205
0.047875 261.790137
0.048000 259.748660
0.048125 256.365253
0.048250 251.183211
0.048375 243.974075
0.048500 234.457630
0.048625 222.382973
0.048750 207.457280
0.048875 189.806950
0.049000 169.753488
0.049125 147.457474
0.049250 123.647392
0.049375 100.232717
0.049500 81.290178
0.049625 71.247562
0.049750 71.300337
0.049875 84.647281
0.050000 107.336940
0.050125 130.943142
0.050250 152.970769
0.050375 172.764685
0.050500 189.943347
0.050625 205.265441
0.050750 219.243504
0.050875 230.993823
0.051000 240.528225
0.051125 247.782905
0.051250 253.048394
0.051375 256.721634
0.051500 259.207218
0.051625 260.819090
0.051750 261.831092
0.051875 262.540294
0.052000 263.050329
0.052125 263.261613
0.052250 263.047637
0.052375 262.216798
0.052500 260.476877
0.052625 257.369321
0.052750 252.491138
0.052875 245.633403
0.053000 236.584125
0.053125 225.077727
0.053250 210.697610
0.053375 193.759838
0.053500 174.649715
0.053625 153.329059
0.053750 130.770090
0.053875 108.725779
0.054000 90.931554
0.054125 81.019424
0.054250 80.214805
0.054375 90.606116
0.054500 110.676952
0.054625 133.490171
0.054750 155.281840
0.054875 175.077427
0.055000 192.399066
0.055125 207.346324
0.055250 220.417281
0.055375 232.105485
0.055500 241.943015
0.055625 249.644487
0.055750 255.365677
0.055875 259.412169
0.056000 262.214550
0.056125 264.102943
0.056250 265.398670
0.056375 266.185998
0.056500 266.687687
0.056625 266.850279
0.056750 266.608475
0.056875 265.692361
0.057000 263.831857
0.057125 260.733332
0.057250 255.901685
0.057375 249.153694
0.057500 240.335782
0.057625 229.055682
0.057750 215.110111
0.057875 198.726854
0.058000 180.212793
0.058125 159.588356
0.058250 137.849955
0.058375 116.689392
0.058500 99.513266
0.058625 89.217189
0.058750 87.088761
0.058875 94.854263
0.059000 112.272715
0.059125 133.907581
0.059250 155.337333
0.059375 174.992488
0.059500 192.312836
0.059625 207.243162
0.059750 219.885219
0.059875 230.748244
0.060000 240.469076
0.060125 248.412961
0.060250 254.379987
0.060375 258.682996
0.060500 261.620694
0.060625 263.635968
0.060750 264.969921
0.060875 265.750105
0.061000 266.142096
0.061125 266.230644
0.061250 265.891469
0.061375 264.953073
0.061500 262.979945
0.061625 259.795184
0.061750 254.972940
0.061875 248.216971
0.062000 239.444377
0.062125 228.197878
0.062250 214.276254
0.062375 198.068181
