0.000000 0.000000
0.000125 13.725012
0.000250 19.058325
0.000375 24.107757
0.000500 28.650202
0.000625 32.750016
0.000750 36.191471
0.000875 38.792555
0.001000 40.793518
0.001125 42.400459
0.001250 43.614730
0.001375 44.504737
0.001500 45.066802
0.001625 45.417807
0.001750 45.628438
0.001875 45.732116
0.002000 45.937975
0.002125 46.131492
0.002250 46.371468
0.002375 46.546800
0.002500 46.761890
0.002625 47.045138
0.002750 47.290433
0.002875 47.385621
0.003000 47.251889
0.003125 46.869549
0.003250 46.153306
0.003375 45.108618
0.003500 43.595969
0.003625 41.536364
0.003750 38.730359
0.003875 35.197580
0.004000 31.222521
0.004125 26.963992
0.004250 22.654927
0.004375 20.086225
0.004500 21.840086
0.004625 26.295307
0.004750 31.026044
0.004875 35.528160
0.005000 39.652466
0.005125 43.226751
0.005250 45.909826
0.005375 47.969511
0.005500 49.572766
0.005625 50.754673
0.005750 51.588873
0.005875 52.115687
0.006000 52.443009
0.006125 52.597068
0.006250 52.677718
0.006375 52.741661
0.006500 52.807954
0.006625 52.872955
0.006750 52.970172
0.006875 53.101802
0.007000 53.218106
0.007125 53.324708
0.007250 53.293125
0.007375 53.101744
0.007500 52.611726
0.007625 51.857261
0.007750 50.738688
0.007875 49.161638
0.008000 47.065214
0.008125 44.246519
0.008250 40.684697
0.008375 36.693482
0.008500 32.421988
0.008625 28.239412
0.008750 25.475352
0.008875 25.974472
0.009000 29.195685
0.009125 33.336703
0.009250 37.492767
0.009375 41.362152
0.009500 44.746327
0.009625 47.323082
0.009750 49.222561
0.009875 50.619457
0.010000 51.603566
0.010125 52.255121
0.010250 52.591161
0.010375 52.692027
0.010500 52.632130
0.010625 52.478279
0.010750 52.270107
0.010875 52.115256
0.011000 51.925812
0.011125 51.751535
0.011250 51.629955
0.011375 51.503008
0.011500 51.360446
0.011625 51.122386
0.011750 50.674500
0.011875 49.988256
0.012000 49.029480
0.012125 47.674149
0.012250 45.903997
0.012375 43.633694
0.012500 40.687275
0.012625 37.011820
0.012750 32.792471
0.012875 28.187182
0.013000 23.517963
0.013125 19.780969
0.013250 19.280250
0.013375 22.257779
0.013500 26.466822
0.013625 30.599415
0.013750 34.440716
0.013875 37.784784
0.014000 40.427347
0.014125 42.393972
0.014250 43.813986
0.014375 44.819247
0.014500 45.448489
0.014625 45.778749
0.014750 45.908810
0.014875 45.772462
0.015000 45.583905
0.015125 45.358454
0.015250 45.093104
0.015375 44.945745
0.015500 44.797841
0.015625 44.599812
0.015750 44.509386
0.015875 44.388802
0.016000 44.257822
0.016125 43.870999
0.016250 43.260153
0.016375 42.382865
0.016500 41.164769
0.016625 39.540797
0.016750 37.524367
0.016875 34.974439
0.017000 31.746048
0.017125 27.917447
0.017250 23.733788
0.017375 19.330346
0.017500 15.549039
0.017625 14.504958
0.017750 17.617786
0.017875 22.248457
0.018000 26.884574
0.018125 31.266876
0.018250 35.075373
0.018375 38.315260
0.018500 40.807031
0.018625 42.796320
0.018750 44.286538
0.018875 45.454028
0.019000 46.206956
0.019125 46.778687
0.019250 47.152144
0.019375 47.372686
0.019500 47.542261
0.019625 47.725102
0.019750 47.883246
0.019875 48.079861
0.020000 48.295776
0.020125 48.531496
0.020250 48.818324
0.020375 48.962236
0.020500 48.980665
0.020625 48.770256
0.020750 48.326524
0.020875 47.515168
0.021000 46.315858
0.021125 44.625061
0.021250 42.382487
0.021375 39.484039
0.021500 36.031444
0.021625 32.280171
0.021750 28.435627
0.021875 25.401207
0.022000 24.400181
0.022125 26.164875
0.022250 29.792373
0.022375 33.952874
0.022500 38.052634
0.022625 41.847464
0.022750 44.984609
0.022875 47.500547
0.023000 49.379260
0.023125 50.779214
0.023250 51.808360
0.023375 52.479748
0.023500 52.955484
0.023625 53.226079
0.023750 53.329376
0.023875 53.378564
0.024000 53.384668
0.024125 53.353924
0.024250 53.385168
0.024375 53.418701
0.024500 53.473099
0.024625 53.514608
0.024750 53.505207
0.024875 53.343990
0.025000 53.022387
0.025125 52.396898
0.025250 51.431818
0.025375 50.143535
0.025500 48.369746
0.025625 46.042953
0.025750 43.067166
0.025875 39.572771
0.026000 35.794408
0.026125 31.958667
0.026250 28.771396
0.026375 27.176178
0.026500 27.930111
0.026625 30.666465
0.026750 34.225722
0.026875 37.965709
0.027000 41.476904
0.027125 44.503428
0.027250 46.820724
0.027375 48.557472
0.027500 49.805208
0.027625 50.649335
0.027750 51.169711
0.027875 51.435178
0.028000 51.537919
0.028125 51.434258
0.028250 51.213741
0.028375 51.012632
0.028500 50.790342
0.028625 50.556045
0.028750 50.332310
0.028875 50.154833
0.029000 49.963550
0.029125 49.719365
0.029250 49.368300
0.029375 48.788122
0.029500 48.001485
0.029625 46.871315
0.029750 45.382751
0.029875 43.408942
0.030000 40.953202
0.030125 37.914306
0.030250 34.314579
0.030375 30.308015
0.030500 26.166486
0.030625 22.464632
0.030750 20.080137
0.030875 20.139021
0.031000 22.620750
0.031125 26.203999
0.031250 29.972867
0.031375 33.468946
0.031500 36.544451
0.031625 39.048555
0.031750 40.869953
0.031875 42.259505
0.032000 43.234639
0.032125 43.928360
0.032250 44.359827
0.032375 44.519075
0.032500 44.500340
0.032625 44.403806
0.032750 44.243543
0.032875 44.115461
0.033000 43.961546
0.033125 43.902713
0.033250 43.792395
0.033375 43.786023
0.033500 43.859772
0.033625 43.793960
0.033750 43.549673
0.033875 43.079910
0.034000 42.287469
0.034125 41.225789
0.034250 39.656327
0.034375 37.611406
0.034500 35.087356
0.034625 32.052837
0.034750 28.569858
0.034875 24.894525
0.035000 21.714503
0.035125 19.511199
0.035250 19.489903
0.035375 21.918000
0.035500 25.650908
0.035625 29.707460
0.035750 33.660619
0.035875 37.149705
0.036000 40.119841
0.036125 42.543773
0.036250 44.420964
0.036375 45.866720
0.036500 46.961520
0.036625 47.754133
0.036750 48.374824
0.036875 48.761342
0.037000 49.029038
0.037125 49.248750
0.037250 49.437931
0.037375 49.604337
0.037500 49.804949
0.037625 50.001108
0.037750 50.196932
0.037875 50.369627
0.038000 50.430371
0.038125 50.328732
0.038250 49.982809
0.038375 49.392114
0.038500 48.437495
0.038625 47.085163
0.038750 45.250542
0.038875 42.984987
0.039000 40.180244
0.039125 36.948159
0.039250 33.660361
0.039375 30.773248
0.039500 28.787087
0.039625 28.378648
0.039750 29.866133
0.039875 32.739782
0.040000 36.175601
0.040125 39.728111
0.040250 42.993500
0.040375 45.851550
0.040500 48.129658
0.040625 49.906267
0.040750 51.192948
0.040875 52.155524
0.041000 52.798204
0.041125 53.226175
0.041250 53.478949
0.041375 53.566031
0.041500 53.598188
0.041625 53.609673
0.041750 53.556604
0.041875 53.536088
0.042000 53.513405
0.042125 53.512517
0.042250 53.421005
0.042375 53.242721
0.042500 52.913418
0.042625 52.382845
0.042750 51.601552
0.042875 50.498469
0.043000 48.954250
0.043125 47.008089
0.043250 44.617358
0.043375 41.694455
0.043500 38.361294
0.043625 34.970956
0.043750 31.855381
0.043875 29.460565
0.044000 28.422957
0.044125 29.147170
0.044250 31.333333
0.044375 34.308399
0.044500 37.492968
0.044625 40.571736
0.044750 43.218041
0.044875 45.375786
0.045000 47.010964
0.045125 48.214899
0.045250 49.020013
0.045375 49.515168
0.045500 49.808875
0.045625 49.886105
0.045750 49.833169
0.045875 49.665238
0.046000 49.459000
0.046125 49.248358
0.046250 49.024956
0.046375 48.798624
0.046500 48.544014
0.046625 48.294970
0.046750 47.919444
0.046875 47.409630
0.047000 46.711549
0.047125 45.783495
0.047250 44.474474
0.047375 42.822238
0.047500 40.801601
0.047625 38.344527
0.047750 35.354074
0.047875 31.888827
0.048000 28.303167
0.048125 24.984620
0.048250 22.141811
0.048375 20.521879
0.048500 20.822168
0.048625 22.869492
0.048750 25.896785
0.048875 29.295377
0.049000 32.487506
0.049125 35.268240
0.049250 37.644700
0.049375 39.518616
0.049500 40.972514
0.049625 42.076053
0.049750 42.855079
0.049875 43.357895
0.050000 43.677720
0.050125 43.962325
0.050250 44.133631
0.050375 44.214823
0.050500 44.357186
0.050625 44.472026
0.050750 44.568105
0.050875 44.641085
0.051000 44.749439
0.051125 44.724631
0.051250 44.567289
0.051375 44.252891
0.051500 43.727219
0.051625 42.899315
0.051750 41.730403
0.051875 40.204389
0.052000 38.264938
0.052125 35.863229
0.052250 32.935643
0.052375 29.955279
0.052500 27.214453
0.052625 24.891624
0.052750 23.586999
0.052875 23.976112
0.053000 25.934011
0.053125 28.977272
0.053250 32.409326
0.053375 35.901114
0.053500 39.071643
0.053625 41.806170
0.053750 44.081067
0.053875 45.903089
0.054000 47.345708
0.054125 48.453158
0.054250 49.287287
0.054375 49.889927
0.054500 50.340528
0.054625 50.646916
0.054750 50.866157
0.054875 51.063781
0.055000 51.247357
0.055125 51.403853
0.055250 51.533734
0.055375 51.636482
0.055500 51.662264
0.055625 51.568422
0.055750 51.287091
0.055875 50.775860
0.056000 50.007368
0.056125 48.926181
0.056250 47.464345
0.056375 45.602392
0.056500 43.216054
0.056625 40.505028
0.056750 37.691228
0.056875 35.061472
0.057000 32.757388
0.057125 31.343318
0.057250 31.243300
0.057375 32.526328
0.057500 34.854965
0.057625 37.710255
0.057750 40.722479
0.057875 43.608427
0.058000 46.134076
0.058125 48.222058
0.058250 49.865428
0.058375 51.117626
0.058500 52.033417
0.058625 52.706654
0.058750 53.158039
0.058875 53.379523
0.059000 53.473157
0.059125 53.510847
0.059250 53.503370
0.059375 53.431135
0.059500 53.351983
0.059625 53.239862
0.059750 53.084057
0.059875 52.852734
0.060000 52.505730
0.060125 51.994232
0.060250 51.274613
0.060375 50.315776
0.060500 49.029384
0.060625 47.395696
0.060750 45.300805
0.060875 42.802318
0.061000 39.904042
0.061125 36.899724
0.061250 34.003850
0.061375 31.424822
0.061500 29.501994
0.061625 28.812048
0.061750 29.536003
0.061875 31.377567
0.062000 33.882773
0.062125 36.584273
0.062250 39.291875
0.062375 41.685738
