0.000000 0.000000
0.000125 23.603094
0.000250 39.387063
0.000375 54.708081
0.000500 69.134118
0.000625 82.519591
0.000750 94.797752
0.000875 105.755756
0.001000 115.083461
0.001125 122.886827
0.001250 129.985257
0.001375 136.272914
0.001500 141.232176
0.001625 145.335734
0.001750 148.623770
0.001875 151.343171
0.002000 153.368296
0.002125 154.721494
0.002250 155.254116
0.002375 154.816303
0.002500 153.554649
0.002625 151.625193
0.002750 149.111209
0.002875 145.851456
0.003000 141.832204
0.003125 136.778892
0.003250 130.440942
0.003375 123.486365
0.003500 115.596358
0.003625 105.975967
0.003750 94.857430
0.003875 82.530993
0.004000 69.124514
0.004125 54.798361
0.004250 39.956850
0.004375 25.747587
0.004500 22.312888
0.004625 35.313168
0.004750 50.565293
0.004875 65.499467
0.005000 79.564792
0.005125 92.572293
0.005250 104.451022
0.005375 114.926117
0.005500 123.684947
0.005625 131.106571
0.005750 138.013569
0.005875 143.799832
0.006000 148.356469
0.006125 152.117498
0.006250 155.078948
0.006375 157.409533
0.006500 159.139007
0.006625 160.167204
0.006750 160.226110
0.006875 159.360743
0.007000 157.725651
0.007125 155.501149
0.007250 152.595967
0.007375 148.917829
0.007500 144.423277
0.007625 138.738377
0.007750 131.981443
0.007875 124.641405
0.008000 116.039324
0.008125 105.757047
0.008250 94.131874
0.008375 81.403149
0.008500 67.687200
0.008625 53.256526
0.008750 38.776180
0.008875 26.967616
0.009000 29.923742
0.009125 43.016701
0.009250 57.688985
0.009375 72.023784
0.009500 85.548773
0.009625 98.000213
0.009750 109.235333
0.009875 119.046967
0.010000 127.029436
0.010125 134.142385
0.010250 140.548475
0.010375 145.689452
0.010500 149.795720
0.010625 153.111209
0.010750 155.681704
0.010875 157.625385
0.011000 158.939941
0.011125 159.462504
0.011250 159.055099
0.011375 157.742222
0.011500 155.721118
0.011625 153.067059
0.011750 149.692913
0.011875 145.582767
0.012000 140.554739
0.012125 134.296585
0.012250 127.188188
0.012375 119.305146
0.012500 110.000440
0.012625 99.138565
0.012750 87.017033
0.012875 73.830065
0.013000 59.713351
0.013125 44.968607
0.013250 30.283365
0.013375 21.633506
0.013500 29.979209
0.013625 43.661474
0.013750 58.079950
0.013875 72.108255
0.014000 85.171914
0.014125 97.156601
0.014250 107.854767
0.014375 116.913600
0.014500 124.454004
0.014625 131.270715
0.014750 137.198563
0.014875 141.814238
0.015000 145.555836
0.015125 148.584855
0.015250 150.918204
0.015375 152.615553
0.015500 153.639271
0.015625 153.810366
0.015750 153.090596
0.015875 151.627709
0.016000 149.330276
0.016125 146.525955
0.016250 142.943667
0.016375 138.623682
0.016500 133.277929
0.016625 126.824874
0.016750 119.705225
0.016875 111.592862
0.017000 101.990160
0.017125 90.997235
0.017250 78.888918
0.017375 65.766460
0.017500 51.736609
0.017625 37.131433
0.017750 23.454819
0.017875 20.911395
0.018000 32.822889
0.018125 46.883001
0.018250 61.169361
0.018375 75.091902
0.018500 88.159586
0.018625 100.024434
0.018750 110.520412
0.018875 119.373144
0.019000 126.989831
0.019125 133.931471
0.019250 139.733961
0.019375 144.396078
0.019500 148.246374
0.019625 151.353035
0.019750 153.753193
0.019875 155.568579
0.020000 156.570396
0.020125 156.729764
0.020250 156.018077
0.020375 154.520887
0.020500 152.380648
0.020625 149.532680
0.020750 145.957194
0.020875 141.503501
0.021000 135.989716
0.021125 129.541494
0.021250 122.297033
0.021375 113.894567
0.021500 103.966280
0.021625 92.761042
0.021750 80.476728
0.021875 67.249714
0.022000 53.317625
0.022125 39.491041
0.022250 30.042511
0.022375 32.827929
0.022500 44.706136
0.022625 58.083705
0.022750 71.567649
0.022875 84.804758
0.023000 97.254822
0.023125 108.578623
0.023250 118.428915
0.023375 126.642896
0.023500 133.950404
0.023625 140.486941
0.023750 145.802779
0.023875 150.057609
0.024000 153.491926
0.024125 156.204925
0.024250 158.269732
0.024375 159.681217
0.024500 160.272380
0.024625 159.970873
0.024750 158.781391
0.024875 156.943882
0.025000 154.440171
0.025125 151.226478
0.025250 147.203401
0.025375 142.296653
0.025500 136.328088
0.025625 129.471190
0.025750 121.776238
0.025875 112.746940
0.026000 102.299477
0.026125 90.630193
0.026250 77.924994
0.026375 64.377942
0.026500 50.329392
0.026625 37.665987
0.026750 32.126107
0.026875 38.249462
0.027000 50.453934
0.027125 63.443108
0.027250 76.300722
0.027375 88.813375
0.027500 100.525425
0.027625 111.184189
0.027750 120.310361
0.027875 128.001585
0.028000 134.888534
0.028125 140.869447
0.028250 145.642783
0.028375 149.469459
0.028500 152.489494
0.028625 154.820775
0.028750 156.504907
0.028875 157.461443
0.029000 157.569214
0.029125 156.815582
0.029250 155.269125
0.029375 153.059868
0.029500 150.183192
0.029625 146.600569
0.029750 142.165882
0.029875 136.816512
0.030000 130.430666
0.030125 123.204331
0.030250 114.963570
0.030375 105.339487
0.030500 94.433934
0.030625 82.270761
0.030750 69.163961
0.030875 55.129356
0.031000 40.957728
0.031125 29.663420
0.031250 27.914724
0.031375 37.187883
0.031500 50.173362
0.031625 63.035730
0.031750 75.505349
0.031875 87.417482
0.032000 98.608025
0.032125 108.666671
0.032250 117.304322
0.032375 124.749556
0.032500 131.360579
0.032625 136.989163
0.032750 141.455858
0.032875 145.118494
0.033000 147.983977
0.033125 150.242658
0.033250 151.733296
0.033375 152.558841
0.033500 152.605448
0.033625 151.770333
0.033750 150.230879
0.033875 148.015169
0.034000 145.206425
0.034125 141.654947
0.034250 137.243957
0.034375 131.865563
0.034500 125.530969
0.034625 118.313535
0.034750 109.930998
0.034875 100.239982
0.035000 89.249616
0.035125 77.159274
0.035250 64.038047
0.035375 50.253314
0.035500 37.358950
0.035625 29.750003
0.035750 32.229754
0.035875 43.351573
0.036000 56.537055
0.036125 69.491847
0.036250 81.755427
0.036375 93.401503
0.036500 104.337165
0.036625 114.043782
0.036750 122.523534
0.036875 129.950929
0.037000 136.564762
0.037125 142.046025
0.037250 146.490606
0.037375 150.131758
0.037500 152.988679
0.037625 155.182700
0.037750 156.677614
0.037875 157.403705
0.038000 157.245876
0.038125 156.293533
0.038250 154.650345
0.038375 152.354747
0.038500 149.381048
0.038625 145.604413
0.038750 140.918665
0.038875 135.287825
0.039000 128.640545
0.039125 121.052470
0.039250 112.260630
0.039375 102.096039
0.039500 90.709903
0.039625 78.271686
0.039750 65.015682
0.039875 51.910771
0.040000 41.256833
0.040125 37.412538
0.040250 42.445458
0.040375 53.705682
0.040500 66.335903
0.040625 78.680242
0.040750 90.368903
0.040875 101.293287
0.041000 111.373624
0.041125 120.397715
0.041250 128.270534
0.041375 135.251427
0.041500 141.310149
0.041625 146.366718
0.041750 150.387926
0.041875 153.623660
0.042000 156.109406
0.042125 157.941630
0.042250 159.013468
0.042375 159.316438
0.042500 158.767305
0.042625 157.420794
0.042750 155.420862
0.042875 152.757330
0.043000 149.370537
0.043125 145.142670
0.043250 140.025994
0.043375 133.877663
0.043500 126.798556
0.043625 118.654679
0.043750 109.258846
0.043875 98.517320
0.044000 86.609063
0.044125 73.715929
0.044250 60.333888
0.044375 47.876656
0.044500 39.329662
0.044625 38.197989
0.044750 45.393374
0.044875 57.126350
0.045000 69.537215
0.045125 81.454385
0.045250 92.539043
0.045375 102.814902
0.045500 112.092960
0.045625 120.430134
0.045750 127.751109
0.045875 134.230884
0.046000 139.800320
0.046125 144.376716
0.046250 147.977225
0.046375 150.865526
0.046500 153.028687
0.046625 154.480948
0.046750 155.197313
0.046875 155.070763
0.047000 154.154587
0.047125 152.494095
0.047250 150.154856
0.047375 147.162433
0.047500 143.464427
0.047625 138.870854
0.047750 133.352612
0.047875 126.820893
0.048000 119.310781
0.048125 110.673130
0.048250 100.737835
0.048375 89.524249
0.048500 77.194801
0.048625 63.924534
0.048750 50.645789
0.048875 38.999370
0.049000 32.931125
0.049125 34.602973
0.049250 44.070692
0.049375 56.553426
0.049500 69.000567
0.049625 80.713868
0.049750 91.517917
0.049875 101.387941
0.050000 110.142529
0.050125 118.217504
0.050250 125.350633
0.050375 131.650939
0.050500 137.090611
0.050625 141.567770
0.050750 145.241728
0.050875 148.171910
0.051000 150.378389
0.051125 151.941022
0.051250 152.660895
0.051375 152.603690
0.051500 151.782063
0.051625 150.230601
0.051750 148.014023
0.051875 145.100713
0.052000 141.402729
0.052125 136.857781
0.052250 131.325001
0.052375 124.830372
0.052500 117.254673
0.052625 108.505089
0.052750 98.492130
0.052875 87.187483
0.053000 74.878188
0.053125 62.049946
0.053250 49.963826
0.053375 40.891755
0.053500 37.900330
0.053625 42.348280
0.053750 52.885368
0.053875 65.407548
0.054000 77.733671
0.054125 89.219584
0.054250 99.783087
0.054375 109.303084
0.054500 117.763012
0.054625 125.358634
0.054750 132.184252
0.054875 138.264788
0.055000 143.412136
0.055125 147.700375
0.055250 151.184803
0.055375 153.922957
0.055500 155.962392
0.055625 157.267255
0.055750 157.770627
0.055875 157.457288
0.056000 156.369483
0.056125 154.566382
0.056250 152.070881
0.056375 148.829584
0.056500 144.800008
0.056625 139.841427
0.056750 133.912322
0.056875 126.933897
0.057000 118.881684
0.057125 109.616317
0.057250 99.077424
0.057375 87.396045
0.057500 74.893073
0.057625 62.567692
0.057750 51.696863
0.057875 45.037099
0.058000 44.362226
0.058125 50.475980
0.058250 61.269572
0.058375 73.316974
0.058500 85.044093
0.058625 95.971530
0.058750 105.922135
0.058875 114.793687
0.059000 122.596166
0.059125 129.578316
0.059250 135.810907
0.059375 141.344053
0.059500 146.048843
0.059625 149.877980
0.059750 152.966011
0.059875 155.341192
0.060000 156.971147
0.060125 157.870351
0.060250 157.929204
0.060375 157.233683
0.060500 155.727476
0.060625 153.551480
0.060750 150.657111
0.060875 147.027113
0.061000 142.493600
0.061125 137.061272
0.061250 130.617054
0.061375 123.130486
0.061500 114.483880
0.061625 104.608506
0.061750 93.514909
0.061875 81.334520
0.062000 68.687467
0.062125 56.696249
0.062250 46.978917
0.062375 42.175253
