0.000000 0.000000
0.000125 44.600480
0.000250 83.414267
0.000375 120.386429
0.000500 154.286797
0.000625 184.560202
0.000750 210.854244
0.000875 233.397697
0.001000 251.979590
0.001125 266.357286
0.001250 279.494892
0.001375 292.444003
0.001500 304.192757
0.001625 314.306216
0.001750 323.002677
0.001875 330.322979
0.002000 336.160174
0.002125 340.058445
0.002250 341.733617
0.002375 341.002224
0.002500 337.943008
0.002625 332.848039
0.002750 326.210080
0.002875 318.181025
0.003000 308.734944
0.003125 297.866062
0.003250 285.583017
0.003375 272.715968
0.003500 259.110457
0.003625 242.250925
0.003750 221.121783
0.003875 196.180857
0.004000 167.443792
0.004125 135.119132
0.004250 99.820294
0.004375 63.328207
0.004500 33.263209
0.004625 42.821721
0.004750 77.633018
0.004875 114.165879
0.005000 148.608602
0.005125 179.832893
0.005250 207.161379
0.005375 230.809332
0.005500 250.763477
0.005625 266.294296
0.005750 279.473400
0.005875 292.654028
0.006000 304.771219
0.006125 315.123641
0.006250 324.033211
0.006375 331.585924
0.006500 337.740589
0.006625 342.293239
0.006750 344.559266
0.006875 344.476498
0.007000 342.024940
0.007125 337.462825
0.007250 331.357690
0.007375 323.815044
0.007500 314.806194
0.007625 304.460478
0.007750 292.709073
0.007875 279.901978
0.008000 266.521506
0.008125 250.874764
0.008250 230.948119
0.008375 207.084847
0.008500 179.584445
0.008625 148.451486
0.008750 114.454056
0.008875 78.986206
0.009000 47.761454
0.009125 42.410590
0.009250 69.769525
0.009375 105.036735
0.009500 139.688378
0.009625 171.568546
0.009750 199.796646
0.009875 224.383933
0.010000 245.327650
0.010125 262.168953
0.010250 275.621504
0.010375 288.742185
0.010500 301.268523
0.010625 312.009639
0.010750 321.183320
0.010875 329.032643
0.011000 335.564707
0.011125 340.535878
0.011250 343.434877
0.011375 343.963707
0.011500 342.079507
0.011625 338.069809
0.011750 332.309031
0.011875 325.023796
0.012000 316.247452
0.012125 306.086554
0.012250 294.623948
0.012375 282.084605
0.012500 268.760869
0.012625 253.836127
0.012750 235.176338
0.012875 212.391490
0.013000 185.883758
0.013125 155.599444
0.013250 122.086628
0.013375 86.039519
0.013500 50.735865
0.013625 31.739055
0.013750 52.485535
0.013875 88.371593
0.014000 124.313381
0.014125 157.504260
0.014250 187.056111
0.014375 212.738077
0.014500 234.748013
0.014625 252.941815
0.014750 267.299631
0.014875 280.560397
0.015000 293.502337
0.015125 304.963153
0.015250 314.718296
0.015375 323.100919
0.015500 330.098238
0.015625 335.646078
0.015750 339.228423
0.015875 340.544289
0.016000 339.423090
0.016125 336.121508
0.016250 330.903072
0.016375 324.052756
0.016500 315.636934
0.016625 305.776774
0.016750 294.804175
0.016875 282.778087
0.017000 269.949823
0.017125 255.775474
0.017250 238.497070
0.017375 217.190813
0.017500 192.101407
0.017625 163.216236
0.017750 130.799132
0.017875 95.516557
0.018000 59.739427
0.018125 33.211497
0.018250 41.633321
0.018375 75.154450
0.018500 111.901458
0.018625 146.307591
0.018750 177.275327
0.018875 204.387577
0.019000 227.802270
0.019125 247.559628
0.019250 263.351736
0.019375 277.052288
0.019500 290.502813
0.019625 302.754777
0.019750 313.157188
0.019875 322.089522
0.020000 329.701996
0.020125 335.847876
0.020250 340.236522
0.020375 342.429167
0.020500 342.169467
0.020625 339.601812
0.020750 335.147105
0.020875 329.034314
0.021000 321.334893
0.021125 312.237423
0.021250 301.965151
0.021375 290.510642
0.021500 277.970678
0.021625 264.257089
0.021750 248.242482
0.021875 228.443249
0.022000 204.647835
0.022125 177.264376
0.022250 146.427694
0.022375 112.985465
0.022500 79.421727
0.022625 53.358105
0.022750 50.204898
0.022875 73.003180
0.023000 106.177493
0.023125 140.181170
0.023250 171.683277
0.023375 199.643057
0.023500 224.069525
0.023625 244.911630
0.023750 261.886997
0.023875 276.080966
0.024000 289.490904
0.024125 302.059853
0.024250 312.813780
0.024375 321.972542
0.024500 329.768515
0.024625 336.212446
0.024750 341.025030
0.024875 343.847604
0.025000 344.251022
0.025125 342.232772
0.025250 338.277704
0.025375 332.691587
0.025500 325.535712
0.025625 316.859638
0.025750 306.945210
0.025875 295.854574
0.026000 283.625205
0.026125 270.164855
0.026250 254.922758
0.026375 236.178793
0.026500 213.583539
0.026625 187.234962
0.026750 157.420845
0.026875 124.897929
0.027000 91.800874
0.027125 63.592391
0.027250 51.649578
0.027375 65.674414
0.027500 95.117141
0.027625 128.617322
0.027750 160.782350
0.027875 189.694015
0.028000 215.073429
0.028125 236.879803
0.028250 255.059853
0.028375 270.100000
0.028500 283.728913
0.028625 296.588993
0.028750 307.845850
0.028875 317.431997
0.029000 325.595018
0.029125 332.385636
0.029250 337.642469
0.029375 341.012376
0.029500 342.109962
0.029625 340.764314
0.029750 337.362720
0.029875 332.142117
0.030000 325.251537
0.030125 316.838560
0.030250 307.098863
0.030375 296.239906
0.030500 284.319261
0.030625 271.231610
0.030750 256.575686
0.030875 238.765493
0.031000 217.292847
0.031125 192.004311
0.031250 162.976981
0.031375 130.949452
0.031500 97.415999
0.031625 66.383613
0.031750 45.798529
0.031875 51.579605
0.032000 78.198335
0.032125 112.009494
0.032250 145.431555
0.032375 175.743740
0.032500 202.428783
0.032625 225.502749
0.032750 245.020473
0.032875 261.289710
0.033000 275.563033
0.033125 288.931971
0.033250 300.827323
0.033375 311.167023
0.033500 319.987181
0.033625 327.384901
0.033750 333.256296
0.033875 337.388339
0.034000 339.331487
0.034125 338.921336
0.034250 336.350731
0.034375 331.830240
0.034500 325.602679
0.034625 317.823704
0.034750 308.716397
0.034875 298.480747
0.035000 287.184004
0.035125 274.741729
0.035250 260.820382
0.035375 244.234595
0.035500 224.194863
0.035625 200.310120
0.035750 172.802854
0.035875 142.343222
0.036000 110.126284
0.036125 79.719759
0.036250 57.111168
0.036375 54.389008
0.036500 73.822563
0.036625 104.308546
0.036750 137.205827
0.036875 168.323879
0.037000 196.191247
0.037125 220.525930
0.037250 241.426315
0.037375 258.900867
0.037500 273.941109
0.037625 287.731570
0.037750 300.254776
0.037875 311.105555
0.038000 320.363570
0.038125 328.190192
0.038250 334.520916
0.038375 339.222510
0.038500 341.917104
0.038625 342.272590
0.038750 340.313303
0.038875 336.445016
0.039000 330.921533
0.039125 323.864130
0.039250 315.388908
0.039375 305.776999
0.039500 294.922576
0.039625 282.750614
0.039750 269.179251
0.039875 253.493366
0.040000 234.520110
0.040125 211.890407
0.040250 185.749302
0.040375 156.827583
0.040500 126.216981
0.040625 96.859225
0.040750 73.697312
0.040875 64.722777
0.041000 75.990513
0.041125 100.660196
0.041250 130.976925
0.041375 161.576992
0.041500 189.938596
0.041625 215.113719
0.041750 236.881029
0.041875 255.368706
0.042000 271.022167
0.042125 285.077338
0.042250 297.914638
0.042375 309.141230
0.042500 318.701052
0.042625 326.819538
0.042750 333.443744
0.042875 338.502377
0.043000 341.737860
0.043125 342.722440
0.043250 341.395613
0.043375 338.006043
0.043500 332.976956
0.043625 326.405445
0.043750 318.317871
0.043875 308.963144
0.044000 298.412088
0.044125 286.527485
0.044250 273.201336
0.044375 258.109865
0.044500 239.965994
0.044625 218.265478
0.044750 193.167007
0.044875 165.141524
0.045000 135.055532
0.045125 105.394066
0.045250 80.077217
0.045375 64.878345
0.045500 69.229818
0.045625 89.532922
0.045750 118.002834
0.045875 148.595263
0.046000 177.596939
0.046125 203.817515
0.046250 226.636212
0.046375 246.208520
0.046500 262.867103
0.046625 277.541075
0.046750 290.853597
0.046875 302.588299
0.047000 312.706033
0.047125 321.272601
0.047250 328.334285
0.047375 333.824636
0.047500 337.596903
0.047625 339.294333
0.047750 338.668028
0.047875 335.941805
0.048000 331.361390
0.048125 325.128292
0.048250 317.329738
0.048375 308.260658
0.048500 297.986714
0.048625 286.462005
0.048750 273.631289
0.048875 259.088327
0.049000 241.810015
0.049125 221.100428
0.049250 197.033754
0.049375 170.155785
0.049500 140.657861
0.049625 110.817275
0.049750 84.164521
0.049875 63.880658
0.050000 61.161057
0.050125 77.348619
0.050250 103.859367
0.050375 134.566331
0.050500 164.474838
0.050625 191.858982
0.050750 216.059729
0.050875 237.060087
0.051000 255.060049
0.051125 270.623056
0.051250 284.676910
0.051375 297.240487
0.051500 308.082968
0.051625 317.406535
0.051750 325.139396
0.051875 331.291040
0.052000 335.815182
0.052125 338.355734
0.052250 338.705490
0.052375 336.835787
0.052500 333.051888
0.052625 327.598798
0.052750 320.560968
0.052875 312.197266
0.053000 302.673070
0.053125 291.794332
0.053250 279.474807
0.053375 265.622683
0.053500 249.390819
0.053625 230.019072
0.053750 207.426062
0.053875 182.077383
0.054000 154.152208
0.054125 125.819447
0.054250 99.932696
0.054375 79.365031
0.054500 71.474584
0.054625 81.353771
0.054750 102.855932
0.054875 130.331057
0.055000 159.490541
0.055125 186.971733
0.055250 212.003454
0.055375 233.980863
0.055500 252.884879
0.055625 269.182482
0.055750 283.740565
0.055875 296.728449
0.056000 308.018464
0.056125 317.719902
0.056250 325.822741
0.056375 332.352063
0.056500 337.293120
0.056625 340.412040
0.056750 341.397911
0.056875 340.132322
0.057000 336.905026
0.057125 332.030163
0.057250 325.651264
0.057375 317.887406
0.057500 308.797446
0.057625 298.324152
0.057750 286.295939
0.057875 272.753287
0.058000 257.220900
0.058125 238.802987
0.058250 217.346448
0.058375 193.197398
0.058500 166.529047
0.058625 139.039306
0.058750 113.482770
0.058875 92.091884
0.059000 79.921442
0.059125 83.614393
0.059250 100.246052
0.059375 124.394581
0.059500 151.940724
0.059625 179.212912
0.059750 204.533860
0.059875 227.262664
0.060000 246.983730
0.060125 264.002980
0.060250 279.084693
0.060375 292.515496
0.060500 304.235690
0.060625 314.352599
0.060750 322.838589
0.060875 329.744924
0.061000 335.033321
0.061125 338.632849
0.061250 340.179605
0.061375 339.570302
0.061500 336.929121
0.061625 332.473055
0.061750 326.431353
0.061875 318.925063
0.062000 310.124719
0.062125 299.928855
0.062250 288.196308
0.062375 274.962816
