0.000000 0.000000
0.000125 22.217215
0.000250 33.409244
0.000375 44.202040
0.000500 54.046835
0.000625 63.028242
0.000750 70.880658
0.000875 77.950115
0.001000 83.848875
0.001125 88.939549
0.001250 93.060652
0.001375 96.782795
0.001500 99.756794
0.001625 102.158162
0.001750 103.728983
0.001875 105.153661
0.002000 106.092077
0.002125 107.068563
0.002250 107.544634
0.002375 107.729116
0.002500 107.489534
0.002625 107.024571
0.002750 106.181859
0.002875 105.274286
0.003000 103.722799
0.003125 101.558712
0.003250 98.529630
0.003375 95.042205
0.003500 90.802389
0.003625 85.581193
0.003750 79.321047
0.003875 72.184151
0.004000 64.048081
0.004125 55.121817
0.004250 45.354285
0.004375 35.153888
0.004500 26.801855
0.004625 29.247336
0.004750 39.087019
0.004875 49.712706
0.005000 59.700929
0.005125 68.861552
0.005250 77.057288
0.005375 84.356735
0.005500 90.691989
0.005625 96.051930
0.005750 100.403921
0.005875 104.235944
0.006000 107.394580
0.006125 109.896763
0.006250 111.670148
0.006375 113.039481
0.006500 114.061777
0.006625 114.882910
0.006750 115.457103
0.006875 115.605712
0.007000 115.316155
0.007125 114.691763
0.007250 113.812057
0.007375 112.711542
0.007500 111.197665
0.007625 109.014401
0.007750 106.021256
0.007875 102.434053
0.008000 98.260289
0.008125 93.152213
0.008250 87.075913
0.008375 80.088369
0.008500 72.141383
0.008625 63.357605
0.008750 53.780236
0.008875 43.801705
0.009000 35.504382
0.009125 33.785276
0.009250 40.253729
0.009375 49.634683
0.009500 59.129304
0.009625 68.143885
0.009750 76.323300
0.009875 83.603069
0.010000 89.937938
0.010125 95.331663
0.010250 99.727784
0.010375 103.430834
0.010500 106.483849
0.010625 108.944427
0.010750 110.690834
0.010875 111.894955
0.011000 112.721735
0.011125 113.380553
0.011250 113.772193
0.011375 113.832339
0.011500 113.366839
0.011625 112.560559
0.011750 111.377211
0.011875 110.085034
0.012000 108.424234
0.012125 106.218469
0.012250 103.212355
0.012375 99.625429
0.012500 95.384198
0.012625 90.352523
0.012750 84.363657
0.012875 77.511852
0.013000 69.700525
0.013125 61.020526
0.013250 51.551254
0.013375 41.913383
0.013500 33.459222
0.013625 29.127423
0.013750 32.033392
0.013875 40.441563
0.014000 49.360223
0.014125 57.950036
0.014250 65.965250
0.014375 73.400641
0.014500 79.856308
0.014625 85.501828
0.014750 90.089243
0.014875 93.947884
0.015000 97.085890
0.015125 99.713717
0.015250 101.591509
0.015375 103.048978
0.015500 103.970786
0.015625 104.855513
0.015750 105.308529
0.015875 105.629846
0.016000 105.401347
0.016125 104.909576
0.016250 103.857389
0.016375 102.828196
0.016500 101.391955
0.016625 99.507923
0.016750 97.020999
0.016875 94.136726
0.017000 90.255900
0.017125 85.984794
0.017250 80.676507
0.017375 74.621294
0.017500 67.488626
0.017625 59.681019
0.017750 51.044641
0.017875 42.466927
0.018000 34.756479
0.018125 29.960573
0.018250 30.180961
0.018375 36.668087
0.018500 45.770292
0.018625 54.735850
0.018750 62.986048
0.018875 70.645709
0.019000 77.667815
0.019125 84.065726
0.019250 89.512972
0.019375 94.081265
0.019500 97.913078
0.019625 101.177089
0.019750 103.849909
0.019875 105.997850
0.020000 107.558366
0.020125 108.872066
0.020250 109.921934
0.020375 110.723773
0.020500 111.076107
0.020625 111.080168
0.020750 110.551946
0.020875 109.799492
0.021000 108.750811
0.021125 107.362568
0.021250 105.322052
0.021375 102.669081
0.021500 99.282959
0.021625 95.279983
0.021750 90.479179
0.021875 84.848318
0.022000 78.195137
0.022125 70.886475
0.022250 62.984069
0.022375 55.115540
0.022500 47.991399
0.022625 42.963422
0.022750 41.501597
0.022875 44.737473
0.023000 52.017152
0.023125 60.580748
0.023250 68.681329
0.023375 76.097733
0.023500 82.818729
0.023625 88.809044
0.023750 94.247057
0.023875 98.948817
0.024000 102.859881
0.024125 106.113284
0.024250 108.853564
0.024375 111.023140
0.024500 112.641434
0.024625 113.873165
0.024750 114.815198
0.024875 115.543799
0.025000 115.875777
0.025125 115.786049
0.025250 115.243736
0.025375 114.349441
0.025500 113.078472
0.025625 111.504484
0.025750 109.390194
0.025875 106.650504
0.026000 103.204423
0.026125 99.122753
0.026250 94.347962
0.026375 88.763758
0.026500 82.326587
0.026625 75.174409
0.026750 67.544141
0.026875 59.966161
0.027000 52.879790
0.027125 47.419307
0.027250 44.498151
0.027375 45.304475
0.027500 50.056938
0.027625 57.616337
0.027750 65.441564
0.027875 72.693761
0.028000 79.145158
0.028125 84.863911
0.028250 89.855682
0.028375 94.246657
0.028500 98.087731
0.028625 101.328594
0.028750 103.952265
0.028875 106.114722
0.029000 107.685183
0.029125 108.880544
0.029250 109.734914
0.029375 110.364328
0.029500 110.600989
0.029625 110.492318
0.029750 109.918500
0.029875 108.963974
0.030000 107.614131
0.030125 105.989052
0.030250 103.810603
0.030375 101.080423
0.030500 97.709159
0.030625 93.671201
0.030750 88.957276
0.030875 83.502498
0.031000 77.259558
0.031125 70.501441
0.031250 63.289429
0.031375 56.016361
0.031500 49.036585
0.031625 43.501806
0.031750 39.580359
0.031875 38.869335
0.032000 41.416367
0.032125 47.644305
0.032250 55.327821
0.032375 62.903198
0.032500 69.526218
0.032625 75.571700
0.032750 80.688400
0.032875 85.249940
0.033000 89.073245
0.033125 92.548354
0.033250 95.366988
0.033375 97.942336
0.033500 100.133720
0.033625 101.792601
0.033750 103.030035
0.033875 104.191115
0.034000 104.828848
0.034125 105.337110
0.034250 105.272232
0.034375 104.938088
0.034500 104.043659
0.034625 102.981809
0.034750 101.294743
0.034875 99.235513
0.035000 96.479479
0.035125 93.151657
0.035250 89.066903
0.035375 84.444622
0.035500 79.057198
0.035625 73.206799
0.035750 66.988694
0.035875 60.696171
0.036000 54.428899
0.036125 49.509664
0.036250 45.891539
0.036375 44.403128
0.036500 45.990871
0.036625 50.444477
0.036750 57.501196
0.036875 65.216067
0.037000 72.490178
0.037125 78.955876
0.037250 84.612061
0.037375 89.617119
0.037500 93.847991
0.037625 97.486406
0.037750 100.606035
0.037875 103.415253
0.038000 105.862454
0.038125 107.924274
0.038250 109.541887
0.038375 110.876856
0.038500 111.834803
0.038625 112.502588
0.038750 112.720113
0.038875 112.557778
0.039000 111.909695
0.039125 110.856103
0.039250 109.344010
0.039375 107.366824
0.039500 104.799128
0.039625 101.590745
0.039750 97.733600
0.039875 93.205590
0.040000 88.136037
0.040125 82.619267
0.040250 76.809745
0.040375 70.761686
0.040500 64.831230
0.040625 59.851622
0.040750 56.051774
0.040875 53.726503
0.041000 53.894749
0.041125 56.592421
0.041250 61.725976
0.041375 68.546316
0.041500 75.582957
0.041625 82.003061
0.041750 87.590418
0.041875 92.499691
0.042000 96.703064
0.042125 100.203507
0.042250 103.167187
0.042375 105.647075
0.042500 107.772131
0.042625 109.604606
0.042750 111.113560
0.042875 112.312561
0.043000 113.143500
0.043125 113.627531
0.043250 113.770526
0.043375 113.467989
0.043500 112.736247
0.043625 111.544650
0.043750 109.870552
0.043875 107.751421
0.044000 105.111533
0.044125 101.847109
0.044250 97.985874
0.044375 93.510642
0.044500 88.451886
0.044625 83.096342
0.044750 77.404338
0.044875 71.395773
0.045000 65.417908
0.045125 60.307502
0.045250 56.239464
0.045375 53.160409
0.045500 52.112343
0.045625 53.278014
0.045750 56.624723
0.045875 62.218091
0.046000 68.813894
0.046125 75.202014
0.046250 80.848740
0.046375 85.796922
0.046500 89.990824
0.046625 93.499691
0.046750 96.399037
0.046875 98.809958
0.047000 100.726460
0.047125 102.332497
0.047250 103.623090
0.047375 104.745938
0.047500 105.513475
0.047625 106.027380
0.047750 106.142598
0.047875 105.938861
0.048000 105.196291
0.048125 104.142414
0.048250 102.517826
0.048375 100.511756
0.048500 98.015696
0.048625 94.982022
0.048750 91.304362
0.048875 87.149296
0.049000 82.454701
0.049125 77.571113
0.049250 72.256871
0.049375 66.709878
0.049500 60.996445
0.049625 56.203056
0.049750 52.275381
0.049875 48.980961
0.050000 47.159992
0.050125 47.820928
0.050250 50.194394
0.050375 54.832701
0.050500 61.031082
0.050625 67.855608
0.050750 74.042406
0.050875 79.564064
0.051000 84.344304
0.051125 88.549526
0.051250 91.973720
0.051375 95.010555
0.051500 97.419519
0.051625 99.566995
0.051750 101.204802
0.051875 102.684230
0.052000 103.845259
0.052125 104.889915
0.052250 105.528137
0.052375 105.959113
0.052500 105.873755
0.052625 105.321230
0.052750 104.325875
0.052875 102.904966
0.053000 100.983995
0.053125 98.576452
0.053250 95.563859
0.053375 92.144091
0.053500 88.159570
0.053625 83.975618
0.053750 79.413143
0.053875 74.459554
0.054000 69.399140
0.054125 65.091578
0.054250 61.571850
0.054375 58.595181
0.054500 56.684827
0.054625 56.613967
0.054750 58.191404
0.054875 61.556660
0.055000 66.771502
0.055125 73.057097
0.055250 79.413874
0.055375 85.239293
0.055500 90.308670
0.055625 94.710616
0.055750 98.414753
0.055875 101.604103
0.056000 104.242802
0.056125 106.375557
0.056250 108.095508
0.056375 109.475921
0.056500 110.536514
0.056625 111.350177
0.056750 111.943071
0.056875 112.237259
0.057000 112.122101
0.057125 111.610097
0.057250 110.571342
0.057375 109.169979
0.057500 107.231180
0.057625 104.834648
0.057750 101.872767
0.057875 98.518379
0.058000 94.730232
0.058125 90.629011
0.058250 86.205883
0.058375 81.376387
0.058500 76.407637
0.058625 72.033430
0.058750 68.398019
0.058875 65.186802
0.059000 62.707792
0.059125 61.735010
0.059250 62.216934
0.059375 64.341175
0.059500 68.105700
0.059625 73.239395
0.059750 79.055281
0.059875 84.786561
0.060000 89.817935
0.060125 94.199334
0.060250 97.903342
0.060375 101.018996
0.060500 103.569952
0.060625 105.638435
0.060750 107.188163
0.060875 108.366787
0.061000 109.167908
0.061125 109.685614
0.061250 109.891618
0.061375 109.861359
0.061500 109.543475
0.061625 108.821490
0.061750 107.739926
0.061875 106.227242
0.062000 104.201530
0.062125 101.691541
0.062250 98.718982
0.062375 95.434637
