0.000000 0.000000
0.000125 24.830107
0.000250 39.577270
0.000375 52.840466
0.000500 64.122488
0.000625 73.512226
0.000750 80.871060
0.000875 86.232287
0.001000 89.625405
0.001125 92.184289
0.001250 94.191518
0.001375 96.171269
0.001500 98.612989
0.001625 101.213747
0.001750 103.857408
0.001875 106.382747
0.002000 108.837554
0.002125 110.940007
0.002250 112.283454
0.002375 112.907229
0.002500 112.633053
0.002625 111.616710
0.002750 109.900788
0.002875 107.768431
0.003000 105.641330
0.003125 103.409751
0.003250 101.144395
0.003375 99.063150
0.003500 97.317173
0.003625 95.713219
0.003750 93.572314
0.003875 90.576425
0.004000 85.672181
0.004125 78.804850
0.004250 70.069017
0.004375 59.440690
0.004500 46.865188
0.004625 33.411407
0.004750 24.113302
0.004875 32.595838
0.005000 46.015878
0.005125 58.860259
0.005250 70.065007
0.005375 79.384651
0.005500 86.953719
0.005625 92.557936
0.005750 96.302458
0.005875 99.032788
0.006000 101.092064
0.006125 103.120322
0.006250 105.465202
0.006375 107.962766
0.006500 110.522672
0.006625 112.964335
0.006750 115.272334
0.006875 117.121888
0.007000 118.371030
0.007125 118.842956
0.007250 118.539472
0.007375 117.349048
0.007500 115.453145
0.007625 113.219588
0.007750 110.925434
0.007875 108.526636
0.008000 106.081536
0.008125 103.821269
0.008250 101.823527
0.008375 99.921939
0.008500 97.566209
0.008625 94.316445
0.008750 89.389101
0.008875 82.571177
0.009000 73.972513
0.009125 63.448234
0.009250 51.204468
0.009375 38.353751
0.009500 30.534357
0.009625 36.747140
0.009750 48.992980
0.009875 60.920885
0.010000 71.365641
0.010125 80.109734
0.010250 87.220237
0.010375 92.549148
0.010500 96.130887
0.010625 98.746813
0.010750 100.772204
0.010875 102.619607
0.011000 104.726357
0.011125 107.028950
0.011250 109.348845
0.011375 111.591969
0.011500 113.597717
0.011625 115.215997
0.011750 116.231574
0.011875 116.525680
0.012000 115.962946
0.012125 114.581425
0.012250 112.539743
0.012375 110.110387
0.012500 107.619482
0.012625 105.009245
0.012750 102.361032
0.012875 99.847237
0.013000 97.454689
0.013125 95.273777
0.013250 92.773730
0.013375 89.442559
0.013500 84.473983
0.013625 77.667303
0.013750 68.981244
0.013875 58.583764
0.014000 46.316779
0.014125 33.840421
0.014250 26.591990
0.014375 31.770350
0.014500 43.376963
0.014625 55.097446
0.014750 65.248605
0.014875 73.773366
0.015000 80.584646
0.015125 85.683851
0.015250 89.224343
0.015375 91.759571
0.015500 93.721144
0.015625 95.620532
0.015750 97.837869
0.015875 100.271867
0.016000 102.696489
0.016125 105.012252
0.016250 107.170457
0.016375 108.928913
0.016500 110.078816
0.016625 110.435628
0.016750 110.071454
0.016875 108.999736
0.017000 107.224433
0.017125 105.078406
0.017250 102.825554
0.017375 100.550628
0.017500 98.214516
0.017625 95.938858
0.017750 93.893839
0.017875 92.039765
0.018000 89.920091
0.018125 86.849645
0.018250 82.248995
0.018375 75.942297
0.018500 67.715832
0.018625 57.730898
0.018750 46.247423
0.018875 35.338730
0.019000 29.523832
0.019125 33.889551
0.019250 44.709563
0.019375 56.431827
0.019500 66.918207
0.019625 75.651515
0.019750 82.678940
0.019875 88.114631
0.020000 91.972005
0.020125 94.705138
0.020250 96.930432
0.020375 99.109068
0.020500 101.528110
0.020625 104.095795
0.020750 106.787011
0.020875 109.339514
0.021000 111.719381
0.021125 113.714613
0.021250 115.071851
0.021375 115.765285
0.021500 115.701866
0.021625 114.730364
0.021750 113.157840
0.021875 111.186346
0.022000 109.098813
0.022125 106.992531
0.022250 104.823631
0.022375 102.745307
0.022500 100.809745
0.022625 98.838160
0.022750 96.515693
0.022875 93.375269
0.023000 88.707731
0.023125 82.381239
0.023250 74.215545
0.023375 64.406260
0.023500 53.603808
0.023625 43.989198
0.023750 38.998327
0.023875 42.229958
0.024000 51.406650
0.024125 62.198222
0.024250 72.267933
0.024375 80.812488
0.024500 87.663003
0.024625 92.848176
0.024750 96.529895
0.024875 99.242948
0.025000 101.342724
0.025125 103.246915
0.025250 105.270639
0.025375 107.545876
0.025500 109.982354
0.025625 112.232665
0.025750 114.316286
0.025875 116.019131
0.026000 117.220950
0.026125 117.684973
0.026250 117.375736
0.026375 116.371149
0.026500 114.758296
0.026625 112.748431
0.026750 110.527964
0.026875 108.248594
0.027000 105.870808
0.027125 103.540991
0.027250 101.236087
0.027375 99.001472
0.027500 96.312052
0.027625 92.823359
0.027750 87.884385
0.027875 81.321084
0.028000 73.018532
0.028125 63.117896
0.028250 52.778836
0.028375 43.710215
0.028500 38.966043
0.028625 41.322102
0.028750 49.340954
0.028875 59.303225
0.029000 68.949735
0.029125 77.267864
0.029250 83.986562
0.029375 88.997307
0.029500 92.575119
0.029625 95.159614
0.029750 97.096399
0.029875 98.858351
0.030000 100.761092
0.030125 102.781764
0.030250 104.831014
0.030375 106.905760
0.030500 108.790615
0.030625 110.278802
0.030750 111.292120
0.030875 111.642400
0.031000 111.320556
0.031125 110.297857
0.031250 108.639429
0.031375 106.661989
0.031500 104.509137
0.031625 102.242735
0.031750 99.864793
0.031875 97.450972
0.032000 95.106716
0.032125 92.673304
0.032250 89.857146
0.032375 86.244704
0.032500 81.302354
0.032625 74.828758
0.032750 66.622017
0.032875 57.058504
0.033000 47.545339
0.033125 39.088426
0.033250 34.779253
0.033375 36.875370
0.033500 44.427922
0.033625 54.006269
0.033750 63.589451
0.033875 72.134669
0.034000 79.191974
0.034125 84.612284
0.034250 88.569402
0.034375 91.528457
0.034500 93.892112
0.034625 95.951645
0.034750 98.136658
0.034875 100.476879
0.035000 102.891464
0.035125 105.147969
0.035250 107.338785
0.035375 109.149408
0.035500 110.493931
0.035625 111.170677
0.035750 111.256535
0.035875 110.601727
0.036000 109.432563
0.036125 107.872603
0.036250 106.107303
0.036375 104.214306
0.036500 102.209990
0.036625 100.184104
0.036750 98.169311
0.036875 95.971277
0.037000 93.378208
0.037125 89.990191
0.037250 85.268990
0.037375 79.041808
0.037500 71.265105
0.037625 62.679344
0.037750 54.113616
0.037875 46.608876
0.038000 43.051709
0.038125 44.958365
0.038250 51.521964
0.038375 60.333703
0.038500 69.502569
0.038625 77.898528
0.038750 85.019433
0.038875 90.506732
0.039000 94.665042
0.039125 97.808570
0.039250 100.301514
0.039375 102.433088
0.039500 104.585586
0.039625 106.868742
0.039750 109.143440
0.039875 111.336298
0.040000 113.333002
0.040125 115.013188
0.040250 116.213357
0.040375 116.811077
0.040500 116.709659
0.040625 116.014625
0.040750 114.753653
0.040875 113.077926
0.041000 111.195384
0.041125 109.184427
0.041250 107.025838
0.041375 104.790322
0.041500 102.601766
0.041625 100.224297
0.041750 97.378439
0.041875 93.643389
0.042000 88.667435
0.042125 82.339687
0.042250 74.722887
0.042375 66.535107
0.042500 58.395464
0.042625 51.318147
0.042750 47.833560
0.042875 49.093124
0.043000 54.638460
0.043125 62.482656
0.043250 70.889207
0.043375 78.702632
0.043500 85.510244
0.043625 90.919167
0.043750 94.952848
0.043875 98.011832
0.044000 100.366315
0.044125 102.456444
0.044250 104.427504
0.044375 106.441006
0.044500 108.413565
0.044625 110.327713
0.044750 112.030510
0.044875 113.453832
0.045000 114.364726
0.045125 114.726487
0.045250 114.380224
0.045375 113.512849
0.045500 112.093136
0.045625 110.287038
0.045750 108.173409
0.045875 105.949939
0.046000 103.559678
0.046125 101.110283
0.046250 98.623733
0.046375 95.896470
0.046500 92.715181
0.046625 88.740046
0.046750 83.621319
0.046875 77.126464
0.047000 69.713704
0.047125 61.903231
0.047250 53.990571
0.047375 47.023471
0.047500 43.616627
0.047625 44.597953
0.047750 49.500504
0.047875 56.725478
0.048000 64.628722
0.048125 72.270747
0.048250 78.896664
0.048375 84.343898
0.048500 88.540556
0.048625 91.670176
0.048750 94.237544
0.048875 96.339591
0.049000 98.402267
0.049125 100.468966
0.049250 102.498512
0.049375 104.403543
0.049500 106.171067
0.049625 107.607668
0.049750 108.623764
0.049875 109.009683
0.050000 108.804274
0.050125 108.160184
0.050250 107.023856
0.050375 105.462305
0.050500 103.631743
0.050625 101.649656
0.050750 99.507402
0.050875 97.205553
0.051000 94.919472
0.051125 92.404989
0.051250 89.431047
0.051375 85.616843
0.051500 80.688214
0.051625 74.658449
0.051750 68.095667
0.051875 61.061706
0.052000 53.932870
0.052125 47.784029
0.052250 44.962544
0.052375 46.187449
0.052500 50.880653
0.052625 57.922183
0.052750 65.700863
0.052875 73.358205
0.053000 80.169084
0.053125 85.953055
0.053250 90.623669
0.053375 94.245626
0.053500 97.177417
0.053625 99.768141
0.053750 102.143391
0.053875 104.485652
0.054000 106.706867
0.054125 108.812392
0.054250 110.762299
0.054375 112.356342
0.054500 113.466332
0.054625 114.108032
0.054750 114.176708
0.054875 113.625197
0.055000 112.625394
0.055125 111.297481
0.055250 109.605503
0.055375 107.730064
0.055500 105.607196
0.055625 103.386009
0.055750 101.072366
0.055875 98.456102
0.056000 95.371666
0.056125 91.486456
0.056250 86.509816
0.056375 80.712323
0.056500 74.543731
0.056625 67.865753
0.056750 61.140052
0.056875 55.442811
0.057000 52.812552
0.057125 53.797547
0.057250 57.845354
0.057375 64.075633
0.057500 71.261199
0.057625 78.318868
0.057750 84.871151
0.057875 90.385668
0.058000 94.908702
0.058125 98.494681
0.058250 101.461890
0.058375 103.917229
0.058500 106.161695
0.058625 108.266478
0.058750 110.237746
0.058875 112.122213
0.059000 113.803983
0.059125 115.130987
0.059250 116.062711
0.059375 116.456755
0.059500 116.271108
0.059625 115.562783
0.059750 114.439658
0.059875 112.882912
0.060000 110.959990
0.060125 108.850370
0.060250 106.531618
0.060375 104.054110
0.060500 101.436094
0.060625 98.492673
0.060750 95.086981
0.060875 90.846421
0.061000 85.635164
0.061125 79.901036
0.061250 73.803661
0.061375 67.197023
0.061500 60.435482
0.061625 54.875494
0.061750 52.187677
0.061875 52.763012
0.062000 56.255902
0.062125 61.860755
0.062250 68.526208
0.062375 75.127634
