0.000000 0.000000
0.000125 26.992197
0.000250 44.949792
0.000375 61.454076
0.000500 76.446202
0.000625 89.479995
0.000750 100.505520
0.000875 109.369108
0.001000 116.242930
0.001125 121.211378
0.001250 125.250552
0.001375 128.760675
0.001500 131.344726
0.001625 132.602306
0.001750 132.795310
0.001875 132.183763
0.002000 130.710555
0.002125 128.894658
0.002250 127.679792
0.002375 127.732730
0.002500 129.226365
0.002625 131.414863
0.002750 133.464386
0.002875 134.697491
0.003000 135.074517
0.003125 134.461567
0.003250 132.488567
0.003375 129.456434
0.003500 125.939058
0.003625 121.565731
0.003750 115.431601
0.003875 107.352540
0.004000 97.178167
0.004125 84.935452
0.004250 70.820435
0.004375 55.278469
0.004500 38.832304
0.004625 25.765090
0.004750 34.321493
0.004875 51.470121
0.005000 67.994515
0.005125 83.042011
0.005250 96.366107
0.005375 107.737959
0.005500 116.958477
0.005625 124.264633
0.005750 129.628364
0.005875 133.706903
0.006000 137.106387
0.006125 139.619688
0.006250 140.839719
0.006375 141.024768
0.006500 140.506151
0.006625 139.112357
0.006750 137.225419
0.006875 135.746394
0.007000 135.379278
0.007125 136.393570
0.007250 138.206862
0.007375 140.002737
0.007500 141.094162
0.007625 141.351982
0.007750 140.631014
0.007875 138.629490
0.008000 135.551854
0.008125 131.871655
0.008250 127.402039
0.008375 121.377221
0.008500 113.434381
0.008625 103.419432
0.008750 91.398669
0.008875 77.554540
0.009000 62.382770
0.009125 46.624258
0.009250 34.865902
0.009375 37.863515
0.009500 52.586822
0.009625 68.412417
0.009750 83.134230
0.009875 96.271917
0.010000 107.591121
0.010125 116.846350
0.010250 124.119229
0.010375 129.613724
0.010500 133.636287
0.010625 136.741262
0.010750 139.007774
0.010875 140.114226
0.011000 140.198337
0.011125 139.531656
0.011250 138.082592
0.011375 136.033359
0.011500 134.237032
0.011625 133.331964
0.011750 133.711967
0.011875 134.937901
0.012000 136.331010
0.012125 137.226106
0.012250 137.343026
0.012375 136.385927
0.012500 134.201131
0.012625 131.065055
0.012750 127.198560
0.012875 122.492695
0.013000 116.566339
0.013125 108.813328
0.013250 98.986119
0.013375 87.235757
0.013500 73.678777
0.013625 58.696461
0.013750 43.550666
0.013875 32.099838
0.014000 31.794392
0.014125 43.641054
0.014250 59.015466
0.014375 73.510560
0.014500 86.587042
0.014625 97.970387
0.014750 107.372500
0.014875 114.819653
0.015000 120.589220
0.015125 124.832690
0.015250 127.962557
0.015375 130.231319
0.015500 131.429950
0.015625 131.784017
0.015750 131.326108
0.015875 130.115489
0.016000 128.347780
0.016125 126.730400
0.016250 125.813358
0.016375 126.039143
0.016500 127.131896
0.016625 128.443583
0.016750 129.607382
0.016875 130.159158
0.017000 129.564129
0.017125 127.803011
0.017250 125.156424
0.017375 121.716693
0.017500 117.470039
0.017625 112.145987
0.017750 105.156734
0.017875 96.235663
0.018000 85.416912
0.018125 72.759932
0.018250 58.862488
0.018375 45.362430
0.018500 35.358463
0.018625 34.031536
0.018750 42.624346
0.018875 56.900250
0.019000 71.812502
0.019125 85.382820
0.019250 97.342174
0.019375 107.431023
0.019500 115.616437
0.019625 122.150617
0.019750 127.082713
0.019875 130.788136
0.020000 133.464236
0.020125 135.195439
0.020250 136.109569
0.020375 136.211133
0.020500 135.559387
0.020625 134.406977
0.020750 133.197538
0.020875 132.485121
0.021000 132.715584
0.021125 133.772708
0.021250 135.219210
0.021375 136.518651
0.021500 137.233159
0.021625 136.929894
0.021750 135.529106
0.021875 133.191639
0.022000 130.025499
0.022125 125.972967
0.022250 120.770897
0.022375 114.155763
0.022500 105.670728
0.022625 95.303877
0.022750 83.236131
0.022875 70.502106
0.023000 58.190931
0.023125 49.275335
0.023250 47.025929
0.023375 51.992216
0.023500 63.769246
0.023625 77.539644
0.023750 90.861180
0.023875 102.623889
0.024000 112.617458
0.024125 120.895859
0.024250 127.471477
0.024375 132.419569
0.024500 136.144000
0.024625 138.692340
0.024750 140.190361
0.024875 140.870144
0.025000 140.902075
0.025125 140.249657
0.025250 139.056447
0.025375 137.768725
0.025500 136.874450
0.025625 136.643821
0.025750 137.169614
0.025875 138.071645
0.026000 139.024427
0.026125 139.449365
0.026250 138.965887
0.026375 137.459125
0.026500 134.977358
0.026625 131.661849
0.026750 127.451130
0.026875 122.127933
0.027000 115.454663
0.027125 107.006177
0.027250 96.795564
0.027375 85.138330
0.027500 73.086476
0.027625 61.372605
0.027750 52.673259
0.027875 49.737454
0.028000 52.049418
0.028125 61.234648
0.028250 73.432527
0.028375 86.195249
0.028500 97.784593
0.028625 107.705502
0.028750 115.888236
0.028875 122.513482
0.029000 127.545233
0.029125 131.278471
0.029250 133.686320
0.029375 135.058635
0.029500 135.672685
0.029625 135.572119
0.029750 134.817005
0.029875 133.646701
0.030000 132.294564
0.030125 131.215065
0.030250 130.650966
0.030375 130.661822
0.030500 131.125890
0.030625 131.636192
0.030750 131.870923
0.030875 131.318714
0.031000 129.760892
0.031125 127.299417
0.031250 124.055902
0.031375 119.838948
0.031500 114.552896
0.031625 107.976805
0.031750 99.750453
0.031875 89.762847
0.032000 78.915586
0.032125 67.725825
0.032250 56.582050
0.032375 48.395061
0.032500 45.267426
0.032625 46.109466
0.032750 52.982177
0.032875 64.191297
0.033000 76.269869
0.033125 88.156133
0.033250 98.396871
0.033375 107.099883
0.033500 114.329624
0.033625 119.994134
0.033750 124.223515
0.033875 127.126411
0.034000 128.991264
0.034125 130.044261
0.034250 130.467030
0.034375 130.253075
0.034500 129.673540
0.034625 128.884217
0.034750 128.237524
0.034875 128.055029
0.035000 128.277867
0.035125 128.954148
0.035250 129.754960
0.035375 130.306911
0.035500 130.256289
0.035625 129.289682
0.035750 127.493415
0.035875 124.859814
0.036000 121.250233
0.036125 116.537062
0.036250 110.557933
0.036375 102.952908
0.036500 94.107318
0.036625 84.710591
0.036750 74.650285
0.036875 64.817906
0.037000 57.699738
0.037125 54.773161
0.037250 55.138745
0.037375 59.949969
0.037500 69.816534
0.037625 81.103137
0.037750 92.615580
0.037875 103.348722
0.038000 112.487885
0.038125 120.065512
0.038250 126.171389
0.038375 130.820737
0.038500 134.057417
0.038625 136.226458
0.038750 137.510982
0.038875 138.088225
0.039000 138.068856
0.039125 137.698843
0.039250 137.028087
0.039375 136.391964
0.039500 136.057775
0.039625 136.063217
0.039750 136.394889
0.039875 136.924425
0.040000 137.303187
0.040125 137.128771
0.040250 136.198405
0.040375 134.392961
0.040500 131.758194
0.040625 128.101014
0.040750 123.271730
0.040875 117.194223
0.041000 109.747071
0.041125 101.525239
0.041250 92.711880
0.041375 83.121443
0.041500 73.943435
0.041625 67.131499
0.041750 63.893595
0.041875 63.391924
0.042000 66.261484
0.042125 73.768007
0.042250 83.838306
0.042375 94.284159
0.042500 104.451669
0.042625 113.530043
0.042750 121.114807
0.042875 127.199327
0.043000 131.854232
0.043125 135.096478
0.043250 137.174487
0.043375 138.364843
0.043500 138.847055
0.043625 138.725054
0.043750 138.204423
0.043875 137.471175
0.044000 136.629729
0.044125 135.955215
0.044250 135.512954
0.044375 135.298166
0.044500 135.373252
0.044625 135.353547
0.044750 134.840836
0.044875 133.654522
0.045000 131.651720
0.045125 128.813344
0.045250 124.945279
0.045375 119.861482
0.045500 113.638129
0.045625 106.338219
0.045750 98.588715
0.045875 90.098988
0.046000 80.793791
0.046125 71.979418
0.046250 65.245400
0.046375 61.781469
0.046500 60.666931
0.046625 62.029394
0.046750 67.380382
0.046875 76.411672
0.047000 86.087138
0.047125 95.547376
0.047250 104.491277
0.047375 112.217695
0.047500 118.482302
0.047625 123.321850
0.047750 126.710052
0.047875 128.995462
0.048000 130.288342
0.048125 130.886543
0.048250 130.850474
0.048375 130.425639
0.048500 129.800862
0.048625 129.068317
0.048750 128.370663
0.048875 127.735864
0.049000 127.357157
0.049125 127.282222
0.049250 127.127616
0.049375 126.555002
0.049500 125.496495
0.049625 123.727548
0.049750 121.120474
0.049875 117.355134
0.050000 112.482499
0.050125 106.676506
0.050250 100.353810
0.050375 93.534997
0.050500 85.744332
0.050625 77.284345
0.050750 69.412047
0.050875 63.431888
0.051000 60.411440
0.051125 59.548303
0.051250 60.325359
0.051375 64.497560
0.051500 72.666625
0.051625 82.100786
0.051750 91.592249
0.051875 100.653988
0.052000 109.044770
0.052125 116.033900
0.052250 121.584044
0.052375 125.761663
0.052500 128.799332
0.052625 130.854898
0.052750 132.071940
0.052875 132.672254
0.053000 132.903287
0.053125 132.810153
0.053250 132.598481
0.053375 132.390903
0.053500 132.083436
0.053625 131.912955
0.053750 131.914241
0.053875 131.917633
0.054000 131.605464
0.054125 130.811156
0.054250 129.340444
0.054375 127.011050
0.054500 123.672717
0.054625 119.202805
0.054750 113.974480
0.054875 108.437058
0.055000 102.292671
0.055125 95.122974
0.055250 87.399644
0.055375 80.315024
0.055500 74.888830
0.055625 71.902164
0.055750 70.898327
0.055875 71.202806
0.056000 74.192640
0.056125 80.530097
0.056250 88.969291
0.056375 97.866223
0.056500 106.391582
0.056625 114.365431
0.056750 121.458237
0.056875 127.186853
0.057000 131.536629
0.057125 134.723695
0.057250 136.904924
0.057375 138.220754
0.057500 138.858587
0.057625 139.038903
0.057750 138.925866
0.057875 138.617790
0.058000 138.156563
0.058125 137.636734
0.058250 137.135670
0.058375 136.722121
0.058500 136.237778
0.058625 135.532540
0.058750 134.362847
0.058875 132.619909
0.059000 130.091762
0.059125 126.516400
0.059250 122.030453
0.059375 117.064971
0.059500 111.794141
0.059625 105.714021
0.059750 98.672405
0.059875 91.251606
0.060000 84.437940
0.060125 79.063828
0.060250 75.832143
0.060375 74.428617
0.060500 74.032527
0.060625 75.847182
0.060750 80.268593
0.060875 87.505194
0.061000 95.495708
0.061125 103.479052
0.061250 110.865097
0.061375 117.724334
0.061500 123.433172
0.061625 127.859714
0.061750 131.074354
0.061875 133.315609
0.062000 134.603833
0.062125 135.159077
0.062250 135.320166
0.062375 135.128454
