0.000000 0.000000
0.000125 32.214568
0.000250 56.040498
0.000375 77.641349
0.000500 95.968647
0.000625 110.284349
0.000750 120.716325
0.000875 127.562564
0.001000 131.516361
0.001125 132.116247
0.001250 131.146989
0.001375 127.775618
0.001500 123.196115
0.001625 118.460896
0.001750 115.495533
0.001875 115.699191
0.002000 117.307664
0.002125 118.459965
0.002250 118.950133
0.002375 118.997465
0.002500 118.423955
0.002625 117.417122
0.002750 117.693969
0.002875 120.893609
0.003000 126.016126
0.003125 130.951572
0.003250 134.688808
0.003375 136.109208
0.003500 135.801260
0.003625 132.310400
0.003750 125.738115
0.003875 115.750273
0.004000 102.080010
0.004125 84.405098
0.004250 63.845700
0.004375 41.558481
0.004500 25.782112
0.004625 42.009225
0.004750 65.254544
0.004875 86.703732
0.005000 105.005196
0.005125 119.292046
0.005250 129.679256
0.005375 136.518897
0.005500 140.498770
0.005625 141.104186
0.005750 140.002787
0.005875 136.665466
0.006000 132.087658
0.006125 127.331655
0.006250 124.208235
0.006375 124.013909
0.006500 125.283273
0.006625 126.307606
0.006750 126.688925
0.006875 126.440625
0.007000 125.590516
0.007125 124.505844
0.007250 124.572176
0.007375 127.317950
0.007500 131.895669
0.007625 136.433979
0.007750 139.844629
0.007875 141.067536
0.008000 140.336112
0.008125 136.716831
0.008250 130.014088
0.008375 120.130570
0.008500 106.593443
0.008625 89.236587
0.008750 68.901544
0.008875 47.709389
0.009000 35.068899
0.009125 46.460414
0.009250 68.493659
0.009375 89.389326
0.009500 107.357372
0.009625 121.404681
0.009750 131.523684
0.009875 138.099974
0.010000 141.708665
0.010125 142.294729
0.010250 140.827875
0.010375 137.361385
0.010500 132.562053
0.010625 127.578085
0.010750 124.156058
0.010875 123.451804
0.011000 124.156276
0.011125 124.802653
0.011250 124.844738
0.011375 124.332986
0.011500 123.337461
0.011625 122.181318
0.011750 121.983609
0.011875 124.187477
0.012000 128.222586
0.012125 132.274842
0.012250 135.266204
0.012375 136.226614
0.012500 135.296345
0.012625 131.644085
0.012750 124.961348
0.012875 114.917156
0.013000 101.330553
0.013125 83.975755
0.013250 63.787624
0.013375 44.031293
0.013500 32.819703
0.013625 40.945026
0.013750 61.380616
0.013875 81.987826
0.014000 99.671826
0.014125 113.582472
0.014250 123.620672
0.014375 130.116352
0.014500 133.597470
0.014625 134.269245
0.014750 132.687644
0.014875 129.181955
0.015000 124.418759
0.015125 119.451821
0.015250 115.948723
0.015375 114.907887
0.015500 115.294901
0.015625 115.714280
0.015750 115.632665
0.015875 115.211176
0.016000 114.450165
0.016125 113.607004
0.016250 113.534431
0.016375 115.671534
0.016500 119.617218
0.016625 123.815173
0.016750 127.060760
0.016875 128.512385
0.017000 127.866665
0.017125 124.569678
0.017250 118.349042
0.017375 108.623770
0.017500 95.527649
0.017625 78.813143
0.017750 60.350845
0.017875 42.946774
0.018000 33.755649
0.018125 39.927053
0.018250 58.269268
0.018375 78.812363
0.018500 96.895302
0.018625 111.372394
0.018750 122.085860
0.018875 129.242575
0.019000 133.388082
0.019125 134.776751
0.019250 133.849025
0.019375 131.088568
0.019500 127.045466
0.019625 122.749349
0.019750 119.844806
0.019875 118.934319
0.020000 119.325720
0.020125 120.033891
0.020250 120.422525
0.020375 120.485197
0.020500 120.272936
0.020625 120.066516
0.020750 120.702793
0.020875 123.179186
0.021000 127.229791
0.021125 131.481261
0.021250 134.789578
0.021375 136.333874
0.021500 135.699112
0.021625 132.501226
0.021750 126.305271
0.021875 116.757113
0.022000 103.905110
0.022125 88.025210
0.022250 71.221269
0.022375 56.104161
0.022500 48.455086
0.022625 52.579084
0.022750 67.586485
0.022875 86.446213
0.023000 103.981792
0.023125 118.299352
0.023250 128.852246
0.023375 136.001119
0.023500 140.114861
0.023625 141.494259
0.023750 140.481061
0.023875 137.703278
0.024000 133.729634
0.024125 129.482664
0.024250 126.408144
0.024375 124.949117
0.024500 124.759766
0.024625 125.085797
0.024750 125.320291
0.024875 125.385028
0.025000 125.299006
0.025125 125.201474
0.025250 125.869095
0.025375 128.054913
0.025500 131.459374
0.025625 135.046966
0.025750 137.755006
0.025875 138.820120
0.026000 137.796508
0.026125 134.218161
0.026250 127.712906
0.026375 117.965899
0.026500 105.082908
0.026625 90.143389
0.026750 74.546644
0.026875 60.747582
0.027000 53.682592
0.027125 56.117922
0.027250 68.509196
0.027375 85.277868
0.027500 101.981859
0.027625 115.893520
0.027750 126.332264
0.027875 133.372350
0.028000 137.373902
0.028125 138.688797
0.028250 137.625321
0.028375 134.834908
0.028500 130.869228
0.028625 126.584756
0.028750 123.359021
0.028875 121.474855
0.029000 120.810853
0.029125 120.802849
0.029250 120.908853
0.029375 120.916213
0.029500 120.840778
0.029625 120.785235
0.029750 121.375176
0.029875 123.148029
0.030000 125.938392
0.030125 128.915602
0.030250 131.070657
0.030375 131.664930
0.030500 130.236994
0.030625 126.282024
0.030750 119.490109
0.030875 109.536124
0.031000 97.100778
0.031125 83.012874
0.031250 68.502303
0.031375 55.719843
0.031500 49.034861
0.031625 50.240684
0.031750 60.790173
0.031875 75.689308
0.032000 91.735533
0.032125 105.472896
0.032250 116.078903
0.032375 123.339014
0.032500 127.561863
0.032625 129.178844
0.032750 128.518830
0.032875 126.138382
0.033000 122.645105
0.033125 118.952835
0.033250 116.015596
0.033375 114.249374
0.033500 113.704829
0.033625 113.907919
0.033750 114.334970
0.033875 114.814726
0.034000 115.201138
0.034125 115.721163
0.034250 116.847185
0.034375 118.868924
0.034500 121.750837
0.034625 124.788123
0.034750 126.984540
0.034875 127.802382
0.035000 126.658202
0.035125 123.077277
0.035250 116.795991
0.035375 107.617901
0.035500 96.710259
0.035625 84.245930
0.035750 71.499031
0.035875 60.571912
0.036000 54.992382
0.036125 55.991325
0.036250 65.129338
0.036375 78.714376
0.036500 94.030988
0.036625 107.846859
0.036750 118.945011
0.036875 126.852685
0.037000 131.791145
0.037125 134.084294
0.037250 134.178877
0.037375 132.628490
0.037500 129.862372
0.037625 126.823345
0.037750 124.323091
0.037875 122.778344
0.038000 122.201609
0.038125 122.350457
0.038250 122.892096
0.038375 123.503759
0.038500 124.140135
0.038625 124.849410
0.038750 126.076700
0.038875 127.915553
0.039000 130.380740
0.039125 132.943335
0.039250 134.702403
0.039375 135.131444
0.039500 133.657632
0.039625 129.837190
0.039750 123.468032
0.039875 114.846494
0.040000 104.732284
0.040125 93.265326
0.040250 81.473271
0.040375 71.674720
0.040500 66.277996
0.040625 66.505977
0.040750 73.677328
0.040875 85.361967
0.041000 98.885352
0.041125 111.999307
0.041250 122.756286
0.041375 130.637322
0.041500 135.671798
0.041625 138.164254
0.041750 138.443472
0.041875 137.063458
0.042000 134.434450
0.042125 131.418026
0.042250 128.770196
0.042375 126.815890
0.042500 125.831095
0.042625 125.579571
0.042750 125.777908
0.042875 126.140474
0.043000 126.533604
0.043125 127.118806
0.043250 128.074039
0.043375 129.477880
0.043500 131.314722
0.043625 133.138683
0.043750 134.240537
0.043875 134.073653
0.044000 132.073011
0.044125 127.841312
0.044250 121.371894
0.044375 113.238296
0.044500 103.587859
0.044625 92.762794
0.044750 81.610319
0.044875 72.452912
0.045000 66.969590
0.045125 66.426571
0.045250 72.062673
0.045375 82.186346
0.045500 94.179354
0.045625 106.532409
0.045750 116.993673
0.045875 124.938016
0.046000 130.116218
0.046125 132.724216
0.046250 133.157827
0.046375 131.872824
0.046500 129.272177
0.046625 126.248636
0.046750 123.482971
0.046875 121.213601
0.047000 119.880783
0.047125 119.281736
0.047250 119.133099
0.047375 119.269340
0.047500 119.561465
0.047625 120.048709
0.047750 120.806096
0.047875 121.881566
0.048000 123.219386
0.048125 124.572732
0.048250 125.149413
0.048375 124.547622
0.048500 122.193326
0.048625 117.747116
0.048750 111.643343
0.048875 104.216228
0.049000 95.217277
0.049125 85.191901
0.049250 74.879116
0.049375 66.491546
0.049500 61.295345
0.049625 60.481901
0.049750 65.308352
0.049875 74.619511
0.050000 85.663725
0.050125 97.666873
0.050250 108.360808
0.050375 116.700934
0.050500 122.540211
0.050625 125.880121
0.050750 127.026291
0.050875 126.441194
0.051000 124.655734
0.051125 122.241838
0.051250 120.019685
0.051375 118.205564
0.051500 117.240094
0.051625 117.024200
0.051750 117.289271
0.051875 117.894785
0.052000 118.711756
0.052125 119.790789
0.052250 121.006545
0.052375 122.488895
0.052500 124.016484
0.052625 125.512644
0.052750 126.243240
0.052875 125.772724
0.053000 123.678380
0.053125 119.713048
0.053250 114.801524
0.053375 108.537581
0.053500 100.652077
0.053625 91.946128
0.053750 83.003343
0.053875 75.812599
0.054000 71.308434
0.054125 70.668126
0.054250 74.700363
0.054375 83.220650
0.054500 93.467228
0.054625 104.479924
0.054750 114.988218
0.054875 123.395681
0.055000 129.563858
0.055125 133.324654
0.055250 134.895973
0.055375 134.700783
0.055500 133.205069
0.055625 131.069211
0.055750 128.886064
0.055875 127.108449
0.056000 126.031188
0.056125 125.631420
0.056250 125.715367
0.056375 126.132061
0.056500 126.827740
0.056625 127.724428
0.056750 128.766768
0.056875 129.790638
0.057000 130.876183
0.057125 131.735884
0.057250 131.900596
0.057375 130.958348
0.057500 128.436479
0.057625 124.659037
0.057750 120.169884
0.057875 114.238041
0.058000 106.788216
0.058125 98.750546
0.058250 90.468780
0.058375 83.720026
0.058500 79.134840
0.058625 78.004265
0.058750 80.872602
0.058875 88.204104
0.059000 97.123262
0.059125 106.908452
0.059250 116.538859
0.059375 124.638771
0.059500 130.707537
0.059625 134.488976
0.059750 136.100111
0.059875 135.941639
0.060000 134.495595
0.060125 132.305305
0.060250 130.016497
0.060375 128.019021
0.060500 126.602252
0.060625 125.840467
0.060750 125.593797
0.060875 125.646327
0.061000 126.002095
0.061125 126.585981
0.061250 127.290684
0.061375 127.810626
0.061500 128.322490
0.061625 128.642274
0.061750 128.213101
0.061875 126.683015
0.062000 123.788775
0.062125 120.303902
0.062250 116.037608
0.062375 110.237139
