0.000000 0.000000
0.000125 35.151075
0.000250 63.837695
0.000375 89.218550
0.000500 110.017790
0.000625 125.737595
0.000750 135.934796
0.000875 140.298583
0.001000 140.110775
0.001125 135.884757
0.001250 129.692836
0.001375 122.279188
0.001500 114.797247
0.001625 109.582883
0.001750 109.616480
0.001875 114.941000
0.002000 122.698798
0.002125 131.250925
0.002250 137.826093
0.002375 141.489227
0.002500 141.306864
0.002625 137.537138
0.002750 131.024483
0.002875 122.787494
0.003000 116.032239
0.003125 112.083692
0.003250 113.702550
0.003375 119.936712
0.003500 127.856818
0.003625 135.355593
0.003750 141.559501
0.003875 145.493480
0.004000 145.142486
0.004125 140.195012
0.004250 129.248645
0.004375 113.062981
0.004500 91.895625
0.004625 66.556537
0.004750 38.652237
0.004875 24.268040
0.005000 50.158905
0.005125 77.964917
0.005250 102.339296
0.005375 122.022845
0.005500 136.621244
0.005625 145.574481
0.005750 148.971204
0.005875 148.053413
0.006000 143.497414
0.006125 136.976626
0.006250 129.467336
0.006375 122.288593
0.006500 117.908873
0.006625 119.022132
0.006750 124.614593
0.006875 132.358634
0.007000 140.216888
0.007125 145.944748
0.007250 148.592766
0.007375 147.432612
0.007500 143.004821
0.007625 135.862572
0.007750 127.645691
0.007875 121.291499
0.008000 118.393516
0.008125 120.759144
0.008250 126.997991
0.008375 134.428763
0.008500 141.293551
0.008625 146.884431
0.008750 149.545291
0.008875 148.040106
0.009000 141.640172
0.009125 129.383126
0.009250 112.151740
0.009375 90.184981
0.009500 64.528041
0.009625 39.245175
0.009750 35.281972
0.009875 58.257977
0.010000 84.596195
0.010125 107.651810
0.010250 125.973301
0.010375 139.189132
0.010500 146.693580
0.010625 149.086217
0.010750 147.206546
0.010875 142.073835
0.011000 135.118334
0.011125 127.474360
0.011250 120.647526
0.011375 117.147075
0.011500 118.866173
0.011625 124.387618
0.011750 131.810340
0.011875 138.801231
0.012000 143.486975
0.012125 145.024293
0.012250 142.944971
0.012375 137.851792
0.012500 130.229016
0.012625 122.270899
0.012750 116.516682
0.012875 114.623500
0.013000 117.433309
0.013125 123.366070
0.013250 130.200417
0.013375 136.396920
0.013500 141.068566
0.013625 142.578372
0.013750 139.860817
0.013875 132.129348
0.014000 118.850160
0.014125 100.680001
0.014250 78.158701
0.014375 53.402601
0.014500 32.981330
0.014625 35.394356
0.014750 56.589444
0.014875 80.827782
0.015000 102.552971
0.015125 119.808215
0.015250 131.719744
0.015375 138.255343
0.015500 139.945304
0.015625 137.456543
0.015750 132.241393
0.015875 125.346280
0.016000 118.068282
0.016125 112.183612
0.016250 109.894773
0.016375 112.322711
0.016500 118.052502
0.016625 125.272302
0.016750 131.768347
0.016875 135.896689
0.017000 136.897605
0.017125 134.605331
0.017250 129.437817
0.017375 122.320029
0.017500 115.470642
0.017625 111.112544
0.017750 110.690039
0.017875 114.380836
0.018000 120.575836
0.018125 127.460743
0.018250 133.553102
0.018375 137.972248
0.018500 138.997034
0.018625 135.800342
0.018750 127.499359
0.018875 113.971870
0.019000 95.786910
0.019125 74.470795
0.019250 52.360790
0.019375 38.128402
0.019500 45.043404
0.019625 65.261750
0.019750 87.625226
0.019875 108.235534
0.020000 124.754230
0.020125 136.059787
0.020250 142.195291
0.020375 143.696444
0.020500 141.282365
0.020625 136.431668
0.020750 130.099241
0.020875 123.747923
0.021000 119.123708
0.021125 118.178273
0.021250 121.351458
0.021375 127.231597
0.021500 134.161596
0.021625 140.012170
0.021750 143.487238
0.021875 143.864525
0.022000 141.225803
0.022125 136.030968
0.022250 129.408024
0.022375 123.510744
0.022500 120.190758
0.022625 120.617385
0.022750 124.526305
0.022875 130.489834
0.023000 136.772351
0.023125 142.169230
0.023250 145.565502
0.023375 145.387108
0.023500 141.012638
0.023625 131.553388
0.023750 117.237814
0.023875 99.330449
0.024000 78.615923
0.024125 59.759561
0.024250 50.320313
0.024375 59.257687
0.024500 77.716540
0.024625 97.758668
0.024750 116.253874
0.024875 131.158091
0.025000 141.171626
0.025125 146.297891
0.025250 147.051240
0.025375 144.161734
0.025500 139.177987
0.025625 132.952871
0.025750 127.018339
0.025875 123.115794
0.026000 122.788710
0.026125 126.022817
0.026250 131.419811
0.026375 137.434546
0.026500 142.141400
0.026625 144.564311
0.026750 143.988440
0.026875 140.749305
0.027000 135.373613
0.027125 129.076271
0.027250 123.864578
0.027375 121.221874
0.027500 122.057655
0.027625 125.888400
0.027750 131.262543
0.027875 136.720332
0.028000 141.131432
0.028125 143.190879
0.028250 141.675255
0.028375 135.926714
0.028500 125.321897
0.028625 110.886287
0.028750 92.796263
0.028875 73.595176
0.029000 57.509512
0.029125 51.953811
0.029250 61.818021
0.029375 78.940837
0.029500 97.051237
0.029625 113.452003
0.029750 126.473274
0.029875 135.280945
0.030000 139.521606
0.030125 139.650656
0.030250 136.542646
0.030375 131.545069
0.030500 125.585785
0.030625 120.222110
0.030750 117.076349
0.030875 117.246328
0.031000 120.410486
0.031125 125.389638
0.031250 130.493745
0.031375 134.209227
0.031500 135.756236
0.031625 134.542671
0.031750 131.008193
0.031875 125.758404
0.032000 120.112971
0.032125 115.779354
0.032250 114.010346
0.032375 115.352796
0.032500 119.243801
0.032625 124.303213
0.032750 129.196191
0.032875 132.858887
0.033000 133.856506
0.033125 131.411757
0.033250 124.855118
0.033375 114.255151
0.033500 99.870106
0.033625 82.617905
0.033750 65.920456
0.033875 52.875452
0.034000 51.246570
0.034125 61.959037
0.034250 78.320837
0.034375 95.450595
0.034500 110.463290
0.034625 122.389750
0.034750 130.439357
0.034875 134.554330
0.035000 134.903072
0.035125 132.354065
0.035250 128.135670
0.035375 123.235927
0.035500 119.197882
0.035625 117.410161
0.035750 118.646517
0.035875 122.358624
0.036000 127.471733
0.036125 132.370355
0.036250 135.806145
0.036375 137.174115
0.036500 136.079894
0.036625 132.937923
0.036750 128.488793
0.036875 124.001876
0.037000 120.944531
0.037125 120.355282
0.037250 122.470118
0.037375 126.647278
0.037500 131.596071
0.037625 136.150789
0.037750 139.143399
0.037875 139.358810
0.038000 136.156071
0.038125 129.472426
0.038250 118.724258
0.038375 104.537801
0.038500 88.907194
0.038625 74.204028
0.038750 63.971373
0.038875 65.423910
0.039000 76.127623
0.039125 91.399587
0.039250 107.051678
0.039375 120.444902
0.039500 130.885734
0.039625 137.651858
0.039750 141.095463
0.039875 141.200514
0.040000 138.643595
0.040125 134.622252
0.040250 130.248917
0.040375 126.854535
0.040500 125.671529
0.040625 127.089664
0.040750 130.622040
0.040875 135.164078
0.041000 139.156975
0.041125 141.684610
0.041250 142.276858
0.041375 140.661535
0.041500 137.318942
0.041625 133.030891
0.041750 128.966211
0.041875 126.414287
0.042000 126.180626
0.042125 128.330830
0.042250 132.051744
0.042375 136.231470
0.042500 139.801071
0.042625 141.550127
0.042750 140.493725
0.042875 136.521275
0.043000 129.063289
0.043125 117.643067
0.043250 103.744569
0.043375 89.347933
0.043500 75.949283
0.043625 67.947014
0.043750 71.334161
0.043875 81.613113
0.044000 95.603644
0.044125 109.723465
0.044250 121.647853
0.044375 130.422885
0.044500 135.921995
0.044625 138.344259
0.044750 138.026086
0.044875 135.375143
0.045000 131.533346
0.045125 127.546459
0.045250 124.629682
0.045375 123.803496
0.045500 125.249880
0.045625 128.483156
0.045750 132.358263
0.045875 135.454470
0.046000 137.160697
0.046125 137.042815
0.046250 134.931283
0.046375 131.469076
0.046500 127.331405
0.046625 123.599329
0.046750 121.461997
0.046875 121.536018
0.047000 123.594222
0.047125 126.854815
0.047250 130.284248
0.047375 132.856803
0.047500 133.458263
0.047625 131.638203
0.047750 126.934840
0.047875 118.689563
0.048000 107.015266
0.048125 93.970173
0.048250 80.486751
0.048375 68.478966
0.048500 62.564005
0.048625 67.664061
0.048750 77.673853
0.048875 90.757675
0.049000 103.705439
0.049125 114.704603
0.049250 122.295010
0.049375 126.960638
0.049500 128.622677
0.049625 128.313114
0.049750 126.028999
0.049875 122.834739
0.050000 119.603783
0.050125 117.627861
0.050250 117.572679
0.050375 119.548527
0.050500 122.926323
0.050625 126.749953
0.050750 129.670710
0.050875 131.258477
0.051000 131.078220
0.051125 129.236945
0.051250 126.270013
0.051375 122.953102
0.051500 120.208757
0.051625 118.990769
0.051750 119.943818
0.051875 122.552998
0.052000 125.938873
0.052125 129.281765
0.052250 131.547117
0.052375 132.082948
0.052500 130.274499
0.052625 125.449180
0.052750 117.084035
0.052875 106.410420
0.053000 94.819148
0.053125 82.478363
0.053250 72.696963
0.053375 69.489979
0.053500 76.053884
0.053625 86.152231
0.053750 98.752926
0.053875 111.118707
0.054000 121.545031
0.054125 128.628404
0.054250 132.712662
0.054375 133.995244
0.054500 133.619800
0.054625 131.908872
0.054750 129.399548
0.054875 126.992633
0.055000 125.794437
0.055125 126.362323
0.055250 128.630797
0.055375 132.012035
0.055500 135.520110
0.055625 138.048294
0.055750 139.260471
0.055875 138.827524
0.056000 136.868537
0.056125 133.977606
0.056250 130.869606
0.056375 128.514667
0.056500 127.631154
0.056625 128.715003
0.056750 131.127864
0.056875 133.999722
0.057000 136.609875
0.057125 138.131768
0.057250 138.080074
0.057375 135.522896
0.057500 129.866385
0.057625 121.247763
0.057750 111.047938
0.057875 99.852739
0.058000 87.979696
0.058125 79.626273
0.058250 78.499748
0.058375 85.169315
0.058500 94.692423
0.058625 106.211582
0.058750 117.446731
0.058875 126.781812
0.059000 132.859095
0.059125 135.866047
0.059250 136.325269
0.059375 135.331179
0.059500 133.554509
0.059625 131.233905
0.059750 129.084145
0.059875 128.155810
0.060000 128.839909
0.060125 130.910891
0.060250 133.944350
0.060375 136.838199
0.060500 138.700225
0.060625 139.345055
0.060750 138.391965
0.060875 136.098166
0.061000 133.061082
0.061125 129.849459
0.061250 127.624943
0.061375 126.811371
0.061500 127.782714
0.061625 129.749120
0.061750 131.975371
0.061875 133.757054
0.062000 134.782677
0.062125 133.984447
0.062250 130.576339
0.062375 124.142215
