0.000000 0.000000
0.000125 58.867857
0.000250 108.699440
0.000375 153.263465
0.000500 191.534916
0.000625 222.595195
0.000750 245.755257
0.000875 260.189315
0.001000 266.888886
0.001125 267.707394
0.001250 263.117089
0.001375 254.887778
0.001500 246.055484
0.001625 239.136906
0.001750 236.759724
0.001875 237.245323
0.002000 239.805707
0.002125 241.511802
0.002250 242.399237
0.002375 242.153857
0.002500 241.293211
0.002625 239.444214
0.002750 237.825206
0.002875 239.070865
0.003000 243.435622
0.003125 251.634938
0.003250 260.383038
0.003375 267.105857
0.003500 269.347544
0.003625 265.475483
0.003750 255.527209
0.003875 236.616022
0.004000 209.754700
0.004125 175.304944
0.004250 134.364338
0.004375 87.623056
0.004500 39.043352
0.004625 39.518206
0.004750 87.754795
0.004875 134.856058
0.005000 176.380633
0.005125 211.073592
0.005250 238.294673
0.005375 257.169217
0.005500 267.373760
0.005625 271.529869
0.005750 269.633938
0.005875 263.071840
0.006000 254.303934
0.006125 246.029877
0.006250 241.258674
0.006375 240.114224
0.006500 241.929662
0.006625 243.967787
0.006750 245.367857
0.006875 245.642408
0.007000 245.076468
0.007125 243.992806
0.007250 242.041054
0.007375 242.007583
0.007500 244.635669
0.007625 250.651006
0.007750 258.854485
0.007875 266.467827
0.008000 270.789205
0.008125 269.841710
0.008250 263.031754
0.008375 248.282184
0.008500 225.352691
0.008625 194.593752
0.008750 156.908287
0.008875 113.205289
0.009000 65.983086
0.009125 39.874744
0.009250 67.441295
0.009375 112.937515
0.009500 157.036743
0.009625 195.132508
0.009750 225.932502
0.009875 248.909131
0.010000 263.151187
0.010125 270.318577
0.010250 271.306262
0.010375 267.049430
0.010500 259.191232
0.010625 250.350392
0.010750 243.567090
0.010875 240.439333
0.011000 240.491347
0.011125 242.268798
0.011250 243.865863
0.011375 244.627740
0.011500 244.383933
0.011625 243.611666
0.011750 242.039263
0.011875 241.122276
0.012000 242.526792
0.012125 246.582304
0.012250 253.298397
0.012375 260.695118
0.012500 266.216154
0.012625 267.627002
0.012750 263.497123
0.012875 252.648360
0.013000 233.554179
0.013125 206.608592
0.013250 172.402141
0.013375 131.943055
0.013500 87.183475
0.013625 51.944209
0.013750 54.790440
0.013875 89.873767
0.014000 131.821352
0.014125 172.508801
0.014250 206.973629
0.014375 233.829826
0.014500 252.286353
0.014625 262.989735
0.014750 267.286285
0.014875 265.786810
0.015000 259.827353
0.015125 251.672857
0.015250 243.902510
0.015375 239.075402
0.015500 237.469668
0.015625 238.145970
0.015750 239.785095
0.015875 240.909277
0.016000 241.243635
0.016125 240.967379
0.016250 239.961108
0.016375 238.948391
0.016500 239.646385
0.016625 242.632394
0.016750 247.982319
0.016875 254.663336
0.017000 260.743069
0.017125 263.890805
0.017250 262.326459
0.017375 254.801485
0.017500 239.817079
0.017625 216.863678
0.017750 186.659687
0.017875 149.998002
0.018000 108.328369
0.018125 71.045409
0.018250 57.914949
0.018375 76.910888
0.018500 113.255989
0.018625 151.726851
0.018750 188.530694
0.018875 219.315489
0.019000 242.108437
0.019125 256.973088
0.019250 264.851966
0.019375 266.611753
0.019500 263.288006
0.019625 256.676455
0.019750 249.211019
0.019875 243.354628
0.020000 240.439321
0.020125 239.898767
0.020250 240.810605
0.020375 242.166958
0.020500 242.942461
0.020625 243.211189
0.020750 242.882254
0.020875 242.194473
0.021000 242.454351
0.021125 244.670799
0.021250 249.010762
0.021375 254.766857
0.021500 260.648747
0.021625 264.674416
0.021750 264.973094
0.021875 260.027988
0.022000 248.648100
0.022125 229.669068
0.022250 203.279372
0.022375 170.466648
0.022500 132.286307
0.022625 95.561116
0.022750 73.863130
0.022875 78.031373
0.023000 104.161205
0.023125 138.906595
0.023250 173.584767
0.023375 205.755303
0.023500 232.259677
0.023625 251.047912
0.023750 262.578433
0.023875 267.567889
0.024000 267.066463
0.024125 262.486563
0.024250 255.893870
0.024375 249.588820
0.024500 245.411085
0.024625 243.609900
0.024750 243.497246
0.024875 244.100477
0.025000 244.772293
0.025125 245.165956
0.025250 245.075892
0.025375 244.697788
0.025500 244.707343
0.025625 246.086322
0.025750 249.398294
0.025875 254.202420
0.026000 259.415486
0.026125 263.589766
0.026250 264.903648
0.026375 261.839910
0.026500 253.119701
0.026625 237.568298
0.026750 214.861855
0.026875 185.576879
0.027000 150.520505
0.027125 115.188683
0.027250 89.191919
0.027375 82.520789
0.027500 96.904730
0.027625 125.947842
0.027750 158.270921
0.027875 188.944645
0.028000 216.451224
0.028125 238.551739
0.028250 253.709715
0.028375 262.080747
0.028500 264.501963
0.028625 262.287427
0.028750 257.147169
0.028875 251.147901
0.029000 246.251541
0.029125 243.303660
0.029250 242.286602
0.029375 242.097892
0.029500 242.296726
0.029625 242.407006
0.029750 242.434115
0.029875 242.275547
0.030000 242.295684
0.030125 243.217066
0.030250 245.650941
0.030375 249.724955
0.030500 254.401002
0.030625 258.473554
0.030750 260.496074
0.030875 258.829027
0.031000 252.181659
0.031125 239.604083
0.031250 220.448528
0.031375 194.786192
0.031500 162.978542
0.031625 129.606857
0.031750 101.859432
0.031875 88.140746
0.032000 93.097402
0.032125 113.109801
0.032250 142.957798
0.032375 172.530704
0.032500 199.360365
0.032625 222.541882
0.032750 240.587831
0.032875 252.547963
0.033000 258.329054
0.033125 258.982843
0.033250 255.939819
0.033375 251.124441
0.033500 246.399801
0.033625 243.015282
0.033750 241.280551
0.033875 240.824582
0.034000 240.593255
0.034125 240.602289
0.034250 240.602951
0.034375 240.754365
0.034500 240.995984
0.034625 241.928204
0.034750 243.947225
0.034875 247.423940
0.035000 251.816253
0.035125 255.959335
0.035250 258.711009
0.035375 258.239339
0.035500 253.588183
0.035625 243.574567
0.035750 227.606970
0.035875 205.398210
0.036000 177.022336
0.036125 146.264401
0.036250 118.541488
0.036375 100.966708
0.036500 98.424677
0.036625 111.127680
0.036750 134.051199
0.036875 162.979299
0.037000 189.493263
0.037125 212.505345
0.037250 231.614051
0.037375 245.968367
0.037500 255.066377
0.037625 258.861791
0.037750 258.310070
0.037875 255.248278
0.038000 251.338073
0.038125 247.859845
0.038250 245.744988
0.038375 244.778699
0.038500 244.404335
0.038625 244.117165
0.038750 243.873791
0.038875 243.904432
0.039000 244.226832
0.039125 245.047218
0.039250 246.747544
0.039375 249.545337
0.039500 253.485490
0.039625 257.469991
0.039750 260.435800
0.039875 260.875704
0.040000 257.679380
0.040125 249.649863
0.040250 236.244798
0.040375 216.890473
0.040500 191.613194
0.040625 163.365787
0.040750 136.401025
0.040875 116.517554
0.041000 108.456627
0.041125 113.982036
0.041250 130.814424
0.041375 154.999106
0.041500 181.568508
0.041625 204.699800
0.041750 223.677132
0.041875 238.971502
0.042000 249.774511
0.042125 256.087171
0.042250 258.125157
0.042375 256.883748
0.042500 254.043933
0.042625 250.837040
0.042750 248.419590
0.042875 246.960059
0.043000 246.267306
0.043125 245.705034
0.043250 245.132340
0.043375 244.710923
0.043500 244.727628
0.043625 245.276080
0.043750 246.452835
0.043875 248.753046
0.044000 251.905807
0.044125 255.612775
0.044250 258.563675
0.044375 259.598022
0.044500 257.525796
0.044625 251.135849
0.044750 239.820584
0.044875 222.892326
0.045000 200.210737
0.045125 174.081236
0.045250 148.276819
0.045375 127.025773
0.045500 115.288370
0.045625 115.087025
0.045750 126.586005
0.045875 145.116255
0.046000 169.171334
0.046125 193.114909
0.046250 212.821918
0.046375 228.118605
0.046500 239.730507
0.046625 247.648764
0.046750 251.612345
0.046875 252.555089
0.047000 251.180087
0.047125 248.815777
0.047250 246.600338
0.047375 245.003391
0.047500 244.037035
0.047625 243.488081
0.047750 242.716947
0.047875 242.127107
0.048000 241.858974
0.048125 242.168459
0.048250 243.019086
0.048375 244.827755
0.048500 247.572641
0.048625 250.834256
0.048750 253.940280
0.048875 255.503864
0.049000 254.450226
0.049125 249.808755
0.049250 240.548414
0.049375 225.910357
0.049500 205.802103
0.049625 181.810044
0.049750 157.614648
0.049875 136.038103
0.050000 121.976876
0.050125 117.373413
0.050250 123.891991
0.050375 138.828842
0.050500 158.333102
0.050625 181.558376
0.050750 202.712360
0.050875 219.322749
0.051000 231.413130
0.051125 240.188472
0.051250 245.879912
0.051375 248.260684
0.051500 248.864082
0.051625 247.873438
0.051750 246.404333
0.051875 245.185094
0.052000 244.326380
0.052125 243.963477
0.052250 243.526648
0.052375 242.944332
0.052500 242.757864
0.052625 242.949375
0.052750 243.715707
0.052875 245.162246
0.053000 247.619807
0.053125 250.688024
0.053250 253.788381
0.053375 255.824098
0.053500 255.768649
0.053625 252.640582
0.053750 245.206181
0.053875 232.905864
0.054000 215.267401
0.054125 193.333338
0.054250 170.948231
0.054375 149.672091
0.054500 134.072584
0.054625 126.731699
0.054750 128.549980
0.054875 139.925471
0.055000 155.814936
0.055125 175.666490
0.055250 197.144497
0.055375 215.303342
0.055500 228.919751
0.055625 238.002460
0.055750 244.140682
0.055875 248.099908
0.056000 249.496581
0.056125 249.711031
0.056250 249.218685
0.056375 248.485043
0.056500 247.817734
0.056625 247.438157
0.056750 247.196692
0.056875 246.779623
0.057000 246.392258
0.057125 246.426911
0.057250 246.920671
0.057375 247.927824
0.057500 249.684151
0.057625 252.297102
0.057750 255.104684
0.057875 257.240678
0.058000 257.676488
0.058125 255.526658
0.058250 249.638294
0.058375 239.234065
0.058500 223.761276
0.058625 203.739302
0.058750 182.930313
0.058875 162.136372
0.059000 145.155519
0.059125 135.445903
0.059250 133.320397
0.059375 140.320288
0.059500 154.104803
0.059625 170.130097
0.059750 189.418000
0.059875 208.435385
0.060000 223.584791
0.060125 234.135582
0.060250 240.520662
0.060375 244.472692
0.060500 247.026355
0.060625 247.633159
0.060750 247.594062
0.060875 247.471227
0.061000 247.209778
0.061125 246.902488
0.061250 246.691000
0.061375 246.363776
0.061500 245.962824
0.061625 245.787331
0.061750 246.039840
0.061875 246.702897
0.062000 247.875666
0.062125 249.869693
0.062250 252.299525
0.062375 254.362866
