0.000000 0.000000
0.000125 30.377511
0.000250 53.091158
0.000375 73.128044
0.000500 89.455637
0.000625 101.482918
0.000750 109.197430
0.000875 113.770071
0.001000 115.502233
0.001125 115.445189
0.001250 113.871004
0.001375 110.923901
0.001500 107.623905
0.001625 104.916258
0.001750 104.078310
0.001875 106.026589
0.002000 109.148430
0.002125 111.918537
0.002250 113.774620
0.002375 114.679148
0.002500 114.425825
0.002625 113.174591
0.002750 111.146722
0.002875 109.212092
0.003000 108.791557
0.003125 110.838652
0.003250 114.376111
0.003375 118.200369
0.003500 121.487525
0.003625 123.415356
0.003750 123.977610
0.003875 122.073796
0.004000 117.233942
0.004125 109.092561
0.004250 96.748971
0.004375 80.551754
0.004500 61.916259
0.004625 44.396759
0.004750 39.439979
0.004875 55.176388
0.005000 74.900238
0.005125 93.085943
0.005250 107.807351
0.005375 118.422333
0.005500 125.043456
0.005625 129.023524
0.005750 129.582308
0.005875 128.793631
0.006000 126.395709
0.006125 123.049372
0.006250 119.829400
0.006375 117.799382
0.006500 117.848327
0.006625 119.838169
0.006750 122.646518
0.006875 125.153336
0.007000 126.694014
0.007125 126.965714
0.007250 125.912243
0.007375 123.927898
0.007500 121.622750
0.007625 119.850883
0.007750 119.561822
0.007875 121.189524
0.008000 124.123936
0.008125 127.303472
0.008250 129.933240
0.008375 131.122773
0.008500 130.875154
0.008625 127.662511
0.008750 121.527762
0.008875 111.947450
0.009000 98.543057
0.009125 82.274169
0.009250 65.038061
0.009375 51.286382
0.009500 51.301969
0.009625 66.144224
0.009750 84.216847
0.009875 100.629579
0.010000 113.627176
0.010125 122.554283
0.010250 127.900826
0.010375 130.502920
0.010500 130.124834
0.010625 128.456728
0.010750 125.368758
0.010875 121.630170
0.011000 118.266233
0.011125 116.204544
0.011250 116.326086
0.011375 118.085507
0.011500 120.367417
0.011625 122.069432
0.011750 122.764457
0.011875 122.286127
0.012000 120.707941
0.012125 118.347820
0.012250 115.824901
0.012375 114.019658
0.012500 113.807964
0.012625 115.369267
0.012750 117.782371
0.012875 120.182898
0.013000 121.750144
0.013125 121.899680
0.013250 120.176637
0.013375 115.705225
0.013500 108.229228
0.013625 97.352320
0.013750 82.992211
0.013875 65.654079
0.014000 47.810749
0.014125 34.845811
0.014250 38.696367
0.014375 56.022112
0.014500 74.785511
0.014625 90.701230
0.014750 102.710938
0.014875 110.613311
0.015000 115.066654
0.015125 116.740655
0.015250 116.235664
0.015375 114.464234
0.015500 111.347812
0.015625 107.580172
0.015750 104.193770
0.015875 102.234673
0.016000 102.628999
0.016125 104.604717
0.016250 106.729517
0.016375 108.077709
0.016500 108.575109
0.016625 108.253666
0.016750 107.186991
0.016875 105.474043
0.017000 103.592606
0.017125 102.704372
0.017250 103.587066
0.017375 105.889696
0.017500 108.705479
0.017625 111.200555
0.017750 112.741466
0.017875 112.861073
0.018000 111.060315
0.018125 106.773782
0.018250 99.740046
0.018375 89.231452
0.018500 75.404062
0.018625 59.564661
0.018750 43.965875
0.018875 36.321636
0.019000 44.252721
0.019125 61.842075
0.019250 80.360966
0.019375 95.992621
0.019500 107.730435
0.019625 115.572826
0.019750 120.202421
0.019875 122.145064
0.020000 122.137951
0.020125 120.718890
0.020250 118.215832
0.020375 115.353313
0.020500 113.197672
0.020625 112.645911
0.020750 113.980363
0.020875 116.429654
0.021000 118.978276
0.021125 120.852868
0.021250 121.737478
0.021375 121.569469
0.021500 120.420076
0.021625 118.822799
0.021750 117.434872
0.021875 116.939750
0.022000 117.810144
0.022125 119.787673
0.022250 122.192250
0.022375 124.327520
0.022500 125.539972
0.022625 125.419558
0.022750 123.246052
0.022875 118.611805
0.023000 111.006413
0.023125 100.364426
0.023250 87.447462
0.023375 73.474592
0.023500 61.955207
0.023625 58.710139
0.023750 66.184947
0.023875 80.597140
0.024000 96.250371
0.024125 109.809512
0.024250 119.878666
0.024375 126.569226
0.024500 130.165832
0.024625 131.232138
0.024750 130.493422
0.024875 128.409226
0.025000 125.506213
0.025125 122.577369
0.025250 120.580621
0.025375 120.143409
0.025500 121.239303
0.025625 123.245922
0.025750 125.231548
0.025875 126.497277
0.026000 126.712674
0.026125 125.848996
0.026250 124.150403
0.026375 122.152153
0.026500 120.495245
0.026625 119.763563
0.026750 120.166574
0.026875 121.489037
0.027000 123.130626
0.027125 124.498384
0.027250 125.113609
0.027375 124.270911
0.027500 121.263782
0.027625 115.578319
0.027750 107.013147
0.027875 95.834614
0.028000 82.410097
0.028125 68.591193
0.028250 58.537202
0.028375 57.081263
0.028500 65.158703
0.028625 78.796769
0.028750 93.490551
0.028875 105.878471
0.029000 114.908327
0.029125 120.638172
0.029250 123.418189
0.029375 123.867908
0.029500 122.625324
0.029625 120.163930
0.029750 116.997483
0.029875 113.840797
0.030000 111.658890
0.030125 111.090476
0.030250 111.901331
0.030375 113.349957
0.030500 114.610852
0.030625 115.091512
0.030750 114.693119
0.030875 113.448850
0.031000 111.486836
0.031125 109.357823
0.031250 107.759476
0.031375 107.096490
0.031500 107.442460
0.031625 108.478762
0.031750 109.761591
0.031875 110.771053
0.032000 110.799670
0.032125 109.294438
0.032250 105.513782
0.032375 98.975507
0.032500 89.947992
0.032625 78.098428
0.032750 63.767030
0.032875 49.894747
0.033000 41.155930
0.033125 42.608434
0.033250 52.823121
0.033375 67.416550
0.033500 82.562347
0.033625 95.060208
0.033750 104.008472
0.033875 109.760709
0.034000 112.744631
0.034125 113.712011
0.034250 113.078755
0.034375 111.345377
0.034500 108.963857
0.034625 106.776743
0.034750 105.648517
0.034875 106.082713
0.035000 107.747967
0.035125 109.782775
0.035250 111.529121
0.035375 112.647576
0.035500 112.901707
0.035625 112.344740
0.035750 111.232247
0.035875 110.138222
0.036000 109.616806
0.036125 109.921205
0.036250 111.228821
0.036375 113.184175
0.036500 115.249112
0.036625 116.821764
0.036750 117.256875
0.036875 115.912233
0.037000 112.304631
0.037125 106.357687
0.037250 97.783849
0.037375 86.739696
0.037500 74.689686
0.037625 64.602388
0.037750 60.180334
0.037875 63.364640
0.038000 72.998224
0.038125 85.904124
0.038250 99.248942
0.038375 110.517096
0.038500 118.700738
0.038625 123.879359
0.038750 126.388577
0.038875 126.967518
0.039000 125.987808
0.039125 124.148192
0.039250 121.942579
0.039375 120.227697
0.039500 119.565748
0.039625 120.093938
0.039750 121.549652
0.039875 123.315451
0.040000 124.737032
0.040125 125.360302
0.040250 125.073512
0.040375 123.982214
0.040500 122.472312
0.040625 121.148227
0.040750 120.452849
0.040875 120.643211
0.041000 121.724081
0.041125 123.315793
0.041250 124.788574
0.041375 125.648887
0.041500 125.312694
0.041625 123.120740
0.041750 118.955591
0.041875 112.395150
0.042000 103.281100
0.042125 92.394656
0.042250 81.442511
0.042375 73.146666
0.042500 70.385838
0.042625 73.894732
0.042750 82.562078
0.042875 93.879585
0.043000 105.347580
0.043125 115.092383
0.043250 122.041908
0.043375 126.206330
0.043500 127.928933
0.043625 127.848981
0.043750 126.433191
0.043875 124.213234
0.044000 121.848434
0.044125 119.996270
0.044250 119.105033
0.044375 119.299716
0.044500 120.219258
0.044625 121.277784
0.044750 121.888787
0.044875 121.751925
0.045000 120.794631
0.045125 119.225863
0.045250 117.439898
0.045375 116.067388
0.045500 115.390984
0.045625 115.579759
0.045750 116.281168
0.045875 117.258120
0.046000 117.899486
0.046125 117.790777
0.046250 116.347114
0.046375 113.346425
0.046500 108.329905
0.046625 100.622686
0.046750 90.412284
0.046875 78.871721
0.047000 67.794565
0.047125 60.127841
0.047250 58.736676
0.047375 63.030971
0.047500 72.085050
0.047625 83.067869
0.047750 93.917898
0.047875 103.086427
0.048000 109.463631
0.048125 113.156319
0.048250 114.646929
0.048375 114.442658
0.048500 112.915572
0.048625 110.690448
0.048750 108.320121
0.048875 106.446350
0.049000 105.555032
0.049125 105.679602
0.049250 106.340247
0.049375 107.073517
0.049500 107.368157
0.049625 107.159709
0.049750 106.367561
0.049875 105.153194
0.050000 104.074846
0.050125 103.684765
0.050250 103.942339
0.050375 104.740565
0.050500 105.886894
0.050625 107.015623
0.050750 107.741299
0.050875 107.639711
0.051000 106.598863
0.051125 104.022244
0.051250 99.024187
0.051375 91.342703
0.051500 81.610078
0.051625 71.371199
0.051750 62.282637
0.051875 57.613053
0.052000 58.694945
0.052125 64.674776
0.052250 74.423561
0.052375 85.582361
0.052500 96.368937
0.052625 105.587269
0.052750 112.293437
0.052875 116.418757
0.053000 118.488321
0.053125 118.916050
0.053250 118.154722
0.053375 116.825751
0.053500 115.444086
0.053625 114.616655
0.053750 114.689468
0.053875 115.505380
0.054000 116.753412
0.054125 117.868272
0.054250 118.577274
0.054375 118.671031
0.054500 118.309067
0.054625 117.743015
0.054750 117.322144
0.054875 117.327951
0.055000 117.814457
0.055125 118.667865
0.055250 119.697570
0.055375 120.622870
0.055500 121.090253
0.055625 120.983524
0.055750 119.723027
0.055875 116.561536
0.056000 111.112021
0.056125 103.538676
0.056250 94.794146
0.056375 86.119154
0.056500 79.244808
0.056625 76.390729
0.056750 77.939020
0.056875 83.303590
0.057000 91.582999
0.057125 100.995344
0.057250 109.985956
0.057375 117.759107
0.057500 123.286183
0.057625 126.570493
0.057750 127.943835
0.057875 127.815211
0.058000 126.726888
0.058125 125.132097
0.058250 123.686424
0.058375 122.816388
0.058500 122.657152
0.058625 123.073283
0.058750 123.787317
0.058875 124.325698
0.059000 124.442906
0.059125 124.089617
0.059250 123.382402
0.059375 122.570808
0.059500 121.890603
0.059625 121.550932
0.059750 121.533408
0.059875 121.825636
0.060000 122.164445
0.060125 122.353987
0.060250 122.230474
0.060375 121.472011
0.060500 119.294966
0.060625 115.144361
0.060750 108.863829
0.060875 100.808591
0.061000 92.003231
0.061125 83.494339
0.061250 77.445203
0.061375 75.253664
0.061500 76.974147
0.061625 82.072207
0.061750 89.637750
0.061875 97.999596
0.062000 106.051355
0.062125 112.870261
0.062250 117.662980
0.062375 120.374771
