0.000000 0.000000
0.000125 27.173173
0.000250 49.063896
0.000375 68.158257
0.000500 83.471808
0.000625 95.114310
0.000750 104.279621
0.000875 112.235246
0.001000 119.255226
0.001125 124.789312
0.001250 128.526204
0.001375 130.710407
0.001500 131.956966
0.001625 132.791866
0.001750 133.398427
0.001875 133.866771
0.002000 134.207221
0.002125 134.572529
0.002250 134.801483
0.002375 134.936155
0.002500 135.032070
0.002625 135.017829
0.002750 134.925761
0.002875 134.857894
0.003000 134.670024
0.003125 134.384433
0.003250 134.124366
0.003375 133.736487
0.003500 133.079115
0.003625 132.224274
0.003750 130.765647
0.003875 128.102908
0.004000 123.878352
0.004125 118.189693
0.004250 110.943412
0.004375 102.608686
0.004500 92.757104
0.004625 79.799149
0.004750 63.288498
0.004875 44.093865
0.005000 26.765532
0.005125 25.445874
0.005250 42.897408
0.005375 62.494257
0.005500 79.469598
0.005625 92.969265
0.005750 103.547898
0.005875 112.144935
0.006000 119.535510
0.006125 125.737503
0.006250 130.322015
0.006375 133.253869
0.006500 134.967504
0.006625 135.962531
0.006750 136.646651
0.006875 137.226291
0.007000 137.647297
0.007125 137.926383
0.007250 138.069816
0.007375 137.974972
0.007500 137.696705
0.007625 137.410017
0.007750 137.298763
0.007875 137.287413
0.008000 137.159072
0.008125 136.726511
0.008250 136.163816
0.008375 135.644906
0.008500 134.944851
0.008625 134.139247
0.008750 132.999574
0.008875 131.049433
0.009000 127.811201
0.009125 123.157381
0.009250 116.857223
0.009375 109.032569
0.009500 99.945770
0.009625 88.589196
0.009750 74.009580
0.009875 56.896429
0.010000 40.592597
0.010125 31.000665
0.010250 36.411524
0.010375 53.066988
0.010500 70.747877
0.010625 85.839375
0.010750 97.895451
0.010875 107.470455
0.011000 115.399638
0.011125 122.130616
0.011250 127.469774
0.011375 131.214343
0.011500 133.527033
0.011625 134.859333
0.011750 135.644038
0.011875 136.082770
0.012000 136.278294
0.012125 136.382668
0.012250 136.368141
0.012375 136.326615
0.012500 136.051655
0.012625 135.594552
0.012750 135.211663
0.012875 134.860627
0.013000 134.495540
0.013125 134.107131
0.013250 133.653778
0.013375 133.264527
0.013500 132.764015
0.013625 131.981331
0.013750 130.860015
0.013875 129.334869
0.014000 126.847143
0.014125 123.001438
0.014250 117.555816
0.014375 110.493154
0.014500 101.958445
0.014625 91.593127
0.014750 78.682117
0.014875 63.817625
0.015000 48.517756
0.015125 35.530371
0.015250 31.275423
0.015375 40.741967
0.015500 57.511390
0.015625 74.015214
0.015750 87.744531
0.015875 98.680416
0.016000 107.471422
0.016125 114.966265
0.016250 121.275642
0.016375 126.096520
0.016500 129.389101
0.016625 131.465782
0.016750 132.770274
0.016875 133.542162
0.017000 133.889315
0.017125 134.087793
0.017250 134.198833
0.017375 134.210326
0.017500 134.110963
0.017625 133.893619
0.017750 133.634626
0.017875 133.347817
0.018000 133.018100
0.018125 132.894860
0.018250 132.782357
0.018375 132.653079
0.018500 132.428964
0.018625 131.905487
0.018750 131.064708
0.018875 129.907801
0.019000 128.088602
0.019125 125.141558
0.019250 120.658454
0.019375 114.568423
0.019500 106.812218
0.019625 97.320133
0.019750 86.379743
0.019875 74.181770
0.020000 61.131210
0.020125 48.685406
0.020250 40.855821
0.020375 41.092361
0.020500 51.526658
0.020625 66.416542
0.020750 81.100024
0.020875 93.747079
0.021000 104.061751
0.021125 112.504508
0.021250 119.445488
0.021375 125.089047
0.021500 129.379378
0.021625 132.407320
0.021750 134.406531
0.021875 135.675924
0.022000 136.388517
0.022125 136.764541
0.022250 136.952320
0.022375 137.128048
0.022500 137.162553
0.022625 137.021907
0.022750 136.695610
0.022875 136.383119
0.023000 136.221173
0.023125 136.099941
0.023250 136.030237
0.023375 135.859327
0.023500 135.466145
0.023625 134.821368
0.023750 133.959378
0.023875 132.879197
0.024000 131.349366
0.024125 128.895286
0.024250 125.050743
0.024375 119.685628
0.024500 112.695977
0.024625 104.213134
0.024750 94.871860
0.024875 84.608415
0.025000 73.354486
0.025125 61.927862
0.025250 52.657349
0.025375 48.441769
0.025500 51.120631
0.025625 61.134359
0.025750 74.169715
0.025875 87.031936
0.026000 98.403188
0.026125 107.987877
0.026250 115.827409
0.026375 122.208514
0.026500 127.251195
0.026625 131.047644
0.026750 133.749753
0.026875 135.538620
0.027000 136.605459
0.027125 137.122543
0.027250 137.324955
0.027375 137.404055
0.027500 137.386142
0.027625 137.232530
0.027750 136.902578
0.027875 136.479724
0.028000 136.086581
0.028125 135.788096
0.028250 135.594614
0.028375 135.284050
0.028500 134.828636
0.028625 134.135246
0.028750 133.187111
0.028875 131.989633
0.029000 130.429499
0.029125 128.191588
0.029250 124.745584
0.029375 119.827802
0.029500 113.411347
0.029625 106.004222
0.029750 97.791764
0.029875 88.693383
0.030000 78.845819
0.030125 68.098380
0.030250 58.006094
0.030375 51.605682
0.030500 49.300350
0.030625 53.955175
0.030750 64.277512
0.030875 76.323737
0.031000 88.209522
0.031125 98.737275
0.031250 107.694736
0.031375 115.038042
0.031500 121.066836
0.031625 125.801759
0.031750 129.362565
0.031875 131.876771
0.032000 133.536242
0.032125 134.519358
0.032250 134.955453
0.032375 135.099738
0.032500 135.136535
0.032625 135.029388
0.032750 134.807006
0.032875 134.529818
0.033000 134.202444
0.033125 133.822261
0.033250 133.503169
0.033375 133.202541
0.033500 132.872369
0.033625 132.294586
0.033750 131.493701
0.033875 130.398090
0.034000 128.923953
0.034125 126.867055
0.034250 123.865099
0.034375 119.560270
0.034500 113.998957
0.034625 108.094543
0.034750 101.120067
0.034875 93.342849
0.035000 84.929208
0.035125 75.536146
0.035250 65.811559
0.035375 58.604698
0.035500 54.246033
0.035625 53.965857
0.035750 60.005031
0.035875 70.047150
0.036000 81.142016
0.036125 92.229100
0.036250 101.959269
0.036375 110.506878
0.036500 117.644560
0.036625 123.377476
0.036750 127.895592
0.036875 131.330041
0.037000 133.745216
0.037125 135.316569
0.037250 136.315747
0.037375 136.798651
0.037500 136.972053
0.037625 136.980351
0.037750 136.948976
0.037875 136.796916
0.038000 136.524028
0.038125 136.206736
0.038250 135.869053
0.038375 135.531513
0.038500 135.154649
0.038625 134.643836
0.038750 133.811123
0.038875 132.727039
0.039000 131.212318
0.039125 129.189401
0.039250 126.471199
0.039375 122.752932
0.039500 118.412201
0.039625 113.510927
0.039750 107.780498
0.039875 101.143875
0.040000 93.718992
0.040125 85.694209
0.040250 76.966171
0.040375 69.338378
0.040500 64.304878
0.040625 61.585851
0.040750 62.927888
0.040875 69.080070
0.041000 78.107530
0.041125 88.080315
0.041250 98.069762
0.041375 107.022638
0.041500 114.829015
0.041625 121.401591
0.041750 126.673553
0.041875 130.738921
0.042000 133.790279
0.042125 135.878376
0.042250 137.223318
0.042375 137.985771
0.042500 138.312967
0.042625 138.368260
0.042750 138.269489
0.042875 138.076593
0.043000 137.749765
0.043125 137.287495
0.043250 136.784943
0.043375 136.262530
0.043500 135.703208
0.043625 135.029833
0.043750 134.112017
0.043875 132.914732
0.044000 131.302748
0.044125 129.179954
0.044250 126.377074
0.044375 123.094982
0.044500 119.503740
0.044625 115.333995
0.044750 110.409904
0.044875 104.725213
0.045000 98.122208
0.045125 90.794911
0.045250 82.852474
0.045375 74.958170
0.045500 69.269809
0.045625 65.290062
0.045750 63.489475
0.045875 65.818075
0.046000 72.331465
0.046125 80.846465
0.046250 90.067423
0.046375 99.364292
0.046500 107.548290
0.046625 114.685200
0.046750 120.784594
0.046875 125.710799
0.047000 129.536869
0.047125 132.313788
0.047250 134.149414
0.047375 135.287515
0.047500 135.846983
0.047625 136.002012
0.047750 135.956351
0.047875 135.777003
0.048000 135.460441
0.048125 135.068335
0.048250 134.554935
0.048375 134.003408
0.048500 133.368188
0.048625 132.665665
0.048750 131.737113
0.048875 130.556244
0.049000 129.004213
0.049125 126.976841
0.049250 124.286477
0.049375 121.357120
0.049500 118.358686
0.049625 114.906951
0.049750 110.778174
0.049875 106.053519
0.050000 100.371259
0.050125 93.879536
0.050250 86.760676
0.050375 79.088554
0.050500 73.215634
0.050625 69.068721
0.050750 65.903412
0.050875 65.088188
0.051000 68.620795
0.051125 75.628973
0.051250 83.828120
0.051375 92.492858
0.051500 101.191999
0.051625 108.878182
0.051750 115.465779
0.051875 121.271978
0.052000 126.091888
0.052125 129.698657
0.052250 132.315449
0.052375 134.139266
0.052500 135.284690
0.052625 135.956198
0.052750 136.223634
0.052875 136.255116
0.053000 136.114334
0.053125 135.860765
0.053250 135.530230
0.053375 135.043406
0.053500 134.495957
0.053625 133.862496
0.053750 132.962850
0.053875 131.845726
0.054000 130.328892
0.054125 128.344213
0.054250 126.103216
0.054375 123.746091
0.054500 121.253781
0.054625 118.384121
0.054750 115.068245
0.054875 111.357085
0.055000 106.662950
0.055125 101.051913
0.055250 94.741744
0.055375 87.953512
0.055500 81.970440
0.055625 77.688004
0.055750 74.178979
0.055875 72.018973
0.056000 72.390121
0.056125 76.292545
0.056250 83.018867
0.056375 90.597296
0.056500 98.447225
0.056625 106.221616
0.056750 113.298739
0.056875 119.350438
0.057000 124.576221
0.057125 128.926398
0.057250 132.242937
0.057375 134.634308
0.057500 136.328790
0.057625 137.402973
0.057750 137.962334
0.057875 138.136581
0.058000 138.043691
0.058125 137.824344
0.058250 137.442042
0.058375 136.934579
0.058500 136.246336
0.058625 135.512719
0.058750 134.577836
0.058875 133.305948
0.059000 131.694043
0.059125 129.701431
0.059250 127.671140
0.059375 125.565327
0.059500 123.244991
0.059625 120.617133
0.059750 117.799753
0.059875 114.663753
0.060000 110.656024
0.060125 105.728185
0.060250 99.999435
0.060375 93.661995
0.060500 87.485890
0.060625 82.952222
0.060750 79.359339
0.060875 76.307694
0.061000 74.726842
0.061125 75.821163
0.061250 80.083434
0.061375 86.477722
0.061500 93.406538
0.061625 100.630906
0.061750 107.681404
0.061875 114.104650
0.062000 119.601975
0.062125 124.292411
0.062250 128.232111
0.062375 131.207923
