0.000000 0.000000
0.000125 22.443240
0.000250 36.836907
0.000375 50.998828
0.000500 64.218827
0.000625 76.366169
0.000750 86.756227
0.000875 95.059433
0.001000 101.035831
0.001125 104.562686
0.001250 105.218596
0.001375 103.458704
0.001500 100.423574
0.001625 97.456144
0.001750 95.433055
0.001875 94.253504
0.002000 92.883050
0.002125 91.055185
0.002250 90.228849
0.002375 90.905026
0.002500 91.473338
0.002625 91.462078
0.002750 91.104256
0.002875 91.484196
0.003000 93.405053
0.003125 95.290645
0.003250 96.863776
0.003375 98.791433
0.003500 101.603433
0.003625 104.904387
0.003750 107.436545
0.003875 108.029509
0.004000 105.826753
0.004125 101.163094
0.004250 94.182560
0.004375 85.084857
0.004500 74.090592
0.004625 61.869654
0.004750 48.922414
0.004875 36.192982
0.005000 27.135182
0.005125 28.509306
0.005250 38.665253
0.005375 51.564903
0.005500 64.570358
0.005625 76.867973
0.005750 87.839409
0.005875 96.958798
0.006000 103.837320
0.006125 108.474104
0.006250 110.280091
0.006375 109.384141
0.006500 106.805564
0.006625 103.893017
0.006750 101.466192
0.006875 99.725740
0.007000 98.257622
0.007125 96.624867
0.007250 95.283085
0.007375 95.114389
0.007500 95.454635
0.007625 95.547620
0.007750 95.386175
0.007875 95.542634
0.008000 96.740375
0.008125 98.481964
0.008250 100.102271
0.008375 101.842361
0.008500 104.219094
0.008625 107.055662
0.008750 109.726324
0.008875 110.975450
0.009000 109.719665
0.009125 105.884260
0.009250 99.723012
0.009375 91.360849
0.009500 81.082415
0.009625 69.341545
0.009750 56.719940
0.009875 44.195030
0.010000 34.090591
0.010125 31.021754
0.010250 36.957451
0.010375 47.901740
0.010500 60.151624
0.010625 72.270849
0.010750 83.357271
0.010875 92.946607
0.011000 100.493499
0.011125 105.857913
0.011250 108.664077
0.011375 108.641240
0.011500 106.645315
0.011625 103.695877
0.011750 100.845158
0.011875 98.663872
0.012000 97.027264
0.012125 95.355533
0.012250 93.719417
0.012375 93.011697
0.012500 93.110268
0.012625 93.160720
0.012750 92.920332
0.012875 92.713771
0.013000 93.180604
0.013125 94.568269
0.013250 96.042896
0.013375 97.543966
0.013500 99.516281
0.013625 102.021397
0.013750 104.580152
0.013875 106.059732
0.014000 105.680229
0.014125 102.727479
0.014250 97.420240
0.014375 89.877585
0.014500 80.148361
0.014625 68.730175
0.014750 56.164747
0.014875 42.669535
0.015000 30.166921
0.015125 23.172964
0.015250 26.460118
0.015375 36.717359
0.015500 49.203763
0.015625 61.666595
0.015750 73.183677
0.015875 83.322305
0.016000 91.746265
0.016125 97.986770
0.016250 101.836803
0.016375 103.140723
0.016500 102.104108
0.016625 99.714076
0.016750 97.087942
0.016875 94.933039
0.017000 93.426742
0.017125 92.055817
0.017250 90.630203
0.017375 89.784954
0.017500 89.880898
0.017625 90.155090
0.017750 90.205545
0.017875 90.256296
0.018000 90.572552
0.018125 91.818449
0.018250 93.461777
0.018375 95.241965
0.018500 97.272990
0.018625 99.832602
0.018750 102.619468
0.018875 104.671177
0.019000 105.129329
0.019125 103.482429
0.019250 99.418015
0.019375 93.087671
0.019500 84.621279
0.019625 74.354980
0.019750 62.729104
0.019875 50.342642
0.020000 38.894316
0.020125 31.470121
0.020250 31.114544
0.020375 38.199240
0.020500 48.920468
0.020625 60.809470
0.020750 72.521550
0.020875 83.112606
0.021000 92.166145
0.021125 99.207352
0.021250 104.040508
0.021375 106.467839
0.021500 106.587429
0.021625 105.059135
0.021750 102.864280
0.021875 100.697056
0.022000 98.969172
0.022125 97.481294
0.022250 96.128322
0.022375 95.153535
0.022500 94.843196
0.022625 94.888342
0.022750 95.039585
0.022875 95.163508
0.023000 95.538717
0.023125 96.490792
0.023250 98.003962
0.023375 99.738744
0.023500 101.688091
0.023625 104.064889
0.023750 106.587097
0.023875 108.613000
0.024000 109.408803
0.024125 108.406377
0.024250 105.094107
0.024375 99.538420
0.024500 91.932983
0.024625 82.487041
0.024750 71.637133
0.024875 60.209099
0.025000 49.730834
0.025125 41.987334
0.025250 39.200627
0.025375 42.537090
0.025500 50.551539
0.025625 60.685297
0.025750 71.468491
0.025875 81.795570
0.026000 91.022310
0.026125 98.407167
0.026250 103.716164
0.026375 106.778620
0.026500 107.575148
0.026625 106.631281
0.026750 104.675069
0.026875 102.424779
0.027000 100.327092
0.027125 98.588352
0.027250 97.094034
0.027375 95.806542
0.027500 95.053985
0.027625 94.842353
0.027750 94.867347
0.027875 94.833664
0.028000 95.019694
0.028125 95.491184
0.028250 96.549908
0.028375 97.974168
0.028500 99.598655
0.028625 101.506700
0.028750 103.668284
0.028875 105.553492
0.029000 106.480020
0.029125 105.848923
0.029250 103.189140
0.029375 98.305066
0.029500 91.343215
0.029625 82.477136
0.029750 71.928432
0.029875 60.437570
0.030000 49.339794
0.030125 40.462497
0.030250 35.338874
0.030375 36.000992
0.030500 42.572344
0.030625 52.013646
0.030750 62.356256
0.030875 72.684514
0.031000 82.252353
0.031125 90.227156
0.031250 96.194637
0.031375 99.984528
0.031500 101.673880
0.031625 101.519227
0.031750 100.030409
0.031875 97.945937
0.032000 95.855319
0.032125 94.055299
0.032250 92.624319
0.032375 91.386418
0.032500 90.471101
0.032625 90.158754
0.032750 90.246064
0.032875 90.333244
0.033000 90.566079
0.033125 90.884201
0.033250 91.746238
0.033375 93.249611
0.033500 94.878397
0.033625 96.688969
0.033750 98.767002
0.033875 100.752696
0.034000 102.002710
0.034125 101.998095
0.034250 100.157924
0.034375 96.297719
0.034500 90.384582
0.034625 82.511860
0.034750 72.896155
0.034875 62.208582
0.035000 51.632819
0.035125 43.012774
0.035250 37.227733
0.035375 35.851243
0.035500 40.470331
0.035625 49.046162
0.035750 58.996457
0.035875 69.077245
0.036000 78.831844
0.036125 87.504134
0.036250 94.334452
0.036375 99.091990
0.036500 101.913322
0.036625 102.798105
0.036750 102.264771
0.036875 100.767356
0.037000 99.053236
0.037125 97.454279
0.037250 96.230247
0.037375 95.098373
0.037500 94.230984
0.037625 93.771131
0.037750 93.862471
0.037875 94.175850
0.038000 94.593835
0.038125 95.089823
0.038250 95.995059
0.038375 97.427252
0.038500 99.200150
0.038625 101.044956
0.038750 102.943279
0.038875 104.775528
0.039000 106.188865
0.039125 106.549044
0.039250 105.351213
0.039375 102.239028
0.039500 97.099465
0.039625 90.184915
0.039750 81.674134
0.039875 72.157927
0.040000 62.822485
0.040125 54.711826
0.040250 48.925557
0.040375 46.241228
0.040500 48.088176
0.040625 54.017517
0.040750 62.309734
0.040875 71.291123
0.041000 80.233388
0.041125 88.499248
0.041250 95.458337
0.041375 100.656876
0.041500 104.016150
0.041625 105.566833
0.041750 105.617317
0.041875 104.514351
0.042000 102.881749
0.042125 101.162062
0.042250 99.683232
0.042375 98.373219
0.042500 97.268028
0.042625 96.405279
0.042750 96.072306
0.042875 96.107790
0.043000 96.333217
0.043125 96.659194
0.043250 97.240033
0.043375 98.262030
0.043500 99.752480
0.043625 101.398296
0.043750 103.026805
0.043875 104.533930
0.044000 105.634313
0.044125 106.011212
0.044250 105.098976
0.044375 102.401210
0.044500 97.803732
0.044625 91.389965
0.044750 83.411461
0.044875 74.323267
0.045000 65.119322
0.045125 56.899177
0.045250 50.314122
0.045375 46.261040
0.045500 45.878944
0.045625 49.896235
0.045750 57.052583
0.045875 65.461429
0.046000 73.940555
0.046125 81.944292
0.046250 88.955884
0.046375 94.575268
0.046500 98.553708
0.046625 100.700473
0.046750 101.333351
0.046875 100.771160
0.047000 99.395894
0.047125 97.701867
0.047250 96.162321
0.047375 94.801189
0.047500 93.651446
0.047625 92.589549
0.047750 92.020343
0.047875 91.903396
0.048000 91.996529
0.048125 92.195075
0.048250 92.546005
0.048375 93.251574
0.048500 94.528891
0.048625 96.023119
0.048750 97.485641
0.048875 98.754078
0.049000 99.794256
0.049125 100.361892
0.049250 99.772523
0.049375 97.732732
0.049500 93.771865
0.049625 88.044013
0.049750 80.626619
0.049875 72.036935
0.050000 63.244959
0.050125 55.228139
0.050250 48.652128
0.050375 43.729578
0.050500 41.743572
0.050625 44.192165
0.050750 50.666388
0.050875 58.959368
0.051000 67.567870
0.051125 75.595164
0.051250 82.852323
0.051375 89.100124
0.051500 93.898285
0.051625 97.192853
0.051750 98.883924
0.051875 99.196822
0.052000 98.469633
0.052125 97.326896
0.052250 96.205511
0.052375 95.198190
0.052500 94.343515
0.052625 93.522384
0.052750 92.990653
0.052875 92.933247
0.053000 93.249104
0.053125 93.689547
0.053250 94.210593
0.053375 95.047336
0.053500 96.281488
0.053625 97.930030
0.053750 99.599219
0.053875 101.056717
0.054000 102.153046
0.054125 102.894131
0.054250 102.813047
0.054375 101.427459
0.054500 98.393516
0.054625 93.562170
0.054750 87.223300
0.054875 79.826605
0.055000 72.189678
0.055125 65.054738
0.055250 58.905668
0.055375 54.140693
0.055500 51.580389
0.055625 52.372803
0.055750 56.634438
0.055875 63.349588
0.056000 71.109146
0.056125 78.754906
0.056250 85.696805
0.056375 91.733515
0.056500 96.602378
0.056625 100.331069
0.056750 102.583592
0.056875 103.443705
0.057000 103.204131
0.057125 102.278149
0.057250 101.156012
0.057375 100.078197
0.057500 99.059647
0.057625 98.171071
0.057750 97.461451
0.057875 97.100804
0.058000 97.130687
0.058125 97.408333
0.058250 97.795113
0.058375 98.452910
0.058500 99.392588
0.058625 100.695679
0.058750 102.140121
0.058875 103.355451
0.059000 104.239770
0.059125 104.710617
0.059250 104.595857
0.059375 103.381467
0.059500 100.716340
0.059625 96.422413
0.059750 90.682413
0.059875 83.833540
0.060000 76.677081
0.060125 69.803043
0.060250 63.780185
0.060375 58.707004
0.060500 55.166671
0.060625 54.334512
0.060750 56.737877
0.060875 61.906768
0.061000 68.658580
0.061125 75.776500
0.061250 82.426744
0.061375 88.226156
0.061500 93.030713
0.061625 96.868482
0.061750 99.559715
0.061875 100.944615
0.062000 101.083457
0.062125 100.409955
0.062250 99.303614
0.062375 98.226664
