0.000000 0.000000
0.000125 41.673783
0.000250 76.906347
0.000375 109.988527
0.000500 140.041553
0.000625 166.434376
0.000750 188.700856
0.000875 206.820030
0.001000 220.808027
0.001125 230.774746
0.001250 236.627859
0.001375 239.430824
0.001500 240.210004
0.001625 238.478570
0.001750 235.392610
0.001875 233.666309
0.002000 233.950999
0.002125 235.104865
0.002250 236.546271
0.002375 237.827586
0.002500 238.487736
0.002625 238.256862
0.002750 237.294049
0.002875 236.180691
0.003000 235.292591
0.003125 235.477790
0.003250 237.598188
0.003375 240.742451
0.003500 242.756395
0.003625 242.413772
0.003750 239.822497
0.003875 234.303674
0.004000 224.906078
0.004125 211.564147
0.004250 194.086464
0.004375 172.501672
0.004500 146.843064
0.004625 117.529805
0.004750 85.342894
0.004875 52.456213
0.005000 30.609232
0.005125 48.745706
0.005250 82.071377
0.005375 114.702527
0.005500 144.583452
0.005625 171.041396
0.005750 193.394222
0.005875 211.681898
0.006000 225.850184
0.006125 236.016405
0.006250 241.939022
0.006375 244.754732
0.006500 245.629242
0.006625 244.243008
0.006750 241.503709
0.006875 239.838220
0.007000 239.750431
0.007125 240.545155
0.007250 241.696696
0.007375 242.814876
0.007500 243.389789
0.007625 243.169647
0.007750 242.249057
0.007875 241.115352
0.008000 240.344391
0.008125 240.568795
0.008250 242.352477
0.008375 244.804771
0.008500 246.387194
0.008625 245.893400
0.008750 242.901292
0.008875 236.973767
0.009000 227.544085
0.009125 214.236483
0.009250 196.825300
0.009375 175.357204
0.009500 149.837011
0.009625 120.923513
0.009750 90.453635
0.009875 61.905567
0.010000 43.476472
0.010125 53.079418
0.010250 81.361839
0.010375 113.145049
0.010500 142.715892
0.010625 168.964311
0.010750 191.360151
0.010875 209.671082
0.011000 223.887950
0.011125 234.073335
0.011250 240.133527
0.011375 243.019522
0.011500 243.907237
0.011625 242.821243
0.011750 240.498513
0.011875 238.716614
0.012000 238.306167
0.012125 238.732575
0.012250 239.508338
0.012375 240.371444
0.012500 240.776783
0.012625 240.508301
0.012750 239.640380
0.012875 238.595139
0.013000 237.694547
0.013125 237.549735
0.013250 238.720787
0.013375 240.442936
0.013500 241.463552
0.013625 240.708888
0.013750 237.505514
0.013875 231.381709
0.014000 221.808303
0.014125 208.684049
0.014250 191.580747
0.014375 170.360387
0.014500 145.350241
0.014625 118.581291
0.014750 90.947723
0.014875 64.645630
0.015000 46.818571
0.015125 52.603462
0.015250 74.059462
0.015375 104.422575
0.015500 133.895279
0.015625 160.217852
0.015750 182.787296
0.015875 201.406930
0.016000 215.849383
0.016125 226.444981
0.016250 233.098081
0.016375 236.581845
0.016500 237.926636
0.016625 237.402237
0.016750 235.808198
0.016875 234.485611
0.017000 234.207627
0.017125 234.680080
0.017250 235.531169
0.017375 236.535587
0.017500 237.215482
0.017625 237.457804
0.017750 237.201902
0.017875 236.704786
0.018000 236.103872
0.018125 236.151882
0.018250 237.108258
0.018375 238.504155
0.018500 239.198328
0.018625 238.316612
0.018750 235.249456
0.018875 229.310044
0.019000 219.948379
0.019125 207.128830
0.019250 190.513331
0.019375 170.594762
0.019500 148.452868
0.019625 124.347747
0.019750 99.645885
0.019875 76.067705
0.020000 60.708641
0.020125 64.170448
0.020250 80.461425
0.020375 104.978890
0.020500 133.583502
0.020625 160.006211
0.020750 182.831434
0.020875 201.886026
0.021000 216.896441
0.021125 228.176543
0.021250 235.627220
0.021375 240.021114
0.021500 242.142317
0.021625 242.374937
0.021750 241.446109
0.021875 240.510546
0.022000 240.148719
0.022125 240.441082
0.022250 241.111225
0.022375 241.893532
0.022500 242.607235
0.022625 243.015733
0.022750 243.034624
0.022875 242.632309
0.023000 242.187834
0.023125 242.047054
0.023250 242.589787
0.023375 243.335655
0.023500 243.242577
0.023625 241.728851
0.023750 238.209863
0.023875 232.021901
0.024000 222.521864
0.024125 209.735515
0.024250 194.306318
0.024375 176.459726
0.024500 156.068946
0.024625 134.104261
0.024750 111.249405
0.024875 89.834954
0.025000 76.148883
0.025125 77.578830
0.025250 89.907833
0.025375 108.744523
0.025500 133.179806
0.025625 158.609646
0.025750 181.201324
0.025875 200.243043
0.026000 215.578029
0.026125 227.207606
0.026250 235.191792
0.026375 240.126285
0.026500 242.752739
0.026625 243.403972
0.026750 242.796003
0.026875 242.007773
0.027000 241.673554
0.027125 241.616700
0.027250 241.953961
0.027375 242.532098
0.027500 242.989417
0.027625 243.264194
0.027750 243.137429
0.027875 242.603451
0.028000 241.880094
0.028125 241.366799
0.028250 241.237190
0.028375 241.130198
0.028500 240.233038
0.028625 237.896684
0.028750 233.782728
0.028875 227.262203
0.029000 217.769196
0.029125 206.165187
0.029250 192.190979
0.029375 175.557875
0.029500 156.808459
0.029625 136.094431
0.029750 114.665145
0.029875 94.222615
0.030000 81.033294
0.030125 81.110297
0.030250 90.946330
0.030375 106.312215
0.030500 125.697338
0.030625 149.362416
0.030750 171.916790
0.030875 191.265471
0.031000 207.068960
0.031125 219.273565
0.031250 227.845710
0.031375 233.488757
0.031500 236.704907
0.031625 237.908418
0.031750 237.697864
0.031875 237.284122
0.032000 237.170478
0.032125 237.214734
0.032250 237.488968
0.032375 237.955771
0.032500 238.319728
0.032625 238.502360
0.032750 238.317811
0.032875 237.771502
0.033000 237.004117
0.033125 236.390088
0.033250 235.833873
0.033375 235.269520
0.033500 233.892641
0.033625 231.212589
0.033750 226.779321
0.033875 220.621981
0.034000 212.717514
0.034125 202.618019
0.034250 189.926424
0.034375 174.812013
0.034500 157.873057
0.034625 138.544902
0.034750 119.028203
0.034875 100.011201
0.035000 88.050104
0.035125 87.476266
0.035250 95.764812
0.035375 108.758653
0.035500 124.947304
0.035625 144.703682
0.035750 166.810881
0.035875 186.631073
0.036000 203.173755
0.036125 216.266228
0.036250 225.887231
0.036375 232.613174
0.036500 236.838714
0.036625 238.900940
0.036750 239.612517
0.036875 239.860635
0.037000 240.267682
0.037125 240.800754
0.037250 241.320460
0.037375 241.843686
0.037500 242.243285
0.037625 242.342849
0.037750 242.155673
0.037875 241.583304
0.038000 240.928178
0.038125 240.228940
0.038250 239.535196
0.038375 238.572279
0.038500 236.695041
0.038625 233.627099
0.038750 229.514314
0.038875 224.322299
0.039000 217.365691
0.039125 208.088779
0.039250 196.428676
0.039375 182.699814
0.039500 166.694804
0.039625 148.911639
0.039750 130.817994
0.039875 113.271809
0.040000 102.569550
0.040125 101.306165
0.040250 107.609981
0.040375 118.313647
0.040500 132.045760
0.040625 147.881374
0.040750 166.901436
0.040875 186.126553
0.041000 202.884533
0.041125 216.393683
0.041250 226.614907
0.041375 233.924031
0.041500 238.745304
0.041625 241.415904
0.041750 242.620225
0.041875 243.279312
0.042000 243.836347
0.042125 244.322912
0.042250 244.772253
0.042375 244.962699
0.042500 244.942526
0.042625 244.602349
0.042750 243.875462
0.042875 242.993384
0.043000 241.957513
0.043125 240.805016
0.043250 239.636387
0.043375 238.016277
0.043500 235.595134
0.043625 232.757573
0.043750 229.105241
0.043875 224.193001
0.044000 217.465694
0.044125 208.698873
0.044250 197.973203
0.044375 184.858387
0.044500 169.369945
0.044625 152.865375
0.044750 135.638416
0.044875 118.764457
0.045000 108.549312
0.045125 106.675810
0.045250 111.579061
0.045375 120.694946
0.045500 132.293031
0.045625 145.583963
0.045750 160.767688
0.045875 178.552454
0.046000 195.351280
0.046125 209.289544
0.046250 219.965288
0.046375 227.915546
0.046500 233.342958
0.046625 236.539598
0.046750 238.334970
0.046875 239.479029
0.047000 240.240905
0.047125 240.825201
0.047250 241.222941
0.047375 241.164611
0.047500 240.846816
0.047625 240.095151
0.047750 238.950774
0.047875 237.694566
0.048000 236.252084
0.048125 234.748791
0.048250 233.168795
0.048375 231.286905
0.048500 229.485230
0.048625 227.153873
0.048750 223.710781
0.048875 218.929431
0.049000 212.626369
0.049125 204.542641
0.049250 194.709846
0.049375 182.112614
0.049500 167.507997
0.049625 152.246121
0.049750 135.844807
0.049875 119.766210
0.050000 110.197345
0.050125 108.186492
0.050250 112.432573
0.050375 120.879856
0.050500 130.998110
0.050625 142.911645
0.050750 155.649694
0.050875 170.742227
0.051000 187.315352
0.051125 201.914785
0.051250 213.448837
0.051375 222.360001
0.051500 228.800076
0.051625 233.071112
0.051750 235.818411
0.051875 237.737286
0.052000 239.169250
0.052125 240.199622
0.052250 240.907004
0.052375 241.123746
0.052500 240.845603
0.052625 240.073445
0.052750 238.916396
0.052875 237.539068
0.053000 236.041540
0.053125 234.552178
0.053250 233.220489
0.053375 232.364759
0.053500 231.336535
0.053625 229.414515
0.053750 226.351451
0.053875 222.071220
0.054000 216.300340
0.054125 208.958224
0.054250 199.562363
0.054375 187.688821
0.054500 174.430725
0.054625 160.240948
0.054750 144.930255
0.054875 130.324121
0.055000 121.778955
0.055125 119.855129
0.055250 123.214702
0.055375 130.831165
0.055500 139.968451
0.055625 150.249823
0.055750 161.485158
0.055875 173.624590
0.056000 188.010568
0.056125 202.162959
0.056250 214.174666
0.056375 223.792489
0.056500 230.915450
0.056625 235.855716
0.056750 239.239916
0.056875 241.662353
0.057000 243.409500
0.057125 244.552043
0.057250 245.137693
0.057375 245.279025
0.057500 244.649116
0.057625 243.528585
0.057750 241.977974
0.057875 240.124615
0.058000 238.228976
0.058125 236.731681
0.058250 236.120865
0.058375 235.535049
0.058500 234.502687
0.058625 232.628167
0.058750 229.658137
0.058875 225.340383
0.059000 219.738978
0.059125 212.375707
0.059250 202.970648
0.059375 191.496946
0.059500 179.093915
0.059625 165.508682
0.059750 150.678084
0.059875 136.943081
0.060000 128.877048
0.060125 126.860435
0.060250 129.462199
0.060375 136.165017
0.060500 144.297604
0.060625 153.025194
0.060750 162.710939
0.060875 172.777329
0.061000 184.188694
0.061125 197.202510
0.061250 209.179261
0.061375 219.265389
0.061500 226.922535
0.061625 232.319261
0.061750 236.207737
0.061875 238.967754
0.062000 240.922628
0.062125 242.174444
0.062250 242.672542
0.062375 242.541871
