0.000000 0.000000
0.000125 24.503670
0.000250 41.979588
0.000375 57.722509
0.000500 71.753896
0.000625 84.050524
0.000750 94.237541
0.000875 102.393310
0.001000 108.604238
0.001125 112.887781
0.001250 115.124028
0.001375 115.937929
0.001500 115.355116
0.001625 113.718559
0.001750 111.373808
0.001875 108.672037
0.002000 106.200868
0.002125 104.305259
0.002250 102.896941
0.002375 102.273644
0.002500 102.661902
0.002625 103.993788
0.002750 105.914893
0.002875 108.476000
0.003000 111.800279
0.003125 115.243245
0.003250 118.066814
0.003375 120.111304
0.003500 120.886060
0.003625 120.330530
0.003750 118.147201
0.003875 114.036547
0.004000 108.070270
0.004125 100.179914
0.004250 90.263643
0.004375 78.419642
0.004500 64.764578
0.004625 49.496555
0.004750 34.131288
0.004875 30.474125
0.005000 40.971018
0.005125 55.648496
0.005250 70.390445
0.005375 83.802503
0.005500 95.499736
0.005625 105.254704
0.005750 113.099154
0.005875 118.970174
0.006000 122.894354
0.006125 124.929803
0.006250 125.277592
0.006375 124.501136
0.006500 122.727560
0.006625 120.307945
0.006750 117.766408
0.006875 115.380880
0.007000 113.322583
0.007125 111.878071
0.007250 111.166914
0.007375 111.288270
0.007500 112.304545
0.007625 113.960527
0.007750 116.203395
0.007875 119.172574
0.008000 122.089722
0.008125 124.244949
0.008250 125.643928
0.008375 125.776201
0.008500 124.377929
0.008625 121.367725
0.008750 116.574272
0.008875 109.931340
0.009000 101.460094
0.009125 91.042279
0.009250 78.682870
0.009375 64.790306
0.009500 51.138270
0.009625 43.570580
0.009750 44.276698
0.009875 52.150996
0.010000 63.351526
0.010125 74.941579
0.010250 86.464347
0.010375 96.934896
0.010500 105.640406
0.010625 112.602964
0.010750 117.829084
0.010875 121.257237
0.011000 122.942918
0.011125 123.006104
0.011250 122.021716
0.011375 120.214170
0.011500 117.993356
0.011625 115.594622
0.011750 113.252826
0.011875 111.262187
0.012000 109.887595
0.012125 109.099180
0.012250 109.068306
0.012375 109.701373
0.012500 110.913541
0.012625 112.873620
0.012750 115.095681
0.012875 117.095456
0.013000 118.452076
0.013125 118.922028
0.013250 118.243995
0.013375 116.091994
0.013500 112.315846
0.013625 106.748156
0.013750 99.338191
0.013875 90.177929
0.014000 79.237996
0.014125 66.745405
0.014250 54.764385
0.014375 46.533526
0.014500 43.462510
0.014625 45.446245
0.014750 51.900090
0.014875 61.030217
0.015000 70.699950
0.015125 79.751008
0.015250 88.297432
0.015375 95.966439
0.015500 102.208755
0.015625 106.673896
0.015750 109.457554
0.015875 110.920988
0.016000 111.147445
0.016125 110.339252
0.016250 108.989306
0.016375 107.501941
0.016500 105.681558
0.016625 103.844616
0.016750 102.644227
0.016875 102.146692
0.017000 101.998140
0.017125 102.492227
0.017250 103.498592
0.017375 105.226804
0.017500 107.295815
0.017625 109.348264
0.017750 111.087183
0.017875 112.189815
0.018000 112.365458
0.018125 111.457701
0.018250 109.208637
0.018375 105.389779
0.018500 99.906790
0.018625 92.594437
0.018750 83.583120
0.018875 73.397127
0.019000 63.818497
0.019125 56.821021
0.019250 53.180301
0.019375 52.646572
0.019500 55.982616
0.019625 62.111863
0.019750 70.301413
0.019875 78.939888
0.020000 87.269327
0.020125 94.532967
0.020250 100.774086
0.020375 106.290633
0.020500 110.825057
0.020625 113.897077
0.020750 115.659207
0.020875 116.302201
0.021000 116.152272
0.021125 115.502370
0.021250 114.687792
0.021375 113.746263
0.021500 113.000654
0.021625 112.454355
0.021750 112.311130
0.021875 112.687232
0.022000 113.468429
0.022125 114.694982
0.022250 116.301589
0.022375 117.937911
0.022500 119.238325
0.022625 120.086220
0.022750 120.352128
0.022875 119.582582
0.023000 117.642155
0.023125 114.490085
0.023250 109.861664
0.023375 103.637992
0.023500 95.804205
0.023625 87.034406
0.023750 78.928219
0.023875 72.544247
0.024000 68.354461
0.024125 66.730334
0.024250 67.099967
0.024375 70.544438
0.024500 75.762583
0.024625 82.310993
0.024750 89.499522
0.024875 96.134598
0.025000 102.298252
0.025125 107.015860
0.025250 110.547442
0.025375 113.709648
0.025500 115.980102
0.025625 117.602742
0.025750 118.391477
0.025875 118.341220
0.026000 117.793213
0.026125 117.023484
0.026250 116.285585
0.026375 115.685166
0.026500 115.226270
0.026625 115.088733
0.026750 115.398297
0.026875 116.055563
0.027000 116.972715
0.027125 118.024241
0.027250 118.904619
0.027375 119.283969
0.027500 119.137237
0.027625 118.313628
0.027750 116.492967
0.027875 113.470215
0.028000 109.104295
0.028125 103.360307
0.028250 96.521539
0.028375 88.858334
0.028500 81.845474
0.028625 76.065223
0.028750 71.909575
0.028875 69.592773
0.029000 68.704925
0.029125 69.457252
0.029250 72.633046
0.029375 77.100874
0.029500 82.177442
0.029625 88.158733
0.029750 93.453178
0.029875 98.067584
0.030000 101.986548
0.030125 104.701695
0.030250 106.269341
0.030375 107.568865
0.030500 108.620215
0.030625 109.233788
0.030750 109.487768
0.030875 109.262990
0.031000 108.786804
0.031125 108.331282
0.031250 108.012220
0.031375 107.692030
0.031500 107.509867
0.031625 107.787608
0.031750 108.360803
0.031875 109.075124
0.032000 109.656632
0.032125 109.971644
0.032250 109.676132
0.032375 108.703994
0.032500 107.045500
0.032625 104.417475
0.032750 100.645038
0.032875 95.471018
0.033000 89.525036
0.033125 83.044207
0.033250 77.275011
0.033375 72.493108
0.033500 69.266043
0.033625 66.985650
0.033750 66.442233
0.033875 66.241267
0.034000 68.073076
0.034125 71.414416
0.034250 75.792248
0.034375 80.363026
0.034500 85.808193
0.034625 90.917692
0.034750 94.951644
0.034875 98.519747
0.035000 101.521063
0.035125 103.590943
0.035250 104.702813
0.035375 105.406071
0.035500 106.281243
0.035625 107.074221
0.035750 107.814250
0.035875 108.518124
0.036000 109.107804
0.036125 109.747787
0.036250 110.380534
0.036375 111.056170
0.036500 111.915951
0.036625 112.922133
0.036750 113.830714
0.036875 114.399559
0.037000 114.553114
0.037125 114.111984
0.037250 112.989951
0.037375 110.990581
0.037500 107.962725
0.037625 103.760266
0.037750 98.838064
0.037875 93.408679
0.038000 88.859721
0.038125 85.112134
0.038250 82.318901
0.038375 80.350062
0.038500 79.672855
0.038625 79.617020
0.038750 79.759736
0.038875 82.101110
0.039000 85.137119
0.039125 88.933259
0.039250 92.771475
0.039375 97.079917
0.039500 101.417727
0.039625 104.904400
0.039750 107.446015
0.039875 109.899636
0.040000 111.913276
0.040125 113.013213
0.040250 113.300259
0.040375 113.296799
0.040500 113.678822
0.040625 114.147370
0.040750 114.773645
0.040875 115.623118
0.041000 116.464740
0.041125 117.205792
0.041250 117.908125
0.041375 118.616863
0.041500 119.229913
0.041625 119.558361
0.041750 119.458300
0.041875 118.733506
0.042000 117.395684
0.042125 115.251660
0.042250 112.232147
0.042375 108.343224
0.042500 103.838717
0.042625 98.769923
0.042750 94.603795
0.042875 91.088021
0.043000 88.351801
0.043125 86.293807
0.043250 85.031488
0.043375 84.760090
0.043500 84.448741
0.043625 84.520432
0.043750 86.825139
0.043875 89.265364
0.044000 92.361740
0.044125 95.318775
0.044250 98.416163
0.044375 101.836078
0.044500 104.706480
0.044625 106.720641
0.044750 108.203776
0.044875 109.726128
0.045000 110.824575
0.045125 111.224930
0.045250 111.196149
0.045375 110.758945
0.045500 110.479243
0.045625 110.747067
0.045750 111.285025
0.045875 111.970659
0.046000 112.714048
0.046125 113.302341
0.046250 113.730804
0.046375 113.864379
0.046500 113.621077
0.046625 112.824785
0.046750 111.396844
0.046875 109.204248
0.047000 106.155810
0.047125 102.377283
0.047250 98.252937
0.047375 93.616052
0.047500 89.775243
0.047625 86.677142
0.047750 84.016715
0.047875 82.021645
0.048000 80.331014
0.048125 79.834857
0.048250 79.348306
0.048375 78.831524
0.048500 79.119324
0.048625 81.181062
0.048750 83.214687
0.048875 85.962745
0.049000 88.456819
0.049125 90.790650
0.049250 93.559257
0.049375 96.254895
0.049500 98.196434
0.049625 99.518969
0.049750 100.738552
0.049875 102.088840
0.050000 102.984579
0.050125 103.709642
0.050250 103.938922
0.050375 103.720428
0.050500 103.704159
0.050625 104.342311
0.050750 105.149841
0.050875 106.061095
0.051000 107.060225
0.051125 107.869295
0.051250 108.192661
0.051375 108.097189
0.051500 107.384739
0.051625 105.959103
0.051750 103.698245
0.051875 100.879576
0.052000 97.617714
0.052125 94.076375
0.052250 91.294771
0.052375 89.231540
0.052500 87.502548
0.052625 86.317169
0.052750 85.217120
0.052875 84.853217
0.053000 85.089638
0.053125 85.042429
0.053250 84.829184
0.053375 85.853537
0.053500 88.051525
0.053625 90.240789
0.053750 93.050820
0.053875 95.819801
0.054000 98.072315
0.054125 100.711430
0.054250 103.428591
0.054375 105.579830
0.054500 107.262722
0.054625 108.676750
0.054750 110.060324
0.054875 111.612342
0.055000 112.754270
0.055125 113.511739
0.055250 113.824116
0.055375 113.848550
0.055500 113.847892
0.055625 114.074913
0.055750 114.493578
0.055875 114.958379
0.056000 115.317466
0.056125 115.326945
0.056250 114.794020
0.056375 113.540658
0.056500 111.533700
0.056625 109.051150
0.056750 106.077269
0.056875 102.803243
0.057000 100.352840
0.057125 98.575562
0.057250 97.033930
0.057375 95.906323
0.057500 94.850978
0.057625 94.076607
0.057750 94.131928
0.057875 94.001325
0.058000 93.509792
0.058125 92.916512
0.058250 93.877757
0.058375 95.482793
0.058500 97.026059
0.058625 99.327078
0.058750 101.637304
0.058875 103.282979
0.059000 105.152099
0.059125 107.308732
0.059250 109.193245
0.059375 110.580993
0.059500 111.764886
0.059625 112.811392
0.059750 113.769058
0.059875 114.984993
0.060000 115.857933
0.060125 116.302882
0.060250 116.332004
0.060375 115.996453
0.060500 115.333401
0.060625 114.719647
0.060750 114.222483
0.060875 113.538745
0.061000 112.724420
0.061125 111.503730
0.061250 109.526067
0.061375 107.136217
0.061500 104.303757
0.061625 101.207645
0.061750 98.858804
0.061875 97.269696
0.062000 95.887331
0.062125 94.853534
0.062250 93.881836
0.062375 92.921791
