0.000000 0.000000
0.000125 19.331456
0.000250 32.216126
0.000375 44.538773
0.000500 56.164178
0.000625 66.707961
0.000750 75.470114
0.000875 82.572425
0.001000 88.490025
0.001125 92.667859
0.001250 94.582258
0.001375 94.973074
0.001500 94.095874
0.001625 92.127132
0.001750 89.565085
0.001875 87.049639
0.002000 84.986900
0.002125 83.857729
0.002250 83.500703
0.002375 83.738440
0.002500 84.441423
0.002625 85.536937
0.002750 87.187845
0.002875 89.735126
0.003000 93.103444
0.003125 96.940089
0.003250 100.741655
0.003375 103.989069
0.003500 106.089092
0.003625 106.807332
0.003750 105.968110
0.003875 103.051080
0.004000 98.308542
0.004125 92.235953
0.004250 84.648627
0.004375 75.608510
0.004500 65.694041
0.004625 55.580623
0.004750 46.632255
0.004875 42.326857
0.005000 47.019744
0.005125 56.983444
0.005250 67.975172
0.005375 78.755332
0.005500 88.620855
0.005625 97.100697
0.005750 103.979639
0.005875 109.566901
0.006000 113.517122
0.006125 115.148893
0.006250 115.233141
0.006375 114.060094
0.006500 111.735934
0.006625 108.821711
0.006750 105.805614
0.006875 103.151089
0.007000 101.229028
0.007125 100.145355
0.007250 99.784513
0.007375 99.970634
0.007500 100.702586
0.007625 102.100566
0.007750 104.300485
0.007875 107.186397
0.008000 110.325202
0.008125 113.326273
0.008250 115.868113
0.008375 117.266828
0.008500 117.257364
0.008625 115.891149
0.008750 112.637017
0.008875 107.451977
0.009000 100.947600
0.009125 93.104625
0.009250 83.973756
0.009375 74.113455
0.009500 64.397581
0.009625 56.057978
0.009750 51.568628
0.009875 53.882496
0.010000 61.664699
0.010125 71.292419
0.010250 80.992842
0.010375 90.033016
0.010500 97.831048
0.010625 104.150706
0.010750 109.049734
0.010875 112.338219
0.011000 113.566137
0.011125 113.087917
0.011250 111.356468
0.011375 108.598927
0.011500 105.194717
0.011625 101.683497
0.011750 98.540055
0.011875 96.096226
0.012000 94.453463
0.012125 93.526296
0.012250 93.194167
0.012375 93.391692
0.012500 94.125964
0.012625 95.548782
0.012750 97.562732
0.012875 99.905071
0.013000 102.182926
0.013125 103.916412
0.013250 104.666411
0.013375 104.106453
0.013500 101.997186
0.013625 98.267936
0.013750 92.704497
0.013875 85.606955
0.014000 77.137617
0.014125 67.486011
0.014250 57.049173
0.014375 46.432603
0.014500 36.741463
0.014625 30.739349
0.014750 31.340298
0.014875 38.895227
0.015000 48.889986
0.015125 58.884394
0.015250 67.966314
0.015375 75.723196
0.015500 81.993881
0.015625 86.798015
0.015750 89.854908
0.015875 91.221002
0.016000 90.922407
0.016125 89.221699
0.016250 86.517404
0.016375 83.346008
0.016500 80.020106
0.016625 77.065170
0.016750 75.415351
0.016875 74.826428
0.017000 74.815731
0.017125 75.444410
0.017250 76.599344
0.017375 78.168089
0.017500 80.070680
0.017625 82.721311
0.017750 85.912276
0.017875 89.074340
0.018000 91.687643
0.018125 93.527141
0.018250 94.268953
0.018375 93.480789
0.018500 91.137629
0.018625 87.095411
0.018750 81.454160
0.018875 74.745610
0.019000 67.129390
0.019125 58.853200
0.019250 50.459689
0.019375 43.307674
0.019500 39.489102
0.019625 40.620442
0.019750 47.402743
0.019875 57.380775
0.020000 67.993702
0.020125 77.974519
0.020250 86.702658
0.020375 94.044590
0.020500 99.800669
0.020625 103.935244
0.020750 106.438072
0.020875 107.301585
0.021000 106.875889
0.021125 105.519581
0.021250 103.485743
0.021375 101.254881
0.021500 99.244386
0.021625 97.764072
0.021750 97.001396
0.021875 96.916955
0.022000 97.393593
0.022125 98.310211
0.022250 99.704433
0.022375 101.644038
0.022500 104.018245
0.022625 106.662136
0.022750 109.260738
0.022875 111.375420
0.023000 112.635050
0.023125 112.787036
0.023250 111.633004
0.023375 109.047093
0.023500 104.998214
0.023625 99.571145
0.023750 93.130659
0.023875 85.979477
0.024000 78.289972
0.024125 70.839795
0.024250 64.653856
0.024375 61.046708
0.024500 61.026109
0.024625 65.037616
0.024750 72.232506
0.024875 80.757895
0.025000 89.240636
0.025125 96.844143
0.025250 103.357385
0.025375 108.469493
0.025500 112.051329
0.025625 114.177196
0.025750 114.810173
0.025875 114.177025
0.026000 112.610588
0.026125 110.265317
0.026250 107.626428
0.026375 105.193072
0.026500 103.112934
0.026625 101.681258
0.026750 100.860207
0.026875 100.586565
0.027000 100.778260
0.027125 101.417886
0.027250 102.509498
0.027375 104.020254
0.027500 105.727651
0.027625 107.459347
0.027750 108.708736
0.027875 109.197504
0.028000 108.682988
0.028125 106.966899
0.028250 104.003334
0.028375 99.793956
0.028500 94.187112
0.028625 87.504422
0.028750 79.991847
0.028875 71.896199
0.029000 63.967853
0.029125 57.312153
0.029250 52.826589
0.029375 51.319522
0.029500 53.625941
0.029625 59.575667
0.029750 67.221248
0.029875 75.067433
0.030000 82.296263
0.030125 88.431351
0.030250 93.224770
0.030375 96.586080
0.030500 98.534392
0.030625 99.067627
0.030750 98.319830
0.030875 96.482866
0.031000 93.915645
0.031125 91.015895
0.031250 88.257224
0.031375 85.829245
0.031500 83.902980
0.031625 82.575280
0.031750 81.735401
0.031875 81.279202
0.032000 81.272220
0.032125 81.748732
0.032250 82.651865
0.032375 83.827542
0.032500 85.064216
0.032625 86.059900
0.032750 86.265620
0.032875 85.569839
0.033000 84.075422
0.033125 81.471760
0.033250 77.414128
0.033375 72.594955
0.033500 67.104793
0.033625 60.439861
0.033750 53.312915
0.033875 46.575825
0.034000 40.928687
0.034125 37.242016
0.034250 36.038723
0.034375 38.526443
0.034500 44.868079
0.034625 53.497174
0.034750 62.454842
0.034875 70.990356
0.035000 78.625670
0.035125 84.966524
0.035250 89.868623
0.035375 93.408451
0.035500 95.590336
0.035625 96.460183
0.035750 96.316453
0.035875 95.446029
0.036000 94.125922
0.036125 92.783030
0.036250 91.673155
0.036375 90.962666
0.036500 90.768516
0.036625 91.066346
0.036750 91.769203
0.036875 92.803727
0.037000 94.224658
0.037125 95.983794
0.037250 97.951342
0.037375 99.925212
0.037500 101.606548
0.037625 102.844526
0.037750 103.459777
0.037875 103.128628
0.038000 101.702365
0.038125 99.117449
0.038250 95.316168
0.038375 90.346032
0.038500 84.602882
0.038625 78.596579
0.038750 72.916234
0.038875 68.161173
0.039000 65.049120
0.039125 63.840624
0.039250 65.189203
0.039375 69.456162
0.039500 75.821976
0.039625 83.104720
0.039750 90.331847
0.039875 96.946077
0.040000 102.556191
0.040125 106.915379
0.040250 110.096501
0.040375 111.959565
0.040500 112.619114
0.040625 112.267922
0.040750 111.191714
0.040875 109.643236
0.041000 107.961755
0.041125 106.358990
0.041250 104.999118
0.041375 103.987213
0.041500 103.485500
0.041625 103.548370
0.041750 103.836008
0.041875 104.506520
0.042000 105.522224
0.042125 106.718884
0.042250 107.945724
0.042375 109.118809
0.042500 109.935530
0.042625 110.099485
0.042750 109.401119
0.042875 107.614777
0.043000 104.714210
0.043125 100.621382
0.043250 95.459427
0.043375 89.596487
0.043500 83.459061
0.043625 77.629654
0.043750 72.528490
0.043875 68.708451
0.044000 66.431160
0.044125 66.350656
0.044250 68.956500
0.044375 73.743696
0.044500 79.825176
0.044625 86.097703
0.044750 91.909391
0.044875 96.918842
0.045000 100.890888
0.045125 103.736229
0.045250 105.342302
0.045375 105.720229
0.045500 105.082096
0.045625 103.692772
0.045750 101.874924
0.045875 99.813166
0.046000 97.706473
0.046125 95.731337
0.046250 94.062049
0.046375 92.881635
0.046500 92.094860
0.046625 91.661394
0.046750 91.519953
0.046875 91.638205
0.047000 92.107734
0.047125 92.793566
0.047250 93.462537
0.047375 93.807024
0.047500 93.495500
0.047625 92.332464
0.047750 90.135400
0.047875 86.719062
0.048000 82.149447
0.048125 76.481387
0.048250 70.163607
0.048375 63.589526
0.048500 57.338393
0.048625 51.702122
0.048750 47.395411
0.048875 44.301479
0.049000 43.224703
0.049125 45.028531
0.049250 49.477810
0.049375 55.477501
0.049500 61.947815
0.049625 67.969475
0.049750 73.240317
0.049875 77.508921
0.050000 80.879095
0.050125 83.792432
0.050250 85.371955
0.050375 85.930725
0.050500 85.770988
0.050625 85.211172
0.050750 84.185741
0.050875 83.004905
0.051000 82.064992
0.051125 81.352392
0.051250 81.065145
0.051375 81.309487
0.051500 81.945282
0.051625 82.941852
0.051750 84.356941
0.051875 86.114635
0.052000 88.044694
0.052125 89.924256
0.052250 91.536511
0.052375 92.607509
0.052500 92.858759
0.052625 92.037861
0.052750 90.118934
0.052875 87.113613
0.053000 83.281235
0.053125 78.889664
0.053250 74.362267
0.053375 70.096061
0.053500 66.282283
0.053625 63.409859
0.053750 61.660520
0.053875 61.495768
0.054000 63.656008
0.054125 67.865636
0.054250 73.651244
0.054375 80.194664
0.054500 86.651651
0.054625 92.459488
0.054750 97.468753
0.054875 101.581612
0.055000 104.562054
0.055125 106.341281
0.055250 107.169198
0.055375 107.173805
0.055500 106.579113
0.055625 105.639147
0.055750 104.453813
0.055875 103.240011
0.056000 102.176793
0.056125 101.491099
0.056250 101.239806
0.056375 101.446587
0.056500 102.091259
0.056625 103.064398
0.056750 104.293214
0.056875 105.603217
0.057000 106.926490
0.057125 107.967648
0.057250 108.516504
0.057375 108.281826
0.057500 107.174549
0.057625 105.031433
0.057750 101.964845
0.057875 98.242217
0.058000 93.953285
0.058125 89.470705
0.058250 85.179181
0.058375 81.219338
0.058500 77.896507
0.058625 75.550637
0.058750 74.497741
0.058875 75.334255
0.059000 78.096330
0.059125 82.335146
0.059250 87.476690
0.059375 92.811762
0.059500 97.755547
0.059625 102.005768
0.059750 105.482532
0.059875 107.995482
0.060000 109.388489
0.060125 109.795189
0.060250 109.382769
0.060375 108.397137
0.060500 106.974592
0.060625 105.226532
0.060750 103.384126
0.060875 101.690077
0.061000 100.308109
0.061125 99.402217
0.061250 99.017230
0.061375 98.990760
0.061500 99.303088
0.061625 99.779870
0.061750 100.396498
0.061875 100.938762
0.062000 101.217411
0.062125 101.080151
0.062250 100.190400
0.062375 98.476234
