0.000000 0.000000
0.000125 12.531395
0.000250 17.683407
0.000375 22.534144
0.000500 27.045881
0.000625 31.503720
0.000750 36.187318
0.000875 41.031743
0.001000 45.775915
0.001125 50.204301
0.001250 54.232698
0.001375 57.806999
0.001500 60.696554
0.001625 62.853934
0.001750 64.404211
0.001875 65.515679
0.002000 66.377820
0.002125 67.131015
0.002250 67.740200
0.002375 68.272427
0.002500 68.627369
0.002625 68.821581
0.002750 68.919674
0.002875 68.883833
0.003000 68.691125
0.003125 68.132371
0.003250 67.070453
0.003375 65.293902
0.003500 62.785686
0.003625 59.690328
0.003750 56.185404
0.003875 52.379887
0.004000 48.440787
0.004125 44.656664
0.004250 41.128031
0.004375 37.605673
0.004500 33.972676
0.004625 30.439986
0.004750 28.071719
0.004875 28.485810
0.005000 31.438772
0.005125 35.517328
0.005250 39.717904
0.005375 43.853515
0.005500 47.979301
0.005625 52.215829
0.005750 56.573408
0.005875 60.849742
0.006000 64.899814
0.006125 68.572827
0.006250 71.648167
0.006375 73.940848
0.006500 75.535238
0.006625 76.651242
0.006750 77.445252
0.006875 78.026200
0.007000 78.483943
0.007125 78.777497
0.007250 78.946505
0.007375 78.923466
0.007500 78.775455
0.007625 78.447928
0.007750 77.975329
0.007875 77.286364
0.008000 76.181465
0.008125 74.467035
0.008250 72.064989
0.008375 68.951735
0.008500 65.311896
0.008625 61.391067
0.008750 57.403290
0.008875 53.454539
0.009000 49.625229
0.009125 45.827291
0.009250 41.953940
0.009375 38.161411
0.009500 35.032411
0.009625 33.593925
0.009750 34.557803
0.009875 37.230990
0.010000 40.590820
0.010125 44.116628
0.010250 47.672603
0.010375 51.288520
0.010500 55.089632
0.010625 58.967611
0.010750 62.694916
0.010875 66.151815
0.011000 69.120846
0.011125 71.419349
0.011250 72.998744
0.011375 73.961190
0.011500 74.511794
0.011625 74.799339
0.011750 74.922603
0.011875 74.914614
0.012000 74.752481
0.012125 74.462349
0.012250 73.990730
0.012375 73.397759
0.012500 72.650408
0.012625 71.721024
0.012750 70.441300
0.012875 68.626679
0.013000 66.166771
0.013125 63.008015
0.013250 59.243970
0.013375 55.022147
0.013500 50.472878
0.013625 45.816108
0.013750 41.141470
0.013875 36.599480
0.014000 32.036571
0.014125 27.307863
0.014250 22.659908
0.014375 19.060619
0.014500 18.124268
0.014625 20.512960
0.014750 24.206089
0.014875 27.987348
0.015000 31.726348
0.015125 35.590471
0.015250 39.673770
0.015375 43.818161
0.015500 47.781356
0.015625 51.467576
0.015750 54.673552
0.015875 57.338640
0.016000 59.360195
0.016125 60.725688
0.016250 61.623536
0.016375 62.192551
0.016500 62.572080
0.016625 62.768576
0.016750 63.022733
0.016875 63.201810
0.017000 63.236597
0.017125 63.178239
0.017250 63.057231
0.017375 62.740295
0.017500 62.196230
0.017625 61.204338
0.017750 59.704781
0.017875 57.550769
0.018000 54.784632
0.018125 51.494954
0.018250 47.841059
0.018375 43.988097
0.018500 40.003079
0.018625 36.098993
0.018750 32.281071
0.018875 28.455059
0.019000 24.845697
0.019125 21.985369
0.019250 20.658040
0.019375 22.163949
0.019500 25.877479
0.019625 30.263032
0.019750 34.740585
0.019875 39.190406
0.020000 43.691402
0.020125 48.325372
0.020250 52.915950
0.020375 57.273335
0.020500 61.294521
0.020625 64.793890
0.020750 67.688311
0.020875 69.899086
0.021000 71.537741
0.021125 72.766422
0.021250 73.672115
0.021375 74.380719
0.021500 74.970693
0.021625 75.399449
0.021750 75.681302
0.021875 75.806752
0.022000 75.797797
0.022125 75.576390
0.022250 75.145853
0.022375 74.331757
0.022500 73.081026
0.022625 71.270895
0.022750 68.780618
0.022875 65.733965
0.023000 62.261311
0.023125 58.591801
0.023250 54.864657
0.023375 51.192108
0.023500 47.559103
0.023625 43.971882
0.023750 40.642845
0.023875 37.928445
0.024000 36.130687
0.024125 35.855905
0.024250 37.396021
0.024375 40.231353
0.024500 43.642025
0.024625 47.246815
0.024750 50.967653
0.024875 54.751179
0.025000 58.587461
0.025125 62.403527
0.025250 66.052938
0.025375 69.332247
0.025500 72.114193
0.025625 74.263040
0.025750 75.797821
0.025875 76.867917
0.026000 77.554124
0.026125 78.013811
0.026250 78.298126
0.026375 78.414911
0.026500 78.391733
0.026625 78.193504
0.026750 77.828067
0.026875 77.292622
0.027000 76.552834
0.027125 75.507265
0.027250 74.075668
0.027375 72.149438
0.027500 69.630205
0.027625 66.479551
0.027750 62.842341
0.027875 58.881515
0.028000 54.725449
0.028125 50.461370
0.028250 46.204897
0.028375 42.033982
0.028500 38.080270
0.028625 34.531297
0.028750 31.563525
0.028875 29.719863
0.029000 29.682906
0.029125 31.540458
0.029250 34.474923
0.029375 37.809563
0.029500 41.241551
0.029625 44.806614
0.029750 48.501875
0.029875 52.186118
0.030000 55.701586
0.030125 58.874114
0.030250 61.595913
0.030375 63.793713
0.030500 65.391161
0.030625 66.411754
0.030750 67.018725
0.030875 67.283679
0.031000 67.356850
0.031125 67.291388
0.031250 67.063541
0.031375 66.694824
0.031500 66.207380
0.031625 65.547894
0.031750 64.703282
0.031875 63.661280
0.032000 62.254663
0.032125 60.436208
0.032250 58.093012
0.032375 55.195932
0.032500 51.750472
0.032625 47.924996
0.032750 43.777729
0.032875 39.378214
0.033000 34.805516
0.033125 30.276846
0.033250 26.115327
0.033375 22.510492
0.033500 19.214056
0.033625 16.647462
0.033750 15.721903
0.033875 17.655056
0.034000 21.410458
0.034125 25.650629
0.034250 29.973022
0.034375 34.358230
0.034500 38.897575
0.034625 43.467098
0.034750 47.855524
0.034875 51.957636
0.035000 55.645121
0.035125 58.881189
0.035250 61.537355
0.035375 63.636182
0.035500 65.245826
0.035625 66.472156
0.035750 67.448655
0.035875 68.236204
0.036000 68.852232
0.036125 69.344002
0.036250 69.683757
0.036375 69.831262
0.036500 69.790841
0.036625 69.550424
0.036750 68.977246
0.036875 68.071133
0.037000 66.679376
0.037125 64.744009
0.037250 62.246839
0.037375 59.307161
0.037500 56.000693
0.037625 52.475097
0.037750 48.813621
0.037875 45.232372
0.038000 41.991877
0.038125 39.118255
0.038250 36.570349
0.038375 34.568518
0.038500 33.542820
0.038625 34.090591
0.038750 36.188401
0.038875 39.326654
0.039000 42.968828
0.039125 46.742874
0.039250 50.654995
0.039375 54.573500
0.039500 58.477731
0.039625 62.253473
0.039750 65.760895
0.039875 68.930786
0.040000 71.634538
0.040125 73.769716
0.040250 75.360130
0.040375 76.502790
0.040500 77.349155
0.040625 77.966240
0.040750 78.393102
0.040875 78.644193
0.041000 78.774760
0.041125 78.675678
0.041250 78.357332
0.041375 77.791431
0.041500 77.016755
0.041625 75.934036
0.041750 74.441998
0.041875 72.512983
0.042000 70.021846
0.042125 67.076399
0.042250 63.693053
0.042375 60.029759
0.042500 56.204750
0.042625 52.417909
0.042750 48.890157
0.042875 45.655928
0.043000 42.672542
0.043125 40.041908
0.043250 38.116048
0.043375 37.265628
0.043500 37.904047
0.043625 39.838964
0.043750 42.572883
0.043875 45.661626
0.044000 48.979624
0.044125 52.341432
0.044250 55.725276
0.044375 59.095041
0.044500 62.297792
0.044625 65.218744
0.044750 67.782350
0.044875 69.823770
0.045000 71.315589
0.045125 72.313211
0.045250 72.929639
0.045375 73.265542
0.045500 73.404116
0.045625 73.375941
0.045750 73.158840
0.045875 72.774032
0.046000 72.161844
0.046125 71.346252
0.046250 70.300618
0.046375 68.989123
0.046500 67.315738
0.046625 65.208528
0.046750 62.623500
0.046875 59.514766
0.047000 55.961857
0.047125 51.982454
0.047250 47.669163
0.047375 43.228977
0.047500 39.011093
0.047625 35.072294
0.047750 31.327451
0.047875 27.806270
0.048000 24.787409
0.048125 22.667381
0.048250 22.121867
0.048375 23.496413
0.048500 26.249691
0.048625 29.568475
0.048750 33.075479
0.048875 36.682901
0.049000 40.339570
0.049125 44.025984
0.049250 47.541316
0.049375 50.839072
0.049500 53.700973
0.049625 56.187422
0.049750 58.159698
0.049875 59.632321
0.050000 60.703770
0.050125 61.572785
0.050250 62.230696
0.050375 62.707365
0.050500 63.035294
0.050625 63.221033
0.050750 63.234578
0.050875 63.076176
0.051000 62.716048
0.051125 62.177980
0.051250 61.330050
0.051375 60.108211
0.051500 58.497465
0.051625 56.398035
0.051750 53.834834
0.051875 50.824112
0.052000 47.440714
0.052125 43.917534
0.052250 40.592330
0.052375 37.502453
0.052500 34.658255
0.052625 32.027684
0.052750 29.812216
0.052875 28.325564
0.053000 27.932346
0.053125 29.121322
0.053250 31.740162
0.053375 35.249650
0.053500 39.139389
0.053625 43.131129
0.053750 47.117798
0.053875 51.117648
0.054000 55.037501
0.054125 58.800598
0.054250 62.270296
0.054375 65.371895
0.054500 68.013977
0.054625 70.131722
0.054750 71.778320
0.054875 73.032484
0.055000 73.978668
0.055125 74.696666
0.055250 75.225324
0.055375 75.558555
0.055500 75.716120
0.055625 75.623251
0.055750 75.312588
0.055875 74.767067
0.056000 73.975726
0.056125 72.867438
0.056250 71.413348
0.056375 69.522073
0.056500 67.149020
0.056625 64.320855
0.056750 61.163899
0.056875 57.849562
0.057000 54.635955
0.057125 51.608633
0.057250 48.732373
0.057375 46.067999
0.057500 43.721211
0.057625 41.856150
0.057750 40.746113
0.057875 40.720759
0.058000 41.890884
0.058125 44.031409
0.058250 46.822460
0.058375 49.923059
0.058500 53.163802
0.058625 56.442725
0.058750 59.700088
0.058875 62.910095
0.059000 65.951374
0.059125 68.763747
0.059250 71.185585
0.059375 73.176260
0.059500 74.659982
0.059625 75.704782
0.059750 76.414466
0.059875 76.869130
0.060000 77.084122
0.060125 77.117861
0.060250 76.927816
0.060375 76.537885
0.060500 75.913021
0.060625 75.078914
0.060750 74.005566
0.060875 72.658167
0.061000 70.998195
0.061125 68.930650
0.061250 66.403497
0.061375 63.373307
0.061500 59.963178
0.061625 56.332997
0.061750 52.691603
0.061875 49.105485
0.062000 45.628967
0.062125 42.267721
0.062250 39.152262
0.062375 36.431013
