0.000000 0.000000
0.000125 16.144526
0.000250 24.322816
0.000375 31.406890
0.000500 38.272589
0.000625 45.589750
0.000750 52.881499
0.000875 60.023964
0.001000 66.635856
0.001125 72.508902
0.001250 77.730966
0.001375 82.298548
0.001500 85.668737
0.001625 87.878829
0.001750 89.392454
0.001875 90.405609
0.002000 91.142106
0.002125 91.795754
0.002250 92.385434
0.002375 92.961213
0.002500 93.555377
0.002625 94.067387
0.002750 94.352362
0.002875 94.499103
0.003000 94.219524
0.003125 93.205735
0.003250 91.135535
0.003375 87.837569
0.003500 83.760234
0.003625 79.136306
0.003750 73.999184
0.003875 68.299464
0.004000 62.318582
0.004125 56.443202
0.004250 50.766316
0.004375 44.923916
0.004500 39.211738
0.004625 36.129354
0.004750 38.827104
0.004875 45.081698
0.005000 51.788151
0.005125 58.402239
0.005250 65.042778
0.005375 71.738712
0.005500 78.288592
0.005625 84.283989
0.005750 89.649415
0.005875 94.608953
0.006000 98.984158
0.006125 102.204052
0.006250 104.212591
0.006375 105.442448
0.006500 106.160762
0.006625 106.634646
0.006750 106.965238
0.006875 107.201557
0.007000 107.402717
0.007125 107.537883
0.007250 107.561154
0.007375 107.463133
0.007500 107.126805
0.007625 106.430388
0.007750 105.067497
0.007875 102.723869
0.008000 99.161703
0.008125 94.835445
0.008250 90.121202
0.008375 84.838592
0.008500 78.925416
0.008625 72.760249
0.008750 66.619977
0.008875 60.537425
0.009000 54.525905
0.009125 49.001243
0.009250 45.569089
0.009375 46.366171
0.009500 50.832973
0.009625 56.485239
0.009750 62.241285
0.009875 68.068591
0.010000 73.978450
0.010125 79.758455
0.010250 85.180891
0.010375 90.043942
0.010500 94.396931
0.010625 98.271020
0.010750 101.182345
0.010875 102.854929
0.011000 103.718118
0.011125 104.049246
0.011250 104.021276
0.011375 103.849131
0.011500 103.589226
0.011625 103.204567
0.011750 102.851462
0.011875 102.418941
0.012000 101.826689
0.012125 100.986849
0.012250 99.746496
0.012375 97.862733
0.012500 95.054968
0.012625 91.158135
0.012750 86.409833
0.012875 80.975253
0.013000 74.925734
0.013125 68.388154
0.013250 61.537712
0.013375 54.472457
0.013500 47.570903
0.013625 40.917287
0.013750 34.512148
0.013875 29.752497
0.014000 29.309091
0.014125 33.037765
0.014250 38.501533
0.014375 44.171217
0.014500 49.940963
0.014625 55.825123
0.014750 61.696980
0.014875 67.196919
0.015000 72.146878
0.015125 76.460616
0.015250 80.112266
0.015375 82.860216
0.015500 84.684417
0.015625 85.583364
0.015750 85.893107
0.015875 85.896473
0.016000 85.790279
0.016125 85.541172
0.016250 85.207891
0.016375 85.053042
0.016500 84.690781
0.016625 83.994609
0.016750 83.649844
0.016875 83.207540
0.017000 81.890065
0.017125 79.870509
0.017250 76.995513
0.017375 73.128288
0.017500 68.495287
0.017625 63.364187
0.017750 57.737394
0.017875 51.689394
0.018000 45.649762
0.018125 40.053466
0.018250 34.744784
0.018375 29.693212
0.018500 26.361592
0.018625 26.595618
0.018750 30.617873
0.018875 36.817934
0.019000 43.739083
0.019125 50.743693
0.019250 57.742320
0.019375 64.528175
0.019500 71.060286
0.019625 77.114905
0.019750 82.518277
0.019875 87.243265
0.020000 91.174595
0.020125 94.182931
0.020250 96.269812
0.020375 97.705042
0.020500 98.745971
0.020625 99.512377
0.020750 100.114591
0.020875 100.637542
0.021000 101.078625
0.021125 101.337725
0.021250 101.453520
0.021375 101.324759
0.021500 100.791182
0.021625 99.712825
0.021750 97.902384
0.021875 95.182020
0.022000 91.615435
0.022125 87.379075
0.022250 82.617613
0.022375 77.388792
0.022500 71.926694
0.022625 66.525406
0.022750 61.283309
0.022875 56.294655
0.023000 51.925873
0.023125 49.031764
0.023250 48.598851
0.023375 50.851666
0.023500 55.115477
0.023625 60.539229
0.023750 66.439097
0.023875 72.387052
0.024000 78.212304
0.024125 83.804092
0.024250 88.973075
0.024375 93.723788
0.024500 97.888787
0.024625 101.343680
0.024750 103.949957
0.024875 105.800719
0.025000 106.943353
0.025125 107.558515
0.025250 107.877899
0.025375 108.067088
0.025500 108.085905
0.025625 107.948884
0.025750 107.693701
0.025875 107.230910
0.026000 106.566929
0.026125 105.568056
0.026250 103.999547
0.026375 101.691770
0.026500 98.560480
0.026625 94.706404
0.026750 90.116534
0.026875 84.974300
0.027000 79.408974
0.027125 73.683658
0.027250 68.007334
0.027375 62.394019
0.027500 56.842433
0.027625 51.897759
0.027750 48.401482
0.027875 46.977883
0.028000 47.937360
0.028125 50.873599
0.028250 55.181949
0.028375 60.311803
0.028500 65.748018
0.028625 71.117286
0.028750 76.231215
0.028875 81.056669
0.029000 85.427162
0.029125 89.178391
0.029250 92.257247
0.029375 94.555395
0.029500 96.111546
0.029625 96.934003
0.029750 97.249232
0.029875 97.236904
0.030000 96.979313
0.030125 96.535454
0.030250 95.996061
0.030375 95.241647
0.030500 94.267460
0.030625 93.155565
0.030750 91.733452
0.030875 89.641733
0.031000 86.947749
0.031125 83.532324
0.031250 79.272351
0.031375 74.259593
0.031500 68.669775
0.031625 62.632745
0.031750 56.476478
0.031875 50.188446
0.032000 43.871976
0.032125 37.575951
0.032250 31.958541
0.032375 27.933192
0.032500 25.994726
0.032625 26.728241
0.032750 29.480818
0.032875 33.635933
0.033000 39.174156
0.033125 45.247442
0.033250 50.866233
0.033375 56.727541
0.033500 62.766673
0.033625 68.096323
0.033750 72.691843
0.033875 76.779063
0.034000 80.067323
0.034125 82.580284
0.034250 84.548819
0.034375 86.033889
0.034500 87.044314
0.034625 87.822970
0.034750 88.503399
0.034875 89.003689
0.035000 89.304343
0.035125 89.465712
0.035250 89.346502
0.035375 88.916225
0.035500 88.040264
0.035625 86.530992
0.035750 84.373074
0.035875 81.504111
0.036000 77.883143
0.036125 73.711663
0.036250 69.343440
0.036375 64.771553
0.036500 60.011559
0.036625 55.219059
0.036750 50.588118
0.036875 46.700636
0.037000 44.159984
0.037125 43.368756
0.037250 44.446885
0.037375 47.279571
0.037500 51.537753
0.037625 56.799091
0.037750 62.664278
0.037875 68.700455
0.038000 74.620432
0.038125 80.223500
0.038250 85.358508
0.038375 89.987922
0.038500 94.031599
0.038625 97.356935
0.038750 99.959547
0.038875 101.945075
0.039000 103.359329
0.039125 104.306132
0.039250 104.969747
0.039375 105.311241
0.039500 105.458032
0.039625 105.449750
0.039750 105.232630
0.039875 104.738497
0.040000 103.932523
0.040125 102.676328
0.040250 100.882085
0.040375 98.500069
0.040500 95.481382
0.040625 91.911343
0.040750 87.919833
0.040875 83.624857
0.041000 79.031292
0.041125 74.252630
0.041250 69.421214
0.041375 64.819360
0.041500 60.884515
0.041625 58.052647
0.041750 56.586978
0.041875 56.625096
0.042000 58.265125
0.042125 61.218059
0.042250 65.114675
0.042375 69.764158
0.042500 74.819894
0.042625 79.911993
0.042750 84.795825
0.042875 89.311792
0.043000 93.317668
0.043125 96.789013
0.043250 99.613981
0.043375 101.780452
0.043500 103.320556
0.043625 104.369892
0.043750 104.893473
0.043875 105.060800
0.044000 104.976675
0.044125 104.635231
0.044250 104.065250
0.044375 103.293290
0.044500 102.243995
0.044625 100.842690
0.044750 99.057440
0.044875 96.718327
0.045000 93.864852
0.045125 90.515268
0.045250 86.642511
0.045375 82.284938
0.045500 77.514569
0.045625 72.407448
0.045750 67.038604
0.045875 61.472216
0.046000 56.090343
0.046125 51.473085
0.046250 47.896345
0.046375 45.538676
0.046500 44.763871
0.046625 45.612476
0.046750 47.724576
0.046875 50.947753
0.047000 54.977084
0.047125 59.632952
0.047250 64.510979
0.047375 69.321123
0.047500 73.649767
0.047625 77.477039
0.047750 80.793377
0.047875 83.439674
0.048000 85.417845
0.048125 86.823826
0.048250 87.632104
0.048375 87.977573
0.048500 87.882744
0.048625 87.533516
0.048750 86.954955
0.048875 86.211210
0.049000 85.244093
0.049125 83.941551
0.049250 82.523463
0.049375 80.697686
0.049500 78.377399
0.049625 75.731595
0.049750 72.691156
0.049875 68.856035
0.050000 64.655050
0.050125 60.739941
0.050250 56.394525
0.050375 51.471951
0.050500 46.441455
0.050625 41.722010
0.050750 37.815091
0.050875 35.132441
0.051000 33.780750
0.051125 33.760520
0.051250 35.432055
0.051375 38.540789
0.051500 42.746828
0.051625 47.738099
0.051750 53.373953
0.051875 59.411854
0.052000 65.316291
0.052125 70.923928
0.052250 76.000441
0.052375 80.521598
0.052500 84.436461
0.052625 87.643721
0.052750 90.158713
0.052875 92.176536
0.053000 93.756300
0.053125 94.846339
0.053250 95.621487
0.053375 96.152719
0.053500 96.381676
0.053625 96.360036
0.053750 96.108060
0.053875 95.492224
0.054000 94.493554
0.054125 93.157397
0.054250 91.485607
0.054375 89.269997
0.054500 86.590786
0.054625 83.514841
0.054750 80.024977
0.054875 76.118656
0.055000 71.933203
0.055125 67.645423
0.055250 63.647462
0.055375 60.370003
0.055500 58.004050
0.055625 56.546559
0.055750 56.221967
0.055875 57.253725
0.056000 59.465860
0.056125 62.618160
0.056250 66.547653
0.056375 71.067399
0.056500 76.030369
0.056625 81.072915
0.056750 85.890242
0.056875 90.307337
0.057000 94.249817
0.057125 97.651042
0.057250 100.402728
0.057375 102.570516
0.057500 104.204126
0.057625 105.343714
0.057750 106.086652
0.057875 106.479993
0.058000 106.524468
0.058125 106.354193
0.058250 105.950066
0.058375 105.203109
0.058500 104.105209
0.058625 102.728386
0.058750 101.009427
0.058875 98.920645
0.059000 96.437126
0.059125 93.492055
0.059250 90.100447
0.059375 86.371237
0.059500 82.225055
0.059625 77.743781
0.059750 73.070388
0.059875 68.670306
0.060000 64.957642
0.060125 61.974429
0.060250 59.852590
0.060375 58.702816
0.060500 58.743670
0.060625 60.018189
0.060750 62.278186
0.060875 65.229479
0.061000 68.836131
0.061125 72.970324
0.061250 77.300934
0.061375 81.534379
0.061500 85.420864
0.061625 88.842408
0.061750 91.826323
0.061875 94.253563
0.062000 96.045800
0.062125 97.269186
0.062250 98.046521
0.062375 98.368648
