0.000000 0.000000
0.000125 22.635574
0.000250 31.981093
0.000375 40.895718
0.000500 48.879884
0.000625 55.929528
0.000750 62.047513
0.000875 67.756973
0.001000 73.013024
0.001125 77.804369
0.001250 82.035232
0.001375 85.375362
0.001500 87.972333
0.001625 90.277714
0.001750 92.170297
0.001875 93.685564
0.002000 94.749228
0.002125 95.439461
0.002250 95.774984
0.002375 95.955704
0.002500 96.075543
0.002625 96.064827
0.002750 95.932951
0.002875 95.618181
0.003000 94.919948
0.003125 93.789095
0.003250 92.190979
0.003375 90.283712
0.003500 87.990412
0.003625 85.194714
0.003750 81.576029
0.003875 77.213306
0.004000 72.272685
0.004125 67.032946
0.004250 61.284025
0.004375 54.920502
0.004500 47.643522
0.004625 39.471452
0.004750 30.671152
0.004875 22.838046
0.005000 22.910933
0.005125 30.833097
0.005250 39.698147
0.005375 48.069201
0.005500 55.536703
0.005625 62.058997
0.005750 67.968668
0.005875 73.440669
0.006000 78.453265
0.006125 82.939644
0.006250 86.757796
0.006375 89.737506
0.006500 92.148108
0.006625 94.217683
0.006750 95.885897
0.006875 97.185425
0.007000 98.025385
0.007125 98.459493
0.007250 98.648446
0.007375 98.754768
0.007500 98.751186
0.007625 98.613467
0.007750 98.363487
0.007875 97.827263
0.008000 96.822552
0.008125 95.450248
0.008250 93.600510
0.008375 91.443768
0.008500 88.806132
0.008625 85.498148
0.008750 81.347765
0.008875 76.673414
0.009000 71.474623
0.009125 65.902583
0.009250 59.783440
0.009375 52.955786
0.009500 45.127546
0.009625 36.637889
0.009750 28.496245
0.009875 24.290854
0.010000 28.069346
0.010125 36.213879
0.010250 44.597478
0.010375 52.353285
0.010500 59.162811
0.010625 65.286619
0.010750 70.841103
0.010875 75.901046
0.011000 80.532981
0.011125 84.577109
0.011250 87.856380
0.011375 90.433791
0.011500 92.533083
0.011625 94.310160
0.011750 95.681232
0.011875 96.615939
0.012000 97.089884
0.012125 97.379863
0.012250 97.370849
0.012375 97.347389
0.012500 97.148989
0.012625 96.790639
0.012750 96.236069
0.012875 95.329443
0.013000 94.093536
0.013125 92.352415
0.013250 90.224562
0.013375 87.728955
0.013500 84.696616
0.013625 80.915755
0.013750 76.452764
0.013875 71.425747
0.014000 65.936355
0.014125 60.051020
0.014250 53.444181
0.014375 46.052667
0.014500 37.784934
0.014625 29.286809
0.014750 23.196766
0.014875 22.760073
0.015000 28.749014
0.015125 37.095679
0.015250 45.354011
0.015375 52.766620
0.015500 59.327570
0.015625 65.198266
0.015750 70.529164
0.015875 75.364161
0.016000 79.725214
0.016125 83.353753
0.016250 86.362968
0.016375 88.798389
0.016500 90.739363
0.016625 92.373701
0.016750 93.544222
0.016875 94.483292
0.017000 94.943449
0.017125 95.214382
0.017250 95.290869
0.017375 95.234897
0.017500 95.115257
0.017625 94.751964
0.017750 94.102818
0.017875 93.150012
0.018000 91.813828
0.018125 90.025526
0.018250 87.899766
0.018375 85.233274
0.018500 81.936037
0.018625 77.981033
0.018750 73.412946
0.018875 68.402029
0.019000 62.851429
0.019125 56.762057
0.019250 49.903364
0.019375 42.292200
0.019500 34.350429
0.019625 27.940166
0.019750 25.193194
0.019875 27.626768
0.020000 34.300968
0.020125 42.454022
0.020250 50.395497
0.020375 57.525564
0.020500 63.848163
0.020625 69.557106
0.020750 74.793661
0.020875 79.503388
0.021000 83.618478
0.021125 87.064294
0.021250 89.878036
0.021375 92.139378
0.021500 94.032965
0.021625 95.523895
0.021750 96.604519
0.021875 97.382171
0.022000 97.784457
0.022125 98.037607
0.022250 98.061925
0.022375 98.034465
0.022500 97.744625
0.022625 97.264859
0.022750 96.536453
0.022875 95.360268
0.023000 93.814061
0.023125 91.867287
0.023250 89.366644
0.023375 86.426078
0.023500 82.800571
0.023625 78.560028
0.023750 73.728483
0.023875 68.424477
0.024000 62.557597
0.024125 56.105462
0.024250 49.025907
0.024375 41.588329
0.024500 35.112936
0.024625 31.208054
0.024750 30.778574
0.024875 34.561545
0.025000 41.184153
0.025125 48.757197
0.025250 56.030324
0.025375 62.627731
0.025500 68.541192
0.025625 73.942431
0.025750 78.736277
0.025875 83.005836
0.026000 86.639808
0.026125 89.719199
0.026250 92.188151
0.026375 94.154518
0.026500 95.774321
0.026625 96.920299
0.026750 97.710350
0.026875 98.193886
0.027000 98.429630
0.027125 98.412502
0.027250 98.306911
0.027375 97.970751
0.027500 97.477016
0.027625 96.655537
0.027750 95.603752
0.027875 94.116535
0.028000 92.203847
0.028125 89.886519
0.028250 86.996754
0.028375 83.607287
0.028500 79.544274
0.028625 74.816749
0.028750 69.709034
0.028875 64.027127
0.029000 57.704258
0.029125 50.811681
0.029250 43.622112
0.029375 36.922277
0.029500 32.208282
0.029625 29.919897
0.029750 31.107711
0.029875 35.778712
0.030000 42.499396
0.030125 49.725088
0.030250 56.678726
0.030375 63.013716
0.030500 68.597815
0.030625 73.684125
0.030750 78.122294
0.030875 82.000214
0.031000 85.319612
0.031125 88.107638
0.031250 90.283325
0.031375 92.044816
0.031500 93.322888
0.031625 94.389166
0.031750 95.061908
0.031875 95.452055
0.032000 95.476376
0.032125 95.506048
0.032250 95.225469
0.032375 94.751218
0.032500 94.133354
0.032625 93.280444
0.032750 91.985110
0.032875 90.349252
0.033000 88.178184
0.033125 85.658380
0.033250 82.578420
0.033375 78.850862
0.033500 74.637534
0.033625 69.844463
0.033750 64.466088
0.033875 58.534624
0.034000 52.030112
0.034125 45.147488
0.034250 38.645173
0.034375 33.791792
0.034500 30.662374
0.034625 30.067881
0.034750 32.858646
0.034875 38.269920
0.035000 44.973473
0.035125 52.164096
0.035250 58.967203
0.035375 65.076133
0.035500 70.585010
0.035625 75.509613
0.035750 79.801382
0.035875 83.607154
0.036000 86.794238
0.036125 89.452462
0.036250 91.582209
0.036375 93.292512
0.036500 94.592750
0.036625 95.612249
0.036750 96.316838
0.036875 96.658490
0.037000 96.837724
0.037125 96.886983
0.037250 96.609303
0.037375 96.147045
0.037500 95.463581
0.037625 94.518594
0.037750 93.204488
0.037875 91.378821
0.038000 89.135745
0.038125 86.380165
0.038250 83.077225
0.038375 79.244852
0.038500 74.803305
0.038625 69.814033
0.038750 64.313879
0.038875 58.202660
0.039000 51.787564
0.039125 45.706878
0.039250 40.753980
0.039375 37.330512
0.039500 35.532635
0.039625 36.361102
0.039750 39.861888
0.039875 45.211422
0.040000 51.669480
0.040125 58.392661
0.040250 64.739180
0.040375 70.477610
0.040500 75.594261
0.040625 80.181369
0.040750 84.234065
0.040875 87.639444
0.041000 90.524136
0.041125 92.883032
0.041250 94.746296
0.041375 96.217022
0.041500 97.324057
0.041625 98.119619
0.041750 98.611910
0.041875 98.777436
0.042000 98.765893
0.042125 98.536379
0.042250 98.093408
0.042375 97.442882
0.042500 96.471639
0.042625 95.174753
0.042750 93.451782
0.042875 91.307433
0.043000 88.755323
0.043125 85.578265
0.043250 81.917217
0.043375 77.664945
0.043500 72.859467
0.043625 67.514484
0.043750 61.574861
0.043875 55.352726
0.044000 49.331687
0.044125 44.148506
0.044250 40.354894
0.044375 37.688640
0.044500 36.907957
0.044625 38.558832
0.044750 42.478022
0.044875 47.860518
0.045000 54.058273
0.045125 60.362916
0.045250 66.258230
0.045375 71.606034
0.045500 76.310879
0.045625 80.535144
0.045750 84.140426
0.045875 87.235749
0.046000 89.824986
0.046125 91.810438
0.046250 93.437106
0.046375 94.594298
0.046500 95.492211
0.046625 96.095794
0.046750 96.358286
0.046875 96.430037
0.047000 96.169952
0.047125 95.841176
0.047250 95.123468
0.047375 94.218691
0.047500 93.075217
0.047625 91.530537
0.047750 89.500441
0.047875 87.070090
0.048000 84.110481
0.048125 80.714831
0.048250 76.728241
0.048375 72.163471
0.048500 67.052243
0.048625 61.314179
0.048750 55.288263
0.048875 49.401102
0.049000 44.130210
0.049125 40.220886
0.049250 37.220926
0.049375 35.360764
0.049500 35.708160
0.049625 38.250098
0.049750 42.623903
0.049875 48.129326
0.050000 54.247321
0.050125 60.434390
0.050250 66.206045
0.050375 71.378416
0.050500 75.958515
0.050625 80.001084
0.050750 83.526909
0.050875 86.439466
0.051000 88.803448
0.051125 90.845298
0.051250 92.371110
0.051375 93.580638
0.051500 94.505221
0.051625 95.197019
0.051750 95.488675
0.051875 95.530185
0.052000 95.335158
0.052125 94.934269
0.052250 94.281542
0.052375 93.400424
0.052500 92.164245
0.052625 90.500120
0.052750 88.438150
0.052875 85.849622
0.053000 82.855712
0.053125 79.280192
0.053250 75.148479
0.053375 70.511484
0.053500 65.309465
0.053625 59.694542
0.053750 54.119084
0.053875 49.190467
0.054000 45.308648
0.054125 42.367711
0.054250 40.072859
0.054375 39.409902
0.054500 40.672881
0.054625 43.884475
0.054750 48.465549
0.054875 54.013851
0.055000 59.899382
0.055125 65.758569
0.055250 71.163256
0.055375 76.051270
0.055500 80.436328
0.055625 84.253946
0.055750 87.520501
0.055875 90.227773
0.056000 92.475423
0.056125 94.252798
0.056250 95.697729
0.056375 96.789828
0.056500 97.559250
0.056625 98.008971
0.056750 98.205473
0.056875 98.090720
0.057000 97.789474
0.057125 97.227840
0.057250 96.389353
0.057375 95.211392
0.057500 93.741716
0.057625 91.780628
0.057750 89.437626
0.057875 86.592275
0.058000 83.257944
0.058125 79.386359
0.058250 75.059020
0.058375 70.034022
0.058500 64.616554
0.058625 59.274151
0.058750 54.370078
0.058875 50.343720
0.059000 47.138721
0.059125 44.540492
0.059250 42.819552
0.059375 42.880129
0.059500 44.706061
0.059625 48.160060
0.059750 52.664403
0.059875 57.939052
0.060000 63.363814
0.060125 68.869391
0.060250 73.886871
0.060375 78.420816
0.060500 82.398960
0.060625 85.845251
0.060750 88.697945
0.060875 91.039370
0.061000 92.929767
0.061125 94.462150
0.061250 95.685976
0.061375 96.490211
0.061500 97.004342
0.061625 97.235290
0.061750 97.170508
0.061875 96.798750
0.062000 96.238178
0.062125 95.430144
0.062250 94.274314
0.062375 92.853581
