0.000000 0.000000
0.000125 56.327204
0.000250 106.868674
0.000375 154.012258
0.000500 196.138261
0.000625 232.086224
0.000750 261.150575
0.000875 282.926394
0.001000 297.744022
0.001125 305.920697
0.001250 310.257929
0.001375 311.250230
0.001500 310.840679
0.001625 308.446181
0.001750 304.289650
0.001875 299.992972
0.002000 297.160984
0.002125 296.941256
0.002250 299.372925
0.002375 303.652949
0.002500 308.384600
0.002625 311.882889
0.002750 313.293366
0.002875 313.432595
0.003000 310.678867
0.003125 304.394512
0.003250 292.159472
0.003375 273.012944
0.003500 246.664194
0.003625 213.383594
0.003750 173.708201
0.003875 128.778473
0.004000 80.384737
0.004125 34.379703
0.004250 48.795137
0.004375 96.283470
0.004500 143.637556
0.004625 187.150010
0.004750 224.992144
0.004875 256.325130
0.005000 280.569530
0.005125 297.730553
0.005250 308.022915
0.005375 313.622023
0.005500 315.778257
0.005625 315.836454
0.005750 314.093416
0.005875 310.389121
0.006000 305.942522
0.006125 302.511278
0.006250 301.352550
0.006375 302.813752
0.006500 306.498969
0.006625 311.121010
0.006750 315.120698
0.006875 317.125964
0.007000 317.762038
0.007125 316.348025
0.007250 311.314412
0.007375 301.245476
0.007500 284.381553
0.007625 260.360456
0.007750 229.347752
0.007875 191.695740
0.008000 148.520174
0.008125 101.391401
0.008250 54.768798
0.008375 45.364633
0.008500 85.003712
0.008625 131.036834
0.008750 174.982747
0.008875 214.242344
0.009000 247.528016
0.009125 274.019171
0.009250 293.345645
0.009375 305.815609
0.009500 312.619051
0.009625 315.846520
0.009750 316.413635
0.009875 315.284865
0.010000 312.038227
0.010125 307.689296
0.010250 303.712857
0.010375 301.670105
0.010500 302.212782
0.010625 305.105593
0.010750 309.382522
0.010875 313.529252
0.011000 316.114971
0.011125 316.949189
0.011250 316.365881
0.011375 312.584729
0.011500 304.303261
0.011625 289.657643
0.011750 267.903683
0.011875 239.128126
0.012000 203.429962
0.012125 161.825830
0.012250 115.528470
0.012375 67.296659
0.012500 40.771205
0.012625 68.592521
0.012750 113.242259
0.012875 157.429088
0.013000 197.804017
0.013125 232.815985
0.013250 261.396673
0.013375 283.040438
0.013500 297.695893
0.013625 306.129578
0.013750 310.505939
0.013875 311.854360
0.014000 311.469941
0.014125 308.926108
0.014250 304.874171
0.014375 300.714060
0.014500 298.054731
0.014625 297.750996
0.014750 299.937225
0.014875 303.772436
0.015000 307.938971
0.015125 311.022643
0.015250 312.330863
0.015375 312.223456
0.015500 309.773113
0.015625 303.207406
0.015750 290.846143
0.015875 271.611994
0.016000 245.203047
0.016125 211.885328
0.016250 172.143812
0.016375 127.363742
0.016500 79.160830
0.016625 41.963182
0.016750 54.743432
0.016875 95.509235
0.017000 140.136955
0.017125 181.451560
0.017250 218.002358
0.017375 248.535390
0.017500 272.480178
0.017625 289.674964
0.017750 300.405552
0.017875 306.364845
0.018000 309.067871
0.018125 309.636377
0.018250 308.216069
0.018375 304.996013
0.018500 301.158364
0.018625 298.381358
0.018750 297.713404
0.018875 299.484221
0.019000 303.173260
0.019125 307.605184
0.019250 311.380966
0.019375 313.503258
0.019500 314.229009
0.019625 313.003185
0.019750 308.223306
0.019875 298.102621
0.020000 281.457382
0.020125 257.663521
0.020250 226.946764
0.020375 189.718396
0.020500 147.055865
0.020625 100.741731
0.020750 60.814569
0.020875 58.654108
0.021000 90.265366
0.021125 132.465412
0.021250 174.160809
0.021375 211.562223
0.021500 243.512491
0.021625 269.182154
0.021750 288.209526
0.021875 300.839148
0.022000 308.249848
0.022125 312.019730
0.022250 313.274141
0.022375 312.537103
0.022500 309.816355
0.022625 306.218589
0.022750 303.087009
0.022875 301.759745
0.023000 302.774874
0.023125 305.895367
0.023250 310.058572
0.023375 314.037986
0.023500 316.665125
0.023625 317.845420
0.023750 317.368572
0.023875 313.743636
0.024000 305.377936
0.024125 290.787675
0.024250 269.306058
0.024375 240.973957
0.024500 205.912620
0.024625 165.215948
0.024750 120.395395
0.024875 79.022735
0.025000 65.576300
0.025125 86.493525
0.025250 123.625526
0.025375 164.556770
0.025500 202.659104
0.025625 235.688480
0.025750 262.775971
0.025875 283.479476
0.026000 297.722908
0.026125 306.370885
0.026250 311.083733
0.026375 312.962844
0.026500 312.812024
0.026625 310.673176
0.026750 307.250444
0.026875 303.892441
0.027000 301.896920
0.027125 302.124075
0.027250 304.458466
0.027375 308.186011
0.027500 312.103212
0.027625 315.059182
0.027750 316.531698
0.027875 316.559038
0.028000 313.998928
0.028125 307.038849
0.028250 294.419998
0.028375 275.100234
0.028500 248.918203
0.028625 216.015834
0.028750 177.074225
0.028875 133.298758
0.029000 90.062803
0.029125 67.964968
0.029250 78.501644
0.029375 110.317936
0.029500 149.324936
0.029625 188.152690
0.029750 222.526155
0.029875 251.106647
0.030000 273.366974
0.030125 289.378314
0.030250 299.561807
0.030375 305.158902
0.030500 307.894875
0.030625 308.357783
0.030750 306.949068
0.030875 303.953648
0.031000 300.613896
0.031125 298.265403
0.031250 297.820209
0.031375 299.507385
0.031500 302.741183
0.031625 306.511139
0.031750 309.679236
0.031875 311.554526
0.032000 312.051968
0.032125 310.495417
0.032250 305.138581
0.032375 294.463020
0.032500 277.377538
0.032625 253.532716
0.032750 222.913430
0.032875 186.044688
0.033000 143.814126
0.033125 99.993393
0.033250 71.385396
0.033375 72.755766
0.033500 98.953161
0.033625 134.703648
0.033750 173.399600
0.033875 209.307559
0.034000 239.757297
0.034125 263.926039
0.034250 281.876314
0.034375 294.047822
0.034500 301.177808
0.034625 304.990659
0.034750 306.294442
0.034875 305.653383
0.035000 303.395283
0.035125 300.492659
0.035250 298.202273
0.035375 297.532904
0.035500 298.921433
0.035625 301.937750
0.035750 305.794316
0.035875 309.366907
0.036000 311.867465
0.036125 313.112802
0.036250 312.561148
0.036375 308.757136
0.036500 300.112445
0.036625 285.409559
0.036750 263.997023
0.036875 235.864564
0.037000 201.410101
0.037125 161.461058
0.037250 119.027060
0.037375 87.092699
0.037500 81.101559
0.037625 98.947609
0.037750 130.689402
0.037875 167.047855
0.038000 203.186324
0.038125 235.036216
0.038250 261.032093
0.038375 280.786523
0.038500 294.705513
0.038625 303.298448
0.038750 308.071758
0.038875 310.085721
0.039000 309.860578
0.039125 307.914836
0.039250 305.013425
0.039375 302.412195
0.039500 301.262981
0.039625 301.994825
0.039750 304.478041
0.039875 307.960109
0.040000 311.495960
0.040125 314.236548
0.040250 315.937962
0.040375 315.934128
0.040500 313.221989
0.040625 305.994775
0.040750 293.282481
0.040875 274.012038
0.041000 248.099748
0.041125 215.686462
0.041250 177.638666
0.041375 136.335897
0.041500 102.415834
0.041625 89.868028
0.041750 99.725670
0.041875 126.697333
0.042000 159.717939
0.042125 194.812158
0.042250 227.472388
0.042375 254.947047
0.042500 276.355902
0.042625 291.862189
0.042750 301.897042
0.042875 307.596487
0.043000 310.377189
0.043125 310.593072
0.043250 308.989007
0.043375 306.284165
0.043500 303.324457
0.043625 301.525237
0.043750 301.446019
0.043875 303.212289
0.044000 306.221872
0.044125 309.502126
0.044250 312.261905
0.044375 314.077384
0.044500 314.468418
0.044625 312.587675
0.044750 306.697041
0.044875 295.645472
0.045000 278.445615
0.045125 254.593157
0.045250 224.211906
0.045375 187.821277
0.045500 147.285236
0.045625 111.221405
0.045750 92.964634
0.045875 96.245417
0.046000 117.701366
0.046125 148.163204
0.046250 181.436533
0.046375 214.391249
0.046500 243.399056
0.046625 266.558253
0.046750 283.750996
0.046875 295.383562
0.047000 302.351008
0.047125 305.966385
0.047250 306.913087
0.047375 305.890910
0.047500 303.491577
0.047625 300.555697
0.047750 298.305362
0.047875 297.575578
0.048000 298.631171
0.048125 301.088175
0.048250 304.188238
0.048375 306.923167
0.048500 308.815421
0.048625 309.564634
0.048750 308.438727
0.048875 303.921326
0.049000 294.568931
0.049125 279.513745
0.049250 257.813902
0.049375 229.650516
0.049500 195.301455
0.049625 156.006041
0.049750 118.924688
0.049875 96.147865
0.050000 93.917272
0.050125 109.485274
0.050250 137.552166
0.050375 168.831474
0.050500 201.309074
0.050625 231.658944
0.050750 256.813872
0.050875 276.023658
0.051000 289.694688
0.051125 298.328783
0.051250 303.336326
0.051375 305.412063
0.051500 305.218112
0.051625 303.528066
0.051750 301.089901
0.051875 298.919860
0.052000 297.915404
0.052125 298.602829
0.052250 300.679368
0.052375 303.577970
0.052500 306.472871
0.052625 308.752080
0.052750 310.055190
0.052875 309.648074
0.053000 306.478474
0.053125 298.863129
0.053250 285.936483
0.053375 266.618079
0.053500 240.826255
0.053625 208.822897
0.053750 171.702455
0.053875 135.210698
0.054000 109.471027
0.054125 102.605293
0.054250 112.308223
0.054375 136.243622
0.054500 165.615938
0.054625 196.325531
0.054750 226.533702
0.054875 253.070344
0.055000 274.111971
0.055125 289.543364
0.055250 299.789637
0.055375 305.985455
0.055500 309.049196
0.055625 309.563988
0.055750 308.344386
0.055875 306.147720
0.056000 303.922318
0.056125 302.527038
0.056250 302.601283
0.056375 304.053833
0.056500 306.396728
0.056625 308.999976
0.056750 311.132461
0.056875 312.540024
0.057000 312.542315
0.057125 310.186459
0.057250 303.734782
0.057375 292.436750
0.057500 275.066779
0.057625 251.415458
0.057750 221.458365
0.057875 186.126880
0.058000 150.199353
0.058125 122.354640
0.058250 111.177092
0.058375 115.662934
0.058500 134.501041
0.058625 161.557655
0.058750 190.260886
0.058875 219.426685
0.059000 246.433973
0.059125 268.924868
0.059250 285.963291
0.059375 297.706122
0.059500 305.036515
0.059625 309.136555
0.059750 310.377031
0.059875 309.592128
0.060000 307.684199
0.060125 305.419828
0.060250 303.719675
0.060375 303.150301
0.060500 303.996936
0.060625 305.748701
0.060750 307.872582
0.060875 309.741653
0.061000 310.982767
0.061125 311.019489
0.061250 309.125689
0.061375 303.727458
0.061500 293.822820
0.061625 278.357801
0.061750 256.594846
0.061875 228.513804
0.062000 194.756675
0.062125 158.984455
0.062250 129.100017
0.062375 114.084032
