0.000000 0.000000
0.000125 19.081292
0.000250 31.649888
0.000375 43.495826
0.000500 54.122344
0.000625 63.168512
0.000750 70.714064
0.000875 77.043567
0.001000 82.433327
0.001125 87.127538
0.001250 90.934321
0.001375 93.945416
0.001500 96.073528
0.001625 97.260154
0.001750 97.885308
0.001875 98.241996
0.002000 98.609105
0.002125 98.937731
0.002250 99.246271
0.002375 99.499853
0.002500 99.710308
0.002625 99.886152
0.002750 100.046266
0.002875 100.012170
0.003000 99.506515
0.003125 98.108905
0.003250 95.813346
0.003375 92.616339
0.003500 88.571318
0.003625 83.664400
0.003750 78.030555
0.003875 71.349717
0.004000 63.314886
0.004125 53.953345
0.004250 43.733834
0.004375 33.868446
0.004500 27.136237
0.004625 29.461800
0.004750 39.285184
0.004875 50.271504
0.005000 60.682626
0.005125 69.858291
0.005250 77.697181
0.005375 84.153449
0.005500 89.552512
0.005625 94.204614
0.005750 98.021350
0.005875 101.049460
0.006000 103.294586
0.006125 104.720188
0.006250 105.394008
0.006375 105.650346
0.006500 105.848538
0.006625 106.045058
0.006750 106.203960
0.006875 106.303553
0.007000 106.355507
0.007125 106.302810
0.007250 106.191504
0.007375 106.020684
0.007500 105.489868
0.007625 104.156468
0.007750 101.926479
0.007875 98.738019
0.008000 94.678644
0.008125 89.843015
0.008250 84.195758
0.008375 77.768618
0.008500 70.306513
0.008625 61.667458
0.008750 52.362458
0.008875 43.397711
0.009000 36.599130
0.009125 35.375336
0.009250 41.281429
0.009375 50.897366
0.009500 60.696986
0.009625 69.707525
0.009750 77.501670
0.009875 84.024348
0.010000 89.329216
0.010125 93.737941
0.010250 97.493519
0.010375 100.419703
0.010500 102.640755
0.010625 104.084041
0.010750 104.775334
0.010875 104.915746
0.011000 104.868006
0.011125 104.764561
0.011250 104.661953
0.011375 104.565098
0.011500 104.379857
0.011625 104.220917
0.011750 103.887932
0.011875 103.394612
0.012000 102.558327
0.012125 101.149189
0.012250 98.860433
0.012375 95.571582
0.012500 91.488325
0.012625 86.596784
0.012750 80.849366
0.012875 74.240763
0.013000 66.771150
0.013125 58.361001
0.013250 49.214735
0.013375 40.138731
0.013500 32.418515
0.013625 28.486484
0.013750 31.468500
0.013875 40.048119
0.014000 50.164918
0.014125 59.526173
0.014250 67.703891
0.014375 74.535992
0.014500 80.081678
0.014625 84.588071
0.014750 88.329395
0.014875 91.463080
0.015000 93.817939
0.015125 95.475294
0.015250 96.424000
0.015375 96.751545
0.015500 96.744223
0.015625 96.607726
0.015750 96.453391
0.015875 96.367855
0.016000 96.291548
0.016125 96.254059
0.016250 96.024563
0.016375 95.596824
0.016500 94.823803
0.016625 93.575755
0.016750 91.716134
0.016875 89.030581
0.017000 85.427385
0.017125 81.056159
0.017250 75.820247
0.017375 69.802827
0.017500 63.023138
0.017625 55.634182
0.017750 47.730411
0.017875 39.776768
0.018000 32.642784
0.018125 27.915979
0.018250 28.618870
0.018375 35.273531
0.018500 45.001872
0.018625 55.046179
0.018750 64.057079
0.018875 71.792384
0.019000 78.193903
0.019125 83.464484
0.019250 87.913544
0.019375 91.714220
0.019500 94.804398
0.019625 97.174607
0.019750 98.889969
0.019875 99.939986
0.020000 100.512384
0.020125 100.842424
0.020250 101.110314
0.020375 101.468117
0.020500 101.774860
0.020625 102.064042
0.020750 102.160286
0.020875 102.018079
0.021000 101.613958
0.021125 100.765386
0.021250 99.352066
0.021375 97.160598
0.021500 94.105559
0.021625 90.263703
0.021750 85.637695
0.021875 80.315160
0.022000 74.452794
0.022125 68.179543
0.022250 61.558870
0.022375 54.790135
0.022500 48.617861
0.022625 44.130253
0.022750 42.745826
0.022875 45.750790
0.023000 52.298124
0.023125 60.531624
0.023250 68.839688
0.023375 76.397082
0.023500 82.949171
0.023625 88.320159
0.023750 92.743236
0.023875 96.462266
0.024000 99.501169
0.024125 101.872747
0.024250 103.605682
0.024375 104.694689
0.024500 105.312478
0.024625 105.510867
0.024750 105.628962
0.024875 105.726001
0.025000 105.832417
0.025125 105.874221
0.025250 105.768908
0.025375 105.491112
0.025500 104.897171
0.025625 103.977799
0.025750 102.507130
0.025875 100.270422
0.026000 97.325490
0.026125 93.637302
0.026250 89.208822
0.026375 84.165831
0.026500 78.608418
0.026625 72.640158
0.026750 66.400678
0.026875 59.921207
0.027000 53.812030
0.027125 48.734030
0.027250 45.796326
0.027375 46.405967
0.027500 50.612671
0.027625 57.137547
0.027750 64.584547
0.027875 71.888997
0.028000 78.401795
0.028125 83.964999
0.028250 88.486271
0.028375 92.199688
0.028500 95.280952
0.028625 97.668950
0.028750 99.447240
0.028875 100.609905
0.029000 101.194967
0.029125 101.422547
0.029250 101.385061
0.029375 101.284998
0.029500 101.195216
0.029625 101.021330
0.029750 100.776047
0.029875 100.304519
0.030000 99.513353
0.030125 98.359907
0.030250 96.728114
0.030375 94.409313
0.030500 91.467589
0.030625 87.825365
0.030750 83.529061
0.030875 78.580238
0.031000 73.143360
0.031125 67.211671
0.031250 61.083785
0.031375 54.713704
0.031500 48.475511
0.031625 42.736991
0.031750 38.427520
0.031875 37.654620
0.032000 40.066589
0.032125 45.518113
0.032250 52.553339
0.032375 59.894585
0.032500 66.820059
0.032625 72.856390
0.032750 77.909551
0.032875 82.105424
0.033000 85.568488
0.033125 88.427050
0.033250 90.689761
0.033375 92.328384
0.033500 93.499230
0.033625 94.201637
0.033750 94.685389
0.033875 95.019321
0.034000 95.271067
0.034125 95.502573
0.034250 95.582319
0.034375 95.551745
0.034500 95.217720
0.034625 94.503122
0.034750 93.317364
0.034875 91.694549
0.035000 89.474568
0.035125 86.730359
0.035250 83.353067
0.035375 79.512237
0.035500 75.056797
0.035625 70.222614
0.035750 65.084777
0.035875 59.787652
0.036000 54.529551
0.036125 49.628587
0.036250 45.652466
0.036375 44.066449
0.036500 45.482454
0.036625 49.366506
0.036750 55.349695
0.036875 62.157430
0.037000 69.108241
0.037125 75.650916
0.037250 81.395669
0.037375 86.233316
0.037500 90.203267
0.037625 93.546454
0.037750 96.269254
0.037875 98.416776
0.038000 100.016780
0.038125 101.105201
0.038250 101.834259
0.038375 102.352915
0.038500 102.684630
0.038625 102.917610
0.038750 103.074307
0.038875 103.043741
0.039000 102.759653
0.039125 102.149384
0.039250 101.232124
0.039375 99.817675
0.039500 97.944579
0.039625 95.493518
0.039750 92.541499
0.039875 89.028926
0.040000 85.051583
0.040125 80.649958
0.040250 75.966701
0.040375 71.055746
0.040500 66.185654
0.040625 61.521602
0.040750 57.322564
0.040875 54.723867
0.041000 54.506093
0.041125 56.499704
0.041250 60.462123
0.041375 65.794826
0.041500 71.688927
0.041625 77.592401
0.041750 83.170085
0.041875 88.024965
0.042000 92.014679
0.042125 95.311550
0.042250 98.041696
0.042375 100.224029
0.042500 101.808411
0.042625 102.895099
0.042750 103.592852
0.042875 103.952681
0.043000 104.106851
0.043125 104.140971
0.043250 104.038069
0.043375 103.787616
0.043500 103.344474
0.043625 102.625201
0.043750 101.579282
0.043875 100.150285
0.044000 98.213590
0.044125 95.827819
0.044250 92.964650
0.044375 89.606136
0.044500 85.706202
0.044625 81.405291
0.044750 76.717621
0.044875 71.764422
0.045000 66.780922
0.045125 61.833833
0.045250 57.150637
0.045375 53.571643
0.045500 52.122049
0.045625 52.814355
0.045750 55.262623
0.045875 59.419812
0.046000 64.495424
0.046125 69.927376
0.046250 75.258883
0.046375 80.187022
0.046500 84.372065
0.046625 87.840133
0.046750 90.707612
0.046875 93.048556
0.047000 94.798816
0.047125 95.964316
0.047250 96.700167
0.047375 97.083654
0.047500 97.195049
0.047625 97.049260
0.047750 96.825831
0.047875 96.440737
0.048000 95.843563
0.048125 95.060957
0.048250 93.995581
0.048375 92.550324
0.048500 90.695113
0.048625 88.515711
0.048750 85.933243
0.048875 82.741235
0.049000 79.124257
0.049125 75.117366
0.049250 70.611923
0.049375 65.874804
0.049500 61.067273
0.049625 56.132772
0.049750 51.306601
0.049875 47.220380
0.050000 45.017132
0.050125 45.425000
0.050250 47.164809
0.050375 50.720229
0.050500 55.595004
0.050625 61.072299
0.050750 66.648102
0.050875 71.983945
0.051000 76.886722
0.051125 81.193138
0.051250 84.790294
0.051375 87.879268
0.051500 90.394381
0.051625 92.346725
0.051750 93.823831
0.051875 94.827487
0.052000 95.547403
0.052125 95.992129
0.052250 96.326661
0.052375 96.531230
0.052500 96.617105
0.052625 96.423360
0.052750 95.966292
0.052875 95.217360
0.053000 94.181328
0.053125 92.773172
0.053250 90.884605
0.053375 88.505142
0.053500 85.691321
0.053625 82.450775
0.053750 78.754524
0.053875 74.740868
0.054000 70.685708
0.054125 66.588914
0.054250 62.473004
0.054375 58.774055
0.054500 56.292835
0.054625 55.840953
0.054750 56.946595
0.054875 59.362051
0.055000 63.119600
0.055125 67.776249
0.055250 72.778742
0.055375 77.776663
0.055500 82.599678
0.055625 86.947032
0.055750 90.749508
0.055875 93.965152
0.056000 96.614867
0.056125 98.676194
0.056250 100.186170
0.056375 101.254203
0.056500 101.970209
0.056625 102.448357
0.056750 102.745379
0.056875 102.963368
0.057000 103.009021
0.057125 102.827905
0.057250 102.417868
0.057375 101.789547
0.057500 100.797442
0.057625 99.460970
0.057750 97.626782
0.057875 95.341162
0.058000 92.664676
0.058125 89.494663
0.058250 85.933686
0.058375 82.102279
0.058500 78.071379
0.058625 73.995594
0.058750 69.858952
0.058875 65.908833
0.059000 62.818594
0.059125 61.232736
0.059250 61.362446
0.059375 62.643986
0.059500 65.092300
0.059625 68.663207
0.059750 72.765693
0.059875 77.097263
0.060000 81.412957
0.060125 85.511250
0.060250 89.236064
0.060375 92.478537
0.060500 95.144056
0.060625 97.233664
0.060750 98.718635
0.060875 99.728546
0.061000 100.392812
0.061125 100.771974
0.061250 100.994194
0.061375 101.082348
0.061500 100.997203
0.061625 100.704713
0.061750 100.180876
0.061875 99.428157
0.062000 98.373297
0.062125 96.918786
0.062250 95.001886
0.062375 92.685643
