0.000000 0.000000
0.000125 23.489750
0.000250 42.305612
0.000375 59.571564
0.000500 74.916358
0.000625 88.722480
0.000750 101.261568
0.000875 112.232188
0.001000 121.395629
0.001125 129.250342
0.001250 134.859629
0.001375 136.695458
0.001500 136.374907
0.001625 133.963346
0.001750 129.091533
0.001875 122.136237
0.002000 114.387301
0.002125 107.953603
0.002250 102.326593
0.002375 97.338603
0.002500 93.148064
0.002625 90.162469
0.002750 89.289215
0.002875 90.843727
0.003000 94.520481
0.003125 99.183314
0.003250 104.644856
0.003375 110.545112
0.003500 117.633446
0.003625 125.703193
0.003750 132.533669
0.003875 137.181870
0.004000 139.433657
0.004125 139.761284
0.004250 137.503359
0.004375 131.720780
0.004500 123.992426
0.004625 114.738848
0.004750 103.771100
0.004875 91.371522
0.005000 77.901741
0.005125 62.930154
0.005250 46.496831
0.005375 30.415116
0.005500 24.721703
0.005625 36.493909
0.005750 53.247987
0.005875 69.335072
0.006000 83.868493
0.006125 97.298253
0.006250 109.531741
0.006375 119.992253
0.006500 128.834847
0.006625 136.360618
0.006750 141.030020
0.006875 142.325052
0.007000 141.382836
0.007125 138.347072
0.007250 132.981857
0.007375 125.844534
0.007500 118.687977
0.007625 112.231494
0.007750 106.417874
0.007875 101.451087
0.008000 97.421412
0.008125 94.848705
0.008250 94.284088
0.008375 95.937469
0.008500 99.395777
0.008625 103.992498
0.008750 109.305189
0.008875 115.189283
0.009000 122.196370
0.009125 129.641663
0.009250 135.790501
0.009375 139.705142
0.009500 141.434497
0.009625 141.131961
0.009750 137.925400
0.009875 131.808289
0.010000 123.713323
0.010125 113.974097
0.010250 102.657562
0.010375 90.019504
0.010500 76.238319
0.010625 60.935867
0.010750 44.606221
0.010875 31.240428
0.011000 30.160771
0.011125 40.708759
0.011250 55.913535
0.011375 71.305673
0.011500 85.531995
0.011625 98.690696
0.011750 110.408603
0.011875 120.295580
0.012000 128.767075
0.012125 135.490741
0.012250 139.175815
0.012375 140.062093
0.012500 138.597752
0.012625 134.916660
0.012750 129.072709
0.012875 121.928547
0.013000 114.950439
0.013125 108.454249
0.013250 102.561977
0.013375 97.479877
0.013500 93.571965
0.013625 91.274849
0.013750 90.994798
0.013875 92.796566
0.014000 96.170545
0.014125 100.709941
0.014250 105.855844
0.014375 111.813227
0.014500 118.803351
0.014625 125.670714
0.014750 131.153087
0.014875 134.419414
0.015000 135.521967
0.015125 134.341396
0.015250 130.402550
0.015375 124.018966
0.015500 115.671832
0.015625 105.615822
0.015750 94.080425
0.015875 81.178772
0.016000 66.749681
0.016125 50.729335
0.016250 34.209399
0.016375 24.120105
0.016500 26.224029
0.016625 37.740124
0.016750 52.184915
0.016875 67.763222
0.017000 82.321741
0.017125 95.576952
0.017250 107.088165
0.017375 116.980570
0.017500 125.296120
0.017625 131.455534
0.017750 134.782850
0.017875 135.597841
0.018000 134.055033
0.018125 130.234497
0.018250 124.607773
0.018375 118.127617
0.018500 111.740737
0.018625 105.782878
0.018750 100.364070
0.018875 95.800530
0.019000 92.632274
0.019125 91.210387
0.019250 91.745284
0.019375 94.024490
0.019500 97.698144
0.019625 102.445907
0.019750 108.023576
0.019875 114.470740
0.020000 121.463500
0.020125 127.981440
0.020250 133.007325
0.020375 136.076685
0.020500 136.976364
0.020625 135.517303
0.020750 131.530991
0.020875 125.250906
0.021000 117.050308
0.021125 107.204117
0.021250 95.885567
0.021375 83.227554
0.021500 69.159312
0.021625 54.437762
0.021750 42.293221
0.021875 37.620454
0.022000 41.267130
0.022125 50.936555
0.022250 63.054935
0.022375 76.452582
0.022500 90.196088
0.022625 102.915159
0.022750 114.032326
0.022875 123.578089
0.023000 131.302838
0.023125 136.699599
0.023250 139.462165
0.023375 139.739437
0.023500 137.714621
0.023625 133.694385
0.023750 128.212177
0.023875 122.155724
0.024000 116.062031
0.024125 110.245667
0.024250 105.010994
0.024375 100.767227
0.024500 97.992327
0.024625 96.971673
0.024750 97.725027
0.024875 99.958061
0.025000 103.405784
0.025125 107.872327
0.025250 113.293282
0.025375 119.480833
0.025500 125.867013
0.025625 131.440645
0.025750 135.587029
0.025875 137.924911
0.026000 138.085171
0.026125 135.930636
0.026250 131.496611
0.026375 124.859396
0.026500 116.382869
0.026625 106.348660
0.026750 94.863474
0.026875 81.927726
0.027000 67.965228
0.027125 54.768427
0.027250 45.959115
0.027375 43.526448
0.027500 47.561176
0.027625 56.409079
0.027750 67.217100
0.027875 79.105535
0.028000 91.621207
0.028125 103.640279
0.028250 114.257778
0.028375 123.211238
0.028500 130.048666
0.028625 134.639774
0.028750 136.741725
0.028875 136.467471
0.029000 133.971864
0.029125 129.809501
0.029250 124.462264
0.029375 118.551786
0.029500 112.555846
0.029625 106.859135
0.029750 101.795308
0.029875 97.827647
0.030000 95.292387
0.030125 94.465536
0.030250 95.362092
0.030375 97.568129
0.030500 100.910453
0.030625 105.221418
0.030750 110.441487
0.030875 116.308189
0.031000 122.074670
0.031125 126.909833
0.031250 130.305283
0.031375 131.800722
0.031500 131.227925
0.031625 128.473210
0.031750 123.651965
0.031875 116.716243
0.032000 108.032621
0.032125 97.733298
0.032250 85.865500
0.032375 72.450866
0.032500 58.633502
0.032625 46.848444
0.032750 40.520326
0.032875 39.830989
0.033000 44.614763
0.033125 53.952198
0.033250 64.934670
0.033375 76.179862
0.033500 87.802091
0.033625 99.406816
0.033750 109.860308
0.033875 118.497802
0.034000 124.941047
0.034125 129.216662
0.034250 131.086464
0.034375 130.639247
0.034500 128.247223
0.034625 124.432878
0.034750 119.695318
0.034875 114.360322
0.035000 108.978014
0.035125 103.969238
0.035250 99.701432
0.035375 96.512695
0.035500 94.791534
0.035625 94.648528
0.035750 96.009121
0.035875 98.710180
0.036000 102.446813
0.036125 107.101690
0.036250 112.507525
0.036375 118.199507
0.036500 123.687205
0.036625 128.225847
0.036750 131.252988
0.036875 132.363014
0.037000 131.438276
0.037125 128.626224
0.037250 123.790407
0.037375 116.982615
0.037500 108.453113
0.037625 98.329030
0.037750 86.777002
0.037875 74.555201
0.038000 62.998393
0.038125 54.756102
0.038250 51.188852
0.038375 52.048414
0.038500 57.072441
0.038625 65.488197
0.038750 75.447518
0.038875 85.634809
0.039000 95.932413
0.039125 106.115779
0.039250 115.809244
0.039375 123.743161
0.039500 129.634410
0.039625 133.307798
0.039750 134.720493
0.039875 133.948303
0.040000 131.460672
0.040125 127.824028
0.040250 123.370205
0.040375 118.452987
0.040500 113.434837
0.040625 108.854191
0.040750 105.037907
0.040875 102.352712
0.041000 100.972291
0.041125 101.038656
0.041250 102.464281
0.041375 105.137272
0.041500 108.755765
0.041625 113.164625
0.041750 118.077319
0.041875 123.087636
0.042000 127.708645
0.042125 131.357813
0.042250 133.542423
0.042375 133.805478
0.042500 132.137506
0.042625 128.730170
0.042750 123.473097
0.042875 116.341105
0.043000 107.522559
0.043125 97.225345
0.043250 85.977412
0.043375 74.658965
0.043500 65.062446
0.043625 59.071904
0.043750 56.630612
0.043875 57.982942
0.044000 62.799590
0.044125 70.631414
0.044250 79.807413
0.044375 89.033142
0.044500 98.105574
0.044625 107.011718
0.044750 115.334023
0.044875 122.437273
0.045000 127.626596
0.045125 130.631721
0.045250 131.514524
0.045375 130.347612
0.045500 127.725896
0.045625 124.136710
0.045750 119.791781
0.045875 115.067850
0.046000 110.323611
0.046125 106.059656
0.046250 102.626812
0.046375 100.272762
0.046500 99.145481
0.046625 99.302440
0.046750 100.783398
0.046875 103.369278
0.047000 106.909383
0.047125 111.076119
0.047250 115.548394
0.047375 119.930774
0.047500 123.724413
0.047625 126.582791
0.047750 127.937915
0.047875 127.401881
0.048000 125.096761
0.048125 121.093563
0.048250 115.408724
0.048375 107.877946
0.048500 98.655919
0.048625 88.046345
0.048750 77.029409
0.048875 66.396980
0.049000 58.411166
0.049125 54.093099
0.049250 52.589948
0.049375 54.582027
0.049500 59.733680
0.049625 67.806335
0.049750 77.200261
0.049875 86.204461
0.050000 94.603124
0.050125 102.816572
0.050250 110.049403
0.050375 116.483443
0.050500 121.328779
0.050625 124.120046
0.050750 124.929186
0.050875 123.891238
0.051000 121.580217
0.051125 118.399935
0.051250 114.632813
0.051375 110.542588
0.051500 106.560692
0.051625 103.135571
0.051750 100.541872
0.051875 99.017769
0.052000 98.619832
0.052125 99.420181
0.052250 101.459371
0.052375 104.420657
0.052500 108.236250
0.052625 112.563760
0.052750 116.913943
0.052875 121.011081
0.053000 124.460133
0.053125 126.877837
0.053250 127.783278
0.053375 126.931631
0.053500 124.493855
0.053625 120.373687
0.053750 114.608417
0.053875 107.195575
0.054000 98.204897
0.054125 88.593074
0.054250 78.908305
0.054375 70.583816
0.054500 65.141978
0.054625 62.552850
0.054750 62.412775
0.054875 65.069746
0.055000 70.297612
0.055125 77.851220
0.055250 86.464012
0.055375 94.865310
0.055500 102.586947
0.055625 109.690506
0.055750 115.946623
0.055875 121.146803
0.056000 125.207511
0.056125 127.620799
0.056250 128.173223
0.056375 127.107550
0.056500 124.945908
0.056625 121.953272
0.056750 118.551476
0.056875 114.953769
0.057000 111.536765
0.057125 108.647521
0.057250 106.537457
0.057375 105.388731
0.057500 105.284892
0.057625 106.307306
0.057750 108.317154
0.057875 111.196942
0.058000 114.703191
0.058125 118.489083
0.058250 122.248988
0.058375 125.587878
0.058500 128.211639
0.058625 129.690095
0.058750 129.721884
0.058875 128.194593
0.059000 125.097116
0.059125 120.467301
0.059250 114.185220
0.059375 106.459566
0.059500 97.750907
0.059625 88.666117
0.059750 80.078799
0.059875 73.533202
0.060000 69.512427
0.060125 67.598764
0.060250 67.865363
0.060375 70.566658
0.060500 75.498493
0.060625 82.466046
0.060750 90.340506
0.060875 97.987907
0.061000 104.854502
0.061125 110.727983
0.061250 115.931587
0.061375 119.982858
0.061500 122.965082
0.061625 124.757084
0.061750 124.989230
0.061875 123.813112
0.062000 121.600088
0.062125 118.697838
0.062250 115.432680
0.062375 112.142860
