0.000000 0.000000
0.000125 29.918324
0.000250 54.249765
0.000375 77.588236
0.000500 99.411145
0.000625 119.541633
0.000750 137.862756
0.000875 154.405125
0.001000 169.199425
0.001125 182.344215
0.001250 193.954697
0.001375 204.119293
0.001500 212.755329
0.001625 220.139380
0.001750 226.467140
0.001875 231.656779
0.002000 235.765427
0.002125 239.016270
0.002250 241.191465
0.002375 241.756422
0.002500 240.565885
0.002625 238.073358
0.002750 234.732379
0.002875 230.434416
0.003000 224.972911
0.003125 218.337701
0.003250 210.692958
0.003375 201.549924
0.003500 190.901181
0.003625 178.725212
0.003750 164.978160
0.003875 149.480574
0.004000 132.205245
0.004125 113.111453
0.004250 92.257267
0.004375 69.850149
0.004500 46.525556
0.004625 26.439799
0.004750 29.950784
0.004875 51.989972
0.005000 75.433907
0.005125 97.850686
0.005250 118.617232
0.005375 137.665487
0.005500 154.900986
0.005625 170.328276
0.005750 184.070405
0.005875 196.258139
0.006000 206.983647
0.006125 216.175184
0.006250 223.906156
0.006375 230.553081
0.006500 236.126279
0.006625 240.589756
0.006750 244.033816
0.006875 246.519231
0.007000 247.619236
0.007125 246.940257
0.007250 244.690528
0.007375 241.532805
0.007500 237.540578
0.007625 232.418197
0.007750 226.044719
0.007875 218.552521
0.008000 209.877492
0.008125 199.640399
0.008250 187.883666
0.008375 174.553428
0.008500 159.536305
0.008625 142.720841
0.008750 124.186392
0.008875 103.803608
0.009000 81.884501
0.009125 59.119965
0.009250 38.617800
0.009375 31.316321
0.009500 45.879660
0.009625 68.453959
0.009750 90.896202
0.009875 111.933223
0.010000 131.288126
0.010125 148.939179
0.010250 164.841478
0.010375 179.078073
0.010500 191.685656
0.010625 202.812412
0.010750 212.434496
0.010875 220.544057
0.011000 227.372927
0.011125 233.193579
0.011250 237.962545
0.011375 241.597328
0.011500 244.214606
0.011625 245.607480
0.011750 245.447827
0.011875 243.605049
0.012000 240.561327
0.012125 236.720217
0.012250 231.872488
0.012375 225.774700
0.012500 218.505139
0.012625 210.046283
0.012750 200.286010
0.012875 188.855996
0.013000 175.923337
0.013125 161.375886
0.013250 145.054722
0.013375 127.003562
0.013500 107.140787
0.013625 85.727630
0.013750 63.444785
0.013875 42.561870
0.014000 28.818632
0.014125 33.602093
0.014250 53.756973
0.014375 76.370934
0.014500 97.853156
0.014625 117.685022
0.014750 135.880951
0.014875 152.259996
0.015000 166.965368
0.015125 180.102533
0.015250 191.742869
0.015375 201.875882
0.015500 210.559143
0.015625 217.897718
0.015750 224.151063
0.015875 229.380747
0.016000 233.439708
0.016125 236.506979
0.016250 238.390351
0.016375 238.899110
0.016500 237.867681
0.016625 235.467391
0.016750 232.112677
0.016875 227.880655
0.017000 222.473473
0.017125 215.987941
0.017250 208.203634
0.017375 199.236842
0.017500 188.787623
0.017625 176.834768
0.017750 163.192125
0.017875 147.911609
0.018000 130.880820
0.018125 112.150377
0.018250 91.922335
0.018375 71.102767
0.018500 51.181914
0.018625 35.955449
0.018750 32.559726
0.018875 45.747608
0.019000 67.510095
0.019125 89.796032
0.019250 110.617419
0.019375 129.797281
0.019500 147.266326
0.019625 163.003658
0.019750 177.160019
0.019875 189.744356
0.020000 200.829426
0.020125 210.454663
0.020250 218.727862
0.020375 225.774618
0.020500 231.766319
0.020625 236.622774
0.020750 240.334719
0.020875 242.895957
0.021000 244.239205
0.021125 244.085366
0.021250 242.437259
0.021375 239.627629
0.021500 235.871039
0.021625 231.074636
0.021750 225.043777
0.021875 217.798296
0.022000 209.353575
0.022125 199.509092
0.022250 188.093511
0.022375 175.061726
0.022500 160.397291
0.022625 144.036039
0.022750 126.023454
0.022875 106.814919
0.023000 87.051197
0.023125 68.084726
0.023250 52.542207
0.023375 44.428968
0.023500 49.458236
0.023625 65.721054
0.023750 86.742324
0.023875 107.760767
0.024000 127.339779
0.024125 145.330431
0.024250 161.554913
0.024375 176.160702
0.024500 189.173812
0.024625 200.663148
0.024750 210.716995
0.024875 219.366075
0.025000 226.716412
0.025125 232.906911
0.025250 238.018285
0.025375 241.995267
0.025500 244.793288
0.025625 246.356704
0.025750 246.615424
0.025875 245.400207
0.026000 242.853812
0.026125 239.262777
0.026250 234.642375
0.026375 228.904804
0.026500 221.919356
0.026625 213.697666
0.026750 204.170763
0.026875 193.143784
0.027000 180.504744
0.027125 166.282346
0.027250 150.413271
0.027375 133.017218
0.027500 114.628623
0.027625 95.573851
0.027750 76.937466
0.027875 60.968464
0.028000 49.424249
0.028125 48.324671
0.028250 58.527644
0.028375 76.475843
0.028500 97.129391
0.028625 117.058121
0.028750 135.435691
0.028875 152.138444
0.029000 167.181457
0.029125 180.622725
0.029250 192.508908
0.029375 202.966274
0.029500 211.997373
0.029625 219.687209
0.029750 226.170395
0.029875 231.533728
0.030000 235.762900
0.030125 238.788780
0.030250 240.640221
0.030375 241.247456
0.030500 240.504320
0.030625 238.366627
0.030750 235.057658
0.030875 230.673162
0.031000 225.253067
0.031125 218.617543
0.031250 210.763856
0.031375 201.619620
0.031500 191.039066
0.031625 178.927585
0.031750 165.269473
0.031875 149.988174
0.032000 133.421243
0.032125 115.926858
0.032250 97.649923
0.032375 79.442458
0.032500 63.683392
0.032625 50.139687
0.032750 44.339645
0.032875 49.189705
0.033000 62.936844
0.033125 82.146509
0.033250 102.503619
0.033375 121.603884
0.033500 139.213306
0.033625 155.177934
0.033750 169.517707
0.033875 182.284479
0.034000 193.564211
0.034125 203.545875
0.034250 212.122984
0.034375 219.473618
0.034500 225.600559
0.034625 230.589813
0.034750 234.424932
0.034875 237.096241
0.035000 238.561851
0.035125 238.789698
0.035250 237.639991
0.035375 235.155168
0.035500 231.608221
0.035625 226.976020
0.035750 221.174731
0.035875 214.217214
0.036000 205.923724
0.036125 196.285648
0.036250 185.134262
0.036375 172.471295
0.036500 158.333074
0.036625 143.111045
0.036750 126.849782
0.036875 109.850983
0.037000 92.778453
0.037125 77.653078
0.037250 64.142135
0.037375 55.604890
0.037500 56.147215
0.037625 65.173594
0.037750 80.847797
0.037875 100.061220
0.038000 119.626322
0.038125 137.900174
0.038250 154.587463
0.038375 169.670205
0.038500 183.141587
0.038625 195.130067
0.038750 205.678116
0.038875 214.831598
0.039000 222.643070
0.039125 229.271195
0.039250 234.692024
0.039375 238.895468
0.039500 241.934838
0.039625 243.818962
0.039750 244.452076
0.039875 243.748657
0.040000 241.707258
0.040125 238.485491
0.040250 234.142717
0.040375 228.675870
0.040500 222.011897
0.040625 214.083778
0.040750 204.784500
0.040875 194.080297
0.041000 181.897074
0.041125 168.452039
0.041250 153.936137
0.041375 138.323418
0.041500 122.023834
0.041625 105.606327
0.041750 90.603262
0.041875 76.923935
0.042000 66.392138
0.042125 62.980186
0.042250 67.456081
0.042375 78.836515
0.042500 95.151198
0.042625 113.660173
0.042750 132.099931
0.042875 149.151355
0.043000 164.717082
0.043125 178.622738
0.043250 191.032516
0.043375 201.960309
0.043500 211.479598
0.043625 219.664090
0.043750 226.560633
0.043875 232.284753
0.044000 236.730945
0.044125 240.021247
0.044250 242.130138
0.044375 243.060537
0.044500 242.723527
0.044625 241.002967
0.044750 238.043352
0.044875 233.946523
0.045000 228.672922
0.045125 222.261756
0.045250 214.607822
0.045375 205.635352
0.045500 195.246268
0.045625 183.486184
0.045750 170.731895
0.045875 156.787434
0.046000 141.757033
0.046125 125.967841
0.046250 109.866170
0.046375 95.125542
0.046500 81.208265
0.046625 69.035296
0.046750 62.389242
0.046875 63.064269
0.047000 70.602860
0.047125 83.738351
0.047250 100.478233
0.047375 118.662400
0.047500 136.213489
0.047625 152.226757
0.047750 166.707867
0.047875 179.622231
0.048000 191.074724
0.048125 201.124054
0.048250 209.748585
0.048375 217.122333
0.048500 223.258455
0.048625 228.142801
0.048750 231.818494
0.048875 234.348492
0.049000 235.754031
0.049125 235.893554
0.049250 234.770777
0.049375 232.373121
0.049500 228.747370
0.049625 224.004082
0.049750 218.099961
0.049875 210.960030
0.050000 202.616007
0.050125 192.999239
0.050250 182.212649
0.050375 170.447964
0.050500 157.541783
0.050625 143.506607
0.050750 128.730991
0.050875 113.503656
0.051000 99.638815
0.051125 86.286117
0.051250 73.937323
0.051375 65.259011
0.051500 63.193069
0.051625 67.533206
0.051750 77.893327
0.051875 92.572187
0.052000 109.858055
0.052125 127.822858
0.052250 144.797256
0.052375 160.310340
0.052500 174.252167
0.052625 186.731640
0.052750 197.755063
0.052875 207.306687
0.053000 215.608410
0.053125 222.615290
0.053250 228.385385
0.053375 232.860737
0.053500 236.163606
0.053625 238.333197
0.053750 239.346107
0.053875 239.063278
0.054000 237.462001
0.054125 234.580808
0.054250 230.543311
0.054375 225.339511
0.054500 218.878670
0.054625 211.236407
0.054750 202.311229
0.054875 192.413426
0.055000 181.433174
0.055125 169.286826
0.055250 156.086634
0.055375 142.059336
0.055500 127.659318
0.055625 114.176714
0.055750 101.175659
0.055875 88.806248
0.056000 78.937501
0.056125 74.254625
0.056250 75.456101
0.056375 82.370463
0.056500 94.035496
0.056625 109.084404
0.056750 125.881601
0.056875 142.865661
0.057000 158.784853
0.057125 173.275654
0.057250 186.226412
0.057375 197.723946
0.057500 207.758234
0.057625 216.429832
0.057750 223.809910
0.057875 229.873797
0.058000 234.708853
0.058125 238.303471
0.058250 240.731583
0.058375 242.033332
0.058500 242.104476
0.058625 240.828855
0.058750 238.258050
0.058875 234.504181
0.059000 229.536931
0.059125 223.363572
0.059250 216.003326
0.059375 207.542721
0.059500 198.129225
0.059625 187.604233
0.059750 175.894167
0.059875 163.187066
0.060000 149.589920
0.060125 135.595153
0.060250 122.375899
0.060375 109.558748
0.060500 97.066183
0.060625 86.146588
0.060750 79.133524
0.060875 77.459574
0.061000 81.087247
0.061125 89.833941
0.061250 102.347888
0.061375 117.484869
0.061500 133.818224
0.061625 149.831344
0.061750 164.706683
0.061875 178.128044
0.062000 190.023665
0.062125 200.464883
0.062250 209.545519
0.062375 217.264492
