0.000000 0.000000
0.000125 44.534243
0.000250 85.182850
0.000375 124.657710
0.000500 162.486218
0.000625 198.275445
0.000750 231.665253
0.000875 262.685025
0.001000 291.199159
0.001125 317.189142
0.001250 340.720063
0.001375 361.734489
0.001500 379.790692
0.001625 395.305645
0.001750 408.828482
0.001875 419.379791
0.002000 427.029541
0.002125 432.840935
0.002250 436.554740
0.002375 437.566969
0.002500 435.748203
0.002625 431.477645
0.002750 425.407170
0.002875 417.114146
0.003000 405.539542
0.003125 391.652181
0.003250 375.720598
0.003375 356.883499
0.003500 335.227862
0.003625 311.146504
0.003750 284.631216
0.003875 255.635152
0.004000 224.120736
0.004125 190.206030
0.004250 154.146011
0.004375 116.344392
0.004500 77.946696
0.004625 44.611585
0.004750 46.077151
0.004875 80.451913
0.005000 118.959836
0.005125 156.847454
0.005250 193.077270
0.005375 227.219533
0.005500 259.085103
0.005625 288.519793
0.005750 315.588327
0.005875 340.263700
0.006000 362.375876
0.006125 381.773400
0.006250 398.272166
0.006375 412.626789
0.006500 424.675782
0.006625 433.296278
0.006750 439.727889
0.006875 444.398783
0.007000 446.561447
0.007125 445.798516
0.007250 442.320592
0.007375 436.742590
0.007500 429.473862
0.007625 419.176290
0.007750 405.873918
0.007875 390.773885
0.008000 373.217196
0.008125 352.613804
0.008250 329.453119
0.008375 303.929570
0.008500 275.921528
0.008625 245.412095
0.008750 212.458752
0.008875 177.247811
0.009000 140.222020
0.009125 102.415470
0.009250 67.759728
0.009375 51.729679
0.009500 70.155258
0.009625 105.371026
0.009750 142.692723
0.009875 178.976906
0.010000 213.442359
0.010125 245.732017
0.010250 275.733045
0.010375 303.403634
0.010500 328.824704
0.010625 351.695238
0.010750 372.090395
0.010875 389.716181
0.011000 404.762277
0.011125 417.613385
0.011250 427.577838
0.011375 434.771924
0.011500 439.981581
0.011625 442.992369
0.011750 443.300791
0.011875 440.862900
0.012000 435.999718
0.012125 429.182500
0.012250 420.040377
0.012375 407.866987
0.012500 393.358667
0.012625 376.603918
0.012750 357.125369
0.012875 334.867711
0.013000 310.101611
0.013125 282.932697
0.013250 253.202929
0.013375 220.975691
0.013500 186.307676
0.013625 149.549955
0.013750 111.206404
0.013875 73.429944
0.014000 44.967284
0.014125 47.325154
0.014250 76.852584
0.014375 114.617728
0.014500 151.765236
0.014625 187.166886
0.014750 220.487222
0.014875 251.565027
0.015000 280.309175
0.015125 306.588687
0.015250 330.481805
0.015375 351.875729
0.015500 370.677280
0.015625 386.836361
0.015750 400.478193
0.015875 411.591838
0.016000 420.119054
0.016125 426.249718
0.016250 430.257754
0.016375 431.918181
0.016500 430.914737
0.016625 427.280114
0.016750 421.726276
0.016875 414.063391
0.017000 403.721995
0.017125 390.883672
0.017250 375.725747
0.017375 358.012359
0.017500 337.659104
0.017625 314.705433
0.017750 289.233506
0.017875 261.270271
0.018000 230.801554
0.018125 197.954771
0.018250 162.874490
0.018375 125.991214
0.018500 89.221980
0.018625 57.712087
0.018750 47.315521
0.018875 63.820852
0.019000 97.294402
0.019125 135.319227
0.019250 172.099185
0.019375 207.006454
0.019500 239.756478
0.019625 270.257132
0.019750 298.352095
0.019875 324.088487
0.020000 347.261889
0.020125 367.902928
0.020250 385.876466
0.020375 401.307675
0.020500 414.102215
0.020625 424.322725
0.020750 432.087877
0.020875 437.504668
0.021000 440.562028
0.021125 441.139663
0.021250 439.190468
0.021375 434.771807
0.021500 428.205816
0.021625 419.189858
0.021750 407.658415
0.021875 393.686307
0.022000 377.199526
0.022125 358.204932
0.022250 336.547168
0.022375 312.312173
0.022500 285.637442
0.022625 256.401499
0.022750 224.744667
0.022875 190.812724
0.023000 155.380848
0.023125 120.416234
0.023250 89.546553
0.023375 71.712465
0.023500 75.002203
0.023625 96.385027
0.023750 128.829269
0.023875 164.686099
0.024000 199.705621
0.024125 232.815400
0.024250 263.810463
0.024375 292.623856
0.024500 319.110525
0.024625 343.238983
0.024750 364.745909
0.024875 383.707936
0.025000 400.075748
0.025125 413.825994
0.025250 424.850476
0.025375 433.460033
0.025500 439.673893
0.025625 443.484386
0.025750 444.859223
0.025875 443.713694
0.026000 440.060502
0.026125 434.143648
0.026250 425.921374
0.026375 415.142863
0.026500 402.075144
0.026625 386.489827
0.026750 368.334156
0.026875 347.718153
0.027000 324.482546
0.027125 298.658346
0.027250 270.396390
0.027375 239.566600
0.027500 206.516024
0.027625 171.701654
0.027750 136.973415
0.027875 104.650300
0.028000 80.573060
0.028125 74.405939
0.028250 85.924497
0.028375 110.899397
0.028500 144.022084
0.028625 179.043473
0.028750 212.779750
0.028875 244.521200
0.029000 274.150570
0.029125 301.496777
0.029250 326.430941
0.029375 348.967924
0.029500 368.787999
0.029625 386.131926
0.029750 400.873311
0.029875 412.911418
0.030000 422.356296
0.030125 429.447244
0.030250 434.160965
0.030375 436.395842
0.030500 436.108778
0.030625 433.354049
0.030750 428.261786
0.030875 420.832139
0.031000 410.878622
0.031125 398.692467
0.031250 384.083303
0.031375 366.879765
0.031500 347.167895
0.031625 324.949193
0.031750 300.127670
0.031875 272.763659
0.032000 242.934258
0.032125 210.713292
0.032250 176.576500
0.032375 141.963554
0.032500 108.827837
0.032625 79.854797
0.032750 65.923862
0.032875 70.220029
0.033000 87.814512
0.033125 115.930740
0.033250 150.344006
0.033375 185.299811
0.033500 218.667503
0.033625 249.819303
0.033750 278.725479
0.033875 305.325916
0.034000 329.509816
0.034125 351.170866
0.034250 370.247892
0.034375 386.829957
0.034500 400.764131
0.034625 411.992814
0.034750 420.835625
0.034875 427.380041
0.035000 431.401796
0.035125 432.950411
0.035250 432.024936
0.035375 428.685857
0.035500 423.015147
0.035625 414.878179
0.035750 404.403841
0.035875 391.611319
0.036000 376.318418
0.036125 358.511187
0.036250 338.202181
0.036375 315.397974
0.036500 290.018621
0.036625 262.164082
0.036750 231.899534
0.036875 199.793102
0.037000 167.236637
0.037125 135.664547
0.037250 107.133701
0.037375 89.003811
0.037500 86.263411
0.037625 96.977583
0.037750 118.170073
0.037875 147.062969
0.038000 180.395996
0.038125 213.933839
0.038250 245.825989
0.038375 275.615456
0.038500 303.255015
0.038625 328.481505
0.038750 351.312511
0.038875 371.439588
0.039000 389.113636
0.039125 404.238751
0.039250 416.625616
0.039375 426.420803
0.039500 433.854948
0.039625 438.910683
0.039750 441.446988
0.039875 441.427800
0.040000 438.957699
0.040125 434.215985
0.040250 427.056366
0.040375 417.374901
0.040500 405.440715
0.040625 391.140093
0.040750 374.411697
0.040875 355.111591
0.041000 333.348713
0.041125 309.116750
0.041250 282.308532
0.041375 253.214402
0.041500 222.248976
0.041625 190.865739
0.041750 159.922418
0.041875 131.128507
0.042000 109.445063
0.042125 100.490710
0.042250 104.328254
0.042375 118.496828
0.042500 141.133032
0.042625 169.762067
0.042750 201.720064
0.042875 233.619481
0.043000 263.820954
0.043125 291.975903
0.043250 317.958452
0.043375 341.517394
0.043500 362.530152
0.043625 380.977997
0.043750 397.011691
0.043875 410.390379
0.044000 421.077949
0.044125 429.381120
0.044250 435.215496
0.044375 438.664520
0.044500 439.528947
0.044625 437.787590
0.044750 433.772625
0.044875 427.451982
0.045000 418.527778
0.045125 407.346909
0.045250 393.775158
0.045375 377.871481
0.045500 359.473863
0.045625 338.529151
0.045750 315.117001
0.045875 289.233138
0.046000 260.959417
0.046125 230.705808
0.046250 199.709052
0.046375 168.912746
0.046500 138.890203
0.046625 113.483391
0.046750 99.172364
0.046875 97.267847
0.047000 106.269402
0.047125 123.436678
0.047250 147.601580
0.047375 176.744869
0.047500 208.665986
0.047625 239.689640
0.047750 268.800945
0.047875 295.707280
0.048000 320.267080
0.048125 342.294092
0.048250 361.860426
0.048375 378.824287
0.048500 393.216258
0.048625 405.004423
0.048750 414.324683
0.048875 421.206839
0.049000 425.654059
0.049125 427.620256
0.049250 427.056348
0.049375 424.102567
0.049500 418.809096
0.049625 411.095558
0.049750 401.134936
0.049875 388.698401
0.050000 373.931905
0.050125 357.120652
0.050250 337.747292
0.050375 315.901218
0.050500 291.662507
0.050625 265.048495
0.050750 236.396173
0.050875 206.995368
0.051000 177.532663
0.051125 148.138822
0.051250 121.610774
0.051375 103.901562
0.051500 97.952841
0.051625 103.185784
0.051750 116.151618
0.051875 136.420219
0.052000 162.313345
0.052125 192.116282
0.052250 223.970064
0.052375 254.598226
0.052500 283.216200
0.052625 309.484379
0.052750 333.338913
0.052875 354.729338
0.053000 373.581393
0.053125 389.871974
0.053250 403.556487
0.053375 414.656554
0.053500 423.279143
0.053625 429.446054
0.053750 433.175610
0.053875 434.345364
0.054000 432.991639
0.054125 429.304101
0.054250 423.206118
0.054375 414.741989
0.054500 403.871266
0.054625 390.547597
0.054750 374.980230
0.054875 356.966003
0.055000 336.504436
0.055125 313.628103
0.055250 288.358774
0.055375 261.276933
0.055500 233.247971
0.055625 204.830924
0.055750 176.490511
0.055875 150.136424
0.056000 130.129955
0.056125 120.001608
0.056250 119.669328
0.056375 128.202116
0.056500 143.376781
0.056625 164.425441
0.056750 190.041387
0.056875 218.691931
0.057000 248.659109
0.057125 277.627612
0.057250 304.550446
0.057375 329.204247
0.057500 351.366126
0.057625 371.185385
0.057750 388.358569
0.057875 403.012397
0.058000 415.079477
0.058125 424.589416
0.058250 431.706082
0.058375 436.249214
0.058500 438.348994
0.058625 437.899012
0.058750 435.050769
0.058875 429.735206
0.059000 422.069910
0.059125 412.151030
0.059250 399.685667
0.059375 384.901670
0.059500 367.740179
0.059625 348.157705
0.059750 326.150968
0.059875 301.795108
0.060000 275.643827
0.060125 248.417809
0.060250 220.616813
0.060375 192.526016
0.060500 165.669040
0.060625 143.199557
0.060750 129.276855
0.060875 124.396743
0.061000 128.400386
0.061125 139.268065
0.061250 155.989926
0.061375 177.514525
0.061500 202.935044
0.061625 230.935744
0.061750 259.881711
0.061875 287.447256
0.062000 312.868658
0.062125 335.971307
0.062250 356.584481
0.062375 374.752036
