0.000000 0.000000
0.000125 186.107743
0.000250 197.576785
0.000375 208.095971
0.000500 212.212323
0.000625 214.069807
0.000750 222.210239
0.000875 229.650447
0.001000 233.024349
0.001125 237.078994
0.001250 240.545416
0.001375 242.506935
0.001500 246.892195
0.001625 246.965478
0.001750 248.970747
0.001875 247.113449
0.002000 247.618769
0.002125 249.003565
0.002250 250.348581
0.002375 251.496280
0.002500 251.835662
0.002625 249.742037
0.002750 250.073725
0.002875 246.314978
0.003000 244.721580
0.003125 240.314447
0.003250 235.780185
0.003375 233.055265
0.003500 229.669082
0.003625 225.672797
0.003750 222.409782
0.003875 219.349793
0.004000 221.559737
0.004125 225.735988
0.004250 230.822593
0.004375 236.503644
0.004500 242.734597
0.004625 247.942961
0.004750 254.800543
0.004875 261.730027
0.005000 267.417091
0.005125 271.723135
0.005250 271.780776
0.005375 274.012735
0.005500 276.125744
0.005625 275.645169
0.005750 276.579565
0.005875 276.610030
0.006000 278.788272
0.006125 280.479083
0.006250 280.596417
0.006375 279.543542
0.006500 277.438553
0.006625 277.633288
0.006750 278.062719
0.006875 277.262631
0.007000 275.844039
0.007125 267.289495
0.007250 261.105439
0.007375 256.610928
0.007500 253.426114
0.007625 252.444951
0.007750 250.717593
0.007875 248.444890
0.008000 254.100002
0.008125 259.066611
0.008250 258.696725
0.008375 268.658845
0.008500 262.884049
0.008625 270.994163
0.008750 275.233249
0.008875 279.245879
0.009000 281.816993
0.009125 285.644259
0.009250 286.308734
0.009375 287.788432
0.009500 283.533371
0.009625 281.554698
0.009750 281.680167
0.009875 282.253171
0.010000 284.500844
0.010125 282.064750
0.010250 280.678629
0.010375 277.915616
0.010500 276.196531
0.010625 274.025258
0.010750 271.240906
0.010875 267.008788
0.011000 261.961568
0.011125 254.485042
0.011250 249.510680
0.011375 244.541888
0.011500 238.305776
0.011625 233.979608
0.011750 232.683153
0.011875 234.749932
0.012000 237.082989
0.012125 239.758305
0.012250 243.627457
0.012375 245.551267
0.012500 248.934198
0.012625 252.585636
0.012750 254.541887
0.012875 256.903842
0.013000 256.273244
0.013125 256.035359
0.013250 257.245095
0.013375 256.665994
0.013500 255.367239
0.013625 255.841744
0.013750 254.137298
0.013875 253.528764
0.014000 252.643155
0.014125 251.567644
0.014250 248.566704
0.014375 246.639369
0.014500 243.417551
0.014625 242.220184
0.014750 236.556032
0.014875 231.778293
0.015000 223.368237
0.015125 215.502330
0.015250 210.697443
0.015375 206.505300
0.015500 206.214681
0.015625 203.670304
0.015750 200.401052
0.015875 201.366035
0.016000 203.580468
0.016125 208.076499
0.016250 214.518280
0.016375 216.975982
0.016500 229.880099
0.016625 240.255961
0.016750 236.458456
0.016875 234.805157
0.017000 231.287085
0.017125 237.608377
0.017250 240.775668
0.017375 239.319474
0.017500 238.377177
0.017625 241.674959
0.017750 243.343982
0.017875 246.267062
0.018000 244.687681
0.018125 241.551527
0.018250 241.391050
0.018375 239.201647
0.018500 240.653414
0.018625 237.774124
0.018750 234.652215
0.018875 228.135698
0.019000 224.163225
0.019125 219.321989
0.019250 218.063793
0.019375 216.012394
0.019500 215.691202
0.019625 217.174528
0.019750 218.898028
0.019875 223.579069
0.020000 229.159346
0.020125 234.756567
0.020250 240.147267
0.020375 245.977404
0.020500 252.954613
0.020625 256.593845
0.020750 260.707560
0.020875 262.572747
0.021000 265.056271
0.021125 267.801007
0.021250 269.264132
0.021375 269.653103
0.021500 269.087678
0.021625 269.152176
0.021750 269.981869
0.021875 272.259629
0.022000 273.154828
0.022125 272.537527
0.022250 271.317229
0.022375 271.555195
0.022500 267.863584
0.022625 265.746715
0.022750 260.832229
0.022875 258.277512
0.023000 255.079652
0.023125 253.184652
0.023250 249.591055
0.023375 248.960366
0.023500 247.686928
0.023625 249.223369
0.023750 254.014774
0.023875 258.720404
0.024000 264.620283
0.024125 268.065902
0.024250 271.500923
0.024375 277.201330
0.024500 279.686413
0.024625 279.074423
0.024750 279.992709
0.024875 280.040362
0.025000 286.344604
0.025125 290.149634
0.025250 290.433746
0.025375 286.382150
0.025500 284.668008
0.025625 283.786478
0.025750 285.090808
0.025875 282.385466
0.026000 281.059368
0.026125 280.862827
0.026250 278.917858
0.026375 276.181790
0.026500 272.112950
0.026625 266.181486
0.026750 261.438165
0.026875 254.807091
0.027000 252.821090
0.027125 248.083437
0.027250 246.783740
0.027375 243.875831
0.027500 243.872484
0.027625 246.256710
0.027750 248.393068
0.027875 251.882883
0.028000 254.149176
0.028125 257.939698
0.028250 262.013286
0.028375 264.705093
0.028500 264.443420
0.028625 264.126294
0.028750 264.352470
0.028875 264.868799
0.029000 264.923893
0.029125 265.082004
0.029250 263.640363
0.029375 262.180163
0.029500 261.400568
0.029625 260.047903
0.029750 260.374025
0.029875 257.988073
0.030000 254.103750
0.030125 249.613286
0.030250 246.218540
0.030375 240.281475
0.030500 236.189437
0.030625 230.153343
0.030750 224.139627
0.030875 221.466411
0.031000 214.983828
0.031125 212.232660
0.031250 208.629372
0.031375 208.937410
0.031500 210.024834
0.031625 216.170689
0.031750 219.014773
0.031875 223.009089
0.032000 224.407712
0.032125 225.108319
0.032250 230.628243
0.032375 235.356523
0.032500 237.793218
0.032625 238.915382
0.032750 236.869420
0.032875 241.884193
0.033000 242.512858
0.033125 238.859660
0.033250 233.744447
0.033375 229.640307
0.033500 237.641156
0.033625 241.855852
0.033750 240.240991
0.033875 237.029107
0.034000 236.152080
0.034125 232.702356
0.034250 229.029265
0.034375 223.395966
0.034500 218.299355
0.034625 217.277319
0.034750 214.770636
0.034875 212.697434
0.035000 211.038187
0.035125 207.599860
0.035250 209.077175
0.035375 211.644693
0.035500 217.743111
0.035625 221.571161
0.035750 227.719847
0.035875 230.820901
0.036000 235.805843
0.036125 241.452536
0.036250 244.330152
0.036375 249.212516
0.036500 252.457685
0.036625 255.084262
0.036750 257.154444
0.036875 259.252659
0.037000 260.568868
0.037125 260.878370
0.037250 262.159112
0.037375 263.212900
0.037500 264.153683
0.037625 263.650861
0.037750 263.531453
0.037875 261.238788
0.038000 260.688558
0.038125 258.570157
0.038250 257.168722
0.038375 255.159685
0.038500 251.942348
0.038625 247.781428
0.038750 247.190168
0.038875 245.619267
0.039000 244.359560
0.039125 244.879969
0.039250 246.310743
0.039375 250.999357
0.039500 254.916772
0.039625 259.321440
0.039750 261.634863
0.039875 265.393791
0.040000 269.736246
0.040125 274.748967
0.040250 278.738477
0.040375 281.327694
0.040500 281.415073
0.040625 280.537070
0.040750 282.878749
0.040875 284.754259
0.041000 284.628496
0.041125 286.579955
0.041250 284.887882
0.041375 288.324529
0.041500 287.692170
0.041625 282.340838
0.041750 280.060761
0.041875 277.297166
0.042000 275.898902
0.042125 275.347103
0.042250 269.875193
0.042375 265.657309
0.042500 264.408301
0.042625 260.776944
0.042750 257.778538
0.042875 254.581673
0.043000 251.774104
0.043125 252.530572
0.043250 254.688284
0.043375 257.720470
0.043500 260.197270
0.043625 261.687134
0.043750 263.328023
0.043875 265.090597
0.044000 267.947856
0.044125 271.106396
0.044250 273.353439
0.044375 272.275966
0.044500 273.279287
0.044625 273.223477
0.044750 273.117952
0.044875 271.078246
0.045000 270.498079
0.045125 270.285419
0.045250 270.303524
0.045375 269.483772
0.045500 265.915446
0.045625 263.013303
0.045750 259.206156
0.045875 254.849491
0.046000 251.215020
0.046125 246.558111
0.046250 240.853403
0.046375 235.808572
0.046500 231.662921
0.046625 229.017440
0.046750 224.572895
0.046875 223.621640
0.047000 221.702460
0.047125 220.994420
0.047250 222.109706
0.047375 225.148515
0.047500 227.894172
0.047625 230.322758
0.047750 232.553277
0.047875 236.075980
0.048000 238.360846
0.048125 241.436993
0.048250 240.996585
0.048375 242.500020
0.048500 242.587335
0.048625 243.462630
0.048750 243.519993
0.048875 243.460852
0.049000 242.487852
0.049125 239.541803
0.049250 240.284725
0.049375 237.672255
0.049500 234.488007
0.049625 231.140019
0.049750 231.146872
0.049875 230.519226
0.050000 231.386411
0.050125 220.026312
0.050250 211.935352
0.050375 210.021784
0.050500 209.284643
0.050625 208.903842
0.050750 207.088606
0.050875 206.793113
0.051000 209.448277
0.051125 212.875527
0.051250 215.536224
0.051375 219.143122
0.051500 223.628219
0.051625 227.235240
0.051750 232.389406
0.051875 237.146413
0.052000 240.237050
0.052125 243.460149
0.052250 245.596193
0.052375 247.427754
0.052500 249.902857
0.052625 250.735179
0.052750 252.596864
0.052875 253.624507
0.053000 254.267473
0.053125 254.012479
0.053250 253.569317
0.053375 253.309495
0.053500 252.377248
0.053625 250.332376
0.053750 249.910083
0.053875 248.328522
0.054000 246.028554
0.054125 243.935469
0.054250 242.253755
0.054375 241.922731
0.054500 241.493232
0.054625 241.134464
0.054750 242.326262
0.054875 242.834688
0.055000 244.110835
0.055125 247.976930
0.055250 251.708347
0.055375 256.088670
0.055500 259.805271
0.055625 264.114402
0.055750 267.345498
0.055875 270.009788
0.056000 272.869239
0.056125 274.846456
0.056250 277.520974
0.056375 279.612188
0.056500 280.650319
0.056625 281.630148
0.056750 281.199652
0.056875 281.199422
0.057000 280.890185
0.057125 281.686630
0.057250 281.478945
0.057375 278.566186
0.057500 277.131085
0.057625 274.490288
0.057750 273.703113
0.057875 271.140102
0.058000 267.905216
0.058125 262.696588
0.058250 264.454531
0.058375 262.969648
0.058500 263.102863
0.058625 261.866488
0.058750 259.996423
0.058875 261.116786
0.059000 260.767440
0.059125 262.639777
0.059250 264.644070
0.059375 267.992943
0.059500 271.281408
0.059625 273.754848
0.059750 275.756114
0.059875 277.031767
0.060000 277.031865
0.060125 279.092606
0.060250 278.522160
0.060375 279.567879
0.060500 278.610960
0.060625 278.129448
0.060750 275.732164
0.060875 274.701775
0.061000 273.674279
0.061125 271.965431
0.061250 268.666054
0.061375 265.523757
0.061500 262.375178
0.061625 260.090907
0.061750 255.219558
0.061875 250.745669
0.062000 247.312220
0.062125 243.750939
0.062250 241.938066
0.062375 239.534595
