0.000000 0.000000
0.000125 40.726588
0.000250 74.446315
0.000375 106.237262
0.000500 134.955606
0.000625 159.786298
0.000750 180.064793
0.000875 195.343474
0.001000 205.340055
0.001125 211.058782
0.001250 212.021995
0.001375 209.203605
0.001500 204.470091
0.001625 198.367944
0.001750 192.507718
0.001875 188.386081
0.002000 186.223111
0.002125 185.473933
0.002250 185.490393
0.002375 186.245162
0.002500 188.388027
0.002625 192.448583
0.002750 198.403345
0.002875 205.023519
0.003000 210.531337
0.003125 214.324572
0.003250 215.132538
0.003375 211.169905
0.003500 202.876453
0.003625 189.613482
0.003750 171.280693
0.003875 148.139249
0.004000 121.133332
0.004125 91.198804
0.004250 59.942182
0.004375 34.315034
0.004500 43.635358
0.004625 73.376918
0.004750 104.512026
0.004875 133.561524
0.005000 159.272996
0.005125 180.754207
0.005250 197.564576
0.005375 209.167816
0.005500 215.990066
0.005625 218.496474
0.005750 216.734627
0.005875 212.583622
0.006000 206.944777
0.006125 200.869156
0.006250 196.083471
0.006375 193.289535
0.006500 191.948844
0.006625 191.491370
0.006750 191.784516
0.006875 193.336509
0.007000 196.730620
0.007125 202.075125
0.007250 208.384632
0.007375 213.948525
0.007500 217.982562
0.007625 219.479444
0.007750 216.992245
0.007875 209.825825
0.008000 198.002163
0.008125 181.174630
0.008250 159.471326
0.008375 133.774368
0.008500 104.997389
0.008625 74.940642
0.008750 50.161142
0.008875 48.729138
0.009000 69.978193
0.009125 98.804198
0.009250 127.559003
0.009375 153.539934
0.009500 175.802179
0.009625 193.662977
0.009750 206.626133
0.009875 214.569037
0.010000 218.127668
0.010125 217.686574
0.010250 214.182991
0.010375 208.822112
0.010500 202.770472
0.010625 197.408733
0.010750 193.853311
0.010875 191.903739
0.011000 190.879311
0.011125 190.587980
0.011250 191.482035
0.011375 194.195461
0.011500 198.712397
0.011625 204.446034
0.011750 209.996881
0.011875 214.229616
0.012000 216.097857
0.012125 214.449442
0.012250 208.546708
0.012375 197.919023
0.012500 182.409554
0.012625 161.983016
0.012750 137.284305
0.012875 109.195917
0.013000 79.317447
0.013125 53.306786
0.013250 45.905088
0.013375 59.427181
0.013500 84.608694
0.013625 112.815079
0.013750 139.449751
0.013875 162.634786
0.014000 181.659314
0.014125 196.029100
0.014250 205.381561
0.014375 210.200312
0.014500 211.049094
0.014625 208.448447
0.014750 203.687908
0.014875 197.837690
0.015000 192.494119
0.015125 188.468048
0.015250 186.058795
0.015375 184.678748
0.015500 184.048438
0.015625 184.475946
0.015750 186.731286
0.015875 190.750302
0.016000 196.003024
0.016125 201.477349
0.016250 206.084304
0.016375 208.604285
0.016500 207.800656
0.016625 203.304632
0.016750 194.293789
0.016875 180.556917
0.017000 161.930301
0.017125 138.965599
0.017250 112.289578
0.017375 83.851501
0.017500 58.360991
0.017625 48.098548
0.017750 56.196768
0.017875 75.922095
0.018000 101.885834
0.018125 128.395980
0.018250 152.453151
0.018375 172.818377
0.018500 188.865351
0.018625 200.129753
0.018750 206.788094
0.018875 209.370769
0.019000 208.461031
0.019125 205.106301
0.019250 200.416662
0.019375 195.680070
0.019500 191.872963
0.019625 189.381276
0.019750 188.052199
0.019875 187.571917
0.020000 188.158477
0.020125 190.285745
0.020250 194.050134
0.020375 199.091777
0.020500 204.572168
0.020625 209.365599
0.020750 212.504305
0.020875 212.706217
0.021000 209.344807
0.021125 201.825172
0.021250 189.915064
0.021375 173.191334
0.021500 152.072599
0.021625 127.430426
0.021750 101.810939
0.021875 78.914275
0.022000 67.460290
0.022125 70.383417
0.022250 84.517976
0.022375 105.044292
0.022500 128.782814
0.022625 151.677310
0.022750 172.092260
0.022875 188.721905
0.023000 200.969766
0.023125 208.827012
0.023250 212.612727
0.023375 212.954783
0.023500 210.653788
0.023625 206.755039
0.023750 202.432249
0.023875 198.446048
0.024000 195.453832
0.024125 193.544831
0.024250 192.677521
0.024375 192.930533
0.024500 194.570435
0.024625 197.656658
0.024750 202.000664
0.024875 206.785938
0.025000 211.169483
0.025125 214.262113
0.025250 214.789188
0.025375 212.198058
0.025500 205.536371
0.025625 194.848339
0.025750 179.524160
0.025875 159.848060
0.026000 136.947301
0.026125 113.111498
0.026250 91.260068
0.026375 78.584594
0.026500 78.176343
0.026625 87.830220
0.026750 103.994352
0.026875 124.020774
0.027000 145.156794
0.027125 164.889853
0.027250 181.721148
0.027375 194.718309
0.027500 203.638288
0.027625 208.522926
0.027750 209.961515
0.027875 208.573042
0.028000 205.399973
0.028125 201.444351
0.028250 197.572021
0.028375 194.409144
0.028500 192.029419
0.028625 190.699566
0.028750 190.483843
0.028875 191.616257
0.029000 194.157312
0.029125 197.804406
0.029250 201.906258
0.029375 205.753099
0.029500 208.595026
0.029625 209.343122
0.029750 207.322443
0.029875 201.398663
0.030000 191.604751
0.030125 177.369603
0.030250 158.939738
0.030375 137.385906
0.030500 114.871688
0.030625 93.179703
0.030750 79.375721
0.030875 76.613790
0.031000 83.136457
0.031125 96.522333
0.031250 113.236140
0.031375 132.170102
0.031500 151.253320
0.031625 168.058026
0.031750 181.790558
0.031875 191.794856
0.032000 197.902697
0.032125 200.612952
0.032250 200.381305
0.032375 198.173767
0.032500 195.009467
0.032625 191.686175
0.032750 188.779199
0.032875 186.455088
0.033000 185.085229
0.033125 184.752836
0.033250 185.728985
0.033375 188.081928
0.033500 191.606315
0.033625 195.489905
0.033750 199.226294
0.033875 202.140999
0.034000 203.347172
0.034125 202.110248
0.034250 197.349122
0.034375 188.941205
0.034500 176.159581
0.034625 159.652520
0.034750 140.226212
0.034875 119.891050
0.035000 99.735055
0.035125 86.124393
0.035250 82.514647
0.035375 86.870396
0.035500 98.039862
0.035625 112.753072
0.035750 129.230376
0.035875 146.961075
0.036000 163.568174
0.036125 177.702384
0.036250 188.750210
0.036375 196.237954
0.036500 200.485957
0.036625 201.772489
0.036750 200.951087
0.036875 198.877941
0.037000 196.501439
0.037125 194.203981
0.037250 192.304422
0.037375 191.154798
0.037500 190.850250
0.037625 191.754542
0.037750 193.930603
0.037875 197.145981
0.038000 200.756504
0.038125 204.265936
0.038250 207.050862
0.038375 208.277145
0.038500 207.300664
0.038625 203.236021
0.038750 195.670935
0.038875 184.250460
0.039000 169.592074
0.039125 152.262590
0.039250 133.904819
0.039375 115.627511
0.039500 102.436390
0.039625 97.766605
0.039750 99.923277
0.039875 108.131888
0.040000 120.407285
0.040125 134.322066
0.040250 149.295615
0.040375 164.261956
0.040500 177.747263
0.040625 188.744693
0.040750 196.668266
0.040875 201.655921
0.041000 203.937677
0.041125 203.960553
0.041250 202.608657
0.041375 200.642888
0.041500 198.540595
0.041625 196.726534
0.041750 195.465750
0.041875 194.867405
0.042000 195.336441
0.042125 196.880113
0.042250 199.554156
0.042375 202.572719
0.042500 205.513410
0.042625 207.837552
0.042750 208.721039
0.042875 207.668939
0.043000 203.819047
0.043125 196.825705
0.043250 186.283509
0.043375 172.881970
0.043500 157.113349
0.043625 139.998805
0.043750 122.643656
0.043875 109.492809
0.044000 103.923265
0.044125 104.428809
0.044250 110.359291
0.044375 120.469959
0.044500 132.476435
0.044625 145.279043
0.044750 158.257785
0.044875 170.834457
0.045000 181.561607
0.045125 189.713233
0.045250 195.103757
0.045375 198.175179
0.045500 199.028341
0.045625 198.335633
0.045750 196.809561
0.045875 195.045161
0.046000 193.387126
0.046125 192.151737
0.046250 191.400078
0.046375 191.514584
0.046500 192.631290
0.046625 194.787736
0.046750 197.377664
0.046875 199.873966
0.047000 201.732577
0.047125 202.362100
0.047250 201.092242
0.047375 197.394620
0.047500 190.745143
0.047625 181.016587
0.047750 168.540772
0.047875 154.016999
0.048000 137.837238
0.048125 121.009510
0.048250 107.694837
0.048375 101.926527
0.048500 101.434261
0.048625 105.832281
0.048750 114.565840
0.048875 125.226811
0.049000 136.794187
0.049125 148.237331
0.049250 159.739738
0.049375 170.215278
0.049500 178.632431
0.049625 184.684337
0.049750 188.485516
0.049875 190.364355
0.050000 190.703226
0.050125 190.246685
0.050250 189.264402
0.050375 188.256208
0.050500 187.554344
0.050625 187.243448
0.050750 187.607995
0.050875 188.850563
0.051000 191.016125
0.051125 193.677613
0.051250 196.263423
0.051375 198.263566
0.051500 199.089420
0.051625 198.183571
0.051750 194.987032
0.051875 189.084638
0.052000 180.783162
0.052125 169.878100
0.052250 157.185394
0.052375 142.810187
0.052500 127.581360
0.052625 115.419865
0.052750 109.869337
0.052875 109.204231
0.053000 112.703420
0.053125 120.215286
0.053250 129.830844
0.053375 140.539817
0.053500 151.215613
0.053625 161.511598
0.053750 171.403101
0.053875 179.799682
0.054000 186.189900
0.054125 190.633812
0.054250 193.198387
0.054375 194.578646
0.054500 195.027164
0.054625 194.853458
0.054750 194.427719
0.054875 194.175068
0.055000 194.117009
0.055125 194.549682
0.055250 195.689045
0.055375 197.553708
0.055500 199.767908
0.055625 202.004260
0.055750 203.704293
0.055875 204.307197
0.056000 203.193631
0.056125 200.079433
0.056250 194.644056
0.056375 187.106589
0.056500 177.416135
0.056625 166.025171
0.056750 152.906697
0.056875 138.995759
0.057000 127.542795
0.057125 121.659892
0.057250 120.396195
0.057375 122.735302
0.057500 128.515817
0.057625 136.654976
0.057750 145.859101
0.057875 155.436452
0.058000 164.469001
0.058125 172.923841
0.058250 180.506314
0.058375 186.529793
0.058500 190.921873
0.058625 193.709875
0.058750 195.359874
0.058875 196.229485
0.059000 196.537918
0.059125 196.559907
0.059250 196.492094
0.059375 196.549774
0.059500 196.812901
0.059625 197.619313
0.059750 199.004970
0.059875 200.682277
0.060000 202.341381
0.060125 203.552589
0.060250 203.773805
0.060375 202.396193
0.060500 199.118583
0.060625 193.904401
0.060750 186.710525
0.060875 177.667610
0.061000 167.077234
0.061125 154.708602
0.061250 141.398664
0.061375 130.153319
0.061500 124.001081
0.061625 122.189991
0.061750 123.646480
0.061875 128.165199
0.062000 135.130048
0.062125 143.177449
0.062250 151.698685
0.062375 159.891306
