0.000000 0.000000
0.000125 14.974982
0.000250 24.157644
0.000375 32.755505
0.000500 40.675632
0.000625 47.807504
0.000750 54.224069
0.000875 60.299620
0.001000 66.007669
0.001125 71.114950
0.001250 75.129879
0.001375 77.830510
0.001500 79.225771
0.001625 79.525987
0.001750 79.194528
0.001875 78.549755
0.002000 77.866485
0.002125 77.305390
0.002250 76.970278
0.002375 76.862354
0.002500 76.910829
0.002625 77.003756
0.002750 77.119472
0.002875 77.437136
0.003000 77.983007
0.003125 78.754122
0.003250 79.597325
0.003375 80.320049
0.003500 80.624814
0.003625 80.162025
0.003750 78.557434
0.003875 75.641830
0.004000 71.486864
0.004125 66.375916
0.004250 60.762708
0.004375 54.798117
0.004500 48.375072
0.004625 41.301429
0.004750 33.731896
0.004875 25.734066
0.005000 18.249742
0.005125 16.338893
0.005250 22.961074
0.005375 31.177359
0.005500 39.101295
0.005625 46.502818
0.005750 53.278212
0.005875 59.452637
0.006000 65.301712
0.006125 70.832333
0.006250 75.518756
0.006375 79.029080
0.006500 81.259963
0.006625 82.296613
0.006750 82.330125
0.006875 81.825595
0.007000 81.083240
0.007125 80.307274
0.007250 79.737182
0.007375 79.427321
0.007500 79.312613
0.007625 79.282571
0.007750 79.320375
0.007875 79.414523
0.008000 79.759060
0.008125 80.276316
0.008250 81.007221
0.008375 81.781418
0.008500 82.296394
0.008625 82.326662
0.008750 81.435590
0.008875 79.389793
0.009000 76.073503
0.009125 71.633391
0.009250 66.324751
0.009375 60.533315
0.009500 54.393415
0.009625 47.712877
0.009750 40.541492
0.009875 32.876794
0.010000 25.194753
0.010125 19.279651
0.010250 19.828927
0.010375 26.444044
0.010500 34.229217
0.010625 41.775961
0.010750 48.795060
0.010875 55.220586
0.011000 61.195707
0.011125 66.838922
0.011250 72.022753
0.011375 76.286275
0.011500 79.326513
0.011625 81.132512
0.011750 81.770088
0.011875 81.546474
0.012000 80.903930
0.012125 80.075060
0.012250 79.280058
0.012375 78.701721
0.012500 78.345454
0.012625 78.146095
0.012750 78.042765
0.012875 78.015303
0.013000 78.101044
0.013125 78.400927
0.013250 78.861666
0.013375 79.467441
0.013500 80.018999
0.013625 80.257664
0.013750 79.875284
0.013875 78.566410
0.014000 76.050394
0.014125 72.281623
0.014250 67.433528
0.014375 61.826938
0.014500 55.747344
0.014625 49.187689
0.014750 42.150054
0.014875 34.508997
0.015000 26.508756
0.015125 18.727621
0.015250 14.238460
0.015375 16.694992
0.015500 24.250614
0.015625 32.592140
0.015750 40.357941
0.015875 47.475598
0.016000 53.980189
0.016125 60.006175
0.016250 65.644827
0.016375 70.652739
0.016500 74.643915
0.016625 77.486822
0.016750 79.050947
0.016875 79.526932
0.017000 79.340160
0.017125 78.797047
0.017250 78.100572
0.017375 77.470907
0.017500 77.022159
0.017625 76.819739
0.017750 76.763543
0.017875 76.774790
0.018000 76.877965
0.018125 77.146220
0.018250 77.592242
0.018375 78.227413
0.018500 78.883214
0.018625 79.364630
0.018750 79.493167
0.018875 78.956682
0.019000 77.432437
0.019125 74.704291
0.019250 70.798369
0.019375 65.931387
0.019500 60.385340
0.019625 54.330952
0.019750 47.856769
0.019875 40.971675
0.020000 33.807875
0.020125 26.498070
0.020250 20.736141
0.020375 18.966480
0.020500 22.425962
0.020625 29.418091
0.020750 37.315971
0.020875 44.819471
0.021000 51.751086
0.021125 58.130492
0.021250 64.072428
0.021375 69.509766
0.021500 74.173082
0.021625 77.870484
0.021750 80.347237
0.021875 81.656249
0.022000 82.018133
0.022125 81.794746
0.022250 81.243961
0.022375 80.540359
0.022500 79.957020
0.022625 79.611175
0.022750 79.402441
0.022875 79.383947
0.023000 79.437628
0.023125 79.564546
0.023250 79.836264
0.023375 80.289343
0.023500 80.862210
0.023625 81.412989
0.023750 81.766592
0.023875 81.631914
0.024000 80.690691
0.024125 78.818673
0.024250 75.794528
0.024375 71.670391
0.024500 66.694755
0.024625 61.085349
0.024750 55.032329
0.024875 48.639664
0.025000 42.003219
0.025125 35.117527
0.025250 28.818842
0.025375 24.752334
0.025500 24.402783
0.025625 27.913876
0.025750 34.219350
0.025875 41.478520
0.026000 48.487040
0.026125 55.031785
0.026250 61.099404
0.026375 66.679608
0.026500 71.731628
0.026625 75.930237
0.026750 79.139597
0.026875 81.175461
0.027000 82.158006
0.027125 82.318458
0.027250 81.963861
0.027375 81.310421
0.027500 80.582162
0.027625 79.944281
0.027750 79.519452
0.027875 79.273133
0.028000 79.157690
0.028125 79.100888
0.028250 79.152336
0.028375 79.402720
0.028500 79.733853
0.028625 80.172734
0.028750 80.461953
0.028875 80.455221
0.029000 79.920680
0.029125 78.564318
0.029250 76.215763
0.029375 72.767616
0.029500 68.287000
0.029625 63.010817
0.029750 57.129134
0.029875 50.893211
0.030000 44.339271
0.030125 37.384114
0.030250 30.422008
0.030375 24.713046
0.030500 21.633145
0.030625 22.265169
0.030750 26.269595
0.030875 32.736108
0.031000 40.090191
0.031125 47.181768
0.031250 53.771841
0.031375 59.802776
0.031500 65.299837
0.031625 70.101552
0.031750 74.046598
0.031875 76.976792
0.032000 78.805632
0.032125 79.659767
0.032250 79.806682
0.032375 79.451301
0.032500 78.868820
0.032625 78.222736
0.032750 77.715661
0.032875 77.338530
0.033000 77.116315
0.033125 77.040853
0.033250 77.088064
0.033375 77.236378
0.033500 77.510513
0.033625 77.900507
0.033750 78.290840
0.033875 78.420793
0.034000 78.220075
0.034125 77.451055
0.034250 75.859979
0.034375 73.271088
0.034500 69.633474
0.034625 65.078481
0.034750 59.843726
0.034875 54.112278
0.035000 47.971250
0.035125 41.474889
0.035250 34.781164
0.035375 28.667742
0.035500 24.339546
0.035625 22.659939
0.035750 24.362671
0.035875 28.768029
0.036000 35.175802
0.036125 42.506452
0.036250 49.549344
0.036375 56.068068
0.036500 62.065995
0.036625 67.447322
0.036750 72.030165
0.036875 75.781905
0.037000 78.506672
0.037125 80.224166
0.037250 81.022447
0.037375 81.226066
0.037500 80.973496
0.037625 80.480548
0.037750 79.959919
0.037875 79.548264
0.038000 79.277054
0.038125 79.184469
0.038250 79.185372
0.038375 79.274031
0.038500 79.498421
0.038625 79.841609
0.038750 80.211462
0.038875 80.508345
0.039000 80.535860
0.039125 80.161103
0.039250 79.100703
0.039375 77.261078
0.039500 74.486777
0.039625 70.798464
0.039750 66.334855
0.039875 61.202467
0.040000 55.593788
0.040125 49.623824
0.040250 43.400235
0.040375 37.433496
0.040500 32.575026
0.040625 29.516765
0.040750 28.877960
0.040875 30.854850
0.041000 34.984594
0.041125 40.739091
0.041250 47.359625
0.041375 53.905531
0.041500 60.033789
0.041625 65.648953
0.041750 70.591189
0.041875 74.728629
0.042000 78.009411
0.042125 80.331242
0.042250 81.744366
0.042375 82.387797
0.042500 82.447115
0.042625 82.074144
0.042750 81.530786
0.042875 80.980229
0.043000 80.504003
0.043125 80.158984
0.043250 79.958540
0.043375 79.889691
0.043500 79.899772
0.043625 80.039894
0.043750 80.258197
0.043875 80.461235
0.044000 80.490228
0.044125 80.193927
0.044250 79.439506
0.044375 77.992408
0.044500 75.771767
0.044625 72.711137
0.044750 68.797905
0.044875 64.161920
0.045000 58.870549
0.045125 53.092596
0.045250 46.872966
0.045375 40.636500
0.045500 35.074784
0.045625 30.764288
0.045750 28.363294
0.045875 28.246872
0.046000 30.555297
0.046125 34.711427
0.046250 40.335072
0.046375 46.856988
0.046500 53.297066
0.046625 59.298920
0.046750 64.748840
0.046875 69.434709
0.047000 73.323575
0.047125 76.327346
0.047250 78.412297
0.047375 79.664419
0.047500 80.223372
0.047625 80.248430
0.047750 79.871614
0.047875 79.393294
0.048000 78.853874
0.048125 78.395529
0.048250 78.074267
0.048375 77.857374
0.048500 77.747512
0.048625 77.760000
0.048750 77.875794
0.048875 78.023442
0.049000 78.069982
0.049125 77.890359
0.049250 77.295069
0.049375 76.214695
0.049500 74.527799
0.049625 72.069274
0.049750 68.892818
0.049875 64.905891
0.050000 60.148675
0.050125 54.772778
0.050250 48.864532
0.050375 42.666382
0.050500 36.821578
0.050625 31.934318
0.050750 28.441397
0.050875 26.812231
0.051000 27.490631
0.051125 30.356562
0.051250 34.819243
0.051375 40.607121
0.051500 47.203803
0.051625 53.770727
0.051750 59.819388
0.051875 65.198133
0.052000 69.756846
0.052125 73.508319
0.052250 76.390238
0.052375 78.414976
0.052500 79.674270
0.052625 80.320144
0.052750 80.425636
0.052875 80.229256
0.053000 79.869918
0.053125 79.467409
0.053250 79.155583
0.053375 78.961444
0.053500 78.838885
0.053625 78.860888
0.053750 78.987471
0.053875 79.178349
0.054000 79.346927
0.054125 79.354610
0.054250 79.064224
0.054375 78.360406
0.054500 77.158255
0.054625 75.412860
0.054750 72.985457
0.054875 69.818220
0.055000 65.902009
0.055125 61.253723
0.055250 56.007145
0.055375 50.335407
0.055500 44.742213
0.055625 39.865715
0.055750 35.958190
0.055875 33.472689
0.056000 32.664971
0.056125 33.781129
0.056250 36.614653
0.056375 40.857695
0.056500 46.139487
0.056625 52.240402
0.056750 58.304822
0.056875 63.895591
0.057000 68.884995
0.057125 73.047974
0.057250 76.395758
0.057375 78.961624
0.057500 80.730644
0.057625 81.844036
0.057750 82.329632
0.057875 82.383218
0.058000 82.121319
0.058125 81.689154
0.058250 81.261435
0.058375 80.870714
0.058500 80.588024
0.058625 80.426122
0.058750 80.382216
0.058875 80.428433
0.059000 80.487979
0.059125 80.509464
0.059250 80.265972
0.059375 79.709539
0.059500 78.749173
0.059625 77.315190
0.059750 75.335725
0.059875 72.721963
0.060000 69.327316
0.060125 65.206767
0.060250 60.384868
0.060375 54.959844
0.060500 49.385349
0.060625 44.236784
0.060750 39.724510
0.060875 36.325425
0.061000 34.306474
0.061125 33.821574
0.061250 35.147758
0.061375 37.963563
0.061500 42.054657
0.061625 47.136031
0.061750 52.905961
0.061875 58.705422
0.062000 64.083162
0.062125 68.726940
0.062250 72.602649
0.062375 75.648784
