0.000000 0.000000
0.000125 15.398571
0.000250 24.564776
0.000375 32.887745
0.000500 40.461045
0.000625 47.444100
0.000750 53.570480
0.000875 58.803111
0.001000 63.393212
0.001125 67.414545
0.001250 71.169673
0.001375 74.719266
0.001500 78.100168
0.001625 81.247702
0.001750 84.016914
0.001875 86.348509
0.002000 88.495185
0.002125 90.709827
0.002250 93.000414
0.002375 95.327235
0.002500 97.591832
0.002625 99.653420
0.002750 101.398786
0.002875 102.779915
0.003000 103.884634
0.003125 104.673800
0.003250 105.347631
0.003375 106.076410
0.003500 106.861451
0.003625 107.749057
0.003750 108.646199
0.003875 109.499517
0.004000 110.214842
0.004125 110.664176
0.004250 111.016853
0.004375 111.341587
0.004500 111.610167
0.004625 111.759473
0.004750 111.679681
0.004875 111.141044
0.005000 110.079146
0.005125 108.398087
0.005250 106.311610
0.005375 104.100032
0.005500 102.051880
0.005625 100.655115
0.005750 100.374192
0.005875 101.489927
0.006000 103.922357
0.006125 107.345101
0.006250 111.366476
0.006375 115.558811
0.006500 119.505555
0.006625 123.124344
0.006750 126.273468
0.006875 128.897732
0.007000 130.911186
0.007125 132.331179
0.007250 133.291505
0.007375 134.018703
0.007500 134.705537
0.007625 135.373125
0.007750 136.067476
0.007875 136.733562
0.008000 137.296468
0.008125 137.801215
0.008250 138.156317
0.008375 138.261378
0.008500 138.152896
0.008625 137.995996
0.008750 137.807681
0.008875 137.626651
0.009000 137.391191
0.009125 137.148081
0.009250 136.799862
0.009375 136.322548
0.009500 135.620141
0.009625 134.621099
0.009750 133.420727
0.009875 132.105892
0.010000 130.754609
0.010125 129.290163
0.010250 127.714526
0.010375 125.958178
0.010500 123.949154
0.010625 121.528934
0.010750 118.669383
0.010875 115.410755
0.011000 111.748095
0.011125 107.844314
0.011250 103.944382
0.011375 100.231042
0.011500 97.101480
0.011625 94.872617
0.011750 93.657488
0.011875 93.553092
0.012000 94.490203
0.012125 96.067830
0.012250 98.005019
0.012375 99.882501
0.012500 101.483525
0.012625 102.685456
0.012750 103.366454
0.012875 103.483144
0.013000 103.270121
0.013125 102.864061
0.013250 102.329986
0.013375 101.727995
0.013500 101.111029
0.013625 100.389959
0.013750 99.644257
0.013875 99.001843
0.014000 98.368105
0.014125 97.651419
0.014250 96.818220
0.014375 95.801308
0.014500 94.570359
0.014625 93.103773
0.014750 91.424915
0.014875 89.632573
0.015000 87.653828
0.015125 85.546973
0.015250 83.338033
0.015375 80.969497
0.015500 78.457574
0.015625 75.672933
0.015750 72.685068
0.015875 69.507119
0.016000 66.203498
0.016125 62.704977
0.016250 59.177608
0.016375 55.527098
0.016500 51.419223
0.016625 46.978178
0.016750 43.521258
0.016875 40.697815
0.017000 37.877653
0.017125 35.627512
0.017250 34.192851
0.017375 33.749067
0.017500 34.591809
0.017625 37.110860
0.017750 41.083251
0.017875 46.086802
0.018000 51.831048
0.018125 58.002443
0.018250 64.043727
0.018375 69.610391
0.018500 74.466241
0.018625 78.744905
0.018750 82.548007
0.018875 85.882014
0.019000 88.891855
0.019125 91.653011
0.019250 94.198755
0.019375 96.471020
0.019500 98.538353
0.019625 100.456377
0.019750 102.310369
0.019875 104.020706
0.020000 105.659111
0.020125 107.179464
0.020250 108.608919
0.020375 109.941129
0.020500 111.176433
0.020625 112.343442
0.020750 113.361345
0.020875 114.304552
0.021000 115.199557
0.021125 115.923570
0.021250 116.549436
0.021375 116.989022
0.021500 117.241299
0.021625 117.344082
0.021750 117.364825
0.021875 117.254094
0.022000 117.049847
0.022125 116.768338
0.022250 116.394316
0.022375 115.899146
0.022500 115.416434
0.022625 114.972525
0.022750 114.553556
0.022875 114.195058
0.023000 113.976445
0.023125 113.937500
0.023250 114.135870
0.023375 114.709589
0.023500 115.702914
0.023625 117.173396
0.023750 119.049655
0.023875 121.215169
0.024000 123.492697
0.024125 125.902968
0.024250 128.235814
0.024375 130.333779
0.024500 132.112362
0.024625 133.557463
0.024750 134.631511
0.024875 135.430418
0.025000 136.004616
0.025125 136.322263
0.025250 136.505620
0.025375 136.590615
0.025500 136.566901
0.025625 136.491067
0.025750 136.363825
0.025875 136.158672
0.026000 135.915838
0.026125 135.607572
0.026250 135.199728
0.026375 134.670760
0.026500 134.052335
0.026625 133.330201
0.026750 132.434838
0.026875 131.370204
0.027000 130.127375
0.027125 128.680227
0.027250 127.080026
0.027375 125.302517
0.027500 123.353437
0.027625 121.252748
0.027750 119.097536
0.027875 116.890777
0.028000 114.581919
0.028125 112.165643
0.028250 109.653927
0.028375 107.140432
0.028500 104.643057
0.028625 102.106259
0.028750 99.548950
0.028875 97.104578
0.029000 94.809479
0.029125 92.696785
0.029250 90.917866
0.029375 89.510764
0.029500 88.519553
0.029625 88.033008
0.029750 88.026611
0.029875 88.449665
0.030000 89.124674
0.030125 89.901659
0.030250 90.624552
0.030375 91.219286
0.030500 91.675915
0.030625 91.917822
0.030750 91.828917
0.030875 91.434823
0.031000 90.902498
0.031125 90.214741
0.031250 89.413596
0.031375 88.571769
0.031500 87.612981
0.031625 86.560287
0.031750 85.422577
0.031875 84.242755
0.032000 83.080558
0.032125 81.813991
0.032250 80.294747
0.032375 78.499052
0.032500 76.539393
0.032625 74.443284
0.032750 72.194652
0.032875 69.925484
0.033000 67.766046
0.033125 65.359745
0.033250 62.537596
0.033375 60.424761
0.033500 59.372298
0.033625 58.063199
0.033750 56.515430
0.033875 55.390078
0.034000 54.891370
0.034125 54.802501
0.034250 54.813293
0.034375 54.885814
0.034500 55.070215
0.034625 55.413345
0.034750 56.049825
0.034875 57.132231
0.035000 58.626928
0.035125 60.545228
0.035250 62.895993
0.035375 65.684780
0.035500 68.793757
0.035625 72.108015
0.035750 75.714012
0.035875 79.529023
0.036000 83.360399
0.036125 87.126596
0.036250 90.760795
0.036375 94.265877
0.036500 97.411083
0.036625 100.164493
0.036750 102.671239
0.036875 104.826849
0.037000 106.728610
0.037125 108.443167
0.037250 110.010108
0.037375 111.455494
0.037500 112.787411
0.037625 114.100421
0.037750 115.360793
0.037875 116.544001
0.038000 117.620590
0.038125 118.584027
0.038250 119.457835
0.038375 120.264009
0.038500 120.973393
0.038625 121.525335
0.038750 121.950971
0.038875 122.251608
0.039000 122.436541
0.039125 122.559098
0.039250 122.638135
0.039375 122.662309
0.039500 122.723255
0.039625 122.842127
0.039750 122.971604
0.039875 123.106804
0.040000 123.268902
0.040125 123.362965
0.040250 123.431481
0.040375 123.422626
0.040500 123.385349
0.040625 123.374688
0.040750 123.462676
0.040875 123.618258
0.041000 123.945048
0.041125 124.398912
0.041250 124.931063
0.041375 125.513288
0.041500 126.243304
0.041625 127.123646
0.041750 128.031647
0.041875 128.983100
0.042000 129.997731
0.042125 130.962863
0.042250 131.826214
0.042375 132.532438
0.042500 133.082799
0.042625 133.437899
0.042750 133.580638
0.042875 133.505905
0.043000 133.244390
0.043125 132.793674
0.043250 132.238126
0.043375 131.501575
0.043500 130.715778
0.043625 129.878208
0.043750 129.034369
0.043875 128.166173
0.044000 127.160224
0.044125 126.046368
0.044250 124.849774
0.044375 123.561102
0.044500 122.113937
0.044625 120.550357
0.044750 118.836650
0.044875 116.978017
0.045000 115.057032
0.045125 113.059002
0.045250 111.034702
0.045375 109.062387
0.045500 107.049322
0.045625 105.003684
0.045750 102.863958
0.045875 100.650433
0.046000 98.398485
0.046125 96.103962
0.046250 93.791770
0.046375 91.534941
0.046500 89.350928
0.046625 87.286356
0.046750 85.438420
0.046875 83.754646
0.047000 82.333349
0.047125 81.084353
0.047250 80.099928
0.047375 79.263963
0.047500 78.494797
0.047625 77.939001
0.047750 77.635641
0.047875 77.555857
0.048000 77.548128
0.048125 77.665121
0.048250 77.780173
0.048375 77.758426
0.048500 77.534248
0.048625 77.218637
0.048750 76.775308
0.048875 76.138277
0.049000 75.260727
0.049125 74.258415
0.049250 73.173409
0.049375 72.106969
0.049500 70.941854
0.049625 70.096147
0.049750 69.125733
0.049875 67.754092
0.050000 66.742888
0.050125 66.961811
0.050250 67.185197
0.050375 66.974841
0.050500 66.753507
0.050625 66.602031
0.050750 66.505160
0.050875 66.749988
0.051000 67.284595
0.051125 67.935598
0.051250 68.449431
0.051375 68.897954
0.051500 69.416355
0.051625 70.116824
0.051750 70.855920
0.051875 71.677042
0.052000 72.579431
0.052125 73.561677
0.052250 74.636543
0.052375 75.852169
0.052500 77.340602
0.052625 78.978287
0.052750 80.755794
0.052875 82.771749
0.053000 84.962046
0.053125 87.188312
0.053250 89.420876
0.053375 91.679899
0.053500 93.998770
0.053625 96.378608
0.053750 98.866865
0.053875 101.407606
0.054000 103.890804
0.054125 106.264920
0.054250 108.577956
0.054375 110.775375
0.054500 112.837189
0.054625 114.650933
0.054750 116.219767
0.054875 117.560641
0.055000 118.730929
0.055125 119.839097
0.055250 120.883979
0.055375 121.864063
0.055500 122.776929
0.055625 123.643487
0.055750 124.408746
0.055875 125.152337
0.056000 125.816857
0.056125 126.417526
0.056250 126.910490
0.056375 127.346697
0.056500 127.797966
0.056625 128.221190
0.056750 128.575322
0.056875 128.848075
0.057000 129.110046
0.057125 129.290421
0.057250 129.353834
0.057375 129.329185
0.057500 129.242193
0.057625 129.085887
0.057750 128.835559
0.057875 128.496563
0.058000 128.177964
0.058125 127.934748
0.058250 127.768874
0.058375 127.622428
0.058500 127.505051
0.058625 127.451463
0.058750 127.427924
0.058875 127.310581
0.059000 127.184778
0.059125 127.076760
0.059250 127.061154
0.059375 127.025271
0.059500 126.984902
0.059625 126.924603
0.059750 126.842327
0.059875 126.761696
0.060000 126.683779
0.060125 126.598030
0.060250 126.473297
0.060375 126.268782
0.060500 125.945220
0.060625 125.447914
0.060750 124.800595
0.060875 124.013150
0.061000 123.130364
0.061125 122.172862
0.061250 121.144427
0.061375 120.084948
0.061500 118.953505
0.061625 117.694721
0.061750 116.352248
0.061875 114.912604
0.062000 113.387424
0.062125 111.814743
0.062250 110.294625
0.062375 108.771531
