0.000000 0.000000
0.000125 32.684718
0.000250 59.849996
0.000375 83.690736
0.000500 102.814562
0.000625 116.476042
0.000750 124.522482
0.000875 127.352877
0.001000 126.624853
0.001125 123.968332
0.001250 120.188472
0.001375 117.639143
0.001500 119.749170
0.001625 125.563290
0.001750 132.302454
0.001875 138.466654
0.002000 143.186384
0.002125 146.522763
0.002250 148.342681
0.002375 147.919267
0.002500 145.641855
0.002625 142.415891
0.002750 139.201756
0.002875 137.029458
0.003000 136.186240
0.003125 136.812212
0.003250 138.934937
0.003375 142.420923
0.003500 146.505477
0.003625 150.206813
0.003750 152.478393
0.003875 152.550980
0.004000 150.555335
0.004125 146.977254
0.004250 142.160797
0.004375 136.586571
0.004500 131.429886
0.004625 128.390833
0.004750 129.014591
0.004875 132.523534
0.005000 136.269344
0.005125 138.723169
0.005250 138.292502
0.005375 132.966055
0.005500 122.353401
0.005625 106.610210
0.005750 86.926873
0.005875 65.659753
0.006000 49.806842
0.006125 52.451611
0.006250 70.001282
0.006375 91.294193
0.006500 110.660389
0.006625 126.011615
0.006750 136.384100
0.006875 141.254277
0.007000 141.781897
0.007125 140.091147
0.007250 137.363211
0.007375 135.163231
0.007500 135.278538
0.007625 138.228755
0.007750 143.138910
0.007875 148.463080
0.008000 153.177827
0.008125 156.797755
0.008250 158.839618
0.008375 159.007955
0.008500 157.348572
0.008625 154.609468
0.008750 151.644239
0.008875 149.063203
0.009000 147.362114
0.009125 146.782873
0.009250 147.377261
0.009375 149.146181
0.009500 151.845491
0.009625 154.876924
0.009750 157.180012
0.009875 157.785299
0.010000 156.312583
0.010125 153.077565
0.010250 148.437760
0.010375 142.994083
0.010500 137.714297
0.010625 133.749869
0.010750 132.226915
0.010875 133.454338
0.011000 135.920404
0.011125 137.867040
0.011250 137.749470
0.011375 133.452029
0.011500 124.389693
0.011625 110.308317
0.011750 92.046168
0.011875 71.659954
0.012000 55.131779
0.012125 51.667740
0.012250 62.012728
0.012375 79.315279
0.012500 97.493963
0.012625 113.221372
0.012750 124.581838
0.012875 131.260857
0.013000 133.568248
0.013125 132.875262
0.013250 130.503602
0.013375 128.081626
0.013500 127.221911
0.013625 128.877449
0.013750 132.638338
0.013875 137.109824
0.014000 141.323456
0.014125 144.530156
0.014250 146.502974
0.014375 146.923361
0.014500 145.773248
0.014625 143.354549
0.014750 140.291539
0.014875 137.264635
0.015000 134.887555
0.015125 133.560692
0.015250 133.394638
0.015375 134.546334
0.015500 136.714469
0.015625 139.267664
0.015750 141.258918
0.015875 142.060465
0.016000 141.309648
0.016125 138.997536
0.016250 135.074860
0.016375 130.049096
0.016500 124.553986
0.016625 120.197861
0.016750 118.228956
0.016875 118.986657
0.017000 121.024774
0.017125 122.834024
0.017250 122.954644
0.017375 119.977898
0.017500 112.833748
0.017625 100.978264
0.017750 84.552374
0.017875 65.633489
0.018000 49.704985
0.018125 44.808501
0.018250 52.140632
0.018375 67.195075
0.018500 84.173760
0.018625 99.633510
0.018750 112.411030
0.018875 121.299790
0.019000 126.230612
0.019125 128.014766
0.019250 127.812889
0.019375 127.191339
0.019500 127.327895
0.019625 129.355209
0.019750 133.041497
0.019875 137.499082
0.020000 141.882270
0.020125 145.734969
0.020250 148.559091
0.020375 150.067291
0.020500 150.225569
0.020625 149.235334
0.020750 147.636731
0.020875 145.967650
0.021000 144.654895
0.021125 144.077036
0.021250 144.271628
0.021375 145.395880
0.021500 147.224147
0.021625 149.545450
0.021750 151.659013
0.021875 152.927780
0.022000 152.920430
0.022125 151.521231
0.022250 148.801380
0.022375 145.101989
0.022500 141.250230
0.022625 137.983806
0.022750 135.893068
0.022875 135.498110
0.023000 136.359293
0.023125 137.381772
0.023250 137.172254
0.023375 134.343702
0.023500 128.090017
0.023625 118.116376
0.023750 104.893781
0.023875 90.599002
0.024000 78.749009
0.024125 73.349244
0.024250 75.794523
0.024375 84.627527
0.024500 96.963581
0.024625 109.581819
0.024750 120.350314
0.024875 128.506066
0.025000 133.941546
0.025125 136.671008
0.025250 137.695659
0.025375 137.951468
0.025500 138.307456
0.025625 139.566630
0.025750 141.964360
0.025875 145.184588
0.026000 148.651459
0.026125 151.704560
0.026250 153.946416
0.026375 155.139138
0.026500 155.260501
0.026625 154.430020
0.026750 152.996322
0.026875 151.258131
0.027000 149.732825
0.027125 148.700242
0.027250 148.345243
0.027375 148.618832
0.027500 149.529650
0.027625 150.798108
0.027750 151.993720
0.027875 152.569683
0.028000 152.120267
0.028125 150.581906
0.028250 147.874655
0.028375 144.382194
0.028500 140.532836
0.028625 137.056291
0.028750 134.431658
0.028875 133.032589
0.029000 132.595758
0.029125 132.509987
0.029250 131.345599
0.029375 127.905746
0.029500 121.374372
0.029625 111.593576
0.029750 99.160187
0.029875 85.711819
0.030000 74.194501
0.030125 67.790405
0.030250 68.067615
0.030375 74.080630
0.030500 84.164314
0.030625 95.353218
0.030750 105.397529
0.030875 112.783588
0.031000 117.966950
0.031125 121.266276
0.031250 122.954143
0.031375 123.845438
0.031500 124.638881
0.031625 125.967156
0.031750 128.276146
0.031875 131.272261
0.032000 134.334938
0.032125 136.892463
0.032250 138.711122
0.032375 139.632108
0.032500 139.710502
0.032625 139.092162
0.032750 137.987033
0.032875 136.502288
0.033000 135.051635
0.033125 134.117477
0.033250 133.841931
0.033375 134.444152
0.033500 135.718754
0.033625 137.238504
0.033750 138.638236
0.033875 139.395185
0.034000 139.354021
0.034125 138.387340
0.034250 136.504881
0.034375 133.904094
0.034500 130.890120
0.034625 128.297232
0.034750 126.487856
0.034875 125.599995
0.035000 125.307887
0.035125 125.303579
0.035250 124.414564
0.035375 121.602690
0.035500 115.989131
0.035625 107.497947
0.035750 96.966101
0.035875 86.148497
0.036000 77.033690
0.036125 72.173958
0.036250 72.120634
0.036375 77.141142
0.036500 85.829108
0.036625 96.042961
0.036750 105.880696
0.036875 114.066367
0.037000 119.745742
0.037125 123.526143
0.037250 126.226601
0.037375 128.544600
0.037500 130.721677
0.037625 133.217904
0.037750 136.148240
0.037875 139.658355
0.038000 143.243147
0.038125 146.443991
0.038250 148.859803
0.038375 150.370385
0.038500 150.954073
0.038625 150.903007
0.038750 150.517606
0.038875 149.986700
0.039000 149.403724
0.039125 149.058997
0.039250 149.157110
0.039375 149.858847
0.039500 150.921954
0.039625 152.121984
0.039750 153.212496
0.039875 153.792608
0.040000 153.639841
0.040125 152.618783
0.040250 150.766801
0.040375 148.449760
0.040500 146.016361
0.040625 143.724918
0.040750 141.858991
0.040875 140.603968
0.041000 139.767370
0.041125 138.908384
0.041250 137.291824
0.041375 134.048116
0.041500 128.622019
0.041625 121.026800
0.041750 111.902100
0.041875 102.647288
0.042000 95.065042
0.042125 90.228126
0.042250 88.907018
0.042375 91.472300
0.042500 97.033895
0.042625 104.799104
0.042750 112.800179
0.042875 119.788602
0.043000 125.068561
0.043125 128.475169
0.043250 130.734414
0.043375 132.456451
0.043500 134.268816
0.043625 136.347675
0.043750 138.881337
0.043875 141.702267
0.044000 144.746184
0.044125 147.604567
0.044250 149.735386
0.044375 151.029874
0.044500 151.420250
0.044625 151.036626
0.044750 150.124014
0.044875 149.046859
0.045000 148.083067
0.045125 147.324684
0.045250 146.952346
0.045375 147.083654
0.045500 147.595432
0.045625 148.229033
0.045750 148.822788
0.045875 148.984201
0.046000 148.395326
0.046125 146.981589
0.046250 144.778534
0.046375 142.053099
0.046500 139.196840
0.046625 136.500686
0.046750 134.237239
0.046875 132.420540
0.047000 130.855138
0.047125 129.211930
0.047250 126.862174
0.047375 123.127619
0.047500 117.309491
0.047625 109.578206
0.047750 100.350722
0.047875 91.122117
0.048000 83.397340
0.048125 78.212476
0.048250 75.972477
0.048375 77.228374
0.048500 81.461352
0.048625 87.722422
0.048750 95.297802
0.048875 102.382291
0.049000 108.185964
0.049125 112.320788
0.049250 114.726582
0.049375 116.598823
0.049500 118.352013
0.049625 120.198052
0.049750 122.722356
0.049875 125.609894
0.050000 128.806130
0.050125 132.246859
0.050250 135.038913
0.050375 136.970167
0.050500 138.059139
0.050625 138.393891
0.050750 138.157122
0.050875 137.637271
0.051000 137.075146
0.051125 136.778992
0.051250 136.896781
0.051375 137.628281
0.051500 138.768676
0.051625 140.062797
0.051750 141.299971
0.051875 142.167459
0.052000 142.483824
0.052125 141.981011
0.052250 140.804743
0.052375 138.974750
0.052500 136.987639
0.052625 135.152853
0.052750 133.637286
0.052875 132.420149
0.053000 131.386507
0.053125 130.098214
0.053250 128.156624
0.053375 125.105696
0.053500 120.556310
0.053625 114.532891
0.053750 107.475628
0.053875 100.543963
0.054000 94.927977
0.054125 90.966181
0.054250 89.257801
0.054375 90.180600
0.054500 93.610543
0.054625 98.811833
0.054750 105.277119
0.054875 112.112203
0.055000 118.106630
0.055125 123.027061
0.055250 126.712492
0.055375 129.470321
0.055500 131.665962
0.055625 133.568110
0.055750 135.886798
0.055875 138.684411
0.056000 141.790606
0.056125 145.000317
0.056250 147.865243
0.056375 150.207772
0.056500 151.764202
0.056625 152.603257
0.056750 152.824966
0.056875 152.678502
0.057000 152.302631
0.057125 151.804357
0.057250 151.544774
0.057375 151.782111
0.057500 152.346501
0.057625 153.044209
0.057750 153.655253
0.057875 154.009123
0.058000 153.953751
0.058125 153.321927
0.058250 152.141399
0.058375 150.521791
0.058500 148.572502
0.058625 146.677087
0.058750 144.834836
0.058875 143.056281
0.059000 141.257187
0.059125 139.172477
0.059250 136.384241
0.059375 132.827699
0.059500 128.138447
0.059625 122.453920
0.059750 116.106050
0.059875 109.943786
0.060000 104.851803
0.060125 100.894206
0.060250 98.642160
0.060375 98.102175
0.060500 99.795513
0.060625 102.838422
0.060750 107.166186
0.060875 112.480447
0.061000 117.794724
0.061125 122.295248
0.061250 125.937631
0.061375 128.700265
0.061500 130.764667
0.061625 132.537049
0.061750 134.035488
0.061875 135.692188
0.062000 137.722430
0.062125 140.107029
0.062250 142.490432
0.062375 144.526309
