0.000000 0.000000
0.000125 28.069931
0.000250 50.312971
0.000375 70.020474
0.000500 86.589447
0.000625 99.557001
0.000750 109.000190
0.000875 115.650654
0.001000 120.396442
0.001125 124.257824
0.001250 127.660118
0.001375 130.941302
0.001500 134.439672
0.001625 138.131767
0.001750 141.468996
0.001875 144.227796
0.002000 146.431365
0.002125 148.076808
0.002250 149.095221
0.002375 149.618821
0.002500 149.961938
0.002625 150.015201
0.002750 150.172000
0.002875 150.853833
0.003000 152.035567
0.003125 153.439498
0.003250 154.958126
0.003375 156.314371
0.003500 157.374146
0.003625 157.886814
0.003750 157.752064
0.003875 157.087446
0.004000 155.976014
0.004125 154.606415
0.004250 153.153797
0.004375 151.653800
0.004500 150.015683
0.004625 147.953141
0.004750 145.345272
0.004875 141.880385
0.005000 136.488921
0.005125 128.372144
0.005250 117.743235
0.005375 104.928405
0.005500 91.556947
0.005625 80.484005
0.005750 76.477161
0.005875 83.554725
0.006000 97.935561
0.006125 112.865050
0.006250 126.209489
0.006375 137.093082
0.006500 145.255208
0.006625 150.922365
0.006750 154.942028
0.006875 158.238012
0.007000 161.249708
0.007125 163.804667
0.007250 166.106336
0.007375 168.449355
0.007500 170.675120
0.007625 172.407729
0.007750 173.644529
0.007875 174.232557
0.008000 174.238016
0.008125 173.856377
0.008250 173.489629
0.008375 173.283806
0.008500 173.239182
0.008625 173.350791
0.008750 173.450925
0.008875 173.512147
0.009000 173.614648
0.009125 173.693478
0.009250 173.490627
0.009375 172.807608
0.009500 171.669350
0.009625 170.109981
0.009750 168.177446
0.009875 165.939945
0.010000 163.530433
0.010125 160.991281
0.010250 158.130959
0.010375 154.558941
0.010500 150.180378
0.010625 144.875751
0.010750 137.881847
0.010875 128.898547
0.011000 118.166266
0.011125 106.390202
0.011250 94.750780
0.011375 84.830291
0.011500 79.276874
0.011625 82.754837
0.011750 93.820890
0.011875 106.473905
0.012000 117.945020
0.012125 127.376144
0.012250 134.505088
0.012375 139.640140
0.012500 143.159282
0.012625 145.776361
0.012750 147.963961
0.012875 149.756042
0.013000 151.116869
0.013125 152.374809
0.013250 153.371171
0.013375 153.969297
0.013500 154.173067
0.013625 153.907099
0.013750 153.215200
0.013875 152.279550
0.014000 151.320277
0.014125 150.228328
0.014250 148.951029
0.014375 147.821730
0.014500 147.019718
0.014625 146.365594
0.014750 145.715110
0.014875 144.801779
0.015000 143.553688
0.015125 141.955814
0.015250 140.069465
0.015375 137.984690
0.015500 135.621539
0.015625 132.816393
0.015750 129.600844
0.015875 125.928452
0.016000 121.684133
0.016125 116.662016
0.016250 110.969161
0.016375 104.572556
0.016500 96.991747
0.016625 87.937673
0.016750 79.291797
0.016875 70.326296
0.017000 59.981155
0.017125 50.871159
0.017250 45.080393
0.017375 48.083950
0.017500 61.017940
0.017625 76.503889
0.017750 90.613432
0.017875 102.334447
0.018000 111.737241
0.018125 119.062249
0.018250 124.719477
0.018375 129.390193
0.018500 133.405689
0.018625 137.051589
0.018750 140.357577
0.018875 143.341574
0.019000 146.031381
0.019125 148.478785
0.019250 150.402954
0.019375 151.731397
0.019500 152.769838
0.019625 153.683317
0.019750 154.396143
0.019875 155.015800
0.020000 155.692293
0.020125 156.380681
0.020250 157.064017
0.020375 157.710531
0.020500 158.280357
0.020625 158.718204
0.020750 159.012413
0.020875 159.060778
0.021000 158.875886
0.021125 158.315150
0.021250 157.349010
0.021375 155.876761
0.021500 153.861502
0.021625 151.502364
0.021750 148.878113
0.021875 145.858268
0.022000 142.428309
0.022125 138.566094
0.022250 134.215860
0.022375 129.214982
0.022500 123.156387
0.022625 116.134922
0.022750 108.629755
0.022875 101.835650
0.023000 97.351874
0.023125 97.756974
0.023250 104.217382
0.023375 114.670074
0.023500 125.748549
0.023625 135.959611
0.023750 144.313970
0.023875 150.846725
0.024000 155.824340
0.024125 159.586136
0.024250 162.602823
0.024375 165.222350
0.024500 167.409140
0.024625 169.258720
0.024750 170.915741
0.024875 172.382149
0.025000 173.457582
0.025125 174.053326
0.025250 174.350329
0.025375 174.344507
0.025500 174.160108
0.025625 173.832266
0.025750 173.482282
0.025875 173.108650
0.026000 172.682908
0.026125 172.185027
0.026250 171.632614
0.026375 170.940998
0.026500 170.089067
0.026625 168.996606
0.026750 167.615682
0.026875 165.917953
0.027000 163.805573
0.027125 161.323184
0.027250 158.331700
0.027375 154.975238
0.027500 151.319837
0.027625 147.290324
0.027750 143.080483
0.027875 138.870918
0.028000 134.293811
0.028125 128.796782
0.028250 122.113696
0.028375 114.370356
0.028500 106.320711
0.028625 98.561060
0.028750 92.303584
0.028875 89.818104
0.029000 93.494943
0.029125 101.297365
0.029250 110.968582
0.029375 120.152910
0.029500 127.941393
0.029625 134.000526
0.029750 138.443913
0.029875 141.542207
0.030000 143.826482
0.030125 145.567104
0.030250 146.917542
0.030375 147.953508
0.030500 148.854352
0.030625 149.628408
0.030750 150.090550
0.030875 150.002559
0.031000 149.434954
0.031125 148.684606
0.031250 147.674863
0.031375 146.390925
0.031500 144.968903
0.031625 143.437231
0.031750 141.991723
0.031875 140.680829
0.032000 139.410229
0.032125 138.226005
0.032250 136.863346
0.032375 135.087133
0.032500 133.047539
0.032625 130.877117
0.032750 128.411006
0.032875 125.512825
0.033000 122.125834
0.033125 118.187524
0.033250 113.775837
0.033375 110.417732
0.033500 108.256168
0.033625 105.883675
0.033750 102.630435
0.033875 98.075815
0.034000 92.481393
0.034125 86.584985
0.034250 79.984563
0.034375 73.773994
0.034500 67.997846
0.034625 65.773169
0.034750 70.353742
0.034875 79.309613
0.035000 90.832755
0.035125 102.316402
0.035250 112.478229
0.035375 120.866161
0.035500 127.559979
0.035625 132.856100
0.035750 137.279380
0.035875 141.050060
0.036000 144.175034
0.036125 146.870092
0.036250 149.386406
0.036375 151.690681
0.036500 153.664193
0.036625 155.298822
0.036750 156.605368
0.036875 157.534122
0.037000 158.216518
0.037125 158.677466
0.037250 159.002826
0.037375 159.205230
0.037500 159.369232
0.037625 159.413929
0.037750 159.337900
0.037875 159.184030
0.038000 159.037434
0.038125 158.807267
0.038250 158.407487
0.038375 157.773581
0.038500 156.781887
0.038625 155.401241
0.038750 153.677438
0.038875 151.971638
0.039000 150.427381
0.039125 148.925762
0.039250 147.121386
0.039375 144.711250
0.039500 141.503390
0.039625 137.456780
0.039750 132.811879
0.039875 127.722435
0.040000 122.216331
0.040125 116.779687
0.040250 112.028777
0.040375 109.538913
0.040500 111.014329
0.040625 116.229153
0.040750 124.002612
0.040875 132.819219
0.041000 141.192192
0.041125 148.446918
0.041250 154.245429
0.041375 158.727508
0.041500 162.156261
0.041625 164.971048
0.041750 167.145363
0.041875 168.880015
0.042000 170.293953
0.042125 171.499113
0.042250 172.423284
0.042375 172.996908
0.042500 173.177913
0.042625 173.086178
0.042750 172.655328
0.042875 172.113991
0.043000 171.433726
0.043125 170.589998
0.043250 169.647671
0.043375 168.543203
0.043500 167.411014
0.043625 166.359811
0.043750 165.268468
0.043875 164.048626
0.044000 162.512768
0.044125 160.657635
0.044250 158.561183
0.044375 156.282792
0.044500 154.030191
0.044625 151.757578
0.044750 149.513202
0.044875 146.993621
0.045000 143.822673
0.045125 139.969613
0.045250 135.540904
0.045375 130.609104
0.045500 125.250953
0.045625 119.420512
0.045750 113.229810
0.045875 106.811777
0.046000 100.412291
0.046125 95.741676
0.046250 95.121789
0.046375 98.306770
0.046500 104.053424
0.046625 111.478793
0.046750 118.963942
0.046875 125.578043
0.047000 130.932559
0.047125 135.044242
0.047250 138.248087
0.047375 140.687869
0.047500 142.369916
0.047625 143.496569
0.047750 144.316689
0.047875 144.868791
0.048000 144.983515
0.048125 144.763462
0.048250 144.222553
0.048375 143.420974
0.048500 142.313542
0.048625 140.939666
0.048750 139.280246
0.048875 137.547761
0.049000 135.814257
0.049125 134.324813
0.049250 132.959652
0.049375 131.607556
0.049500 130.014186
0.049625 128.291143
0.049750 126.399097
0.049875 124.299150
0.050000 122.547975
0.050125 122.056270
0.050250 121.937294
0.050375 121.468694
0.050500 120.480013
0.050625 118.802627
0.050750 116.378478
0.050875 113.216206
0.051000 109.860141
0.051125 106.696696
0.051250 103.177156
0.051375 99.381405
0.051500 95.419402
0.051625 90.676568
0.051750 85.788152
0.051875 82.398276
0.052000 82.503110
0.052125 87.145749
0.052250 93.909652
0.052375 102.586868
0.052500 111.947619
0.052625 120.430205
0.052750 127.812177
0.052875 134.049503
0.053000 139.365768
0.053125 143.724995
0.053250 147.233768
0.053375 150.147153
0.053500 152.558841
0.053625 154.625156
0.053750 156.350734
0.053875 157.670807
0.054000 158.660637
0.054125 159.342855
0.054250 159.722725
0.054375 159.862188
0.054500 159.998126
0.054625 160.224291
0.054750 160.350945
0.054875 160.303018
0.055000 160.121249
0.055125 159.691489
0.055250 159.287420
0.055375 158.899241
0.055500 158.587124
0.055625 158.409545
0.055750 158.562808
0.055875 158.709301
0.056000 158.595712
0.056125 157.809051
0.056250 156.530007
0.056375 154.552012
0.056500 151.971975
0.056625 149.095592
0.056750 146.275533
0.056875 143.239844
0.057000 139.966227
0.057125 136.414423
0.057250 132.471622
0.057375 127.801914
0.057500 123.148544
0.057625 119.460573
0.057750 118.376848
0.057875 120.079242
0.058000 124.199312
0.058125 130.152674
0.058250 137.167825
0.058375 144.045155
0.058500 150.185458
0.058625 155.407473
0.058750 159.591892
0.058875 162.885466
0.059000 165.386654
0.059125 167.253102
0.059250 168.580117
0.059375 169.489082
0.059500 170.021139
0.059625 170.185498
0.059750 170.037543
0.059875 169.600269
0.060000 169.080020
0.060125 168.511208
0.060250 167.841612
0.060375 167.015346
0.060500 166.039593
0.060625 164.854758
0.060750 163.539222
0.060875 162.063580
0.061000 160.570810
0.061125 159.206240
0.061250 158.152332
0.061375 157.385195
0.061500 156.807073
0.061625 155.867385
0.061750 154.366672
0.061875 152.318079
0.062000 149.552874
0.062125 146.213282
0.062250 142.380231
0.062375 138.638048
