0.000000 0.000000
0.000125 34.600213
0.000250 63.231552
0.000375 89.384933
0.000500 111.837726
0.000625 129.827972
0.000750 143.405361
0.000875 153.285999
0.001000 160.195407
0.001125 164.535894
0.001250 168.726934
0.001375 174.207189
0.001500 181.112316
0.001625 187.918146
0.001750 193.886967
0.001875 198.810658
0.002000 202.321628
0.002125 204.398443
0.002250 205.034810
0.002375 204.438043
0.002500 203.018747
0.002625 201.340057
0.002750 199.798761
0.002875 198.853766
0.003000 199.255286
0.003125 200.719337
0.003250 202.457078
0.003375 204.120615
0.003500 205.435644
0.003625 205.897679
0.003750 205.195794
0.003875 203.228009
0.004000 199.874813
0.004125 195.148167
0.004250 189.426638
0.004375 183.518017
0.004500 178.096997
0.004625 173.492166
0.004750 169.388861
0.004875 164.631024
0.005000 157.664941
0.005125 147.762583
0.005250 134.088701
0.005375 116.359632
0.005500 94.569770
0.005625 70.278635
0.005750 49.905806
0.005875 45.425630
0.006000 59.651390
0.006125 83.072925
0.006250 106.029873
0.006375 125.911636
0.006500 141.705004
0.006625 153.539731
0.006750 162.036336
0.006875 167.995844
0.007000 172.152072
0.007125 176.130249
0.007250 181.527730
0.007375 187.657380
0.007500 193.454170
0.007625 198.813230
0.007750 203.229245
0.007875 206.355718
0.008000 208.149631
0.008125 208.625831
0.008250 208.071671
0.008375 206.756996
0.008500 205.262918
0.008625 204.173453
0.008750 204.054620
0.008875 204.908339
0.009000 206.297607
0.009125 207.827718
0.009250 209.057191
0.009375 209.595519
0.009500 209.247951
0.009625 207.790348
0.009750 205.125680
0.009875 201.149137
0.010000 196.134003
0.010125 190.567277
0.010250 184.908600
0.010375 179.485099
0.010500 174.234570
0.010625 168.728872
0.010750 162.094831
0.010875 153.430670
0.011000 141.788534
0.011125 126.800200
0.011250 108.313589
0.011375 88.464250
0.011500 72.391405
0.011625 62.871422
0.011750 62.846459
0.011875 72.276779
0.012000 88.774730
0.012125 108.381490
0.012250 126.844590
0.012375 142.028624
0.012500 153.772521
0.012625 162.486163
0.012750 168.753251
0.012875 173.688050
0.013000 178.222412
0.013125 182.787450
0.013250 187.514778
0.013375 192.297070
0.013500 196.577795
0.013625 199.876415
0.013750 201.913700
0.013875 202.835244
0.014000 202.699089
0.014125 201.737490
0.014250 200.235356
0.014375 198.743614
0.014500 197.785587
0.014625 197.615236
0.014750 198.384154
0.014875 199.660696
0.015000 200.880640
0.015125 201.614034
0.015250 201.509384
0.015375 200.451615
0.015500 198.306896
0.015625 195.217219
0.015750 191.219317
0.015875 186.645025
0.016000 181.677396
0.016125 176.502807
0.016250 171.084795
0.016375 165.355199
0.016500 158.808918
0.016625 150.683116
0.016750 140.375830
0.016875 127.522914
0.017000 112.273647
0.017125 98.176804
0.017250 85.876449
0.017375 76.778592
0.017500 72.476476
0.017625 74.026773
0.017750 80.827983
0.017875 92.858965
0.018000 107.083561
0.018125 122.806621
0.018250 137.763608
0.018375 149.993098
0.018500 159.589936
0.018625 167.297724
0.018750 173.602366
0.018875 179.027446
0.019000 183.931919
0.019125 188.526995
0.019250 192.983169
0.019375 197.017569
0.019500 200.303845
0.019625 202.498905
0.019750 203.627860
0.019875 203.876625
0.020000 203.423061
0.020125 202.661429
0.020250 201.992000
0.020375 201.524549
0.020500 201.584351
0.020625 202.272978
0.020750 203.308037
0.020875 204.234224
0.021000 204.685924
0.021125 204.340517
0.021250 202.919697
0.021375 200.523339
0.021500 197.456715
0.021625 193.797275
0.021750 189.709577
0.021875 185.096103
0.022000 179.907038
0.022125 174.007217
0.022250 167.106495
0.022375 158.990853
0.022500 149.211262
0.022625 137.802859
0.022750 126.176088
0.022875 115.863095
0.023000 106.940991
0.023125 99.886387
0.023250 95.197880
0.023375 93.777839
0.023500 95.900484
0.023625 101.172496
0.023750 109.321698
0.023875 119.946128
0.024000 131.142724
0.024125 142.924705
0.024250 154.777039
0.024375 165.039961
0.024500 173.518551
0.024625 180.462325
0.024750 186.146867
0.024875 190.959845
0.025000 195.049665
0.025125 198.610415
0.025250 201.661717
0.025375 204.201988
0.025500 206.048764
0.025625 207.106802
0.025750 207.525635
0.025875 207.492230
0.026000 207.263867
0.026125 206.904558
0.026250 206.590332
0.026375 206.391871
0.026500 206.400153
0.026625 206.411033
0.026750 206.302429
0.026875 205.718257
0.027000 204.369126
0.027125 202.293773
0.027250 199.452209
0.027375 196.028229
0.027500 192.107913
0.027625 187.621054
0.027750 182.520494
0.027875 176.708498
0.028000 169.722298
0.028125 161.515929
0.028250 151.938095
0.028375 141.728717
0.028500 132.732383
0.028625 124.635195
0.028750 117.285326
0.028875 111.244884
0.029000 106.608076
0.029125 103.948602
0.029250 103.288668
0.029375 105.081978
0.029500 108.696267
0.029625 114.094886
0.029750 122.016602
0.029875 130.896403
0.030000 139.440638
0.030125 148.906942
0.030250 158.838927
0.030375 167.712773
0.030500 175.050051
0.030625 180.945319
0.030750 185.671383
0.030875 189.460371
0.031000 192.645098
0.031125 195.414583
0.031250 197.645010
0.031375 199.365450
0.031500 200.639314
0.031625 201.547652
0.031750 202.000835
0.031875 202.180738
0.032000 202.168429
0.032125 202.004200
0.032250 201.774718
0.032375 201.403704
0.032500 200.853870
0.032625 200.070573
0.032750 199.001957
0.032875 197.469115
0.033000 195.259231
0.033125 192.536973
0.033250 189.034157
0.033375 184.872344
0.033500 179.963836
0.033625 174.212618
0.033750 167.391588
0.033875 159.341346
0.034000 150.305617
0.034125 141.715241
0.034250 134.437296
0.034375 128.038247
0.034500 122.588707
0.034625 118.075709
0.034750 113.996824
0.034875 111.455136
0.035000 110.285452
0.035125 110.417837
0.035250 112.767592
0.035375 115.957854
0.035500 120.328462
0.035625 127.045420
0.035750 134.999021
0.035875 142.863758
0.036000 150.093449
0.036125 158.088723
0.036250 166.539753
0.036375 174.386028
0.036500 180.852277
0.036625 186.013399
0.036750 190.082762
0.036875 193.489538
0.037000 196.406808
0.037125 198.708628
0.037250 200.556410
0.037375 202.148751
0.037500 203.521321
0.037625 204.582489
0.037750 205.312382
0.037875 205.744995
0.038000 205.864252
0.038125 205.674097
0.038250 205.140485
0.038375 204.295957
0.038500 203.289489
0.038625 202.041193
0.038750 200.476596
0.038875 198.465520
0.039000 195.858682
0.039125 192.436222
0.039250 188.068440
0.039375 182.624624
0.039500 176.138177
0.039625 168.614592
0.039750 160.615467
0.039875 153.742962
0.040000 147.283550
0.040125 141.791611
0.040250 137.141447
0.040375 133.720183
0.040500 130.419700
0.040625 127.708624
0.040750 126.029712
0.040875 125.222570
0.041000 125.615806
0.041125 127.633797
0.041250 130.265043
0.041375 133.729524
0.041500 138.768175
0.041625 145.345654
0.041750 152.117221
0.041875 158.249247
0.042000 163.765858
0.042125 169.764155
0.042250 176.218277
0.042375 182.514203
0.042500 187.815404
0.042625 192.133572
0.042750 195.678065
0.042875 198.577144
0.043000 200.944783
0.043125 202.790463
0.043250 204.299199
0.043375 205.456235
0.043500 206.337144
0.043625 206.835837
0.043750 206.975676
0.043875 206.660464
0.044000 205.939917
0.044125 204.901383
0.044250 203.545722
0.044375 201.904607
0.044500 200.089559
0.044625 197.908884
0.044750 195.278951
0.044875 191.971580
0.045000 187.789479
0.045125 182.554785
0.045250 176.229096
0.045375 169.007369
0.045500 162.033687
0.045625 155.870466
0.045750 150.055892
0.045875 145.279944
0.046000 141.484028
0.046125 138.811328
0.046250 136.199134
0.046375 133.479397
0.046500 131.864366
0.046625 130.423447
0.046750 129.435375
0.046875 129.635548
0.047000 131.160632
0.047125 132.936052
0.047250 135.338439
0.047375 139.091499
0.047500 144.583830
0.047625 150.643633
0.047750 156.207305
0.047875 160.606348
0.048000 164.314360
0.048125 168.759455
0.048250 173.957056
0.048375 179.512639
0.048500 184.309339
0.048625 188.264005
0.048750 191.570803
0.048875 194.312329
0.049000 196.618329
0.049125 198.249042
0.049250 199.426677
0.049375 200.190562
0.049500 200.625907
0.049625 200.684776
0.049750 200.255465
0.049875 199.469901
0.050000 198.341754
0.050125 196.953760
0.050250 195.382289
0.050375 193.407539
0.050500 191.003233
0.050625 188.004838
0.050750 184.236068
0.050875 179.522369
0.051000 173.799176
0.051125 167.628952
0.051250 162.097076
0.051375 156.642012
0.051500 151.621021
0.051625 147.699459
0.051750 144.875728
0.051875 143.192090
0.052000 141.376165
0.052125 139.185895
0.052250 138.007929
0.052375 137.202841
0.052500 136.192449
0.052625 135.776258
0.052750 136.604087
0.052875 138.222603
0.053000 140.029374
0.053125 142.129816
0.053250 145.386750
0.053375 150.170988
0.053500 155.833753
0.053625 161.193089
0.053750 165.538568
0.053875 168.820824
0.054000 171.701239
0.054125 175.335051
0.054250 179.637956
0.054375 184.484350
0.054500 189.081222
0.054625 193.062842
0.054750 196.422021
0.054875 199.147692
0.055000 201.214376
0.055125 202.644151
0.055250 203.485414
0.055375 203.863680
0.055500 203.847089
0.055625 203.512273
0.055750 202.839890
0.055875 201.751642
0.056000 200.309568
0.056125 198.512155
0.056250 196.238139
0.056375 193.315512
0.056500 189.554772
0.056625 184.984559
0.056750 179.728942
0.056875 174.823167
0.057000 170.013404
0.057125 165.277767
0.057250 160.923794
0.057375 157.647379
0.057500 155.517278
0.057625 154.306571
0.057750 152.778940
0.057875 150.949614
0.058000 149.614577
0.058125 149.107037
0.058250 148.369924
0.058375 147.693865
0.058500 147.592737
0.058625 148.411686
0.058750 149.718021
0.058875 150.997817
0.059000 152.249466
0.059125 154.468384
0.059250 158.087269
0.059375 162.697956
0.059500 167.456327
0.059625 171.496761
0.059750 174.461507
0.059875 176.685692
0.060000 178.568221
0.060125 181.141795
0.060250 184.407999
0.060375 188.221148
0.060500 192.013581
0.060625 195.280161
0.060750 197.887247
0.060875 199.760186
0.061000 200.890433
0.061125 201.383255
0.061250 201.404358
0.061375 201.005088
0.061500 200.284984
0.061625 199.270663
0.061750 197.994696
0.061875 196.325973
0.062000 194.020209
0.062125 191.174131
0.062250 187.497108
0.062375 182.950794
