0.000000 0.000000
0.000125 64.545441
0.000250 120.957757
0.000375 172.118152
0.000500 216.032483
0.000625 252.040228
0.000750 280.263747
0.000875 301.376732
0.001000 316.955226
0.001125 330.018343
0.001250 341.733161
0.001375 351.875286
0.001500 360.328116
0.001625 366.978729
0.001750 370.058888
0.001875 369.155231
0.002000 364.177706
0.002125 356.770964
0.002250 347.687613
0.002375 337.000109
0.002500 324.945142
0.002625 311.372627
0.002750 293.628766
0.002875 269.478470
0.003000 237.963650
0.003125 198.415770
0.003250 151.169155
0.003375 97.915930
0.003500 42.788976
0.003625 47.904143
0.003750 100.992871
0.003875 153.576965
0.004000 200.927126
0.004125 240.880765
0.004250 272.924577
0.004375 297.522735
0.004500 315.577654
0.004625 329.895344
0.004750 342.439168
0.004875 353.425043
0.005000 362.633901
0.005125 370.134040
0.005250 374.819627
0.005375 375.474515
0.005500 372.103396
0.005625 365.488394
0.005750 356.961525
0.005875 346.870657
0.006000 335.151394
0.006125 322.280654
0.006250 306.563192
0.006375 285.477732
0.006500 257.562776
0.006625 221.859799
0.006750 178.304041
0.006875 128.094811
0.007000 74.607394
0.007125 46.735044
0.007250 85.636565
0.007375 136.290021
0.007500 183.807559
0.007625 225.668953
0.007750 260.622873
0.007875 288.383211
0.008000 309.288829
0.008125 325.282428
0.008250 338.864789
0.008375 350.586624
0.008500 360.603705
0.008625 368.836609
0.008750 374.883397
0.008875 377.068777
0.009000 375.299627
0.009125 369.819889
0.009250 361.917606
0.009375 352.384041
0.009500 341.130030
0.009625 328.625828
0.009750 314.032290
0.009875 295.226546
0.010000 270.281668
0.010125 237.947484
0.010250 197.899299
0.010375 150.719354
0.010500 98.953289
0.010625 57.302538
0.010750 69.603157
0.010875 116.227471
0.011000 164.089625
0.011125 207.379624
0.011250 244.072387
0.011375 273.929633
0.011500 297.157997
0.011625 314.733869
0.011750 329.510770
0.011875 342.104985
0.012000 353.097322
0.012125 362.157047
0.012250 369.239935
0.012375 373.083088
0.012500 372.975909
0.012625 369.051788
0.012750 362.101958
0.012875 353.181484
0.013000 342.527343
0.013125 330.395506
0.013250 316.583854
0.013375 299.275269
0.013500 276.783023
0.013625 247.482407
0.013750 210.703626
0.013875 166.525917
0.014000 116.892596
0.014125 69.839957
0.014250 57.674626
0.014375 92.993971
0.014500 140.131546
0.014625 184.750128
0.014750 223.923332
0.014875 256.159605
0.015000 281.674609
0.015125 301.123852
0.015250 316.662009
0.015375 329.900608
0.015500 341.536917
0.015625 351.599778
0.015750 359.787798
0.015875 365.324941
0.016000 367.182332
0.016125 365.093591
0.016250 359.669813
0.016375 351.872663
0.016500 342.141751
0.016625 330.839006
0.016750 317.960771
0.016875 302.365839
0.017000 282.286620
0.017125 256.216800
0.017250 222.971027
0.017375 182.380243
0.017500 136.001002
0.017625 88.614932
0.017750 62.041166
0.017875 77.803951
0.018000 121.063638
0.018125 166.516329
0.018250 207.675275
0.018375 243.145781
0.018500 271.645556
0.018625 293.835879
0.018750 310.974265
0.018875 325.432053
0.019000 337.655008
0.019125 348.403179
0.019250 357.499517
0.019375 364.537275
0.019500 368.359381
0.019625 368.389829
0.019750 364.889590
0.019875 358.625889
0.020000 350.165120
0.020125 339.892865
0.020250 328.035913
0.020375 313.677781
0.020500 295.754325
0.020625 272.527073
0.020750 242.509799
0.020875 205.345488
0.021000 162.327098
0.021125 116.616139
0.021250 83.591281
0.021375 81.145480
0.021500 111.849376
0.021625 155.418934
0.021750 197.467735
0.021875 234.448707
0.022000 265.666673
0.022125 290.387546
0.022250 309.449716
0.022375 324.689558
0.022500 337.471634
0.022625 348.467831
0.022750 357.970293
0.022875 365.403436
0.023000 370.235606
0.023125 371.625419
0.023250 369.515913
0.023375 364.400492
0.023500 356.950154
0.023625 347.422339
0.023750 336.281704
0.023875 322.873235
0.024000 306.403721
0.024125 285.399332
0.024250 258.203747
0.024375 224.163602
0.024500 184.311067
0.024625 140.550091
0.024750 103.969573
0.024875 89.096155
0.025000 104.374008
0.025125 141.658038
0.025250 183.507452
0.025375 221.783048
0.025500 254.497838
0.025625 281.689411
0.025750 303.081571
0.025875 319.775406
0.026000 333.444635
0.026125 344.786418
0.026250 354.561461
0.026375 362.506496
0.026500 368.009178
0.026625 370.407872
0.026750 369.397387
0.026875 365.334623
0.027000 358.762413
0.027125 349.941460
0.027250 339.462052
0.027375 326.924067
0.027500 311.590197
0.027625 292.360537
0.027750 267.691030
0.027875 236.556357
0.028000 199.617250
0.028125 157.840287
0.028250 119.337610
0.028375 96.424457
0.028500 98.577141
0.028625 125.289607
0.028750 164.533795
0.028875 203.838462
0.029000 238.291156
0.029125 267.130001
0.029250 290.823339
0.029375 309.511883
0.029500 324.513499
0.029625 336.745400
0.029750 346.888954
0.029875 355.291175
0.030000 361.474031
0.030125 364.798050
0.030250 364.924236
0.030375 361.927046
0.030500 356.183740
0.030625 348.068831
0.030750 338.149952
0.030875 326.341483
0.031000 311.981303
0.031125 294.229294
0.031250 271.675042
0.031375 243.282073
0.031500 209.446015
0.031625 170.017804
0.031750 131.043223
0.031875 103.173843
0.032000 94.627636
0.032125 109.843115
0.032250 143.792034
0.032375 182.578783
0.032500 219.063608
0.032625 249.950142
0.032750 275.437293
0.032875 296.339847
0.033000 313.161982
0.033125 326.892899
0.033250 338.059816
0.033375 347.256073
0.033500 354.557307
0.033625 359.186637
0.033750 360.767640
0.033875 359.295492
0.034000 354.879569
0.034125 347.916648
0.034250 338.962041
0.034375 328.181323
0.034500 315.106355
0.034625 298.983833
0.034750 278.796215
0.034875 253.386788
0.035000 222.907101
0.035125 186.778665
0.035250 149.023203
0.035375 119.091351
0.035500 103.595089
0.035625 109.592103
0.035750 133.847966
0.035875 170.225196
0.036000 207.335581
0.036125 240.591288
0.036250 268.331372
0.036375 291.035797
0.036500 309.691859
0.036625 325.102350
0.036750 337.603110
0.036875 347.871624
0.037000 356.098207
0.037125 361.864072
0.037250 364.753267
0.037375 364.607131
0.037500 361.423269
0.037625 355.585149
0.037750 347.396272
0.037875 337.248839
0.038000 324.927238
0.038125 309.924934
0.038250 291.402351
0.038375 268.306288
0.038500 240.548557
0.038625 207.362634
0.038750 171.236021
0.038875 140.575184
0.039000 120.861896
0.039125 117.607140
0.039250 132.451913
0.039375 162.350664
0.039500 197.788944
0.039625 232.034095
0.039750 261.729940
0.039875 286.136404
0.040000 305.907399
0.040125 322.278430
0.040250 336.004973
0.040375 347.083135
0.040500 356.017808
0.040625 362.628337
0.040750 366.481907
0.040875 367.437795
0.041000 365.402403
0.041125 360.447886
0.041250 353.024448
0.041375 343.480013
0.041500 331.789467
0.041625 317.568631
0.041750 300.122854
0.041875 278.833510
0.042000 253.267534
0.042125 222.561503
0.042250 188.066552
0.042375 157.243718
0.042500 134.456481
0.042625 124.054905
0.042750 131.430306
0.042875 152.514852
0.043000 184.956761
0.043125 218.618854
0.043250 249.876040
0.043375 276.256905
0.043500 297.690080
0.043625 314.929922
0.043750 329.410101
0.043875 341.541561
0.044000 351.177865
0.044125 358.597724
0.044250 363.401515
0.044375 365.369397
0.044500 364.523079
0.044625 360.585712
0.044750 353.987321
0.044875 345.140455
0.045000 334.045575
0.045125 320.514692
0.045250 304.036557
0.045375 284.137117
0.045500 260.398551
0.045625 231.837645
0.045750 198.835319
0.045875 168.036999
0.046000 142.909770
0.046125 128.066132
0.046250 127.926986
0.046375 141.859075
0.046500 168.108134
0.046625 200.917942
0.046750 232.577018
0.046875 260.966985
0.047000 284.441537
0.047125 303.233785
0.047250 318.598144
0.047375 331.334035
0.047500 341.905888
0.047625 350.108793
0.047750 355.905665
0.047875 358.984332
0.048000 359.218018
0.048125 356.604389
0.048250 351.026359
0.048375 343.090445
0.048500 332.786817
0.048625 320.085670
0.048750 304.574350
0.048875 285.995332
0.049000 264.236522
0.049125 237.791905
0.049250 206.639145
0.049375 176.307129
0.049500 150.259223
0.049625 132.854119
0.049750 125.852030
0.049875 134.577154
0.050000 153.349378
0.050125 183.566171
0.050250 215.301199
0.050375 245.199509
0.050500 271.068061
0.050625 292.285542
0.050750 309.309443
0.050875 323.202033
0.051000 334.749913
0.051125 344.232329
0.051250 351.329335
0.051375 355.955646
0.051500 357.723395
0.051625 356.719618
0.051750 352.647455
0.051875 346.119171
0.052000 337.141353
0.052125 325.646300
0.052250 311.509039
0.052375 294.613649
0.052500 274.818415
0.052625 250.826288
0.052750 222.262240
0.052875 192.959556
0.053000 167.360119
0.053125 148.213841
0.053250 137.095510
0.053375 139.859297
0.053500 153.191705
0.053625 177.023650
0.053750 207.750380
0.053875 237.477100
0.054000 265.223743
0.054125 288.452147
0.054250 307.296081
0.054375 322.593859
0.054500 334.757608
0.054625 344.804031
0.054750 352.860862
0.054875 358.450053
0.055000 361.391667
0.055125 361.578624
0.055250 358.773743
0.055375 353.290706
0.055500 345.273872
0.055625 334.655354
0.055750 321.387000
0.055875 305.632857
0.056000 287.219649
0.056125 265.103064
0.056250 238.603515
0.056375 210.418686
0.056500 185.303455
0.056625 164.396104
0.056750 150.886718
0.056875 147.478355
0.057000 156.089771
0.057125 172.753611
0.057250 199.668781
0.057375 228.970215
0.057500 256.650861
0.057625 281.668194
0.057750 302.250353
0.057875 318.916615
0.058000 332.225395
0.058125 342.578182
0.058250 350.985188
0.058375 357.419028
0.058500 361.306202
0.058625 362.439649
0.058750 360.793499
0.058875 356.264804
0.059000 349.206600
0.059125 339.516757
0.059250 327.052344
0.059375 312.206850
0.059500 294.890743
0.059625 274.371892
0.059750 249.683401
0.059875 222.374986
0.060000 197.789409
0.060125 175.851309
0.060250 160.507014
0.060375 152.245370
0.060500 155.987897
0.060625 167.736668
0.060750 188.179971
0.060875 216.096057
0.061000 243.522603
0.061125 269.306173
0.061250 291.787738
0.061375 310.038129
0.061500 324.744154
0.061625 336.078112
0.061750 344.735121
0.061875 351.612854
0.062000 356.387667
0.062125 358.509941
0.062250 357.869385
0.062375 354.395704
