0.000000 0.000000
0.000125 66.936797
0.000250 128.189735
0.000375 185.776197
0.000500 238.125731
0.000625 284.199514
0.000750 323.238489
0.000875 355.571813
0.001000 381.279802
0.001125 400.838398
0.001250 416.273884
0.001375 429.311417
0.001500 438.863716
0.001625 446.708973
0.001750 451.909683
0.001875 454.319704
0.002000 455.060669
0.002125 454.292015
0.002250 451.639226
0.002375 446.006735
0.002500 438.084397
0.002625 428.272175
0.002750 415.187358
0.002875 399.582935
0.003000 379.511511
0.003125 353.526017
0.003250 320.859214
0.003375 281.592814
0.003500 235.401142
0.003625 183.166895
0.003750 125.982888
0.003875 65.877318
0.004000 32.150234
0.004125 84.089044
0.004250 141.313371
0.004375 197.257511
0.004500 248.636883
0.004625 293.887760
0.004750 332.173461
0.004875 363.739351
0.005000 388.762374
0.005125 407.721098
0.005250 423.012611
0.005375 435.766765
0.005500 445.118229
0.005625 452.690200
0.005750 457.326561
0.005875 459.361246
0.006000 459.677569
0.006125 458.397590
0.006250 455.169439
0.006375 448.800141
0.006500 440.397634
0.006625 429.648246
0.006750 416.012252
0.006875 399.572909
0.007000 378.669269
0.007125 351.790379
0.007250 318.284128
0.007375 278.234437
0.007500 231.421199
0.007625 178.862093
0.007750 121.757400
0.007875 65.166083
0.008000 52.682476
0.008125 101.884639
0.008250 156.784566
0.008375 208.711796
0.008500 256.554404
0.008625 299.704661
0.008750 336.835463
0.008875 367.528436
0.009000 391.780958
0.009125 410.242352
0.009250 425.403566
0.009375 437.935817
0.009500 447.184925
0.009625 454.521919
0.009750 458.843810
0.009875 460.626021
0.010000 460.607516
0.010125 458.831864
0.010250 454.903662
0.010375 447.850980
0.010500 438.813978
0.010625 427.229769
0.010750 412.857534
0.010875 395.092765
0.011000 372.748113
0.011125 344.568207
0.011250 309.798373
0.011375 268.586833
0.011500 220.914051
0.011625 167.802831
0.011750 111.096201
0.011875 63.007188
0.012000 64.305869
0.012125 112.640685
0.012250 166.857983
0.012375 217.413616
0.012500 263.021143
0.012625 303.093617
0.012750 337.211301
0.012875 366.080591
0.013000 389.405764
0.013125 407.613400
0.013250 422.663518
0.013375 434.975591
0.013500 444.179909
0.013625 451.338375
0.013750 455.599585
0.013875 457.313515
0.014000 457.106709
0.014125 455.011864
0.014250 450.486112
0.014375 443.022801
0.014500 433.279666
0.014625 420.956994
0.014750 405.707794
0.014875 386.734398
0.015000 362.877239
0.015125 333.206970
0.015250 297.092327
0.015375 254.750393
0.015500 206.149123
0.015625 152.548151
0.015750 98.979692
0.015875 61.162066
0.016000 71.998972
0.016125 119.825455
0.016250 173.777599
0.016375 223.700725
0.016500 268.288984
0.016625 306.919662
0.016750 339.365648
0.016875 366.038024
0.017000 387.195748
0.017125 404.376149
0.017250 419.369204
0.017375 431.666499
0.017500 441.181919
0.017625 448.464107
0.017750 453.026583
0.017875 455.186485
0.018000 455.292480
0.018125 453.296981
0.018250 448.672055
0.018375 441.232193
0.018500 431.271602
0.018625 418.617734
0.018750 402.695713
0.018875 382.823987
0.019000 358.001089
0.019125 327.428620
0.019250 290.332272
0.019375 247.091743
0.019500 198.030178
0.019625 146.077816
0.019750 98.888011
0.019875 73.248216
0.020000 89.750489
0.020125 135.344093
0.020250 188.026997
0.020375 237.098028
0.020500 280.778918
0.020625 318.481853
0.020750 349.765964
0.020875 375.136125
0.021000 395.042042
0.021125 410.661115
0.021250 423.931540
0.021375 435.106715
0.021500 444.306802
0.021625 451.511333
0.021750 456.084518
0.021875 458.352378
0.022000 458.473167
0.022125 456.340473
0.022250 451.522901
0.022375 443.737848
0.022500 433.361570
0.022625 420.025756
0.022750 403.206963
0.022875 382.241155
0.023000 356.180043
0.023125 324.357794
0.023250 286.145598
0.023375 241.905011
0.023500 193.070159
0.023625 144.147361
0.023750 103.171269
0.023875 87.741497
0.024000 107.366802
0.024125 150.512427
0.024250 201.027357
0.024375 248.818303
0.024500 291.305740
0.024625 327.879429
0.024750 358.044630
0.024875 382.434385
0.025000 401.289825
0.025125 416.079742
0.025250 428.238040
0.025375 437.982929
0.025500 445.620195
0.025625 451.690128
0.025750 455.780648
0.025875 457.811095
0.026000 457.737493
0.026125 455.268849
0.026250 450.131925
0.026375 442.041473
0.026500 431.177077
0.026625 417.141519
0.026750 399.348861
0.026875 377.192710
0.027000 349.861015
0.027125 316.685613
0.027250 277.221605
0.027375 232.362622
0.027500 184.442785
0.027625 139.558175
0.027750 104.349341
0.027875 96.252614
0.028000 117.871651
0.028125 159.302467
0.028250 208.088019
0.028375 254.592381
0.028500 295.961622
0.028625 331.427057
0.028750 360.758131
0.028875 384.313971
0.029000 402.676775
0.029125 417.001393
0.029250 428.487108
0.029375 437.537011
0.029500 444.305805
0.029625 449.136984
0.029750 451.964138
0.029875 453.067142
0.030000 452.333212
0.030125 449.498667
0.030250 443.961691
0.030375 435.454865
0.030500 424.096936
0.030625 409.403506
0.030750 390.718085
0.030875 367.385325
0.031000 338.731909
0.031125 304.353874
0.031250 263.893620
0.031375 219.518804
0.031500 173.849199
0.031625 132.047750
0.031750 103.461834
0.031875 100.538581
0.032000 123.995617
0.032125 164.269736
0.032250 211.443912
0.032375 256.861016
0.032500 297.303953
0.032625 331.826869
0.032750 360.415200
0.032875 383.508788
0.033000 401.660383
0.033125 415.804328
0.033250 427.084837
0.033375 435.967996
0.033500 442.546623
0.033625 446.975471
0.033750 449.438868
0.033875 449.800909
0.034000 448.142112
0.034125 444.532371
0.034250 438.505547
0.034375 429.744594
0.034500 418.093362
0.034625 402.929250
0.034750 383.679082
0.034875 359.624732
0.035000 330.292395
0.035125 295.329163
0.035250 255.510823
0.035375 212.242471
0.035500 170.267154
0.035625 132.529529
0.035750 111.585831
0.035875 113.143186
0.036000 137.813413
0.036125 176.593346
0.036250 221.794850
0.036375 265.782272
0.036500 305.118155
0.036625 338.772600
0.036750 366.727839
0.036875 389.398031
0.037000 407.264349
0.037125 421.294982
0.037250 432.580131
0.037375 441.363815
0.037500 447.755403
0.037625 451.983724
0.037750 454.099497
0.037875 453.968822
0.038000 451.628000
0.038125 447.083589
0.038250 439.954989
0.038375 430.184596
0.038500 417.601177
0.038625 401.543274
0.038750 381.357000
0.038875 356.476218
0.039000 326.345770
0.039125 291.276068
0.039250 252.009626
0.039375 211.157889
0.039500 172.025523
0.039625 139.176220
0.039750 124.462007
0.039875 129.442680
0.040000 154.383831
0.040125 191.270206
0.040250 233.899108
0.040375 276.067519
0.040500 313.841880
0.040625 346.159175
0.040750 372.987539
0.040875 394.838795
0.041000 412.112071
0.041125 425.715346
0.041250 436.571059
0.041375 444.953530
0.041500 451.048838
0.041625 454.936210
0.041750 456.589131
0.041875 455.962934
0.042000 452.989095
0.042125 447.564341
0.042250 439.392348
0.042375 428.479989
0.042500 414.455859
0.042625 396.932173
0.042750 375.417613
0.042875 349.333300
0.043000 318.420463
0.043125 283.586025
0.043250 244.930062
0.043375 206.668130
0.043500 170.003278
0.043625 142.214766
0.043750 132.334905
0.043875 139.708318
0.044000 164.921330
0.044125 200.283517
0.044250 240.974093
0.044375 281.425697
0.044500 317.851574
0.044625 348.934742
0.044750 374.673846
0.044875 395.624185
0.045000 412.239206
0.045125 425.399676
0.045250 435.865908
0.045375 443.813252
0.045500 449.598113
0.045625 453.116042
0.045750 454.389999
0.045875 453.379500
0.046000 449.820015
0.046125 443.710540
0.046250 434.671863
0.046375 422.724580
0.046500 407.450222
0.046625 388.442111
0.046750 365.308644
0.046875 337.736302
0.047000 306.478384
0.047125 271.309412
0.047250 234.450033
0.047375 198.044996
0.047500 163.897106
0.047625 141.418408
0.047750 135.257275
0.047875 144.625339
0.048000 170.235049
0.048125 204.600636
0.048250 243.744344
0.048375 282.920464
0.048500 318.238612
0.048625 348.372377
0.048750 373.283507
0.048875 393.603140
0.049000 409.710446
0.049125 422.533828
0.049250 432.672575
0.049375 440.331301
0.049500 445.958007
0.049625 449.273985
0.049750 450.338047
0.049875 449.022021
0.050000 445.175543
0.050125 438.666228
0.050250 429.139225
0.050375 416.525548
0.050500 400.428085
0.050625 380.369783
0.050750 356.160815
0.050875 328.142683
0.051000 296.673211
0.051125 261.946932
0.051250 227.270835
0.051375 192.795846
0.051500 162.495045
0.051625 145.457769
0.051750 142.681379
0.051875 154.313845
0.052000 180.248475
0.052125 213.816371
0.052250 251.564842
0.052375 289.585242
0.052500 323.998318
0.052625 353.406344
0.052750 377.738300
0.052875 397.646115
0.053000 413.439042
0.053125 425.977096
0.053250 435.878950
0.053375 443.379029
0.053500 448.811100
0.053625 451.898484
0.053750 452.818775
0.053875 451.304521
0.054000 447.201524
0.054125 440.204549
0.054250 430.112859
0.054375 416.818574
0.054500 399.822990
0.054625 378.791684
0.054750 353.829735
0.054875 325.747192
0.055000 293.941039
0.055125 260.726622
0.055250 227.452807
0.055375 194.839876
0.055500 168.684855
0.055625 156.113351
0.055750 155.778303
0.055875 169.024922
0.056000 194.686695
0.056125 226.973232
0.056250 262.868549
0.056375 299.157757
0.056500 332.303677
0.056625 360.666464
0.056750 384.173302
0.056875 403.379021
0.057000 418.524572
0.057125 430.498580
0.057250 439.827982
0.057375 446.752870
0.057500 451.640535
0.057625 454.191542
0.057750 454.545427
0.057875 452.478640
0.058000 447.757916
0.058125 440.049233
0.058250 429.143808
0.058375 414.899785
0.058500 396.829124
0.058625 374.820255
0.058750 349.619180
0.058875 321.011037
0.059000 289.372639
0.059125 257.428340
0.059250 225.180676
0.059375 194.403259
0.059500 172.216394
0.059625 162.882822
0.059750 164.278433
0.059875 178.775415
0.060000 204.063939
0.060125 235.116051
0.060250 269.472250
0.060375 304.180649
0.060500 336.173915
0.060625 363.495170
0.060750 386.258001
0.060875 404.758798
0.061000 419.382258
0.061125 430.823287
0.061250 439.581924
0.061375 446.002212
0.061500 450.222696
0.061625 452.193127
0.061750 451.906550
0.061875 449.223176
0.062000 443.735837
0.062125 435.226920
0.062250 423.487161
0.062375 408.276278
