0.000000 0.000000
0.000125 84.693645
0.000250 159.202562
0.000375 225.619471
0.000500 280.789595
0.000625 325.074248
0.000750 359.221939
0.000875 385.403487
0.001000 405.466989
0.001125 421.651969
0.001250 435.249217
0.001375 448.063270
0.001500 458.548023
0.001625 465.603698
0.001750 466.983808
0.001875 463.037360
0.002000 455.166463
0.002125 445.039600
0.002250 435.926956
0.002375 432.716795
0.002500 438.638350
0.002625 449.074625
0.002750 459.146370
0.002875 466.344213
0.003000 469.143660
0.003125 466.450668
0.003250 458.354084
0.003375 447.520219
0.003500 434.213579
0.003625 419.883347
0.003750 402.346689
0.003875 380.594322
0.004000 352.037995
0.004125 315.021943
0.004250 267.538795
0.004375 209.253474
0.004500 141.415261
0.004625 74.635817
0.004750 48.978573
0.004875 112.029620
0.005000 182.967641
0.005125 245.353966
0.005250 296.853797
0.005375 338.034145
0.005500 369.653978
0.005625 394.057132
0.005750 412.579694
0.005875 427.845733
0.006000 441.004253
0.006125 452.951598
0.006250 462.330297
0.006375 467.677808
0.006500 467.807498
0.006625 463.057951
0.006750 455.204005
0.006875 446.463605
0.007000 439.850787
0.007125 439.312687
0.007250 445.958581
0.007375 455.818386
0.007500 464.635394
0.007625 470.339773
0.007750 471.598066
0.007875 467.609492
0.008000 458.861326
0.008125 447.206645
0.008250 433.027188
0.008375 416.937279
0.008500 397.374920
0.008625 372.845019
0.008750 341.038627
0.008875 300.331977
0.009000 249.617743
0.009125 190.289667
0.009250 134.660280
0.009375 90.266990
0.009500 81.529923
0.009625 134.072739
0.009750 199.898154
0.009875 258.511833
0.010000 306.890241
0.010125 345.498505
0.010250 375.078083
0.010375 397.766225
0.010500 415.241337
0.010625 429.851383
0.010750 442.306397
0.010875 452.858436
0.011000 460.768423
0.011125 464.715303
0.011250 464.024481
0.011375 459.525624
0.011500 452.911062
0.011625 446.169948
0.011750 441.864251
0.011875 442.571624
0.012000 448.756900
0.012125 457.260114
0.012250 464.551889
0.012375 468.573313
0.012500 468.410227
0.012625 463.442365
0.012750 453.793653
0.012875 440.897873
0.013000 425.164420
0.013125 406.933844
0.013250 384.575328
0.013375 356.704998
0.013500 321.215783
0.013625 277.850665
0.013750 229.658011
0.013875 184.079771
0.014000 140.457195
0.014125 108.112847
0.014250 105.476410
0.014375 149.300245
0.014500 209.040388
0.014625 264.525991
0.014750 310.343438
0.014875 346.963391
0.015000 375.008269
0.015125 396.791410
0.015250 413.754836
0.015375 427.586876
0.015500 439.135771
0.015625 448.441651
0.015750 455.212476
0.015875 458.508000
0.016000 458.261902
0.016125 455.096301
0.016250 450.393171
0.016375 445.558772
0.016500 442.836773
0.016625 443.844418
0.016750 449.086771
0.016875 456.034730
0.017000 461.893501
0.017125 464.732021
0.017250 463.502900
0.017375 457.576013
0.017500 446.944750
0.017625 432.865532
0.017750 415.402561
0.017875 394.661518
0.018000 369.230641
0.018125 338.441689
0.018250 301.634929
0.018375 265.428922
0.018500 228.608678
0.018625 190.238233
0.018750 154.597892
0.018875 130.679093
0.019000 130.377258
0.019125 166.233554
0.019250 220.369394
0.019375 271.594877
0.019500 315.384276
0.019625 350.698765
0.019750 377.918259
0.019875 399.172281
0.020000 415.609121
0.020125 428.804608
0.020250 439.590097
0.020375 448.159464
0.020500 454.700177
0.020625 458.533005
0.020750 459.501071
0.020875 457.992138
0.021000 454.710010
0.021125 451.317013
0.021250 449.342291
0.021375 450.072861
0.021500 454.080454
0.021625 459.386388
0.021750 463.706854
0.021875 465.132234
0.022000 462.488465
0.022125 455.276544
0.022250 443.329741
0.022375 427.356002
0.022500 407.557927
0.022625 383.740139
0.022750 355.934779
0.022875 326.752403
0.023000 298.842588
0.023125 269.908976
0.023250 237.072925
0.023375 204.083808
0.023500 173.594848
0.023625 155.722326
0.023750 156.083189
0.023875 185.039868
0.024000 233.231621
0.024125 279.663809
0.024250 321.001020
0.024375 354.978066
0.024500 381.210164
0.024625 401.602597
0.024750 417.287403
0.024875 429.780333
0.025000 439.936003
0.025125 448.326444
0.025250 455.221346
0.025375 459.767743
0.025500 461.531627
0.025625 460.835942
0.025750 458.323543
0.025875 455.438658
0.026000 453.393560
0.026125 453.468443
0.026250 456.036325
0.026375 459.726009
0.026500 462.148302
0.026625 461.687276
0.026750 457.249068
0.026875 448.232918
0.027000 434.249537
0.027125 415.844146
0.027250 393.322792
0.027375 368.294108
0.027500 345.456266
0.027625 323.827184
0.027750 300.344744
0.027875 273.303565
0.028000 243.604518
0.028125 214.040563
0.028250 187.954563
0.028375 173.464121
0.028500 173.213906
0.028625 196.988234
0.028750 239.661197
0.028875 282.983610
0.029000 320.666243
0.029125 353.315582
0.029250 378.512986
0.029375 398.407298
0.029500 413.574969
0.029625 426.043427
0.029750 436.498094
0.029875 445.406874
0.030000 452.839593
0.030125 457.810573
0.030250 459.880517
0.030375 459.560763
0.030500 457.417040
0.030625 454.657466
0.030750 452.445889
0.030875 451.741427
0.031000 452.952918
0.031125 454.855146
0.031250 455.415675
0.031375 452.753552
0.031500 446.227910
0.031625 435.008167
0.031750 418.773997
0.031875 398.342230
0.032000 377.466776
0.032125 359.260731
0.032250 341.971641
0.032375 323.196895
0.032500 300.595741
0.032625 275.207114
0.032750 248.300790
0.032875 221.253636
0.033000 199.289153
0.033125 186.880606
0.033250 186.058646
0.033375 205.881101
0.033500 243.582626
0.033625 284.213610
0.033750 319.042769
0.033875 349.581141
0.034000 374.473477
0.034125 394.493059
0.034250 410.224388
0.034375 423.498812
0.034500 434.838805
0.034625 444.517302
0.034750 452.204415
0.034875 457.341172
0.035000 459.603411
0.035125 459.555287
0.035250 457.840786
0.035375 455.315974
0.035500 452.960158
0.035625 451.484280
0.035750 451.290161
0.035875 451.374859
0.036000 449.864515
0.036125 445.038803
0.036250 436.132446
0.036375 422.845427
0.036500 405.961090
0.036625 390.103866
0.036750 376.105599
0.036875 362.160425
0.037000 346.540029
0.037125 328.136303
0.037250 306.249526
0.037375 283.222732
0.037500 258.276231
0.037625 234.441416
0.037750 215.752185
0.037875 204.757143
0.038000 203.723725
0.038125 220.013995
0.038250 252.311662
0.038375 289.961182
0.038500 322.681796
0.038625 350.714247
0.038750 375.296836
0.038875 395.855709
0.039000 412.392369
0.039125 426.554823
0.039250 438.375091
0.039375 448.005403
0.039500 455.383514
0.039625 460.250584
0.039750 462.456761
0.039875 462.498936
0.040000 460.859438
0.040125 458.263186
0.040250 455.215661
0.040375 452.509786
0.040500 450.436828
0.040625 448.147317
0.040750 444.114267
0.040875 436.646363
0.041000 425.548236
0.041125 413.240442
0.041250 402.145245
0.041375 391.788806
0.041500 380.641276
0.041625 367.491068
0.041750 351.460670
0.041875 332.967650
0.042000 312.458915
0.042125 290.769578
0.042250 267.398113
0.042375 246.528220
0.042500 229.921267
0.042625 219.348710
0.042750 217.358236
0.042875 230.379806
0.043000 257.855819
0.043125 292.489020
0.043250 323.745089
0.043375 350.735063
0.043500 374.163817
0.043625 395.359770
0.043750 412.751581
0.043875 427.209988
0.044000 438.821575
0.044125 448.001065
0.044250 454.904541
0.044375 459.431620
0.044500 461.537427
0.044625 461.500334
0.044750 459.601700
0.044875 456.252746
0.045000 452.137067
0.045125 447.751023
0.045250 443.426671
0.045375 438.528610
0.045500 431.831179
0.045625 422.911098
0.045750 414.748178
0.045875 407.650620
0.046000 401.061381
0.046125 392.472034
0.046250 381.520479
0.046375 367.734596
0.046500 351.300854
0.046625 333.481285
0.046750 314.314193
0.046875 293.512387
0.047000 271.778643
0.047125 253.583243
0.047250 238.453343
0.047375 227.540840
0.047500 224.411456
0.047625 234.554546
0.047750 258.340464
0.047875 290.696611
0.048000 321.440802
0.048125 348.183081
0.048250 371.084763
0.048375 392.295454
0.048500 410.056852
0.048625 424.393690
0.048750 435.740864
0.048875 444.628129
0.049000 451.217377
0.049125 455.637684
0.049250 457.635628
0.049375 457.291156
0.049500 454.978643
0.049625 450.758150
0.049750 445.234123
0.049875 438.986311
0.050000 432.420531
0.050125 425.351572
0.050250 418.765189
0.050375 414.332734
0.050500 410.761772
0.050625 407.433283
0.050750 401.924837
0.050875 393.454141
0.051000 382.091804
0.051125 367.900857
0.051250 351.999707
0.051375 335.346816
0.051500 317.216903
0.051625 297.749017
0.051750 278.375562
0.051875 261.935213
0.052000 247.803880
0.052125 236.730766
0.052250 232.758211
0.052375 240.909659
0.052500 262.582471
0.052625 292.789328
0.052750 323.472704
0.052875 350.553318
0.053000 373.376769
0.053125 393.215164
0.053250 410.816344
0.053375 424.980887
0.053500 436.114908
0.053625 444.834086
0.053750 451.472176
0.053875 455.637584
0.054000 457.408767
0.054125 456.696336
0.054250 453.575154
0.054375 448.218681
0.054500 441.072595
0.054625 432.911382
0.054750 424.882203
0.054875 419.840556
0.055000 417.518082
0.055125 416.876213
0.055250 415.995566
0.055375 413.139606
0.055500 407.238009
0.055625 398.180926
0.055750 386.333452
0.055875 372.132798
0.056000 357.027614
0.056125 341.398577
0.056250 324.168623
0.056375 305.429160
0.056500 288.596146
0.056625 272.760859
0.056750 259.234020
0.056875 247.921957
0.057000 243.409537
0.057125 250.153750
0.057250 270.238873
0.057375 298.220883
0.057500 328.476574
0.057625 355.270633
0.057750 377.612259
0.057875 396.036329
0.058000 412.127509
0.058125 425.743199
0.058250 436.622648
0.058375 445.116759
0.058500 451.159247
0.058625 454.744998
0.058750 455.769794
0.058875 454.015300
0.059000 449.569039
0.059125 442.483548
0.059250 433.512339
0.059375 425.033261
0.059500 420.440939
0.059625 418.626769
0.059750 419.443072
0.059875 420.272598
0.060000 419.578283
0.060125 416.022023
0.060250 409.364415
0.060375 399.591969
0.060500 387.281964
0.060625 373.494326
0.060750 359.343948
0.060875 344.096227
0.061000 327.304265
0.061125 309.713631
0.061250 294.446471
0.061375 278.844529
0.061500 265.510417
0.061625 254.063385
0.061750 249.206575
0.061875 255.121246
0.062000 274.233954
0.062125 300.232367
0.062250 329.563590
0.062375 355.708524
