0.000000 0.000000
0.000125 28.708210
0.000250 51.796168
0.000375 73.602497
0.000500 93.606403
0.000625 111.834622
0.000750 128.521981
0.000875 144.120413
0.001000 158.904805
0.001125 172.812241
0.001250 186.137565
0.001375 198.327996
0.001500 208.866419
0.001625 217.519830
0.001750 224.758887
0.001875 230.730034
0.002000 235.257976
0.002125 238.025892
0.002250 239.025695
0.002375 238.248017
0.002500 235.958880
0.002625 232.069208
0.002750 226.615271
0.002875 219.892796
0.003000 211.867587
0.003125 202.091834
0.003250 190.510583
0.003375 177.781603
0.003500 164.222296
0.003625 149.843839
0.003750 134.658345
0.003875 118.444009
0.004000 100.756044
0.004125 81.394420
0.004250 60.913198
0.004375 41.925494
0.004500 32.386193
0.004625 42.424751
0.004750 61.914397
0.004875 82.487651
0.005000 102.047820
0.005125 120.076070
0.005250 136.396332
0.005375 151.636395
0.005500 166.086281
0.005625 179.879598
0.005750 193.019994
0.005875 205.203664
0.006000 215.814526
0.006125 224.422880
0.006250 231.425972
0.006375 237.328049
0.006500 241.785290
0.006625 244.227907
0.006750 244.853212
0.006875 243.868694
0.007000 241.456760
0.007125 237.455711
0.007250 231.912481
0.007375 225.080370
0.007500 217.058941
0.007625 207.377479
0.007750 195.856340
0.007875 183.042421
0.008000 169.304304
0.008125 154.793952
0.008250 139.458748
0.008375 123.152657
0.008500 105.616142
0.008625 86.993439
0.008750 68.460149
0.008875 52.545858
0.009000 44.493648
0.009125 50.214723
0.009250 66.223042
0.009375 85.160779
0.009500 103.900205
0.009625 121.428156
0.009750 137.500259
0.009875 152.417888
0.010000 166.527918
0.010125 180.003208
0.010250 192.888445
0.010375 204.785891
0.010500 215.263294
0.010625 223.798934
0.010750 230.628359
0.010875 236.253295
0.011000 240.447274
0.011125 242.588055
0.011250 242.895037
0.011375 241.693790
0.011500 239.061925
0.011625 234.955104
0.011750 229.323436
0.011875 222.399812
0.012000 214.195345
0.012125 204.514341
0.012250 193.098146
0.012375 180.154949
0.012500 166.111827
0.012625 151.152019
0.012750 135.300022
0.012875 118.758875
0.013000 101.326231
0.013125 83.419218
0.013250 65.273560
0.013375 49.240433
0.013500 39.512210
0.013625 42.577432
0.013750 57.524408
0.013875 76.595313
0.014000 95.625651
0.014125 113.438043
0.014250 129.816051
0.014375 144.887613
0.014500 159.085027
0.014625 172.472316
0.014750 185.166506
0.014875 196.867819
0.015000 207.218133
0.015125 215.786060
0.015250 222.674982
0.015375 228.173418
0.015500 232.149685
0.015625 234.257707
0.015750 234.491688
0.015875 233.294822
0.016000 230.721820
0.016125 226.788167
0.016250 221.371971
0.016375 214.658407
0.016500 206.664550
0.016625 197.257906
0.016750 186.222532
0.016875 173.652839
0.017000 159.930225
0.017125 145.232235
0.017250 129.737738
0.017375 113.693798
0.017500 97.717290
0.017625 80.906074
0.017750 64.230608
0.017875 49.675357
0.018000 39.873150
0.018125 41.421758
0.018250 54.617750
0.018375 73.144555
0.018500 92.464571
0.018625 110.893401
0.018750 127.900912
0.018875 143.628034
0.019000 158.319055
0.019125 172.115236
0.019250 185.127796
0.019375 197.192836
0.019500 207.964527
0.019625 217.030827
0.019750 224.428222
0.019875 230.340321
0.020000 234.720438
0.020125 237.212891
0.020250 237.941355
0.020375 237.200663
0.020500 235.083026
0.020625 231.625185
0.020750 226.705635
0.020875 220.430073
0.021000 212.863183
0.021125 203.885757
0.021250 193.231361
0.021375 181.136505
0.021500 167.815837
0.021625 153.528885
0.021750 138.924274
0.021875 124.269501
0.022000 109.056662
0.022125 93.582682
0.022250 79.107022
0.022375 66.837720
0.022500 59.199955
0.022625 59.378327
0.022750 68.436614
0.022875 83.157201
0.023000 100.204428
0.023125 117.461830
0.023250 133.884719
0.023375 149.235985
0.023500 163.559462
0.023625 176.948887
0.023750 189.558129
0.023875 201.255159
0.024000 211.708613
0.024125 220.564232
0.024250 227.834740
0.024375 233.568615
0.024500 237.734318
0.024625 240.125260
0.024750 240.811586
0.024875 240.072334
0.025000 237.919622
0.025125 234.362403
0.025250 229.393917
0.025375 223.066525
0.025500 215.407202
0.025625 206.385259
0.025750 195.869465
0.025875 183.860032
0.026000 170.749041
0.026125 157.053515
0.026250 143.084977
0.026375 128.599386
0.026500 113.648291
0.026625 98.969180
0.026750 85.357371
0.026875 73.539560
0.027000 65.769762
0.027125 64.446673
0.027250 71.076725
0.027375 83.394924
0.027500 98.896630
0.027625 115.236753
0.027750 131.244039
0.027875 146.362155
0.028000 160.446280
0.028125 173.606032
0.028250 185.903128
0.028375 197.252068
0.028500 207.409623
0.028625 216.126003
0.028750 223.322073
0.028875 228.892813
0.029000 232.834287
0.029125 235.128121
0.029250 235.858105
0.029375 235.117427
0.029500 232.898769
0.029625 229.231770
0.029750 224.200144
0.029875 217.771241
0.030000 210.143947
0.030125 201.153463
0.030250 190.612158
0.030375 178.771070
0.030500 166.281952
0.030625 153.096249
0.030750 138.984392
0.030875 124.195060
0.031000 109.330740
0.031125 95.049356
0.031250 81.661587
0.031375 69.222756
0.031500 60.223282
0.031625 57.247051
0.031750 62.515723
0.031875 73.875576
0.032000 88.883974
0.032125 104.995291
0.032250 121.023246
0.032375 136.329517
0.032500 150.704454
0.032625 164.017721
0.032750 176.398939
0.032875 187.763892
0.033000 197.974098
0.033125 206.888881
0.033250 214.220113
0.033375 220.039264
0.033500 224.343645
0.033625 227.106743
0.033750 228.308114
0.033875 227.993530
0.034000 226.202320
0.034125 222.992959
0.034250 218.525945
0.034375 212.676278
0.034500 205.582699
0.034625 197.190048
0.034750 187.511616
0.034875 177.145500
0.035000 165.766000
0.035125 153.223046
0.035250 139.684058
0.035375 125.884615
0.035500 112.211060
0.035625 99.372433
0.035750 87.244674
0.035875 76.019815
0.036000 68.103445
0.036125 65.336979
0.036250 69.497185
0.036375 79.563074
0.036500 93.097056
0.036625 108.466564
0.036750 124.097011
0.036875 139.314457
0.037000 153.780542
0.037125 167.283563
0.037250 179.875493
0.037375 191.482734
0.037500 201.975861
0.037625 211.062692
0.037750 218.651549
0.037875 224.724483
0.038000 229.256941
0.038125 232.294288
0.038250 233.781952
0.038375 233.668230
0.038500 232.068485
0.038625 229.036600
0.038750 224.718330
0.038875 219.051094
0.039000 212.119537
0.039125 204.306408
0.039250 195.586425
0.039375 185.587408
0.039500 174.350135
0.039625 162.031197
0.039750 149.050309
0.039875 136.011318
0.040000 123.309464
0.040125 111.311656
0.040250 99.981706
0.040375 89.733828
0.040500 82.505325
0.040625 79.482276
0.040750 82.014622
0.040875 89.826871
0.041000 101.012040
0.041125 114.407696
0.041250 128.604062
0.041375 142.699513
0.041500 156.363533
0.041625 169.387774
0.041750 181.571223
0.041875 192.837066
0.042000 202.969309
0.042125 211.815107
0.042250 219.208413
0.042375 225.128508
0.042500 229.568204
0.042625 232.564716
0.042750 233.963891
0.042875 233.794194
0.043000 232.162498
0.043125 229.116854
0.043250 224.751285
0.043375 219.146168
0.043500 212.694990
0.043625 205.359439
0.043750 196.801734
0.043875 186.783993
0.044000 175.499988
0.044125 163.256881
0.044250 150.577146
0.044375 137.836712
0.044500 125.584876
0.044625 113.900030
0.044750 102.456038
0.044875 91.968820
0.045000 84.248031
0.045125 80.235068
0.045250 81.254553
0.045375 87.616384
0.045500 97.529383
0.045625 109.799250
0.045750 123.199488
0.045875 136.728816
0.046000 150.007704
0.046125 162.769707
0.046250 174.850916
0.046375 185.958745
0.046500 195.992221
0.046625 204.722239
0.046750 212.010041
0.046875 217.831635
0.047000 222.207914
0.047125 225.125696
0.047250 226.499938
0.047375 226.378573
0.047500 224.725273
0.047625 221.732201
0.047750 217.528824
0.047875 212.543007
0.048000 206.577924
0.048125 199.377834
0.048250 190.775054
0.048375 180.772612
0.048500 169.578529
0.048625 157.595599
0.048750 145.122852
0.048875 132.564275
0.049000 121.002387
0.049125 109.736846
0.049250 97.938381
0.049375 86.921445
0.049500 78.918385
0.049625 74.210882
0.049750 74.146452
0.049875 80.035688
0.050000 89.535005
0.050125 101.188172
0.050250 114.541199
0.050375 128.157912
0.050500 141.475762
0.050625 154.471669
0.050750 166.886028
0.050875 178.464280
0.051000 188.863536
0.051125 198.048507
0.051250 205.809149
0.051375 212.135181
0.051500 217.025873
0.051625 220.483232
0.051750 222.458938
0.051875 222.973827
0.052000 222.036897
0.052125 219.939764
0.052250 217.071135
0.052375 213.034635
0.052500 207.719650
0.052625 201.098462
0.052750 193.144052
0.052875 183.842731
0.053000 173.543213
0.053125 162.580604
0.053250 151.126347
0.053375 139.982455
0.053500 129.613001
0.053625 119.137880
0.053750 108.343612
0.053875 98.521778
0.054000 91.214725
0.054125 87.100209
0.054250 86.896154
0.054375 91.489695
0.054500 99.764668
0.054625 110.241611
0.054750 122.330885
0.054875 135.076575
0.055000 147.742538
0.055125 160.109017
0.055250 172.065800
0.055375 183.235498
0.055500 193.516071
0.055625 202.495095
0.055750 210.139457
0.055875 216.401574
0.056000 221.275292
0.056125 224.748332
0.056250 226.833711
0.056375 227.491882
0.056500 226.985133
0.056625 225.480252
0.056750 222.917993
0.056875 218.956791
0.057000 213.645033
0.057125 207.065352
0.057250 199.214565
0.057375 190.178605
0.057500 180.254925
0.057625 169.653831
0.057750 158.843425
0.057875 148.487670
0.058000 138.494308
0.058125 128.192557
0.058250 117.759983
0.058375 108.344128
0.058500 101.126230
0.058625 96.603538
0.058750 95.461471
0.058875 98.613459
0.059000 105.376461
0.059125 114.449621
0.059250 125.072007
0.059375 136.692779
0.059500 148.462961
0.059625 160.081232
0.059750 171.354614
0.059875 182.003912
0.060000 191.824192
0.060125 200.502567
0.060250 207.902460
0.060375 213.990679
0.060500 218.805034
0.060625 222.273278
0.060750 224.414127
0.060875 225.405463
0.061000 225.286434
0.061125 223.990728
0.061250 221.350408
0.061375 217.340246
0.061500 211.968343
0.061625 205.354821
0.061750 197.514471
0.061875 188.682455
0.062000 178.920450
0.062125 168.448818
0.062250 158.070604
0.062375 148.120269
