0.000000 0.000000
0.000125 29.062169
0.000250 53.540653
0.000375 77.501303
0.000500 100.498580
0.000625 122.081375
0.000750 141.886478
0.000875 159.435943
0.001000 174.777303
0.001125 188.050090
0.001250 199.242785
0.001375 208.599052
0.001500 216.450089
0.001625 222.796762
0.001750 227.550896
0.001875 231.346037
0.002000 234.120276
0.002125 235.873825
0.002250 236.602944
0.002375 236.220143
0.002500 234.808995
0.002625 232.357192
0.002750 228.965066
0.002875 224.493996
0.003000 218.464221
0.003125 210.945427
0.003250 201.920362
0.003375 190.941792
0.003500 177.897814
0.003625 162.789918
0.003750 145.442483
0.003875 126.116511
0.004000 105.251085
0.004125 83.438537
0.004250 61.678742
0.004375 42.297756
0.004500 35.063925
0.004625 48.554800
0.004750 69.240772
0.004875 91.291626
0.005000 113.075216
0.005125 133.821135
0.005250 152.923712
0.005375 169.973323
0.005500 184.903380
0.005625 197.782557
0.005750 208.596635
0.005875 217.606118
0.006000 225.205507
0.006125 231.247691
0.006250 235.657231
0.006375 239.120238
0.006500 241.518975
0.006625 242.895172
0.006750 243.209318
0.006875 242.464422
0.007000 240.676153
0.007125 237.886204
0.007250 234.133770
0.007375 229.193688
0.007500 222.712285
0.007625 214.759452
0.007750 205.240917
0.007875 193.781211
0.008000 180.310708
0.008125 164.814435
0.008250 147.260356
0.008375 127.924099
0.008500 107.329512
0.008625 86.276157
0.008750 65.970570
0.008875 49.805578
0.009000 46.548970
0.009125 59.201981
0.009250 78.239695
0.009375 98.767701
0.009500 119.285482
0.009625 138.938628
0.009750 157.089139
0.009875 173.320477
0.010000 187.577730
0.010125 199.861565
0.010250 210.194703
0.010375 218.877904
0.010500 226.072592
0.010625 231.679611
0.010750 235.811100
0.010875 238.907998
0.011000 240.947943
0.011125 241.927893
0.011250 241.817118
0.011375 240.608294
0.011500 238.382834
0.011625 235.168450
0.011750 230.953393
0.011875 225.534903
0.012000 218.631321
0.012125 210.168293
0.012250 200.106619
0.012375 188.066109
0.012500 173.976929
0.012625 157.819686
0.012750 139.503606
0.012875 119.333162
0.013000 97.823505
0.013125 75.610124
0.013250 54.349408
0.013375 38.904705
0.013500 38.229724
0.013625 53.070319
0.013750 73.888815
0.013875 95.341247
0.014000 116.062402
0.014125 135.461701
0.014250 153.114127
0.014375 168.752665
0.014500 182.407887
0.014625 194.162820
0.014750 204.096602
0.014875 212.354387
0.015000 219.110160
0.015125 224.392515
0.015250 228.323084
0.015375 231.173654
0.015500 232.984519
0.015625 233.763169
0.015750 233.414356
0.015875 232.032164
0.016000 229.596634
0.016125 226.166010
0.016250 221.692215
0.016375 216.041933
0.016500 208.926884
0.016625 200.248479
0.016750 190.016470
0.016875 177.900278
0.017000 163.745914
0.017125 147.557916
0.017250 129.222267
0.017375 109.117701
0.017500 87.657792
0.017625 65.564904
0.017750 45.536212
0.017875 32.430830
0.018000 35.896875
0.018125 52.968380
0.018250 75.002442
0.018375 97.095270
0.018500 118.103456
0.018625 137.574899
0.018750 155.227359
0.018875 170.900030
0.019000 184.633364
0.019125 196.452777
0.019250 206.569219
0.019375 215.084144
0.019500 222.053740
0.019625 227.586226
0.019750 231.882015
0.019875 235.103844
0.020000 237.234994
0.020125 238.272630
0.020250 238.224653
0.020375 237.118298
0.020500 235.014102
0.020625 231.824775
0.020750 227.534259
0.020875 221.999486
0.021000 214.974538
0.021125 206.293510
0.021250 195.823299
0.021375 183.452116
0.021500 169.111526
0.021625 152.756945
0.021750 134.562818
0.021875 114.894684
0.022000 94.717786
0.022125 75.616768
0.022250 60.334555
0.022375 52.887600
0.022500 57.197535
0.022625 71.071585
0.022750 89.948374
0.022875 110.092578
0.023000 129.766643
0.023125 148.167045
0.023250 164.918394
0.023375 179.857327
0.023500 192.943843
0.023625 204.242474
0.023750 213.783467
0.023875 221.785586
0.024000 228.321125
0.024125 233.432107
0.024250 237.308700
0.024375 240.083058
0.024500 241.818975
0.024625 242.474372
0.024750 242.080962
0.024875 240.647729
0.025000 238.172783
0.025125 234.610844
0.025250 229.926667
0.025375 223.929990
0.025500 216.435984
0.025625 207.243844
0.025750 196.292177
0.025875 183.420310
0.026000 168.659845
0.026125 151.960421
0.026250 133.519404
0.026375 113.947291
0.026500 94.438676
0.026625 76.845233
0.026750 63.403467
0.026875 57.859687
0.027000 62.958248
0.027125 76.127854
0.027250 94.130453
0.027375 113.663949
0.027500 132.742710
0.027625 150.444919
0.027750 166.536575
0.027875 180.859148
0.028000 193.337782
0.028125 203.984034
0.028250 212.969012
0.028375 220.481437
0.028500 226.484688
0.028625 231.098442
0.028750 234.562314
0.028875 236.918595
0.029000 238.227760
0.029125 238.472849
0.029250 237.658110
0.029375 235.786671
0.029500 232.910129
0.029625 228.941702
0.029750 223.796596
0.029875 217.350899
0.030000 209.361382
0.030125 199.678151
0.030250 188.128094
0.030375 174.680714
0.030500 159.337155
0.030625 141.995857
0.030750 122.841280
0.030875 102.670123
0.031000 83.045559
0.031125 65.151688
0.031250 51.617327
0.031375 47.460085
0.031500 54.466622
0.031625 68.924139
0.031750 88.068326
0.031875 108.279772
0.032000 127.499839
0.032125 145.113125
0.032250 160.921275
0.032375 174.883155
0.032500 186.980629
0.032625 197.297998
0.032750 206.016730
0.032875 213.205618
0.033000 218.952793
0.033125 223.419351
0.033250 226.743208
0.033375 229.062760
0.033500 230.472561
0.033625 230.841331
0.033750 230.173966
0.033875 228.454612
0.034000 225.744334
0.034125 221.972504
0.034250 216.982299
0.034375 210.668034
0.034500 202.769920
0.034625 193.215176
0.034750 181.823232
0.034875 168.587161
0.035000 153.419078
0.035125 136.383680
0.035250 117.833487
0.035375 99.088178
0.035500 81.341806
0.035625 65.565535
0.035750 55.173467
0.035875 54.182689
0.036000 62.517373
0.036125 77.032835
0.036250 95.574643
0.036375 115.469549
0.036500 134.599875
0.036625 152.148393
0.036750 168.019406
0.036875 182.011584
0.037000 194.213480
0.037125 204.634736
0.037250 213.465020
0.037375 220.746013
0.037500 226.557958
0.037625 231.113253
0.037750 234.532812
0.037875 236.793818
0.038000 238.025257
0.038125 238.223087
0.038250 237.370021
0.038375 235.434326
0.038500 232.517725
0.038625 228.527087
0.038750 223.255767
0.038875 216.565378
0.039000 208.309548
0.039125 198.368572
0.039250 186.664552
0.039375 173.124790
0.039500 157.799845
0.039625 140.961297
0.039750 123.485647
0.039875 106.447383
0.040000 90.704075
0.040125 77.643902
0.040250 70.139432
0.040375 70.533203
0.040500 78.323197
0.040625 91.196215
0.040750 107.621755
0.040875 125.694438
0.041000 143.493494
0.041125 160.097664
0.041250 175.162878
0.041375 188.510905
0.041500 200.176629
0.041625 210.102706
0.041750 218.430148
0.041875 225.261863
0.042000 230.596765
0.042125 234.696976
0.042250 237.667628
0.042375 239.497849
0.042500 240.290653
0.042625 240.016264
0.042750 238.685476
0.042875 236.353621
0.043000 232.964652
0.043125 228.445912
0.043250 222.668216
0.043375 215.434378
0.043500 206.652237
0.043625 196.207462
0.043750 184.016482
0.043875 169.999742
0.044000 154.301379
0.044125 137.514439
0.044250 120.415442
0.044375 103.797482
0.044500 88.420452
0.044625 76.160433
0.044750 69.642456
0.044875 70.949619
0.045000 78.967158
0.045125 91.617618
0.045250 107.576287
0.045375 125.251883
0.045500 142.725619
0.045625 158.965734
0.045750 173.626273
0.045875 186.565758
0.046000 197.725036
0.046125 207.176856
0.046250 215.081391
0.046375 221.451113
0.046500 226.385659
0.046625 230.071493
0.046750 232.627199
0.046875 234.081938
0.047000 234.474714
0.047125 233.819088
0.047250 232.087756
0.047375 229.327046
0.047500 225.507740
0.047625 220.527280
0.047750 214.260534
0.047875 206.530145
0.048000 197.235675
0.048125 186.265762
0.048250 173.486466
0.048375 158.921099
0.048500 142.799384
0.048625 125.960203
0.048750 109.071433
0.048875 92.369578
0.049000 76.538001
0.049125 64.266971
0.049250 58.985376
0.049375 62.004351
0.049500 71.320683
0.049625 84.757302
0.049750 101.052297
0.049875 119.296752
0.050000 137.065439
0.050125 153.594068
0.050250 168.359843
0.050375 181.337297
0.050500 192.580082
0.050625 202.178587
0.050750 210.229906
0.050875 216.818906
0.051000 221.995196
0.051125 225.924552
0.051250 228.724141
0.051375 230.483410
0.051500 231.129640
0.051625 230.695898
0.051750 229.260262
0.051875 226.784184
0.052000 223.211123
0.052125 218.426586
0.052250 212.369168
0.052375 204.828966
0.052500 195.725762
0.052625 184.981273
0.052750 172.479646
0.052875 158.403302
0.053000 143.236697
0.053125 127.799138
0.053250 112.331128
0.053375 97.138713
0.053500 83.719443
0.053625 74.492586
0.053750 71.831684
0.053875 75.915054
0.054000 85.339340
0.054125 98.229027
0.054250 113.638680
0.054375 130.725587
0.054500 147.690207
0.054625 163.626455
0.054750 177.934809
0.054875 190.632066
0.055000 201.619920
0.055125 210.965721
0.055250 218.803829
0.055375 225.148980
0.055500 230.101162
0.055625 233.740211
0.055750 236.241640
0.055875 237.677110
0.056000 237.999224
0.056125 237.223003
0.056250 235.416108
0.056375 232.534200
0.056500 228.551204
0.056625 223.361382
0.056750 216.868301
0.056875 208.868751
0.057000 199.371369
0.057125 188.311443
0.057250 175.650786
0.057375 161.828258
0.057500 147.279068
0.057625 132.608640
0.057750 117.988245
0.057875 103.992515
0.058000 92.161623
0.058125 84.646786
0.058250 83.016415
0.058375 87.316817
0.058500 96.038549
0.058625 107.829493
0.058750 121.943264
0.058875 137.638650
0.059000 153.472375
0.059125 168.535360
0.059250 182.181140
0.059375 194.300841
0.059500 204.769121
0.059625 213.629067
0.059750 220.987356
0.059875 226.896906
0.060000 231.413551
0.060125 234.641291
0.060250 236.738407
0.060375 237.788184
0.060500 237.651108
0.060625 236.488628
0.060750 234.218908
0.060875 230.880530
0.061000 226.365302
0.061125 220.613454
0.061250 213.530636
0.061375 205.002655
0.061500 194.946604
0.061625 183.330398
0.061750 170.391725
0.061875 156.465077
0.062000 142.009735
0.062125 127.241754
0.062250 112.371619
0.062375 98.197967
