0.000000 0.000000
0.000125 29.968147
0.000250 53.455101
0.000375 75.339332
0.000500 94.276681
0.000625 109.918275
0.000750 122.410548
0.000875 132.113011
0.001000 139.431968
0.001125 145.330947
0.001250 150.853420
0.001375 156.765614
0.001500 163.528212
0.001625 170.530960
0.001750 177.093591
0.001875 182.800387
0.002000 187.456199
0.002125 191.391314
0.002250 195.367367
0.002375 199.269982
0.002500 202.774765
0.002625 205.766469
0.002750 208.617955
0.002875 211.936210
0.003000 215.924354
0.003125 220.599701
0.003250 225.770851
0.003375 230.504788
0.003500 233.801429
0.003625 235.132690
0.003750 234.753902
0.003875 233.049856
0.004000 230.991802
0.004125 229.939147
0.004250 231.344437
0.004375 235.076332
0.004500 241.095431
0.004625 249.394108
0.004750 259.226845
0.004875 269.305601
0.005000 278.463248
0.005125 286.018908
0.005250 292.043258
0.005375 296.752979
0.005500 300.309539
0.005625 303.044046
0.005750 305.393946
0.005875 307.594685
0.006000 309.872512
0.006125 312.390615
0.006250 315.077868
0.006375 317.728224
0.006500 320.071394
0.006625 322.004848
0.006750 323.577079
0.006875 324.934561
0.007000 326.204982
0.007125 327.530028
0.007250 329.057068
0.007375 330.714442
0.007500 332.205266
0.007625 333.225048
0.007750 333.669484
0.007875 333.043812
0.008000 330.882266
0.008125 327.438861
0.008250 323.195304
0.008375 318.436731
0.008500 313.914592
0.008625 310.677586
0.008750 309.335838
0.008875 310.102645
0.009000 312.745826
0.009125 316.392041
0.009250 320.136830
0.009375 323.370049
0.009500 325.598754
0.009625 326.412392
0.009750 326.015739
0.009875 324.754112
0.010000 322.798892
0.010125 320.412462
0.010250 317.879215
0.010375 315.467924
0.010500 313.235635
0.010625 311.045958
0.010750 308.742575
0.010875 306.089581
0.011000 303.080053
0.011125 299.700663
0.011250 296.153209
0.011375 292.719041
0.011500 289.541602
0.011625 286.593867
0.011750 283.627112
0.011875 280.427492
0.012000 276.775779
0.012125 272.216976
0.012250 266.351150
0.012375 258.775037
0.012500 249.442473
0.012625 238.729996
0.012750 227.295403
0.012875 216.379627
0.013000 207.412049
0.013125 201.116752
0.013250 197.443042
0.013375 196.743699
0.013500 198.350622
0.013625 200.707243
0.013750 202.401911
0.013875 202.591924
0.014000 200.915114
0.014125 197.336460
0.014250 192.779001
0.014375 188.410313
0.014500 184.948221
0.014625 182.433370
0.014750 180.578248
0.014875 178.804017
0.015000 176.627290
0.015125 173.830372
0.015250 170.537693
0.015375 166.694290
0.015500 162.115893
0.015625 156.744071
0.015750 150.693121
0.015875 144.120543
0.016000 137.481243
0.016125 131.135247
0.016250 125.447967
0.016375 120.261370
0.016500 114.919323
0.016625 109.043141
0.016750 102.675284
0.016875 95.155548
0.017000 85.724633
0.017125 74.505950
0.017250 63.027119
0.017375 56.125657
0.017500 59.130324
0.017625 72.310250
0.017750 90.617517
0.017875 109.479135
0.018000 126.611648
0.018125 141.244549
0.018250 153.220616
0.018375 162.545456
0.018500 169.705642
0.018625 175.555959
0.018750 180.988866
0.018875 186.802572
0.019000 193.028912
0.019125 199.190159
0.019250 204.942058
0.019375 209.990247
0.019500 214.393223
0.019625 218.676695
0.019750 222.756082
0.019875 226.544084
0.020000 230.151015
0.020125 234.013652
0.020250 238.193456
0.020375 242.688659
0.020500 247.451255
0.020625 252.175916
0.020750 256.555276
0.020875 260.080347
0.021000 262.236226
0.021125 262.950818
0.021250 262.492673
0.021375 261.280353
0.021500 260.142042
0.021625 259.948356
0.021750 261.559702
0.021875 265.090366
0.022000 270.580640
0.022125 277.578730
0.022250 285.508653
0.022375 293.493911
0.022500 300.708208
0.022625 306.754917
0.022750 311.452179
0.022875 315.047255
0.023000 317.690339
0.023125 319.645036
0.023250 321.233926
0.023375 322.769067
0.023500 324.402647
0.023625 326.188965
0.023750 327.923959
0.023875 329.461153
0.024000 330.746470
0.024125 331.722602
0.024250 332.489558
0.024375 333.109461
0.024500 333.702431
0.024625 334.346245
0.024750 334.945756
0.024875 335.425406
0.025000 335.632713
0.025125 335.270811
0.025250 334.085148
0.025375 331.812406
0.025500 328.373869
0.025625 323.953282
0.025750 318.998078
0.025875 313.938521
0.026000 309.382181
0.026125 305.914841
0.026250 304.134920
0.026375 304.246416
0.026500 305.884180
0.026625 308.267183
0.026750 310.741019
0.026875 312.722658
0.027000 313.751946
0.027125 313.625673
0.027250 312.520750
0.027375 310.506651
0.027500 307.734665
0.027625 304.487755
0.027750 301.047733
0.027875 297.622977
0.028000 294.298326
0.028125 290.996232
0.028250 287.648659
0.028375 284.014458
0.028500 280.178725
0.028625 276.144774
0.028750 272.068466
0.028875 268.105787
0.029000 264.259609
0.029125 260.470101
0.029250 256.537870
0.029375 252.225955
0.029500 247.282742
0.029625 241.384336
0.029750 234.171952
0.029875 225.404254
0.030000 214.981693
0.030125 203.428442
0.030250 191.531029
0.030375 180.221912
0.030500 170.803104
0.030625 164.148377
0.030750 160.699952
0.030875 160.176943
0.031000 161.947358
0.031125 164.624538
0.031250 166.841665
0.031375 167.747144
0.031500 167.051857
0.031625 165.064611
0.031750 162.380037
0.031875 159.784577
0.032000 157.676234
0.032125 156.060095
0.032250 154.824308
0.032375 153.547497
0.032500 151.913565
0.032625 149.801674
0.032750 147.017065
0.032875 143.400265
0.033000 138.907401
0.033125 133.921233
0.033250 129.208369
0.033375 125.853311
0.033500 124.393916
0.033625 124.067787
0.033750 124.327067
0.033875 124.675524
0.034000 124.633339
0.034125 123.644839
0.034250 121.111763
0.034375 116.955490
0.034500 111.832984
0.034625 107.102167
0.034750 104.301561
0.034875 105.218544
0.035000 111.011162
0.035125 121.068380
0.035250 134.144094
0.035375 148.617133
0.035500 162.709895
0.035625 175.458022
0.035750 186.335925
0.035875 195.279901
0.036000 202.487152
0.036125 208.454304
0.036250 213.907490
0.036375 219.198672
0.036500 224.366687
0.036625 229.289944
0.036750 233.912218
0.036875 238.205694
0.037000 242.413861
0.037125 246.549168
0.037250 250.544635
0.037375 254.412633
0.037500 258.357406
0.037625 262.476511
0.037750 266.746510
0.037875 271.035177
0.038000 275.184705
0.038125 278.982883
0.038250 282.239164
0.038375 284.542766
0.038500 285.864922
0.038625 286.214184
0.038750 285.892145
0.038875 285.173695
0.039000 284.596449
0.039125 284.855666
0.039250 286.249100
0.039375 289.030081
0.039500 293.116726
0.039625 298.400239
0.039750 304.381738
0.039875 310.406417
0.040000 315.964947
0.040125 320.633186
0.040250 324.287891
0.040375 326.973843
0.040500 328.888322
0.040625 330.275406
0.040750 331.305962
0.040875 332.265940
0.041000 333.183750
0.041125 334.064378
0.041250 334.745931
0.041375 335.227509
0.041500 335.556551
0.041625 335.674347
0.041750 335.557266
0.041875 335.199515
0.042000 334.713843
0.042125 334.122110
0.042250 333.419417
0.042375 332.502485
0.042500 331.242751
0.042625 329.457649
0.042750 326.979634
0.042875 323.655016
0.043000 319.559300
0.043125 314.823397
0.043250 309.694479
0.043375 304.609974
0.043500 299.968319
0.043625 296.282336
0.043750 293.862018
0.043875 292.861361
0.044000 292.962111
0.044125 293.694689
0.044250 294.746603
0.044375 295.468681
0.044500 295.430240
0.044625 294.491944
0.044750 292.607887
0.044875 289.816256
0.045000 286.363274
0.045125 282.479588
0.045250 278.437287
0.045375 274.328039
0.045500 270.201554
0.045625 266.032770
0.045750 261.922275
0.045875 257.786637
0.046000 253.471189
0.046125 248.951631
0.046250 244.393515
0.046375 239.805398
0.046500 235.166246
0.046625 230.293148
0.046750 225.099717
0.046875 219.425404
0.047000 213.127601
0.047125 206.017951
0.047250 197.765093
0.047375 188.203502
0.047500 177.451804
0.047625 165.788450
0.047750 153.953431
0.047875 142.861371
0.048000 133.342615
0.048125 126.442784
0.048250 122.867361
0.048375 122.626972
0.048500 124.994176
0.048625 128.638394
0.048750 132.156390
0.048875 134.759113
0.049000 136.121815
0.049125 136.369908
0.049250 135.822420
0.049375 134.891467
0.049500 133.825403
0.049625 132.931487
0.049750 132.372181
0.049875 132.240866
0.050000 132.999036
0.050125 135.170042
0.050250 137.824360
0.050375 140.184787
0.050500 142.008758
0.050625 143.340343
0.050750 144.475277
0.050875 145.371224
0.051000 146.097177
0.051125 146.840407
0.051250 147.734445
0.051375 148.813872
0.051500 149.798530
0.051625 150.278402
0.051750 150.006155
0.051875 149.259696
0.052000 148.492407
0.052125 148.255306
0.052250 149.462497
0.052375 152.872795
0.052500 158.941356
0.052625 167.353975
0.052750 177.515236
0.052875 188.607627
0.053000 199.783816
0.053125 210.301162
0.053250 219.724906
0.053375 227.893330
0.053500 234.774304
0.053625 240.517409
0.053750 245.532860
0.053875 250.045995
0.054000 254.279102
0.054125 258.305204
0.054250 262.122358
0.054375 265.952284
0.054500 269.767243
0.054625 273.594414
0.054750 277.355520
0.054875 280.983726
0.055000 284.558426
0.055125 288.071409
0.055250 291.496593
0.055375 294.850863
0.055500 297.969129
0.055625 300.627230
0.055750 302.635698
0.055875 303.977333
0.056000 304.659259
0.056125 304.685183
0.056250 304.269197
0.056375 303.675420
0.056500 303.325687
0.056625 303.402371
0.056750 304.208296
0.056875 305.875719
0.057000 308.657565
0.057125 312.342789
0.057250 316.553000
0.057375 320.914546
0.057500 325.007879
0.057625 328.537119
0.057750 331.310609
0.057875 333.302213
0.058000 334.619464
0.058125 335.397790
0.058250 335.750884
0.058375 335.785143
0.058500 335.544666
0.058625 335.124623
0.058750 334.585154
0.058875 333.975565
0.059000 333.235315
0.059125 332.319386
0.059250 331.232465
0.059375 329.997721
0.059500 328.512161
0.059625 326.896260
0.059750 325.060371
0.059875 323.038484
0.060000 320.664438
0.060125 317.790340
0.060250 314.331614
0.060375 310.239944
0.060500 305.622892
0.060625 300.616759
0.060750 295.291817
0.060875 289.905031
0.061000 284.826580
0.061125 280.533641
0.061250 277.174354
0.061375 274.777913
0.061500 273.314769
0.061625 272.603154
0.061750 272.284847
0.061875 271.843466
0.062000 270.997449
0.062125 269.430504
0.062250 267.036585
0.062375 263.885142
