0.000000 0.000000
0.000125 35.582112
0.000250 64.689037
0.000375 89.945107
0.000500 110.119221
0.000625 125.359106
0.000750 136.951577
0.000875 144.508360
0.001000 148.129778
0.001125 152.182109
0.001250 159.756512
0.001375 169.934249
0.001500 181.194319
0.001625 192.007890
0.001750 201.571061
0.001875 209.745658
0.002000 215.760940
0.002125 218.183405
0.002250 218.216300
0.002375 215.614199
0.002500 209.560735
0.002625 201.649648
0.002750 192.400193
0.002875 182.277416
0.003000 172.041387
0.003125 163.138531
0.003250 157.001072
0.003375 153.772100
0.003500 150.001437
0.003625 142.102728
0.003750 130.151200
0.003875 114.651203
0.004000 94.584708
0.004125 70.858463
0.004250 48.383437
0.004375 40.182618
0.004500 57.856245
0.004625 83.039275
0.004750 105.845664
0.004875 124.083616
0.005000 137.776026
0.005125 148.425669
0.005250 155.924080
0.005375 160.258077
0.005500 164.792204
0.005625 172.070390
0.005750 181.942803
0.005875 192.696138
0.006000 202.832629
0.006125 211.655724
0.006250 218.972214
0.006375 223.934622
0.006500 225.630705
0.006625 224.796477
0.006750 221.285411
0.006875 214.827733
0.007000 206.658205
0.007125 197.317833
0.007250 187.428593
0.007375 177.603180
0.007500 169.060905
0.007625 163.051378
0.007750 158.882970
0.007875 153.572627
0.008000 144.485202
0.008125 131.533439
0.008250 115.921895
0.008375 97.902511
0.008500 77.880272
0.008625 60.836052
0.008750 56.580291
0.008875 70.355729
0.009000 92.069636
0.009125 112.540958
0.009250 129.066333
0.009375 141.923297
0.009500 152.193684
0.009625 159.570824
0.009750 164.325297
0.009875 168.977607
0.010000 175.849518
0.010125 185.024820
0.010250 194.983961
0.010375 204.247177
0.010500 212.156786
0.010625 218.386112
0.010750 222.333985
0.010875 223.326304
0.011000 221.657970
0.011125 217.542540
0.011250 211.001203
0.011375 202.817012
0.011500 193.457490
0.011625 183.489112
0.011750 173.537788
0.011875 164.553348
0.012000 157.492601
0.012125 151.727470
0.012250 144.822397
0.012375 135.548821
0.012500 123.546491
0.012625 108.729874
0.012750 90.952486
0.012875 71.912832
0.013000 57.018624
0.013125 52.697951
0.013250 64.804129
0.013375 85.429151
0.013500 105.658274
0.013625 122.544191
0.013750 135.737061
0.013875 146.009560
0.014000 153.424170
0.014125 158.400352
0.014250 163.141375
0.014375 169.771798
0.014500 178.215251
0.014625 187.269682
0.014750 195.682847
0.014875 202.793781
0.015000 208.143671
0.015125 211.412519
0.015250 212.060471
0.015375 210.056389
0.015500 205.749060
0.015625 199.187656
0.015750 190.985322
0.015875 181.566559
0.016000 171.497969
0.016125 161.343750
0.016250 152.012638
0.016375 144.340605
0.016500 138.793165
0.016625 132.862738
0.016750 124.572856
0.016875 113.235953
0.017000 98.650308
0.017125 81.595744
0.017250 64.917754
0.017375 52.991552
0.017500 48.717480
0.017625 60.490132
0.017750 80.563109
0.017875 101.520703
0.018000 119.210328
0.018125 133.165957
0.018250 144.045516
0.018375 152.226037
0.018500 158.263605
0.018625 163.694504
0.018750 170.519750
0.018875 178.902679
0.019000 187.879583
0.019125 196.355518
0.019250 203.515752
0.019375 209.004494
0.019500 212.682028
0.019625 213.880624
0.019750 212.377557
0.019875 208.508495
0.020000 202.401789
0.020125 194.487741
0.020250 185.385912
0.020375 175.623048
0.020500 166.309380
0.020625 158.822658
0.020750 152.988944
0.020875 147.927748
0.021000 142.169610
0.021125 134.025017
0.021250 122.804504
0.021375 109.307942
0.021500 95.152501
0.021625 82.599023
0.021750 74.074135
0.021875 72.365410
0.022000 81.490480
0.022125 97.464114
0.022250 115.295230
0.022375 131.345217
0.022500 144.323192
0.022625 154.684525
0.022750 162.678731
0.022875 168.662973
0.023000 173.968821
0.023125 179.996557
0.023250 187.331992
0.023375 195.280912
0.023500 202.981041
0.023625 209.565249
0.023750 214.483978
0.023875 217.615418
0.024000 218.172582
0.024125 216.130467
0.024250 211.632654
0.024375 204.930567
0.024500 196.712060
0.024625 188.020900
0.024750 179.513334
0.024875 171.642946
0.025000 164.530900
0.025125 158.346543
0.025250 152.606458
0.025375 145.972661
0.025500 137.112307
0.025625 125.942780
0.025750 113.769736
0.025875 101.863940
0.026000 91.682598
0.026125 84.447554
0.026250 82.698969
0.026375 89.783232
0.026500 103.114587
0.026625 118.597666
0.026750 133.286050
0.026875 145.535722
0.027000 155.469693
0.027125 163.212705
0.027250 168.932083
0.027375 173.971618
0.027500 179.581045
0.027625 186.173852
0.027750 193.413007
0.027875 200.422255
0.028000 206.295415
0.028125 210.474974
0.028250 212.638345
0.028375 212.311630
0.028500 209.477568
0.028625 204.500431
0.028750 198.073879
0.028875 190.996037
0.029000 183.477911
0.029125 175.575306
0.029250 167.682830
0.029375 160.056223
0.029500 153.009952
0.029625 146.190844
0.029750 138.514078
0.029875 128.951872
0.030000 118.257643
0.030125 107.006011
0.030250 96.562103
0.030375 87.277696
0.030500 79.664965
0.030625 76.507800
0.030750 82.628730
0.030875 94.654040
0.031000 108.853412
0.031125 123.145190
0.031250 135.618183
0.031375 145.814959
0.031500 153.748475
0.031625 159.699185
0.031750 164.769562
0.031875 170.225270
0.032000 176.462037
0.032125 183.140065
0.032250 189.414513
0.032375 194.495689
0.032500 197.915038
0.032625 199.373545
0.032750 198.613234
0.032875 196.483963
0.033000 192.775613
0.033125 187.540028
0.033250 181.230605
0.033375 174.317568
0.033500 166.957468
0.033625 159.365978
0.033750 151.769655
0.033875 144.616716
0.034000 137.802975
0.034125 130.246486
0.034250 121.669060
0.034375 112.350222
0.034500 103.091503
0.034625 94.830293
0.034750 87.271373
0.034875 80.546035
0.035000 77.787546
0.035125 83.804921
0.035250 95.389261
0.035375 108.592962
0.035500 122.357687
0.035625 135.225330
0.035750 146.251795
0.035875 155.300129
0.036000 162.255861
0.036125 168.118616
0.036250 173.972416
0.036375 180.284670
0.036500 186.638305
0.036625 192.522280
0.036750 197.258460
0.036875 200.717290
0.037000 203.169410
0.037125 203.961066
0.037250 202.885998
0.037375 200.109690
0.037500 195.622624
0.037625 190.005328
0.037750 183.615554
0.037875 176.654399
0.038000 169.221733
0.038125 161.697014
0.038250 154.569589
0.038375 147.710874
0.038500 140.806706
0.038625 133.194097
0.038750 125.116167
0.038875 117.784534
0.039000 110.771993
0.039125 103.993850
0.039250 98.162851
0.039375 95.918584
0.039500 100.297426
0.039625 109.725248
0.039750 120.786659
0.039875 132.493224
0.040000 143.989835
0.040125 154.459966
0.040250 163.221366
0.040375 169.860880
0.040500 175.244620
0.040625 180.375550
0.040750 185.660422
0.040875 190.825210
0.041000 195.923849
0.041125 200.729753
0.041250 204.588059
0.041375 207.055455
0.041500 207.709811
0.041625 206.552694
0.041750 203.718801
0.041875 199.305255
0.042000 193.705684
0.042125 187.394927
0.042250 180.432393
0.042375 172.838745
0.042500 165.047002
0.042625 157.597288
0.042750 150.699428
0.042875 143.874077
0.043000 136.511584
0.043125 129.028589
0.043250 122.233465
0.043375 115.532585
0.043500 108.794532
0.043625 102.672497
0.043750 99.784287
0.043875 102.962553
0.044000 111.132189
0.044125 120.947909
0.044250 131.446494
0.044375 142.091335
0.044500 152.112676
0.044625 160.507559
0.044750 166.738094
0.044875 171.558059
0.045000 176.005530
0.045125 180.934595
0.045250 186.329474
0.045375 191.541431
0.045500 196.127384
0.045625 199.613519
0.045750 201.724374
0.045875 202.069367
0.046000 200.718032
0.046125 197.812306
0.046250 193.432865
0.046375 187.961155
0.046500 181.645846
0.046625 174.464070
0.046750 166.561221
0.046875 158.257379
0.047000 150.402541
0.047125 143.312381
0.047250 136.281315
0.047375 128.826224
0.047500 121.658340
0.047625 114.798081
0.047750 108.027661
0.047875 100.783874
0.048000 93.929332
0.048125 90.096300
0.048250 92.978453
0.048375 101.130192
0.048500 110.202490
0.048625 119.859255
0.048750 130.118443
0.048875 140.027882
0.049000 148.453604
0.049125 154.702814
0.049250 159.950522
0.049375 165.256150
0.049500 170.875640
0.049625 176.374103
0.049750 181.512765
0.049875 185.834688
0.050000 189.180427
0.050125 191.387409
0.050250 192.104940
0.050375 191.332966
0.050500 189.148228
0.050625 185.623541
0.050750 180.888608
0.050875 175.153946
0.051000 168.502757
0.051125 160.984475
0.051250 153.172768
0.051375 146.154197
0.051500 139.635658
0.051625 133.613744
0.051750 127.357049
0.051875 121.459798
0.052000 115.545468
0.052125 109.827855
0.052250 103.615909
0.052375 97.901596
0.052500 95.194498
0.052625 98.423826
0.052750 106.496031
0.052875 115.480945
0.053000 124.655138
0.053125 134.249546
0.053250 143.722264
0.053375 152.701925
0.053500 160.363495
0.053625 166.692373
0.053750 172.621087
0.053875 178.487107
0.054000 184.142650
0.054125 189.237020
0.054250 193.518486
0.054375 196.913418
0.054500 199.205751
0.054625 200.210645
0.054750 199.762111
0.054875 197.988446
0.055000 194.817600
0.055125 190.309784
0.055250 184.623823
0.055375 177.941252
0.055500 170.465973
0.055625 163.112330
0.055750 156.268854
0.055875 149.988725
0.056000 144.391006
0.056125 138.858141
0.056250 133.284805
0.056375 127.808272
0.056500 122.362731
0.056625 116.565860
0.056750 111.385321
0.056875 108.915675
0.057000 111.182464
0.057125 117.584632
0.057250 125.384597
0.057375 133.250206
0.057500 141.757192
0.057625 150.778725
0.057750 159.300314
0.057875 166.560441
0.058000 172.563137
0.058125 178.033469
0.058250 183.330735
0.058375 188.439034
0.058500 192.888870
0.058625 196.742877
0.058750 199.756079
0.058875 201.803902
0.059000 202.665173
0.059125 202.151113
0.059250 200.241777
0.059375 196.959573
0.059500 192.214157
0.059625 186.145712
0.059750 179.091838
0.059875 171.630062
0.060000 164.240942
0.060125 157.257883
0.060250 151.132821
0.060375 145.585221
0.060500 140.379356
0.060625 134.834575
0.060750 129.227091
0.060875 123.465021
0.061000 117.198380
0.061125 111.548475
0.061250 108.269630
0.061375 109.643677
0.061500 115.298928
0.061625 122.874014
0.061750 130.703074
0.061875 138.738811
0.062000 147.047378
0.062125 155.078661
0.062250 162.019368
0.062375 167.799276
