0.000000 0.000000
0.000125 49.788076
0.000250 94.755603
0.000375 138.232626
0.000500 179.524425
0.000625 218.055002
0.000750 253.168629
0.000875 284.568377
0.001000 311.848307
0.001125 334.672852
0.001250 352.743012
0.001375 366.294905
0.001500 375.760812
0.001625 379.803463
0.001750 380.270788
0.001875 376.190663
0.002000 366.898591
0.002125 353.621091
0.002250 335.629701
0.002375 312.934175
0.002500 285.927614
0.002625 254.854919
0.002750 220.112246
0.002875 182.096203
0.003000 141.478150
0.003125 99.086399
0.003250 57.415699
0.003375 45.193031
0.003500 78.638002
0.003625 121.657051
0.003750 164.446768
0.003875 204.979057
0.004000 242.547182
0.004125 276.623776
0.004250 306.840845
0.004375 332.883411
0.004500 354.386274
0.004625 371.038048
0.004750 383.558595
0.004875 391.355809
0.005000 394.012122
0.005125 393.618947
0.005250 387.836946
0.005375 377.368178
0.005500 362.731301
0.005625 343.244066
0.005750 319.171465
0.005875 291.001513
0.006000 258.879797
0.006125 223.204887
0.006250 184.566871
0.006375 143.705200
0.006500 102.437786
0.006625 72.457588
0.006750 74.838631
0.006875 104.886432
0.007000 143.651775
0.007125 183.589592
0.007250 222.525111
0.007375 258.678782
0.007500 291.274946
0.007625 320.050463
0.007750 344.546220
0.007875 364.322431
0.008000 379.522375
0.008125 390.862958
0.008250 396.471161
0.008375 398.278075
0.008500 396.393645
0.008625 388.749473
0.008750 377.188358
0.008875 360.993009
0.009000 339.966828
0.009125 314.507298
0.009250 284.985370
0.009375 251.713875
0.009500 215.055851
0.009625 175.608676
0.009750 134.453580
0.009875 95.895029
0.010000 76.791925
0.010125 88.632044
0.010250 118.897337
0.010375 155.558036
0.010500 192.864002
0.010625 228.949057
0.010750 263.332528
0.010875 294.456083
0.011000 321.753612
0.011125 344.622141
0.011250 362.791448
0.011375 376.812817
0.011500 386.275521
0.011625 390.520778
0.011750 391.323503
0.011875 387.346278
0.012000 378.486054
0.012125 365.461079
0.012250 347.620552
0.012375 325.193540
0.012500 298.376210
0.012625 267.521428
0.012750 232.969790
0.012875 195.211832
0.013000 154.838851
0.013125 113.029769
0.013250 76.814573
0.013375 69.194230
0.013500 90.747281
0.013625 121.395469
0.013750 156.497336
0.013875 192.437987
0.014000 226.236939
0.014125 257.648526
0.014250 286.791635
0.014375 312.567226
0.014500 333.900053
0.014625 350.789428
0.014750 363.342566
0.014875 371.222343
0.015000 374.549585
0.015125 373.911162
0.015250 368.459062
0.015375 358.406732
0.015500 343.984864
0.015625 324.833498
0.015750 301.242666
0.015875 273.431790
0.016000 241.627271
0.016125 206.269480
0.016250 167.966966
0.016375 127.153663
0.016500 86.397633
0.016625 56.118027
0.016750 65.656216
0.016875 92.303311
0.017000 123.422949
0.017125 157.503815
0.017250 193.178716
0.017375 226.758728
0.017500 257.431851
0.017625 284.921401
0.017750 309.554356
0.017875 330.788194
0.018000 347.782740
0.018125 360.444509
0.018250 368.443222
0.018375 372.259070
0.018500 371.712191
0.018625 366.427795
0.018750 356.672952
0.018875 342.349947
0.019000 323.340312
0.019125 299.998041
0.019250 272.524760
0.019375 241.209840
0.019500 206.475086
0.019625 168.909676
0.019750 130.198198
0.019875 96.417288
0.020000 83.256470
0.020125 98.705159
0.020250 125.221569
0.020375 155.434661
0.020500 187.633057
0.020625 220.988874
0.020750 253.055613
0.020875 282.121162
0.021000 307.611239
0.021125 329.476673
0.021250 347.884250
0.021375 363.051290
0.021500 374.257238
0.021625 380.763564
0.021750 383.435509
0.021875 381.411830
0.022000 374.721409
0.022125 363.706237
0.022250 347.925612
0.022375 327.600617
0.022500 303.038737
0.022625 274.551435
0.022750 242.360187
0.022875 207.108123
0.023000 170.134389
0.023125 135.151009
0.023250 110.778016
0.023375 108.626266
0.023500 126.101689
0.023625 151.765017
0.023750 180.454583
0.023875 210.519534
0.024000 241.200136
0.024125 271.053627
0.024250 298.252033
0.024375 321.800825
0.024500 341.382690
0.024625 357.026986
0.024750 369.530950
0.024875 378.185721
0.025000 383.144450
0.025125 384.401562
0.025250 380.598056
0.025375 372.532803
0.025500 360.006240
0.025625 342.739276
0.025750 321.021500
0.025875 295.237613
0.026000 265.547801
0.026125 232.469735
0.026250 196.849967
0.026375 161.221754
0.026500 130.244505
0.026625 113.824944
0.026750 119.727418
0.026875 139.928328
0.027000 165.544431
0.027125 193.276637
0.027250 221.618991
0.027375 249.941199
0.027500 277.605369
0.027625 302.991558
0.027750 324.706046
0.027875 342.289098
0.028000 356.006907
0.028125 365.945798
0.028250 371.789668
0.028375 374.653113
0.028500 373.886183
0.028625 368.622433
0.028750 359.019854
0.028875 344.880104
0.029000 326.138900
0.029125 303.090594
0.029250 275.989475
0.029375 245.145560
0.029500 211.038041
0.029625 175.251979
0.029750 141.057575
0.029875 113.299311
0.030000 104.577887
0.030125 118.906510
0.030250 141.901561
0.030375 167.644112
0.030500 194.504854
0.030625 221.522333
0.030750 247.725632
0.030875 273.262157
0.031000 296.942961
0.031125 316.958623
0.031250 332.892692
0.031375 344.917056
0.031500 352.846412
0.031625 356.699986
0.031750 357.088221
0.031875 353.792464
0.032000 346.890650
0.032125 335.888294
0.032250 320.382088
0.032375 300.478446
0.032500 276.348994
0.032625 248.297000
0.032750 216.707944
0.032875 182.277605
0.033000 147.875309
0.033125 116.272802
0.033250 93.520319
0.033375 96.116607
0.033500 117.368107
0.033625 142.432426
0.033750 169.006025
0.033875 196.129246
0.034000 223.032551
0.034125 248.640516
0.034250 273.384241
0.034375 296.480813
0.034500 316.281013
0.034625 332.169563
0.034750 344.082060
0.034875 351.801427
0.035000 355.563583
0.035125 355.478882
0.035250 351.273325
0.035375 343.448902
0.035500 331.994229
0.035625 316.569265
0.035750 296.822079
0.035875 272.998378
0.036000 245.443392
0.036125 214.613970
0.036250 182.508990
0.036375 151.917222
0.036500 125.878323
0.036625 114.566987
0.036750 125.145587
0.036875 147.347495
0.037000 172.505866
0.037125 198.605020
0.037250 224.878396
0.037375 250.442057
0.037500 274.528118
0.037625 297.052838
0.037750 317.853966
0.037875 335.842231
0.038000 350.211040
0.038125 360.596290
0.038250 366.663046
0.038375 368.932058
0.038500 367.021162
0.038625 360.931919
0.038750 350.877893
0.038875 336.999522
0.039000 319.386506
0.039125 298.284231
0.039250 273.410006
0.039375 245.131068
0.039500 214.825387
0.039625 184.784711
0.039750 157.277917
0.039875 138.062711
0.040000 135.338572
0.040125 149.473230
0.040250 171.496711
0.040375 195.878925
0.040500 220.835785
0.040625 245.732847
0.040750 269.547009
0.040875 291.835862
0.041000 312.087683
0.041125 330.320274
0.041250 346.095699
0.041375 358.754417
0.041500 367.293994
0.041625 371.763277
0.041750 372.322728
0.041875 368.545128
0.042000 360.631876
0.042125 348.732724
0.042250 332.541756
0.042375 312.586144
0.042500 289.411983
0.042625 263.145755
0.042750 234.523507
0.042875 205.112110
0.043000 176.688958
0.043125 152.367326
0.043250 139.058502
0.043375 143.049752
0.043500 160.495257
0.043625 183.120753
0.043750 207.051225
0.043875 231.037535
0.044000 254.616477
0.044125 276.993556
0.044250 297.533101
0.044375 315.576220
0.044500 331.520965
0.044625 345.123162
0.044750 355.943657
0.044875 362.798745
0.045000 365.646290
0.045125 364.474135
0.045250 358.974083
0.045375 349.323572
0.045500 335.479852
0.045625 317.484955
0.045750 295.527004
0.045875 270.124158
0.046000 242.083434
0.046125 213.027749
0.046250 184.412451
0.046375 157.173614
0.046500 135.541729
0.046625 128.045722
0.046750 138.722107
0.046875 159.854417
0.047000 183.194473
0.047125 206.749607
0.047250 229.797756
0.047375 252.181487
0.047500 273.271594
0.047625 292.318746
0.047750 308.342351
0.047875 322.256524
0.048000 333.794469
0.048125 342.802641
0.048250 348.117648
0.048375 349.542586
0.048500 346.786861
0.048625 339.733854
0.048750 328.610361
0.048875 313.193583
0.049000 293.717335
0.049125 270.425390
0.049250 243.535826
0.049375 214.520372
0.049500 185.558253
0.049625 157.814831
0.049750 132.715459
0.049875 115.242927
0.050000 116.154934
0.050125 133.747297
0.050250 157.733299
0.050375 182.204742
0.050500 206.360050
0.050625 229.636967
0.050750 252.047527
0.050875 273.200804
0.051000 292.078034
0.051125 308.029565
0.051250 321.086916
0.051375 332.340896
0.051500 340.708666
0.051625 345.985490
0.051750 347.391013
0.051875 344.635160
0.052000 337.593795
0.052125 326.412218
0.052250 311.008778
0.052375 291.527927
0.052500 268.370108
0.052625 242.149754
0.052750 214.843279
0.052875 187.737738
0.053000 161.940479
0.053125 141.134926
0.053250 132.236707
0.053375 140.545970
0.053500 160.903952
0.053625 185.077326
0.053750 209.454156
0.053875 233.028874
0.054000 255.394489
0.054125 276.727834
0.054250 296.447752
0.054375 313.787118
0.054500 328.262868
0.054625 339.535707
0.054750 348.789675
0.054875 355.140881
0.055000 358.597309
0.055125 358.389602
0.055250 354.076949
0.055375 345.575770
0.055500 332.913273
0.055625 316.033623
0.055750 295.304035
0.055875 271.286578
0.056000 245.187968
0.056125 218.733650
0.056250 192.548753
0.056375 168.823220
0.056500 152.507885
0.056625 149.689388
0.056750 161.812698
0.056875 182.865467
0.057000 206.410010
0.057125 229.834247
0.057250 252.245038
0.057375 273.187524
0.057500 293.033563
0.057625 311.064850
0.057750 326.593886
0.057875 339.261260
0.058000 348.679482
0.058125 355.637810
0.058250 360.000462
0.058375 361.415431
0.058500 359.321670
0.058625 353.339299
0.058750 343.242263
0.058875 329.016511
0.059000 310.672125
0.059125 288.719975
0.059250 264.214720
0.059375 238.469134
0.059500 212.476371
0.059625 187.231449
0.059750 165.857123
0.059875 153.724948
0.060000 155.611063
0.060125 170.728604
0.060250 192.542595
0.060375 215.761846
0.060500 238.490706
0.060625 259.722538
0.060750 279.328811
0.060875 297.634213
0.061000 314.064606
0.061125 327.948105
0.061250 338.931006
0.061375 346.454288
0.061500 351.206168
0.061625 353.657666
0.061750 353.002090
0.061875 349.156866
0.062000 341.480509
0.062125 329.665164
0.062250 313.834233
0.062375 294.085267
