0.000000 0.000000
0.000125 34.586334
0.000250 62.553577
0.000375 89.707682
0.000500 115.599272
0.000625 140.084857
0.000750 163.104589
0.000875 184.537958
0.001000 204.285302
0.001125 222.215029
0.001250 237.996141
0.001375 251.205379
0.001500 261.816507
0.001625 269.681973
0.001750 274.789007
0.001875 276.883259
0.002000 275.813365
0.002125 271.728860
0.002250 265.065757
0.002375 255.781484
0.002500 243.928341
0.002625 229.787157
0.002750 213.771513
0.002875 196.286594
0.003000 177.484766
0.003125 157.379217
0.003250 136.083843
0.003375 114.229479
0.003500 94.820190
0.003625 86.111824
0.003750 87.950066
0.003875 98.531165
0.004000 117.767508
0.004125 140.837478
0.004250 164.073065
0.004375 186.084234
0.004500 206.661551
0.004625 225.788416
0.004750 243.438563
0.004875 259.408749
0.005000 273.318771
0.005125 284.805747
0.005250 293.425111
0.005375 299.122450
0.005500 301.903690
0.005625 301.941397
0.005750 299.398645
0.005875 294.160032
0.006000 285.952227
0.006125 274.972706
0.006250 261.857904
0.006375 247.068375
0.006500 230.764168
0.006625 213.123643
0.006750 194.253788
0.006875 174.586863
0.007000 155.188804
0.007125 138.271097
0.007250 126.928584
0.007375 123.047169
0.007500 126.729996
0.007625 137.211229
0.007750 152.873522
0.007875 171.531898
0.008000 191.347473
0.008125 210.896140
0.008250 229.377246
0.008375 246.487438
0.008500 262.091383
0.008625 276.166640
0.008750 288.308895
0.008875 297.840427
0.009000 304.245457
0.009125 307.161402
0.009250 307.483245
0.009375 305.971127
0.009500 302.003607
0.009625 294.711692
0.009750 284.267742
0.009875 271.434639
0.010000 256.798997
0.010125 240.515419
0.010250 222.653394
0.010375 203.427102
0.010500 182.975898
0.010625 161.732716
0.010750 141.205566
0.010875 124.804777
0.011000 115.200876
0.011125 113.239633
0.011250 118.774734
0.011375 130.185426
0.011500 147.173417
0.011625 166.861926
0.011750 186.667803
0.011875 205.497403
0.012000 223.136080
0.012125 239.458902
0.012250 254.237971
0.012375 266.911733
0.012500 277.103139
0.012625 284.560433
0.012750 289.337821
0.012875 291.437304
0.013000 290.474372
0.013125 286.367901
0.013250 279.403224
0.013375 269.950902
0.013500 258.016280
0.013625 243.610038
0.013750 226.974498
0.013875 208.421370
0.014000 188.162677
0.014125 166.355664
0.014250 143.088253
0.014375 118.527785
0.014500 94.048254
0.014625 73.383796
0.014750 61.250164
0.014875 61.699770
0.015000 75.143285
0.015125 96.461163
0.015250 118.610176
0.015375 139.983060
0.015500 160.362883
0.015625 179.679580
0.015750 197.659420
0.015875 213.932454
0.016000 228.112738
0.016125 239.822231
0.016250 248.945722
0.016375 255.493890
0.016500 259.396766
0.016625 260.521586
0.016750 259.080829
0.016875 255.029939
0.017000 248.389576
0.017125 239.483929
0.017250 228.272942
0.017375 214.824537
0.017500 199.230133
0.017625 181.760021
0.017750 162.561087
0.017875 142.067210
0.018000 120.402992
0.018125 98.526195
0.018250 79.755313
0.018375 66.400953
0.018500 63.190756
0.018625 72.599825
0.018750 91.925199
0.018875 115.725618
0.019000 139.580947
0.019125 162.442601
0.019250 184.075998
0.019375 204.419217
0.019500 223.307576
0.019625 240.383347
0.019750 255.217452
0.019875 267.522450
0.020000 277.031383
0.020125 283.780550
0.020250 287.726988
0.020375 288.818101
0.020500 286.822742
0.020625 282.062475
0.020750 274.912331
0.020875 265.356125
0.021000 253.500447
0.021125 239.536889
0.021250 223.762880
0.021375 206.564905
0.021500 188.200338
0.021625 169.096041
0.021750 150.948573
0.021875 135.395933
0.022000 124.918548
0.022125 120.894261
0.022250 123.080998
0.022375 131.145280
0.022500 144.166789
0.022625 161.302447
0.022750 180.698381
0.022875 200.382095
0.023000 219.258912
0.023125 237.001946
0.023250 253.230085
0.023375 267.744409
0.023500 280.301297
0.023625 290.598634
0.023750 298.083242
0.023875 302.476801
0.024000 303.792690
0.024125 302.697740
0.024250 299.563355
0.024375 294.067538
0.024500 285.539858
0.024625 274.331545
0.024750 261.008304
0.024875 246.017641
0.025000 229.627630
0.025125 212.016867
0.025250 193.714334
0.025375 175.972702
0.025500 159.953748
0.025625 147.294226
0.025750 139.276211
0.025875 136.534095
0.026000 139.294999
0.026125 147.238674
0.026250 159.617422
0.026375 175.356058
0.026500 192.940864
0.026625 210.717153
0.026750 227.775232
0.026875 243.633580
0.027000 257.993164
0.027125 270.536288
0.027250 281.016495
0.027375 289.063814
0.027500 294.328438
0.027625 296.720308
0.027750 296.452012
0.027875 293.597210
0.028000 288.241945
0.028125 280.298080
0.028250 269.844785
0.028375 257.007494
0.028500 242.112743
0.028625 225.343047
0.028750 206.965989
0.028875 187.437204
0.029000 167.769347
0.029125 149.032065
0.029250 132.397849
0.029375 118.707944
0.029500 109.488956
0.029625 107.111014
0.029750 111.196425
0.029875 121.600382
0.030000 138.132394
0.030125 157.099312
0.030250 175.763475
0.030375 193.527896
0.030500 210.186825
0.030625 225.418416
0.030750 238.866358
0.030875 250.211096
0.031000 259.102110
0.031125 265.361876
0.031250 268.947223
0.031375 269.778586
0.031500 267.877319
0.031625 263.174310
0.031750 255.831355
0.031875 246.059962
0.032000 233.902050
0.032125 219.444014
0.032250 202.652280
0.032375 183.773579
0.032500 163.153689
0.032625 141.669007
0.032750 121.459672
0.032875 102.825258
0.033000 84.557536
0.033125 69.248468
0.033250 58.800103
0.033375 57.092878
0.033500 70.339235
0.033625 92.630560
0.033750 115.839418
0.033875 138.217901
0.034000 159.501542
0.034125 179.752288
0.034250 198.552454
0.034375 215.555947
0.034500 230.354808
0.034625 242.776801
0.034750 252.719990
0.034875 259.974293
0.035000 264.546929
0.035125 266.494230
0.035250 265.770869
0.035375 262.337247
0.035500 256.318867
0.035625 247.968479
0.035750 237.326183
0.035875 224.475960
0.036000 209.580728
0.036125 193.152424
0.036250 176.200111
0.036375 160.220137
0.036500 145.533605
0.036625 132.220623
0.036750 121.109826
0.036875 113.958620
0.037000 113.024601
0.037125 118.438734
0.037250 129.352873
0.037375 145.372646
0.037500 164.616936
0.037625 184.411199
0.037750 203.403205
0.037875 221.131584
0.038000 237.327335
0.038125 251.798595
0.038250 264.391710
0.038375 274.745491
0.038500 282.673894
0.038625 287.990145
0.038750 290.617935
0.038875 290.632143
0.039000 288.208104
0.039125 283.526680
0.039250 276.479063
0.039375 267.068317
0.039500 255.298043
0.039625 241.706571
0.039750 226.922241
0.039875 211.742781
0.040000 197.041141
0.040125 183.283137
0.040250 170.886329
0.040375 160.330306
0.040500 152.484257
0.040625 148.603939
0.040750 149.359005
0.040875 154.814838
0.041000 164.535960
0.041125 177.820427
0.041250 193.549067
0.041375 210.207903
0.041500 226.541121
0.041625 241.884770
0.041750 255.780870
0.041875 267.964962
0.042000 278.285194
0.042125 286.444303
0.042250 292.249089
0.042375 295.363122
0.042500 295.833855
0.042625 293.872619
0.042750 289.810838
0.042875 283.594991
0.043000 274.908872
0.043125 263.653391
0.043250 250.314538
0.043375 235.581550
0.043500 220.261432
0.043625 205.058739
0.043750 190.432243
0.043875 176.606882
0.044000 163.811776
0.044125 152.813387
0.044250 144.695933
0.044375 140.867821
0.044500 141.753911
0.044625 147.467696
0.044750 157.618845
0.044875 171.557695
0.045000 187.826414
0.045125 204.233080
0.045250 219.738037
0.045375 233.853211
0.045500 246.467921
0.045625 257.244937
0.045750 265.971218
0.045875 272.364481
0.046000 276.373737
0.046125 277.864495
0.046250 276.898280
0.046375 273.419009
0.046500 267.394179
0.046625 258.917092
0.046750 248.056117
0.046875 235.024241
0.047000 220.018780
0.047125 203.797667
0.047250 187.548635
0.047375 171.781710
0.047500 156.024264
0.047625 140.136414
0.047750 125.054671
0.047875 111.781653
0.048000 101.461927
0.048125 95.621172
0.048250 96.958027
0.048375 106.872622
0.048500 123.542304
0.048625 142.287848
0.048750 160.505893
0.048875 177.467814
0.049000 192.896141
0.049125 206.755185
0.049250 218.885926
0.049375 229.027641
0.049500 236.888893
0.049625 242.339769
0.049750 245.376852
0.049875 246.180302
0.050000 244.878692
0.050125 241.353937
0.050250 235.398684
0.050375 227.193980
0.050500 216.874015
0.050625 204.579151
0.050750 190.944685
0.050875 177.489228
0.051000 164.767600
0.051125 151.742020
0.051250 138.219263
0.051375 124.936420
0.051500 113.473397
0.051625 104.790320
0.051750 99.414401
0.051875 99.650114
0.052000 107.342531
0.052125 122.253532
0.052250 141.628724
0.052375 162.033521
0.052500 181.501866
0.052625 199.572292
0.052750 215.885882
0.052875 230.446183
0.053000 243.067727
0.053125 253.625020
0.053250 261.952765
0.053375 267.811195
0.053500 271.214333
0.053625 272.191167
0.053750 270.756282
0.053875 266.862871
0.054000 260.593194
0.054125 252.207588
0.054250 242.018482
0.054375 230.722566
0.054500 219.080158
0.054625 207.360559
0.054750 195.746083
0.054875 184.258394
0.055000 173.205202
0.055125 163.290602
0.055250 155.230901
0.055375 150.088933
0.055500 148.764658
0.055625 151.736984
0.055750 159.037492
0.055875 170.139768
0.056000 184.288906
0.056125 200.183996
0.056250 216.346138
0.056375 231.530987
0.056500 245.284556
0.056625 257.413226
0.056750 267.654474
0.056875 275.975979
0.057000 282.192209
0.057125 286.240315
0.057250 287.825935
0.057375 286.845221
0.057500 283.661901
0.057625 278.538322
0.057750 271.508318
0.057875 262.474418
0.058000 251.999361
0.058125 240.843046
0.058250 229.625751
0.058375 218.377372
0.058500 207.042581
0.058625 195.789466
0.058750 185.239120
0.058875 175.878920
0.059000 168.541296
0.059125 164.049856
0.059250 163.047600
0.059375 165.996005
0.059500 172.740477
0.059625 182.829864
0.059750 195.516810
0.059875 209.620141
0.060000 223.866312
0.060125 237.222291
0.060250 249.073659
0.060375 259.178287
0.060500 267.519389
0.060625 273.930532
0.060750 278.289565
0.060875 280.378242
0.061000 280.007213
0.061125 277.384551
0.061250 272.468140
0.061375 265.444451
0.061500 256.500110
0.061625 246.213992
0.061750 235.175409
0.061875 223.837377
0.062000 212.070582
0.062125 199.646443
0.062250 186.802514
0.062375 174.102042
