0.000000 0.000000
0.000125 40.582197
0.000250 74.385918
0.000375 107.585280
0.000500 139.677878
0.000625 170.444435
0.000750 199.460349
0.000875 226.572726
0.001000 251.404888
0.001125 273.629576
0.001250 292.868221
0.001375 309.298610
0.001500 322.577322
0.001625 331.632095
0.001750 337.437372
0.001875 338.863102
0.002000 335.565073
0.002125 328.967853
0.002250 318.311748
0.002375 303.852418
0.002500 286.952866
0.002625 266.993575
0.002750 244.034549
0.002875 218.701774
0.003000 191.302722
0.003125 162.230216
0.003250 132.016132
0.003375 101.214710
0.003500 70.846205
0.003625 46.853464
0.003750 51.247386
0.003875 78.885042
0.004000 110.363150
0.004125 141.946954
0.004250 172.692303
0.004375 202.188906
0.004500 230.003302
0.004625 255.691732
0.004750 278.927510
0.004875 299.111390
0.005000 316.343445
0.005125 330.898534
0.005250 341.029434
0.005375 347.658932
0.005500 350.918364
0.005625 349.019133
0.005750 343.502917
0.005875 334.639394
0.006000 321.053328
0.006125 305.182337
0.006250 286.444038
0.006375 264.414718
0.006500 239.792196
0.006625 213.128490
0.006750 184.937680
0.006875 155.691346
0.007000 125.904116
0.007125 96.644952
0.007250 72.208866
0.007375 65.480751
0.007500 82.440084
0.007625 109.662739
0.007750 139.080215
0.007875 168.808577
0.008000 197.826942
0.008125 225.647577
0.008250 251.667878
0.008375 275.418102
0.008500 296.268278
0.008625 314.119173
0.008750 329.543033
0.008875 340.998348
0.009000 348.245346
0.009125 352.795845
0.009250 352.440572
0.009375 347.870346
0.009500 340.178105
0.009625 327.894443
0.009750 312.572829
0.009875 294.823470
0.010000 273.645742
0.010125 249.610832
0.010250 223.348919
0.010375 195.341633
0.010500 166.024680
0.010625 135.862054
0.010750 105.609555
0.010875 78.063180
0.011000 63.077065
0.011125 71.614466
0.011250 96.028981
0.011375 124.074139
0.011500 152.915941
0.011625 181.651173
0.011750 209.584074
0.011875 235.917699
0.012000 260.227600
0.012125 281.919613
0.012250 300.744065
0.012375 316.881629
0.012500 329.630751
0.012625 338.345957
0.012750 343.693495
0.012875 345.075570
0.013000 341.791693
0.013125 334.809127
0.013250 323.879186
0.013375 309.246991
0.013500 292.014573
0.013625 271.682886
0.013750 248.414750
0.013875 222.683203
0.014000 194.812603
0.014125 165.124294
0.014250 133.969549
0.014375 101.904234
0.014500 70.078657
0.014625 45.979646
0.014750 46.599929
0.014875 70.327504
0.015000 99.308876
0.015125 128.626367
0.015250 157.524910
0.015375 185.651317
0.015500 212.229329
0.015625 237.006198
0.015750 259.594698
0.015875 279.646389
0.016000 297.003904
0.016125 311.245412
0.016250 321.817161
0.016375 328.746040
0.016500 331.963206
0.016625 330.762508
0.016750 325.578986
0.016875 316.624134
0.017000 303.948466
0.017125 288.271532
0.017250 269.872482
0.017375 248.554406
0.017500 224.664931
0.017625 198.576251
0.017750 170.418750
0.017875 140.668042
0.018000 109.742724
0.018125 78.637996
0.018250 52.712968
0.018375 45.923717
0.018500 63.513781
0.018625 92.088799
0.018750 122.026481
0.018875 151.642892
0.019000 180.411162
0.019125 207.994174
0.019250 233.947496
0.019375 257.915273
0.019500 279.444194
0.019625 298.426967
0.019750 314.409076
0.019875 326.911071
0.020000 335.761572
0.020125 340.937975
0.020250 342.050504
0.020375 338.832877
0.020500 331.758350
0.020625 320.829338
0.020750 306.681450
0.020875 289.749879
0.021000 269.815595
0.021125 247.029142
0.021250 221.899349
0.021375 194.967943
0.021500 166.600181
0.021625 137.455798
0.021750 109.002075
0.021875 85.173394
0.022000 73.583585
0.022125 79.928701
0.022250 101.167289
0.022375 128.265093
0.022500 156.308645
0.022625 184.028708
0.022750 210.914891
0.022875 236.579988
0.023000 260.472869
0.023125 282.094346
0.023250 301.201992
0.023375 317.696608
0.023500 330.677143
0.023625 340.344686
0.023750 346.447333
0.023875 348.752021
0.024000 346.886710
0.024125 341.088001
0.024250 331.403481
0.024375 318.284537
0.024500 302.380746
0.024625 283.453057
0.024750 261.486005
0.024875 237.129921
0.025000 210.920115
0.025125 183.202943
0.025250 154.685593
0.025375 126.436613
0.025500 101.690374
0.025625 86.317190
0.025750 85.364524
0.025875 99.962879
0.026000 123.730362
0.026125 150.588938
0.026250 177.588156
0.026375 204.003491
0.026500 229.276910
0.026625 253.025546
0.026750 274.686018
0.026875 294.033834
0.027000 310.854450
0.027125 324.469833
0.027250 334.747077
0.027375 341.686558
0.027500 344.981965
0.027625 344.309212
0.027750 339.583891
0.027875 330.962535
0.028000 318.795186
0.028125 303.558223
0.028250 285.338403
0.028375 264.161391
0.028500 240.321286
0.028625 214.288907
0.028750 186.449033
0.028875 157.376818
0.029000 127.922623
0.029125 100.641979
0.029250 80.923349
0.029375 74.268782
0.029500 83.696345
0.029625 105.066817
0.029750 131.696199
0.029875 159.144895
0.030000 185.847098
0.030125 211.343380
0.030250 235.241536
0.030375 257.219053
0.030500 276.925543
0.030625 294.220743
0.030750 308.596497
0.030875 319.682273
0.031000 327.535330
0.031125 331.760262
0.031250 332.161628
0.031375 328.610386
0.031500 321.064251
0.031625 309.887353
0.031750 295.487492
0.031875 278.110307
0.032000 257.834790
0.032125 234.952177
0.032250 209.699272
0.032375 182.258373
0.032500 153.004668
0.032625 122.683878
0.032750 93.111077
0.032875 69.464979
0.033000 58.493861
0.033125 63.693916
0.033250 82.961570
0.033375 109.790566
0.033500 138.468903
0.033625 166.469953
0.033750 193.173294
0.033875 218.264305
0.034000 241.512159
0.034125 262.576407
0.034250 281.394503
0.034375 297.488405
0.034500 310.449910
0.034625 320.162543
0.034750 326.418727
0.034875 328.986987
0.035000 327.731371
0.035125 322.521689
0.035250 313.619105
0.035375 301.387765
0.035500 286.182090
0.035625 268.042010
0.035750 247.184843
0.035875 223.806322
0.036000 198.292428
0.036125 171.082079
0.036250 142.928877
0.036375 115.672223
0.036500 93.346512
0.036625 80.648942
0.036750 80.664519
0.036875 94.094443
0.037000 116.547544
0.037125 143.656593
0.037250 171.366617
0.037375 198.227516
0.037500 223.739378
0.037625 247.515964
0.037750 269.127228
0.037875 288.495372
0.038000 305.212307
0.038125 318.737799
0.038250 329.187360
0.038375 336.241153
0.038500 339.765817
0.038625 339.533728
0.038750 335.552630
0.038875 327.823139
0.039000 316.636968
0.039125 302.511184
0.039250 285.367987
0.039375 265.424673
0.039500 242.972092
0.039625 218.428480
0.039750 192.358850
0.039875 165.531852
0.040000 139.487097
0.040125 117.316210
0.040250 102.709169
0.040375 98.030194
0.040500 105.062360
0.040625 122.275321
0.040750 145.637896
0.040875 171.786610
0.041000 197.932339
0.041125 223.154511
0.041250 246.890218
0.041375 268.629880
0.041500 288.048545
0.041625 305.084596
0.041750 319.143205
0.041875 329.923488
0.042000 337.618471
0.042125 341.835003
0.042250 342.384271
0.042375 339.291495
0.042500 332.526161
0.042625 322.209423
0.042750 308.666933
0.042875 292.378485
0.043000 273.148911
0.043125 251.324158
0.043250 227.285091
0.043375 201.509154
0.043500 174.758761
0.043625 148.299849
0.043750 124.799579
0.043875 107.554041
0.044000 99.160309
0.044125 101.448040
0.044250 114.454058
0.044375 134.864531
0.044500 159.648252
0.044625 185.564711
0.044750 210.830891
0.044875 234.755664
0.045000 256.788959
0.045125 276.702820
0.045250 294.168370
0.045375 308.880560
0.045500 320.422762
0.045625 328.759069
0.045750 333.695226
0.045875 335.188013
0.046000 332.938954
0.046125 326.941525
0.046250 317.463244
0.046375 304.515567
0.046500 288.722019
0.046625 270.037435
0.046750 248.667694
0.046875 224.885540
0.047000 199.108984
0.047125 171.783823
0.047250 144.126112
0.047375 118.438074
0.047500 98.012865
0.047625 86.178201
0.047750 84.946610
0.047875 94.704472
0.048000 113.070074
0.048125 136.919055
0.048250 163.316688
0.048375 189.173144
0.048500 213.660492
0.048625 236.357796
0.048750 257.014554
0.048875 275.323047
0.049000 290.921106
0.049125 303.594249
0.049250 313.107430
0.049375 319.234258
0.049500 321.914154
0.049625 321.017596
0.049750 316.477178
0.049875 308.306506
0.050000 296.772995
0.050125 282.375288
0.050250 265.202317
0.050375 245.279792
0.050500 222.989104
0.050625 198.513249
0.050750 172.416055
0.050875 145.568490
0.051000 120.145039
0.051125 99.452659
0.051250 86.024281
0.051375 83.201358
0.051500 90.053870
0.051625 106.795192
0.051750 129.184058
0.051875 155.407836
0.052000 182.324735
0.052125 208.133635
0.052250 232.299398
0.052375 254.484483
0.052500 274.379509
0.052625 291.676427
0.052750 306.130986
0.052875 317.306647
0.053000 325.203481
0.053125 329.617540
0.053250 330.513755
0.053375 327.834518
0.053500 321.476408
0.053625 311.660627
0.053750 298.677695
0.053875 282.838167
0.054000 264.223014
0.054125 243.157310
0.054250 219.992516
0.054375 195.343615
0.054500 170.118835
0.054625 146.159301
0.054750 125.994026
0.054875 111.921934
0.055000 105.929173
0.055125 108.488229
0.055250 120.326877
0.055375 138.863156
0.055500 161.767975
0.055625 187.126744
0.055750 212.463738
0.055875 236.541561
0.056000 258.757247
0.056125 278.841679
0.056250 296.478152
0.056375 311.483227
0.056500 323.161687
0.056625 331.758753
0.056750 336.869721
0.056875 338.521284
0.057000 336.779933
0.057125 331.429324
0.057250 322.543004
0.057375 310.409123
0.057500 295.368404
0.057625 277.545907
0.057750 257.252339
0.057875 234.783054
0.058000 210.860136
0.058125 186.237600
0.058250 162.463077
0.058375 141.749433
0.058500 126.130009
0.058625 117.425038
0.058750 116.489854
0.058875 123.887141
0.059000 138.889383
0.059125 158.802987
0.059250 182.122913
0.059375 206.768215
0.059500 230.631888
0.059625 252.933916
0.059750 273.242025
0.059875 291.188992
0.060000 306.739535
0.060125 319.011871
0.060250 328.211035
0.060375 334.166711
0.060500 336.526244
0.060625 335.510605
0.060750 331.093155
0.060875 322.926964
0.061000 311.610645
0.061125 297.164399
0.061250 279.829261
0.061375 259.892027
0.061500 237.656727
0.061625 213.707262
0.061750 188.727602
0.061875 163.991995
0.062000 141.783051
0.062125 124.003269
0.062250 112.614451
0.062375 108.998332
