0.000000 0.000000
0.000125 45.619143
0.000250 86.840114
0.000375 127.277598
0.000500 166.392100
0.000625 203.806717
0.000750 239.188278
0.000875 272.141995
0.001000 302.150478
0.001125 328.770649
0.001250 351.446916
0.001375 370.532740
0.001500 385.654839
0.001625 395.977041
0.001750 402.274996
0.001875 403.362144
0.002000 398.919088
0.002125 390.442520
0.002250 377.245152
0.002375 359.856413
0.002500 339.033141
0.002625 314.305275
0.002750 286.142155
0.002875 255.022924
0.003000 221.434394
0.003125 185.964074
0.003250 149.099434
0.003375 111.316715
0.003500 73.990490
0.003625 49.213085
0.003750 64.010457
0.003875 99.918827
0.004000 138.600008
0.004125 176.791654
0.004250 213.676769
0.004375 248.765875
0.004500 281.587880
0.004625 311.595193
0.004750 338.375550
0.004875 361.280242
0.005000 380.582519
0.005125 396.398840
0.005250 406.725326
0.005375 413.674225
0.005500 415.493161
0.005625 411.520782
0.005750 403.746383
0.005875 391.384795
0.006000 374.352926
0.006125 354.311641
0.006250 330.475080
0.006375 303.069618
0.006500 272.782555
0.006625 240.029293
0.006750 205.331037
0.006875 169.170911
0.007000 132.274730
0.007125 97.053241
0.007250 73.753351
0.007375 79.780945
0.007500 108.811028
0.007625 143.750513
0.007750 179.796055
0.007875 215.650306
0.008000 250.085332
0.008125 282.485547
0.008250 312.263708
0.008375 338.965723
0.008500 361.996821
0.008625 381.414837
0.008750 397.758486
0.008875 408.358951
0.009000 415.569104
0.009125 418.054265
0.009250 414.541401
0.009375 407.121352
0.009500 395.480202
0.009625 378.706118
0.009750 359.041691
0.009875 335.567702
0.010000 308.420003
0.010125 278.250948
0.010250 245.552330
0.010375 210.738673
0.010500 174.289340
0.010625 136.898120
0.010750 100.389851
0.010875 73.071860
0.011000 74.355872
0.011125 101.437717
0.011250 135.350651
0.011375 170.188969
0.011500 204.706782
0.011625 238.398341
0.011750 270.730714
0.011875 300.782982
0.012000 327.897525
0.012125 351.468488
0.012250 371.300701
0.012375 387.882878
0.012500 399.460810
0.012625 407.021853
0.012750 410.021142
0.012875 407.311658
0.013000 400.048924
0.013125 388.589136
0.013250 372.414291
0.013375 352.683733
0.013500 329.279004
0.013625 302.083472
0.013750 271.669980
0.013875 238.536975
0.014000 203.104326
0.014125 165.867253
0.014250 127.178561
0.014375 87.798431
0.014500 52.439730
0.014625 48.705076
0.014750 79.119142
0.014875 114.456932
0.015000 149.850671
0.015125 184.609247
0.015250 218.306537
0.015375 250.473750
0.015500 280.537508
0.015625 308.262157
0.015750 332.635104
0.015875 353.186534
0.016000 370.317960
0.016125 383.005595
0.016250 391.383963
0.016375 395.277727
0.016500 393.817837
0.016625 387.575465
0.016750 377.203998
0.016875 362.435585
0.017000 343.937323
0.017125 321.721251
0.017250 295.928087
0.017375 266.787994
0.017500 234.959287
0.017625 200.776418
0.017750 164.619782
0.017875 127.026973
0.018000 88.601337
0.018125 53.529821
0.018250 46.080843
0.018375 75.519657
0.018500 112.047701
0.018625 148.593011
0.018750 184.295809
0.018875 218.772022
0.019000 251.574554
0.019125 282.288509
0.019250 310.389505
0.019375 335.478342
0.019500 357.153411
0.019625 375.631438
0.019750 389.761112
0.019875 399.489041
0.020000 404.906811
0.020125 405.031492
0.020250 400.149888
0.020375 391.133571
0.020500 377.498388
0.020625 359.994045
0.020750 338.899836
0.020875 314.182250
0.021000 286.177723
0.021125 255.403747
0.021250 222.386641
0.021375 187.610423
0.021500 151.600483
0.021625 115.876217
0.021750 85.741981
0.021875 76.727947
0.022000 95.641985
0.022125 127.804219
0.022250 162.427288
0.022375 196.785392
0.022500 230.005877
0.022625 261.693838
0.022750 291.378045
0.022875 318.576984
0.023000 342.956065
0.023125 363.809690
0.023250 381.718527
0.023375 395.850671
0.023500 405.576744
0.023625 411.469935
0.023750 412.076500
0.023875 407.621887
0.024000 399.190416
0.024125 386.178800
0.024250 369.162295
0.024375 348.780356
0.024500 324.699844
0.024625 297.252336
0.024750 267.037197
0.024875 234.500653
0.025000 200.136856
0.025125 164.562797
0.025250 129.626022
0.025375 100.008632
0.025500 88.083233
0.025625 101.507702
0.025750 130.300889
0.025875 163.662199
0.026000 197.212989
0.026125 229.846883
0.026250 260.967645
0.026375 290.076096
0.026500 316.751134
0.026625 340.731188
0.026750 361.297194
0.026875 378.723435
0.027000 392.508169
0.027125 402.028636
0.027250 407.919121
0.027375 408.979701
0.027500 404.886578
0.027625 396.697536
0.027750 384.053415
0.027875 367.363795
0.028000 347.067738
0.028125 323.222073
0.028250 295.784895
0.028375 265.408252
0.028500 232.650589
0.028625 197.850646
0.028750 161.565913
0.028875 125.226714
0.029000 92.760861
0.029125 75.935420
0.029250 86.946195
0.029375 115.810432
0.029500 149.604394
0.029625 183.448292
0.029750 216.317147
0.029875 247.750862
0.030000 277.161314
0.030125 304.136591
0.030250 328.208714
0.030375 348.848940
0.030500 366.313777
0.030625 380.174031
0.030750 389.855886
0.030875 395.433242
0.031000 396.533439
0.031125 392.817969
0.031250 384.796247
0.031375 372.455907
0.031500 356.026317
0.031625 335.784978
0.031750 311.989576
0.031875 284.600440
0.032000 254.140714
0.032125 221.086313
0.032250 185.783352
0.032375 148.682067
0.032500 110.423047
0.032625 75.185444
0.032750 51.903570
0.032875 61.966938
0.033000 92.985312
0.033125 128.781855
0.033250 164.330505
0.033375 198.733715
0.033500 231.632094
0.033625 262.361212
0.033750 290.620839
0.033875 315.950854
0.034000 337.813188
0.034125 356.322839
0.034250 371.377565
0.034375 382.377553
0.034500 389.229197
0.034625 391.568681
0.034750 389.092575
0.034875 382.320458
0.035000 371.532846
0.035125 356.765387
0.035250 338.208582
0.035375 316.117569
0.035500 290.584089
0.035625 261.946716
0.035750 230.759454
0.035875 197.340975
0.036000 162.321130
0.036125 126.980783
0.036250 94.953731
0.036375 74.653187
0.036500 80.577458
0.036625 106.924217
0.036750 141.246812
0.036875 176.445634
0.037000 210.731896
0.037125 243.503293
0.037250 274.293405
0.037375 302.596461
0.037500 328.028842
0.037625 350.049413
0.037750 368.475452
0.037875 383.602004
0.038000 394.546886
0.038125 401.528527
0.038250 404.071498
0.038375 401.772904
0.038500 395.126257
0.038625 384.430422
0.038750 369.937385
0.038875 351.839709
0.039000 330.413524
0.039125 305.617381
0.039250 277.792178
0.039375 247.446109
0.039500 215.050598
0.039625 181.256489
0.039750 147.829269
0.039875 117.684923
0.040000 98.462921
0.040125 99.843328
0.040250 120.324324
0.040375 150.956757
0.040500 184.538491
0.040625 217.867052
0.040750 249.924643
0.040875 280.061366
0.041000 307.890463
0.041125 333.026655
0.041250 354.909731
0.041375 373.155988
0.041500 388.154681
0.041625 398.995058
0.041750 405.840469
0.041875 408.486442
0.042000 406.223435
0.042125 399.690626
0.042250 388.995176
0.042375 374.490451
0.042500 356.263494
0.042625 334.803839
0.042750 310.199361
0.042875 282.521938
0.043000 252.288193
0.043125 219.973614
0.043250 186.227192
0.043375 152.685820
0.043500 122.148615
0.043625 100.819315
0.043750 98.816532
0.043875 116.132282
0.044000 145.169516
0.044125 178.204190
0.044250 211.300443
0.044375 243.266869
0.044500 273.417241
0.044625 301.353344
0.044750 326.621547
0.044875 348.673849
0.045000 367.125832
0.045125 382.185474
0.045250 393.227106
0.045375 400.148620
0.045500 402.804485
0.045625 400.738003
0.045750 394.202654
0.045875 383.488082
0.046000 368.858119
0.046125 350.446707
0.046250 328.584351
0.046375 303.433594
0.046500 275.316899
0.046625 244.550099
0.046750 211.623036
0.046875 176.888891
0.047000 141.897451
0.047125 109.444314
0.047250 83.903228
0.047375 78.435054
0.047500 94.930582
0.047625 124.665879
0.047750 158.642288
0.047875 192.595053
0.048000 225.368813
0.048125 256.320955
0.048250 284.970751
0.048375 310.813238
0.048500 333.402623
0.048625 352.388622
0.048750 367.849472
0.048875 379.373157
0.049000 386.713917
0.049125 389.692150
0.049250 388.039230
0.049375 381.971362
0.049500 371.626508
0.049625 357.284363
0.049750 339.275544
0.049875 317.708371
0.050000 292.912408
0.050125 265.259063
0.050250 235.024070
0.050375 202.636911
0.050500 168.434256
0.050625 133.727658
0.050750 101.939352
0.050875 75.306186
0.051000 68.274764
0.051125 84.143468
0.051250 114.551657
0.051375 150.001650
0.051500 185.591817
0.051625 219.917117
0.051750 252.350723
0.051875 282.470734
0.052000 309.817047
0.052125 333.895916
0.052250 354.364549
0.052375 371.259852
0.052500 384.136341
0.052625 392.973455
0.052750 397.348114
0.052875 397.065500
0.053000 392.325558
0.053125 383.286192
0.053250 370.206117
0.053375 353.397109
0.053500 333.013463
0.053625 309.370714
0.053750 282.750711
0.053875 253.459071
0.054000 221.967960
0.054125 189.175000
0.054250 156.656159
0.054375 126.612097
0.054500 102.720429
0.054625 94.572738
0.054750 105.842626
0.054875 131.054680
0.055000 163.508106
0.055125 197.639422
0.055250 230.970500
0.055375 262.728267
0.055500 292.346496
0.055625 319.395341
0.055750 343.308314
0.055875 363.665539
0.056000 380.594887
0.056125 393.638270
0.056250 402.593677
0.056375 407.282937
0.056500 407.327093
0.056625 402.831277
0.056750 394.080224
0.056875 381.368896
0.057000 364.855005
0.057125 344.708910
0.057250 321.422028
0.057375 295.124846
0.057500 266.129803
0.057625 235.053152
0.057750 202.670275
0.057875 170.659642
0.058000 140.932675
0.058125 117.088063
0.058250 106.983959
0.058375 114.544780
0.058500 135.978724
0.058625 165.906914
0.058750 198.812014
0.058875 231.540365
0.059000 262.795366
0.059125 292.137241
0.059250 319.019248
0.059375 342.864903
0.059500 363.254175
0.059625 380.297735
0.059750 393.448552
0.059875 402.631524
0.060000 407.513487
0.060125 407.754001
0.060250 403.456451
0.060375 394.977185
0.060500 382.259213
0.060625 365.866469
0.060750 345.700480
0.060875 322.267610
0.061000 295.792912
0.061125 266.508144
0.061250 234.923183
0.061375 201.916431
0.061500 169.018896
0.061625 138.138351
0.061750 111.958004
0.061875 98.608726
0.062000 103.448454
0.062125 123.157141
0.062250 152.595021
0.062375 185.529434
