0.000000 0.000000
0.000125 31.548257
0.000250 44.209690
0.000375 57.462695
0.000500 68.850614
0.000625 79.535788
0.000750 88.049671
0.000875 96.028418
0.001000 101.626032
0.001125 107.156071
0.001250 110.617227
0.001375 114.319728
0.001500 117.223644
0.001625 120.178790
0.001750 121.875903
0.001875 123.559056
0.002000 124.181896
0.002125 125.115732
0.002250 125.047746
0.002375 125.325984
0.002500 125.143883
0.002625 125.358054
0.002750 125.076235
0.002875 125.084669
0.003000 124.635093
0.003125 124.850210
0.003250 124.551767
0.003375 124.472585
0.003500 123.986697
0.003625 123.492928
0.003750 122.263228
0.003875 120.662057
0.004000 118.153593
0.004125 115.665261
0.004250 112.388611
0.004375 108.515168
0.004500 103.344366
0.004625 97.261783
0.004750 89.992193
0.004875 82.473485
0.005000 74.202874
0.005125 66.289799
0.005250 58.779610
0.005375 54.854155
0.005500 58.055256
0.005625 67.104701
0.005750 77.298931
0.005875 87.199239
0.006000 96.033780
0.006125 104.121276
0.006250 110.819859
0.006375 116.624110
0.006500 121.089997
0.006625 124.773152
0.006750 127.661758
0.006875 130.456481
0.007000 132.618111
0.007125 134.350106
0.007250 135.272159
0.007375 136.097073
0.007500 136.633810
0.007625 136.892742
0.007750 136.849149
0.007875 136.740003
0.008000 136.275218
0.008125 136.140373
0.008250 135.663051
0.008375 135.312884
0.008500 134.824866
0.008625 134.366269
0.008750 133.671472
0.008875 132.876819
0.009000 131.416321
0.009125 129.676783
0.009250 127.046600
0.009375 124.149344
0.009500 120.749617
0.009625 117.323735
0.009750 113.370881
0.009875 108.987417
0.010000 103.366294
0.010125 97.269801
0.010250 90.207628
0.010375 82.658797
0.010500 74.574373
0.010625 67.218474
0.010750 62.530732
0.010875 63.011906
0.011000 67.698450
0.011125 75.900039
0.011250 84.787315
0.011375 93.345244
0.011500 100.899771
0.011625 107.614015
0.011750 112.895297
0.011875 117.467349
0.012000 120.625242
0.012125 123.534134
0.012250 125.501809
0.012375 127.111580
0.012500 127.906921
0.012625 128.340866
0.012750 128.202630
0.012875 128.230382
0.013000 127.512700
0.013125 127.178393
0.013250 126.304043
0.013375 125.564778
0.013500 124.507349
0.013625 123.645243
0.013750 122.423882
0.013875 121.630171
0.014000 120.330599
0.014125 119.618315
0.014250 118.232373
0.014375 117.197387
0.014500 115.584140
0.014625 113.921639
0.014750 111.403759
0.014875 109.074116
0.015000 105.753185
0.015125 102.532008
0.015250 98.059858
0.015375 93.393180
0.015500 87.355829
0.015625 80.643563
0.015750 72.580041
0.015875 64.625774
0.016000 56.518346
0.016125 52.599075
0.016250 51.821827
0.016375 55.094899
0.016500 60.518146
0.016625 68.603076
0.016750 76.779318
0.016875 85.239522
0.017000 91.887601
0.017125 98.541968
0.017250 103.402001
0.017375 108.110857
0.017500 111.410381
0.017625 114.707637
0.017750 116.755480
0.017875 118.819724
0.018000 119.696855
0.018125 120.925369
0.018250 121.115907
0.018375 121.552945
0.018500 121.371371
0.018625 121.316185
0.018750 120.766730
0.018875 120.697683
0.019000 120.007403
0.019125 120.086969
0.019250 119.935681
0.019375 120.503450
0.019500 120.763004
0.019625 121.165437
0.019750 120.909078
0.019875 120.572337
0.020000 119.430094
0.020125 118.283385
0.020250 116.277983
0.020375 114.248017
0.020500 111.434038
0.020625 108.165102
0.020750 103.781241
0.020875 98.915580
0.021000 92.808290
0.021125 86.431388
0.021250 79.580978
0.021375 74.169414
0.021500 70.942342
0.021625 70.484580
0.021750 72.329159
0.021875 76.323028
0.022000 81.637111
0.022125 88.704161
0.022250 96.106309
0.022375 103.366235
0.022500 109.715768
0.022625 115.363943
0.022750 119.955487
0.022875 123.991286
0.023000 126.982471
0.023125 129.488651
0.023250 131.071224
0.023375 132.292620
0.023500 133.038329
0.023625 133.549213
0.023750 133.623164
0.023875 133.701795
0.024000 133.542456
0.024125 133.712577
0.024250 133.548996
0.024375 133.592467
0.024500 133.440866
0.024625 133.372203
0.024750 133.025141
0.024875 132.840450
0.025000 132.256697
0.025125 131.527940
0.025250 130.343399
0.025375 129.076723
0.025500 127.386889
0.025625 125.527703
0.025750 123.052978
0.025875 120.120876
0.026000 116.185530
0.026125 111.917649
0.026250 106.528692
0.026375 100.705418
0.026500 94.185967
0.026625 87.967936
0.026750 82.775888
0.026875 79.652242
0.027000 78.271291
0.027125 79.168380
0.027250 81.172583
0.027375 84.690179
0.027500 89.145528
0.027625 94.727371
0.027750 100.437425
0.027875 106.123492
0.028000 110.920388
0.028125 115.264075
0.028250 118.597844
0.028375 121.369941
0.028500 123.347727
0.028625 124.815000
0.028750 125.681681
0.028875 126.545528
0.029000 126.998138
0.029125 127.463065
0.029250 127.359656
0.029375 127.425178
0.029500 127.028991
0.029625 126.704591
0.029750 126.141031
0.029875 125.774018
0.030000 124.962137
0.030125 124.599303
0.030250 123.696985
0.030375 123.046296
0.030500 121.893753
0.030625 120.779110
0.030750 119.038483
0.030875 117.356455
0.031000 114.800710
0.031125 112.220536
0.031250 108.599799
0.031375 104.717754
0.031500 99.712779
0.031625 94.403539
0.031750 88.041092
0.031875 81.913549
0.032000 75.425756
0.032125 71.407549
0.032250 68.038929
0.032375 67.181974
0.032500 67.388748
0.032625 69.115168
0.032750 71.304853
0.032875 74.929664
0.033000 78.598130
0.033125 83.954358
0.033250 88.891697
0.033375 94.517780
0.033500 99.423177
0.033625 104.304654
0.033750 108.006886
0.033875 111.728131
0.034000 114.113057
0.034125 116.666440
0.034250 118.156201
0.034375 119.701441
0.034500 120.511532
0.034625 121.484887
0.034750 121.697918
0.034875 122.182800
0.035000 122.137303
0.035125 122.434703
0.035250 122.255464
0.035375 122.494907
0.035500 122.273852
0.035625 122.346264
0.035750 121.991829
0.035875 121.772597
0.036000 120.970965
0.036125 120.352237
0.036250 118.992332
0.036375 117.480477
0.036500 115.235564
0.036625 112.674679
0.036750 109.194747
0.036875 105.462432
0.037000 100.715642
0.037125 95.794656
0.037250 90.499987
0.037375 86.091549
0.037500 82.870331
0.037625 80.892682
0.037750 80.054793
0.037875 80.822862
0.038000 82.172367
0.038125 84.573641
0.038250 87.551899
0.038375 91.284649
0.038500 95.453754
0.038625 100.523961
0.038750 105.743514
0.038875 111.032104
0.039000 115.865261
0.039125 120.245702
0.039250 123.799549
0.039375 126.947931
0.039500 129.314784
0.039625 131.324160
0.039750 132.719770
0.039875 133.891436
0.040000 134.566520
0.040125 135.275769
0.040250 135.404834
0.040375 135.632547
0.040500 135.558335
0.040625 135.468716
0.040750 135.193981
0.040875 134.962360
0.041000 134.376446
0.041125 133.939192
0.041250 133.129327
0.041375 132.190327
0.041500 130.857164
0.041625 129.304547
0.041750 127.141201
0.041875 124.621707
0.042000 121.365157
0.042125 117.790584
0.042250 113.474374
0.042375 108.785866
0.042500 103.650787
0.042625 98.779083
0.042750 94.599020
0.042875 91.667859
0.043000 89.428571
0.043125 88.672475
0.043250 88.811678
0.043375 89.861006
0.043500 91.304113
0.043625 93.512229
0.043750 95.943095
0.043875 98.783805
0.044000 101.875690
0.044125 105.873836
0.044250 109.759199
0.044375 113.861294
0.044500 117.606132
0.044625 121.050798
0.044750 123.760901
0.044875 126.001651
0.045000 127.575791
0.045125 128.995110
0.045250 129.680231
0.045375 130.263841
0.045500 130.402175
0.045625 130.467793
0.045750 130.135335
0.045875 129.968680
0.046000 129.345719
0.046125 128.962441
0.046250 128.107714
0.046375 127.340362
0.046500 126.151605
0.046625 124.914101
0.046750 123.141008
0.046875 121.450709
0.047000 118.919732
0.047125 116.537784
0.047250 113.290387
0.047375 109.912518
0.047500 105.648216
0.047625 101.158025
0.047750 96.072030
0.047875 91.142184
0.048000 86.244031
0.048125 83.015972
0.048250 80.506644
0.048375 79.073384
0.048500 78.283326
0.048625 78.927548
0.048750 79.758321
0.048875 81.554003
0.049000 82.932537
0.049125 85.260902
0.049250 87.448018
0.049375 90.166299
0.049500 92.856684
0.049625 96.670054
0.049750 100.029340
0.049875 103.867635
0.050000 107.145051
0.050125 110.742148
0.050250 113.338680
0.050375 115.902808
0.050500 117.654705
0.050625 119.363571
0.050750 120.239849
0.050875 121.360289
0.051000 121.696275
0.051125 122.498733
0.051250 122.641753
0.051375 122.979596
0.051500 122.822215
0.051625 122.893464
0.051750 122.336978
0.051875 121.918204
0.052000 120.843784
0.052125 119.925391
0.052250 118.598270
0.052375 117.114502
0.052500 115.021793
0.052625 112.804765
0.052750 109.946776
0.052875 106.991247
0.053000 103.254257
0.053125 99.772429
0.053250 95.917562
0.053375 92.797964
0.053500 90.649441
0.053625 89.341027
0.053750 88.477952
0.053875 88.626723
0.054000 89.343677
0.054125 90.971227
0.054250 92.683549
0.054375 94.633680
0.054500 96.754926
0.054625 99.336571
0.054750 101.699818
0.054875 104.370539
0.055000 107.130074
0.055125 110.508496
0.055250 113.897222
0.055375 117.404002
0.055500 120.735195
0.055625 123.915082
0.055750 126.575293
0.055875 129.049910
0.056000 130.775252
0.056125 132.436608
0.056250 133.458756
0.056375 134.364148
0.056500 134.872934
0.056625 135.236156
0.056750 135.166019
0.056875 135.075062
0.057000 134.635022
0.057125 134.162341
0.057250 133.248069
0.057375 132.277990
0.057500 130.953136
0.057625 129.600348
0.057750 127.761597
0.057875 125.754527
0.058000 123.232529
0.058125 120.503338
0.058250 117.196646
0.058375 113.816425
0.058500 110.065597
0.058625 106.563900
0.058750 103.704316
0.058875 101.870594
0.059000 100.272811
0.059125 99.401959
0.059250 98.989298
0.059375 99.474916
0.059500 100.312379
0.059625 101.561471
0.059750 102.630377
0.059875 104.064987
0.060000 105.518756
0.060125 107.264007
0.060250 108.652724
0.060375 110.269908
0.060500 112.069447
0.060625 114.405390
0.060750 116.653577
0.060875 119.127766
0.061000 121.404370
0.061125 123.692746
0.061250 125.627215
0.061375 127.289312
0.061500 128.502689
0.061625 129.398892
0.061750 129.897798
0.061875 130.334747
0.062000 130.348158
0.062125 130.254718
0.062250 129.909749
0.062375 129.456881
