0.000000 0.000000
0.000125 32.315297
0.000250 56.732361
0.000375 78.917322
0.000500 98.042004
0.000625 114.181369
0.000750 127.531906
0.000875 138.944406
0.001000 148.601829
0.001125 156.034993
0.001250 162.059172
0.001375 167.245800
0.001500 172.122500
0.001625 176.258040
0.001750 178.942130
0.001875 179.620478
0.002000 178.991969
0.002125 177.605298
0.002250 175.572567
0.002375 173.869308
0.002500 173.039591
0.002625 173.277215
0.002750 174.358360
0.002875 175.736594
0.003000 176.658359
0.003125 176.899906
0.003250 175.775438
0.003375 172.909404
0.003500 168.823762
0.003625 164.388072
0.003750 159.525050
0.003875 154.022440
0.004000 147.243279
0.004125 138.842338
0.004250 129.522855
0.004375 118.964343
0.004500 106.238258
0.004625 90.907058
0.004750 73.285897
0.004875 55.100200
0.005000 47.567252
0.005125 64.004607
0.005250 84.963888
0.005375 104.280919
0.005500 120.729659
0.005625 134.381510
0.005750 145.686420
0.005875 155.297076
0.006000 163.217494
0.006125 169.099359
0.006250 174.022709
0.006375 178.274671
0.006500 181.983027
0.006625 185.139712
0.006750 186.968992
0.006875 186.908669
0.007000 185.759309
0.007125 184.085119
0.007250 181.805140
0.007375 180.001255
0.007500 179.124947
0.007625 179.201886
0.007750 180.034313
0.007875 180.940877
0.008000 181.287962
0.008125 180.969075
0.008250 179.430641
0.008375 176.597215
0.008500 173.235617
0.008625 169.721915
0.008750 165.685095
0.008875 161.102600
0.009000 155.133077
0.009125 147.361013
0.009250 138.016776
0.009375 126.953111
0.009500 113.490770
0.009625 97.315045
0.009750 79.120228
0.009875 61.959802
0.010000 58.189125
0.010125 73.204611
0.010250 92.447531
0.010375 110.220164
0.010500 125.186359
0.010625 137.511837
0.010750 147.768939
0.010875 156.355400
0.011000 163.156615
0.011125 168.119554
0.011250 172.189739
0.011375 175.651716
0.011500 178.616958
0.011625 180.887386
0.011750 181.652005
0.011875 180.750386
0.012000 178.950788
0.012125 176.651853
0.012250 174.067653
0.012375 172.184497
0.012500 171.404484
0.012625 171.855205
0.012750 173.210506
0.012875 174.712425
0.013000 175.744931
0.013125 175.832385
0.013250 174.500063
0.013375 171.740274
0.013500 168.150273
0.013625 164.231002
0.013750 159.841910
0.013875 154.640975
0.014000 147.893477
0.014125 139.418307
0.014250 129.282966
0.014375 117.188416
0.014500 102.471807
0.014625 85.228236
0.014750 66.062820
0.014875 48.491840
0.015000 47.671893
0.015125 64.117768
0.015250 83.252890
0.015375 100.454459
0.015500 114.816337
0.015625 126.593629
0.015750 136.251319
0.015875 144.294121
0.016000 150.564349
0.016125 155.181928
0.016250 159.003204
0.016375 162.494276
0.016500 165.708399
0.016625 168.075386
0.016750 169.319983
0.016875 169.283305
0.017000 168.570174
0.017125 167.447162
0.017250 166.240499
0.017375 165.523432
0.017500 165.776524
0.017625 166.996984
0.017750 168.862105
0.017875 170.732540
0.018000 172.024734
0.018125 172.395852
0.018250 171.354859
0.018375 169.005229
0.018500 165.892449
0.018625 162.449077
0.018750 158.451634
0.018875 153.406629
0.019000 146.869102
0.019125 138.659188
0.019250 128.715936
0.019375 116.707121
0.019500 102.239007
0.019625 85.556975
0.019750 67.576415
0.019875 54.538887
0.020000 57.199925
0.020125 72.542043
0.020250 90.926271
0.020375 107.791482
0.020500 122.152780
0.020625 134.120485
0.020750 144.173225
0.020875 152.689036
0.021000 159.478351
0.021125 164.907796
0.021250 169.614647
0.021375 173.861653
0.021500 177.529785
0.021625 180.265424
0.021750 181.561482
0.021875 181.657610
0.022000 180.946451
0.022125 179.757572
0.022250 178.493638
0.022375 177.866191
0.022500 178.110461
0.022625 179.282677
0.022750 180.902952
0.022875 182.488614
0.023000 183.533939
0.023125 183.461540
0.023250 182.034883
0.023375 179.503590
0.023500 176.242587
0.023625 172.471108
0.023750 167.886934
0.023875 162.164011
0.024000 154.969554
0.024125 146.074538
0.024250 135.472219
0.024375 122.915639
0.024500 108.046181
0.024625 91.397369
0.024750 75.293918
0.024875 66.308662
0.025000 70.200101
0.025125 83.860758
0.025250 100.810522
0.025375 116.769404
0.025500 130.591892
0.025625 142.221156
0.025750 151.921627
0.025875 159.900482
0.026000 166.180008
0.026125 171.182551
0.026250 175.427157
0.026375 179.024956
0.026500 181.951005
0.026625 183.866662
0.026750 184.467860
0.026875 183.979948
0.027000 182.773077
0.027125 181.168241
0.027250 179.617446
0.027375 178.685537
0.027500 178.605133
0.027625 179.359131
0.027750 180.477858
0.027875 181.473524
0.028000 181.792982
0.028125 181.002302
0.028250 178.913039
0.028375 175.767825
0.028500 171.933696
0.028625 167.438117
0.028750 162.166243
0.028875 155.783981
0.029000 148.065666
0.029125 138.734238
0.029250 127.749925
0.029375 114.830173
0.029500 99.546481
0.029625 82.862997
0.029750 67.590195
0.029875 60.854362
0.030000 66.034239
0.030125 79.732537
0.030250 96.192505
0.030375 111.532145
0.030500 124.760174
0.030625 135.821972
0.030750 144.980822
0.030875 152.307539
0.031000 158.087501
0.031125 162.638389
0.031250 166.602907
0.031375 169.910948
0.031500 172.504417
0.031625 173.968763
0.031750 174.238195
0.031875 173.493688
0.032000 172.083080
0.032125 170.462185
0.032250 169.022429
0.032375 168.186379
0.032500 168.154487
0.032625 168.817669
0.032750 169.801002
0.032875 170.585409
0.033000 170.763034
0.033125 169.921959
0.033250 167.913876
0.033375 165.011065
0.033500 161.565796
0.033625 157.483994
0.033750 152.515206
0.033875 146.502851
0.034000 139.199904
0.034125 130.345318
0.034250 119.814794
0.034375 107.093284
0.034500 92.063096
0.034625 76.265922
0.034750 63.038964
0.034875 59.476640
0.035000 66.036447
0.035125 80.085221
0.035250 96.267085
0.035375 111.577423
0.035500 124.909224
0.035625 136.253837
0.035750 145.659473
0.035875 153.268310
0.036000 159.440684
0.036125 164.554413
0.036250 168.945593
0.036375 172.599441
0.036500 175.492659
0.036625 177.297266
0.036750 177.973444
0.036875 177.749380
0.037000 176.964968
0.037125 176.036165
0.037250 175.345326
0.037375 175.244563
0.037500 175.949175
0.037625 177.192887
0.037750 178.628551
0.037875 179.832987
0.038000 180.303113
0.038125 179.762320
0.038250 178.164639
0.038375 175.638238
0.038500 172.406728
0.038625 168.421002
0.038750 163.410000
0.038875 157.228227
0.039000 149.722071
0.039125 140.637316
0.039250 129.741952
0.039375 116.659538
0.039500 102.119845
0.039625 87.871135
0.039750 77.737908
0.039875 75.797055
0.040000 82.258773
0.040125 94.741539
0.040250 109.197083
0.040375 123.253278
0.040500 135.642103
0.040625 146.273528
0.040750 155.051988
0.040875 162.122356
0.041000 167.849198
0.041125 172.660019
0.041250 176.688486
0.041375 180.001890
0.041500 182.473658
0.041625 184.032742
0.041750 184.508579
0.041875 184.201915
0.042000 183.357787
0.042125 182.438071
0.042250 181.714962
0.042375 181.568344
0.042500 182.116379
0.042625 183.043896
0.042750 184.024871
0.042875 184.649035
0.043000 184.497178
0.043125 183.351150
0.043250 181.118757
0.043375 177.997694
0.043500 174.152327
0.043625 169.481660
0.043750 163.734262
0.043875 156.907118
0.044000 148.740278
0.044125 138.839082
0.044250 127.107251
0.044375 113.456795
0.044500 98.877587
0.044625 85.221126
0.044750 76.643109
0.044875 75.509861
0.045000 81.867889
0.045125 93.676492
0.045250 107.127413
0.045375 120.409039
0.045500 132.227686
0.045625 142.395967
0.045750 150.765477
0.045875 157.539871
0.046000 163.132956
0.046125 167.803418
0.046250 171.658508
0.046375 174.767920
0.046500 176.962288
0.046625 178.204343
0.046750 178.460472
0.046875 177.924636
0.047000 176.902904
0.047125 175.827915
0.047250 174.998210
0.047375 174.664646
0.047500 174.895449
0.047625 175.390261
0.047750 175.894905
0.047875 175.966745
0.048000 175.310617
0.048125 173.697788
0.048250 171.066235
0.048375 167.505894
0.048500 163.212224
0.048625 158.104071
0.048750 152.036094
0.048875 144.817358
0.049000 136.219799
0.049125 125.866195
0.049250 113.668188
0.049375 99.939217
0.049500 85.582180
0.049625 72.516649
0.049750 66.056133
0.049875 66.184464
0.050000 73.440726
0.050125 86.119205
0.050250 99.722462
0.050375 113.328470
0.050500 125.370388
0.050625 135.827073
0.050750 144.581005
0.050875 151.810638
0.051000 158.041865
0.051125 163.284587
0.051250 167.676936
0.051375 171.214202
0.051500 173.798015
0.051625 175.411983
0.051750 176.036849
0.051875 175.908153
0.052000 175.429352
0.052125 174.899348
0.052250 174.681998
0.052375 174.973187
0.052500 175.670576
0.052625 176.545246
0.052750 177.383337
0.052875 177.718794
0.053000 177.326842
0.053125 175.972353
0.053250 173.687629
0.053375 170.578762
0.053500 166.798315
0.053625 162.110935
0.053750 156.454301
0.053875 149.597712
0.054000 141.295164
0.054125 131.270293
0.054250 119.611093
0.054375 106.884201
0.054500 94.160052
0.054625 83.978681
0.054750 79.720292
0.054875 81.096239
0.055000 88.723880
0.055125 100.570374
0.055250 113.483777
0.055375 126.350310
0.055500 138.027830
0.055625 148.130070
0.055750 156.676839
0.055875 163.770145
0.056000 169.777624
0.056125 174.739178
0.056250 178.756977
0.056375 181.854994
0.056500 183.993427
0.056625 185.223589
0.056750 185.555933
0.056875 185.173036
0.057000 184.531771
0.057125 183.848611
0.057250 183.420999
0.057375 183.497685
0.057500 183.856442
0.057625 184.355298
0.057750 184.727476
0.057875 184.627544
0.058000 183.842263
0.058125 182.272951
0.058250 179.816137
0.058375 176.520513
0.058500 172.508859
0.058625 167.459194
0.058750 161.340876
0.058875 154.026994
0.059000 145.180040
0.059125 134.747365
0.059250 122.958819
0.059375 110.463760
0.059500 98.451549
0.059625 89.883798
0.059750 86.383507
0.059875 87.960521
0.060000 95.108974
0.060125 106.076613
0.060250 117.977306
0.060375 129.866611
0.060500 140.742887
0.060625 150.076150
0.060750 157.944461
0.060875 164.536612
0.061000 170.067633
0.061125 174.439126
0.061250 177.908975
0.061375 180.402012
0.061500 181.960893
0.061625 182.642918
0.061750 182.554257
0.061875 181.873269
0.062000 180.967720
0.062125 180.086059
0.062250 179.459615
0.062375 179.273308
