0.000000 0.000000
0.000125 21.292803
0.000250 35.896572
0.000375 48.801410
0.000500 59.329109
0.000625 67.530682
0.000750 73.709287
0.000875 78.838776
0.001000 83.233307
0.001125 87.091053
0.001250 91.391669
0.001375 96.019523
0.001500 100.051482
0.001625 103.526293
0.001750 106.569376
0.001875 109.426978
0.002000 112.452882
0.002125 115.512981
0.002250 117.925526
0.002375 119.351884
0.002500 120.046530
0.002625 120.354917
0.002750 120.119290
0.002875 119.020028
0.003000 117.025048
0.003125 114.677016
0.003250 112.391208
0.003375 110.153006
0.003500 107.714578
0.003625 104.804131
0.003750 101.282467
0.003875 97.431406
0.004000 93.927835
0.004125 90.483778
0.004250 86.217669
0.004375 81.239536
0.004500 74.905628
0.004625 66.457344
0.004750 55.764848
0.004875 43.518357
0.005000 31.531179
0.005125 29.385081
0.005250 41.177989
0.005375 54.480036
0.005500 66.335877
0.005625 75.890303
0.005750 83.139335
0.005875 88.724176
0.006000 93.599194
0.006125 97.692271
0.006250 101.573337
0.006375 105.754190
0.006500 109.809435
0.006625 113.280955
0.006750 116.291591
0.006875 119.051083
0.007000 121.833191
0.007125 124.600316
0.007250 127.097687
0.007375 128.819965
0.007500 129.565738
0.007625 129.729363
0.007750 129.580517
0.007875 128.816879
0.008000 127.073802
0.008125 124.659075
0.008250 122.010660
0.008375 119.332999
0.008500 116.620326
0.008625 113.719830
0.008750 110.320593
0.008875 106.317232
0.009000 102.151146
0.009125 98.213783
0.009250 94.053581
0.009375 89.214868
0.009500 83.536354
0.009625 76.321826
0.009750 67.050482
0.009875 55.764087
0.010000 43.506040
0.010125 33.889023
0.010250 36.464259
0.010375 48.169628
0.010500 60.439706
0.010625 71.026072
0.010750 79.289825
0.010875 85.483277
0.011000 90.344101
0.011125 94.577561
0.011250 98.082203
0.011375 101.623720
0.011500 105.343352
0.011625 108.815316
0.011750 111.760488
0.011875 114.256422
0.012000 116.532771
0.012125 118.846909
0.012250 121.131588
0.012375 122.984839
0.012500 124.009245
0.012625 124.185456
0.012750 123.865328
0.012875 123.067343
0.013000 121.518303
0.013125 119.119113
0.013250 116.210580
0.013375 113.194968
0.013500 110.205560
0.013625 107.108026
0.013750 103.640980
0.013875 99.545371
0.014000 94.973165
0.014125 90.553840
0.014250 86.429846
0.014375 81.953439
0.014500 76.790097
0.014625 70.561444
0.014750 62.606104
0.014875 52.457740
0.015000 40.495414
0.015125 27.803968
0.015250 20.913216
0.015375 27.772890
0.015500 40.466740
0.015625 52.340743
0.015750 62.180413
0.015875 69.733285
0.016000 75.396509
0.016125 80.095638
0.016250 84.173147
0.016375 87.736513
0.016500 91.456810
0.016625 95.368800
0.016750 99.033214
0.016875 102.288822
0.017000 105.069093
0.017125 107.649869
0.017250 110.374164
0.017375 112.949982
0.017500 114.969838
0.017625 116.178436
0.017750 116.684207
0.017875 116.742544
0.018000 116.206282
0.018125 114.932697
0.018250 112.929855
0.018375 110.598230
0.018500 108.211106
0.018625 105.791833
0.018750 103.208346
0.018875 100.222602
0.019000 96.691873
0.019125 92.974660
0.019250 89.503406
0.019375 86.081290
0.019500 82.148616
0.019625 77.441680
0.019750 71.364655
0.019875 63.408744
0.020000 53.461559
0.020125 42.153805
0.020250 32.557512
0.020375 31.330170
0.020500 40.042227
0.020625 52.437979
0.020750 63.997071
0.020875 73.445294
0.021000 80.783963
0.021125 86.565293
0.021250 91.509630
0.021375 95.805592
0.021500 99.837876
0.021625 103.951356
0.021750 107.936155
0.021875 111.491067
0.022000 114.574358
0.022125 117.378007
0.022250 120.158439
0.022375 122.858055
0.022500 125.190720
0.022625 126.844069
0.022750 127.692461
0.022875 127.956631
0.023000 127.722606
0.023125 126.857579
0.023250 125.203423
0.023375 122.988859
0.023500 120.490933
0.023625 117.923794
0.023750 115.257897
0.023875 112.449125
0.024000 109.230074
0.024125 105.611668
0.024250 101.948488
0.024375 98.289291
0.024500 94.381228
0.024625 89.944286
0.024750 84.499887
0.024875 77.538001
0.025000 68.731342
0.025125 58.241281
0.025250 47.771369
0.025375 41.247626
0.025500 42.814643
0.025625 51.405295
0.025750 62.517861
0.025875 72.750198
0.026000 81.061835
0.026125 87.503969
0.026250 92.619094
0.026375 96.929043
0.026500 100.713137
0.026625 104.343686
0.026750 107.949746
0.026875 111.274835
0.027000 114.232294
0.027125 116.789705
0.027250 119.193843
0.027375 121.526009
0.027500 123.677972
0.027625 125.335367
0.027750 126.279602
0.027875 126.521356
0.028000 126.187631
0.028125 125.317205
0.028250 123.748239
0.028375 121.525622
0.028500 118.896517
0.028625 116.059222
0.028750 113.101069
0.028875 110.043810
0.029000 106.742533
0.029125 103.046580
0.029250 99.050393
0.029375 95.044995
0.029500 90.905730
0.029625 86.447586
0.029750 81.277834
0.029875 74.969662
0.030000 67.009400
0.030125 57.244687
0.030250 46.208902
0.030375 36.584708
0.030500 32.401304
0.030625 35.991241
0.030750 45.303823
0.030875 55.908196
0.031000 65.383391
0.031125 72.864839
0.031250 78.620979
0.031375 83.272694
0.031500 87.210438
0.031625 90.779226
0.031750 94.256960
0.031875 97.697539
0.032000 100.857779
0.032125 103.656929
0.032250 106.083648
0.032375 108.358422
0.032500 110.597848
0.032625 112.558257
0.032750 113.981875
0.032875 114.802434
0.033000 115.005198
0.033125 114.640984
0.033250 113.584160
0.033375 111.972358
0.033500 110.101961
0.033625 107.883788
0.033750 105.452719
0.033875 102.842370
0.034000 100.143898
0.034125 97.165049
0.034250 93.796100
0.034375 90.254611
0.034500 86.746456
0.034625 83.090831
0.034750 79.023920
0.034875 74.121464
0.035000 67.880222
0.035125 59.993995
0.035250 50.386073
0.035375 40.747894
0.035500 33.863546
0.035625 33.214668
0.035750 38.965854
0.035875 49.058283
0.036000 59.715545
0.036125 69.073230
0.036250 76.630144
0.036375 82.729020
0.036500 87.817497
0.036625 92.307390
0.036750 96.459542
0.036875 100.547541
0.037000 104.444733
0.037125 108.003815
0.037250 111.184053
0.037375 114.098500
0.037500 116.878025
0.037625 119.419285
0.037750 121.631838
0.037875 123.286222
0.038000 124.319976
0.038125 124.734412
0.038250 124.548700
0.038375 123.754795
0.038500 122.390066
0.038625 120.572675
0.038750 118.440516
0.038875 116.092898
0.039000 113.590481
0.039125 110.861519
0.039250 107.804852
0.039375 104.494792
0.039500 101.086757
0.039625 97.521822
0.039750 93.605514
0.039875 89.096976
0.040000 83.606260
0.040125 76.688017
0.040250 68.205837
0.040375 58.933780
0.040500 50.876112
0.040625 46.393689
0.040750 47.553424
0.040875 53.641157
0.041000 62.767668
0.041125 72.188357
0.041250 80.495087
0.041375 87.284609
0.041500 92.761382
0.041625 97.406339
0.041750 101.448448
0.041875 105.215635
0.042000 108.773490
0.042125 112.096771
0.042250 115.052134
0.042375 117.762382
0.042500 120.298891
0.042625 122.657347
0.042750 124.758920
0.042875 126.409024
0.043000 127.480596
0.043125 127.904101
0.043250 127.761139
0.043375 127.010420
0.043500 125.660429
0.043625 123.778959
0.043750 121.487702
0.043875 118.907811
0.044000 116.129477
0.044125 113.111106
0.044250 109.863993
0.044375 106.385584
0.044500 102.665474
0.044625 98.790657
0.044750 94.688741
0.044875 90.109337
0.045000 84.789603
0.045125 78.350754
0.045250 70.469199
0.045375 61.319533
0.045500 52.260996
0.045625 45.171807
0.045750 42.364451
0.045875 44.559961
0.046000 50.966651
0.046125 59.593741
0.046250 68.136148
0.046375 75.585828
0.046500 81.631450
0.046625 86.564642
0.046750 90.686511
0.046875 94.328682
0.047000 97.784556
0.047125 101.071294
0.047250 104.051808
0.047375 106.702827
0.047500 109.174776
0.047625 111.420464
0.047750 113.512543
0.047875 115.210773
0.048000 116.447558
0.048125 117.171560
0.048250 117.266943
0.048375 116.748560
0.048500 115.622400
0.048625 113.975933
0.048750 111.895398
0.048875 109.426039
0.049000 106.740097
0.049125 103.850751
0.049250 100.702910
0.049375 97.406127
0.049500 93.864728
0.049625 90.183589
0.049750 86.361269
0.049875 82.131798
0.050000 77.363472
0.050125 72.021902
0.050250 65.482763
0.050375 57.444059
0.050500 48.797279
0.050625 41.065040
0.050750 35.865139
0.050875 35.427600
0.051000 39.160021
0.051125 46.685716
0.051250 55.703203
0.051375 64.333371
0.051500 71.957628
0.051625 78.318852
0.051750 83.660740
0.051875 88.273346
0.052000 92.530507
0.052125 96.625301
0.052250 100.457398
0.052375 103.945366
0.052500 107.234998
0.052625 110.317068
0.052750 113.151170
0.052875 115.717154
0.053000 117.901357
0.053125 119.604591
0.053250 120.719010
0.053375 121.219770
0.053500 121.125060
0.053625 120.475562
0.053750 119.301097
0.053875 117.680117
0.054000 115.729332
0.054125 113.502983
0.054250 111.002775
0.054375 108.263299
0.054500 105.360206
0.054625 102.265866
0.054750 99.008565
0.054875 95.460837
0.055000 91.453147
0.055125 86.794838
0.055250 81.124615
0.055375 74.249625
0.055500 66.438498
0.055625 58.867407
0.055750 52.603149
0.055875 49.444154
0.056000 50.335545
0.056125 54.750382
0.056250 61.989970
0.056375 70.183866
0.056500 78.019418
0.056625 84.990764
0.056750 90.927286
0.056875 95.930932
0.057000 100.310546
0.057125 104.308758
0.057250 107.996946
0.057375 111.469067
0.057500 114.626461
0.057625 117.567086
0.057750 120.285029
0.057875 122.782440
0.058000 124.919050
0.058125 126.625465
0.058250 127.820655
0.058375 128.417412
0.058500 128.374284
0.058625 127.768983
0.058750 126.637948
0.058875 125.020975
0.059000 122.956006
0.059125 120.583528
0.059250 117.938967
0.059375 115.024472
0.059500 111.891562
0.059625 108.585122
0.059750 105.075449
0.059875 101.350595
0.060000 97.263839
0.060125 92.571382
0.060250 87.083733
0.060375 80.600035
0.060500 72.966299
0.060625 65.106090
0.060750 58.002032
0.060875 52.441021
0.061000 50.461084
0.061125 51.909721
0.061250 56.357321
0.061375 63.186672
0.061500 70.545722
0.061625 77.531578
0.061750 83.789083
0.061875 89.110535
0.062000 93.554700
0.062125 97.426332
0.062250 101.024971
0.062375 104.334272
