0.000000 0.000000
0.000125 27.459785
0.000250 47.393198
0.000375 64.955462
0.000500 79.541703
0.000625 91.072681
0.000750 99.831690
0.000875 106.421138
0.001000 111.350317
0.001125 115.506568
0.001250 119.430841
0.001375 123.387458
0.001500 127.142500
0.001625 130.172240
0.001750 131.991555
0.001875 132.655273
0.002000 132.356802
0.002125 131.555519
0.002250 130.541711
0.002375 129.670866
0.002500 129.380010
0.002625 129.740416
0.002750 130.796067
0.002875 132.481459
0.003000 134.306892
0.003125 135.796085
0.003250 136.691331
0.003375 136.655673
0.003500 135.385382
0.003625 133.047188
0.003750 130.120934
0.003875 127.035994
0.004000 123.858192
0.004125 120.507110
0.004250 116.211645
0.004375 110.063219
0.004500 101.633795
0.004625 90.672976
0.004750 76.985177
0.004875 61.241945
0.005000 45.578361
0.005125 39.478969
0.005250 51.207913
0.005375 67.991791
0.005500 83.763462
0.005625 97.161501
0.005750 107.811546
0.005875 115.993711
0.006000 122.021842
0.006125 126.593038
0.006250 130.584446
0.006375 134.269549
0.006500 137.669751
0.006625 140.649347
0.006750 142.946495
0.006875 144.206842
0.007000 144.397281
0.007125 143.701417
0.007250 142.538857
0.007375 141.155416
0.007500 140.037163
0.007625 139.528557
0.007750 139.807478
0.007875 140.901340
0.008000 142.450581
0.008125 143.944027
0.008250 145.020918
0.008375 145.407468
0.008500 144.789910
0.008625 142.995957
0.008750 140.283727
0.008875 136.948216
0.009000 133.352319
0.009125 129.657132
0.009250 125.678311
0.009375 120.573504
0.009500 113.428611
0.009625 103.986400
0.009750 92.014027
0.009875 77.714270
0.010000 62.061045
0.010125 48.602821
0.010250 45.810670
0.010375 56.747561
0.010500 72.416999
0.010625 87.254732
0.010750 99.759482
0.010875 109.595820
0.011000 116.988923
0.011125 122.400246
0.011250 126.540505
0.011375 130.074090
0.011500 133.236014
0.011625 136.020146
0.011750 138.364474
0.011875 140.030484
0.012000 140.659105
0.012125 140.244194
0.012250 139.058622
0.012375 137.499504
0.012500 135.910853
0.012625 134.569182
0.012750 133.828284
0.012875 133.785559
0.013000 134.384192
0.013125 135.449557
0.013250 136.391877
0.013375 136.911247
0.013500 136.674267
0.013625 135.392483
0.013750 132.961884
0.013875 129.620234
0.014000 125.774391
0.014125 121.856150
0.014250 117.864516
0.014375 113.463635
0.014500 107.713973
0.014625 99.916060
0.014750 89.756269
0.014875 76.961880
0.015000 61.598191
0.015125 45.063162
0.015250 32.476316
0.015375 32.279606
0.015500 44.218594
0.015625 60.285242
0.015750 75.042031
0.015875 87.138974
0.016000 96.503091
0.016125 103.592755
0.016250 109.055064
0.016375 113.533709
0.016500 117.197994
0.016625 120.480164
0.016750 123.706733
0.016875 126.585624
0.017000 128.580353
0.017125 129.638232
0.017250 129.707284
0.017375 129.110543
0.017500 128.330979
0.017625 127.625746
0.017750 127.147509
0.017875 127.058278
0.018000 127.607734
0.018125 128.867065
0.018250 130.456412
0.018375 131.949399
0.018500 132.945615
0.018625 133.175978
0.018750 132.339178
0.018875 130.453236
0.019000 127.731768
0.019125 124.578705
0.019250 121.259830
0.019375 117.811803
0.019500 113.802612
0.019625 108.342024
0.019750 100.938141
0.019875 91.179998
0.020000 79.021974
0.020125 65.247319
0.020250 52.333069
0.020375 45.069519
0.020500 47.315943
0.020625 58.196379
0.020750 72.681296
0.020875 86.990571
0.021000 99.125833
0.021125 108.730592
0.021250 116.159492
0.021375 122.007405
0.021500 126.833639
0.021625 130.978237
0.021750 134.532438
0.021875 137.518011
0.022000 139.918186
0.022125 141.636327
0.022250 142.474991
0.022375 142.387522
0.022500 141.734075
0.022625 140.780986
0.022750 139.886832
0.022875 139.403071
0.023000 139.483678
0.023125 140.153474
0.023250 141.302865
0.023375 142.620412
0.023500 143.781344
0.023625 144.513663
0.023750 144.473818
0.023875 143.452131
0.024000 141.440328
0.024125 138.725266
0.024250 135.500604
0.024375 132.002880
0.024500 128.178635
0.024625 123.471935
0.024750 117.261898
0.024875 109.039378
0.025000 98.636499
0.025125 86.271894
0.025250 73.537619
0.025375 62.992692
0.025500 58.064461
0.025625 60.530193
0.025750 69.577179
0.025875 81.791480
0.026000 94.334457
0.026125 105.386310
0.026250 114.179887
0.026375 121.038189
0.026500 126.447810
0.026625 130.856888
0.026750 134.483257
0.026875 137.481930
0.027000 139.843724
0.027125 141.634572
0.027250 142.673829
0.027375 142.972349
0.027500 142.541779
0.027625 141.583628
0.027750 140.451942
0.027875 139.427252
0.028000 138.718516
0.028125 138.475763
0.028250 138.706746
0.028375 139.299423
0.028500 139.992212
0.028625 140.494609
0.028750 140.429341
0.028875 139.632205
0.029000 137.928722
0.029125 135.269185
0.029250 131.898095
0.029375 128.101504
0.029500 124.052281
0.029625 119.446378
0.029750 113.867123
0.029875 106.809956
0.030000 97.761784
0.030125 86.577219
0.030250 74.150299
0.030375 61.772635
0.030500 52.466640
0.030625 49.010092
0.030750 51.954281
0.030875 60.906736
0.031000 72.305089
0.031125 83.937881
0.031250 94.396275
0.031375 102.801659
0.031500 109.447519
0.031625 114.836238
0.031750 119.164733
0.031875 122.740482
0.032000 125.624047
0.032125 127.868350
0.032250 129.480063
0.032375 130.347434
0.032500 130.531454
0.032625 130.184848
0.032750 129.531178
0.032875 128.815047
0.033000 128.127684
0.033125 127.687444
0.033250 127.548298
0.033375 127.950430
0.033500 128.915435
0.033625 129.920494
0.033750 130.655967
0.033875 130.827113
0.034000 130.218888
0.034125 128.724813
0.034250 126.413654
0.034375 123.497942
0.034500 120.119986
0.034625 116.503934
0.034750 112.248527
0.034875 106.912591
0.035000 99.859612
0.035125 90.925770
0.035250 80.589855
0.035375 69.577386
0.035500 59.496487
0.035625 53.251004
0.035750 52.073189
0.035875 56.151480
0.036000 65.101282
0.036125 76.229549
0.036250 87.471229
0.036375 98.068497
0.036500 107.052658
0.036625 114.441996
0.036750 120.533822
0.036875 125.550274
0.037000 129.659984
0.037125 133.028937
0.037250 135.625321
0.037375 137.524021
0.037500 138.756076
0.037625 139.393923
0.037750 139.518575
0.037875 139.281524
0.038000 139.030086
0.038125 138.859140
0.038250 138.923253
0.038375 139.303313
0.038500 139.943188
0.038625 140.806816
0.038750 141.664408
0.038875 142.265444
0.039000 142.328938
0.039125 141.760192
0.039250 140.405109
0.039375 138.252736
0.039500 135.481208
0.039625 132.186389
0.039750 128.358802
0.039875 123.679548
0.040000 117.779708
0.040125 110.407197
0.040250 101.627891
0.040375 92.080958
0.040500 82.346761
0.040625 74.347320
0.040750 69.706805
0.040875 69.030120
0.041000 72.570394
0.041125 80.087238
0.041250 89.627690
0.041375 99.352486
0.041500 108.556086
0.041625 116.777971
0.041750 123.528019
0.041875 129.057008
0.042000 133.448421
0.042125 136.946140
0.042250 139.682268
0.042375 141.670976
0.042500 143.049943
0.042625 143.789011
0.042750 143.963613
0.042875 143.739275
0.043000 143.253358
0.043125 142.749184
0.043250 142.396779
0.043375 142.231531
0.043500 142.311660
0.043625 142.590303
0.043750 142.944582
0.043875 143.223995
0.044000 143.258071
0.044125 142.776768
0.044250 141.651482
0.044375 139.761313
0.044500 137.073115
0.044625 133.695664
0.044750 129.733126
0.044875 125.055538
0.045000 119.399635
0.045125 112.562578
0.045250 104.522017
0.045375 95.525477
0.045500 85.854120
0.045625 76.567270
0.045750 69.470281
0.045875 65.587891
0.046000 65.068362
0.046125 68.371170
0.046250 75.114583
0.046375 83.799140
0.046500 92.528561
0.046625 100.803207
0.046750 108.444426
0.046875 115.045591
0.047000 120.375400
0.047125 124.628099
0.047250 127.924469
0.047375 130.448816
0.047500 132.214837
0.047625 133.228718
0.047750 133.681386
0.047875 133.718620
0.048000 133.403915
0.048125 132.986990
0.048250 132.547602
0.048375 132.147460
0.048500 131.872419
0.048625 131.805020
0.048750 131.887733
0.048875 131.966401
0.049000 131.934668
0.049125 131.594198
0.049250 130.734997
0.049375 129.264086
0.049500 127.135487
0.049625 124.337019
0.049750 120.853377
0.049875 116.736733
0.050000 111.897806
0.050125 106.390586
0.050250 99.737265
0.050375 92.169317
0.050500 83.655877
0.050625 74.631436
0.050750 66.701289
0.050875 61.668008
0.051000 59.402928
0.051125 59.893356
0.051250 63.815208
0.051375 71.004855
0.051500 80.054503
0.051625 88.895343
0.051750 97.266457
0.051875 105.199886
0.052000 112.426085
0.052125 118.468036
0.052250 123.424053
0.052375 127.336406
0.052500 130.380325
0.052625 132.657254
0.052750 134.286311
0.052875 135.423979
0.053000 136.167280
0.053125 136.633764
0.053250 136.973286
0.053375 137.315061
0.053500 137.633385
0.053625 138.013484
0.053750 138.499420
0.053875 139.063623
0.054000 139.549635
0.054125 139.896124
0.054250 139.930610
0.054375 139.441514
0.054500 138.388362
0.054625 136.671414
0.054750 134.213203
0.054875 131.169066
0.055000 127.354989
0.055125 122.649548
0.055250 116.972688
0.055375 110.617634
0.055500 103.594643
0.055625 95.853264
0.055750 88.217892
0.055875 82.167909
0.056000 78.349524
0.056125 76.621996
0.056250 77.519379
0.056375 81.167136
0.056500 87.357781
0.056625 95.233266
0.056750 103.206281
0.056875 110.685092
0.057000 117.768529
0.057125 124.247322
0.057250 129.708272
0.057375 134.126762
0.057500 137.521123
0.057625 140.109263
0.057750 141.989968
0.057875 143.327407
0.058000 144.156349
0.058125 144.593287
0.058250 144.720698
0.058375 144.721679
0.058500 144.670175
0.058625 144.655822
0.058750 144.668173
0.058875 144.755070
0.059000 144.846235
0.059125 144.935497
0.059250 144.862361
0.059375 144.490478
0.059500 143.532688
0.059625 142.004846
0.059750 139.813358
0.059875 136.925370
0.060000 133.338836
0.060125 128.823146
0.060250 123.430366
0.060375 117.348694
0.060500 110.748075
0.060625 103.388829
0.060750 95.651394
0.060875 88.492281
0.061000 83.175128
0.061125 79.750230
0.061250 77.964024
0.061375 78.562289
0.061500 81.570779
0.061625 86.920509
0.061750 93.864712
0.061875 101.042429
0.062000 107.697894
0.062125 114.006438
0.062250 119.787318
0.062375 124.857570
