0.000000 0.000000
0.000125 38.291667
0.000250 70.458123
0.000375 100.210693
0.000500 126.970795
0.000625 150.012717
0.000750 169.207831
0.000875 184.369892
0.001000 195.708081
0.001125 203.511712
0.001250 209.531488
0.001375 214.908677
0.001500 218.907304
0.001625 222.247260
0.001750 226.216041
0.001875 230.537545
0.002000 234.250049
0.002125 236.795404
0.002250 238.151872
0.002375 238.215009
0.002500 236.955851
0.002625 234.438542
0.002750 230.766211
0.002875 226.721856
0.003000 223.515450
0.003125 220.491275
0.003250 216.442238
0.003375 211.900078
0.003500 206.508600
0.003625 198.323386
0.003750 186.512600
0.003875 170.738183
0.004000 151.080161
0.004125 127.712408
0.004250 100.917904
0.004375 71.571497
0.004500 42.619374
0.004625 39.046576
0.004750 63.151397
0.004875 92.055587
0.005000 120.199888
0.005125 145.428967
0.005250 167.009093
0.005375 184.840999
0.005500 198.875017
0.005625 209.175098
0.005750 216.437281
0.005875 222.421092
0.006000 227.560316
0.006125 231.147079
0.006250 234.515741
0.006375 238.369032
0.006500 242.060812
0.006625 244.666405
0.006750 246.283731
0.006875 246.836076
0.007000 246.187663
0.007125 244.220947
0.007250 241.021636
0.007375 236.987124
0.007500 233.034402
0.007625 229.401691
0.007750 225.268427
0.007875 220.579027
0.008000 215.648190
0.008125 209.082587
0.008250 199.223047
0.008375 185.784002
0.008500 168.468320
0.008625 147.339484
0.008750 122.772505
0.008875 95.297670
0.009000 66.911965
0.009125 49.206093
0.009250 59.429980
0.009375 82.326995
0.009500 106.795094
0.009625 131.160636
0.009750 153.941244
0.009875 173.870078
0.010000 190.134827
0.010125 202.758767
0.010250 211.965857
0.010375 218.987704
0.010500 225.084283
0.010625 229.508627
0.010750 233.040001
0.010875 236.668917
0.011000 240.196095
0.011125 242.904303
0.011250 244.508839
0.011375 245.102622
0.011500 244.526574
0.011625 242.850387
0.011750 240.028803
0.011875 236.094480
0.012000 231.828070
0.012125 227.715282
0.012250 223.401715
0.012375 218.357899
0.012500 212.907048
0.012625 206.724246
0.012750 198.451447
0.012875 187.024971
0.013000 171.929346
0.013125 153.078672
0.013250 130.629278
0.013375 104.940944
0.013500 76.938784
0.013625 52.408398
0.013750 49.306545
0.013875 67.090794
0.014000 89.949514
0.014125 112.079754
0.014250 132.757702
0.014375 151.970984
0.014500 168.797555
0.014625 183.152293
0.014750 194.458491
0.014875 203.304548
0.015000 210.489780
0.015125 216.122504
0.015250 220.660545
0.015375 224.677724
0.015500 228.662460
0.015625 232.125603
0.015750 234.407976
0.015875 235.533569
0.016000 235.484253
0.016125 234.316104
0.016250 231.944384
0.016375 228.545156
0.016500 224.531961
0.016625 220.417256
0.016750 216.524922
0.016875 212.242328
0.017000 207.149541
0.017125 201.585278
0.017250 194.513002
0.017375 184.951159
0.017500 172.232150
0.017625 156.159550
0.017750 136.509778
0.017875 113.463442
0.018000 87.948795
0.018125 63.134764
0.018250 50.523135
0.018375 59.946462
0.018500 80.308191
0.018625 103.071360
0.018750 124.334503
0.018875 143.155694
0.019000 159.966604
0.019125 174.750225
0.019250 187.052118
0.019375 197.384507
0.019500 206.411659
0.019625 214.061469
0.019750 220.310832
0.019875 225.823303
0.020000 230.937151
0.020125 235.577027
0.020250 239.318699
0.020375 241.713492
0.020500 242.865894
0.020625 242.738321
0.020750 241.376091
0.020875 238.925206
0.021000 235.572367
0.021125 231.892576
0.021250 228.149179
0.021375 224.082805
0.021500 219.572993
0.021625 214.443867
0.021750 208.201427
0.021875 199.725611
0.022000 188.456486
0.022125 174.003791
0.022250 156.264807
0.022375 135.451974
0.022500 112.208117
0.022625 89.124789
0.022750 72.743280
0.022875 71.706730
0.023000 85.226651
0.023125 105.214017
0.023250 126.399730
0.023375 145.836817
0.023500 162.698767
0.023625 176.723227
0.023750 188.678859
0.023875 198.767292
0.024000 207.191189
0.024125 214.540318
0.024250 221.063190
0.024375 227.064765
0.024500 232.663239
0.024625 237.822440
0.024750 242.225700
0.024875 245.563283
0.025000 247.501335
0.025125 248.003288
0.025250 247.166765
0.025375 245.132174
0.025500 242.015739
0.025625 238.258600
0.025750 234.233509
0.025875 229.923998
0.026000 225.252944
0.026125 220.034686
0.026250 214.040928
0.026375 206.228510
0.026500 195.916931
0.026625 182.619926
0.026750 166.112648
0.026875 146.562075
0.027000 124.631730
0.027125 102.241734
0.027250 83.254731
0.027375 75.114632
0.027500 81.608463
0.027625 97.585114
0.027750 117.401232
0.027875 137.300433
0.028000 155.132055
0.028125 170.219516
0.028250 182.310723
0.028375 191.707801
0.028500 199.888461
0.028625 207.023203
0.028750 212.904824
0.028875 218.049305
0.029000 223.005091
0.029125 228.059350
0.029250 232.907710
0.029375 236.980872
0.029500 239.727953
0.029625 241.107095
0.029750 241.074718
0.029875 239.638919
0.030000 237.024138
0.030125 233.456758
0.030250 229.399938
0.030375 225.028867
0.030500 220.259250
0.030625 215.056021
0.030750 209.064718
0.030875 201.748382
0.031000 192.442074
0.031125 180.417605
0.031250 165.346419
0.031375 147.158749
0.031500 126.226578
0.031625 104.431695
0.031750 83.728828
0.031875 70.811117
0.032000 69.838948
0.032125 82.138201
0.032250 99.552453
0.032375 119.153578
0.032500 138.189585
0.032625 154.712561
0.032750 168.473890
0.032875 179.286921
0.033000 187.528645
0.033125 194.140794
0.033250 200.281652
0.033375 205.619629
0.033500 210.566799
0.033625 215.314422
0.033750 220.074954
0.033875 224.622262
0.034000 228.631881
0.034125 231.587886
0.034250 233.181493
0.034375 233.451535
0.034500 232.344814
0.034625 230.133829
0.034750 227.138621
0.034875 223.616966
0.035000 219.702183
0.035125 215.271941
0.035250 210.234487
0.035375 204.074756
0.035500 196.286443
0.035625 186.101070
0.035750 173.117243
0.035875 157.124148
0.036000 138.520945
0.036125 118.640269
0.036250 98.784420
0.036375 84.156308
0.036500 78.384019
0.036625 84.653725
0.036750 99.311262
0.036875 117.307918
0.037000 136.465102
0.037125 154.604881
0.037250 170.374813
0.037375 183.262188
0.037500 193.576976
0.037625 201.532127
0.037750 207.819547
0.037875 212.819401
0.038000 217.785998
0.038125 222.426691
0.038250 226.764283
0.038375 230.850696
0.038500 234.490571
0.038625 237.470600
0.038750 239.565159
0.038875 240.745588
0.039000 240.726412
0.039125 239.486891
0.039250 237.239858
0.039375 234.260248
0.039500 230.604415
0.039625 226.462868
0.039750 221.662757
0.039875 215.895872
0.040000 208.714253
0.040125 199.473607
0.040250 187.616474
0.040375 173.006373
0.040500 155.845464
0.040625 137.258432
0.040750 118.314560
0.040875 102.230357
0.041000 92.772118
0.041125 92.652104
0.041250 102.381187
0.041375 117.375839
0.041500 134.594534
0.041625 152.258039
0.041750 168.725198
0.041875 182.806685
0.042000 194.380688
0.042125 203.425102
0.042250 210.594014
0.042375 216.052897
0.042500 220.242037
0.042625 223.754627
0.042750 227.552916
0.042875 231.254839
0.043000 234.532378
0.043125 237.075564
0.043250 238.796834
0.043375 239.634573
0.043500 239.645512
0.043625 238.747065
0.043750 237.059715
0.043875 234.578258
0.044000 231.265769
0.044125 227.334274
0.044250 222.795462
0.044375 217.311346
0.044500 210.470349
0.044625 201.973072
0.044750 191.162390
0.044875 177.582030
0.045000 161.517968
0.045125 144.047877
0.045250 125.591847
0.045375 108.262323
0.045500 95.977697
0.045625 90.939949
0.045750 95.297552
0.045875 107.406658
0.046000 122.396900
0.046125 138.959425
0.046250 155.262572
0.046375 170.205371
0.046500 182.805947
0.046625 193.143426
0.046750 201.408235
0.046875 207.792657
0.047000 212.721850
0.047125 216.326000
0.047250 219.161945
0.047375 221.846551
0.047500 224.852365
0.047625 227.427099
0.047750 229.149761
0.047875 229.951782
0.048000 229.886387
0.048125 228.891328
0.048250 227.015622
0.048375 224.648539
0.048500 221.746363
0.048625 218.279721
0.048750 214.240655
0.048875 209.308809
0.049000 203.150227
0.049125 195.479882
0.049250 185.845723
0.049375 173.797287
0.049500 159.199554
0.049625 143.094354
0.049750 125.837087
0.049875 108.359408
0.050000 94.594150
0.050125 86.611435
0.050250 86.533533
0.050375 95.276836
0.050500 109.070207
0.050625 124.434765
0.050750 140.882953
0.050875 156.505936
0.051000 170.711197
0.051125 182.799751
0.051250 192.807887
0.051375 200.913241
0.051500 207.507902
0.051625 212.664989
0.051750 216.711939
0.051875 219.937970
0.052000 222.734966
0.052125 225.397534
0.052250 227.898691
0.052375 229.706130
0.052500 230.608822
0.052625 230.524092
0.052750 229.530243
0.052875 227.681296
0.053000 225.194225
0.053125 222.315526
0.053250 219.075059
0.053375 215.212880
0.053500 210.348757
0.053625 204.030150
0.053750 195.921143
0.053875 185.665441
0.054000 173.154725
0.054125 159.006110
0.054250 143.654013
0.054375 127.560339
0.054500 113.823135
0.054625 104.163743
0.054750 100.447902
0.054875 104.663215
0.055000 115.380337
0.055125 128.925192
0.055250 143.796707
0.055375 159.219682
0.055500 173.725277
0.055625 186.689842
0.055750 197.769518
0.055875 206.895608
0.056000 214.225033
0.056125 220.191504
0.056250 224.901712
0.056375 228.540414
0.056500 231.485580
0.056625 233.787558
0.056750 235.560216
0.056875 236.944127
0.057000 237.804410
0.057125 237.939170
0.057250 237.146885
0.057375 235.480100
0.057500 233.064742
0.057625 229.856840
0.057750 226.143108
0.057875 222.074798
0.058000 217.217406
0.058125 211.297763
0.058250 203.888559
0.058375 194.626310
0.058500 183.221820
0.058625 170.339308
0.058750 156.132182
0.058875 140.947754
0.059000 126.810863
0.059125 115.789193
0.059250 109.227238
0.059375 109.259671
0.059500 115.953298
0.059625 127.289538
0.059750 140.329000
0.059875 154.379312
0.060000 168.371194
0.060125 181.395508
0.060250 193.125258
0.060375 203.062971
0.060500 211.194754
0.060625 217.703484
0.060750 222.941641
0.060875 226.960309
0.061000 230.087543
0.061125 232.485296
0.061250 234.212551
0.061375 235.268714
0.061500 235.605899
0.061625 235.419500
0.061750 234.558358
0.061875 233.003854
0.062000 230.643430
0.062125 227.475346
0.062250 223.678437
0.062375 219.215610
