0.000000 0.000000
0.000125 69.308212
0.000250 131.070553
0.000375 186.054426
0.000500 232.747523
0.000625 271.006452
0.000750 302.033437
0.000875 326.813585
0.001000 345.861843
0.001125 360.766745
0.001250 373.730329
0.001375 384.913709
0.001500 394.144086
0.001625 401.210053
0.001750 406.333769
0.001875 409.781152
0.002000 411.764783
0.002125 412.388522
0.002250 411.741414
0.002375 409.652461
0.002500 406.025740
0.002625 400.663790
0.002750 393.234050
0.002875 383.729829
0.003000 372.332061
0.003125 358.909990
0.003250 343.284997
0.003375 323.024540
0.003500 297.113354
0.003625 264.671611
0.003750 224.661944
0.003875 176.176590
0.004000 119.969923
0.004125 59.230375
0.004250 35.218057
0.004375 92.059877
0.004500 151.378872
0.004625 203.722968
0.004750 247.999180
0.004875 284.173218
0.005000 313.403254
0.005125 336.790565
0.005250 354.519232
0.005375 368.828558
0.005500 381.179903
0.005625 391.947924
0.005750 400.547067
0.005875 406.934646
0.006000 411.568265
0.006125 414.553978
0.006250 416.054287
0.006375 416.308863
0.006500 415.299131
0.006625 412.686199
0.006750 408.475379
0.006875 402.468059
0.007000 394.496450
0.007125 384.461034
0.007250 372.264004
0.007375 358.048582
0.007500 341.169645
0.007625 319.586965
0.007750 292.072635
0.007875 257.748910
0.008000 215.551191
0.008125 165.028462
0.008250 107.777943
0.008375 54.454331
0.008500 55.872477
0.008625 111.002231
0.008750 168.065213
0.008875 217.873109
0.009000 259.785218
0.009125 293.918496
0.009250 321.474392
0.009375 343.330572
0.009500 359.834723
0.009625 373.374808
0.009750 385.192731
0.009875 395.344790
0.010000 403.150391
0.010125 408.834137
0.010250 412.866557
0.010375 415.330845
0.010500 416.399708
0.010625 416.257876
0.010750 414.651120
0.010875 411.409975
0.011000 406.572363
0.011125 399.918771
0.011250 391.276818
0.011375 380.522246
0.011500 367.514844
0.011625 352.326106
0.011750 334.017577
0.011875 310.801257
0.012000 281.326413
0.012125 244.673091
0.012250 200.050658
0.012375 147.431992
0.012500 91.204927
0.012625 52.071887
0.012750 68.190848
0.012875 122.770802
0.013000 177.923821
0.013125 225.682983
0.013250 265.660951
0.013375 298.172493
0.013500 324.397669
0.013625 344.912722
0.013750 360.525581
0.013875 373.499281
0.014000 384.729905
0.014125 394.216420
0.014250 401.375523
0.014375 406.590295
0.014500 410.151018
0.014625 412.219626
0.014750 412.942486
0.014875 412.433318
0.015000 410.310541
0.015125 406.495815
0.015250 401.098888
0.015375 393.961224
0.015500 384.768727
0.015625 373.404237
0.015750 359.650864
0.015875 343.543223
0.016000 323.930606
0.016125 299.206929
0.016250 267.740054
0.016375 228.851621
0.016500 182.007089
0.016625 129.033417
0.016750 78.377437
0.016875 55.661187
0.017000 80.147730
0.017125 133.647015
0.017250 187.116500
0.017375 233.106150
0.017500 271.565960
0.017625 302.762948
0.017750 327.940010
0.017875 347.575947
0.018000 362.727602
0.018125 375.450771
0.018250 386.405432
0.018375 395.546020
0.018500 402.403140
0.018625 407.437661
0.018750 410.890376
0.018875 412.880480
0.019000 413.531648
0.019125 412.845189
0.019250 410.442625
0.019375 406.415215
0.019500 400.833072
0.019625 393.344993
0.019750 383.779808
0.019875 371.849226
0.020000 357.419869
0.020125 340.479154
0.020250 319.594556
0.020375 293.364557
0.020500 260.163852
0.020625 219.467404
0.020750 172.137124
0.020875 122.263124
0.021000 83.019230
0.021125 74.793758
0.021250 102.070420
0.021375 151.907261
0.021500 202.854164
0.021625 246.652911
0.021750 283.203800
0.021875 312.906686
0.022000 336.770218
0.022125 355.324445
0.022250 370.014709
0.022375 382.265931
0.022500 392.657066
0.022625 401.149650
0.022750 407.515392
0.022875 412.134407
0.023000 415.232839
0.023125 416.785622
0.023250 417.029013
0.023375 415.818303
0.023500 412.806930
0.023625 408.314590
0.023750 402.122830
0.023875 394.003704
0.024000 383.627428
0.024125 370.792987
0.024250 355.460703
0.024375 337.230512
0.024500 314.709409
0.024625 286.572373
0.024750 251.371420
0.024875 209.290768
0.025000 163.473073
0.025125 118.802825
0.025250 90.505005
0.025375 91.856286
0.025500 120.096935
0.025625 166.951853
0.025750 215.176047
0.025875 256.805780
0.026000 291.547855
0.026125 319.681954
0.026250 342.232943
0.026375 359.827688
0.026500 373.971457
0.026625 385.567461
0.026750 395.268256
0.026875 403.093591
0.027000 408.871683
0.027125 412.993539
0.027250 415.616006
0.027375 416.674355
0.027500 416.377346
0.027625 414.477834
0.027750 410.913369
0.027875 405.813604
0.028000 398.956052
0.028125 390.007132
0.028250 378.813821
0.028375 365.017174
0.028500 348.580194
0.028625 328.821609
0.028750 304.393769
0.028875 274.087114
0.029000 236.881930
0.029125 195.293547
0.029250 150.403132
0.029375 113.010610
0.029500 93.395915
0.029625 101.356006
0.029750 130.560821
0.029875 175.146963
0.030000 221.536278
0.030125 261.425304
0.030250 294.813204
0.030375 321.670135
0.030500 343.175472
0.030625 360.126095
0.030750 373.688477
0.030875 384.655186
0.031000 393.763918
0.031125 401.040344
0.031250 406.410408
0.031375 410.147241
0.031500 412.333883
0.031625 412.968901
0.031750 412.223725
0.031875 409.828240
0.032000 405.808498
0.032125 400.118120
0.032250 392.643544
0.032375 383.075813
0.032500 371.115475
0.032625 356.465596
0.032750 338.933820
0.032875 317.673883
0.033000 291.584650
0.033125 259.222912
0.033250 222.286296
0.033375 180.656219
0.033500 140.175091
0.033625 109.227240
0.033750 98.671968
0.033875 111.267876
0.034000 140.634934
0.034125 183.436868
0.034250 228.173545
0.034375 266.767749
0.034500 298.987625
0.034625 325.036919
0.034750 345.808699
0.034875 362.426236
0.035000 375.599536
0.035125 386.311881
0.035250 395.122270
0.035375 402.245372
0.035500 407.501070
0.035625 411.082517
0.035750 413.043787
0.035875 413.556991
0.036000 412.544060
0.036125 409.929157
0.036250 405.608253
0.036375 399.625703
0.036500 391.694865
0.036625 381.619803
0.036750 369.048335
0.036875 353.587387
0.037000 334.904563
0.037125 312.259982
0.037250 284.546986
0.037375 252.382887
0.037500 215.683168
0.037625 175.701166
0.037750 141.891985
0.037875 118.273825
0.038000 114.882666
0.038125 129.904489
0.038250 158.496220
0.038375 198.390629
0.038500 240.668241
0.038625 277.641475
0.038750 308.426732
0.038875 333.333591
0.039000 353.185508
0.039125 369.206235
0.039250 381.860107
0.039375 392.081239
0.039500 400.378332
0.039625 407.029189
0.039750 411.910083
0.039875 415.049424
0.040000 416.588308
0.040125 416.563107
0.040250 415.030147
0.040375 411.860462
0.040500 406.891897
0.040625 400.211203
0.040750 391.489481
0.040875 380.596081
0.041000 367.017012
0.041125 350.426477
0.041250 330.260075
0.041375 305.883307
0.041500 277.589342
0.041625 245.422648
0.041750 208.548191
0.041875 172.856081
0.042000 143.917659
0.042125 127.037234
0.042250 128.732125
0.042375 144.957341
0.042500 172.490639
0.042625 209.786489
0.042750 249.835886
0.042875 285.065053
0.043000 314.434932
0.043125 338.194215
0.043250 357.320282
0.043375 372.561625
0.043500 384.576439
0.043625 394.153063
0.043750 401.871290
0.043875 408.018159
0.044000 412.345801
0.044125 414.945676
0.044250 415.923252
0.044375 415.352803
0.044500 413.161306
0.044625 409.341428
0.044750 403.634950
0.044875 396.180670
0.045000 386.649012
0.045125 374.844150
0.045250 360.143942
0.045375 342.159759
0.045500 320.346373
0.045625 294.908630
0.045750 266.450063
0.045875 233.276190
0.046000 197.423108
0.046125 166.484727
0.046250 141.265357
0.046375 130.287719
0.046500 135.716822
0.046625 152.943037
0.046750 179.689514
0.046875 215.073662
0.047000 253.643671
0.047125 287.636864
0.047250 315.894900
0.047375 338.855865
0.047500 357.285485
0.047625 371.939613
0.047750 383.401701
0.047875 392.420325
0.048000 399.707402
0.048125 405.433893
0.048250 409.287029
0.048375 411.435958
0.048500 411.997466
0.048625 410.915141
0.048750 408.316303
0.048875 403.900864
0.049000 397.665762
0.049125 389.534495
0.049250 379.283261
0.049375 366.573028
0.049500 350.818278
0.049625 331.521103
0.049750 308.679184
0.049875 283.439870
0.050000 254.182206
0.050125 220.624172
0.050250 188.522774
0.050375 161.189230
0.050500 140.990300
0.050625 135.461899
0.050750 143.594040
0.050875 161.616742
0.051000 187.870166
0.051125 221.751733
0.051250 258.922261
0.051375 291.870440
0.051500 319.260937
0.051625 341.713262
0.051750 359.697291
0.051875 374.012704
0.052000 385.215530
0.052125 394.104093
0.052250 401.199834
0.052375 406.703514
0.052500 410.387735
0.052625 412.349886
0.052750 412.675569
0.052875 411.313001
0.053000 408.339898
0.053125 403.537112
0.053250 396.907891
0.053375 388.226927
0.053500 377.352098
0.053625 363.841262
0.053750 347.100582
0.053875 326.946705
0.054000 304.424508
0.054125 278.702423
0.054250 248.827884
0.054375 217.071033
0.054500 189.503508
0.054625 165.385860
0.054750 150.658917
0.054875 149.475431
0.055000 158.990602
0.055125 177.112935
0.055250 202.202625
0.055375 234.299596
0.055500 269.414231
0.055625 300.976618
0.055750 327.292499
0.055875 348.918043
0.056000 366.174535
0.056125 379.943780
0.056250 390.621624
0.056375 399.064174
0.056500 405.720301
0.056625 410.735808
0.056750 414.017223
0.056875 415.490857
0.057000 415.264006
0.057125 413.300741
0.057250 409.652032
0.057375 404.166269
0.057500 396.705634
0.057625 387.248627
0.057750 375.390281
0.057875 360.762422
0.058000 342.828580
0.058125 322.614611
0.058250 299.644550
0.058375 272.928675
0.058500 242.939503
0.058625 214.536066
0.058750 189.635238
0.058875 169.127818
0.059000 158.882414
0.059125 160.715200
0.059250 170.969993
0.059375 188.849832
0.059500 212.763741
0.059625 243.137478
0.059750 276.357893
0.059875 306.555383
0.060000 331.869042
0.060125 352.652136
0.060250 369.136329
0.060375 382.222435
0.060500 392.273891
0.060625 400.188154
0.060750 406.277197
0.060875 410.749676
0.061000 413.448480
0.061125 414.409166
0.061250 413.474738
0.061375 410.865194
0.061500 406.477536
0.061625 400.210930
0.061750 391.987996
0.061875 381.536168
0.062000 368.613524
0.062125 352.761460
0.062250 334.560038
0.062375 313.908987
