0.000000 0.000000
0.000125 40.949155
0.000250 75.623725
0.000375 107.623277
0.000500 135.989247
0.000625 159.888394
0.000750 179.002804
0.000875 193.146964
0.001000 201.995295
0.001125 207.985309
0.001250 210.538015
0.001375 210.545765
0.001500 209.377365
0.001625 207.034417
0.001750 204.055697
0.001875 201.556313
0.002000 200.748161
0.002125 201.171424
0.002250 201.751762
0.002375 202.029926
0.002500 201.970150
0.002625 201.744660
0.002750 202.012889
0.002875 203.610703
0.003000 206.811841
0.003125 210.191986
0.003250 212.633657
0.003375 213.960080
0.003500 213.785046
0.003625 210.261123
0.003750 203.883499
0.003875 193.444861
0.004000 177.847586
0.004125 157.354058
0.004250 132.283993
0.004375 103.000192
0.004500 70.828648
0.004625 38.431327
0.004750 32.133351
0.004875 62.798029
0.005000 96.022117
0.005125 126.586472
0.005250 153.176887
0.005375 175.221454
0.005500 192.381709
0.005625 204.400050
0.005750 211.999635
0.005875 217.007783
0.006000 218.321085
0.006125 217.897179
0.006250 216.259019
0.006375 213.510225
0.006500 210.533991
0.006625 208.417698
0.006750 207.703442
0.006875 207.951178
0.007000 208.218049
0.007125 208.119080
0.007250 207.747362
0.007375 207.439487
0.007500 207.866285
0.007625 209.707497
0.007750 212.785021
0.007875 215.698220
0.008000 217.697080
0.008125 218.479545
0.008250 216.835394
0.008375 212.026954
0.008500 204.024475
0.008625 191.282512
0.008750 173.636961
0.008875 151.213901
0.009000 124.423138
0.009125 94.054126
0.009250 62.081470
0.009375 38.465331
0.009500 48.267397
0.009625 77.778248
0.009750 109.498914
0.009875 138.234953
0.010000 162.975539
0.010125 182.844981
0.010250 197.857843
0.010375 207.893938
0.010500 214.473931
0.010625 217.869875
0.010750 218.443716
0.010875 217.501116
0.011000 215.344893
0.011125 212.356228
0.011250 209.478256
0.011375 207.569148
0.011500 206.842890
0.011625 206.828037
0.011750 206.688326
0.011875 206.168969
0.012000 205.543715
0.012125 205.105879
0.012250 205.592982
0.012375 207.470605
0.012500 210.156788
0.012625 212.507041
0.012750 213.895419
0.012875 213.659087
0.013000 210.617235
0.013125 204.613552
0.013250 194.463665
0.013375 179.595490
0.013500 159.988128
0.013625 135.672670
0.013750 107.319005
0.013875 75.850221
0.014000 45.934076
0.014125 37.232239
0.014250 54.715011
0.014375 83.738425
0.014500 113.917387
0.014625 140.985374
0.014750 163.833093
0.014875 181.744121
0.015000 194.733954
0.015125 203.421074
0.015250 208.856637
0.015375 211.193522
0.015500 211.382778
0.015625 210.117657
0.015750 207.720701
0.015875 204.846268
0.016000 202.410044
0.016125 200.745207
0.016250 200.246598
0.016375 200.170818
0.016500 199.883463
0.016625 199.395588
0.016750 198.876778
0.016875 198.948716
0.017000 199.980133
0.017125 202.222586
0.017250 204.912558
0.017375 207.171287
0.017500 208.350263
0.017625 207.475260
0.017750 203.719055
0.017875 196.529516
0.018000 184.818492
0.018125 168.551409
0.018250 147.621084
0.018375 122.279432
0.018500 93.353167
0.018625 63.342332
0.018750 43.815101
0.018875 48.426228
0.019000 68.555528
0.019125 96.287321
0.019250 124.997708
0.019375 150.614336
0.019500 171.824073
0.019625 188.176546
0.019750 200.040599
0.019875 208.080371
0.020000 212.877891
0.020125 214.967200
0.020250 215.218899
0.020375 214.024423
0.020500 211.916232
0.020625 209.699476
0.020750 208.010479
0.020875 207.012309
0.021000 206.803113
0.021125 206.788931
0.021250 206.672516
0.021375 206.322963
0.021500 206.127454
0.021625 206.541940
0.021750 207.977556
0.021875 210.141429
0.022000 212.507562
0.022125 214.257822
0.022250 214.574880
0.022375 212.510423
0.022500 207.317451
0.022625 198.303141
0.022750 184.653885
0.022875 166.565802
0.023000 144.061911
0.023125 117.659068
0.023250 89.514867
0.023375 66.331349
0.023500 58.303798
0.023625 68.595429
0.023750 88.597580
0.023875 113.893448
0.024000 140.251614
0.024125 163.462496
0.024250 182.411914
0.024375 196.892688
0.024500 207.289429
0.024625 214.127650
0.024750 217.822543
0.024875 219.226475
0.025000 218.923884
0.025125 217.341210
0.025250 215.218971
0.025375 213.188037
0.025500 211.545637
0.025625 210.461524
0.025750 209.963759
0.025875 209.616918
0.026000 209.167043
0.026125 208.686575
0.026250 208.442771
0.026375 208.926451
0.026500 210.229424
0.026625 211.999557
0.026750 213.676230
0.026875 214.466163
0.027000 213.517015
0.027125 209.987467
0.027250 203.074600
0.027375 191.910146
0.027500 176.333121
0.027625 156.344562
0.027750 132.307989
0.027875 105.364071
0.028000 80.512178
0.028125 64.745237
0.028250 65.450738
0.028375 79.172388
0.028500 98.830328
0.028625 122.120227
0.028750 146.193362
0.028875 167.055988
0.029000 183.897086
0.029125 196.537938
0.029250 205.576427
0.029375 211.218532
0.029500 214.083152
0.029625 214.878539
0.029750 214.142970
0.029875 212.368331
0.030000 210.329720
0.030125 208.471142
0.030250 206.899111
0.030375 205.792777
0.030500 205.085016
0.030625 204.497454
0.030750 203.877419
0.030875 203.295540
0.031000 203.101287
0.031125 203.565134
0.031250 204.661920
0.031375 205.872005
0.031500 206.814621
0.031625 206.687215
0.031750 204.499489
0.031875 199.395786
0.032000 190.606734
0.032125 177.650973
0.032250 160.267835
0.032375 138.661765
0.032500 113.507285
0.032625 88.239734
0.032750 68.721801
0.032875 61.171755
0.033000 68.476928
0.033125 84.346515
0.033250 103.393014
0.033375 124.943548
0.033500 147.349333
0.033625 166.473385
0.033750 181.717936
0.033875 193.282590
0.034000 201.579745
0.034125 206.678756
0.034250 209.414481
0.034375 210.220631
0.034500 209.686015
0.034625 208.459096
0.034750 207.065595
0.034875 205.848577
0.035000 204.862203
0.035125 204.239788
0.035250 203.850943
0.035375 203.602166
0.035500 203.443327
0.035625 203.482740
0.035750 203.926653
0.035875 204.951500
0.036000 206.302859
0.036125 207.504788
0.036250 208.104323
0.036375 207.370226
0.036500 204.124216
0.036625 197.788677
0.036750 187.539846
0.036875 173.196424
0.037000 154.597625
0.037125 132.344257
0.037250 108.915049
0.037375 88.822293
0.037500 76.093567
0.037625 75.909154
0.037750 86.667452
0.037875 102.945595
0.038000 121.119088
0.038125 140.698683
0.038250 160.655432
0.038375 178.010739
0.038500 191.638248
0.038625 201.975624
0.038750 209.254428
0.038875 213.699652
0.039000 215.960401
0.039125 216.546245
0.039250 215.995364
0.039375 214.949001
0.039500 213.777707
0.039625 212.642280
0.039750 211.649267
0.039875 210.962096
0.040000 210.369622
0.040125 209.921600
0.040250 209.723700
0.040375 209.820569
0.040500 210.312731
0.040625 211.205387
0.040750 212.078756
0.040875 212.561193
0.041000 212.133635
0.041125 209.835697
0.041250 204.924832
0.041375 196.641855
0.041500 184.512280
0.041625 168.318408
0.041750 148.361451
0.041875 126.527944
0.042000 106.290424
0.042125 90.611800
0.042250 84.284038
0.042375 88.645433
0.042500 100.843316
0.042625 116.665752
0.042750 133.221786
0.042875 150.512950
0.043000 168.079382
0.043125 183.431692
0.043250 195.428859
0.043375 204.379924
0.043500 210.585835
0.043625 214.185108
0.043750 215.888094
0.043875 216.174464
0.044000 215.512305
0.044125 214.499111
0.044250 213.312409
0.044375 212.115783
0.044500 211.055273
0.044625 210.161588
0.044750 209.320322
0.044875 208.680619
0.045000 208.338915
0.045125 208.384957
0.045250 208.779153
0.045375 209.266290
0.045500 209.425373
0.045625 208.991492
0.045750 207.207483
0.045875 203.327900
0.046000 196.622087
0.046125 186.336692
0.046250 172.257237
0.046375 154.342680
0.046500 133.809337
0.046625 113.616133
0.046750 96.717214
0.046875 85.505048
0.047000 84.436554
0.047125 92.505415
0.047250 105.801772
0.047375 120.816835
0.047500 135.981741
0.047625 151.263288
0.047750 166.663727
0.047875 180.447561
0.048000 191.117280
0.048125 198.978838
0.048250 204.299333
0.048375 207.346984
0.048500 208.716557
0.048625 208.964192
0.048750 208.395330
0.048875 207.565467
0.049000 206.515642
0.049125 205.459778
0.049250 204.597829
0.049375 203.657238
0.049500 202.856012
0.049625 202.237114
0.049750 202.125341
0.049875 202.368329
0.050000 202.816490
0.050125 203.167705
0.050250 202.964570
0.050375 201.982217
0.050500 199.187859
0.050625 194.120907
0.050750 186.013140
0.050875 174.334869
0.051000 158.944304
0.051125 140.632838
0.051250 121.671750
0.051375 104.943159
0.051500 91.740173
0.051625 86.518019
0.051750 89.988542
0.051875 100.778887
0.052000 114.846221
0.052125 129.190365
0.052250 143.470491
0.052375 157.330185
0.052500 171.188614
0.052625 184.110085
0.052750 194.036276
0.052875 201.444791
0.053000 206.487794
0.053125 209.503775
0.053250 211.195180
0.053375 211.835347
0.053500 211.784543
0.053625 211.450573
0.053750 210.880351
0.053875 210.316012
0.054000 209.704699
0.054125 209.143452
0.054250 208.644065
0.054375 208.416179
0.054500 208.613961
0.054625 209.160232
0.054750 209.601902
0.054875 209.624763
0.055000 208.894812
0.055125 206.735244
0.055250 202.641840
0.055375 196.030985
0.055500 186.217848
0.055625 173.014350
0.055750 156.862322
0.055875 139.387574
0.056000 123.139833
0.056125 109.518961
0.056250 100.523697
0.056375 99.626283
0.056500 106.026264
0.056625 117.250252
0.056750 130.765568
0.056875 143.797989
0.057000 156.476998
0.057125 168.510286
0.057250 180.352420
0.057375 191.721747
0.057500 200.501656
0.057625 206.937369
0.057750 211.299328
0.057875 213.893157
0.058000 215.316388
0.058125 215.833346
0.058250 215.743079
0.058375 215.350448
0.058500 214.681941
0.058625 213.994846
0.058750 213.259828
0.058875 212.458806
0.059000 211.819857
0.059125 211.421989
0.059250 211.439785
0.059375 211.687672
0.059500 211.601027
0.059625 210.888865
0.059750 209.058989
0.059875 205.429363
0.060000 199.645782
0.060125 191.210019
0.060250 179.597395
0.060375 165.059595
0.060500 148.842355
0.060625 132.940732
0.060750 118.945964
0.060875 107.790828
0.061000 102.974338
0.061125 105.224647
0.061250 113.615301
0.061375 125.041326
0.061500 137.772800
0.061625 149.386989
0.061750 160.536938
0.061875 170.725740
0.062000 180.849685
0.062125 190.821825
0.062250 198.624120
0.062375 204.199721
