0.000000 0.000000
0.000125 58.009566
0.000250 106.626246
0.000375 150.594774
0.000500 188.830283
0.000625 222.134131
0.000750 251.352461
0.000875 277.334396
0.001000 299.877150
0.001125 317.999894
0.001250 333.450405
0.001375 345.872358
0.001500 355.066597
0.001625 362.795994
0.001750 367.534948
0.001875 369.770467
0.002000 370.662286
0.002125 370.592187
0.002250 369.576080
0.002375 367.277381
0.002500 362.871440
0.002625 355.786389
0.002750 347.005253
0.002875 335.093347
0.003000 320.158198
0.003125 302.669517
0.003250 281.190195
0.003375 256.248926
0.003500 228.364197
0.003625 196.710244
0.003750 160.178001
0.003875 118.519400
0.004000 72.766321
0.004125 34.545907
0.004250 57.822048
0.004375 101.819066
0.004500 145.775875
0.004625 185.063846
0.004750 219.407272
0.004875 249.690822
0.005000 276.526202
0.005125 299.607277
0.005250 318.549544
0.005375 334.533001
0.005500 347.416197
0.005625 356.894587
0.005750 364.942483
0.005875 370.161808
0.006000 372.618922
0.006125 373.426924
0.006250 373.128663
0.006375 371.785508
0.006500 369.122454
0.006625 364.612901
0.006750 357.866346
0.006875 349.217171
0.007000 337.558540
0.007125 323.031798
0.007250 305.729583
0.007375 284.859393
0.007500 260.692769
0.007625 233.650234
0.007750 203.017433
0.007875 168.120567
0.008000 128.720395
0.008125 86.068588
0.008250 55.092283
0.008375 67.996296
0.008500 103.011964
0.008625 141.954292
0.008750 179.194631
0.008875 213.833404
0.009000 245.005472
0.009125 272.691258
0.009250 296.387634
0.009375 316.177959
0.009500 332.714575
0.009625 345.975258
0.009750 356.117028
0.009875 364.304310
0.010000 369.906774
0.010125 372.767291
0.010250 373.617496
0.010375 373.142723
0.010500 371.538663
0.010625 368.601009
0.010750 363.822106
0.010875 357.035652
0.011000 348.224842
0.011125 336.714709
0.011250 322.402526
0.011375 305.145708
0.011500 284.678438
0.011625 261.023025
0.011750 234.488700
0.011875 204.803562
0.012000 171.174268
0.012125 133.338723
0.012250 93.307394
0.012375 67.898108
0.012500 75.631261
0.012625 105.179335
0.012750 139.588146
0.012875 173.997443
0.013000 206.269169
0.013125 236.288158
0.013250 263.908512
0.013375 288.346060
0.013500 309.139135
0.013625 326.351040
0.013750 340.291066
0.013875 351.348114
0.014000 360.007181
0.014125 365.969549
0.014250 369.330449
0.014375 370.551784
0.014500 370.149025
0.014625 368.522888
0.014750 365.463547
0.014875 360.600720
0.015000 353.746361
0.015125 344.789599
0.015250 333.320787
0.015375 319.287693
0.015500 302.282904
0.015625 282.321362
0.015750 259.382095
0.015875 233.723409
0.016000 204.904696
0.016125 172.262726
0.016250 135.919784
0.016375 99.651055
0.016500 78.850690
0.016625 83.994159
0.016750 108.729273
0.016875 140.066345
0.017000 172.016821
0.017125 202.580825
0.017250 231.197599
0.017375 257.234297
0.017500 280.858233
0.017625 301.919339
0.017750 319.776882
0.017875 334.630667
0.018000 346.853893
0.018125 356.256397
0.018250 363.022412
0.018375 367.090566
0.018500 369.037255
0.018625 369.295722
0.018750 367.966028
0.018875 365.087716
0.019000 360.327113
0.019125 353.460694
0.019250 344.366775
0.019375 333.028964
0.019500 319.374320
0.019625 302.826316
0.019750 283.543566
0.019875 261.692697
0.020000 236.976792
0.020125 208.994283
0.020250 177.495360
0.020375 143.208541
0.020500 111.859825
0.020625 95.069140
0.020750 98.644971
0.020875 118.758694
0.021000 147.656391
0.021125 176.379459
0.021250 205.468755
0.021375 232.519821
0.021500 257.593655
0.021625 279.929803
0.021750 299.620116
0.021875 316.827209
0.022000 331.551392
0.022125 344.077138
0.022250 354.118601
0.022375 361.379412
0.022500 366.196155
0.022625 368.769099
0.022750 369.513071
0.022875 368.593794
0.023000 365.928911
0.023125 361.404046
0.023250 354.809369
0.023375 345.815597
0.023500 334.499691
0.023625 320.991185
0.023750 304.996371
0.023875 286.392380
0.024000 265.066554
0.024125 240.777813
0.024250 213.399791
0.024375 182.942044
0.024500 150.686968
0.024625 123.726625
0.024750 109.575860
0.024875 111.872038
0.025000 128.488055
0.025125 153.905337
0.025250 181.836995
0.025375 207.763504
0.025500 233.811986
0.025625 257.515778
0.025750 279.069435
0.025875 298.259470
0.026000 314.395554
0.026125 328.068820
0.026250 340.000363
0.026375 349.830643
0.026500 357.196588
0.026625 362.365529
0.026750 365.463579
0.026875 366.670375
0.027000 366.150240
0.027125 363.755211
0.027250 359.484655
0.027375 353.107642
0.027500 344.348263
0.027625 333.295365
0.027750 320.050855
0.027875 304.417382
0.028000 286.085546
0.028125 264.946322
0.028250 240.949845
0.028375 213.927821
0.028500 184.073185
0.028625 153.882317
0.028750 130.152016
0.028875 117.897629
0.029000 119.279562
0.029125 133.574795
0.029250 155.802316
0.029375 182.639021
0.029500 208.029313
0.029625 231.432784
0.029750 254.678717
0.029875 275.250929
0.030000 293.827333
0.030125 310.008932
0.030250 323.430202
0.030375 334.552502
0.030500 343.634571
0.030625 350.748547
0.030750 355.802244
0.030875 359.064218
0.031000 360.680657
0.031125 360.612006
0.031250 358.803509
0.031375 354.999316
0.031500 349.096903
0.031625 340.868278
0.031750 330.388655
0.031875 317.456119
0.032000 302.053842
0.032125 283.991450
0.032250 263.015882
0.032375 239.301548
0.032500 212.750411
0.032625 183.624925
0.032750 155.868167
0.032875 135.065907
0.033000 124.513073
0.033125 125.323114
0.033250 137.804212
0.033375 157.619832
0.033500 182.564770
0.033625 208.196720
0.033750 230.776058
0.033875 252.008638
0.034000 272.578417
0.034125 290.474962
0.034250 306.394124
0.034375 319.975003
0.034500 331.284935
0.034625 340.154649
0.034750 346.843167
0.034875 351.535435
0.035000 354.674729
0.035125 356.388045
0.035250 356.631878
0.035375 355.382138
0.035500 352.320786
0.035625 347.275793
0.035750 339.859801
0.035875 330.102387
0.036000 317.766453
0.036125 302.780266
0.036250 285.165729
0.036375 264.708128
0.036500 241.635586
0.036625 215.669868
0.036750 188.006867
0.036875 163.273029
0.037000 145.168852
0.037125 135.856645
0.037250 136.182102
0.037375 147.117004
0.037500 164.773561
0.037625 187.200471
0.037750 212.105351
0.037875 234.581518
0.038000 254.372981
0.038125 273.384736
0.038250 291.171178
0.038375 306.426970
0.038500 319.812445
0.038625 331.014187
0.038750 340.015814
0.038875 346.874299
0.039000 351.394573
0.039125 354.058915
0.039250 355.419372
0.039375 355.641827
0.039500 354.416758
0.039625 351.761108
0.039750 347.050553
0.039875 340.031912
0.040000 330.711950
0.040125 318.849165
0.040250 304.311501
0.040375 287.062695
0.040500 267.188925
0.040625 244.663798
0.040750 219.444054
0.040875 193.466734
0.041000 171.431336
0.041125 155.462579
0.041250 146.812742
0.041375 146.460308
0.041500 155.868633
0.041625 171.680462
0.041750 191.623697
0.041875 214.592772
0.042000 237.097741
0.042125 256.673497
0.042250 273.583817
0.042375 290.395593
0.042500 305.669793
0.042625 318.415953
0.042750 329.418746
0.042875 338.268641
0.043000 345.213461
0.043125 350.040175
0.043250 352.735967
0.043375 353.884675
0.043500 353.746557
0.043625 352.344256
0.043750 349.466450
0.043875 344.674663
0.044000 337.545139
0.044125 328.300013
0.044250 316.613768
0.044375 302.310586
0.044500 285.399293
0.044625 265.940279
0.044750 243.756657
0.044875 219.171736
0.045000 195.061331
0.045125 175.111911
0.045250 160.887294
0.045375 152.887077
0.045500 151.989310
0.045625 160.151684
0.045750 174.359893
0.045875 192.180893
0.046000 213.282519
0.046125 235.481016
0.046250 255.282724
0.046375 272.060789
0.046500 286.446078
0.046625 301.374775
0.046750 314.349305
0.046875 324.895663
0.047000 333.697825
0.047125 340.700069
0.047250 345.798984
0.047375 348.888925
0.047500 350.414758
0.047625 350.599914
0.047750 348.991106
0.047875 345.824596
0.048000 340.684463
0.048125 333.386081
0.048250 323.888994
0.048375 312.147597
0.048500 298.064798
0.048625 281.549730
0.048750 262.470794
0.048875 240.667438
0.049000 217.211666
0.049125 195.226655
0.049250 177.208802
0.049375 164.755906
0.049500 157.461486
0.049625 156.330396
0.049750 163.682032
0.049875 176.503602
0.050000 192.806651
0.050125 212.162457
0.050250 233.279702
0.050375 253.472190
0.050500 270.687030
0.050625 285.074363
0.050750 297.599700
0.050875 310.717974
0.051000 321.757768
0.051125 330.469763
0.051250 337.647359
0.051375 342.991229
0.051500 346.680714
0.051625 348.665180
0.051750 349.216312
0.051875 348.018209
0.052000 344.939646
0.052125 339.631220
0.052250 332.124381
0.052375 322.533246
0.052500 310.673323
0.052625 296.680867
0.052750 280.533173
0.052875 261.953280
0.053000 240.727074
0.053125 218.848679
0.053250 199.345125
0.053375 183.707298
0.053500 172.903653
0.053625 166.380417
0.053750 165.108172
0.053875 171.738597
0.054000 183.416078
0.054125 198.451317
0.054250 215.892162
0.054375 235.233103
0.054500 255.295483
0.054625 272.714402
0.054750 287.319164
0.054875 299.444402
0.055000 310.521341
0.055125 321.682296
0.055250 330.777163
0.055375 338.018112
0.055500 343.407666
0.055625 347.194437
0.055750 349.417298
0.055875 349.991072
0.056000 349.006203
0.056125 346.026571
0.056250 340.822348
0.056375 333.225628
0.056500 323.423083
0.056625 311.464905
0.056750 297.524717
0.056875 281.298695
0.057000 262.798476
0.057125 242.119955
0.057250 221.769336
0.057375 204.215620
0.057500 190.537537
0.057625 180.889008
0.057750 174.882930
0.057875 173.515436
0.058000 179.326341
0.058125 189.977091
0.058250 203.841095
0.058375 219.475501
0.058500 237.237369
0.058625 255.953728
0.058750 273.640012
0.058875 288.388662
0.059000 300.664670
0.059125 310.648342
0.059250 320.418172
0.059375 329.735257
0.059500 337.216386
0.059625 342.541556
0.059750 346.139875
0.059875 348.234998
0.060000 348.862761
0.060125 347.824248
0.060250 344.909706
0.060375 339.690579
0.060500 332.048414
0.060625 322.152419
0.060750 310.120975
0.060875 296.056622
0.061000 279.653814
0.061125 260.869458
0.061250 240.561964
0.061375 221.349280
0.061500 205.157769
0.061625 193.124087
0.061750 184.356264
0.061875 178.545095
0.062000 177.100956
0.062125 182.451702
0.062250 192.187031
0.062375 205.183189
