0.000000 0.000000
0.000125 17.636766
0.000250 31.179430
0.000375 44.387030
0.000500 56.612263
0.000625 67.327257
0.000750 76.245998
0.000875 83.342559
0.001000 88.364922
0.001125 91.345316
0.001250 92.766110
0.001375 92.855494
0.001500 91.836709
0.001625 90.216871
0.001750 88.696170
0.001875 87.931966
0.002000 88.337114
0.002125 89.909741
0.002250 92.349245
0.002375 96.023905
0.002500 101.022412
0.002625 106.906060
0.002750 112.904628
0.002875 118.301894
0.003000 122.695191
0.003125 125.954847
0.003250 127.992709
0.003375 128.264636
0.003500 126.562084
0.003625 123.136532
0.003750 118.206426
0.003875 112.437367
0.004000 106.778345
0.004125 102.672365
0.004250 102.358590
0.004375 105.092036
0.004500 110.865715
0.004625 119.315640
0.004750 128.475085
0.004875 137.305996
0.005000 145.016669
0.005125 151.026798
0.005250 155.262113
0.005375 157.797620
0.005500 158.778186
0.005625 158.500797
0.005750 157.161026
0.005875 155.073522
0.006000 152.710740
0.006125 150.555316
0.006250 148.949900
0.006375 148.329630
0.006500 149.261543
0.006625 151.710747
0.006750 155.187971
0.006875 159.085469
0.007000 163.144412
0.007125 166.931377
0.007250 170.063275
0.007375 172.244730
0.007500 172.918305
0.007625 172.002561
0.007750 169.709786
0.007875 165.772722
0.008000 160.473043
0.008125 154.411488
0.008250 148.301956
0.008375 143.448828
0.008500 140.715175
0.008625 140.187918
0.008750 141.971949
0.008875 145.869612
0.009000 151.430975
0.009125 157.378668
0.009250 162.785976
0.009375 167.040736
0.009500 169.691991
0.009625 170.847601
0.009750 170.490305
0.009875 168.524997
0.010000 165.462288
0.010125 161.607266
0.010250 157.352703
0.010375 153.121630
0.010500 149.208450
0.010625 146.062995
0.010750 144.286509
0.010875 144.157856
0.011000 145.325701
0.011125 147.195602
0.011250 149.361103
0.011375 151.406611
0.011500 152.823834
0.011625 153.271337
0.011750 152.562286
0.011875 150.450179
0.012000 146.577599
0.012125 140.880283
0.012250 133.409473
0.012375 124.571039
0.012500 115.019181
0.012625 105.624452
0.012750 98.122563
0.012875 94.018943
0.013000 93.264679
0.013125 96.464142
0.013250 101.971911
0.013375 107.971031
0.013500 113.351285
0.013625 117.356252
0.013750 119.686570
0.013875 120.147426
0.014000 118.705256
0.014125 115.851716
0.014250 111.796233
0.014375 106.673384
0.014500 100.811179
0.014625 94.879336
0.014750 89.658810
0.014875 85.698697
0.015000 82.994874
0.015125 81.109550
0.015250 80.118510
0.015375 80.360624
0.015500 81.702335
0.015625 83.508211
0.015750 84.973399
0.015875 85.441175
0.016000 84.616308
0.016125 82.376308
0.016250 78.334582
0.016375 72.412445
0.016500 64.979228
0.016625 56.358483
0.016750 46.969878
0.016875 37.192749
0.017000 27.434551
0.017125 20.409737
0.017250 24.845059
0.017375 36.844101
0.017500 49.872477
0.017625 62.236650
0.017750 73.316936
0.017875 82.745925
0.018000 90.366375
0.018125 96.057990
0.018250 99.759125
0.018375 101.741576
0.018500 102.368983
0.018625 101.856676
0.018750 100.573316
0.018875 99.068050
0.019000 97.933281
0.019125 97.687733
0.019250 98.575557
0.019375 100.582741
0.019500 103.811298
0.019625 108.349038
0.019750 113.840909
0.019875 119.611205
0.020000 124.993375
0.020125 129.528479
0.020250 133.047091
0.020375 135.366840
0.020500 136.121967
0.020625 135.037790
0.020750 132.207407
0.020875 127.918836
0.021000 122.644251
0.021125 117.226198
0.021250 112.934134
0.021375 111.515269
0.021500 112.987616
0.021625 117.214366
0.021750 123.992280
0.021875 132.113522
0.022000 140.419141
0.022125 148.027762
0.022250 154.263064
0.022375 158.774578
0.022500 161.694141
0.022625 163.096795
0.022750 163.108855
0.022875 161.946295
0.023000 159.964666
0.023125 157.611279
0.023250 155.320444
0.023375 153.434113
0.023500 152.294296
0.023625 152.401315
0.023750 153.956439
0.023875 156.701820
0.024000 160.104027
0.024125 163.804822
0.024250 167.383457
0.024375 170.443879
0.024500 172.663217
0.024625 173.569391
0.024750 172.965276
0.024875 170.960270
0.025000 167.432876
0.025125 162.463897
0.025250 156.583438
0.025375 150.406480
0.025500 144.955299
0.025625 141.271782
0.025750 139.737711
0.025875 140.519528
0.026000 143.388280
0.026125 147.940353
0.026250 153.307421
0.026375 158.542346
0.026500 162.890387
0.026625 165.872222
0.026750 167.326054
0.026875 167.246355
0.027000 165.675032
0.027125 162.905413
0.027250 159.234627
0.027375 154.993534
0.027500 150.605661
0.027625 146.413642
0.027750 142.851676
0.027875 140.438764
0.028000 139.505183
0.028125 139.901227
0.028250 141.233821
0.028375 143.063259
0.028500 144.906608
0.028625 146.285037
0.028750 146.857700
0.028875 146.350243
0.029000 144.513513
0.029125 141.067126
0.029250 135.811088
0.029375 128.771815
0.029500 120.269535
0.029625 110.805771
0.029750 101.140339
0.029875 92.663047
0.030000 87.002391
0.030125 85.033598
0.030250 86.858534
0.030375 91.539180
0.030500 97.324252
0.030625 102.896130
0.030750 107.390126
0.030875 110.362131
0.031000 111.539906
0.031125 110.913152
0.031250 108.711981
0.031375 105.196290
0.031500 100.559126
0.031625 95.108235
0.031750 89.399378
0.031875 84.226204
0.032000 80.136066
0.032125 77.139756
0.032250 75.027086
0.032375 73.803426
0.032500 73.622756
0.032625 74.541505
0.032750 76.244789
0.032875 78.017974
0.033000 79.245349
0.033125 79.642054
0.033250 79.020178
0.033375 77.225017
0.033500 74.143148
0.033625 69.702106
0.033750 63.930023
0.033875 56.922079
0.034000 49.035147
0.034125 41.156527
0.034250 35.923058
0.034375 37.115617
0.034500 44.830488
0.034625 55.757645
0.034750 67.438841
0.034875 78.513087
0.035000 88.266234
0.035125 96.376714
0.035250 102.641915
0.035375 107.032898
0.035500 109.650996
0.035625 110.829978
0.035750 110.868000
0.035875 110.052126
0.036000 108.810657
0.036125 107.622556
0.036250 107.012679
0.036375 107.334164
0.036500 108.807928
0.036625 111.506844
0.036750 115.434232
0.036875 120.342857
0.037000 125.698240
0.037125 130.886328
0.037250 135.418917
0.037375 139.080027
0.037500 141.614897
0.037625 142.729716
0.037750 142.186820
0.037875 140.010906
0.038000 136.421530
0.038125 131.771576
0.038250 126.802227
0.038375 122.675352
0.038500 120.583726
0.038625 120.894649
0.038750 123.808426
0.038875 128.902417
0.039000 135.654110
0.039125 143.019988
0.039250 150.119112
0.039375 156.278481
0.039500 161.039272
0.039625 164.308516
0.039750 166.117757
0.039875 166.534695
0.040000 165.712508
0.040125 163.985791
0.040250 161.746964
0.040375 159.417575
0.040500 157.322828
0.040625 155.838597
0.040750 155.323932
0.040875 156.041495
0.041000 157.927225
0.041125 160.673322
0.041250 163.849471
0.041375 167.074100
0.041500 169.973444
0.041625 172.117767
0.041750 173.112566
0.041875 172.794948
0.042000 171.086237
0.042125 167.915324
0.042250 163.418724
0.042375 157.860276
0.042500 151.823321
0.042625 146.150676
0.042750 141.756312
0.042875 139.312888
0.043000 138.996447
0.043125 140.758294
0.043250 144.218689
0.043375 148.669115
0.043500 153.426249
0.043625 157.650420
0.043750 160.821825
0.043875 162.592434
0.044000 162.881587
0.044125 161.769636
0.044250 159.406485
0.044375 156.034100
0.044500 151.999786
0.044625 147.604980
0.044750 143.258595
0.044875 139.368741
0.045000 136.461764
0.045125 134.848240
0.045250 134.471102
0.045375 135.058528
0.045500 136.319197
0.045625 137.810385
0.045750 139.039423
0.045875 139.621239
0.046000 139.269907
0.046125 137.661575
0.046250 134.578422
0.046375 129.797804
0.046500 123.277244
0.046625 115.236598
0.046750 106.108450
0.046875 96.531367
0.047000 87.668452
0.047125 80.926109
0.047250 77.631813
0.047375 78.017358
0.047500 81.379402
0.047625 86.482497
0.047750 91.894968
0.047875 96.711927
0.048000 100.263457
0.048125 102.128673
0.048250 102.331842
0.048375 100.948338
0.048500 98.118164
0.048625 94.090758
0.048750 89.224193
0.048875 83.985779
0.049000 79.059469
0.049125 74.956693
0.049250 71.790938
0.049375 69.512715
0.049500 68.243488
0.049625 68.107523
0.049750 69.252597
0.049875 71.488646
0.050000 74.411537
0.050125 77.393713
0.050250 79.890944
0.050375 81.464120
0.050500 81.802676
0.050625 80.628510
0.050750 77.813465
0.050875 73.414537
0.051000 67.703538
0.051125 61.086632
0.051250 54.658714
0.051375 50.460245
0.051500 50.419267
0.051625 55.163361
0.051750 63.489129
0.051875 73.467659
0.052000 83.699208
0.052125 93.275913
0.052250 101.593742
0.052375 108.329911
0.052500 113.306810
0.052625 116.601395
0.052750 118.389239
0.052875 119.015337
0.053000 118.732248
0.053125 117.863858
0.053250 116.832047
0.053375 116.077204
0.053500 116.049103
0.053625 117.009586
0.053750 119.173285
0.053875 122.438048
0.054000 126.623843
0.054125 131.367774
0.054250 136.184558
0.054375 140.611794
0.054500 144.291016
0.054625 146.946022
0.054750 148.326837
0.054875 148.270351
0.055000 146.694563
0.055125 143.720105
0.055250 139.719281
0.055375 135.297274
0.055500 131.424697
0.055625 128.954381
0.055750 128.414085
0.055875 130.173814
0.056000 133.876208
0.056125 139.147033
0.056250 145.417928
0.056375 151.775925
0.056500 157.590376
0.056625 162.364334
0.056750 165.892803
0.056875 168.019469
0.057000 168.831012
0.057125 168.386749
0.057250 166.982549
0.057375 164.936190
0.057500 162.642789
0.057625 160.434958
0.057750 158.700257
0.057875 157.700758
0.058000 157.719519
0.058125 158.832911
0.058250 160.817349
0.058375 163.357079
0.058500 166.099871
0.058625 168.671054
0.058750 170.644952
0.058875 171.670125
0.059000 171.540410
0.059125 170.111072
0.059250 167.326455
0.059375 163.194687
0.059500 158.015410
0.059625 152.249808
0.059750 146.536248
0.059875 141.689667
0.060000 138.528222
0.060125 137.190435
0.060250 137.781782
0.060375 140.143083
0.060500 143.685204
0.060625 147.726437
0.060750 151.666376
0.060875 154.823877
0.061000 156.814281
0.061125 157.487434
0.061250 156.809379
0.061375 154.872619
0.061500 151.878550
0.061625 148.116402
0.061750 143.863841
0.061875 139.508931
0.062000 135.440124
0.062125 132.158421
0.062250 129.955752
0.062375 128.871773
