0.000000 0.000000
0.000125 20.719630
0.000250 32.359475
0.000375 42.643406
0.000500 50.965047
0.000625 57.228706
0.000750 60.782119
0.000875 62.337214
0.001000 63.278400
0.001125 63.446908
0.001250 63.168519
0.001375 64.937440
0.001500 67.495408
0.001625 69.189530
0.001750 69.594911
0.001875 69.500445
0.002000 69.232351
0.002125 69.022373
0.002250 69.202392
0.002375 69.702626
0.002500 70.174075
0.002625 70.520486
0.002750 70.270216
0.002875 68.864256
0.003000 66.518071
0.003125 65.118441
0.003250 65.530997
0.003375 65.575920
0.003500 64.830828
0.003625 63.321545
0.003750 59.740261
0.003875 53.600899
0.004000 45.253533
0.004125 35.161100
0.004250 24.229768
0.004375 17.415475
0.004500 26.350277
0.004625 37.685264
0.004750 47.727847
0.004875 55.990724
0.005000 62.012652
0.005125 65.420151
0.005250 66.957549
0.005375 67.870059
0.005500 67.948372
0.005625 67.975008
0.005750 69.683584
0.005875 72.059488
0.006000 73.554807
0.006125 73.865794
0.006250 73.734923
0.006375 73.500395
0.006500 73.287843
0.006625 73.423039
0.006750 73.840426
0.006875 74.197238
0.007000 74.400093
0.007125 73.993032
0.007250 72.428577
0.007375 70.183689
0.007500 68.814413
0.007625 68.953257
0.007750 68.794169
0.007875 67.885922
0.008000 66.105517
0.008125 62.242313
0.008250 55.821581
0.008375 47.282059
0.008500 37.314394
0.008625 27.091385
0.008750 21.801168
0.008875 29.871583
0.009000 40.760403
0.009125 50.479551
0.009250 58.341818
0.009375 63.997526
0.009500 67.088091
0.009625 68.435523
0.009750 69.126771
0.009875 68.992842
0.010000 69.004044
0.010125 70.454709
0.010250 72.532526
0.010375 73.745488
0.010500 73.869829
0.010625 73.567447
0.010750 73.149352
0.010875 72.771272
0.011000 72.743639
0.011125 72.978347
0.011250 73.117684
0.011375 73.088434
0.011500 72.463865
0.011625 70.665009
0.011750 68.248028
0.011875 66.757709
0.012000 66.716017
0.012125 66.326781
0.012250 65.126074
0.012375 62.998417
0.012500 58.798669
0.012625 52.182241
0.012750 43.779997
0.012875 34.142915
0.013000 24.182398
0.013125 19.597915
0.013250 27.323451
0.013375 38.034974
0.013500 47.479586
0.013625 55.096318
0.013750 60.475427
0.013875 63.415696
0.014000 64.640694
0.014125 65.230448
0.014250 64.970966
0.014375 64.931755
0.014500 66.317712
0.014625 68.273391
0.014750 69.426199
0.014875 69.530864
0.015000 69.155623
0.015125 68.737049
0.015250 68.432867
0.015375 68.390227
0.015500 68.534629
0.015625 68.692593
0.015750 68.664807
0.015875 67.921830
0.016000 66.093979
0.016125 63.718852
0.016250 62.433840
0.016375 62.377537
0.016500 61.993604
0.016625 60.744009
0.016750 58.554074
0.016875 54.443129
0.017000 48.249416
0.017125 40.333028
0.017250 31.091917
0.017375 21.771701
0.017500 18.059269
0.017625 25.675766
0.017750 36.438053
0.017875 46.030641
0.018000 53.688560
0.018125 59.129152
0.018250 62.273101
0.018375 63.807775
0.018500 64.537933
0.018625 64.635374
0.018750 65.013864
0.018875 66.552634
0.019000 68.601209
0.019125 69.982302
0.019250 70.400020
0.019375 70.327622
0.019500 70.096299
0.019625 70.028333
0.019750 70.227738
0.019875 70.619414
0.020000 70.927517
0.020125 71.010673
0.020250 70.371562
0.020375 68.796271
0.020500 66.783848
0.020625 65.683450
0.020750 65.483883
0.020875 65.111776
0.021000 63.997272
0.021125 61.896607
0.021250 58.055293
0.021375 52.209734
0.021500 44.494066
0.021625 35.596603
0.021750 27.157224
0.021875 24.693192
0.022000 31.359205
0.022125 41.522450
0.022250 50.852349
0.022375 58.369466
0.022500 63.686559
0.022625 66.753461
0.022750 68.268358
0.022875 68.961824
0.023000 69.128122
0.023125 69.594014
0.023250 70.992606
0.023375 72.778718
0.023500 73.984507
0.023625 74.340464
0.023750 74.167002
0.023875 73.935638
0.024000 73.765072
0.024125 73.859565
0.024250 74.113487
0.024375 74.228976
0.024500 74.087985
0.024625 73.257228
0.024750 71.606676
0.024875 69.620442
0.025000 68.372419
0.025125 67.893773
0.025250 67.229021
0.025375 66.029343
0.025500 63.914459
0.025625 60.045029
0.025750 54.108925
0.025875 46.305095
0.026000 37.612198
0.026125 29.651715
0.026250 27.658478
0.026375 33.539214
0.026500 43.045121
0.026625 51.996251
0.026750 59.213998
0.026875 64.204994
0.027000 67.083314
0.027125 68.454166
0.027250 68.986200
0.027375 69.010869
0.027500 69.397660
0.027625 70.551976
0.027750 72.037062
0.027875 72.986954
0.028000 73.169703
0.028125 72.866591
0.028250 72.404031
0.028375 72.081338
0.028500 71.973352
0.028625 71.992766
0.028750 71.905020
0.028875 71.535613
0.029000 70.543345
0.029125 68.641846
0.029250 66.560672
0.029375 65.185027
0.029500 64.470846
0.029625 63.850553
0.029750 62.667367
0.029875 60.452618
0.030000 56.394237
0.030125 50.372799
0.030250 42.625937
0.030375 34.077013
0.030500 26.316035
0.030625 24.749387
0.030750 30.359433
0.030875 39.398047
0.031000 48.139652
0.031125 55.143542
0.031250 60.007715
0.031375 62.835689
0.031500 64.238705
0.031625 64.737971
0.031750 64.728856
0.031875 65.135876
0.032000 66.325497
0.032125 67.723623
0.032250 68.652180
0.032375 68.838844
0.032500 68.534349
0.032625 68.160594
0.032750 67.863156
0.032875 67.833877
0.033000 67.853737
0.033125 67.778501
0.033250 67.422096
0.033375 66.407462
0.033500 64.693412
0.033625 62.746214
0.033750 61.681458
0.033875 61.182429
0.034000 60.806768
0.034125 59.877840
0.034250 57.782894
0.034375 53.884673
0.034500 48.070889
0.034625 40.793071
0.034750 32.743038
0.034875 25.716282
0.035000 24.905829
0.035125 30.365433
0.035250 39.165005
0.035375 48.028441
0.035500 55.206872
0.035625 60.221353
0.035750 63.325783
0.035875 64.992043
0.036000 65.805016
0.036125 66.142985
0.036250 66.950101
0.036375 68.259648
0.036500 69.710280
0.036625 70.790372
0.036750 71.228707
0.036875 71.169527
0.037000 70.987332
0.037125 70.910254
0.037250 70.961580
0.037375 71.095931
0.037500 71.119204
0.037625 70.831820
0.037750 69.929743
0.037875 68.289508
0.038000 66.711193
0.038125 65.819054
0.038250 65.458592
0.038375 65.121406
0.038500 64.176394
0.038625 62.027191
0.038750 58.014975
0.038875 52.333002
0.039000 45.285398
0.039125 37.573158
0.039250 31.412111
0.039375 30.887424
0.039500 35.884954
0.039625 43.980678
0.039750 52.434124
0.039875 59.411747
0.040000 64.271054
0.040125 67.298417
0.040250 69.015494
0.040375 69.766624
0.040500 70.192691
0.040625 70.926434
0.040750 72.063968
0.040875 73.302949
0.041000 74.159217
0.041125 74.501253
0.041250 74.376039
0.041375 74.064652
0.041500 73.822608
0.041625 73.772566
0.041750 73.711865
0.041875 73.510627
0.042000 73.029304
0.042125 71.952717
0.042250 70.292849
0.042375 68.822744
0.042500 67.923750
0.042625 67.371619
0.042750 66.743184
0.042875 65.517003
0.043000 63.052919
0.043125 58.847628
0.043250 53.172282
0.043375 46.129985
0.043500 38.409176
0.043625 32.649047
0.043750 32.198727
0.043875 36.744087
0.044000 44.163550
0.044125 52.143944
0.044250 58.836421
0.044375 63.430168
0.044500 66.318724
0.044625 67.942485
0.044750 68.532060
0.044875 68.835390
0.045000 69.430939
0.045125 70.367377
0.045250 71.317614
0.045375 71.980831
0.045500 72.174350
0.045625 71.912736
0.045750 71.442894
0.045875 71.067744
0.046000 70.797056
0.046125 70.583683
0.046250 70.207436
0.046375 69.584089
0.046500 68.401674
0.046625 66.835108
0.046750 65.405730
0.046875 64.486166
0.047000 63.778947
0.047125 62.980513
0.047250 61.535093
0.047375 58.897783
0.047500 54.639140
0.047625 49.009757
0.047750 42.046970
0.047875 34.362159
0.048000 28.959975
0.048125 28.734800
0.048250 33.078715
0.048375 40.088070
0.048500 47.889110
0.048625 54.456525
0.048750 59.012948
0.048875 61.930092
0.049000 63.591606
0.049125 64.266261
0.049250 64.571133
0.049375 65.328387
0.049500 66.301851
0.049625 67.250615
0.049750 67.973951
0.049875 68.267000
0.050000 68.003883
0.050125 67.710411
0.050250 67.459474
0.050375 67.316164
0.050500 67.161186
0.050625 66.990442
0.050750 66.561397
0.050875 65.714551
0.051000 64.465083
0.051125 63.448759
0.051250 62.734451
0.051375 62.169649
0.051500 61.542082
0.051625 60.218028
0.051750 57.741008
0.051875 53.867028
0.052000 48.570056
0.052125 41.990567
0.052250 34.841636
0.052375 30.263737
0.052500 30.477500
0.052625 34.800906
0.052750 41.771226
0.052875 49.356477
0.053000 56.014668
0.053125 60.802737
0.053250 64.042203
0.053375 65.930843
0.053500 66.844315
0.053625 67.498833
0.053750 68.396380
0.053875 69.502832
0.054000 70.523714
0.054125 71.278719
0.054250 71.694813
0.054375 71.680719
0.054500 71.442327
0.054625 71.237647
0.054750 71.146975
0.054875 71.092493
0.055000 71.026176
0.055125 70.734802
0.055250 69.996619
0.055375 68.941968
0.055500 67.997515
0.055625 67.278749
0.055750 66.619247
0.055875 65.821720
0.056000 64.394906
0.056125 61.905691
0.056250 58.018799
0.056375 52.743083
0.056500 46.321318
0.056625 39.574561
0.056750 35.503318
0.056875 35.714024
0.057000 39.645355
0.057125 46.107706
0.057250 53.221647
0.057375 59.686780
0.057500 64.308492
0.057625 67.447173
0.057750 69.285181
0.057875 70.156637
0.058000 70.712780
0.058125 71.552464
0.058250 72.461272
0.058375 73.281577
0.058500 73.824878
0.058625 74.058139
0.058750 73.903370
0.058875 73.554714
0.059000 73.183801
0.059125 72.968739
0.059250 72.788480
0.059375 72.616849
0.059500 72.218782
0.059625 71.338382
0.059750 70.146241
0.059875 69.057869
0.060000 68.165341
0.060125 67.255790
0.060250 66.151613
0.060375 64.398551
0.060500 61.743960
0.060625 57.741054
0.060750 52.408588
0.060875 45.927370
0.061000 39.271983
0.061125 35.402431
0.061250 35.452272
0.061375 39.062422
0.061500 45.084779
0.061625 51.755936
0.061750 57.886286
0.061875 62.319624
0.062000 65.299354
0.062125 67.028505
0.062250 67.787759
0.062375 68.256644
