0.000000 0.000000
0.000125 23.160848
0.000250 38.244467
0.000375 51.917736
0.000500 63.608612
0.000625 73.175936
0.000750 80.129090
0.000875 84.726736
0.001000 87.946789
0.001125 88.307863
0.001250 86.918030
0.001375 85.026299
0.001500 82.586389
0.001625 80.113417
0.001750 77.413258
0.001875 74.393237
0.002000 72.025723
0.002125 71.751471
0.002250 73.630716
0.002375 76.734901
0.002500 79.698544
0.002625 82.285573
0.002750 84.875414
0.002875 87.039793
0.003000 88.714216
0.003125 89.287670
0.003250 87.043836
0.003375 82.938669
0.003500 76.981501
0.003625 68.277005
0.003750 57.433672
0.003875 44.514427
0.004000 30.036811
0.004125 16.001933
0.004250 20.966652
0.004375 35.930041
0.004500 50.061777
0.004625 62.362431
0.004750 72.639145
0.004875 80.382561
0.005000 85.577645
0.005125 89.354354
0.005250 90.677411
0.005375 89.742729
0.005500 88.012716
0.005625 85.701575
0.005750 83.218907
0.005875 80.638829
0.006000 77.723406
0.006125 75.107455
0.006250 74.116884
0.006375 75.254271
0.006500 78.113422
0.006625 81.128991
0.006750 83.804032
0.006875 86.288256
0.007000 88.501381
0.007125 90.246218
0.007250 91.249674
0.007375 89.995192
0.007500 86.303603
0.007625 80.957614
0.007750 73.081534
0.007875 62.801587
0.008000 50.500452
0.008125 36.518388
0.008250 22.399365
0.008375 19.867772
0.008500 32.964001
0.008625 47.253400
0.008750 59.984292
0.008875 70.812341
0.009000 79.237826
0.009125 85.033879
0.009250 89.143013
0.009375 91.256746
0.009500 90.912274
0.009625 89.351387
0.009750 87.092199
0.009875 84.543821
0.010000 81.875462
0.010125 79.036758
0.010250 76.156842
0.010375 74.480377
0.010500 74.797051
0.010625 77.098323
0.010750 80.049910
0.010875 82.764942
0.011000 85.148150
0.011125 87.352909
0.011250 89.049347
0.011375 90.299539
0.011500 89.778266
0.011625 86.654220
0.011750 81.775309
0.011875 74.605100
0.012000 64.936820
0.012125 53.243591
0.012250 39.727654
0.012375 25.589630
0.012500 18.415048
0.012625 27.095278
0.012750 41.312933
0.012875 54.508222
0.013000 65.862988
0.013125 74.996294
0.013250 81.550990
0.013375 86.123714
0.013500 88.808284
0.013625 89.233929
0.013750 87.982274
0.013875 85.877900
0.014000 83.310762
0.014125 80.673392
0.014250 77.860056
0.014375 75.032778
0.014500 72.896311
0.014625 72.549533
0.014750 74.241959
0.014875 77.071805
0.015000 79.852130
0.015125 82.336629
0.015250 84.591433
0.015375 86.456570
0.015500 87.783392
0.015625 87.916027
0.015750 85.670650
0.015875 81.390586
0.016000 74.872195
0.016125 66.053920
0.016250 55.049070
0.016375 42.247792
0.016500 28.403566
0.016625 19.014942
0.016750 22.625377
0.016875 35.337719
0.017000 49.035539
0.017125 61.026253
0.017250 71.009136
0.017375 78.447500
0.017500 83.715043
0.017625 87.069097
0.017750 88.329567
0.017875 87.796021
0.018000 86.092112
0.018125 83.746635
0.018250 81.197614
0.018375 78.572138
0.018500 75.864031
0.018625 73.606038
0.018750 72.802539
0.018875 73.949949
0.019000 76.552880
0.019125 79.488405
0.019250 82.135213
0.019375 84.518899
0.019500 86.520829
0.019625 88.074956
0.019750 88.764883
0.019875 87.347425
0.020000 83.815776
0.020125 78.098882
0.020250 70.113491
0.020375 59.970181
0.020500 47.902597
0.020625 34.829116
0.020750 24.728880
0.020875 23.974869
0.021000 33.509404
0.021125 46.705372
0.021250 59.265036
0.021375 69.845899
0.021500 78.073663
0.021625 84.075738
0.021750 88.028038
0.021875 89.976639
0.022000 90.129655
0.022125 88.824790
0.022250 86.715234
0.022375 84.245791
0.022500 81.710977
0.022625 79.046310
0.022750 76.684715
0.022875 75.443472
0.023000 75.970714
0.023125 77.984885
0.023250 80.781575
0.023375 83.450272
0.023500 85.865207
0.023625 87.869883
0.023750 89.439462
0.023875 90.343805
0.024000 89.573958
0.024125 86.644906
0.024250 81.633030
0.024375 74.315148
0.024500 64.862879
0.024625 53.494837
0.024750 41.016325
0.024875 30.504886
0.025000 26.762344
0.025125 32.687293
0.025250 44.011722
0.025375 56.589873
0.025500 67.656605
0.025625 76.476989
0.025750 83.096536
0.025875 87.575551
0.026000 90.039433
0.026125 90.795286
0.026250 89.935874
0.026375 88.056164
0.026500 85.585008
0.026625 82.986188
0.026750 80.280480
0.026875 77.798163
0.027000 76.152540
0.027125 75.997409
0.027250 77.415715
0.027375 79.780906
0.027500 82.372953
0.027625 84.773805
0.027750 86.757498
0.027875 88.304503
0.028000 89.298770
0.028125 88.965792
0.028250 86.627397
0.028375 82.209277
0.028500 75.563310
0.028625 66.702369
0.028750 55.932876
0.028875 43.911096
0.029000 33.101940
0.029125 27.419266
0.029250 29.959673
0.029375 39.148474
0.029500 50.924315
0.029625 62.373787
0.029750 71.853181
0.029875 79.088410
0.030000 84.244155
0.030125 87.297235
0.030250 88.612863
0.030375 88.313489
0.030500 86.788438
0.030625 84.504310
0.030750 81.913760
0.030875 79.266589
0.031000 76.702160
0.031125 74.848555
0.031250 74.200982
0.031375 75.117759
0.031500 77.086071
0.031625 79.517072
0.031750 81.991731
0.031875 84.074608
0.032000 85.696025
0.032125 86.811725
0.032250 86.892312
0.032375 85.181445
0.032500 81.478779
0.032625 75.613777
0.032750 67.524318
0.032875 57.423339
0.033000 46.096972
0.033125 35.400919
0.033250 28.598346
0.033375 28.235087
0.033500 35.418758
0.033625 45.882919
0.033750 57.301813
0.033875 67.471733
0.034000 75.478600
0.034125 81.405252
0.034250 85.200174
0.034375 87.270573
0.034500 87.640557
0.034625 86.653947
0.034750 84.787315
0.034875 82.411628
0.035000 79.924273
0.035125 77.493787
0.035250 75.565002
0.035375 74.695406
0.035500 75.174175
0.035625 76.876890
0.035750 79.144276
0.035875 81.668157
0.036000 83.894777
0.036125 85.696919
0.036250 86.995694
0.036375 87.457976
0.036500 86.419527
0.036625 83.456401
0.036750 78.383890
0.036875 71.162035
0.037000 61.829778
0.037125 51.326899
0.037250 41.104443
0.037375 33.710632
0.037500 31.327944
0.037625 35.985518
0.037750 44.894645
0.037875 55.397610
0.038000 65.851837
0.038125 74.588061
0.038250 81.164778
0.038375 85.651210
0.038500 88.351943
0.038625 89.396494
0.038750 88.941058
0.038875 87.454741
0.039000 85.334404
0.039125 82.938852
0.039250 80.552282
0.039375 78.567152
0.039500 77.444479
0.039625 77.502966
0.039750 78.677159
0.039875 80.619793
0.040000 82.950246
0.040125 85.175150
0.040250 86.981383
0.040375 88.341807
0.040500 88.936475
0.040625 88.293242
0.040750 85.870201
0.040875 81.464835
0.041000 74.956313
0.041125 66.363462
0.041250 56.453338
0.041375 46.603535
0.041500 38.764040
0.041625 35.034090
0.041750 36.979603
0.041875 44.244057
0.042000 53.587371
0.042125 63.450871
0.042250 72.579423
0.042375 79.712162
0.042500 84.785309
0.042625 87.999030
0.042750 89.599209
0.042875 89.628196
0.043000 88.435942
0.043125 86.529352
0.043250 84.185689
0.043375 81.778600
0.043500 79.655981
0.043625 78.187296
0.043750 77.796510
0.043875 78.445280
0.044000 80.011152
0.044125 82.017176
0.044250 84.113816
0.044375 85.881860
0.044500 87.252678
0.044625 87.887755
0.044750 87.508935
0.044875 85.570831
0.045000 81.677631
0.045125 75.786551
0.045250 67.883274
0.045375 58.527405
0.045500 48.954390
0.045625 40.773811
0.045750 36.059148
0.045875 35.752996
0.046000 41.285700
0.046125 49.482021
0.046250 58.529254
0.046375 67.659008
0.046500 75.377713
0.046625 81.109407
0.046750 84.881290
0.046875 87.065356
0.047000 87.637595
0.047125 86.879470
0.047250 85.263626
0.047375 83.098473
0.047500 80.764440
0.047625 78.609298
0.047750 76.987772
0.047875 76.251806
0.048000 76.498361
0.048125 77.735985
0.048250 79.522893
0.048375 81.435574
0.048500 83.239328
0.048625 84.690675
0.048750 85.522428
0.048875 85.419748
0.049000 83.995739
0.049125 80.704464
0.049250 75.488250
0.049375 68.337515
0.049500 59.711867
0.049625 50.596094
0.049750 42.369679
0.049875 37.146411
0.050000 35.322141
0.050125 38.867531
0.050250 46.102587
0.050375 54.544227
0.050500 63.163266
0.050625 71.408915
0.050750 77.852366
0.050875 82.364261
0.051000 85.193488
0.051125 86.492402
0.051250 86.362560
0.051375 85.150822
0.051500 83.378194
0.051625 81.261687
0.051750 79.231449
0.051875 77.637518
0.052000 76.747207
0.052125 76.753446
0.052250 77.710551
0.052375 79.342435
0.052500 81.241254
0.052625 83.046614
0.052750 84.603269
0.052875 85.659238
0.053000 85.856696
0.053125 84.909819
0.053250 82.314401
0.053375 77.753781
0.053500 71.422164
0.053625 63.586875
0.053750 55.158829
0.053875 47.162679
0.054000 41.602260
0.054125 38.864437
0.054250 40.388339
0.054375 46.493094
0.054500 54.099755
0.054625 62.152233
0.054750 70.119765
0.054875 77.159743
0.055000 82.348455
0.055125 85.813244
0.055250 87.741081
0.055375 88.147098
0.055500 87.418048
0.055625 85.936706
0.055750 84.088817
0.055875 82.133530
0.056000 80.476029
0.056125 79.414416
0.056250 79.101741
0.056375 79.668176
0.056500 81.025020
0.056625 82.690702
0.056750 84.393901
0.056875 85.865661
0.057000 86.942577
0.057125 87.324795
0.057250 86.670582
0.057375 84.529407
0.057500 80.518700
0.057625 74.784540
0.057750 67.651234
0.057875 59.764597
0.058000 52.008265
0.058125 46.026487
0.058250 42.545000
0.058375 42.444506
0.058500 46.815199
0.058625 53.563042
0.058750 60.993778
0.058875 68.304332
0.059000 75.406055
0.059125 81.136313
0.059250 85.060250
0.059375 87.505219
0.059500 88.425663
0.059625 88.050269
0.059750 86.838727
0.059875 85.153589
0.060000 83.222580
0.060125 81.509334
0.060250 80.208853
0.060375 79.582567
0.060500 79.707356
0.060625 80.630912
0.060750 82.036630
0.060875 83.547341
0.061000 84.894953
0.061125 85.882430
0.061250 86.340078
0.061375 85.878729
0.061500 84.113585
0.061625 80.556143
0.061750 75.290686
0.061875 68.723954
0.062000 61.311498
0.062125 53.779758
0.062250 47.470131
0.062375 43.522137
