0.000000 0.000000
0.000125 20.179704
0.000250 34.270023
0.000375 47.316973
0.000500 58.687690
0.000625 68.134170
0.000750 75.585378
0.000875 80.980942
0.001000 84.440340
0.001125 86.328691
0.001250 87.004931
0.001375 87.053025
0.001500 86.962734
0.001625 86.546771
0.001750 85.789789
0.001875 85.108702
0.002000 85.296145
0.002125 86.869562
0.002250 89.723147
0.002375 93.177460
0.002500 96.624256
0.002625 99.771436
0.002750 102.617659
0.002875 105.027784
0.003000 106.758151
0.003125 107.473251
0.003250 106.643454
0.003375 103.948910
0.003500 99.374815
0.003625 92.989621
0.003750 84.999661
0.003875 76.321728
0.004000 69.214626
0.004125 68.578109
0.004250 74.129223
0.004375 84.452576
0.004500 95.350089
0.004625 105.158272
0.004750 113.129644
0.004875 119.179890
0.005000 123.738547
0.005125 126.684620
0.005250 127.999586
0.005375 128.307668
0.005500 128.070256
0.005625 127.465386
0.005750 126.687789
0.005875 125.965316
0.006000 125.586239
0.006125 125.707749
0.006250 126.467939
0.006375 127.863719
0.006500 129.752492
0.006625 131.851865
0.006750 133.918926
0.006875 135.786969
0.007000 137.338276
0.007125 138.359384
0.007250 137.853802
0.007375 135.319808
0.007500 131.464294
0.007625 126.405605
0.007750 119.655296
0.007875 111.501839
0.008000 103.204078
0.008125 97.855220
0.008250 96.890412
0.008375 100.437565
0.008500 107.653110
0.008625 116.078753
0.008750 123.630537
0.008875 129.517121
0.009000 133.932130
0.009125 137.250788
0.009250 138.870021
0.009375 138.694820
0.009500 137.531595
0.009625 135.934851
0.009750 134.117277
0.009875 132.183986
0.010000 130.231584
0.010125 128.574452
0.010250 127.385731
0.010375 126.841951
0.010500 126.914312
0.010625 127.432816
0.010750 128.212926
0.010875 129.009959
0.011000 129.587915
0.011125 129.723528
0.011250 129.033497
0.011375 126.972846
0.011500 123.265870
0.011625 117.992075
0.011750 110.977191
0.011875 102.195265
0.012000 92.096666
0.012125 81.983206
0.012250 74.677712
0.012375 72.681112
0.012500 76.286057
0.012625 83.497620
0.012750 91.494749
0.012875 98.487256
0.013000 103.839321
0.013125 107.439445
0.013250 109.289948
0.013375 109.488750
0.013500 108.516959
0.013625 106.674552
0.013750 104.151319
0.013875 101.164349
0.014000 97.920752
0.014125 94.574770
0.014250 91.535931
0.014375 89.279465
0.014500 88.143089
0.014625 88.077984
0.014750 88.542580
0.014875 88.996997
0.015000 89.211170
0.015125 89.204287
0.015250 88.786915
0.015375 87.454509
0.015500 84.743246
0.015625 80.268794
0.015750 73.820140
0.015875 65.335650
0.016000 54.843721
0.016125 42.876591
0.016250 30.373373
0.016375 20.851016
0.016500 20.049951
0.016625 27.619752
0.016750 39.570197
0.016875 51.036331
0.017000 60.901123
0.017125 69.079462
0.017250 75.376967
0.017375 79.892850
0.017500 82.684253
0.017625 84.193329
0.017750 84.822755
0.017875 84.915279
0.018000 84.525048
0.018125 83.868259
0.018250 83.302386
0.018375 83.218569
0.018500 84.035331
0.018625 85.978130
0.018750 88.779261
0.018875 91.944004
0.019000 95.136718
0.019125 98.143105
0.019250 100.764996
0.019375 102.772170
0.019500 103.911833
0.019625 103.749375
0.019750 101.918104
0.019875 98.251675
0.020000 92.819019
0.020125 85.937762
0.020250 78.549505
0.020375 72.306234
0.020500 69.748246
0.020625 71.962160
0.020750 78.656266
0.020875 87.768867
0.021000 97.383910
0.021125 106.061905
0.021250 113.140194
0.021375 118.568162
0.021500 122.371407
0.021625 124.762387
0.021750 126.034085
0.021875 126.434765
0.022000 126.259487
0.022125 125.794186
0.022250 125.243562
0.022375 124.870767
0.022500 124.831472
0.022625 125.186875
0.022750 126.131727
0.022875 127.595647
0.023000 129.498466
0.023125 131.513474
0.023250 133.477064
0.023375 135.158721
0.023500 136.218795
0.023625 136.190855
0.023750 134.761859
0.023875 131.835498
0.024000 127.437599
0.024125 121.702680
0.024250 115.053486
0.024375 108.385474
0.024500 103.324308
0.024625 100.791468
0.024750 101.957579
0.024875 106.252342
0.025000 112.373953
0.025125 119.218566
0.025250 125.587928
0.025375 130.914435
0.025500 134.844138
0.025625 137.212477
0.025750 138.253937
0.025875 138.229463
0.026000 137.340306
0.026125 135.941498
0.026250 134.335711
0.026375 132.667480
0.026500 131.097160
0.026625 129.761349
0.026750 128.836923
0.026875 128.461526
0.027000 128.534103
0.027125 129.002805
0.027250 129.635095
0.027375 130.185027
0.027500 130.439628
0.027625 129.969744
0.027750 128.331295
0.027875 125.417905
0.028000 121.018582
0.028125 115.047229
0.028250 107.725819
0.028375 99.548419
0.028500 91.442930
0.028625 84.995055
0.028750 81.517325
0.028875 81.534103
0.029000 84.743413
0.029125 90.101488
0.029250 96.172857
0.029375 101.838930
0.029500 106.204708
0.029625 109.053729
0.029750 110.371452
0.029875 110.489185
0.030000 109.542595
0.030125 107.753627
0.030250 105.310830
0.030375 102.470648
0.030500 99.490474
0.030625 96.696256
0.030750 94.341740
0.030875 92.616778
0.031000 91.571758
0.031125 91.146852
0.031250 91.139592
0.031375 91.217961
0.031500 91.106320
0.031625 90.597556
0.031750 89.321637
0.031875 86.940142
0.032000 83.091990
0.032125 77.557059
0.032250 70.394704
0.032375 61.655662
0.032500 51.894865
0.032625 41.947513
0.032750 34.676933
0.032875 31.825544
0.033000 32.592793
0.033125 36.863994
0.033250 44.307764
0.033375 53.109273
0.033500 61.481949
0.033625 68.365441
0.033750 73.665345
0.033875 77.526819
0.034000 80.086080
0.034125 81.583972
0.034250 82.331751
0.034375 82.440322
0.034500 82.095639
0.034625 81.718178
0.034750 81.708493
0.034875 82.349410
0.035000 83.636535
0.035125 85.516663
0.035250 87.902541
0.035375 90.579362
0.035500 93.357477
0.035625 95.915102
0.035750 97.936921
0.035875 99.169863
0.036000 99.274307
0.036125 98.081339
0.036250 95.427311
0.036375 91.425918
0.036500 86.288700
0.036625 80.755606
0.036750 76.130654
0.036875 73.846452
0.037000 74.385662
0.037125 77.563598
0.037250 83.049199
0.037375 90.197542
0.037500 97.895341
0.037625 105.208201
0.037750 111.483629
0.037875 116.316912
0.038000 119.841863
0.038125 122.188275
0.038250 123.596935
0.038375 124.241490
0.038500 124.350911
0.038625 124.247415
0.038750 124.141763
0.038875 124.163390
0.039000 124.403285
0.039125 124.976271
0.039250 126.007985
0.039375 127.389458
0.039500 129.052989
0.039625 130.765798
0.039750 132.290646
0.039875 133.276240
0.040000 133.394621
0.040125 132.480621
0.040250 130.474329
0.040375 127.299785
0.040500 122.972955
0.040625 117.914027
0.040750 112.960849
0.040875 108.997783
0.041000 106.638558
0.041125 106.424031
0.041250 108.059385
0.041375 111.509618
0.041500 116.058870
0.041625 121.169004
0.041750 126.350383
0.041875 130.841008
0.042000 134.127271
0.042125 136.162637
0.042250 137.210591
0.042375 137.431593
0.042500 136.969548
0.042625 135.966145
0.042750 134.680539
0.042875 133.374728
0.043000 132.184096
0.043125 131.215347
0.043250 130.499798
0.043375 130.139511
0.043500 130.106323
0.043625 130.263442
0.043750 130.498299
0.043875 130.528472
0.044000 129.991734
0.044125 128.629686
0.044250 126.272153
0.044375 122.791116
0.044500 118.158177
0.044625 112.455358
0.044750 106.075222
0.044875 99.819234
0.045000 94.621953
0.045125 91.350086
0.045250 89.878686
0.045375 90.320819
0.045500 92.275490
0.045625 95.571113
0.045750 99.706632
0.045875 103.787127
0.046000 107.232714
0.046125 109.564651
0.046250 110.783401
0.046375 110.949596
0.046500 110.171368
0.046625 108.627261
0.046750 106.494719
0.046875 104.055335
0.047000 101.642322
0.047125 99.406275
0.047250 97.508118
0.047375 95.997718
0.047500 94.840061
0.047625 93.989651
0.047750 93.405204
0.047875 92.829907
0.048000 91.995991
0.048125 90.565206
0.048250 88.354092
0.048375 85.099555
0.048500 80.575275
0.048625 74.751478
0.048750 67.774004
0.048875 59.994314
0.049000 52.368844
0.049125 46.824224
0.049250 43.657585
0.049375 42.824649
0.049500 43.150654
0.049625 45.364442
0.049750 49.558453
0.049875 55.124812
0.050000 61.169146
0.050125 66.760859
0.050250 71.340205
0.050375 74.802464
0.050500 77.313104
0.050625 78.939852
0.050750 79.761614
0.050875 80.060729
0.051000 80.108257
0.051125 80.272859
0.051250 80.859836
0.051375 81.899885
0.051500 83.252604
0.051625 84.850461
0.051750 86.743682
0.051875 88.839990
0.052000 90.909350
0.052125 92.657296
0.052250 93.847816
0.052375 94.243369
0.052500 93.618918
0.052625 91.907238
0.052750 89.154538
0.052875 85.568769
0.053000 81.709596
0.053125 78.664817
0.053250 77.250315
0.053375 77.623665
0.053500 79.416501
0.053625 82.417439
0.053750 86.475959
0.053875 91.660654
0.054000 97.507871
0.054125 103.445854
0.054250 108.856728
0.054375 113.378556
0.054500 116.840313
0.054625 119.340847
0.054750 120.970103
0.054875 121.962710
0.055000 122.540331
0.055125 122.874137
0.055250 123.206237
0.055375 123.524039
0.055500 123.985997
0.055625 124.710124
0.055750 125.678000
0.055875 126.834412
0.056000 128.055512
0.056125 129.199064
0.056250 129.988910
0.056375 130.213086
0.056500 129.696788
0.056625 128.334885
0.056750 126.170498
0.056875 123.167245
0.057000 119.561801
0.057125 116.087997
0.057250 113.330225
0.057375 111.656282
0.057500 111.271748
0.057625 111.838989
0.057750 113.318847
0.057875 115.679723
0.058000 118.790778
0.058125 122.499817
0.058250 126.303089
0.058375 129.872456
0.058500 132.762449
0.058625 134.793478
0.058750 136.069662
0.058875 136.615934
0.059000 136.490724
0.059125 135.929641
0.059250 135.127884
0.059375 134.215889
0.059500 133.360918
0.059625 132.587621
0.059750 131.957075
0.059875 131.499716
0.060000 131.195343
0.060125 130.917783
0.060250 130.554867
0.060375 129.918576
0.060500 128.653737
0.060625 126.736005
0.060750 123.972142
0.060875 120.383146
0.061000 115.983275
0.061125 111.161914
0.061250 106.431406
0.061375 102.551938
0.061500 99.911611
0.061625 98.318757
0.061750 97.651207
0.061875 97.761434
0.062000 98.500947
0.062125 100.124310
0.062250 102.549323
0.062375 105.243085
