0.000000 0.000000
0.000125 15.605227
0.000250 23.451699
0.000375 30.788513
0.000500 37.360462
0.000625 43.376978
0.000750 48.989687
0.000875 54.211021
0.001000 59.169657
0.001125 64.167162
0.001250 69.437591
0.001375 74.753134
0.001500 79.691385
0.001625 84.006763
0.001750 87.764681
0.001875 90.996123
0.002000 93.757435
0.002125 96.052602
0.002250 97.748632
0.002375 98.544666
0.002500 98.368302
0.002625 97.331476
0.002750 95.745357
0.002875 93.722301
0.003000 91.231095
0.003125 88.175529
0.003250 84.538979
0.003375 80.335479
0.003500 75.878153
0.003625 71.512343
0.003750 67.313341
0.003875 63.047051
0.004000 58.421032
0.004125 53.373734
0.004250 47.971309
0.004375 42.145353
0.004500 36.235660
0.004625 31.702760
0.004750 31.035320
0.004875 34.966801
0.005000 41.205071
0.005125 47.866397
0.005250 54.165047
0.005375 60.062397
0.005500 65.570344
0.005625 70.656851
0.005750 75.487334
0.005875 80.273402
0.006000 85.182483
0.006125 90.036153
0.006250 94.529638
0.006375 98.438306
0.006500 101.789688
0.006625 104.615175
0.006750 107.001896
0.006875 108.855565
0.007000 109.972016
0.007125 110.161890
0.007250 109.423229
0.007375 107.985399
0.007500 105.960176
0.007625 103.493252
0.007750 100.487570
0.007875 96.960714
0.008000 92.881953
0.008125 88.454115
0.008250 83.851828
0.008375 79.226423
0.008500 74.553828
0.008625 69.683756
0.008750 64.495065
0.008875 59.005638
0.009000 53.242485
0.009125 47.474428
0.009250 42.413833
0.009375 39.387355
0.009500 39.431964
0.009625 42.529944
0.009750 47.499159
0.009875 53.120305
0.010000 58.712495
0.010125 63.968466
0.010250 68.865675
0.010375 73.430620
0.010500 77.796574
0.010625 82.114173
0.010750 86.426906
0.010875 90.589415
0.011000 94.397390
0.011125 97.687281
0.011250 100.473725
0.011375 102.743127
0.011500 104.487176
0.011625 105.564804
0.011750 105.891818
0.011875 105.369742
0.012000 104.054111
0.012125 102.043473
0.012250 99.533990
0.012375 96.474168
0.012500 92.866776
0.012625 88.730206
0.012750 84.145413
0.012875 79.209492
0.013000 74.128973
0.013125 68.959651
0.013250 63.674702
0.013375 58.255103
0.013500 52.537662
0.013625 46.457155
0.013750 39.985565
0.013875 33.717358
0.014000 28.818500
0.014125 26.456826
0.014250 27.387306
0.014375 30.799397
0.014500 35.757683
0.014625 41.231654
0.014750 46.657780
0.014875 51.732558
0.015000 56.453750
0.015125 60.963575
0.015250 65.346987
0.015375 69.664166
0.015500 73.829229
0.015625 77.787988
0.015750 81.407180
0.015875 84.625724
0.016000 87.320248
0.016125 89.537478
0.016250 91.198366
0.016375 92.142311
0.016500 92.399143
0.016625 91.851842
0.016750 90.766990
0.016875 89.108979
0.017000 86.946641
0.017125 84.222437
0.017250 80.958340
0.017375 77.264141
0.017500 73.227699
0.017625 68.916148
0.017750 64.448799
0.017875 59.882326
0.018000 55.187228
0.018125 50.334129
0.018250 45.227326
0.018375 39.915614
0.018500 34.679080
0.018625 30.444338
0.018750 27.933886
0.018875 27.865320
0.019000 30.315506
0.019125 34.468570
0.019250 39.623976
0.019375 45.373503
0.019500 51.271979
0.019625 57.071374
0.019750 62.631021
0.019875 67.946072
0.020000 73.066260
0.020125 78.011791
0.020250 82.712475
0.020375 87.106415
0.020500 91.101514
0.020625 94.673983
0.020750 97.790518
0.020875 100.317250
0.021000 102.171469
0.021125 103.372965
0.021250 103.829344
0.021375 103.543092
0.021500 102.606641
0.021625 101.027899
0.021750 98.917383
0.021875 96.254881
0.022000 93.124978
0.022125 89.561201
0.022250 85.636637
0.022375 81.479574
0.022500 77.123375
0.022625 72.571553
0.022750 67.817888
0.022875 62.871415
0.023000 57.879976
0.023125 53.208815
0.023250 49.285964
0.023375 46.467563
0.023500 45.093257
0.023625 45.490851
0.023750 47.491424
0.023875 50.713553
0.024000 54.759702
0.024125 59.414276
0.024250 64.358821
0.024375 69.386833
0.024500 74.381103
0.024625 79.182939
0.024750 83.797766
0.024875 88.152910
0.025000 92.228726
0.025125 95.957816
0.025250 99.282286
0.025375 102.209365
0.025500 104.622783
0.025625 106.436727
0.025750 107.646571
0.025875 108.157994
0.026000 107.955372
0.026125 107.077257
0.026250 105.569296
0.026375 103.442458
0.026500 100.778674
0.026625 97.626954
0.026750 93.984050
0.026875 89.948689
0.027000 85.567150
0.027125 80.945341
0.027250 76.125849
0.027375 71.044873
0.027500 65.746786
0.027625 60.384179
0.027750 55.288496
0.027875 50.720357
0.028000 47.041328
0.028125 44.387545
0.028250 43.168160
0.028375 43.565505
0.028500 45.330377
0.028625 48.082963
0.028750 51.428359
0.028875 55.350004
0.029000 59.641788
0.029125 64.118147
0.029250 68.555514
0.029375 72.909380
0.029500 77.101014
0.029625 80.996565
0.029750 84.572856
0.029875 87.785129
0.030000 90.578772
0.030125 92.934692
0.030250 94.727161
0.030375 95.954421
0.030500 96.591976
0.030625 96.569483
0.030750 95.904812
0.030875 94.553704
0.031000 92.598852
0.031125 90.106744
0.031250 87.069909
0.031375 83.561736
0.031500 79.586813
0.031625 75.253043
0.031750 70.596179
0.031875 65.662576
0.032000 60.478994
0.032125 55.153839
0.032250 49.592987
0.032375 44.399391
0.032500 39.736161
0.032625 35.628491
0.032750 32.426933
0.032875 30.541443
0.033000 30.104385
0.033125 31.299541
0.033250 33.766036
0.033375 36.903528
0.033500 40.756187
0.033625 44.843406
0.033750 49.490509
0.033875 54.405972
0.034000 59.299504
0.034125 64.135227
0.034250 68.906680
0.034375 73.352892
0.034500 77.474897
0.034625 81.187856
0.034750 84.467469
0.034875 87.290403
0.035000 89.617865
0.035125 91.416825
0.035250 92.632422
0.035375 93.194027
0.035500 93.127804
0.035625 92.443450
0.035750 91.202231
0.035875 89.473326
0.036000 87.172622
0.036125 84.480704
0.036250 81.330987
0.036375 77.811783
0.036500 73.982070
0.036625 69.868529
0.036750 65.524882
0.036875 61.157817
0.037000 57.035057
0.037125 53.281805
0.037250 50.002330
0.037375 47.360215
0.037500 45.645183
0.037625 45.010351
0.037750 45.615744
0.037875 47.436649
0.038000 50.138743
0.038125 53.431560
0.038250 57.139905
0.038375 61.127250
0.038500 65.443742
0.038625 69.966701
0.038750 74.578841
0.038875 79.087381
0.039000 83.466750
0.039125 87.659168
0.039250 91.441294
0.039375 94.817457
0.039500 97.675656
0.039625 100.075309
0.039750 101.990717
0.039875 103.322001
0.040000 104.104849
0.040125 104.216075
0.040250 103.721507
0.040375 102.680741
0.040500 101.125639
0.040625 99.060969
0.040750 96.523544
0.040875 93.509051
0.041000 90.027248
0.041125 86.243950
0.041250 82.192063
0.041375 77.909548
0.041500 73.603530
0.041625 69.452675
0.041750 65.538677
0.041875 61.945046
0.042000 58.873964
0.042125 56.452799
0.042250 54.836315
0.042375 54.236925
0.042500 54.647436
0.042625 56.058889
0.042750 58.190732
0.042875 60.833092
0.043000 63.838041
0.043125 67.079141
0.043250 70.513155
0.043375 74.179958
0.043500 77.988017
0.043625 81.765590
0.043750 85.400038
0.043875 88.806474
0.044000 91.922377
0.044125 94.590496
0.044250 96.786091
0.044375 98.471224
0.044500 99.664075
0.044625 100.350787
0.044750 100.443442
0.044875 99.901438
0.045000 98.785293
0.045125 97.190601
0.045250 95.084589
0.045375 92.490126
0.045500 89.420172
0.045625 85.896666
0.045750 81.945138
0.045875 77.654273
0.046000 73.086423
0.046125 68.470173
0.046250 64.024023
0.046375 59.794124
0.046500 55.816128
0.046625 52.183672
0.046750 49.027201
0.046875 46.522014
0.047000 44.862631
0.047125 44.203005
0.047250 44.621716
0.047375 46.099293
0.047500 48.221669
0.047625 50.604949
0.047750 53.272388
0.047875 56.155029
0.048000 59.124436
0.048125 62.364337
0.048250 65.830215
0.048375 69.362757
0.048500 72.714556
0.048625 75.744859
0.048750 78.525895
0.048875 80.929802
0.049000 82.890554
0.049125 84.356834
0.049250 85.385912
0.049375 85.891786
0.049500 85.860163
0.049625 85.323226
0.049750 84.237316
0.049875 82.702803
0.050000 80.712937
0.050125 78.372278
0.050250 75.670210
0.050375 72.489024
0.050500 68.902618
0.050625 65.061598
0.050750 61.190886
0.050875 57.579360
0.051000 54.192152
0.051125 51.039293
0.051250 48.088436
0.051375 45.640714
0.051500 43.700850
0.051625 42.429852
0.051750 41.965660
0.051875 42.560779
0.052000 44.147073
0.052125 46.751794
0.052250 49.726732
0.052375 52.793091
0.052500 56.176504
0.052625 59.756587
0.052750 63.361013
0.052875 67.105717
0.053000 70.997818
0.053125 74.956146
0.053250 78.775289
0.053375 82.243003
0.053500 85.402677
0.053625 88.216988
0.053750 90.599672
0.053875 92.480140
0.054000 93.847070
0.054125 94.701364
0.054250 95.025670
0.054375 94.846370
0.054500 94.149810
0.054625 92.962030
0.054750 91.332084
0.054875 89.238334
0.055000 86.681960
0.055125 83.776028
0.055250 80.596029
0.055375 77.308275
0.055500 74.159488
0.055625 71.139860
0.055750 68.261064
0.055875 65.546611
0.056000 63.129267
0.056125 61.094801
0.056250 59.530015
0.056375 58.581019
0.056500 58.376807
0.056625 58.989250
0.056750 60.486512
0.056875 62.595660
0.057000 65.040869
0.057125 67.636935
0.057250 70.468152
0.057375 73.471679
0.057500 76.546486
0.057625 79.586582
0.057750 82.669481
0.057875 85.778452
0.058000 88.816874
0.058125 91.610625
0.058250 94.060206
0.058375 96.119897
0.058500 97.818038
0.058625 99.104353
0.058750 99.878370
0.058875 100.140512
0.059000 99.894583
0.059125 99.144932
0.059250 97.882339
0.059375 96.185688
0.059500 94.023639
0.059625 91.441786
0.059750 88.441842
0.059875 85.204440
0.060000 81.834570
0.060125 78.456954
0.060250 75.218345
0.060375 72.075946
0.060500 69.068513
0.060625 66.190735
0.060750 63.589884
0.060875 61.372518
0.061000 59.657355
0.061125 58.491637
0.061250 58.034827
0.061375 58.408336
0.061500 59.521624
0.061625 61.249858
0.061750 63.181302
0.061875 65.185836
0.062000 67.405736
0.062125 69.797861
0.062250 72.263420
0.062375 74.623739
