0.000000 0.000000
0.000125 19.696609
0.000250 29.440859
0.000375 38.399777
0.000500 46.325107
0.000625 53.104975
0.000750 58.516160
0.000875 62.970490
0.001000 66.717146
0.001125 69.214640
0.001250 70.449373
0.001375 71.592442
0.001500 72.312455
0.001625 72.441447
0.001750 72.406181
0.001875 72.172683
0.002000 71.503137
0.002125 70.366883
0.002250 69.391783
0.002375 69.037244
0.002500 69.792759
0.002625 71.110680
0.002750 72.442074
0.002875 73.395083
0.003000 73.827510
0.003125 73.702980
0.003250 73.296258
0.003375 72.703224
0.003500 71.499724
0.003625 69.358843
0.003750 66.172829
0.003875 62.099876
0.004000 56.953776
0.004125 50.710443
0.004250 43.465736
0.004375 35.417810
0.004500 27.202588
0.004625 22.874964
0.004750 25.230922
0.004875 33.020409
0.005000 41.823133
0.005125 49.994841
0.005250 56.985113
0.005375 62.612838
0.005500 67.242387
0.005625 71.060503
0.005750 73.735100
0.005875 75.299750
0.006000 76.471216
0.006125 77.228757
0.006250 77.382438
0.006375 77.312595
0.006500 77.184363
0.006625 76.776693
0.006750 76.003616
0.006875 74.945176
0.007000 74.019183
0.007125 73.838135
0.007250 74.618792
0.007375 75.922713
0.007500 77.088801
0.007625 77.664038
0.007750 77.549543
0.007875 76.997024
0.008000 76.321221
0.008125 74.883872
0.008250 72.447567
0.008375 69.466381
0.008500 65.485209
0.008625 60.302143
0.008750 54.183476
0.008875 47.298472
0.009000 39.874507
0.009125 33.542286
0.009250 31.386421
0.009375 32.246412
0.009500 35.404212
0.009625 41.916969
0.009750 49.699756
0.009875 56.511823
0.010000 62.225531
0.010125 67.008464
0.010250 70.652170
0.010375 73.136662
0.010500 75.005036
0.010625 76.224251
0.010750 76.801429
0.010875 76.901109
0.011000 76.713459
0.011125 76.392610
0.011250 75.999133
0.011375 75.472714
0.011500 74.666809
0.011625 73.540776
0.011750 72.622325
0.011875 72.339484
0.012000 72.888939
0.012125 73.835567
0.012250 74.420640
0.012375 74.392320
0.012500 73.828187
0.012625 72.729164
0.012750 70.906040
0.012875 68.377932
0.013000 65.103899
0.013125 61.059494
0.013250 55.922793
0.013375 49.805120
0.013500 43.003379
0.013625 36.079811
0.013750 31.729397
0.013875 31.623136
0.014000 32.756162
0.014125 33.965840
0.014250 36.748254
0.014375 42.336529
0.014500 49.136882
0.014625 55.198347
0.014750 60.240640
0.014875 64.093252
0.015000 66.818130
0.015125 69.020455
0.015250 70.644783
0.015375 71.544963
0.015500 71.902081
0.015625 71.973111
0.015750 71.880428
0.015875 71.627986
0.016000 71.407391
0.016125 71.072467
0.016250 70.380824
0.016375 69.493045
0.016500 68.751841
0.016625 68.636616
0.016750 69.037599
0.016875 69.719560
0.017000 70.007000
0.017125 69.823634
0.017250 68.891733
0.017375 67.084164
0.017500 64.660689
0.017625 61.538300
0.017750 57.585436
0.017875 52.813729
0.018000 47.287133
0.018125 41.203720
0.018250 36.005379
0.018375 34.559318
0.018500 35.972110
0.018625 37.678963
0.018750 38.883120
0.018875 40.080368
0.019000 42.497398
0.019125 47.117262
0.019250 53.109282
0.019375 58.588448
0.019500 62.967406
0.019625 66.350383
0.019750 69.094027
0.019875 71.127918
0.020000 72.554356
0.020125 73.513683
0.020250 74.054873
0.020375 74.320653
0.020500 74.417909
0.020625 74.495757
0.020750 74.490295
0.020875 74.391424
0.021000 74.044216
0.021125 73.488289
0.021250 72.916080
0.021375 72.612731
0.021500 72.815774
0.021625 73.099463
0.021750 73.108970
0.021875 72.356661
0.022000 70.718070
0.022125 68.282776
0.022250 65.102713
0.022375 61.217538
0.022500 56.689539
0.022625 51.823498
0.022750 47.198710
0.022875 44.388987
0.023000 44.433544
0.023125 46.118101
0.023250 47.976485
0.023375 49.172416
0.023500 49.806506
0.023625 50.503389
0.023750 52.228395
0.023875 55.658648
0.024000 60.149689
0.024125 64.542287
0.024250 68.244165
0.024375 71.135207
0.024500 73.351397
0.024625 74.909587
0.024750 76.017834
0.024875 76.749720
0.025000 77.141014
0.025125 77.371430
0.025250 77.469060
0.025375 77.428050
0.025500 77.454569
0.025625 77.216100
0.025750 76.720115
0.025875 75.830799
0.026000 74.871978
0.026125 74.109495
0.026250 73.701371
0.026375 73.183751
0.026500 72.169187
0.026625 70.454332
0.026750 67.841778
0.026875 64.348236
0.027000 60.278839
0.027125 55.699873
0.027250 51.106728
0.027375 47.587199
0.027500 46.309850
0.027625 47.345633
0.027750 49.355525
0.027875 51.270925
0.028000 52.439876
0.028125 52.769202
0.028250 52.544487
0.028375 52.588956
0.028500 53.496628
0.028625 55.688970
0.028750 59.090790
0.028875 62.800476
0.029000 65.947608
0.029125 68.353184
0.029250 70.162024
0.029375 71.467820
0.029500 72.439238
0.029625 73.149007
0.029750 73.608944
0.029875 73.829963
0.030000 73.849956
0.030125 73.752658
0.030250 73.588614
0.030375 73.129135
0.030500 72.238442
0.030625 70.996992
0.030750 69.652597
0.030875 68.361565
0.031000 67.127243
0.031125 65.730887
0.031250 63.866990
0.031375 61.212487
0.031500 57.712276
0.031625 53.597380
0.031750 49.104246
0.031875 44.942294
0.032000 42.600561
0.032125 42.946925
0.032250 45.127259
0.032375 47.762432
0.032500 50.128924
0.032625 51.547785
0.032750 52.015822
0.032875 51.784020
0.033000 51.189147
0.033125 50.806017
0.033250 51.177584
0.033375 52.929069
0.033500 55.856373
0.033625 59.301721
0.033750 62.312336
0.033875 64.702728
0.034000 66.606498
0.034125 68.219960
0.034250 69.494234
0.034375 70.588330
0.034500 71.368016
0.034625 71.873869
0.034750 72.187582
0.034875 72.357216
0.035000 72.175022
0.035125 71.603432
0.035250 70.656595
0.035375 69.360079
0.035500 67.848375
0.035625 66.171508
0.035750 64.438910
0.035875 62.431777
0.036000 59.929679
0.036125 56.821118
0.036250 53.254571
0.036375 49.529307
0.036500 46.826865
0.036625 46.222547
0.036750 47.742130
0.036875 50.602896
0.037000 53.680988
0.037125 56.328989
0.037250 58.130534
0.037375 58.893957
0.037500 58.874185
0.037625 58.283066
0.037750 57.432475
0.037875 56.960369
0.038000 57.084502
0.038125 58.332359
0.038250 60.668883
0.038375 63.600620
0.038500 66.418390
0.038625 68.865518
0.038750 70.950693
0.038875 72.675248
0.039000 74.084183
0.039125 75.247780
0.039250 76.204015
0.039375 76.790100
0.039500 77.073822
0.039625 76.919338
0.039750 76.406817
0.039875 75.490270
0.040000 74.130659
0.040125 72.375279
0.040250 70.209175
0.040375 67.837769
0.040500 65.236881
0.040625 62.429074
0.040750 59.352099
0.040875 56.141668
0.041000 53.358532
0.041125 51.854020
0.041250 52.154661
0.041375 54.026808
0.041500 56.850173
0.041625 59.921350
0.041750 62.452971
0.041875 64.199761
0.042000 64.952529
0.042125 64.875739
0.042250 64.089251
0.042375 62.844024
0.042500 61.582789
0.042625 60.648049
0.042750 60.269832
0.042875 60.861025
0.043000 62.443981
0.043125 64.744547
0.043250 67.329935
0.043375 69.676688
0.043500 71.632721
0.043625 73.184637
0.043750 74.541053
0.043875 75.588251
0.044000 76.343003
0.044125 76.594869
0.044250 76.304136
0.044375 75.601739
0.044500 74.466252
0.044625 72.810568
0.044750 70.728728
0.044875 68.179418
0.045000 65.218853
0.045125 61.883477
0.045250 58.446880
0.045375 55.020984
0.045500 51.913808
0.045625 49.716995
0.045750 49.118925
0.045875 50.227657
0.046000 52.483401
0.046125 55.376338
0.046250 58.335190
0.046375 60.846570
0.046500 62.629610
0.046625 63.472667
0.046750 63.409562
0.046875 62.583173
0.047000 61.251670
0.047125 59.648595
0.047250 58.044749
0.047375 56.793233
0.047500 56.112013
0.047625 56.259539
0.047750 57.584472
0.047875 59.805577
0.048000 62.423606
0.048125 64.774321
0.048250 66.785084
0.048375 68.397678
0.048500 69.787083
0.048625 70.762535
0.048750 71.356417
0.048875 71.308022
0.049000 70.617527
0.049125 69.496905
0.049250 67.872737
0.049375 65.700359
0.049500 63.075863
0.049625 59.950664
0.049750 56.459035
0.049875 52.717164
0.050000 49.205800
0.050125 46.572545
0.050250 45.173425
0.050375 45.812602
0.050500 47.950092
0.050625 50.883437
0.050750 54.115164
0.050875 57.323140
0.051000 60.091952
0.051125 62.139431
0.051250 63.394187
0.051375 63.760274
0.051500 63.346957
0.051625 62.331097
0.051750 61.050835
0.051875 59.451403
0.052000 58.052337
0.052125 56.903194
0.052250 56.291417
0.052375 56.674251
0.052500 58.184525
0.052625 60.392059
0.052750 63.088639
0.052875 65.708136
0.053000 68.044560
0.053125 69.971760
0.053250 71.457028
0.053375 72.434355
0.053500 72.838929
0.053625 72.589208
0.053750 71.691309
0.053875 70.267360
0.054000 68.209112
0.054125 65.660015
0.054250 62.666028
0.054375 59.329019
0.054500 55.829667
0.054625 52.698737
0.054750 50.669656
0.054875 50.229327
0.055000 51.553904
0.055125 54.066205
0.055250 57.297333
0.055375 60.631208
0.055500 63.776512
0.055625 66.449618
0.055750 68.453649
0.055875 69.765919
0.056000 70.335016
0.056125 70.162375
0.056250 69.360484
0.056375 68.084154
0.056500 66.489768
0.056625 64.747454
0.056750 63.281291
0.056875 62.179219
0.057000 61.643135
0.057125 61.929555
0.057250 63.099139
0.057375 64.970675
0.057500 67.449375
0.057625 69.979495
0.057750 72.091094
0.057875 73.735094
0.058000 74.832156
0.058125 75.239510
0.058250 75.040394
0.058375 74.161213
0.058500 72.584185
0.058625 70.394190
0.058750 67.622792
0.058875 64.412587
0.059000 60.967112
0.059125 57.568333
0.059250 54.798337
0.059375 53.017265
0.059500 52.872832
0.059625 54.193682
0.059750 56.612657
0.059875 59.679570
0.060000 62.924700
0.060125 65.882354
0.060250 68.258103
0.060375 70.013417
0.060500 71.156136
0.060625 71.621609
0.060750 71.470741
0.060875 70.673883
0.061000 69.307932
0.061125 67.632762
0.061250 65.633489
0.061375 63.707027
0.061500 62.238746
0.061625 61.208213
0.061750 60.441552
0.061875 60.396251
0.062000 61.255182
0.062125 62.833613
0.062250 64.943948
0.062375 67.136521
