0.000000 0.000000
0.000125 23.272893
0.000250 35.401453
0.000375 46.576537
0.000500 56.194615
0.000625 64.060109
0.000750 69.955761
0.000875 74.223643
0.001000 76.709204
0.001125 77.724445
0.001250 78.045207
0.001375 80.008432
0.001500 84.485433
0.001625 90.053327
0.001750 95.759273
0.001875 100.897810
0.002000 105.398964
0.002125 109.099770
0.002250 111.988004
0.002375 113.972544
0.002500 115.051362
0.002625 115.246609
0.002750 114.633998
0.002875 113.145657
0.003000 110.876904
0.003125 108.017469
0.003250 104.843068
0.003375 101.749809
0.003500 99.182513
0.003625 97.826546
0.003750 98.067834
0.003875 98.767266
0.004000 98.345930
0.004125 96.299873
0.004250 92.683681
0.004375 87.304500
0.004500 80.485177
0.004625 72.934081
0.004750 66.280349
0.004875 62.729023
0.005000 64.392707
0.005125 70.678532
0.005250 79.452967
0.005375 88.075125
0.005500 95.593202
0.005625 101.778849
0.005750 106.427671
0.005875 109.506069
0.006000 111.132209
0.006125 111.810409
0.006250 113.132626
0.006375 116.101721
0.006500 120.244809
0.006625 124.497671
0.006750 128.407414
0.006875 131.837173
0.007000 134.786426
0.007125 137.161187
0.007250 138.885401
0.007375 139.589233
0.007500 139.281343
0.007625 138.107911
0.007750 136.202529
0.007875 133.674614
0.008000 130.902079
0.008125 127.941804
0.008250 124.796859
0.008375 121.608026
0.008500 118.520328
0.008625 116.355219
0.008750 114.923719
0.008875 113.510730
0.009000 110.913672
0.009125 106.908786
0.009250 101.870950
0.009375 96.032498
0.009500 89.546563
0.009625 83.124358
0.009750 77.722612
0.009875 75.419297
0.010000 77.254176
0.010125 82.443833
0.010250 89.079859
0.010375 95.383425
0.010500 100.850752
0.010625 105.290374
0.010750 108.353775
0.010875 109.982292
0.011000 110.373100
0.011125 110.295236
0.011250 111.259797
0.011375 113.680717
0.011500 116.727700
0.011625 119.752289
0.011750 122.476135
0.011875 124.702518
0.012000 126.373125
0.012125 127.323842
0.012250 127.440461
0.012375 126.609162
0.012500 124.998844
0.012625 122.761710
0.012750 119.884145
0.012875 116.369741
0.013000 112.259666
0.013125 107.782074
0.013250 102.996897
0.013375 98.325930
0.013500 94.181641
0.013625 91.042525
0.013750 88.670779
0.013875 86.084762
0.014000 82.865160
0.014125 78.466399
0.014250 72.664945
0.014375 65.357837
0.014500 56.934405
0.014625 48.053434
0.014750 40.626897
0.014875 37.841314
0.015000 41.610717
0.015125 49.131727
0.015250 56.971930
0.015375 63.845427
0.015500 69.299161
0.015625 73.156072
0.015750 75.581637
0.015875 76.461518
0.016000 76.372082
0.016125 76.137885
0.016250 77.637220
0.016375 80.405697
0.016500 84.197555
0.016625 88.082913
0.016750 91.629046
0.016875 94.852579
0.017000 97.352892
0.017125 98.977467
0.017250 100.052946
0.017375 100.484988
0.017500 100.236283
0.017625 99.314670
0.017750 97.680361
0.017875 95.366798
0.018000 92.492962
0.018125 89.251254
0.018250 85.907182
0.018375 83.109800
0.018500 81.349300
0.018625 81.078053
0.018750 81.337242
0.018875 80.997838
0.019000 79.522449
0.019125 76.612504
0.019250 72.261313
0.019375 66.778505
0.019500 60.747593
0.019625 55.486569
0.019750 53.061306
0.019875 55.105027
0.020000 61.334544
0.020125 69.574778
0.020250 77.944072
0.020375 85.602235
0.020500 91.945667
0.020625 96.770231
0.020750 100.215101
0.020875 102.429064
0.021000 104.009190
0.021125 105.989226
0.021250 109.183807
0.021375 113.091754
0.021500 117.153411
0.021625 121.016734
0.021750 124.496894
0.021875 127.543094
0.022000 130.028692
0.022125 131.736047
0.022250 132.550898
0.022375 132.462235
0.022500 131.578222
0.022625 129.936627
0.022750 127.687909
0.022875 124.988243
0.023000 122.017655
0.023125 119.199434
0.023250 116.814484
0.023375 114.795870
0.023500 113.301439
0.023625 112.175865
0.023750 110.943750
0.023875 109.038418
0.024000 106.095048
0.024125 102.162141
0.024250 97.398259
0.024375 92.328127
0.024500 87.671077
0.024625 84.360922
0.024750 83.552873
0.024875 85.565683
0.025000 89.933254
0.025125 95.401212
0.025250 100.913367
0.025375 106.056486
0.025500 110.302883
0.025625 113.409144
0.025750 115.366548
0.025875 116.409318
0.026000 117.299728
0.026125 118.716834
0.026250 120.868352
0.026375 123.464056
0.026500 126.177514
0.026625 128.716945
0.026750 130.926927
0.026875 132.679489
0.027000 133.757881
0.027125 133.938699
0.027250 133.236024
0.027375 131.689575
0.027500 129.395521
0.027625 126.577325
0.027750 123.535578
0.027875 120.368840
0.028000 117.152153
0.028125 113.877662
0.028250 110.652848
0.028375 107.609564
0.028500 104.882980
0.028625 102.441212
0.028750 99.653938
0.028875 96.157979
0.029000 91.770578
0.029125 86.481032
0.029250 80.228358
0.029375 73.827480
0.029500 68.133704
0.029625 64.024084
0.029750 62.711055
0.029875 64.547344
0.030000 68.761168
0.030125 73.991984
0.030250 79.148878
0.030375 83.599532
0.030500 86.811517
0.030625 88.675379
0.030750 89.327708
0.030875 89.415061
0.031000 89.591981
0.031125 90.479682
0.031250 92.311389
0.031375 94.589776
0.031500 97.034043
0.031625 99.174447
0.031750 100.712256
0.031875 101.544497
0.032000 101.510232
0.032125 100.655671
0.032250 99.060212
0.032375 97.201671
0.032500 95.093178
0.032625 92.659782
0.032750 89.700357
0.032875 86.444007
0.033000 83.052312
0.033125 79.734735
0.033250 76.468506
0.033375 73.907242
0.033500 72.141046
0.033625 70.605443
0.033750 68.896526
0.033875 66.455494
0.034000 63.233465
0.034125 58.930385
0.034250 53.686792
0.034375 48.899528
0.034500 45.086814
0.034625 43.270417
0.034750 44.892386
0.034875 50.146089
0.035000 56.988644
0.035125 64.217351
0.035250 71.077769
0.035375 77.062133
0.035500 81.785196
0.035625 85.315379
0.035750 88.058219
0.035875 90.391864
0.036000 92.961006
0.036125 96.220773
0.036250 99.955805
0.036375 103.749984
0.036500 107.444509
0.036625 110.761588
0.036750 113.504974
0.036875 115.604785
0.037000 117.277558
0.037125 118.553134
0.037250 119.265363
0.037375 119.355253
0.037500 118.853872
0.037625 117.726505
0.037750 116.179566
0.037875 114.354616
0.038000 112.435622
0.038125 110.459228
0.038250 108.523525
0.038375 106.902334
0.038500 105.644556
0.038625 104.396985
0.038750 102.620743
0.038875 100.107634
0.039000 96.833497
0.039125 93.169477
0.039250 89.558328
0.039375 86.590075
0.039500 84.644041
0.039625 84.373320
0.039750 86.193571
0.039875 89.729478
0.040000 94.325117
0.040125 99.211956
0.040250 103.855973
0.040375 107.932835
0.040500 111.292230
0.040625 113.914631
0.040750 115.948642
0.040875 117.707381
0.041000 119.588484
0.041125 121.740996
0.041250 124.020219
0.041375 126.243893
0.041500 128.473708
0.041625 130.598964
0.041750 132.461638
0.041875 133.886942
0.042000 134.736186
0.042125 134.909201
0.042250 134.464950
0.042375 133.308715
0.042500 131.554000
0.042625 129.335509
0.042750 126.835248
0.042875 124.199504
0.043000 121.487942
0.043125 118.654999
0.043250 115.884658
0.043375 113.412094
0.043500 111.055291
0.043625 108.492496
0.043750 105.311933
0.043875 101.402046
0.044000 97.002659
0.044125 92.492320
0.044250 88.342066
0.044375 84.700775
0.044500 82.057892
0.044625 81.223961
0.044750 82.305248
0.044875 85.003428
0.045000 88.594644
0.045125 92.301100
0.045250 95.693741
0.045375 98.475922
0.045500 100.482608
0.045625 101.792299
0.045750 102.507675
0.045875 103.117061
0.046000 103.897734
0.046125 105.135920
0.046250 106.783905
0.046375 108.666091
0.046500 110.464519
0.046625 111.997895
0.046750 113.074834
0.046875 113.509107
0.047000 113.261994
0.047125 112.278799
0.047250 110.571686
0.047375 108.242944
0.047500 105.339355
0.047625 102.155000
0.047750 98.767346
0.047875 95.151966
0.048000 91.499445
0.048125 87.839193
0.048250 84.314079
0.048375 81.310175
0.048500 78.345806
0.048625 74.858247
0.048750 70.562141
0.048875 65.404493
0.049000 60.134597
0.049125 55.045879
0.049250 50.079669
0.049375 46.009078
0.049500 43.066911
0.049625 42.808014
0.049750 46.001210
0.049875 50.491811
0.050000 55.183646
0.050125 59.831066
0.050250 64.294460
0.050375 68.221859
0.050500 71.383590
0.050625 73.833819
0.050750 75.991955
0.050875 78.444069
0.051000 81.601965
0.051125 85.315406
0.051250 89.177970
0.051375 92.952774
0.051500 96.404903
0.051625 99.515429
0.051750 102.070041
0.051875 103.964374
0.052000 105.192675
0.052125 105.781292
0.052250 105.773521
0.052375 105.273562
0.052500 104.389179
0.052625 103.281136
0.052750 101.858037
0.052875 100.287222
0.053000 98.598719
0.053125 96.920023
0.053250 95.440240
0.053375 94.182738
0.053500 92.698948
0.053625 90.567437
0.053750 87.850277
0.053875 84.940703
0.054000 82.214624
0.054125 79.732205
0.054250 77.848731
0.054375 76.808035
0.054500 77.126082
0.054625 79.174473
0.054750 82.742999
0.054875 87.099595
0.055000 91.459417
0.055125 95.541359
0.055250 99.262628
0.055375 102.708428
0.055500 105.994626
0.055625 108.893963
0.055750 111.623637
0.055875 114.435184
0.056000 117.397126
0.056125 120.469449
0.056250 123.373328
0.056375 125.967184
0.056500 128.208711
0.056625 130.113365
0.056750 131.589003
0.056875 132.588998
0.057000 132.983483
0.057125 132.775908
0.057250 132.032592
0.057375 130.881566
0.057500 129.444366
0.057625 127.700450
0.057750 125.738176
0.057875 123.531793
0.058000 121.074944
0.058125 118.624481
0.058250 116.234453
0.058375 113.768825
0.058500 110.955718
0.058625 107.797390
0.058750 104.529997
0.058875 101.284405
0.059000 98.294467
0.059125 95.633984
0.059250 93.351267
0.059375 91.755020
0.059500 91.367178
0.059625 92.401146
0.059750 94.434509
0.059875 96.966970
0.060000 99.652114
0.060125 102.439094
0.060250 105.238577
0.060375 107.826700
0.060500 110.039028
0.060625 111.929580
0.060750 113.647847
0.060875 115.400969
0.061000 117.310242
0.061125 119.183234
0.061250 120.811399
0.061375 122.242480
0.061500 123.390101
0.061625 124.220773
0.061750 124.612831
0.061875 124.453008
0.062000 123.666107
0.062125 122.299244
0.062250 120.436323
0.062375 118.211991
