0.000000 0.000000
0.000125 15.511699
0.000250 24.362874
0.000375 32.113215
0.000500 38.796226
0.000625 44.417916
0.000750 48.955611
0.000875 52.535087
0.001000 55.661916
0.001125 58.282782
0.001250 60.860151
0.001375 64.118421
0.001500 67.662601
0.001625 71.045146
0.001750 74.075286
0.001875 76.842261
0.002000 79.410520
0.002125 81.621560
0.002250 83.427370
0.002375 84.879008
0.002500 85.835324
0.002625 86.352031
0.002750 86.571617
0.002875 86.436922
0.003000 85.990224
0.003125 85.271745
0.003250 84.294626
0.003375 82.990174
0.003500 81.452549
0.003625 79.982606
0.003750 78.822992
0.003875 77.816200
0.004000 76.418284
0.004125 74.381277
0.004250 71.725124
0.004375 68.391955
0.004500 64.467894
0.004625 60.712726
0.004750 58.030638
0.004875 57.128202
0.005000 58.545036
0.005125 62.203053
0.005250 67.273171
0.005375 72.553491
0.005500 77.441330
0.005625 81.672629
0.005750 85.293206
0.005875 88.342568
0.006000 90.948005
0.006125 93.358971
0.006250 95.777015
0.006375 98.389033
0.006500 100.996322
0.006625 103.350867
0.006750 105.288842
0.006875 106.873241
0.007000 108.105042
0.007125 108.922652
0.007250 109.354467
0.007375 109.550288
0.007500 109.648110
0.007625 109.515286
0.007750 109.027283
0.007875 108.050937
0.008000 106.645745
0.008125 105.011765
0.008250 103.281026
0.008375 101.351155
0.008500 99.123917
0.008625 96.861026
0.008750 94.615520
0.008875 92.154183
0.009000 89.266066
0.009125 85.952346
0.009250 82.356648
0.009375 78.620142
0.009500 74.974973
0.009625 71.900456
0.009750 69.887156
0.009875 69.333978
0.010000 70.394399
0.010125 72.910133
0.010250 76.193136
0.010375 79.608475
0.010500 82.781215
0.010625 85.503246
0.010750 87.678728
0.010875 89.432601
0.011000 90.971917
0.011125 92.429560
0.011250 93.903630
0.011375 95.429345
0.011500 96.811098
0.011625 97.901127
0.011750 98.602178
0.011875 98.933492
0.012000 98.943414
0.012125 98.642043
0.012250 98.064777
0.012375 97.186406
0.012500 95.977365
0.012625 94.459031
0.012750 92.602439
0.012875 90.442436
0.013000 87.993857
0.013125 85.234106
0.013250 82.249133
0.013375 79.146716
0.013500 75.929801
0.013625 72.534704
0.013750 68.996030
0.013875 65.174261
0.014000 60.876379
0.014125 56.091674
0.014250 50.982637
0.014375 45.735737
0.014500 40.882403
0.014625 37.255889
0.014750 35.490715
0.014875 35.506716
0.015000 37.091670
0.015125 40.318738
0.015250 44.299178
0.015375 48.026160
0.015500 51.039253
0.015625 53.391921
0.015750 55.241280
0.015875 56.806278
0.016000 58.195672
0.016125 59.519810
0.016250 60.979505
0.016375 62.511266
0.016500 63.918545
0.016625 65.123855
0.016750 66.646250
0.016875 68.296852
0.017000 69.428243
0.017125 70.082691
0.017250 70.480584
0.017375 70.764952
0.017500 70.790373
0.017625 70.546720
0.017750 70.161686
0.017875 69.569910
0.018000 68.644836
0.018125 67.493056
0.018250 66.299671
0.018375 65.046026
0.018500 63.547761
0.018625 61.786227
0.018750 59.803632
0.018875 57.653716
0.019000 55.340418
0.019125 52.834823
0.019250 50.454321
0.019375 48.708768
0.019500 47.976331
0.019625 48.409840
0.019750 49.927305
0.019875 52.320712
0.020000 55.622640
0.020125 59.697143
0.020250 64.247561
0.020375 68.720442
0.020500 72.885714
0.020625 76.695393
0.020750 80.162841
0.020875 83.335969
0.021000 86.283787
0.021125 88.973121
0.021250 91.452062
0.021375 93.770754
0.021500 95.878222
0.021625 97.720143
0.021750 99.263365
0.021875 100.554423
0.022000 101.606093
0.022125 102.364880
0.022250 102.802193
0.022375 102.952132
0.022500 102.794933
0.022625 102.323756
0.022750 101.542174
0.022875 100.489167
0.023000 99.178772
0.023125 97.667639
0.023250 95.912027
0.023375 93.947160
0.023500 91.819534
0.023625 89.545240
0.023750 87.282570
0.023875 85.077592
0.024000 82.904248
0.024125 80.991599
0.024250 79.536735
0.024375 78.569679
0.024500 78.074377
0.024625 78.108838
0.024750 78.739410
0.024875 79.989926
0.025000 81.702629
0.025125 83.800123
0.025250 86.170234
0.025375 88.772838
0.025500 91.361897
0.025625 93.738733
0.025750 95.893012
0.025875 97.807793
0.026000 99.543810
0.026125 100.989824
0.026250 102.134830
0.026375 103.076580
0.026500 103.849116
0.026625 104.474647
0.026750 104.882095
0.026875 105.083993
0.027000 105.027574
0.027125 104.649793
0.027250 103.971758
0.027375 102.942887
0.027500 101.586237
0.027625 99.946596
0.027750 98.035842
0.027875 95.882786
0.028000 93.470976
0.028125 90.769089
0.028250 87.876856
0.028375 84.825422
0.028500 81.634697
0.028625 78.267271
0.028750 74.804026
0.028875 71.451251
0.029000 68.348109
0.029125 65.699951
0.029250 63.584227
0.029375 62.108776
0.029500 61.182638
0.029625 60.612359
0.029750 60.433423
0.029875 60.634584
0.030000 61.243878
0.030125 62.403088
0.030250 64.111731
0.030375 66.111656
0.030500 68.103352
0.030625 69.920254
0.030750 71.458157
0.030875 72.609894
0.031000 73.419207
0.031125 73.949296
0.031250 74.245696
0.031375 74.471954
0.031500 74.615659
0.031625 74.566407
0.031750 74.261528
0.031875 73.735473
0.032000 72.967881
0.032125 71.866714
0.032250 70.489075
0.032375 68.833495
0.032500 66.917042
0.032625 64.744717
0.032750 62.385296
0.032875 60.050486
0.033000 57.671362
0.033125 55.274492
0.033250 52.624868
0.033375 50.034301
0.033500 47.619760
0.033625 44.811004
0.033750 41.693870
0.033875 39.188258
0.034000 38.144918
0.034125 38.219356
0.034250 39.030125
0.034375 40.234229
0.034500 41.543243
0.034625 43.067541
0.034750 44.887652
0.034875 47.004104
0.035000 49.558139
0.035125 52.612862
0.035250 56.240658
0.035375 60.040591
0.035500 63.807116
0.035625 67.409518
0.035750 70.702911
0.035875 73.613059
0.036000 76.236597
0.036125 78.617708
0.036250 80.739625
0.036375 82.666629
0.036500 84.449835
0.036625 86.074354
0.036750 87.464126
0.036875 88.582510
0.037000 89.384340
0.037125 89.852493
0.037250 89.985380
0.037375 89.828865
0.037500 89.443773
0.037625 88.895113
0.037750 88.230833
0.037875 87.471759
0.038000 86.536823
0.038125 85.399345
0.038250 83.996952
0.038375 82.429039
0.038500 80.812927
0.038625 79.367225
0.038750 78.221650
0.038875 77.550460
0.039000 77.411156
0.039125 77.696198
0.039250 78.244030
0.039375 79.026437
0.039500 79.893392
0.039625 80.868238
0.039750 81.960198
0.039875 83.294353
0.040000 84.821590
0.040125 86.643263
0.040250 88.783166
0.040375 91.164284
0.040500 93.491900
0.040625 95.670265
0.040750 97.664983
0.040875 99.391054
0.041000 100.880401
0.041125 102.156221
0.041250 103.212661
0.041375 104.082339
0.041500 104.927461
0.041625 105.596886
0.041750 105.807977
0.041875 105.619288
0.042000 105.159800
0.042125 104.557696
0.042250 103.769831
0.042375 102.723715
0.042500 101.566473
0.042625 100.280928
0.042750 98.841359
0.042875 97.176219
0.043000 95.259494
0.043125 93.049480
0.043250 90.661862
0.043375 88.277006
0.043500 85.979751
0.043625 83.937942
0.043750 82.314693
0.043875 81.124674
0.044000 80.343217
0.044125 79.784430
0.044250 79.359154
0.044375 79.074917
0.044500 78.809008
0.044625 78.606883
0.044750 78.481299
0.044875 78.559476
0.045000 78.911670
0.045125 79.550290
0.045250 80.568849
0.045375 81.803118
0.045500 82.995072
0.045625 84.051144
0.045750 84.952624
0.045875 85.661205
0.046000 86.188664
0.046125 86.499174
0.046250 86.558672
0.046375 86.345971
0.046500 85.947541
0.046625 85.307461
0.046750 84.395634
0.046875 83.197025
0.047000 81.766368
0.047125 80.148753
0.047250 78.475962
0.047375 76.735980
0.047500 74.910047
0.047625 72.866846
0.047750 70.462838
0.047875 67.612326
0.048000 64.339687
0.048125 60.772695
0.048250 57.102012
0.048375 53.627914
0.048500 50.792744
0.048625 48.804642
0.048750 47.481480
0.048875 46.591107
0.049000 46.071245
0.049125 45.646167
0.049250 45.038643
0.049375 44.284435
0.049500 44.010591
0.049625 44.368653
0.049750 44.800610
0.049875 45.087995
0.050000 45.700870
0.050125 47.233151
0.050250 49.672656
0.050375 52.187436
0.050500 54.531296
0.050625 56.827186
0.050750 59.417974
0.050875 61.840800
0.051000 63.906799
0.051125 65.782991
0.051250 67.372219
0.051375 68.625569
0.051500 69.704305
0.051625 70.680644
0.051750 71.451599
0.051875 72.008071
0.052000 72.543988
0.052125 73.129293
0.052250 73.634112
0.052375 73.923875
0.052500 73.881927
0.052625 73.445938
0.052750 72.680431
0.052875 71.577837
0.053000 70.272116
0.053125 69.088983
0.053250 68.284938
0.053375 67.933088
0.053500 68.049860
0.053625 68.566126
0.053750 69.354768
0.053875 70.359036
0.054000 71.423522
0.054125 72.534884
0.054250 73.577060
0.054375 74.651429
0.054500 75.784368
0.054625 77.031448
0.054750 78.398918
0.054875 79.856555
0.055000 81.435625
0.055125 83.207420
0.055250 85.215232
0.055375 87.368956
0.055500 89.503722
0.055625 91.512345
0.055750 93.374622
0.055875 95.018382
0.056000 96.418094
0.056125 97.585471
0.056250 98.518748
0.056375 99.146658
0.056500 99.587070
0.056625 99.929748
0.056750 100.203190
0.056875 100.403949
0.057000 100.493918
0.057125 100.407543
0.057250 100.055923
0.057375 99.388525
0.057500 98.458372
0.057625 97.305669
0.057750 95.942194
0.057875 94.471248
0.058000 93.065858
0.058125 91.934898
0.058250 91.127707
0.058375 90.453718
0.058500 89.817382
0.058625 89.394139
0.058750 89.230376
0.058875 89.200583
0.059000 89.140147
0.059125 89.034075
0.059250 88.933263
0.059375 88.925639
0.059500 88.917409
0.059625 89.011334
0.059750 89.159191
0.059875 89.427863
0.060000 89.801136
0.060125 90.322988
0.060250 91.030848
0.060375 91.876115
0.060500 92.682087
0.060625 93.395607
0.060750 93.973783
0.060875 94.368390
0.061000 94.518152
0.061125 94.437510
0.061250 94.175663
0.061375 93.783284
0.061500 93.327287
0.061625 92.818057
0.061750 92.199253
0.061875 91.396402
0.062000 90.342528
0.062125 88.999710
0.062250 87.364591
0.062375 85.431922
