0.000000 0.000000
0.000125 19.113726
0.000250 31.028441
0.000375 41.959753
0.000500 52.004266
0.000625 61.024553
0.000750 68.858552
0.000875 75.510922
0.001000 81.397744
0.001125 86.812060
0.001250 91.526901
0.001375 95.563458
0.001500 99.191071
0.001625 102.657992
0.001750 105.943460
0.001875 108.924123
0.002000 111.623372
0.002125 113.899489
0.002250 115.680583
0.002375 117.009800
0.002500 117.907592
0.002625 118.329406
0.002750 118.355022
0.002875 117.930353
0.003000 117.040057
0.003125 115.704085
0.003250 114.084948
0.003375 112.249689
0.003500 110.208454
0.003625 107.909602
0.003750 105.173594
0.003875 101.739304
0.004000 97.687078
0.004125 93.148788
0.004250 87.655505
0.004375 81.022667
0.004500 73.450523
0.004625 65.202804
0.004750 56.432285
0.004875 48.384971
0.005000 46.788791
0.005125 54.001971
0.005250 63.825438
0.005375 73.384174
0.005500 82.203964
0.005625 90.199749
0.005750 97.133009
0.005875 102.901724
0.006000 108.068740
0.006125 112.768318
0.006250 116.730580
0.006375 120.085715
0.006500 123.157774
0.006625 126.020890
0.006750 128.588029
0.006875 130.789743
0.007000 132.559307
0.007125 134.006064
0.007250 135.037312
0.007375 135.591581
0.007500 135.749780
0.007625 135.497093
0.007750 134.767879
0.007875 133.637902
0.008000 132.136680
0.008125 130.267248
0.008250 128.040367
0.008375 125.498161
0.008500 122.741003
0.008625 119.729436
0.008750 116.200791
0.008875 111.941637
0.009000 107.176160
0.009125 101.825358
0.009250 95.429617
0.009375 88.002210
0.009500 79.861353
0.009625 71.048497
0.009750 61.986475
0.009875 55.212430
0.010000 55.386789
0.010125 62.137689
0.010250 70.668785
0.010375 78.875834
0.010500 86.523045
0.010625 93.367209
0.010750 99.124686
0.010875 103.944991
0.011000 108.285549
0.011125 112.082604
0.011250 115.128335
0.011375 117.715470
0.011500 120.027331
0.011625 122.093498
0.011750 123.906175
0.011875 125.369353
0.012000 126.391677
0.012125 127.005075
0.012250 127.212066
0.012375 126.937999
0.012500 126.292840
0.012625 125.267068
0.012750 123.772272
0.012875 121.802279
0.013000 119.373351
0.013125 116.610050
0.013250 113.569682
0.013375 110.283030
0.013500 106.729190
0.013625 102.888205
0.013750 98.444975
0.013875 93.289250
0.014000 87.537941
0.014125 81.064575
0.014250 73.347970
0.014375 64.395653
0.014500 54.550092
0.014625 43.840413
0.014750 33.157579
0.014875 26.435451
0.015000 29.179784
0.015125 37.528113
0.015250 46.532681
0.015375 55.041803
0.015500 62.680220
0.015625 69.266043
0.015750 74.787759
0.015875 79.524584
0.016000 83.761893
0.016125 87.457936
0.016250 90.505077
0.016375 93.237927
0.016500 95.680201
0.016625 97.780552
0.016750 100.133646
0.016875 102.446962
0.017000 104.155754
0.017125 105.559147
0.017250 106.604233
0.017375 107.273906
0.017500 107.617192
0.017625 107.616559
0.017750 107.177358
0.017875 106.304083
0.018000 105.082535
0.018125 103.586401
0.018250 101.900571
0.018375 100.002891
0.018500 97.836882
0.018625 95.236774
0.018750 92.075691
0.018875 88.229214
0.019000 83.793685
0.019125 78.466647
0.019250 71.975828
0.019375 64.465125
0.019500 56.290658
0.019625 47.815218
0.019750 40.909179
0.019875 39.542897
0.020000 45.019711
0.020125 54.199676
0.020250 63.835068
0.020375 72.963958
0.020500 81.276343
0.020625 88.542045
0.020750 94.829503
0.020875 100.407415
0.021000 105.445475
0.021125 109.786387
0.021250 113.573862
0.021375 117.039427
0.021500 120.230846
0.021625 123.096974
0.021750 125.644916
0.021875 127.777016
0.022000 129.474275
0.022125 130.763494
0.022250 131.601381
0.022375 132.002389
0.022500 132.001132
0.022625 131.583737
0.022750 130.736168
0.022875 129.492349
0.023000 127.910117
0.023125 125.988620
0.023250 123.772308
0.023375 121.314815
0.023500 118.558588
0.023625 115.344148
0.023750 111.527163
0.023875 107.060350
0.024000 101.957582
0.024125 95.965265
0.024250 89.087680
0.024375 81.502107
0.024500 73.532824
0.024625 66.069599
0.024750 61.150028
0.024875 61.112664
0.025000 65.847466
0.025125 73.192217
0.025250 81.137445
0.025375 88.675173
0.025500 95.534136
0.025625 101.480423
0.025750 106.662470
0.025875 111.276015
0.026000 115.320483
0.026125 118.766431
0.026250 121.707824
0.026375 124.311878
0.026500 126.653186
0.026625 128.674491
0.026750 130.336092
0.026875 131.606114
0.027000 132.474564
0.027125 132.931642
0.027250 132.929678
0.027375 132.535256
0.027500 131.722858
0.027625 130.478343
0.027750 128.841498
0.027875 126.762037
0.028000 124.332562
0.028125 121.592376
0.028250 118.539694
0.028375 115.235749
0.028500 111.606590
0.028625 107.441502
0.028750 102.645546
0.028875 97.193347
0.029000 90.999698
0.029125 83.761705
0.029250 75.632744
0.029375 66.741340
0.029500 57.787729
0.029625 49.879343
0.029750 45.535283
0.029875 46.377735
0.030000 51.389153
0.030125 58.600687
0.030250 66.239505
0.030375 73.322297
0.030500 79.524589
0.030625 84.901428
0.030750 89.620960
0.030875 93.683576
0.031000 97.042133
0.031125 99.822756
0.031250 102.182331
0.031375 104.177500
0.031500 105.895530
0.031625 107.354859
0.031750 108.448827
0.031875 109.141766
0.032000 109.459838
0.032125 109.380728
0.032250 108.902004
0.032375 108.010082
0.032500 106.716149
0.032625 105.084608
0.032750 103.089858
0.032875 100.767946
0.033000 98.296352
0.033125 95.599484
0.033250 92.481912
0.033375 89.355777
0.033500 86.322638
0.033625 82.635616
0.033750 78.300843
0.033875 73.355443
0.034000 67.628591
0.034125 60.968768
0.034250 53.397049
0.034375 45.322175
0.034500 37.620440
0.034625 31.806252
0.034750 31.005993
0.034875 34.979630
0.035000 42.578736
0.035125 51.763462
0.035250 61.049202
0.035375 69.545960
0.035500 77.135963
0.035625 83.866364
0.035750 89.960856
0.035875 95.297773
0.036000 99.950115
0.036125 104.115650
0.036250 107.875384
0.036375 111.277855
0.036500 114.335025
0.036625 117.116889
0.036750 119.525637
0.036875 121.476938
0.037000 122.966618
0.037125 124.052611
0.037250 124.739800
0.037375 124.955183
0.037500 124.759942
0.037625 124.200053
0.037750 123.220368
0.037875 121.855063
0.038000 120.216218
0.038125 118.272426
0.038250 116.003992
0.038375 113.455499
0.038500 110.484383
0.038625 106.891739
0.038750 102.711675
0.038875 97.803625
0.039000 92.092609
0.039125 85.600715
0.039250 78.655058
0.039375 71.786548
0.039500 65.844107
0.039625 62.353495
0.039750 62.593826
0.039875 66.076785
0.040000 72.039791
0.040125 79.299412
0.040250 86.837797
0.040375 93.802159
0.040500 99.988613
0.040625 105.494514
0.040750 110.413244
0.040875 114.762141
0.041000 118.531443
0.041125 121.878900
0.041250 124.872058
0.041375 127.506784
0.041500 129.770453
0.041625 131.680197
0.041750 133.189428
0.041875 134.308850
0.042000 135.014602
0.042125 135.314717
0.042250 135.178060
0.042375 134.650741
0.042500 133.685385
0.042625 132.354206
0.042750 130.669187
0.042875 128.599985
0.043000 126.177822
0.043125 123.455541
0.043250 120.432085
0.043375 117.041581
0.043500 113.137156
0.043625 108.649324
0.043750 103.514201
0.043875 97.636639
0.044000 90.981464
0.044125 83.707839
0.044250 76.171291
0.044375 68.995010
0.044500 63.123270
0.044625 60.042305
0.044750 60.510056
0.044875 63.727275
0.045000 69.009162
0.045125 75.466055
0.045250 82.080317
0.045375 88.115972
0.045500 93.456961
0.045625 98.199824
0.045750 102.305568
0.045875 105.817615
0.046000 108.838925
0.046125 111.482563
0.046250 113.724288
0.046375 115.639206
0.046500 117.234995
0.046625 118.438887
0.046750 119.244996
0.046875 119.622802
0.047000 119.640066
0.047125 119.191635
0.047250 118.301203
0.047375 117.045077
0.047500 115.400706
0.047625 113.274389
0.047750 110.710783
0.047875 107.829428
0.048000 104.640547
0.048125 101.162874
0.048250 97.378776
0.048375 93.157798
0.048500 88.369973
0.048625 82.989057
0.048750 76.950315
0.048875 70.061461
0.049000 62.252049
0.049125 53.956378
0.049250 45.635319
0.049375 37.989649
0.049500 31.920115
0.049625 30.364102
0.049750 32.307520
0.049875 36.603447
0.050000 42.975199
0.050125 50.935026
0.050250 59.024436
0.050375 66.148070
0.050500 72.635753
0.050625 78.488986
0.050750 83.703848
0.050875 88.349672
0.051000 92.599770
0.051125 96.452819
0.051250 99.965536
0.051375 103.147429
0.051500 105.996557
0.051625 108.538646
0.051750 110.678571
0.051875 112.366858
0.052000 113.685020
0.052125 114.543743
0.052250 115.021869
0.052375 115.094399
0.052500 114.758053
0.052625 113.998184
0.052750 112.835360
0.052875 111.396168
0.053000 109.624940
0.053125 107.488365
0.053250 105.069951
0.053375 102.175889
0.053500 98.731187
0.053625 94.653196
0.053750 89.890035
0.053875 84.355580
0.054000 78.355395
0.054125 72.188075
0.054250 66.333089
0.054375 61.539161
0.054500 58.928388
0.054625 59.577839
0.054750 62.640781
0.054875 67.555928
0.055000 73.916513
0.055125 80.979525
0.055250 88.031488
0.055375 94.553257
0.055500 100.487700
0.055625 105.773809
0.055750 110.376047
0.055875 114.455269
0.056000 118.128675
0.056125 121.414946
0.056250 124.334330
0.056375 126.911606
0.056500 129.100596
0.056625 130.893271
0.056750 132.276118
0.056875 133.246029
0.057000 133.826192
0.057125 133.992379
0.057250 133.748006
0.057375 133.112188
0.057500 132.115659
0.057625 130.771568
0.057750 129.038398
0.057875 126.943910
0.058000 124.542803
0.058125 121.798927
0.058250 118.669123
0.058375 115.004101
0.058500 110.750133
0.058625 105.944498
0.058750 100.462506
0.058875 94.412499
0.059000 88.176027
0.059125 81.891578
0.059250 76.146385
0.059375 71.652388
0.059500 69.484085
0.059625 70.021948
0.059750 72.498902
0.059875 76.549406
0.060000 81.792225
0.060125 87.635664
0.060250 93.538799
0.060375 98.989663
0.060500 103.901863
0.060625 108.248507
0.060750 111.981496
0.060875 115.215682
0.061000 118.037931
0.061125 120.501963
0.061250 122.591075
0.061375 124.340954
0.061500 125.714648
0.061625 126.681041
0.061750 127.238462
0.061875 127.395695
0.062000 127.129156
0.062125 126.472650
0.062250 125.449048
0.062375 124.021676
