0.000000 0.000000
0.000125 28.748535
0.000250 52.175804
0.000375 73.370557
0.000500 92.061852
0.000625 108.259582
0.000750 121.670932
0.000875 131.796607
0.001000 139.003889
0.001125 144.243811
0.001250 147.656788
0.001375 150.505326
0.001500 152.941642
0.001625 155.028345
0.001750 156.650710
0.001875 157.873756
0.002000 158.843112
0.002125 159.700651
0.002250 160.376223
0.002375 160.893978
0.002500 161.197001
0.002625 161.335805
0.002750 161.288839
0.002875 161.044110
0.003000 160.677585
0.003125 160.185029
0.003250 159.559598
0.003375 158.801702
0.003500 157.923734
0.003625 156.794706
0.003750 155.203175
0.003875 153.151382
0.004000 150.798401
0.004125 147.924709
0.004250 144.219790
0.004375 138.388403
0.004500 130.879082
0.004625 120.436434
0.004750 107.257933
0.004875 91.710735
0.005000 73.982327
0.005125 55.570661
0.005250 39.257280
0.005375 41.565906
0.005500 61.890229
0.005625 81.943476
0.005750 100.126180
0.005875 115.931223
0.006000 129.372122
0.006125 140.030391
0.006250 147.608963
0.006375 153.289283
0.006500 156.655753
0.006625 159.152102
0.006750 161.019559
0.006875 162.646337
0.007000 164.029590
0.007125 165.024042
0.007250 165.686273
0.007375 166.203149
0.007500 166.616535
0.007625 166.915893
0.007750 167.024546
0.007875 166.990182
0.008000 166.709326
0.008125 166.126650
0.008250 165.376387
0.008375 164.511595
0.008500 163.526129
0.008625 162.458897
0.008750 161.580060
0.008875 160.901669
0.009000 159.890279
0.009125 158.400881
0.009250 156.536026
0.009375 154.169862
0.009500 150.936447
0.009625 146.084714
0.009750 138.950146
0.009875 129.371149
0.010000 116.840851
0.010125 102.249896
0.010250 86.405686
0.010375 69.586472
0.010500 53.564439
0.010625 45.089080
0.010750 56.282226
0.010875 75.343443
0.011000 93.358896
0.011125 109.331495
0.011250 122.947111
0.011375 134.067157
0.011500 142.402698
0.011625 148.299521
0.011750 152.332860
0.011875 154.690875
0.012000 156.433780
0.012125 157.766345
0.012250 158.943476
0.012375 159.767721
0.012500 160.115827
0.012625 160.194727
0.012750 160.152221
0.012875 160.060861
0.013000 159.889217
0.013125 159.758508
0.013250 159.722928
0.013375 159.585129
0.013500 159.351938
0.013625 159.052462
0.013750 158.627425
0.013875 157.986646
0.014000 157.170080
0.014125 156.105896
0.014250 154.727524
0.014375 152.770476
0.014500 150.196761
0.014625 147.058523
0.014750 143.264964
0.014875 138.385496
0.015000 131.653198
0.015125 122.898177
0.015250 112.221076
0.015375 99.411336
0.015500 84.781670
0.015625 68.626563
0.015750 52.702428
0.015875 40.563035
0.016000 39.234412
0.016125 55.297596
0.016250 74.245011
0.016375 91.293959
0.016500 105.955151
0.016625 118.118275
0.016750 127.760229
0.016875 134.751794
0.017000 139.536758
0.017125 142.654418
0.017250 144.734291
0.017375 146.517362
0.017500 148.401847
0.017625 150.284269
0.017750 151.964006
0.017875 153.392927
0.018000 154.693839
0.018125 155.925017
0.018250 157.027814
0.018375 157.944509
0.018500 158.599520
0.018625 159.054851
0.018750 159.286388
0.018875 159.405158
0.019000 159.351806
0.019125 159.075920
0.019250 158.575783
0.019375 157.854453
0.019500 156.799633
0.019625 155.141679
0.019750 152.880581
0.019875 149.976418
0.020000 146.472558
0.020125 142.266741
0.020250 137.292188
0.020375 130.728525
0.020500 122.237322
0.020625 111.531925
0.020750 98.774288
0.020875 84.275448
0.021000 70.300068
0.021125 58.471694
0.021250 51.952590
0.021375 57.496272
0.021500 73.346124
0.021625 90.492211
0.021750 106.033193
0.021875 119.583416
0.022000 130.902331
0.022125 139.829052
0.022250 146.456772
0.022375 151.350505
0.022500 154.642273
0.022625 157.179042
0.022750 159.326187
0.022875 161.285136
0.023000 162.988620
0.023125 164.336259
0.023250 165.437327
0.023375 166.366322
0.023500 167.145507
0.023625 167.732775
0.023750 168.049887
0.023875 168.137653
0.024000 168.021090
0.024125 167.688016
0.024250 167.189346
0.024375 166.447790
0.024500 165.453530
0.024625 164.232553
0.024750 162.678627
0.024875 160.640037
0.025000 158.014325
0.025125 154.777195
0.025250 151.398576
0.025375 147.695234
0.025500 143.236875
0.025625 137.453607
0.025750 129.767018
0.025875 120.127178
0.026000 108.380028
0.026125 94.984013
0.026250 82.381723
0.026375 71.061045
0.026500 62.677803
0.026625 60.912211
0.026750 70.438965
0.026875 86.270055
0.027000 102.215941
0.027125 116.454921
0.027250 128.456537
0.027375 138.122379
0.027500 145.444396
0.027625 150.656909
0.027750 154.263939
0.027875 156.620743
0.028000 158.401668
0.028125 159.905190
0.028250 161.219730
0.028375 162.265126
0.028500 163.044790
0.028625 163.576087
0.028750 163.943722
0.028875 164.121466
0.029000 164.084527
0.029125 163.805969
0.029250 163.330867
0.029375 162.637282
0.029500 161.693975
0.029625 160.454985
0.029750 158.951719
0.029875 157.142266
0.030000 154.969372
0.030125 152.399288
0.030250 149.651747
0.030375 146.781960
0.030500 143.680580
0.030625 140.333568
0.030750 136.415106
0.030875 131.629261
0.031000 125.295814
0.031125 117.034243
0.031250 106.601737
0.031375 94.369851
0.031500 82.568250
0.031625 71.026681
0.031750 60.806169
0.031875 54.552388
0.032000 56.495129
0.032125 68.532038
0.032250 84.415559
0.032375 99.439428
0.032500 112.550850
0.032625 123.350565
0.032750 131.875076
0.032875 138.087631
0.033000 142.563842
0.033125 145.649330
0.033250 147.886650
0.033375 149.793386
0.033500 151.550376
0.033625 153.073275
0.033750 154.208573
0.033875 155.045305
0.034000 155.639190
0.034125 155.993592
0.034250 156.122463
0.034375 156.014100
0.034500 155.698253
0.034625 155.176979
0.034750 154.462345
0.034875 153.666956
0.035000 152.839041
0.035125 151.843445
0.035250 150.809714
0.035375 149.856573
0.035500 148.739002
0.035625 147.336506
0.035750 145.469908
0.035875 143.110648
0.036000 140.090315
0.036125 136.235555
0.036250 131.135457
0.036375 124.278321
0.036500 115.420257
0.036625 105.209791
0.036750 95.200325
0.036875 84.971907
0.037000 75.273604
0.037125 68.184328
0.037250 65.538798
0.037375 71.728350
0.037500 84.465067
0.037625 99.347744
0.037750 113.244824
0.037875 125.141914
0.038000 134.904440
0.038125 142.502966
0.038250 148.000277
0.038375 151.993224
0.038500 154.739881
0.038625 156.721351
0.038750 158.326196
0.038875 159.733548
0.039000 160.912580
0.039125 161.847639
0.039250 162.632740
0.039375 163.293268
0.039500 163.775827
0.039625 164.059350
0.039750 164.111245
0.039875 163.949024
0.040000 163.519952
0.040125 162.840847
0.040250 162.093251
0.040375 161.455742
0.040500 160.845199
0.040625 160.102060
0.040750 159.132936
0.040875 157.783934
0.041000 155.984165
0.041125 153.521838
0.041250 150.382426
0.041375 146.447335
0.041500 141.498324
0.041625 135.030147
0.041750 126.854666
0.041875 117.700913
0.042000 108.555371
0.042125 98.882466
0.042250 89.185582
0.042375 80.876491
0.042500 75.459179
0.042625 75.337600
0.042750 82.938968
0.042875 95.040861
0.043000 108.170514
0.043125 120.106924
0.043250 130.381130
0.043375 138.704825
0.043500 145.067702
0.043625 149.883482
0.043750 153.515625
0.043875 156.166093
0.044000 158.171942
0.044125 159.885555
0.044250 161.376871
0.044375 162.559372
0.044500 163.346095
0.044625 163.795748
0.044750 163.888056
0.044875 163.690489
0.045000 163.201626
0.045125 162.478897
0.045250 161.546542
0.045375 160.655891
0.045500 159.863610
0.045625 159.017405
0.045750 158.120412
0.045875 157.055241
0.046000 155.721232
0.046125 154.070203
0.046250 151.895210
0.046375 149.133944
0.046500 145.738209
0.046625 141.533547
0.046750 136.458669
0.046875 130.263465
0.047000 122.538495
0.047125 114.171732
0.047250 105.635532
0.047375 96.296694
0.047500 86.445216
0.047625 77.016098
0.047750 69.865054
0.047875 65.653308
0.048000 68.463921
0.048125 77.631995
0.048250 90.613081
0.048375 103.516042
0.048500 115.083508
0.048625 125.007337
0.048750 132.908485
0.048875 138.895750
0.049000 143.321226
0.049125 146.529508
0.049250 148.857645
0.049375 150.659623
0.049500 152.159808
0.049625 153.301111
0.049750 154.079774
0.049875 154.413688
0.050000 154.405334
0.050125 154.237388
0.050250 153.884173
0.050375 153.483476
0.050500 153.221950
0.050625 152.976950
0.050750 152.769053
0.050875 152.483349
0.051000 152.070402
0.051125 151.492755
0.051250 150.633266
0.051375 149.327684
0.051500 147.571553
0.051625 145.275105
0.051750 142.338252
0.051875 138.607541
0.052000 134.119896
0.052125 128.836429
0.052250 122.436664
0.052375 116.127038
0.052500 109.622462
0.052625 102.337790
0.052750 94.207232
0.052875 85.908913
0.053000 79.127273
0.053125 74.284783
0.053250 73.260847
0.053375 79.183810
0.053500 89.470409
0.053625 102.363416
0.053750 114.626955
0.053875 125.529245
0.054000 134.854310
0.054125 142.271125
0.054250 147.972779
0.054375 152.183236
0.054500 155.252302
0.054625 157.493813
0.054750 159.129503
0.054875 160.476404
0.055000 161.425419
0.055125 161.925986
0.055250 162.100053
0.055375 162.016627
0.055500 162.013991
0.055625 162.008087
0.055750 161.911473
0.055875 161.724070
0.056000 161.402639
0.056125 160.980154
0.056250 160.397199
0.056375 159.662448
0.056500 158.702503
0.056625 157.499476
0.056750 156.008315
0.056875 154.121860
0.057000 151.674527
0.057125 148.576344
0.057250 144.719401
0.057375 140.082624
0.057500 134.632505
0.057625 129.388169
0.057750 123.847731
0.057875 117.306914
0.058000 109.900348
0.058125 102.002006
0.058250 94.746176
0.058375 88.959050
0.058500 85.057104
0.058625 86.290645
0.058750 92.920861
0.058875 102.802509
0.059000 114.319216
0.059125 124.904981
0.059250 134.318264
0.059375 142.197918
0.059500 148.295290
0.059625 152.845569
0.059750 155.998990
0.059875 158.170590
0.060000 159.532071
0.060125 160.388179
0.060250 160.905879
0.060375 161.005831
0.060500 160.979211
0.060625 160.879154
0.060750 160.794570
0.060875 160.690772
0.061000 160.524236
0.061125 160.393115
0.061250 160.196365
0.061375 159.910224
0.061500 159.487478
0.061625 158.932868
0.061750 158.109561
0.061875 157.004974
0.062000 155.438811
0.062125 153.395289
0.062250 150.803590
0.062375 147.590297
