0.000000 0.000000
0.000125 25.370473
0.000250 38.682240
0.000375 50.443211
0.000500 60.830602
0.000625 69.709240
0.000750 76.917231
0.000875 82.397350
0.001000 86.136207
0.001125 88.835924
0.001250 90.097917
0.001375 91.167831
0.001500 91.788150
0.001625 91.571904
0.001750 90.589063
0.001875 88.948842
0.002000 87.162722
0.002125 85.677161
0.002250 84.683695
0.002375 84.217026
0.002500 84.008721
0.002625 83.956481
0.002750 84.126280
0.002875 84.551997
0.003000 85.264250
0.003125 86.254427
0.003250 87.549470
0.003375 89.304193
0.003500 91.414422
0.003625 93.646515
0.003750 95.537048
0.003875 96.761242
0.004000 97.106152
0.004125 96.794495
0.004250 96.271864
0.004375 95.049765
0.004500 92.338718
0.004625 88.463394
0.004750 82.884338
0.004875 75.528461
0.005000 66.715752
0.005125 56.408628
0.005250 44.875533
0.005375 33.437107
0.005500 31.071599
0.005625 42.022080
0.005750 53.979602
0.005875 64.996812
0.006000 74.520374
0.006125 82.587690
0.006250 89.101117
0.006375 93.699105
0.006500 96.968139
0.006625 98.913805
0.006750 99.824520
0.006875 100.542364
0.007000 100.610767
0.007125 99.936424
0.007250 98.532655
0.007375 96.826870
0.007500 95.113271
0.007625 93.586122
0.007750 92.473270
0.007875 91.845242
0.008000 91.370150
0.008125 91.058033
0.008250 91.126777
0.008375 91.494180
0.008500 91.983664
0.008625 92.804372
0.008750 94.027034
0.008875 95.506234
0.009000 97.309940
0.009125 99.065095
0.009250 100.368012
0.009375 100.969134
0.009500 100.912336
0.009625 100.304786
0.009750 99.285651
0.009875 97.271276
0.010000 93.873917
0.010125 89.124766
0.010250 82.546303
0.010375 74.464792
0.010500 64.851845
0.010625 53.846543
0.010750 41.970449
0.010875 33.144531
0.011000 35.640250
0.011125 46.622876
0.011250 57.970447
0.011375 68.096824
0.011500 76.752807
0.011625 83.925544
0.011750 89.387359
0.011875 93.210915
0.012000 95.735109
0.012125 96.906711
0.012250 97.512523
0.012375 97.695896
0.012500 97.192174
0.012625 95.989134
0.012750 94.160436
0.012875 91.994310
0.013000 89.906891
0.013125 88.284417
0.013250 87.116250
0.013375 86.170961
0.013500 85.500465
0.013625 85.058014
0.013750 84.823844
0.013875 84.957286
0.014000 85.352283
0.014125 86.013217
0.014250 87.062503
0.014375 88.465783
0.014500 90.166457
0.014625 91.766098
0.014750 92.699832
0.014875 92.806033
0.015000 92.231436
0.015125 91.306638
0.015250 89.801151
0.015375 87.069031
0.015500 82.893160
0.015625 77.506628
0.015750 70.244609
0.015875 61.433535
0.016000 51.026702
0.016125 39.376585
0.016250 28.248542
0.016375 23.195743
0.016500 29.012302
0.016625 40.754917
0.016750 52.368629
0.016875 62.594370
0.017000 70.894476
0.017125 77.810199
0.017250 83.234844
0.017375 86.927687
0.017500 89.334108
0.017625 90.764996
0.017750 91.713327
0.017875 92.058705
0.018000 91.733982
0.018125 90.665443
0.018250 89.089576
0.018375 87.338889
0.018500 86.009326
0.018625 85.056384
0.018750 84.549082
0.018875 84.311492
0.019000 84.204983
0.019125 84.364996
0.019250 84.838403
0.019375 85.537138
0.019500 86.544573
0.019625 87.885121
0.019750 89.643516
0.019875 91.617038
0.020000 93.744249
0.020125 95.434801
0.020250 96.494368
0.020375 96.886206
0.020500 96.699809
0.020625 95.918260
0.020750 94.402708
0.020875 91.600694
0.021000 87.406540
0.021125 81.690323
0.021250 74.376704
0.021375 65.562504
0.021500 55.375795
0.021625 45.169544
0.021750 38.169382
0.021875 36.941472
0.022000 44.207320
0.022125 55.222298
0.022250 65.888322
0.022375 75.254090
0.022500 83.053778
0.022625 89.304732
0.022750 94.004879
0.022875 97.265646
0.023000 99.325290
0.023125 100.423728
0.023250 100.914215
0.023375 100.924248
0.023500 100.267876
0.023625 99.022133
0.023750 97.387211
0.023875 95.813428
0.024000 94.463920
0.024125 93.476741
0.024250 92.786068
0.024375 92.320317
0.024500 92.095405
0.024625 92.157584
0.024750 92.422792
0.024875 93.161148
0.025000 94.179852
0.025125 95.286433
0.025250 96.659594
0.025375 98.375036
0.025500 99.918673
0.025625 100.960480
0.025750 101.449625
0.025875 101.413896
0.026000 100.672537
0.026125 99.391165
0.026250 97.122742
0.026375 93.420534
0.026500 88.427860
0.026625 81.896147
0.026750 73.790203
0.026875 64.201723
0.027000 54.143671
0.027125 45.788547
0.027250 40.847079
0.027375 41.517593
0.027500 49.247918
0.027625 59.506234
0.027750 69.319281
0.027875 77.793149
0.028000 84.665954
0.028125 90.074140
0.028250 93.986777
0.028375 96.512349
0.028500 98.012544
0.028625 98.580868
0.028750 98.613500
0.028875 98.144378
0.029000 96.961235
0.029125 95.271399
0.029250 93.284086
0.029375 91.514803
0.029500 90.080303
0.029625 88.877933
0.029750 88.026185
0.029875 87.395138
0.030000 86.942041
0.030125 86.797821
0.030250 86.998641
0.030375 87.458970
0.030500 88.176767
0.030625 89.260995
0.030750 90.580930
0.030875 92.050099
0.031000 93.253706
0.031125 93.990461
0.031250 94.144337
0.031375 93.587813
0.031500 92.299127
0.031625 90.422417
0.031750 87.476566
0.031875 83.082676
0.032000 77.228283
0.032125 70.000289
0.032250 61.231309
0.032375 51.374596
0.032500 42.052008
0.032625 35.556936
0.032750 32.263065
0.032875 34.536886
0.033000 43.382184
0.033125 53.799736
0.033250 63.315480
0.033375 71.372544
0.033500 78.250195
0.033625 83.255473
0.033750 87.082150
0.033875 89.680472
0.034000 91.152861
0.034125 91.860027
0.034250 92.133932
0.034375 91.814754
0.034500 90.789335
0.034625 89.330039
0.034750 87.925886
0.034875 86.663821
0.035000 85.789739
0.035125 85.238414
0.035250 84.992005
0.035375 84.896446
0.035500 85.105268
0.035625 85.582084
0.035750 86.397172
0.035875 87.513831
0.036000 88.857206
0.036125 90.470807
0.036250 92.211811
0.036375 94.062454
0.036500 95.492634
0.036625 96.456817
0.036750 96.849275
0.036875 96.483825
0.037000 95.376067
0.037125 93.523290
0.037250 90.456329
0.037375 85.982836
0.037500 80.158645
0.037625 72.895289
0.037750 64.473945
0.037875 56.129346
0.038000 49.514130
0.038125 45.066721
0.038250 43.897864
0.038375 47.853016
0.038500 56.626999
0.038625 66.349907
0.038750 75.297859
0.038875 82.922808
0.039000 89.036852
0.039125 93.754071
0.039250 97.091340
0.039375 99.341709
0.039500 100.513238
0.039625 101.002847
0.039750 100.867934
0.039875 100.337041
0.040000 99.274695
0.040125 97.984645
0.040250 96.582796
0.040375 95.404903
0.040500 94.438654
0.040625 93.729307
0.040750 93.283395
0.040875 93.109280
0.041000 93.272770
0.041125 93.669631
0.041250 94.406173
0.041375 95.334106
0.041500 96.522424
0.041625 97.989758
0.041750 99.332430
0.041875 100.532246
0.042000 101.503263
0.042125 101.933378
0.042250 101.723139
0.042375 100.758022
0.042500 99.106879
0.042625 96.410891
0.042750 92.560415
0.042875 87.313745
0.043000 80.750876
0.043125 72.995124
0.043250 65.006010
0.043375 57.744049
0.043500 52.275774
0.043625 48.712957
0.043750 48.453427
0.043875 53.026840
0.044000 61.398082
0.044125 70.238731
0.044250 78.212826
0.044375 85.035940
0.044500 90.373554
0.044625 94.314078
0.044750 97.033282
0.044875 98.682726
0.045000 99.368570
0.045125 99.362462
0.045250 98.816315
0.045375 97.804088
0.045500 96.370189
0.045625 94.834911
0.045750 93.229469
0.045875 91.853245
0.046000 90.726072
0.046125 89.871000
0.046250 89.234006
0.046375 88.910385
0.046500 88.890242
0.046625 89.135435
0.046750 89.635953
0.046875 90.423344
0.047000 91.368392
0.047125 92.421880
0.047250 93.547459
0.047375 94.516532
0.047500 95.111887
0.047625 95.122452
0.047750 94.363516
0.047875 92.873297
0.048000 90.510766
0.048125 87.197806
0.048250 82.630200
0.048375 76.620627
0.048500 69.472984
0.048625 61.783702
0.048750 54.265582
0.048875 48.246107
0.049000 43.430482
0.049125 40.585877
0.049250 41.278935
0.049375 46.937893
0.049500 55.555930
0.049625 64.011612
0.049750 71.995322
0.049875 78.337608
0.050000 83.179309
0.050125 87.075981
0.050250 89.929843
0.050375 91.547102
0.050500 92.235783
0.050625 92.209457
0.050750 91.914103
0.050875 91.172881
0.051000 90.071562
0.051125 88.791226
0.051250 87.617037
0.051375 86.783213
0.051500 86.225113
0.051625 85.841633
0.051750 85.855932
0.051875 86.153856
0.052000 86.650541
0.052125 87.462159
0.052250 88.567510
0.052375 89.916069
0.052500 91.354761
0.052625 92.794499
0.052750 94.202565
0.052875 95.434384
0.053000 96.256918
0.053125 96.489134
0.053250 95.835011
0.053375 94.435390
0.053500 92.115688
0.053625 88.738815
0.053750 84.167911
0.053875 78.315178
0.054000 71.941119
0.054125 65.312827
0.054250 59.555792
0.054375 54.999155
0.054500 51.648763
0.054625 50.428166
0.054750 52.402425
0.054875 58.603487
0.055000 66.953829
0.055125 75.052921
0.055250 82.352248
0.055375 88.460444
0.055500 93.230818
0.055625 96.743582
0.055750 99.135825
0.055875 100.475304
0.056000 101.003444
0.056125 100.943213
0.056250 100.507078
0.056375 99.730100
0.056500 98.686025
0.056625 97.512623
0.056750 96.413685
0.056875 95.493950
0.057000 94.861509
0.057125 94.480184
0.057250 94.329064
0.057375 94.511539
0.057500 95.046183
0.057625 95.734760
0.057750 96.637051
0.057875 97.744079
0.058000 98.903276
0.058125 100.022260
0.058250 101.100109
0.058375 101.815618
0.058500 102.018967
0.058625 101.574475
0.058750 100.382559
0.058875 98.232562
0.059000 95.214215
0.059125 91.232795
0.059250 85.928404
0.059375 80.078778
0.059500 73.773431
0.059625 67.807000
0.059750 62.823632
0.059875 58.757582
0.060000 55.840023
0.060125 55.033813
0.060250 57.378932
0.060375 63.648491
0.060500 71.254563
0.060625 78.565604
0.060750 85.010073
0.060875 90.337617
0.061000 94.455618
0.061125 97.391096
0.061250 99.150606
0.061375 99.988917
0.061500 100.021523
0.061625 99.621887
0.061750 98.828330
0.061875 97.758707
0.062000 96.407983
0.062125 94.950968
0.062250 93.647326
0.062375 92.616720
