0.000000 0.000000
0.000125 27.531596
0.000250 45.287148
0.000375 61.387858
0.000500 75.071124
0.000625 86.433913
0.000750 95.050888
0.000875 101.257456
0.001000 105.469913
0.001125 108.111379
0.001250 108.945232
0.001375 108.728265
0.001500 107.598798
0.001625 106.682686
0.001750 105.767793
0.001875 104.898613
0.002000 104.152132
0.002125 103.939568
0.002250 104.253865
0.002375 104.864690
0.002500 105.364588
0.002625 105.730402
0.002750 106.137536
0.002875 106.717231
0.003000 107.145195
0.003125 107.569091
0.003250 108.264733
0.003375 109.516057
0.003500 111.130255
0.003625 112.848483
0.003750 114.424234
0.003875 116.189222
0.004000 117.972565
0.004125 118.921621
0.004250 118.689919
0.004375 116.893681
0.004500 113.320795
0.004625 107.750744
0.004750 99.649036
0.004875 89.059758
0.005000 76.160048
0.005125 61.474488
0.005250 46.289803
0.005375 37.366250
0.005500 47.609018
0.005625 63.787121
0.005750 79.135293
0.005875 92.511116
0.006000 103.580666
0.006125 112.110644
0.006250 118.143033
0.006375 122.119309
0.006500 124.363102
0.006625 124.920961
0.006750 124.615409
0.006875 123.427745
0.007000 122.134821
0.007125 120.981306
0.007250 120.012504
0.007375 119.113181
0.007500 118.469931
0.007625 118.175143
0.007750 118.153890
0.007875 118.145379
0.008000 117.993823
0.008125 117.945609
0.008250 118.111911
0.008375 118.247278
0.008500 118.369365
0.008625 118.761028
0.008750 119.506303
0.008875 120.533985
0.009000 121.550817
0.009125 122.532328
0.009250 123.623173
0.009375 124.687173
0.009500 124.954567
0.009625 124.125111
0.009750 121.770997
0.009875 117.499893
0.010000 111.328545
0.010125 102.667483
0.010250 91.614746
0.010375 78.494845
0.010500 64.026876
0.010625 50.233482
0.010750 42.919183
0.010875 49.360775
0.011000 64.238012
0.011125 78.901659
0.011250 91.625421
0.011375 102.072206
0.011500 109.991987
0.011625 115.502016
0.011750 118.949445
0.011875 120.654060
0.012000 120.779134
0.012125 119.962016
0.012250 118.315354
0.012375 116.413875
0.012500 114.603643
0.012625 112.995365
0.012750 111.510702
0.012875 110.395732
0.013000 109.640027
0.013125 109.259582
0.013250 108.855108
0.013375 108.279022
0.013500 107.698261
0.013625 107.287069
0.013750 106.877387
0.013875 106.495848
0.014000 106.305761
0.014125 106.616129
0.014250 107.244095
0.014375 108.001658
0.014500 108.622811
0.014625 109.251065
0.014750 109.769022
0.014875 109.741541
0.015000 108.291758
0.015125 105.511277
0.015250 100.806365
0.015375 94.319449
0.015500 85.490187
0.015625 74.447836
0.015750 61.262138
0.015875 47.451164
0.016000 34.203966
0.016125 27.471017
0.016250 31.569201
0.016375 46.689152
0.016500 61.768818
0.016625 74.808563
0.016750 85.492963
0.016875 93.963883
0.017000 99.959547
0.017125 104.140852
0.017250 106.383376
0.017375 107.394201
0.017500 107.168832
0.017625 106.371853
0.017750 105.046979
0.017875 103.888811
0.018000 102.901063
0.018125 102.334205
0.018250 102.062051
0.018375 102.414552
0.018500 102.885976
0.018625 103.402320
0.018750 103.777036
0.018875 104.178107
0.019000 104.572287
0.019125 105.129266
0.019250 105.770338
0.019375 106.623971
0.019500 107.811989
0.019625 109.348698
0.019750 110.859300
0.019875 112.305653
0.020000 113.643558
0.020125 114.863028
0.020250 115.444323
0.020375 114.750927
0.020500 112.736832
0.020625 108.949488
0.020750 103.213240
0.020875 95.497240
0.021000 85.677403
0.021125 74.754240
0.021250 63.022190
0.021375 53.519808
0.021500 48.708152
0.021625 51.432704
0.021750 63.112754
0.021875 77.462564
0.022000 90.422436
0.022125 101.261502
0.022250 109.760197
0.022375 116.029900
0.022500 120.223777
0.022625 122.600837
0.022750 123.652651
0.022875 123.514769
0.023000 122.723814
0.023125 121.536837
0.023250 120.251006
0.023375 119.275342
0.023500 118.597042
0.023625 118.150048
0.023750 117.918121
0.023875 117.877061
0.024000 117.860899
0.024125 117.849667
0.024250 117.864379
0.024375 117.957367
0.024500 118.236185
0.024625 118.603650
0.024750 119.108135
0.024875 119.824754
0.025000 120.722198
0.025125 121.615993
0.025250 122.384829
0.025375 122.950042
0.025500 123.365658
0.025625 123.144305
0.025750 121.869793
0.025875 119.284442
0.026000 115.041546
0.026125 108.897624
0.026250 101.044969
0.026375 91.814488
0.026500 81.204118
0.026625 70.287784
0.026750 62.005220
0.026875 57.149104
0.027000 58.006831
0.027125 66.245669
0.027250 78.754164
0.027375 90.870488
0.027500 101.105674
0.027625 109.084578
0.027750 114.916038
0.027875 118.764465
0.028000 120.761455
0.028125 121.451695
0.028250 120.993156
0.028375 119.782280
0.028500 118.072318
0.028625 116.272090
0.028750 114.681102
0.028875 113.438632
0.029000 112.508971
0.029125 111.781106
0.029250 111.245848
0.029375 110.845511
0.029500 110.316921
0.029625 109.823714
0.029750 109.346927
0.029875 109.057493
0.030000 108.844394
0.030125 108.798638
0.030250 108.941436
0.030375 109.267910
0.030500 109.621889
0.030625 109.964802
0.030750 110.017152
0.030875 109.840177
0.031000 109.023470
0.031125 107.334630
0.031250 104.247798
0.031375 99.634944
0.031500 93.186350
0.031625 85.786262
0.031750 76.621866
0.031875 66.009918
0.032000 55.839429
0.032125 48.245239
0.032250 42.854025
0.032375 42.726561
0.032500 48.583675
0.032625 60.547861
0.032750 72.650224
0.032875 83.134807
0.033000 91.171525
0.033125 97.364844
0.033250 101.421366
0.033375 103.946075
0.033500 105.292893
0.033625 105.565690
0.033750 104.865899
0.033875 103.835068
0.034000 102.463154
0.034125 101.530785
0.034250 100.909651
0.034375 100.765242
0.034500 100.772805
0.034625 101.127353
0.034750 101.497658
0.034875 101.947653
0.035000 102.269369
0.035125 102.750922
0.035250 103.267890
0.035375 104.055863
0.035500 104.903231
0.035625 105.914145
0.035750 106.937790
0.035875 108.145046
0.036000 109.221941
0.036125 110.091726
0.036250 110.557215
0.036375 110.530994
0.036500 109.616938
0.036625 107.457925
0.036750 103.880440
0.036875 99.224265
0.037000 93.184665
0.037125 85.405966
0.037250 76.703999
0.037375 69.185289
0.037500 63.224241
0.037625 59.266141
0.037750 59.398348
0.037875 63.852053
0.038000 73.974914
0.038125 85.571186
0.038250 96.231009
0.038375 104.971689
0.038500 111.658182
0.038625 116.510334
0.038750 119.553338
0.038875 121.233819
0.039000 121.731152
0.039125 121.430230
0.039250 120.636077
0.039375 119.563297
0.039500 118.646611
0.039625 118.026879
0.039750 117.697010
0.039875 117.514429
0.040000 117.500390
0.040125 117.528335
0.040250 117.603655
0.040375 117.670160
0.040500 117.840173
0.040625 118.078000
0.040750 118.461176
0.040875 118.953983
0.041000 119.419617
0.041125 120.002532
0.041250 120.598828
0.041375 121.062435
0.041500 121.244325
0.041625 121.068559
0.041750 120.352348
0.041875 118.861745
0.042000 116.268161
0.042125 112.838900
0.042250 108.140944
0.042375 101.885059
0.042500 94.094066
0.042625 86.189406
0.042750 79.444222
0.042875 73.504366
0.043000 69.293438
0.043125 68.562742
0.043250 70.844652
0.043375 78.307713
0.043500 88.201570
0.043625 97.946876
0.043750 106.089529
0.043875 112.431054
0.044000 116.930669
0.044125 119.684565
0.044250 121.077033
0.044375 121.329040
0.044500 120.690627
0.044625 119.556589
0.044750 118.061158
0.044875 116.599803
0.045000 115.405999
0.045125 114.539969
0.045250 113.793000
0.045375 113.247646
0.045500 112.747347
0.045625 112.312080
0.045750 111.880369
0.045875 111.480080
0.046000 111.160142
0.046125 110.955937
0.046250 110.771868
0.046375 110.708655
0.046500 110.620711
0.046625 110.548155
0.046750 110.422242
0.046875 110.094712
0.047000 109.294451
0.047125 108.056773
0.047250 106.059396
0.047375 103.531671
0.047500 99.994643
0.047625 95.033254
0.047750 88.303373
0.047875 80.463247
0.048000 73.161838
0.048125 66.909083
0.048250 60.757930
0.048375 56.060487
0.048500 54.611722
0.048625 55.231439
0.048750 60.850807
0.048875 70.275949
0.049000 79.616644
0.049125 87.990431
0.049250 94.387589
0.049375 99.162592
0.049500 102.198767
0.049625 103.945709
0.049750 104.352532
0.049875 104.012293
0.050000 103.007376
0.050125 102.109887
0.050250 101.090294
0.050375 100.428373
0.050500 99.943497
0.050625 99.933119
0.050750 99.939612
0.050875 100.202981
0.051000 100.401881
0.051125 100.791377
0.051250 101.093405
0.051375 101.615569
0.051500 102.092764
0.051625 102.726333
0.051750 103.371809
0.051875 104.180175
0.052000 104.887886
0.052125 105.551348
0.052250 105.954485
0.052375 105.994161
0.052500 105.481019
0.052625 104.864332
0.052750 103.566416
0.052875 101.064512
0.053000 96.972833
0.053125 91.434723
0.053250 85.558398
0.053375 80.338736
0.053500 75.611551
0.053625 70.882771
0.053750 67.460911
0.053875 66.705735
0.054000 67.611860
0.054125 72.123012
0.054250 80.694586
0.054375 89.958562
0.054500 98.736736
0.054625 105.954966
0.054750 111.507392
0.054875 115.436440
0.055000 117.919339
0.055125 119.290416
0.055250 119.625120
0.055375 119.397631
0.055500 118.851172
0.055625 118.164436
0.055750 117.570347
0.055875 117.226890
0.056000 117.072027
0.056125 116.987459
0.056250 116.993641
0.056375 117.065797
0.056500 117.169156
0.056625 117.378023
0.056750 117.521311
0.056875 117.788215
0.057000 118.113496
0.057125 118.441662
0.057250 118.751994
0.057375 118.965111
0.057500 119.046637
0.057625 118.880150
0.057750 118.374596
0.057875 117.803866
0.058000 116.917838
0.058125 115.128134
0.058250 112.159192
0.058375 107.798619
0.058500 102.310757
0.058625 97.161835
0.058750 92.338011
0.058875 87.563738
0.059000 82.711439
0.059125 79.044247
0.059250 77.619617
0.059375 77.522787
0.059500 79.910064
0.059625 86.397057
0.059750 94.326282
0.059875 102.063031
0.060000 108.857415
0.060125 114.119981
0.060250 117.728846
0.060375 120.006929
0.060500 121.038914
0.060625 121.195683
0.060750 120.628358
0.060875 119.716863
0.061000 118.575333
0.061125 117.454665
0.061250 116.540495
0.061375 115.786920
0.061500 115.155066
0.061625 114.586869
0.061750 114.069557
0.061875 113.645900
0.062000 113.273260
0.062125 112.868102
0.062250 112.533606
0.062375 112.260848
