0.000000 0.000000
0.000125 46.202772
0.000250 86.393490
0.000375 124.212574
0.000500 158.678260
0.000625 189.397931
0.000750 216.315251
0.000875 239.615814
0.001000 259.600879
0.001125 276.623814
0.001250 290.551868
0.001375 302.941311
0.001500 312.878223
0.001625 318.817280
0.001750 322.183705
0.001875 322.984948
0.002000 321.737325
0.002125 320.433410
0.002250 319.658656
0.002375 319.430850
0.002500 319.790236
0.002625 320.784607
0.002750 322.298685
0.002875 323.890591
0.003000 323.980895
0.003125 321.600065
0.003250 316.789474
0.003375 308.335679
0.003500 296.699765
0.003625 283.659520
0.003750 267.866927
0.003875 249.026615
0.004000 226.925247
0.004125 201.235004
0.004250 171.786882
0.004375 138.614960
0.004500 102.208257
0.004625 64.099374
0.004750 29.808471
0.004875 42.976265
0.005000 81.377182
0.005125 119.303466
0.005250 154.367212
0.005375 185.890956
0.005500 213.773210
0.005625 237.944995
0.005750 258.825363
0.005875 276.622130
0.006000 291.245595
0.006125 303.901789
0.006250 314.784008
0.006375 321.733986
0.006500 325.741757
0.006625 327.334179
0.006750 326.482797
0.006875 325.083651
0.007000 324.153059
0.007125 323.695186
0.007250 323.907133
0.007375 324.709399
0.007500 325.942992
0.007625 327.419921
0.007750 327.860371
0.007875 326.040983
0.008000 321.906078
0.008125 314.546307
0.008250 303.544762
0.008375 290.829157
0.008500 275.848296
0.008625 257.721358
0.008750 236.391295
0.008875 211.482679
0.009000 182.943920
0.009125 150.907351
0.009250 115.986404
0.009375 79.368320
0.009500 44.323832
0.009625 38.887194
0.009750 72.601843
0.009875 110.247061
0.010000 145.774312
0.010125 177.996252
0.010250 206.564273
0.010375 231.511755
0.010500 253.162342
0.010625 271.716495
0.010750 287.178938
0.010875 300.108815
0.011000 311.474859
0.011125 319.480624
0.011250 324.133216
0.011375 326.331183
0.011500 326.072223
0.011625 324.559955
0.011750 323.386899
0.011875 322.700950
0.012000 322.642194
0.012125 323.113713
0.012250 324.031363
0.012375 325.292846
0.012500 325.936062
0.012625 324.648795
0.012750 321.108664
0.012875 314.666257
0.013000 304.490955
0.013125 291.865350
0.013250 277.271662
0.013375 259.837049
0.013500 239.234832
0.013625 215.348414
0.013750 187.987521
0.013875 157.209746
0.014000 123.294441
0.014125 87.124549
0.014250 50.089961
0.014375 30.327554
0.014500 56.171015
0.014625 94.446963
0.014750 130.918680
0.014875 164.178915
0.015000 193.769721
0.015125 219.794311
0.015250 242.371851
0.015375 261.929863
0.015500 278.557031
0.015625 292.209929
0.015750 304.080554
0.015875 313.263170
0.016000 318.894025
0.016125 321.905358
0.016250 322.465121
0.016375 321.317187
0.016500 320.160329
0.016625 319.476076
0.016750 319.319318
0.016875 319.782709
0.017000 320.720052
0.017125 321.991430
0.017250 322.991635
0.017375 322.416697
0.017500 319.777807
0.017625 314.514270
0.017750 305.449119
0.017875 293.643797
0.018000 279.721257
0.018125 263.280655
0.018250 244.055632
0.018375 221.668376
0.018500 195.818640
0.018625 166.536502
0.018750 134.269262
0.018875 99.319183
0.019000 62.883513
0.019125 36.259660
0.019250 48.324576
0.019375 84.102670
0.019500 121.340546
0.019625 155.712876
0.019750 186.594626
0.019875 213.837859
0.020000 237.620946
0.020125 258.341771
0.020250 276.023241
0.020375 290.690728
0.020500 303.252374
0.020625 313.400755
0.020750 320.339836
0.020875 324.417839
0.021000 325.931767
0.021125 325.459031
0.021250 324.370063
0.021375 323.693262
0.021500 323.482694
0.021625 323.829729
0.021750 324.639939
0.021875 325.858078
0.022000 327.007715
0.022125 326.813813
0.022250 324.806484
0.022375 320.351151
0.022500 312.310816
0.022625 301.293626
0.022750 288.172847
0.022875 272.740099
0.023000 254.619180
0.023125 233.291824
0.023250 208.698463
0.023375 180.853507
0.023500 149.843079
0.023625 116.150008
0.023750 81.008866
0.023875 52.322585
0.024000 52.253566
0.024125 78.711884
0.024250 114.721382
0.024375 149.454904
0.024500 181.093746
0.024625 209.183944
0.024750 233.855137
0.024875 255.375416
0.025000 273.846099
0.025125 289.134690
0.025250 302.133522
0.025375 312.862985
0.025500 320.682358
0.025625 325.531412
0.025750 327.749748
0.025875 327.752864
0.026000 326.695534
0.026125 325.715013
0.026250 325.212923
0.026375 325.262987
0.026500 325.773393
0.026625 326.672444
0.026750 327.664120
0.026875 327.639123
0.027000 325.919174
0.027125 322.065570
0.027250 314.998604
0.027375 304.707746
0.027500 292.229171
0.027625 277.410437
0.027750 260.021647
0.027875 239.714787
0.028000 216.177781
0.028125 189.403221
0.028250 159.321626
0.028375 126.228300
0.028500 91.103440
0.028625 59.477508
0.028750 50.007497
0.028875 67.839694
0.029000 101.337339
0.029125 136.556491
0.029250 169.065675
0.029375 198.153930
0.029500 223.716416
0.029625 246.054688
0.029750 265.415758
0.029875 281.737601
0.030000 295.434163
0.030125 306.794749
0.030250 315.465554
0.030375 321.171584
0.030500 324.094228
0.030625 324.714802
0.030750 323.875316
0.030875 322.773456
0.031000 322.100051
0.031125 321.899310
0.031250 322.202803
0.031375 322.866795
0.031500 323.755965
0.031625 323.943588
0.031750 322.596128
0.031875 319.438571
0.032000 313.378363
0.032125 304.103173
0.032250 292.337396
0.032375 278.162618
0.032500 261.635562
0.032625 242.475808
0.032750 220.131282
0.032875 194.563350
0.033000 165.572859
0.033125 133.305007
0.033250 98.418443
0.033375 64.903158
0.033500 47.905520
0.033625 58.949470
0.033750 86.938635
0.033875 122.511862
0.034000 156.233075
0.034125 186.585362
0.034250 213.440161
0.034375 236.992516
0.034500 257.550610
0.034625 275.091373
0.034750 289.856626
0.034875 302.160484
0.035000 311.840417
0.035125 318.732337
0.035250 322.766363
0.035375 324.322250
0.035500 324.156388
0.035625 323.337789
0.035750 322.714377
0.035875 322.540740
0.036000 322.911979
0.036125 323.628393
0.036250 324.605166
0.036375 325.158467
0.036500 324.339380
0.036625 321.912032
0.036750 317.084617
0.036875 308.974762
0.037000 298.226423
0.037125 285.279147
0.037250 269.787843
0.037375 251.725614
0.037500 230.797297
0.037625 206.544084
0.037750 178.823435
0.037875 147.840218
0.038000 114.392623
0.038125 81.717084
0.038250 60.823132
0.038375 63.816895
0.038500 84.132497
0.038625 116.477780
0.038750 150.365554
0.038875 181.622485
0.039000 209.455423
0.039125 233.990864
0.039250 255.471059
0.039375 273.865468
0.039500 289.344260
0.039625 302.404848
0.039750 312.754337
0.039875 320.433696
0.040000 325.439117
0.040125 327.701206
0.040250 328.047684
0.040375 327.411175
0.040500 326.643211
0.040625 326.214456
0.040750 326.344537
0.040875 326.850759
0.041000 327.623958
0.041125 328.192677
0.041250 327.575901
0.041375 325.543164
0.041500 321.464111
0.041625 314.351297
0.041750 304.394203
0.041875 292.235065
0.042000 277.528975
0.042125 260.230031
0.042250 240.222975
0.042375 216.944415
0.042500 190.141642
0.042625 160.195771
0.042750 127.539664
0.042875 94.961190
0.043000 70.997879
0.043125 66.875124
0.043250 81.348591
0.043375 107.804040
0.043500 140.811737
0.043625 172.660695
0.043750 201.319461
0.043875 226.710782
0.044000 248.961656
0.044125 268.200062
0.044250 284.515291
0.044375 298.209049
0.044500 309.244167
0.044625 317.590576
0.044750 323.285738
0.044875 326.257507
0.045000 327.076844
0.045125 326.652167
0.045250 325.764310
0.045375 325.093677
0.045500 324.906960
0.045625 325.163488
0.045750 325.679939
0.045875 326.154451
0.046000 325.753857
0.046125 324.041056
0.046250 320.518489
0.046375 314.351716
0.046500 305.137162
0.046625 293.532859
0.046750 279.591215
0.046875 262.992583
0.047000 243.734265
0.047125 221.351244
0.047250 195.497105
0.047375 166.385730
0.047500 134.237776
0.047625 100.940390
0.047750 74.013373
0.047875 63.619040
0.048000 73.790641
0.048125 94.625021
0.048250 126.049354
0.048375 158.635639
0.048500 188.408964
0.048625 214.884717
0.048750 238.198607
0.048875 258.463563
0.049000 275.871169
0.049125 290.543611
0.049250 302.508110
0.049375 311.742405
0.049500 318.339510
0.049625 322.242147
0.049750 323.795816
0.049875 323.848394
0.050000 323.234576
0.050125 322.591483
0.050250 322.382491
0.050375 322.645516
0.050500 323.125255
0.050625 323.782964
0.050750 323.857299
0.050875 322.694368
0.051000 319.838161
0.051125 314.735176
0.051250 306.620601
0.051375 295.959507
0.051500 283.069359
0.051625 267.470784
0.051750 249.203922
0.051875 228.065157
0.052000 203.519599
0.052125 175.638218
0.052250 144.610352
0.052375 112.043840
0.052500 84.136824
0.052625 69.426751
0.052750 74.179332
0.052875 91.253310
0.053000 117.629483
0.053125 149.919856
0.053250 180.724957
0.053375 208.340036
0.053500 232.842302
0.053625 254.200829
0.053750 272.613328
0.053875 288.246937
0.054000 301.233803
0.054125 311.393482
0.054250 318.876668
0.054375 323.778126
0.054500 326.273119
0.054625 326.921487
0.054750 326.705498
0.054875 326.151813
0.055000 325.874796
0.055125 326.034948
0.055250 326.520848
0.055375 327.208479
0.055500 327.480575
0.055625 326.656536
0.055750 324.257784
0.055875 319.878389
0.056000 312.853296
0.056125 303.037966
0.056250 291.000041
0.056375 276.436920
0.056500 259.006252
0.056625 238.805984
0.056750 215.407375
0.056875 188.574436
0.057000 158.745362
0.057125 127.244861
0.057250 99.165143
0.057375 81.408408
0.057500 80.257714
0.057625 93.389354
0.057750 114.257724
0.057875 143.701445
0.058000 174.477120
0.058125 202.851552
0.058250 228.137140
0.058375 250.302667
0.058500 269.473712
0.058625 285.791016
0.058750 299.441158
0.058875 310.299513
0.059000 318.460374
0.059125 324.039575
0.059250 327.192469
0.059375 328.336079
0.059500 328.328220
0.059625 327.787802
0.059750 327.269000
0.059875 327.182847
0.060000 327.501208
0.060125 327.962917
0.060250 328.247589
0.060375 327.577824
0.060500 325.458011
0.060625 321.534546
0.060750 315.296364
0.060875 306.191158
0.061000 294.727207
0.061125 280.945007
0.061250 264.193379
0.061375 244.632109
0.061500 222.026538
0.061625 196.138641
0.061750 167.057457
0.061875 135.816824
0.062000 106.874094
0.062125 86.224575
0.062250 79.963193
0.062375 89.348205
