0.000000 0.000000
0.000125 38.711738
0.000250 72.233185
0.000375 103.964311
0.000500 133.451700
0.000625 160.007598
0.000750 183.642605
0.000875 203.873992
0.001000 221.000443
0.001125 235.286200
0.001250 247.162997
0.001375 257.411386
0.001500 266.032065
0.001625 271.474626
0.001750 274.652382
0.001875 276.264345
0.002000 276.112753
0.002125 275.064959
0.002250 273.847869
0.002375 272.867225
0.002500 272.592421
0.002625 273.401888
0.002750 274.875008
0.002875 276.518074
0.003000 277.898777
0.003125 278.205004
0.003250 276.817163
0.003375 273.845855
0.003500 268.683215
0.003625 260.405799
0.003750 250.507317
0.003875 238.847806
0.004000 224.683272
0.004125 207.630533
0.004250 187.454288
0.004375 163.974467
0.004500 137.633044
0.004625 108.669131
0.004750 78.217839
0.004875 47.734761
0.005000 29.057704
0.005125 50.747740
0.005250 82.625668
0.005375 113.679545
0.005500 142.490294
0.005625 168.583228
0.005750 191.862291
0.005875 211.866957
0.006000 228.844667
0.006125 242.974037
0.006250 254.583120
0.006375 264.402311
0.006500 272.710266
0.006625 277.888764
0.006750 280.891868
0.006875 282.276717
0.007000 282.085783
0.007125 281.014030
0.007250 279.768293
0.007375 278.826565
0.007500 278.537581
0.007625 279.129892
0.007750 280.334489
0.007875 281.657432
0.008000 282.662814
0.008125 282.617730
0.008250 280.940679
0.008375 277.621814
0.008500 272.142782
0.008625 263.576887
0.008750 253.371700
0.008875 241.400516
0.009000 226.846110
0.009125 209.359190
0.009250 188.873835
0.009375 165.416593
0.009500 139.553933
0.009625 111.447768
0.009750 82.003446
0.009875 53.915803
0.010000 38.784378
0.010125 55.918083
0.010250 85.880938
0.010375 116.120206
0.010500 144.365024
0.010625 169.989683
0.010750 192.859743
0.010875 212.545943
0.011000 229.196566
0.011125 242.952744
0.011250 254.259858
0.011375 263.726942
0.011500 271.474235
0.011625 276.521758
0.011750 279.367004
0.011875 280.615352
0.012000 280.356743
0.012125 279.237037
0.012250 277.889610
0.012375 276.821025
0.012500 276.304452
0.012625 276.574740
0.012750 277.362942
0.012875 278.294446
0.013000 278.828811
0.013125 278.347716
0.013250 276.381036
0.013375 272.608359
0.013500 266.795334
0.013625 258.053791
0.013750 247.362348
0.013875 234.939227
0.014000 220.214647
0.014125 202.942122
0.014250 182.955914
0.014375 159.892003
0.014500 134.328714
0.014625 106.434713
0.014750 77.115154
0.014875 51.223628
0.015000 35.579372
0.015125 51.348003
0.015250 80.697290
0.015375 110.567729
0.015500 138.697129
0.015625 164.186373
0.015750 186.857763
0.015875 206.359812
0.016000 222.978606
0.016125 236.707656
0.016250 248.196614
0.016375 257.921213
0.016500 265.657122
0.016625 270.889613
0.016750 273.999873
0.016875 275.460402
0.017000 275.576986
0.017125 274.735735
0.017250 273.664190
0.017375 272.863481
0.017500 272.549624
0.017625 272.905745
0.017750 273.864488
0.017875 274.825769
0.018000 275.424165
0.018125 275.086600
0.018250 273.168738
0.018375 269.577353
0.018500 263.978386
0.018625 255.622767
0.018750 245.380269
0.018875 233.523733
0.019000 219.402769
0.019125 202.586530
0.019250 183.157841
0.019375 160.749799
0.019500 135.814690
0.019625 108.628144
0.019750 81.922015
0.019875 59.077775
0.020000 46.122372
0.020125 58.755675
0.020250 85.673867
0.020375 114.765533
0.020500 142.585862
0.020625 168.098560
0.020750 190.915924
0.020875 210.673811
0.021000 227.568418
0.021125 241.590245
0.021250 253.244880
0.021375 262.980663
0.021500 270.836104
0.021625 276.296323
0.021750 279.581115
0.021875 281.203707
0.022000 281.424453
0.022125 280.814798
0.022250 279.887411
0.022375 279.179320
0.022500 278.833471
0.022625 279.059359
0.022750 279.718323
0.022875 280.398966
0.023000 280.764963
0.023125 280.160847
0.023250 278.041865
0.023375 274.377474
0.023500 268.819077
0.023625 260.619396
0.023750 250.628689
0.023875 238.760542
0.024000 224.596487
0.024125 207.753242
0.024250 188.174927
0.024375 165.748930
0.024500 140.971688
0.024625 115.054272
0.024750 91.188908
0.024875 70.170199
0.025000 58.992519
0.025125 68.633753
0.025250 92.058411
0.025375 119.461807
0.025500 146.179013
0.025625 171.058542
0.025750 193.565485
0.025875 213.127538
0.026000 229.818746
0.026125 243.669896
0.026250 255.053206
0.026375 264.522534
0.026500 272.064698
0.026625 277.322373
0.026750 280.545674
0.026875 282.024698
0.027000 282.154042
0.027125 281.487619
0.027250 280.479085
0.027375 279.572171
0.027500 278.981194
0.027625 278.886354
0.027750 279.159659
0.027875 279.427187
0.028000 279.433897
0.028125 278.542578
0.028250 276.196209
0.028375 272.404979
0.028500 266.648366
0.028625 258.433306
0.028750 248.145011
0.028875 236.032404
0.029000 221.579836
0.029125 204.553826
0.029250 184.851286
0.029375 162.361972
0.029500 137.848692
0.029625 113.513765
0.029750 90.987062
0.029875 70.244920
0.030000 58.847916
0.030125 67.073286
0.030250 88.894470
0.030375 115.258453
0.030500 141.524809
0.030625 165.834408
0.030750 188.057447
0.030875 207.419428
0.031000 224.053398
0.031125 237.812500
0.031250 249.208232
0.031375 258.760152
0.031500 266.232915
0.031625 271.461300
0.031750 274.760243
0.031875 276.350032
0.032000 276.596724
0.032125 276.048145
0.032250 275.111550
0.032375 274.213980
0.032500 273.598493
0.032625 273.476976
0.032750 273.658659
0.032875 273.950023
0.033000 273.919250
0.033125 272.991596
0.033250 270.777584
0.033375 267.048877
0.033500 261.509285
0.033625 253.491786
0.033750 243.347108
0.033875 231.257949
0.034000 216.961433
0.034125 200.094095
0.034250 180.709410
0.034375 158.649331
0.034500 135.525483
0.034625 113.750531
0.034750 92.470270
0.034875 72.636416
0.035000 61.968496
0.035125 69.420538
0.035250 89.689128
0.035375 115.022292
0.035500 141.041507
0.035625 165.316454
0.035750 187.380496
0.035875 207.008769
0.036000 223.962206
0.036125 238.013292
0.036250 249.807113
0.036375 259.617722
0.036500 267.402905
0.036625 272.986134
0.036750 276.695016
0.036875 278.739010
0.037000 279.451931
0.037125 279.311332
0.037250 278.822371
0.037375 278.242832
0.037500 277.843772
0.037625 277.826948
0.037750 278.111505
0.037875 278.396818
0.038000 278.439285
0.038125 277.644902
0.038250 275.568045
0.038375 271.906644
0.038500 266.341292
0.038625 258.443453
0.038750 248.425024
0.038875 236.446573
0.039000 222.197396
0.039125 205.325693
0.039250 186.033991
0.039375 164.798513
0.039500 143.727634
0.039625 123.395959
0.039750 103.073002
0.039875 84.857286
0.040000 75.436120
0.040125 81.274392
0.040250 98.770520
0.040375 122.038226
0.040500 146.711396
0.040625 170.311623
0.040750 191.959434
0.040875 211.203536
0.041000 227.937693
0.041125 241.871217
0.041250 253.542174
0.041375 263.079058
0.041500 270.685482
0.041625 276.175997
0.041750 279.815009
0.041875 281.851881
0.042000 282.586431
0.042125 282.485610
0.042250 281.974770
0.042375 281.292926
0.042500 280.788777
0.042625 280.502636
0.042750 280.515209
0.042875 280.544386
0.043000 280.202568
0.043125 279.086947
0.043250 276.701205
0.043375 272.710128
0.043500 266.815783
0.043625 258.663322
0.043750 248.412990
0.043875 236.092975
0.044000 221.524058
0.044125 204.500021
0.044250 185.417342
0.044375 165.132362
0.044500 145.791746
0.044625 126.015863
0.044750 106.056563
0.044875 88.078616
0.045000 78.795598
0.045125 83.364367
0.045250 99.035493
0.045375 120.983029
0.045500 144.610685
0.045625 167.717992
0.045750 188.941385
0.045875 207.645412
0.046000 224.000000
0.046125 237.766377
0.046250 249.364267
0.046375 258.872208
0.046500 266.399719
0.046625 271.868906
0.046750 275.541341
0.046875 277.708573
0.047000 278.542003
0.047125 278.508637
0.047250 277.998809
0.047375 277.333957
0.047500 276.668184
0.047625 276.303378
0.047750 276.161139
0.047875 275.915961
0.048000 275.298589
0.048125 273.966255
0.048250 271.338582
0.048375 267.193136
0.048500 261.117178
0.048625 252.794153
0.048750 242.383700
0.048875 229.804720
0.049000 215.170451
0.049125 198.203269
0.049250 179.923368
0.049375 161.442243
0.049500 143.333184
0.049625 124.170150
0.049750 104.500372
0.049875 86.588963
0.050000 77.450527
0.050125 81.506364
0.050250 96.272737
0.050375 117.561300
0.050500 140.715417
0.050625 163.626437
0.050750 184.785415
0.050875 203.401997
0.051000 219.715755
0.051125 233.657932
0.051250 245.567898
0.051375 255.474028
0.051500 263.395759
0.051625 269.333837
0.051750 273.531818
0.051875 276.218033
0.052000 277.518342
0.052125 277.976708
0.052250 277.885345
0.052375 277.509688
0.052500 277.167401
0.052625 276.979921
0.052750 276.935481
0.052875 276.791789
0.053000 276.311003
0.053125 275.077279
0.053250 272.591346
0.053375 268.577218
0.053500 262.597781
0.053625 254.465052
0.053750 244.282739
0.053875 231.938578
0.054000 217.581582
0.054125 201.443921
0.054250 184.556985
0.054375 167.977891
0.054500 150.662336
0.054625 132.265187
0.054750 113.527233
0.054875 97.024134
0.055000 88.789839
0.055125 92.016978
0.055250 105.062970
0.055375 124.535107
0.055500 146.669500
0.055625 168.804623
0.055750 189.617781
0.055875 207.983041
0.056000 224.114238
0.056125 237.871463
0.056250 249.721508
0.056375 259.623535
0.056500 267.585558
0.056625 273.621878
0.056750 277.947625
0.056875 280.804645
0.057000 282.220674
0.057125 282.772012
0.057250 282.679502
0.057375 282.312130
0.057500 281.860778
0.057625 281.514278
0.057750 281.169853
0.057875 280.780167
0.058000 280.012361
0.058125 278.415537
0.058250 275.625397
0.058375 271.265868
0.058500 265.006458
0.058625 256.621217
0.058750 246.316956
0.058875 233.824637
0.059000 219.613689
0.059125 204.135125
0.059250 188.718126
0.059375 172.806523
0.059500 155.810378
0.059625 137.730579
0.059750 119.275780
0.059875 103.337718
0.060000 95.223494
0.060125 97.446614
0.060250 108.895252
0.060375 126.620698
0.060500 147.750517
0.060625 169.014286
0.060750 189.239024
0.060875 207.220095
0.061000 222.962364
0.061125 236.313524
0.061250 247.967353
0.061375 257.795752
0.061500 265.758535
0.061625 271.845795
0.061750 276.160287
0.061875 279.043101
0.062000 280.509565
0.062125 281.008254
0.062250 280.819843
0.062375 280.354669
