0.000000 0.000000
0.000125 52.942937
0.000250 102.124591
0.000375 148.594923
0.000500 191.150030
0.000625 229.040839
0.000750 261.957852
0.000875 289.379100
0.001000 309.882585
0.001125 322.735683
0.001250 330.343007
0.001375 330.534910
0.001500 325.932384
0.001625 317.977348
0.001750 305.924579
0.001875 292.128119
0.002000 280.312238
0.002125 272.778639
0.002250 268.681156
0.002375 266.894742
0.002500 266.694613
0.002625 267.768489
0.002750 270.864904
0.002875 276.615155
0.003000 286.673161
0.003125 300.318340
0.003250 313.869350
0.003375 324.241142
0.003500 330.662272
0.003625 333.654241
0.003750 329.751569
0.003875 319.927747
0.004000 303.743898
0.004125 279.617389
0.004250 249.758114
0.004375 214.878339
0.004500 175.240904
0.004625 131.472607
0.004750 85.009697
0.004875 40.690497
0.005000 43.351184
0.005125 86.208689
0.005250 132.333406
0.005375 176.278912
0.005500 216.193551
0.005625 251.418049
0.005750 281.509444
0.005875 305.538577
0.006000 321.698237
0.006125 331.778201
0.006250 335.704042
0.006375 333.133033
0.006500 327.321313
0.006625 317.238214
0.006750 304.194713
0.006875 291.349808
0.007000 281.576383
0.007125 275.731058
0.007250 272.699304
0.007375 271.562673
0.007500 271.681850
0.007625 273.471961
0.007750 277.555971
0.007875 285.286979
0.008000 297.385470
0.008125 311.025374
0.008250 322.664872
0.008375 330.622507
0.008500 335.175566
0.008625 334.537870
0.008750 327.277227
0.008875 314.567762
0.009000 293.941432
0.009125 266.736704
0.009250 234.335315
0.009375 197.349614
0.009500 155.848980
0.009625 111.128191
0.009750 65.860304
0.009875 42.708881
0.010000 71.513674
0.010125 114.146379
0.010250 156.443541
0.010375 196.865165
0.010500 234.102026
0.010625 266.525847
0.010750 293.470136
0.010875 313.211567
0.011000 326.078008
0.011125 333.197791
0.011250 333.295954
0.011375 329.173042
0.011500 321.309731
0.011625 309.621420
0.011750 296.633669
0.011875 285.565908
0.012000 277.864006
0.012125 273.427219
0.012250 271.187614
0.012375 270.426438
0.012500 271.062784
0.012625 273.619258
0.012750 278.882560
0.012875 288.560797
0.013000 301.518757
0.013125 313.963262
0.013250 323.434912
0.013375 329.415109
0.013500 331.083704
0.013625 326.714424
0.013750 316.512907
0.013875 299.569649
0.014000 275.483668
0.014125 245.595323
0.014250 210.840534
0.014375 171.488221
0.014500 128.120710
0.014625 82.089867
0.014750 43.952709
0.014875 52.331795
0.015000 92.193689
0.015125 134.462544
0.015250 174.489445
0.015375 211.182068
0.015500 244.451087
0.015625 273.995311
0.015750 297.233268
0.015875 313.514625
0.016000 323.677413
0.016125 327.321380
0.016250 325.326514
0.016375 319.711745
0.016500 310.048473
0.016625 297.966591
0.016750 286.607824
0.016875 277.872382
0.017000 272.249848
0.017125 269.291359
0.017250 267.999441
0.017375 267.981239
0.017500 269.639821
0.017625 273.564426
0.017750 281.002673
0.017875 292.652676
0.018000 305.593000
0.018125 316.400326
0.018250 324.093309
0.018375 328.100578
0.018500 326.634987
0.018625 319.336461
0.018750 306.012105
0.018875 285.607030
0.019000 258.940443
0.019125 227.125511
0.019250 190.658685
0.019375 149.819347
0.019500 105.745022
0.019625 64.133886
0.019750 53.528458
0.019875 79.997666
0.020000 121.266673
0.020125 161.978093
0.020250 199.687918
0.020375 233.720882
0.020500 263.314067
0.020625 287.992972
0.020750 307.437663
0.020875 320.724357
0.021000 327.807471
0.021125 328.768118
0.021250 325.367251
0.021375 318.164332
0.021500 307.693241
0.021625 296.557496
0.021750 287.057449
0.021875 280.292042
0.022000 276.287184
0.022125 274.424523
0.022250 273.916470
0.022375 274.835271
0.022500 277.629473
0.022625 283.380583
0.022750 293.088890
0.022875 305.278281
0.023000 316.660844
0.023125 325.403902
0.023250 330.866628
0.023375 331.495523
0.023500 326.716017
0.023625 316.101314
0.023750 298.704543
0.023875 274.824128
0.024000 245.520427
0.024125 211.536670
0.024250 173.190218
0.024375 131.344746
0.024500 89.944273
0.024625 67.607880
0.024750 77.312015
0.024875 110.651424
0.025000 150.702329
0.025125 189.036872
0.025250 224.051817
0.025375 254.922382
0.025500 280.826725
0.025625 300.877982
0.025750 315.091327
0.025875 324.422569
0.026000 328.004333
0.026125 326.780574
0.026250 321.538864
0.026375 312.764424
0.026500 302.196363
0.026625 292.187165
0.026750 284.399635
0.026875 279.193918
0.027000 276.463029
0.027125 275.379602
0.027250 275.642497
0.027375 277.495106
0.027500 281.711559
0.027625 289.373868
0.027750 300.097329
0.027875 311.521599
0.028000 321.042323
0.028125 327.681375
0.028250 330.033583
0.028375 327.212484
0.028500 318.938409
0.028625 304.169703
0.028750 283.135391
0.028875 256.103536
0.029000 224.146358
0.029125 187.719773
0.029250 147.331604
0.029375 105.191455
0.029500 73.686089
0.029625 71.626279
0.029750 93.752454
0.029875 131.521535
0.030000 170.762406
0.030125 207.189656
0.030250 239.646064
0.030375 267.396823
0.030500 289.405799
0.030625 305.559180
0.030750 315.920133
0.030875 320.230374
0.031000 320.549572
0.031125 317.176779
0.031250 310.170813
0.031375 300.811930
0.031500 291.077004
0.031625 282.758602
0.031750 276.743341
0.031875 273.147512
0.032000 271.597763
0.032125 271.434515
0.032250 272.809973
0.032375 275.961930
0.032500 282.120159
0.032625 291.333528
0.032750 302.314549
0.032875 312.594062
0.033000 320.339549
0.033125 324.539221
0.033250 323.680448
0.033375 317.708108
0.033500 305.726628
0.033625 287.448635
0.033750 263.220191
0.033875 233.647033
0.034000 199.355804
0.034125 160.880339
0.034250 119.581665
0.034375 83.000146
0.034500 71.510911
0.034625 83.186970
0.034750 114.041794
0.034875 153.238332
0.035000 191.273964
0.035125 225.773020
0.035250 255.807277
0.035375 280.486246
0.035500 299.155420
0.035625 312.011828
0.035750 318.807770
0.035875 320.320082
0.036000 317.476257
0.036125 311.533537
0.036250 303.707261
0.036375 294.920167
0.036500 286.781643
0.036625 280.409113
0.036750 276.275521
0.036875 274.281505
0.037000 274.058693
0.037125 275.297009
0.037250 278.162572
0.037375 283.550256
0.037500 291.855376
0.037625 302.218210
0.037750 312.762315
0.037875 321.590860
0.038000 327.407491
0.038125 328.618827
0.038250 324.843081
0.038375 315.520814
0.038500 299.826749
0.038625 278.268619
0.038750 251.082164
0.038875 219.084802
0.039000 182.857335
0.039125 143.652992
0.039250 106.708481
0.039375 86.503832
0.039500 89.232421
0.039625 109.349239
0.039750 143.405360
0.039875 181.441567
0.040000 217.225658
0.040125 248.973662
0.040250 275.788366
0.040375 296.811087
0.040500 311.994117
0.040625 321.212772
0.040750 324.507775
0.040875 323.308261
0.041000 318.014184
0.041125 309.821899
0.041250 300.549891
0.041375 292.092558
0.041500 285.184950
0.041625 280.246338
0.041750 277.359394
0.041875 276.429604
0.042000 277.169292
0.042125 279.454947
0.042250 283.925741
0.042375 291.126813
0.042500 300.571198
0.042625 310.732588
0.042750 320.061616
0.042875 327.037391
0.043000 330.078398
0.043125 328.099258
0.043250 320.958454
0.043375 307.606272
0.043500 288.255245
0.043625 263.334025
0.043750 233.273333
0.043875 198.739142
0.044000 160.795295
0.044125 123.057382
0.044250 96.024307
0.044375 91.078321
0.044500 102.613955
0.044625 129.065523
0.044750 164.655493
0.044875 201.463083
0.045000 234.847101
0.045125 263.736293
0.045250 287.050138
0.045375 304.631555
0.045500 316.448406
0.045625 322.022603
0.045750 322.654791
0.045875 318.786227
0.046000 311.368222
0.046125 302.049511
0.046250 292.441433
0.046375 283.913803
0.046500 277.978689
0.046625 274.272045
0.046750 272.575437
0.046875 272.781688
0.047000 274.599589
0.047125 278.226095
0.047250 284.464472
0.047375 292.902542
0.047500 302.612824
0.047625 312.230126
0.047750 320.207397
0.047875 324.912360
0.048000 324.919985
0.048125 319.859036
0.048250 308.935213
0.048375 291.948340
0.048500 269.253784
0.048625 241.265819
0.048750 208.421575
0.048875 171.539978
0.049000 133.319510
0.049125 100.647227
0.049250 88.783201
0.049375 94.082286
0.049500 112.851515
0.049625 144.192727
0.049750 180.743636
0.049875 216.104427
0.050000 247.153758
0.050125 273.175333
0.050250 293.463472
0.050375 308.022575
0.050500 316.568473
0.050625 319.515287
0.050750 317.930240
0.050875 312.210386
0.051000 303.849808
0.051125 294.569594
0.051250 285.607598
0.051375 278.146044
0.051500 272.718546
0.051625 270.025394
0.051750 269.751706
0.051875 271.400793
0.052000 274.842953
0.052125 280.576287
0.052250 288.647623
0.052375 298.176658
0.052500 308.085395
0.052625 317.041402
0.052750 323.510167
0.052875 325.837567
0.053000 323.177487
0.053125 315.141273
0.053250 300.999315
0.053375 281.056214
0.053500 255.594014
0.053625 225.132673
0.053750 190.369808
0.053875 153.618019
0.054000 119.891965
0.054125 101.104930
0.054250 100.846775
0.054375 112.887502
0.054500 136.747901
0.054625 170.064917
0.054750 205.655357
0.054875 238.535692
0.055000 266.836985
0.055125 289.564924
0.055250 306.662815
0.055375 318.029379
0.055500 323.438389
0.055625 324.146729
0.055750 320.448914
0.055875 313.313501
0.056000 304.617664
0.056125 295.534892
0.056250 287.283063
0.056375 280.563495
0.056500 275.815143
0.056625 273.412087
0.056750 273.622970
0.056875 276.321301
0.057000 281.351995
0.057125 288.784458
0.057250 297.823810
0.057375 307.451310
0.057500 316.651939
0.057625 324.161164
0.057750 328.223896
0.057875 327.661515
0.058000 321.976167
0.058125 310.369538
0.058250 292.845847
0.058375 269.774117
0.058500 241.502927
0.058625 208.677585
0.058750 173.172224
0.058875 138.884904
0.059000 114.384987
0.059125 108.006860
0.059250 114.291976
0.059375 131.365561
0.059500 158.591527
0.059625 192.191733
0.059750 225.831786
0.059875 255.899387
0.060000 280.769144
0.060125 300.086086
0.060250 313.899846
0.060375 321.817184
0.060500 324.612547
0.060625 322.862636
0.060750 317.223072
0.060875 309.161953
0.061000 300.390750
0.061125 291.782402
0.061250 284.302851
0.061375 278.360630
0.061500 274.316763
0.061625 272.558192
0.061750 273.175830
0.061875 276.596019
0.062000 282.983968
0.062125 291.430403
0.062250 300.651149
0.062375 309.888281
