0.000000 0.000000
0.000125 19.935415
0.000250 34.183194
0.000375 46.824909
0.000500 57.481407
0.000625 65.913004
0.000750 72.090071
0.000875 75.945711
0.001000 77.937003
0.001125 79.623606
0.001250 82.419260
0.001375 85.876874
0.001500 89.224397
0.001625 92.110606
0.001750 94.270478
0.001875 95.643114
0.002000 96.456258
0.002125 97.187444
0.002250 97.890478
0.002375 98.395402
0.002500 98.712963
0.002625 99.018861
0.002750 99.055993
0.002875 98.992370
0.003000 98.840261
0.003125 98.294685
0.003250 97.128219
0.003375 95.141762
0.003500 92.602646
0.003625 89.805725
0.003750 87.375414
0.003875 85.904492
0.004000 84.704724
0.004125 82.126850
0.004250 77.434673
0.004375 70.488597
0.004500 61.355059
0.004625 50.225271
0.004750 37.863691
0.004875 27.639078
0.005000 29.004355
0.005125 40.801993
0.005250 53.669830
0.005375 65.031494
0.005500 74.330354
0.005625 81.447298
0.005750 86.337856
0.005875 89.146454
0.006000 90.781853
0.006125 92.870903
0.006250 95.815805
0.006375 98.848027
0.006500 101.652577
0.006625 103.957643
0.006750 105.510269
0.006875 106.310941
0.007000 106.801152
0.007125 107.261974
0.007250 107.698087
0.007375 107.920955
0.007500 107.993346
0.007625 107.885661
0.007750 107.552180
0.007875 106.983326
0.008000 106.242310
0.008125 104.972528
0.008250 102.960801
0.008375 100.394096
0.008500 97.571018
0.008625 94.871561
0.008750 92.599523
0.008875 90.839777
0.009000 88.400161
0.009125 84.239010
0.009250 77.952496
0.009375 69.512614
0.009500 59.291458
0.009625 48.144161
0.009750 38.083107
0.009875 33.607527
0.010000 39.565591
0.010125 50.842846
0.010250 62.029274
0.010375 71.654615
0.010500 79.310175
0.010625 84.848289
0.010750 88.351615
0.010875 90.243598
0.011000 91.701000
0.011125 93.823803
0.011250 96.408804
0.011375 98.865221
0.011500 100.904519
0.011625 102.385295
0.011750 103.190025
0.011875 103.462287
0.012000 103.587522
0.012125 103.766445
0.012250 103.822200
0.012375 103.645639
0.012500 103.295239
0.012625 102.690173
0.012750 101.765388
0.012875 100.625071
0.013000 99.173304
0.013125 97.232837
0.013250 94.732375
0.013375 91.827017
0.013500 88.737444
0.013625 85.773269
0.013750 83.165917
0.013875 80.556452
0.014000 76.859368
0.014125 71.341948
0.014250 63.839753
0.014375 54.755186
0.014500 44.428763
0.014625 34.361715
0.014750 26.472120
0.014875 25.961905
0.015000 35.323144
0.015125 46.670017
0.015250 56.859049
0.015375 65.213565
0.015500 71.688350
0.015625 76.170246
0.015750 78.871431
0.015875 80.615458
0.016000 82.492687
0.016125 84.853910
0.016250 87.449045
0.016375 89.816258
0.016500 91.642414
0.016625 92.861380
0.016750 93.676196
0.016875 94.316180
0.017000 94.845540
0.017125 95.366682
0.017250 95.741957
0.017375 95.869211
0.017500 95.755750
0.017625 95.366286
0.017750 94.677672
0.017875 93.804127
0.018000 92.659339
0.018125 91.035279
0.018250 88.999183
0.018375 86.646481
0.018500 84.117996
0.018625 81.709066
0.018750 79.389995
0.018875 76.656620
0.019000 72.760301
0.019125 67.327815
0.019250 60.249824
0.019375 51.836943
0.019500 43.507517
0.019625 36.134476
0.019750 32.172126
0.019875 36.563035
0.020000 46.577348
0.020125 57.366906
0.020250 66.978328
0.020375 74.766113
0.020500 80.687162
0.020625 84.872814
0.020750 87.636365
0.020875 89.754435
0.021000 92.108194
0.021125 94.820998
0.021250 97.480915
0.021375 99.820541
0.021500 101.727891
0.021625 103.155173
0.021750 104.113232
0.021875 104.821148
0.022000 105.484535
0.022125 106.005985
0.022250 106.242242
0.022375 106.212823
0.022500 105.894769
0.022625 105.243861
0.022750 104.388894
0.022875 103.288305
0.023000 101.778299
0.023125 99.846627
0.023250 97.605717
0.023375 95.016398
0.023500 92.251905
0.023625 89.551427
0.023750 86.895850
0.023875 83.569700
0.024000 79.049435
0.024125 72.997133
0.024250 65.788822
0.024375 58.364258
0.024500 51.238713
0.024625 45.780778
0.024750 45.226482
0.024875 51.018953
0.025000 60.029531
0.025125 69.287527
0.025250 77.425077
0.025375 83.897795
0.025500 88.618356
0.025625 91.805270
0.025750 93.858523
0.025875 95.629649
0.026000 97.718535
0.026125 99.962453
0.026250 102.052113
0.026375 103.809029
0.026500 105.194986
0.026625 106.101136
0.026750 106.574947
0.026875 106.848770
0.027000 107.023285
0.027125 107.027059
0.027250 106.737093
0.027375 106.177467
0.027500 105.301723
0.027625 104.191460
0.027750 102.822652
0.027875 101.131996
0.028000 99.043907
0.028125 96.583720
0.028250 93.716257
0.028375 90.496207
0.028500 87.331962
0.028625 84.368465
0.028750 81.193294
0.028875 77.158910
0.029000 71.806487
0.029125 65.325440
0.029250 58.567316
0.029375 51.434086
0.029500 44.622581
0.029625 40.522278
0.029750 42.267201
0.029875 49.223339
0.030000 57.846395
0.030125 66.149794
0.030250 73.233553
0.030375 78.687833
0.030500 82.448292
0.030625 84.788964
0.030750 86.441407
0.030875 88.170935
0.031000 90.149103
0.031125 92.133248
0.031250 93.897785
0.031375 95.300117
0.031500 96.256525
0.031625 96.772846
0.031750 96.983664
0.031875 97.033453
0.032000 96.988383
0.032125 96.776258
0.032250 96.327569
0.032375 95.555839
0.032500 94.475079
0.032625 93.190940
0.032750 91.671370
0.032875 89.857956
0.033000 87.695139
0.033125 85.116370
0.033250 82.149678
0.033375 79.220133
0.033500 76.548350
0.033625 73.780416
0.033750 70.567208
0.033875 66.429159
0.034000 61.476674
0.034125 56.125609
0.034250 50.090966
0.034375 43.673343
0.034500 38.462762
0.034625 36.990659
0.034750 41.626007
0.034875 49.678665
0.035000 58.379580
0.035125 66.538619
0.035250 73.415886
0.035375 78.699749
0.035500 82.441165
0.035625 85.033780
0.035750 87.306469
0.035875 89.689460
0.036000 92.175417
0.036125 94.582012
0.036250 96.719378
0.036375 98.476208
0.036500 99.766174
0.036625 100.633340
0.036750 101.292989
0.036875 101.826972
0.037000 102.204926
0.037125 102.273419
0.037250 102.078489
0.037375 101.537079
0.037500 100.698930
0.037625 99.665277
0.037750 98.370655
0.037875 96.714509
0.038000 94.745082
0.038125 92.507059
0.038250 90.055728
0.038375 87.550445
0.038500 85.027203
0.038625 82.268851
0.038750 78.894181
0.038875 74.994345
0.039000 70.590834
0.039125 65.431314
0.039250 59.688410
0.039375 54.413137
0.039500 51.240736
0.039625 52.223962
0.039750 57.423166
0.039875 64.761472
0.040000 72.469417
0.040125 79.532731
0.040250 85.415315
0.040375 89.829027
0.040500 92.926032
0.040625 95.177326
0.040750 97.229643
0.040875 99.364108
0.041000 101.450089
0.041125 103.370907
0.041250 104.987654
0.041375 106.207234
0.041500 106.986823
0.041625 107.467856
0.041750 107.755140
0.041875 107.897915
0.042000 107.767254
0.042125 107.272171
0.042250 106.477725
0.042375 105.428708
0.042500 104.156797
0.042625 102.642669
0.042750 100.944940
0.042875 98.994204
0.043000 96.744047
0.043125 94.175821
0.043250 91.406570
0.043375 88.463453
0.043500 85.439896
0.043625 82.158919
0.043750 78.638722
0.043875 74.724392
0.044000 69.980267
0.044125 64.435009
0.044250 58.716455
0.044375 54.059895
0.044500 52.053406
0.044625 54.231132
0.044750 59.731349
0.044875 66.549079
0.045000 73.409086
0.045125 79.468941
0.045250 84.308199
0.045375 87.828072
0.045500 90.286001
0.045625 92.194266
0.045750 93.999319
0.045875 95.813140
0.046000 97.489148
0.046125 98.814119
0.046250 99.861961
0.046375 100.551759
0.046500 100.877285
0.046625 100.935024
0.046750 100.865055
0.046875 100.520628
0.047000 99.860627
0.047125 98.868403
0.047250 97.619536
0.047375 96.147193
0.047500 94.622022
0.047625 92.998487
0.047750 91.155695
0.047875 89.014989
0.048000 86.489978
0.048125 83.623788
0.048250 80.468774
0.048375 77.107182
0.048500 73.948980
0.048625 70.939247
0.048750 67.631152
0.048875 63.572574
0.049000 58.529829
0.049125 52.888612
0.049250 47.622623
0.049375 43.775314
0.049500 43.249313
0.049625 47.113071
0.049750 53.472791
0.049875 60.333686
0.050000 66.867747
0.050125 72.683176
0.050250 77.302265
0.050375 80.732874
0.050500 83.364701
0.050625 85.670197
0.050750 87.887484
0.050875 89.971514
0.051000 91.880974
0.051125 93.515265
0.051250 94.809142
0.051375 95.799796
0.051500 96.486229
0.051625 96.968233
0.051750 97.241652
0.051875 97.176732
0.052000 96.801498
0.052125 96.159434
0.052250 95.383368
0.052375 94.608947
0.052500 93.822083
0.052625 92.820265
0.052750 91.435829
0.052875 89.678169
0.053000 87.517960
0.053125 85.029779
0.053250 82.320493
0.053375 79.967269
0.053500 77.865846
0.053625 75.503185
0.053750 72.538660
0.053875 68.628010
0.054000 64.024420
0.054125 59.350467
0.054250 55.438292
0.054375 53.470855
0.054500 55.026932
0.054625 59.854339
0.054750 66.232831
0.054875 72.901326
0.055000 79.079021
0.055125 84.318536
0.055250 88.563405
0.055375 91.799387
0.055500 94.320314
0.055625 96.554091
0.055750 98.677912
0.055875 100.549790
0.056000 102.200929
0.056125 103.626815
0.056250 104.765758
0.056375 105.505823
0.056500 105.928663
0.056625 106.084106
0.056750 105.969327
0.056875 105.498883
0.057000 104.814331
0.057125 104.066546
0.057250 103.292384
0.057375 102.488347
0.057500 101.455760
0.057625 100.089957
0.057750 98.270366
0.057875 96.066564
0.058000 93.494448
0.058125 90.792643
0.058250 88.364255
0.058375 86.204359
0.058500 83.905278
0.058625 81.081889
0.058750 77.488642
0.058875 73.090612
0.059000 68.362591
0.059125 63.931535
0.059250 60.613484
0.059375 59.730839
0.059500 62.100260
0.059625 66.948115
0.059750 72.746252
0.059875 78.584632
0.060000 83.842623
0.060125 88.201858
0.060250 91.590233
0.060375 94.131723
0.060500 96.151289
0.060625 97.921868
0.060750 99.583056
0.060875 101.002550
0.061000 102.211898
0.061125 103.123099
0.061250 103.705478
0.061375 103.860539
0.061500 103.691396
0.061625 103.269286
0.061750 102.562121
0.061875 101.680704
0.062000 100.794733
0.062125 99.927045
0.062250 98.957607
0.062375 97.758985
