0.000000 0.000000
0.000125 16.226060
0.000250 25.639748
0.000375 34.627912
0.000500 42.631684
0.000625 49.412471
0.000750 54.940844
0.000875 59.647341
0.001000 63.520012
0.001125 66.424800
0.001250 67.974028
0.001375 68.218773
0.001500 67.687433
0.001625 67.003739
0.001750 66.462495
0.001875 65.732116
0.002000 64.484466
0.002125 62.839660
0.002250 61.140215
0.002375 60.297198
0.002500 61.067424
0.002625 62.953833
0.002750 64.849701
0.002875 66.455043
0.003000 67.489333
0.003125 68.195846
0.003250 68.990726
0.003375 69.791549
0.003500 69.962652
0.003625 69.018160
0.003750 66.770469
0.003875 63.331091
0.004000 59.013517
0.004125 53.814112
0.004250 47.606105
0.004375 40.150110
0.004500 31.897256
0.004625 23.598145
0.004750 18.574719
0.004875 21.968332
0.005000 29.743680
0.005125 38.107206
0.005250 46.000891
0.005375 52.864473
0.005500 58.537067
0.005625 63.300646
0.005750 67.365272
0.005875 70.555000
0.006000 72.314541
0.006125 72.801157
0.006250 72.440547
0.006375 71.809049
0.006500 71.207512
0.006625 70.404170
0.006750 69.174161
0.006875 67.544009
0.007000 65.964748
0.007125 65.068309
0.007250 65.394114
0.007375 66.738873
0.007500 68.394626
0.007625 69.852038
0.007750 70.866914
0.007875 71.465554
0.008000 71.997388
0.008125 72.529901
0.008250 72.636646
0.008375 71.740793
0.008500 69.552347
0.008625 66.243643
0.008750 61.879156
0.008875 56.660393
0.009000 50.577538
0.009125 43.426837
0.009250 35.498393
0.009375 28.049036
0.009500 23.875706
0.009625 25.221554
0.009750 31.214160
0.009875 38.729013
0.010000 46.132601
0.010125 52.645267
0.010250 58.074672
0.010375 62.617818
0.010500 66.550838
0.010625 69.665243
0.010750 71.586996
0.010875 72.233463
0.011000 71.954585
0.011125 71.234988
0.011250 70.458101
0.011375 69.512842
0.011500 68.231405
0.011625 66.639562
0.011750 65.046862
0.011875 63.965924
0.012000 63.823209
0.012125 64.680818
0.012250 66.018452
0.012375 67.271897
0.012500 68.173282
0.012625 68.620759
0.012750 68.922935
0.012875 69.113721
0.013000 69.035990
0.013125 68.170215
0.013250 66.111929
0.013375 62.932967
0.013500 58.623326
0.013625 53.354820
0.013750 47.179183
0.013875 40.091056
0.014000 32.612113
0.014125 25.762730
0.014250 21.797452
0.014375 21.830756
0.014500 26.345051
0.014625 33.498951
0.014750 40.793949
0.014875 47.383247
0.015000 52.872421
0.015125 57.429431
0.015250 61.190632
0.015375 64.244864
0.015500 66.228281
0.015625 67.120136
0.015750 67.144753
0.015875 66.552530
0.016000 65.762798
0.016125 64.838529
0.016250 63.771902
0.016375 62.506239
0.016500 61.239312
0.016625 60.342159
0.016750 60.096901
0.016875 60.723205
0.017000 62.019089
0.017125 63.384088
0.017250 64.435807
0.017375 65.134722
0.017500 65.533518
0.017625 65.818045
0.017750 65.803049
0.017875 65.172936
0.018000 63.536234
0.018125 60.801332
0.018250 56.867729
0.018375 52.021606
0.018500 46.262387
0.018625 40.032227
0.018750 33.594847
0.018875 28.248331
0.019000 25.100103
0.019125 24.801476
0.019250 27.706509
0.019375 33.949331
0.019500 40.977550
0.019625 47.678667
0.019750 53.612404
0.019875 58.508290
0.020000 62.557524
0.020125 65.798740
0.020250 68.065470
0.020375 69.421122
0.020500 69.817288
0.020625 69.566598
0.020750 68.922093
0.020875 68.123971
0.021000 67.211247
0.021125 66.277643
0.021250 65.361114
0.021375 64.774337
0.021500 64.584689
0.021625 65.035141
0.021750 66.039404
0.021875 67.234714
0.022000 68.340898
0.022125 69.136019
0.022250 69.657408
0.022375 69.835800
0.022500 69.680146
0.022625 68.984609
0.022750 67.432791
0.022875 64.848982
0.023000 61.122413
0.023125 56.454549
0.023250 51.252917
0.023375 45.644983
0.023500 40.235859
0.023625 35.881780
0.023750 33.220724
0.023875 32.612885
0.024000 34.226854
0.024125 38.434222
0.024250 44.424657
0.024375 50.564409
0.024500 56.200807
0.024625 61.077811
0.024750 65.054834
0.024875 68.218096
0.025000 70.470318
0.025125 71.881950
0.025250 72.354379
0.025375 72.158363
0.025500 71.464028
0.025625 70.506698
0.025750 69.466769
0.025875 68.492648
0.026000 67.543710
0.026125 66.817399
0.026250 66.380013
0.026375 66.369489
0.026500 66.809492
0.026625 67.628326
0.026750 68.454526
0.026875 69.142235
0.027000 69.498667
0.027125 69.454669
0.027250 68.991119
0.027375 68.084689
0.027500 66.440949
0.027625 63.859628
0.027750 60.227292
0.027875 55.862430
0.028000 50.908437
0.028125 45.639416
0.028250 40.881398
0.028375 36.982738
0.028500 34.402028
0.028625 33.335703
0.028750 34.003032
0.028875 36.629412
0.029000 41.532198
0.029125 47.251494
0.029250 52.686396
0.029375 57.421063
0.029500 61.356607
0.029625 64.415600
0.029750 66.698372
0.029875 68.209800
0.030000 68.861960
0.030125 68.734223
0.030250 68.053380
0.030375 67.036757
0.030500 65.947852
0.030625 64.948166
0.030750 64.054415
0.030875 63.271472
0.031000 62.651871
0.031125 62.306364
0.031250 62.280909
0.031375 62.694887
0.031500 63.355358
0.031625 63.862844
0.031750 64.119739
0.031875 63.967806
0.032000 63.427505
0.032125 62.426365
0.032250 60.803328
0.032375 58.393173
0.032500 55.275670
0.032625 51.375310
0.032750 46.782688
0.032875 42.069430
0.033000 38.121554
0.033125 34.787123
0.033250 32.611563
0.033375 31.446748
0.033500 31.780997
0.033625 33.389182
0.033750 37.270342
0.033875 42.844296
0.034000 48.361829
0.034125 53.270252
0.034250 57.462511
0.034375 60.836395
0.034500 63.449316
0.034625 65.347223
0.034750 66.535351
0.034875 66.956616
0.035000 66.727949
0.035125 66.092510
0.035250 65.340975
0.035375 64.605625
0.035500 64.049052
0.035625 63.594095
0.035750 63.210428
0.035875 62.961938
0.036000 62.908791
0.036125 63.279259
0.036250 63.938630
0.036375 64.556731
0.036500 64.931678
0.036625 64.889167
0.036750 64.435970
0.036875 63.527936
0.037000 62.134359
0.037125 60.280508
0.037250 57.778396
0.037375 54.537999
0.037500 50.703085
0.037625 47.060472
0.037750 43.853856
0.037875 41.290780
0.038000 39.638340
0.038125 38.717549
0.038250 38.787681
0.038375 39.888342
0.038500 42.541586
0.038625 46.956323
0.038750 52.030932
0.038875 56.787592
0.039000 60.899834
0.039125 64.305339
0.039250 66.952025
0.039375 68.998892
0.039500 70.390445
0.039625 71.061303
0.039750 71.082086
0.039875 70.625335
0.040000 69.956254
0.040125 69.289511
0.040250 68.712072
0.040375 68.215413
0.040500 67.724108
0.040625 67.291793
0.040750 67.057581
0.040875 66.996221
0.041000 67.221889
0.041125 67.528376
0.041250 67.649635
0.041375 67.443014
0.041500 66.765754
0.041625 65.633105
0.041750 64.178442
0.041875 62.378318
0.042000 59.971137
0.042125 56.934272
0.042250 53.607595
0.042375 50.507503
0.042500 47.671753
0.042625 45.374768
0.042750 43.817836
0.042875 42.801303
0.043000 42.463599
0.043125 42.952649
0.043250 44.524155
0.043375 47.581694
0.043500 51.884995
0.043625 56.246582
0.043750 60.181552
0.043875 63.427538
0.044000 66.005620
0.044125 68.013282
0.044250 69.436476
0.044375 70.201739
0.044500 70.313759
0.044625 69.950172
0.044750 69.265942
0.044875 68.507240
0.045000 67.798261
0.045125 67.161023
0.045250 66.533586
0.045375 65.828538
0.045500 65.281224
0.045625 64.803176
0.045750 64.528572
0.045875 64.432388
0.046000 64.254430
0.046125 63.823597
0.046250 62.957966
0.046375 61.793721
0.046500 60.345635
0.046625 58.502590
0.046750 56.102350
0.046875 53.257150
0.047000 50.332266
0.047125 47.631238
0.047250 44.999382
0.047375 42.926649
0.047500 41.521140
0.047625 40.408527
0.047750 39.840056
0.047875 39.901950
0.048000 40.631117
0.048125 42.610589
0.048250 46.263892
0.048375 50.493955
0.048500 54.439487
0.048625 57.813240
0.048750 60.544566
0.048875 62.621591
0.049000 64.210268
0.049125 65.239016
0.049250 65.657925
0.049375 65.600731
0.049500 65.207202
0.049625 64.609597
0.049750 63.969866
0.049875 63.373719
0.050000 62.792800
0.050125 62.242558
0.050250 61.707268
0.050375 61.167955
0.050500 60.720765
0.050625 60.553723
0.050750 60.383222
0.050875 60.033517
0.051000 59.452902
0.051125 58.687759
0.051250 57.526368
0.051375 55.906468
0.051500 53.919506
0.051625 51.704642
0.051750 49.670778
0.051875 47.666826
0.052000 45.618849
0.052125 44.168439
0.052250 43.184975
0.052375 42.415697
0.052500 42.001122
0.052625 42.074903
0.052750 42.706387
0.052875 44.131951
0.053000 46.969427
0.053125 50.982494
0.053250 55.019891
0.053375 58.688357
0.053500 61.736611
0.053625 64.121315
0.053750 65.976173
0.053875 67.363085
0.054000 68.238389
0.054125 68.654175
0.054250 68.639891
0.054375 68.299451
0.054500 67.875470
0.054625 67.457899
0.054750 67.054067
0.054875 66.547968
0.055000 65.995168
0.055125 65.430925
0.055250 64.875284
0.055375 64.467231
0.055500 64.159879
0.055625 63.866637
0.055750 63.441726
0.055875 62.669669
0.056000 61.541230
0.056125 59.969430
0.056250 58.230066
0.056375 56.461840
0.056500 54.889185
0.056625 53.254526
0.056750 51.617417
0.056875 50.352419
0.057000 49.471093
0.057125 48.665779
0.057250 48.151126
0.057375 47.969868
0.057500 48.186082
0.057625 48.979874
0.057750 50.737810
0.057875 53.760685
0.058000 57.351538
0.058125 60.767455
0.058250 63.754038
0.058375 66.108716
0.058500 67.915461
0.058625 69.227925
0.058750 70.195634
0.058875 70.728707
0.059000 70.812779
0.059125 70.513321
0.059250 69.993614
0.059375 69.447302
0.059500 68.848323
0.059625 68.182298
0.059750 67.395484
0.059875 66.527786
0.060000 65.630203
0.060125 64.814664
0.060250 64.193315
0.060375 63.733614
0.060500 63.165425
0.060625 62.290312
0.060750 61.022746
0.060875 59.361499
0.061000 57.588132
0.061125 56.002992
0.061250 54.650972
0.061375 53.234590
0.061500 51.749691
0.061625 50.606536
0.061750 49.690063
0.061875 48.792804
0.062000 48.020653
0.062125 47.472448
0.062250 47.276297
0.062375 47.435482
