0.000000 0.000000
0.000125 50.420279
0.000250 90.443958
0.000375 125.569950
0.000500 154.578940
0.000625 176.778508
0.000750 192.913129
0.000875 202.749520
0.001000 206.605179
0.001125 206.352417
0.001250 202.225558
0.001375 196.257243
0.001500 189.855668
0.001625 185.778750
0.001750 183.697538
0.001875 180.802899
0.002000 176.398537
0.002125 172.092354
0.002250 172.099546
0.002375 176.043154
0.002500 180.940356
0.002625 184.737479
0.002750 187.200118
0.002875 191.345012
0.003000 197.718734
0.003125 204.432089
0.003250 209.670160
0.003375 211.244958
0.003500 209.001958
0.003625 200.979895
0.003750 186.850289
0.003875 166.901680
0.004000 140.065677
0.004125 107.026507
0.004250 68.956750
0.004375 31.420144
0.004500 50.419560
0.004625 88.668671
0.004750 123.779508
0.004875 153.810784
0.005000 177.343479
0.005125 195.046593
0.005250 206.422390
0.005375 212.116962
0.005500 212.546005
0.005625 209.558100
0.005750 203.949212
0.005875 197.672119
0.006000 193.099897
0.006125 190.820565
0.006250 188.293711
0.006375 184.196839
0.006500 179.532539
0.006625 178.774822
0.006750 181.865145
0.006875 186.296039
0.007000 190.228162
0.007125 192.676032
0.007250 196.377982
0.007375 202.136834
0.007500 208.625524
0.007625 214.058055
0.007750 216.362131
0.007875 214.990571
0.008000 208.153780
0.008125 195.298211
0.008250 176.650520
0.008375 151.501362
0.008500 119.845182
0.008625 83.217966
0.008750 47.459480
0.008875 52.275870
0.009000 86.004935
0.009125 120.803395
0.009250 150.963446
0.009375 174.885088
0.009500 192.903358
0.009625 204.840104
0.009750 211.273609
0.009875 212.373058
0.010000 210.100113
0.010125 204.905097
0.010250 198.701261
0.010375 193.564846
0.010500 190.683935
0.010625 188.165111
0.010750 184.257372
0.010875 179.599500
0.011000 177.870928
0.011125 180.190804
0.011250 184.098355
0.011375 187.736658
0.011500 190.291329
0.011625 193.569049
0.011750 198.703791
0.011875 204.682522
0.012000 209.908860
0.012125 212.643752
0.012250 211.825139
0.012375 205.886347
0.012500 194.229268
0.012625 176.636611
0.012750 152.747513
0.012875 122.551786
0.013000 86.974688
0.013125 52.429043
0.013250 48.159263
0.013375 76.044659
0.013500 109.251099
0.013625 139.982010
0.013750 164.992550
0.013875 184.040051
0.014000 197.009523
0.014125 204.132254
0.014250 206.027413
0.014375 204.120309
0.014500 199.196158
0.014625 192.900481
0.014750 187.354056
0.014875 183.793004
0.015000 181.150521
0.015125 177.612446
0.015250 173.161117
0.015375 170.996067
0.015500 172.798017
0.015625 176.513200
0.015750 180.237661
0.015875 183.125379
0.016000 186.532231
0.016125 191.453186
0.016250 197.290299
0.016375 202.650121
0.016500 205.894393
0.016625 205.780464
0.016750 201.042551
0.016875 190.760289
0.017000 174.624563
0.017125 152.334309
0.017250 123.876539
0.017375 89.955662
0.017500 57.651690
0.017625 48.132677
0.017750 70.125591
0.017875 100.823382
0.018000 131.274275
0.018125 157.651367
0.018250 178.255178
0.018375 192.970388
0.018500 201.729607
0.018625 205.235279
0.018750 204.581071
0.018875 200.678176
0.019000 195.106853
0.019125 189.784343
0.019250 186.091973
0.019375 183.291308
0.019500 179.998253
0.019625 176.034631
0.019750 173.759943
0.019875 175.071338
0.020000 178.626939
0.020125 182.661731
0.020250 186.144391
0.020375 189.882535
0.020500 194.977661
0.020625 200.902231
0.020750 206.519335
0.020875 210.271740
0.021000 210.913970
0.021125 207.230271
0.021250 198.185756
0.021375 183.427514
0.021500 162.600681
0.021625 135.681255
0.021750 103.583434
0.021875 73.899403
0.022000 61.686361
0.022125 76.496599
0.022250 103.892572
0.022375 132.490677
0.022500 158.657136
0.022625 180.114813
0.022750 196.007897
0.022875 206.087228
0.023000 210.841750
0.023125 211.099302
0.023250 208.069400
0.023375 202.998063
0.023500 197.710797
0.023625 193.492096
0.023750 190.171932
0.023875 186.630390
0.024000 182.726653
0.024125 180.184011
0.024250 180.506125
0.024375 183.098937
0.024500 186.415172
0.024625 189.676958
0.024750 193.005395
0.024875 197.593012
0.025000 203.122513
0.025125 208.534870
0.025250 212.289090
0.025375 213.214522
0.025500 210.085025
0.025625 201.896057
0.025750 188.158244
0.025875 168.401419
0.026000 142.748950
0.026125 112.096842
0.026250 84.258654
0.026375 70.269878
0.026500 78.856223
0.026625 102.515529
0.026750 129.078658
0.026875 154.044330
0.027000 175.394432
0.027125 191.910810
0.027250 202.962172
0.027375 208.739983
0.027500 209.898843
0.027625 207.623571
0.027750 203.104242
0.027875 198.037918
0.028000 193.456974
0.028125 189.688507
0.028250 185.856726
0.028375 181.921807
0.028500 179.007197
0.028625 178.526516
0.028750 180.357360
0.028875 183.045949
0.029000 186.013564
0.029125 189.154007
0.029250 193.015439
0.029375 197.813916
0.029500 202.600171
0.029625 206.123879
0.029750 207.059656
0.029875 204.304790
0.030000 196.830477
0.030125 184.120311
0.030250 165.406818
0.030375 140.874766
0.030500 111.835603
0.030625 85.505896
0.030750 70.557108
0.030875 74.326064
0.031000 94.370554
0.031125 119.481607
0.031250 143.285238
0.031375 164.212613
0.031500 181.079338
0.031625 193.118643
0.031750 200.032710
0.031875 202.419747
0.032000 201.136481
0.032125 197.500245
0.032250 192.971190
0.032375 188.563391
0.032500 184.747716
0.032625 180.979144
0.032750 177.256923
0.032875 174.469546
0.033000 173.629346
0.033125 175.083416
0.033250 177.604854
0.033375 180.534358
0.033500 183.967939
0.033625 187.934996
0.033750 192.568756
0.033875 197.366759
0.034000 201.087200
0.034125 202.411660
0.034250 200.192507
0.034375 193.491798
0.034500 181.781693
0.034625 164.385092
0.034750 141.389616
0.034875 114.595485
0.035000 90.309178
0.035125 75.605069
0.035250 75.996525
0.035375 92.829907
0.035500 116.340141
0.035625 139.887038
0.035750 160.693783
0.035875 177.764980
0.036000 190.843708
0.036125 199.131036
0.036250 202.978431
0.036375 203.135043
0.036500 200.737452
0.036625 197.109901
0.036750 193.303944
0.036875 189.781691
0.037000 186.371660
0.037125 183.136930
0.037250 180.671145
0.037375 179.781076
0.037500 180.933636
0.037625 183.417686
0.037750 186.438457
0.037875 189.890816
0.038000 193.897061
0.038125 198.349260
0.038250 202.935469
0.038375 206.698450
0.038500 208.284149
0.038625 206.449314
0.038750 200.345844
0.038875 189.369035
0.039000 172.931774
0.039125 151.085935
0.039250 126.143231
0.039375 103.253064
0.039500 88.469557
0.039625 86.224969
0.039750 98.995604
0.039875 119.847867
0.040000 142.445610
0.040125 162.627291
0.040250 179.406207
0.040375 192.366105
0.040500 201.224448
0.040625 205.964313
0.040750 206.996108
0.040875 205.398032
0.041000 202.325363
0.041125 198.708280
0.041250 195.183182
0.041375 191.704342
0.041500 188.521429
0.041625 185.927876
0.041750 184.697049
0.041875 185.225650
0.042000 187.151422
0.042125 189.845817
0.042250 192.991445
0.042375 196.652304
0.042500 200.726509
0.042625 204.833058
0.042750 208.155592
0.042875 209.588343
0.043000 207.981100
0.043125 202.194103
0.043250 191.690237
0.043375 175.926628
0.043500 154.969469
0.043625 131.555865
0.043750 109.644078
0.043875 94.776371
0.044000 90.407344
0.044125 99.368777
0.044250 117.232068
0.044375 138.048705
0.044500 157.771341
0.044625 173.914609
0.044750 186.665566
0.044875 195.511651
0.045000 200.839874
0.045125 202.641294
0.045250 201.782578
0.045375 199.215055
0.045500 195.869281
0.045625 192.264503
0.045750 188.832060
0.045875 185.628474
0.046000 183.024048
0.046125 181.520450
0.046250 181.483085
0.046375 182.940975
0.046500 185.358088
0.046625 188.281369
0.046750 191.663318
0.046875 195.392651
0.047000 199.167469
0.047125 202.193476
0.047250 203.492739
0.047375 202.053888
0.047500 196.714509
0.047625 186.724275
0.047750 171.722166
0.047875 151.638332
0.048000 129.732849
0.048125 108.940069
0.048250 94.275894
0.048375 88.633032
0.048500 94.412534
0.048625 109.983586
0.048750 129.272088
0.048875 148.714822
0.049000 164.771124
0.049125 177.467693
0.049250 186.304793
0.049375 191.755431
0.049500 194.430277
0.049625 194.521819
0.049750 192.787548
0.049875 190.087768
0.050000 186.882827
0.050125 183.868993
0.050250 181.239181
0.050375 179.015169
0.050500 177.735947
0.050625 177.692163
0.050750 179.136576
0.050875 181.608577
0.051000 184.780926
0.051125 188.409894
0.051250 192.352774
0.051375 196.237948
0.051500 199.491450
0.051625 201.096132
0.051750 200.157877
0.051875 195.676297
0.052000 186.716990
0.052125 172.895678
0.052250 154.207638
0.052375 134.350544
0.052500 115.199609
0.052625 101.376370
0.052750 95.293537
0.052875 98.990995
0.053000 112.556706
0.053125 130.471993
0.053250 149.280700
0.053375 165.986214
0.053500 178.972440
0.053625 188.219309
0.053750 194.060986
0.053875 197.168191
0.054000 198.047466
0.054125 197.006193
0.054250 194.837151
0.054375 192.172501
0.054500 189.400283
0.054625 187.067236
0.054750 185.186548
0.054875 184.136645
0.055000 183.993579
0.055125 185.256481
0.055250 187.641457
0.055375 190.688761
0.055500 194.273711
0.055625 198.058033
0.055750 201.800452
0.055875 204.931431
0.056000 206.429525
0.056125 205.641829
0.056250 201.451665
0.056375 193.031151
0.056500 179.949305
0.056625 162.247095
0.056750 143.834334
0.056875 125.789881
0.057000 112.343591
0.057125 105.728818
0.057250 107.499041
0.057375 118.519110
0.057500 134.423558
0.057625 151.955343
0.057750 168.477022
0.057875 181.578041
0.058000 190.881016
0.058125 196.807471
0.058250 199.887865
0.058375 200.834610
0.058500 200.217158
0.058625 198.292046
0.058750 195.577663
0.058875 192.752937
0.059000 190.197582
0.059125 188.143317
0.059250 186.842269
0.059375 186.378128
0.059500 187.179128
0.059625 189.132811
0.059750 191.810392
0.059875 195.076245
0.060000 198.506033
0.060125 201.869846
0.060250 204.715176
0.060375 205.884156
0.060500 204.997791
0.060625 200.914837
0.060750 192.745027
0.060875 180.176590
0.061000 163.238368
0.061125 145.798349
0.061250 128.532580
0.061375 115.097906
0.061500 107.997589
0.061625 108.127561
0.061750 116.603464
0.061875 130.665909
0.062000 146.840344
0.062125 162.670395
0.062250 176.164028
0.062375 185.695800
