0.000000 0.000000
0.000125 19.411208
0.000250 28.639296
0.000375 36.843301
0.000500 43.838005
0.000625 49.669444
0.000750 54.253802
0.000875 57.907758
0.001000 60.967077
0.001125 63.588311
0.001250 65.986274
0.001375 68.038721
0.001500 69.853133
0.001625 71.659812
0.001750 73.470701
0.001875 75.039526
0.002000 76.062163
0.002125 76.556699
0.002250 76.457900
0.002375 75.606681
0.002500 74.004505
0.002625 72.110053
0.002750 70.354520
0.002875 69.359607
0.003000 69.633574
0.003125 71.012374
0.003250 73.101965
0.003375 75.302950
0.003500 77.122499
0.003625 78.165309
0.003750 78.454606
0.003875 78.197216
0.004000 77.516429
0.004125 76.654405
0.004250 75.578003
0.004375 74.466206
0.004500 73.293785
0.004625 71.813601
0.004750 70.062883
0.004875 68.138043
0.005000 65.819681
0.005125 62.928052
0.005250 59.286389
0.005375 54.655667
0.005500 49.281274
0.005625 43.657240
0.005750 38.211890
0.005875 35.672834
0.006000 39.627903
0.006125 46.785692
0.006250 53.813922
0.006375 59.839579
0.006500 64.740227
0.006625 68.526884
0.006750 71.538867
0.006875 74.051284
0.007000 76.228903
0.007125 78.134433
0.007250 79.825968
0.007375 81.351282
0.007500 82.718707
0.007625 84.049894
0.007750 85.147763
0.007875 85.796314
0.008000 85.863860
0.008125 85.594463
0.008250 84.740922
0.008375 83.311415
0.008500 81.587492
0.008625 80.037543
0.008750 79.206253
0.008875 79.423825
0.009000 80.740513
0.009125 82.693208
0.009250 84.700701
0.009375 86.350851
0.009500 87.201396
0.009625 87.381889
0.009750 87.097109
0.009875 86.439226
0.010000 85.325543
0.010125 83.739906
0.010250 81.986600
0.010375 80.107150
0.010500 78.003843
0.010625 75.638179
0.010750 73.170727
0.010875 70.421423
0.011000 67.392153
0.011125 63.908052
0.011250 59.778636
0.011375 54.920233
0.011500 49.469002
0.011625 44.409435
0.011750 41.856963
0.011875 44.103322
0.012000 49.978974
0.012125 56.610114
0.012250 62.378272
0.012375 67.049352
0.012500 70.707373
0.012625 73.622304
0.012750 76.057381
0.012875 78.161745
0.013000 79.887132
0.013125 81.405289
0.013250 82.744699
0.013375 83.870960
0.013500 84.963016
0.013625 86.052374
0.013750 86.762814
0.013875 86.937198
0.014000 86.479032
0.014125 85.523776
0.014250 84.058734
0.014375 82.258785
0.014500 80.647587
0.014625 79.618823
0.014750 79.461353
0.014875 80.176339
0.015000 81.494937
0.015125 82.984357
0.015250 84.212394
0.015375 84.894631
0.015500 84.926268
0.015625 84.443827
0.015750 83.635894
0.015875 82.465300
0.016000 80.710337
0.016125 78.973599
0.016250 77.105403
0.016375 75.173614
0.016500 73.302646
0.016625 71.602599
0.016750 69.847730
0.016875 67.748011
0.017000 64.861864
0.017125 61.190366
0.017250 56.803775
0.017375 51.930201
0.017500 47.811336
0.017625 45.950358
0.017750 47.528177
0.017875 52.715322
0.018000 59.065744
0.018125 64.935449
0.018250 69.778392
0.018375 73.675440
0.018500 76.779782
0.018625 79.373663
0.018750 81.429010
0.018875 83.209191
0.019000 84.781103
0.019125 86.218347
0.019250 87.523430
0.019375 88.846245
0.019500 90.196407
0.019625 91.222644
0.019750 91.621845
0.019875 91.408216
0.020000 90.644588
0.020125 89.458950
0.020250 88.043860
0.020375 86.786152
0.020500 86.044880
0.020625 86.055415
0.020750 86.868488
0.020875 88.273990
0.021000 89.809170
0.021125 91.145384
0.021250 91.999296
0.021375 92.250380
0.021500 92.005884
0.021625 91.397589
0.021750 90.416918
0.021875 89.106406
0.022000 87.695212
0.022125 86.275194
0.022250 84.915870
0.022375 83.527618
0.022500 81.990067
0.022625 80.196821
0.022750 77.802283
0.022875 74.765212
0.023000 71.085469
0.023125 66.945376
0.023250 62.924388
0.023375 59.824441
0.023500 58.257438
0.023625 58.922134
0.023750 62.307570
0.023875 67.181240
0.024000 72.249478
0.024125 76.775432
0.024250 80.436830
0.024375 83.406804
0.024500 85.826421
0.024625 87.853257
0.024750 89.636395
0.024875 91.247865
0.025000 92.650522
0.025125 93.897483
0.025250 95.046197
0.025375 96.066497
0.025500 96.713896
0.025625 96.792805
0.025750 96.287067
0.025875 95.294844
0.026000 93.998491
0.026125 92.548609
0.026250 91.204730
0.026375 90.274142
0.026500 89.925533
0.026625 90.189215
0.026750 90.908800
0.026875 91.744525
0.027000 92.474350
0.027125 92.890909
0.027250 92.807943
0.027375 92.511492
0.027500 92.072097
0.027625 91.399238
0.027750 90.462057
0.027875 89.224653
0.028000 87.748987
0.028125 86.336277
0.028250 84.718799
0.028375 82.880868
0.028500 80.693843
0.028625 78.024270
0.028750 74.840727
0.028875 71.135180
0.029000 67.203792
0.029125 63.596500
0.029250 60.837360
0.029375 59.079358
0.029500 59.001007
0.029625 61.267512
0.029750 65.044078
0.029875 69.423614
0.030000 73.485416
0.030125 77.064944
0.030250 79.939863
0.030375 82.346194
0.030500 84.273866
0.030625 85.891789
0.030750 87.172770
0.030875 88.202245
0.031000 89.142093
0.031125 89.941720
0.031250 90.563126
0.031375 90.930430
0.031500 90.850625
0.031625 90.271593
0.031750 89.312689
0.031875 88.095727
0.032000 86.647909
0.032125 85.524977
0.032250 84.695665
0.032375 84.273615
0.032500 84.367917
0.032625 84.779972
0.032750 85.501813
0.032875 86.386660
0.033000 87.240516
0.033125 87.910542
0.033250 88.326985
0.033375 88.461148
0.033500 88.308036
0.033625 87.643131
0.033750 86.588092
0.033875 85.339846
0.034000 83.824039
0.034125 82.150635
0.034250 80.230248
0.034375 78.053264
0.034500 75.456933
0.034625 72.395277
0.034750 68.907821
0.034875 65.353300
0.035000 62.306811
0.035125 60.052966
0.035250 58.476646
0.035375 58.090536
0.035500 59.674729
0.035625 62.957683
0.035750 67.047165
0.035875 71.278043
0.036000 75.092758
0.036125 78.570668
0.036250 81.437207
0.036375 83.767159
0.036500 85.734028
0.036625 87.389954
0.036750 88.818651
0.036875 90.103557
0.037000 91.228146
0.037125 92.199237
0.037250 92.884564
0.037375 93.107189
0.037500 92.864803
0.037625 92.253989
0.037750 91.437173
0.037875 90.494830
0.038000 89.539040
0.038125 88.822769
0.038250 88.461173
0.038375 88.640404
0.038500 89.391842
0.038625 90.402753
0.038750 91.529370
0.038875 92.549264
0.039000 93.394393
0.039125 93.915387
0.039250 94.093027
0.039375 93.863682
0.039500 93.189914
0.039625 92.074578
0.039750 90.646262
0.039875 89.075399
0.040000 87.250951
0.040125 85.410132
0.040250 83.170315
0.040375 80.687065
0.040500 77.819326
0.040625 74.894224
0.040750 71.996826
0.040875 69.700540
0.041000 67.982439
0.041125 66.693163
0.041250 66.281053
0.041375 67.280339
0.041500 69.756608
0.041625 72.940487
0.041750 76.440045
0.041875 79.827855
0.042000 82.821743
0.042125 85.342887
0.042250 87.349153
0.042375 88.984314
0.042500 90.397518
0.042625 91.545729
0.042750 92.455385
0.042875 93.126375
0.043000 93.555389
0.043125 93.721552
0.043250 93.503465
0.043375 92.927233
0.043500 92.152945
0.043625 91.188896
0.043750 90.190020
0.043875 89.377790
0.044000 88.799907
0.044125 88.688597
0.044250 88.852992
0.044375 89.435600
0.044500 90.281044
0.044625 91.273865
0.044750 92.180172
0.044875 92.905798
0.045000 93.260933
0.045125 93.314724
0.045250 92.996938
0.045375 92.247054
0.045500 91.011544
0.045625 89.486660
0.045750 87.703103
0.045875 85.649244
0.046000 83.328275
0.046125 80.652563
0.046250 77.717872
0.046375 74.662650
0.046500 71.619514
0.046625 68.846805
0.046750 66.636974
0.046875 64.739245
0.047000 63.012076
0.047125 61.849281
0.047250 62.036770
0.047375 63.720929
0.047500 66.198210
0.047625 69.162765
0.047750 72.186920
0.047875 74.951895
0.048000 77.332337
0.048125 79.488724
0.048250 81.200003
0.048375 82.573138
0.048500 83.702983
0.048625 84.584183
0.048750 85.236889
0.048875 85.695546
0.049000 85.909415
0.049125 85.882799
0.049250 85.600270
0.049375 85.348774
0.049500 85.017525
0.049625 84.724522
0.049750 84.450928
0.049875 84.279343
0.050000 84.280166
0.050125 84.544730
0.050250 85.036592
0.050375 85.689952
0.050500 86.480102
0.050625 87.207957
0.050750 87.755914
0.050875 88.105154
0.051000 88.089834
0.051125 87.775375
0.051250 87.039092
0.051375 85.915144
0.051500 84.437136
0.051625 82.769272
0.051750 80.716707
0.051875 78.413998
0.052000 75.885124
0.052125 73.473850
0.052250 70.952328
0.052375 68.575160
0.052500 66.662530
0.052625 65.229906
0.052750 63.989973
0.052875 62.782903
0.053000 61.932926
0.053125 62.219903
0.053250 63.810769
0.053375 66.169343
0.053500 68.987450
0.053625 72.024218
0.053750 74.927523
0.053875 77.511586
0.054000 79.748341
0.054125 81.609382
0.054250 83.148519
0.054375 84.323116
0.054500 85.331332
0.054625 86.052590
0.054750 86.641752
0.054875 87.153865
0.055000 87.430756
0.055125 87.634914
0.055250 87.752410
0.055375 87.891001
0.055500 87.963704
0.055625 87.997237
0.055750 88.029951
0.055875 88.015960
0.056000 88.085262
0.056125 88.473120
0.056250 89.019304
0.056375 89.721029
0.056500 90.402899
0.056625 90.973731
0.056750 91.309289
0.056875 91.407015
0.057000 91.195826
0.057125 90.563184
0.057250 89.551279
0.057375 88.246546
0.057500 86.602801
0.057625 84.649585
0.057750 82.503596
0.057875 80.201610
0.058000 77.822868
0.058125 75.404492
0.058250 73.273308
0.058375 71.584556
0.058500 70.184826
0.058625 68.769614
0.058750 67.221315
0.058875 65.898497
0.059000 65.444282
0.059125 66.130293
0.059250 67.617257
0.059375 69.511479
0.059500 71.720373
0.059625 73.963765
0.059750 76.071726
0.059875 77.890485
0.060000 79.413694
0.060125 80.807823
0.060250 82.011511
0.060375 83.084188
0.060500 83.960707
0.060625 84.716049
0.060750 85.311837
0.060875 85.791336
0.061000 86.170799
0.061125 86.476162
0.061250 86.703989
0.061375 86.865222
0.061500 86.913328
0.061625 86.771299
0.061750 86.623990
0.061875 86.474456
0.062000 86.385361
0.062125 86.506470
0.062250 86.756262
0.062375 87.061431
