0.000000 0.000000
0.000125 41.509196
0.000250 77.363236
0.000375 111.342760
0.000500 142.508796
0.000625 169.980617
0.000750 193.382012
0.000875 212.678557
0.001000 228.434208
0.001125 241.211437
0.001250 251.145600
0.001375 259.530132
0.001500 266.808907
0.001625 271.359616
0.001750 274.479149
0.001875 275.538680
0.002000 274.720486
0.002125 272.969958
0.002250 270.828348
0.002375 269.163109
0.002500 268.650003
0.002625 269.453964
0.002750 271.436113
0.002875 273.943026
0.003000 276.170533
0.003125 277.410477
0.003250 276.864994
0.003375 274.290153
0.003500 270.404920
0.003625 263.972060
0.003750 255.980141
0.003875 246.708481
0.004000 234.401796
0.004125 219.096536
0.004250 200.289613
0.004375 177.552357
0.004500 150.811715
0.004625 120.630273
0.004750 88.128278
0.004875 56.170189
0.005000 36.933581
0.005125 54.600900
0.005250 87.293352
0.005375 120.292947
0.005500 150.991338
0.005625 178.174670
0.005750 201.436197
0.005875 220.656622
0.006000 236.505722
0.006125 249.413630
0.006250 259.685898
0.006375 268.063613
0.006500 274.885879
0.006625 279.268056
0.006750 282.119877
0.006875 283.238656
0.007000 282.599275
0.007125 280.872778
0.007250 278.663368
0.007375 276.835089
0.007500 276.027283
0.007625 276.466068
0.007750 277.978411
0.007875 280.024689
0.008000 281.775721
0.008125 282.702506
0.008250 282.010272
0.008375 279.511897
0.008500 275.435685
0.008625 269.353287
0.008750 261.278115
0.008875 251.434794
0.009000 238.809179
0.009125 223.139140
0.009250 204.080508
0.009375 181.356969
0.009500 155.072329
0.009625 125.782467
0.009750 95.163587
0.009875 67.101532
0.010000 51.912888
0.010125 61.439938
0.010250 88.850935
0.010375 120.268243
0.010500 150.180981
0.010625 176.861557
0.010750 199.843955
0.010875 218.940660
0.011000 234.722259
0.011125 247.529540
0.011250 257.819970
0.011375 265.908050
0.011500 272.288058
0.011625 276.680694
0.011750 279.330861
0.011875 280.407239
0.012000 279.886532
0.012125 278.158133
0.012250 275.912037
0.012375 273.858120
0.012500 272.669439
0.012625 272.578960
0.012750 273.465042
0.012875 274.844541
0.013000 276.075077
0.013125 276.533997
0.013250 275.621031
0.013375 273.086800
0.013500 268.728042
0.013625 262.490579
0.013750 254.185517
0.013875 243.776272
0.014000 230.874498
0.014125 215.105784
0.014250 196.183400
0.014375 173.872659
0.014500 148.324902
0.014625 120.067356
0.014750 91.624086
0.014875 65.948626
0.015000 52.242685
0.015125 57.039205
0.015250 79.611719
0.015375 109.205736
0.015500 138.897822
0.015625 165.560859
0.015750 188.763476
0.015875 208.256348
0.016000 224.431256
0.016125 237.570419
0.016250 248.192001
0.016375 256.544355
0.016500 263.124558
0.016625 267.921086
0.016750 271.174044
0.016875 272.913061
0.017000 272.935481
0.017125 271.841188
0.017250 270.152251
0.017375 268.603815
0.017500 267.654342
0.017625 267.618445
0.017750 268.470122
0.017875 269.799499
0.018000 271.072964
0.018125 271.699237
0.018250 271.172325
0.018375 269.178819
0.018500 265.305980
0.018625 259.532828
0.018750 251.665501
0.018875 241.715552
0.019000 229.493836
0.019125 214.467113
0.019250 196.495538
0.019375 175.337150
0.019500 151.366902
0.019625 126.125776
0.019750 100.981684
0.019875 79.747109
0.020000 68.828734
0.020125 71.246782
0.020250 88.095496
0.020375 113.151181
0.020500 140.967424
0.020625 167.599057
0.020750 191.197201
0.020875 211.413776
0.021000 228.302595
0.021125 242.153574
0.021250 253.471135
0.021375 262.333714
0.021500 269.240283
0.021625 274.410117
0.021750 277.788547
0.021875 279.784426
0.022000 280.274737
0.022125 279.631251
0.022250 278.380528
0.022375 276.964252
0.022500 275.997193
0.022625 275.726978
0.022750 276.142400
0.022875 276.944465
0.023000 277.773795
0.023125 277.998222
0.023250 277.297924
0.023375 275.227453
0.023500 271.390259
0.023625 265.831879
0.023750 258.262566
0.023875 248.357670
0.024000 236.074377
0.024125 221.121649
0.024250 203.490312
0.024375 183.084117
0.024500 161.046506
0.024625 138.013761
0.024750 115.303664
0.024875 97.681764
0.025000 87.980247
0.025125 88.340754
0.025250 100.159455
0.025375 120.165393
0.025500 143.893156
0.025625 168.601153
0.025750 191.764639
0.025875 211.959327
0.026000 228.914927
0.026125 242.967228
0.026250 254.375419
0.026375 263.237406
0.026500 270.109313
0.026625 275.114821
0.026750 278.379717
0.026875 280.207645
0.027000 280.737793
0.027125 280.206773
0.027250 278.994175
0.027375 277.559187
0.027500 276.323119
0.027625 275.556792
0.027750 275.275517
0.027875 275.349623
0.028000 275.381587
0.028125 274.996104
0.028250 273.873199
0.028375 271.552490
0.028500 267.723254
0.028625 262.041626
0.028750 254.200322
0.028875 244.073645
0.029000 231.634056
0.029125 216.660016
0.029250 199.151831
0.029375 179.745288
0.029500 159.166732
0.029625 137.115829
0.029750 116.338255
0.029875 100.816788
0.030000 91.303397
0.030125 89.811741
0.030250 98.187607
0.030375 114.794232
0.030500 135.719104
0.030625 157.933101
0.030750 180.578453
0.030875 200.869458
0.031000 218.122636
0.031125 232.588381
0.031250 244.220338
0.031375 253.364875
0.031500 260.466743
0.031625 265.652560
0.031750 269.173798
0.031875 271.253158
0.032000 272.053999
0.032125 271.894043
0.032250 270.968473
0.032375 269.746242
0.032500 268.531800
0.032625 267.671365
0.032750 267.125649
0.032875 266.861114
0.033000 266.682369
0.033125 266.240496
0.033250 265.162477
0.033375 262.999588
0.033500 259.419040
0.033625 253.899775
0.033750 246.291082
0.033875 236.533147
0.034000 224.530232
0.034125 210.199303
0.034250 194.092941
0.034375 176.589830
0.034500 157.453303
0.034625 137.427473
0.034750 119.560931
0.034875 106.479561
0.035000 97.986480
0.035125 96.095072
0.035250 102.450110
0.035375 116.355474
0.035500 135.027529
0.035625 155.683238
0.035750 176.236915
0.035875 196.762218
0.036000 214.866225
0.036125 230.150375
0.036250 242.625124
0.036375 252.618759
0.036500 260.507662
0.036625 266.376304
0.036750 270.600056
0.036875 273.359493
0.037000 274.905745
0.037125 275.463404
0.037250 275.264936
0.037375 274.614481
0.037500 273.882084
0.037625 273.286955
0.037750 272.913332
0.037875 272.761453
0.038000 272.662339
0.038125 272.370272
0.038250 271.321577
0.038375 269.093899
0.038500 265.444344
0.038625 260.127467
0.038750 252.789733
0.038875 243.309862
0.039000 231.680939
0.039125 218.327679
0.039250 203.722732
0.039375 187.215559
0.039500 169.196893
0.039625 151.304455
0.039750 136.136590
0.039875 124.729180
0.040000 117.008013
0.040125 114.535768
0.040250 118.894608
0.040375 129.509965
0.040500 145.118401
0.040625 162.928609
0.040750 181.572716
0.040875 199.732705
0.041000 217.344250
0.041125 232.680931
0.041250 245.353366
0.041375 255.535944
0.041500 263.589992
0.041625 269.599613
0.041750 273.870727
0.041875 276.750422
0.042000 278.348920
0.042125 278.985771
0.042250 278.802163
0.042375 278.253670
0.042500 277.455706
0.042625 276.659533
0.042750 276.076408
0.042875 275.571716
0.043000 275.030170
0.043125 274.087921
0.043250 272.294032
0.043375 269.457305
0.043500 265.356677
0.043625 259.643166
0.043750 252.064402
0.043875 242.480435
0.044000 231.341401
0.044125 218.913775
0.044250 204.667975
0.044375 188.541837
0.044500 171.384523
0.044625 154.952847
0.044750 141.483071
0.044875 130.935624
0.045000 123.194483
0.045125 119.943397
0.045250 122.551317
0.045375 130.699977
0.045500 143.639891
0.045625 159.313200
0.045750 176.056571
0.045875 192.495812
0.046000 208.386206
0.046125 223.636157
0.046250 236.503334
0.046375 246.997652
0.046500 255.358379
0.046625 261.604535
0.046750 266.111355
0.046875 269.151764
0.047000 270.923450
0.047125 271.705628
0.047250 271.805226
0.047375 271.406181
0.047500 270.799902
0.047625 270.018242
0.047750 269.330020
0.047875 268.602356
0.048000 267.515961
0.048125 266.000169
0.048250 263.627605
0.048375 260.399309
0.048500 256.037297
0.048625 250.103138
0.048750 242.443357
0.048875 233.256079
0.049000 223.136535
0.049125 211.225327
0.049250 197.528122
0.049375 181.949750
0.049500 166.200026
0.049625 151.635176
0.049750 139.852117
0.049875 130.403777
0.050000 123.066793
0.050125 119.737389
0.050250 121.594358
0.050375 128.360580
0.050500 139.390659
0.050625 153.936584
0.050750 169.269590
0.050875 185.124901
0.051000 199.961598
0.051125 214.475583
0.051250 228.098216
0.051375 239.389075
0.051500 248.549881
0.051625 255.686969
0.051750 261.078015
0.051875 264.900910
0.052000 267.541838
0.052125 269.185159
0.052250 270.168619
0.052375 270.589415
0.052500 270.631240
0.052625 270.520362
0.052750 270.219170
0.052875 269.658895
0.053000 268.714374
0.053125 267.200305
0.053250 264.999737
0.053375 261.902805
0.053500 257.747523
0.053625 252.117319
0.053750 245.232761
0.053875 237.480669
0.054000 228.192076
0.054125 216.926997
0.054250 204.096624
0.054375 190.021477
0.054500 176.138266
0.054625 164.030806
0.054750 153.911944
0.054875 145.744837
0.055000 139.242641
0.055125 136.102223
0.055250 137.084658
0.055375 142.435335
0.055500 151.472153
0.055625 163.906083
0.055750 177.845400
0.055875 192.045897
0.056000 206.083595
0.056125 218.964748
0.056250 231.487086
0.056375 242.906486
0.056500 252.336926
0.056625 259.759369
0.056750 265.451378
0.056875 269.593201
0.057000 272.599195
0.057125 274.619450
0.057250 275.882994
0.057375 276.543518
0.057500 276.694519
0.057625 276.537085
0.057750 275.998608
0.057875 275.069544
0.058000 273.726334
0.058125 271.747253
0.058250 269.094951
0.058375 265.569719
0.058500 260.972300
0.058625 255.361122
0.058750 249.123694
0.058875 241.517351
0.059000 232.120481
0.059125 221.005589
0.059250 208.346457
0.059375 195.334852
0.059500 182.805977
0.059625 172.031713
0.059750 162.816322
0.059875 155.065594
0.060000 148.650417
0.060125 145.134204
0.060250 145.021722
0.060375 148.801848
0.060500 155.898955
0.060625 166.107767
0.060750 178.509647
0.060875 191.210873
0.061000 203.935600
0.061125 215.798136
0.061250 226.483593
0.061375 237.153394
0.061500 246.607056
0.061625 254.241114
0.061750 260.141015
0.061875 264.589298
0.062000 267.878598
0.062125 270.203457
0.062250 271.641167
0.062375 272.382056
