0.000000 0.000000
0.000125 84.186428
0.000250 156.989775
0.000375 224.853250
0.000500 283.427170
0.000625 328.388357
0.000750 360.224581
0.000875 380.598597
0.001000 390.062558
0.001125 390.778121
0.001250 386.603476
0.001375 379.232475
0.001500 373.113667
0.001625 370.236734
0.001750 369.383608
0.001875 369.245109
0.002000 369.415615
0.002125 370.070659
0.002250 371.660079
0.002375 375.751829
0.002500 383.160974
0.002625 390.442345
0.002750 393.418444
0.002875 390.921882
0.003000 378.608237
0.003125 355.258618
0.003250 319.918854
0.003375 271.128948
0.003500 209.786727
0.003625 140.656443
0.003750 67.838855
0.003875 40.037839
0.004000 112.731482
0.004125 184.151022
0.004250 249.771914
0.004375 304.322397
0.004500 345.168436
0.004625 373.422653
0.004750 390.429561
0.004875 396.949392
0.005000 396.261780
0.005125 390.695703
0.005250 383.472523
0.005375 378.438124
0.005500 376.272099
0.005625 375.640758
0.005750 375.561496
0.005875 375.846930
0.006000 376.701313
0.006125 378.843324
0.006250 383.974316
0.006375 391.654666
0.006500 397.667491
0.006625 399.138054
0.006750 393.726963
0.006875 377.965087
0.007000 350.889171
0.007125 311.348725
0.007250 258.418018
0.007375 194.312325
0.007500 123.892216
0.007625 54.579279
0.007750 67.818263
0.007875 139.212186
0.008000 208.813914
0.008125 271.248653
0.008250 321.319647
0.008375 357.992127
0.008500 382.492052
0.008625 396.073530
0.008750 399.830663
0.008875 397.467108
0.009000 390.918795
0.009125 384.075028
0.009250 379.782209
0.009375 377.855265
0.009500 377.151041
0.009625 376.946869
0.009750 377.155264
0.009875 378.076616
0.010000 380.722441
0.010125 386.609351
0.010250 393.808510
0.010375 398.072187
0.010500 397.584796
0.010625 388.794336
0.010750 369.337725
0.010875 338.268327
0.011000 294.403871
0.011125 237.785697
0.011250 171.442565
0.011375 100.517829
0.011500 50.468927
0.011625 88.043332
0.011750 158.069408
0.011875 225.437907
0.012000 284.006469
0.012125 329.626983
0.012250 362.309489
0.012375 383.147944
0.012500 393.526655
0.012625 395.175043
0.012750 391.200583
0.012875 384.310576
0.013000 378.242029
0.013125 374.587488
0.013250 372.858135
0.013375 372.118563
0.013500 371.912452
0.013625 372.144923
0.013750 373.497613
0.013875 376.950012
0.014000 383.271866
0.014125 389.629408
0.014250 392.200864
0.014375 389.273887
0.014500 377.061575
0.014625 354.057254
0.014750 318.979081
0.014875 271.142805
0.015000 211.585752
0.015125 143.880411
0.015250 77.496834
0.015375 55.564665
0.015500 104.342435
0.015625 172.836301
0.015750 237.731253
0.015875 292.256826
0.016000 333.927936
0.016125 363.100426
0.016250 380.780548
0.016375 388.683886
0.016500 388.831901
0.016625 384.064843
0.016750 377.656316
0.016875 372.878140
0.017000 370.090318
0.017125 368.835912
0.017250 368.516476
0.017375 368.707544
0.017500 369.632839
0.017625 371.944074
0.017750 376.639503
0.017875 383.391444
0.018000 388.827326
0.018125 390.170879
0.018250 384.764454
0.018375 369.533426
0.018500 343.208781
0.018625 304.455374
0.018750 253.580003
0.018875 192.139607
0.019000 125.588527
0.019125 71.801815
0.019250 74.462567
0.019375 129.022752
0.019500 195.689871
0.019625 257.646110
0.019750 308.342820
0.019875 346.309889
0.020000 372.268360
0.020125 387.253906
0.020250 393.041510
0.020375 391.969905
0.020500 387.023659
0.020625 381.468603
0.020750 377.698129
0.020875 375.433954
0.021000 374.495487
0.021125 374.426824
0.021250 374.939741
0.021375 376.420875
0.021500 379.482386
0.021625 384.938884
0.021750 391.231304
0.021875 395.268372
0.022000 394.599630
0.022125 386.148718
0.022250 367.381130
0.022375 337.314054
0.022500 294.840651
0.022625 241.007595
0.022750 178.165200
0.022875 116.602952
0.023000 81.857707
0.023125 99.129242
0.023250 156.645943
0.023375 220.390981
0.023500 278.500327
0.023625 324.935250
0.023750 358.981891
0.023875 381.453275
0.024000 393.445119
0.024125 397.188626
0.024250 394.785880
0.024375 389.665975
0.024500 384.782667
0.024625 381.367537
0.024750 379.234040
0.024875 378.251525
0.025000 378.149478
0.025125 378.747400
0.025250 380.593399
0.025375 384.183468
0.025500 389.649964
0.025625 394.876398
0.025750 397.058878
0.025875 393.694603
0.026000 381.723692
0.026125 359.189419
0.026250 325.057384
0.026375 279.021157
0.026500 222.560882
0.026625 161.303169
0.026750 107.469005
0.026875 91.938927
0.027000 118.255453
0.027125 177.072975
0.027250 237.415186
0.027375 291.359336
0.027500 333.515562
0.027625 363.811836
0.027750 382.935626
0.027875 392.208223
0.028000 394.099879
0.028125 390.822658
0.028250 385.776961
0.028375 381.477360
0.028500 378.271772
0.028625 376.183025
0.028750 375.153988
0.028875 375.009902
0.029000 375.912114
0.029125 378.114549
0.029250 382.050254
0.029375 387.148562
0.029500 391.055817
0.029625 391.172562
0.029750 384.764861
0.029875 369.204238
0.030000 342.914395
0.030125 305.039676
0.030250 255.956007
0.030375 198.474071
0.030500 140.578751
0.030625 99.589090
0.030750 99.261666
0.030875 131.980582
0.031000 190.643452
0.031125 247.496495
0.031250 297.388434
0.031375 335.689903
0.031500 362.536057
0.031625 378.780095
0.031750 386.042212
0.031875 386.605575
0.032000 383.052722
0.032125 378.578052
0.032250 374.901349
0.032375 372.147449
0.032500 370.347413
0.032625 369.602462
0.032750 369.882942
0.032875 371.381852
0.033000 374.171651
0.033125 378.643338
0.033250 383.324958
0.033375 385.991805
0.033500 384.103283
0.033625 374.909493
0.033750 356.169184
0.033875 326.586941
0.034000 285.719026
0.034125 234.572831
0.034250 179.378342
0.034375 127.036332
0.034500 102.229788
0.034625 112.433183
0.034750 150.391857
0.034875 208.013899
0.035000 261.550825
0.035125 307.628700
0.035250 342.751284
0.035375 366.779080
0.035500 380.759235
0.035625 386.555127
0.035750 386.553158
0.035875 383.405009
0.036000 379.832528
0.036125 376.931429
0.036250 374.771367
0.036375 373.532517
0.036500 373.389395
0.036625 374.374063
0.036750 376.538279
0.036875 380.167324
0.037000 384.787141
0.037125 388.724907
0.037250 389.915957
0.037375 385.735364
0.037500 373.521811
0.037625 351.540720
0.037750 318.621852
0.037875 274.968819
0.038000 223.801035
0.038125 170.843121
0.038250 128.836809
0.038375 117.272395
0.038500 134.879839
0.038625 175.966461
0.038750 231.415856
0.038875 281.212622
0.039000 323.262324
0.039125 354.885487
0.039250 375.859703
0.039375 387.502714
0.039500 391.805779
0.039625 391.070057
0.039750 388.047511
0.039875 384.951367
0.040000 382.222635
0.040125 380.154026
0.040250 379.037310
0.040375 379.078048
0.040500 380.259026
0.040625 382.725754
0.040750 386.529767
0.040875 390.537596
0.041000 393.148548
0.041125 392.209496
0.041250 385.023091
0.041375 369.377052
0.041500 343.803233
0.041625 307.592628
0.041750 261.927283
0.041875 211.928945
0.042000 162.295437
0.042125 132.488768
0.042250 131.456168
0.042375 153.304469
0.042500 196.352236
0.042625 248.914375
0.042750 294.823984
0.042875 332.742072
0.043000 360.836177
0.043125 378.869350
0.043250 388.317487
0.043375 391.252070
0.043500 390.011013
0.043625 387.129547
0.043750 384.116129
0.043875 381.480185
0.044000 379.422541
0.044125 378.414418
0.044250 378.541043
0.044375 379.838195
0.044500 382.508053
0.044625 386.042166
0.044750 389.132725
0.044875 390.046011
0.045000 386.632691
0.045125 376.298605
0.045250 357.211121
0.045375 328.084817
0.045500 288.796789
0.045625 243.037016
0.045750 193.954023
0.045875 152.367644
0.046000 133.233521
0.046125 139.550913
0.046250 164.189098
0.046375 208.644727
0.046500 258.181439
0.046625 300.379369
0.046750 334.474362
0.046875 359.385971
0.047000 374.901732
0.047125 382.601477
0.047250 384.657200
0.047375 383.137336
0.047500 380.573957
0.047625 377.827327
0.047750 375.389144
0.047875 373.497674
0.048000 372.830308
0.048125 373.249467
0.048250 374.863194
0.048375 377.781930
0.048500 380.983863
0.048625 383.013300
0.048750 382.296987
0.048875 376.462197
0.049000 363.145137
0.049125 340.939748
0.049250 308.791265
0.049375 268.382097
0.049500 223.095216
0.049625 176.334674
0.049750 144.338032
0.049875 135.479177
0.050000 147.802383
0.050125 174.405931
0.050250 219.990241
0.050375 266.865888
0.050500 305.794379
0.050625 336.693525
0.050750 359.251816
0.050875 372.949523
0.051000 379.596580
0.051125 381.454786
0.051250 380.310681
0.051375 378.435327
0.051500 376.254130
0.051625 374.339471
0.051750 373.209960
0.051875 373.188070
0.052000 374.316165
0.052125 376.672897
0.052250 379.981587
0.052375 382.878700
0.052500 384.067108
0.052625 381.685127
0.052750 373.498436
0.052875 357.514965
0.053000 332.490452
0.053125 298.264110
0.053250 258.102795
0.053375 213.434999
0.053500 174.115272
0.053625 151.099217
0.053750 149.965843
0.053875 166.692642
0.054000 194.849593
0.054125 240.008552
0.054250 283.859062
0.054375 319.556582
0.054500 347.264172
0.054625 367.407125
0.054750 379.348938
0.054875 385.043345
0.055000 386.607165
0.055125 385.613304
0.055250 384.022468
0.055375 382.143982
0.055500 380.524575
0.055625 379.739292
0.055750 380.028840
0.055875 381.376165
0.056000 383.952310
0.056125 386.850847
0.056250 388.820641
0.056375 388.399992
0.056500 383.759734
0.056625 372.807752
0.056750 353.626867
0.056875 325.476740
0.057000 290.448217
0.057125 249.745839
0.057250 206.563948
0.057375 175.359579
0.057500 161.154120
0.057625 165.510404
0.057750 184.748322
0.057875 213.974750
0.058000 257.464692
0.058125 297.956552
0.058250 330.258215
0.058375 354.783186
0.058500 372.374574
0.058625 382.506051
0.058750 387.269157
0.058875 388.367698
0.059000 387.343358
0.059125 385.748930
0.059250 383.880521
0.059375 382.330031
0.059500 381.644988
0.059625 382.010740
0.059750 383.457391
0.059875 385.797680
0.060000 387.895608
0.060125 388.552071
0.060250 386.194136
0.060375 378.913350
0.060500 364.981357
0.060625 342.570262
0.060750 312.410696
0.060875 276.405299
0.061000 235.410227
0.061125 197.669545
0.061250 172.529942
0.061375 165.610876
0.061500 174.493095
0.061625 194.952447
0.061750 225.196135
0.061875 266.684125
0.062000 303.868180
0.062125 332.995809
0.062250 354.603229
0.062375 369.906162
