0.000000 0.000000
0.000125 41.254024
0.000250 70.510488
0.000375 97.629142
0.000500 121.594422
0.000625 142.113330
0.000750 159.092680
0.000875 172.719295
0.001000 182.851396
0.001125 190.108330
0.001250 195.544680
0.001375 199.325199
0.001500 201.595109
0.001625 202.522968
0.001750 202.944364
0.001875 203.401857
0.002000 204.099518
0.002125 205.009135
0.002250 206.090699
0.002375 207.326398
0.002500 208.793864
0.002625 210.180100
0.002750 210.630308
0.002875 209.518717
0.003000 206.952426
0.003125 202.572956
0.003250 196.201973
0.003375 186.436793
0.003500 173.373209
0.003625 156.882481
0.003750 137.013090
0.003875 113.880947
0.004000 88.233866
0.004125 61.943158
0.004250 57.823335
0.004375 84.850806
0.004500 112.700216
0.004625 138.172342
0.004750 160.451727
0.004875 179.213767
0.005000 194.550320
0.005125 206.564624
0.005250 215.088555
0.005375 221.368396
0.005500 225.637449
0.005625 228.488709
0.005750 229.782788
0.005875 230.071526
0.006000 229.941666
0.006125 229.918869
0.006250 230.065516
0.006375 230.467267
0.006500 231.093387
0.006625 231.858694
0.006750 232.696746
0.006875 233.110489
0.007000 232.308610
0.007125 230.032378
0.007250 226.181778
0.007375 220.466849
0.007500 212.253384
0.007625 200.684641
0.007750 185.872564
0.007875 167.705651
0.008000 146.140120
0.008125 121.598820
0.008250 95.343855
0.008375 73.945469
0.008500 84.319078
0.008625 109.930739
0.008750 135.690834
0.008875 158.731300
0.009000 178.625342
0.009125 194.998455
0.009250 208.070420
0.009375 217.783098
0.009500 224.272484
0.009625 228.919405
0.009750 231.687500
0.009875 233.052065
0.010000 233.050283
0.010125 232.278002
0.010250 231.341890
0.010375 230.464943
0.010500 229.853452
0.010625 229.426160
0.010750 229.213152
0.010875 229.210366
0.011000 229.001758
0.011125 228.117004
0.011250 225.853956
0.011375 222.180686
0.011500 216.669334
0.011625 209.143625
0.011750 198.732554
0.011875 184.975809
0.012000 167.924737
0.012125 147.414543
0.012250 123.626727
0.012375 97.076510
0.012500 69.850232
0.012625 58.890465
0.012750 77.224010
0.012875 102.401422
0.013000 126.728840
0.013125 148.107657
0.013250 166.171260
0.013375 180.761391
0.013500 191.974599
0.013625 199.785392
0.013750 205.020101
0.013875 208.229475
0.014000 209.873188
0.014125 209.973718
0.014250 209.038243
0.014375 207.563892
0.014500 206.098437
0.014625 204.820424
0.014750 203.743894
0.014875 202.844078
0.015000 202.200540
0.015125 201.730779
0.015250 201.012024
0.015375 199.353827
0.015500 196.286068
0.015625 191.720588
0.015750 185.312952
0.015875 176.623211
0.016000 164.878138
0.016125 149.833754
0.016250 131.422807
0.016375 109.759635
0.016500 84.728040
0.016625 57.399135
0.016750 33.261913
0.016875 38.362325
0.017000 62.059391
0.017125 88.416749
0.017250 113.550671
0.017375 135.472320
0.017500 153.936521
0.017625 168.928527
0.017750 180.573547
0.017875 188.963515
0.018000 195.157014
0.018125 199.568755
0.018250 202.324519
0.018375 203.804746
0.018500 204.469646
0.018625 204.871809
0.018750 205.398228
0.018875 205.970890
0.019000 206.847344
0.019125 207.898475
0.019250 209.138770
0.019375 210.449601
0.019500 211.160444
0.019625 210.685593
0.019750 208.820105
0.019875 205.376237
0.020000 199.801647
0.020125 191.579152
0.020250 180.219239
0.020375 165.513747
0.020500 147.469338
0.020625 126.136275
0.020750 102.108116
0.020875 78.089888
0.021000 67.131867
0.021125 80.779208
0.021250 103.927118
0.021375 128.528747
0.021500 151.744600
0.021625 171.848247
0.021750 188.616249
0.021875 201.996656
0.022000 212.061986
0.022125 219.321011
0.022250 224.476035
0.022375 227.898932
0.022500 229.762945
0.022625 230.540708
0.022750 230.638718
0.022875 230.586618
0.023000 230.548739
0.023125 230.681534
0.023250 231.062824
0.023375 231.656640
0.023500 232.414414
0.023625 232.925768
0.023750 232.538229
0.023875 230.918321
0.024000 227.876657
0.024125 223.046883
0.024250 215.882615
0.024375 205.842721
0.024500 192.703222
0.024625 176.167381
0.024750 156.312154
0.024875 133.507527
0.025000 109.167036
0.025125 89.099725
0.025250 88.606832
0.025375 105.039506
0.025500 126.612092
0.025625 148.734947
0.025750 169.362296
0.025875 187.125115
0.026000 201.579105
0.026125 212.672155
0.026250 220.678289
0.026375 226.279362
0.026500 229.889242
0.026625 231.830069
0.026750 232.418801
0.026875 232.102585
0.027000 231.320804
0.027125 230.426755
0.027250 229.640064
0.027375 229.038759
0.027500 228.717637
0.027625 228.555473
0.027750 228.333711
0.027875 227.706908
0.028000 225.993848
0.028125 223.006618
0.028250 218.412196
0.028375 211.820767
0.028500 202.588863
0.028625 190.374467
0.028750 174.910795
0.028875 156.098265
0.029000 133.961574
0.029125 109.334927
0.029250 84.941001
0.029375 71.181277
0.029500 78.173679
0.029625 96.463025
0.029750 117.228370
0.029875 137.734759
0.030000 156.590198
0.030125 172.567970
0.030250 185.234963
0.030375 194.646897
0.030500 201.198865
0.030625 205.482640
0.030750 207.884564
0.030875 208.733901
0.031000 208.329453
0.031125 207.311209
0.031250 206.053750
0.031375 204.824878
0.031500 203.677175
0.031625 202.760952
0.031750 202.111659
0.031875 201.684173
0.032000 201.127772
0.032125 199.913987
0.032250 197.593037
0.032375 193.953216
0.032500 188.574840
0.032625 180.993581
0.032750 170.567793
0.032875 157.092515
0.033000 140.439078
0.033125 120.476380
0.033250 97.252278
0.033375 72.833440
0.033500 51.845460
0.033625 48.760099
0.033750 62.600743
0.033875 83.763504
0.034000 105.789635
0.034125 126.853129
0.034250 145.918991
0.034375 162.325776
0.034500 175.448486
0.034625 185.413758
0.034750 192.802624
0.034875 198.195780
0.035000 201.796550
0.035125 203.922421
0.035250 205.072921
0.035375 205.853765
0.035500 206.511722
0.035625 207.203349
0.035750 207.984803
0.035875 208.944915
0.036000 210.204049
0.036125 211.507649
0.036250 212.367892
0.036375 212.333346
0.036500 211.085975
0.036625 208.256658
0.036750 203.548504
0.036875 196.312258
0.037000 186.197534
0.037125 172.898870
0.037250 156.376593
0.037375 136.694954
0.037500 114.769425
0.037625 93.406239
0.037750 81.179705
0.037875 86.496934
0.038000 102.870614
0.038125 123.212317
0.038250 143.741587
0.038375 162.979875
0.038500 180.208383
0.038625 194.928943
0.038750 206.480327
0.038875 215.104082
0.039000 221.451157
0.039125 225.880071
0.039250 228.585647
0.039375 230.097487
0.039500 230.722473
0.039625 231.057902
0.039750 231.245768
0.039875 231.489035
0.040000 231.871797
0.040125 232.416934
0.040250 233.133887
0.040375 233.599091
0.040500 233.438642
0.040625 232.220205
0.040750 229.624269
0.040875 225.452288
0.041000 219.101975
0.041125 210.170141
0.041250 198.185425
0.041375 183.031028
0.041500 164.754491
0.041625 143.843065
0.041750 121.835429
0.041875 103.218154
0.042000 98.250901
0.042125 107.402757
0.042250 124.088810
0.042375 142.738998
0.042500 161.091924
0.042625 178.003011
0.042750 192.817987
0.042875 205.351154
0.043000 214.830658
0.043125 221.783255
0.043250 226.518825
0.043375 229.529819
0.043500 230.982259
0.043625 231.361576
0.043750 231.102873
0.043875 230.594917
0.044000 230.059830
0.044125 229.574392
0.044250 229.218068
0.044375 229.008909
0.044500 228.739093
0.044625 228.111829
0.044750 226.682024
0.044875 224.007145
0.045000 219.920769
0.045125 213.977492
0.045250 205.674296
0.045375 194.554904
0.045500 180.356716
0.045625 162.966211
0.045750 142.575393
0.045875 120.093543
0.046000 97.923975
0.046125 83.685068
0.046250 84.616574
0.046375 96.212506
0.046500 113.510638
0.046625 131.167085
0.046750 148.119870
0.046875 163.355745
0.047000 176.401745
0.047125 187.328627
0.047250 195.344892
0.047375 201.068359
0.047500 204.709227
0.047625 206.660591
0.047750 207.226288
0.047875 206.974498
0.048000 206.258188
0.048125 205.381040
0.048250 204.589040
0.048375 203.792948
0.048500 203.118101
0.048625 202.676845
0.048750 202.120424
0.048875 201.058044
0.049000 198.970297
0.049125 195.722859
0.049250 190.963866
0.049375 184.141297
0.049500 174.775071
0.049625 162.674757
0.049750 147.447234
0.049875 128.983596
0.050000 107.963334
0.050125 86.020124
0.050250 66.881613
0.050375 60.265361
0.050500 68.003657
0.050625 83.619873
0.050750 102.830954
0.050875 121.528505
0.051000 139.133805
0.051125 154.875500
0.051250 168.434716
0.051375 179.852205
0.051500 188.781962
0.051625 195.485996
0.051750 200.325401
0.051875 203.529125
0.052000 205.614233
0.052125 207.005209
0.052250 208.087941
0.052375 209.052137
0.052500 209.987300
0.052625 210.985748
0.052750 212.083935
0.052875 213.264230
0.053000 214.045796
0.053125 214.114751
0.053250 213.037839
0.053375 210.580641
0.053500 206.368293
0.053625 199.959360
0.053750 190.878998
0.053875 178.791382
0.054000 163.662252
0.054125 145.670510
0.054250 125.821081
0.054375 106.173094
0.054500 93.823536
0.054625 94.445398
0.054750 105.276983
0.054875 121.885822
0.055000 140.103532
0.055125 157.384690
0.055250 173.475110
0.055375 187.624535
0.055500 199.561855
0.055625 209.549801
0.055750 217.316840
0.055875 223.005425
0.056000 226.937032
0.056125 229.372213
0.056250 230.846013
0.056375 231.680226
0.056500 232.258687
0.056625 232.690185
0.056750 233.170826
0.056875 233.723588
0.057000 234.272769
0.057125 234.601466
0.057250 234.448670
0.057375 233.357245
0.057500 231.046032
0.057625 227.236912
0.057750 221.524972
0.057875 213.404381
0.058000 202.456906
0.058125 188.613099
0.058250 171.851383
0.058375 152.703721
0.058500 132.370902
0.058625 114.954026
0.058750 107.792327
0.058875 112.313621
0.059000 124.120813
0.059125 140.252496
0.059250 156.697574
0.059375 172.060617
0.059500 186.078274
0.059625 198.141380
0.059750 208.029534
0.059875 216.188752
0.060000 222.418945
0.060125 226.581883
0.060250 229.244800
0.060375 230.485188
0.060500 230.942330
0.060625 230.878914
0.060750 230.671602
0.060875 230.297590
0.061000 229.966550
0.061125 229.679378
0.061250 229.299684
0.061375 228.617213
0.061500 227.198200
0.061625 224.708888
0.061750 220.929446
0.061875 215.465026
0.062000 207.869101
0.062125 197.712067
0.062250 184.697887
0.062375 168.683188
