0.000000 0.000000
0.000125 48.536050
0.000250 85.102298
0.000375 118.269487
0.000500 146.778273
0.000625 170.261075
0.000750 188.763977
0.000875 202.798640
0.001000 212.293029
0.001125 218.549140
0.001250 222.383087
0.001375 224.259426
0.001500 224.235527
0.001625 223.833557
0.001750 223.958417
0.001875 224.317197
0.002000 225.185372
0.002125 226.643319
0.002250 228.327436
0.002375 230.328895
0.002500 232.590990
0.002625 233.591437
0.002750 232.542302
0.002875 229.148531
0.003000 223.300228
0.003125 213.200891
0.003250 198.544576
0.003375 179.129375
0.003500 154.526982
0.003625 125.102747
0.003750 91.915474
0.003875 58.025251
0.004000 61.222822
0.004125 96.320155
0.004250 130.825769
0.004375 161.552030
0.004500 187.540477
0.004625 208.388789
0.004750 224.544106
0.004875 236.211608
0.005000 243.681687
0.005125 248.705670
0.005250 251.334262
0.005375 251.803934
0.005500 251.069314
0.005625 250.183418
0.005750 249.690914
0.005875 249.776622
0.006000 250.543132
0.006125 251.751321
0.006250 253.377404
0.006375 255.039117
0.006500 256.221886
0.006625 255.424031
0.006750 252.696118
0.006875 247.557831
0.007000 239.033696
0.007125 226.008160
0.007250 208.430761
0.007375 185.779890
0.007500 158.222323
0.007625 126.480270
0.007750 92.764137
0.007875 73.816854
0.008000 97.658012
0.008125 130.646506
0.008250 161.671162
0.008375 188.747084
0.008500 210.926295
0.008625 228.366532
0.008750 241.261929
0.008875 249.797059
0.009000 255.237462
0.009125 258.101963
0.009250 258.876639
0.009375 257.795655
0.009500 256.108848
0.009625 254.489822
0.009750 253.441117
0.009875 253.118572
0.010000 253.353070
0.010125 253.963443
0.010250 254.768888
0.010375 255.331106
0.010500 254.586467
0.010625 251.899491
0.010750 246.986298
0.010875 239.356919
0.011000 227.603790
0.011125 211.368672
0.011250 190.256405
0.011375 164.072910
0.011500 133.256412
0.011625 99.019443
0.011750 69.390135
0.011875 73.974816
0.012000 103.944256
0.012125 135.133345
0.012250 163.138170
0.012375 186.724548
0.012500 205.574928
0.012625 219.885076
0.012750 229.886004
0.012875 236.072029
0.013000 239.580798
0.013125 240.768206
0.013250 239.916650
0.013375 237.949248
0.013500 235.866699
0.013625 234.037650
0.013750 232.785377
0.013875 232.179135
0.014000 231.940262
0.014125 231.784301
0.014250 231.736934
0.014375 231.036347
0.014500 228.622886
0.014625 224.267209
0.014750 217.362411
0.014875 206.983855
0.015000 192.343636
0.015125 173.013344
0.015250 148.687051
0.015375 119.401071
0.015500 85.828425
0.015625 52.092065
0.015750 37.907670
0.015875 60.879786
0.016000 92.866301
0.016125 122.930008
0.016250 148.839646
0.016375 170.346963
0.016500 187.250471
0.016625 199.933234
0.016750 208.758709
0.016875 214.687502
0.017000 218.121949
0.017125 219.536124
0.017250 219.493365
0.017375 219.084704
0.017500 218.775518
0.017625 218.871370
0.017750 219.626194
0.017875 220.945756
0.018000 222.416158
0.018125 224.002099
0.018250 225.439307
0.018375 225.749532
0.018500 224.178452
0.018625 220.386332
0.018750 213.623969
0.018875 202.920725
0.019000 187.734408
0.019125 167.706940
0.019250 142.732691
0.019375 113.168500
0.019500 82.121150
0.019625 61.352105
0.019750 69.271332
0.019875 98.195472
0.020000 129.772269
0.020125 158.473431
0.020250 182.839757
0.020375 202.654695
0.020500 218.159090
0.020625 229.491910
0.020750 237.308408
0.020875 242.467269
0.021000 245.329436
0.021125 246.308332
0.021250 246.265162
0.021375 245.937326
0.021500 245.825090
0.021625 246.285666
0.021750 247.318774
0.021875 248.777180
0.022000 250.326489
0.022125 251.670916
0.022250 252.126892
0.022375 250.936893
0.022500 247.782686
0.022625 241.949993
0.022750 232.684224
0.022875 219.198398
0.023000 201.031625
0.023125 178.051896
0.023250 150.509456
0.023375 120.691750
0.023500 96.275861
0.023625 89.770790
0.023750 108.523252
0.023875 136.997233
0.024000 165.476345
0.024125 190.626948
0.024250 211.433724
0.024375 227.891266
0.024500 240.203826
0.024625 248.765133
0.024750 254.355909
0.024875 257.501277
0.025000 258.599975
0.025125 258.264851
0.025250 257.259295
0.025375 256.165734
0.025500 255.585679
0.025625 255.625709
0.025750 256.175652
0.025875 256.995661
0.026000 257.657292
0.026125 257.650684
0.026250 256.374138
0.026375 253.248670
0.026500 247.756132
0.026625 239.208436
0.026750 226.813160
0.026875 209.925882
0.027000 188.338202
0.027125 162.019775
0.027250 132.558207
0.027375 105.338365
0.027500 89.570864
0.027625 96.078036
0.027750 119.364684
0.027875 146.781839
0.028000 172.414174
0.028125 194.289451
0.028250 211.799620
0.028375 225.111508
0.028500 234.533618
0.028625 240.613140
0.028750 244.088035
0.028875 245.407303
0.029000 245.017250
0.029125 243.717239
0.029250 242.148888
0.029375 240.834388
0.029500 239.936684
0.029625 239.561688
0.029750 239.497030
0.029875 239.420204
0.030000 238.862728
0.030125 237.426091
0.030250 234.386508
0.030375 229.250028
0.030500 221.336572
0.030625 210.014510
0.030750 194.430635
0.030875 174.277903
0.031000 149.290025
0.031125 120.343741
0.031250 91.633400
0.031375 70.318793
0.031500 64.648896
0.031625 81.598814
0.031750 107.075551
0.031875 133.466339
0.032000 156.951960
0.032125 176.342190
0.032250 191.573000
0.032375 202.833268
0.032500 210.499685
0.032625 215.302483
0.032750 217.873376
0.032875 218.668874
0.033000 218.386426
0.033125 217.654214
0.033250 216.999345
0.033375 216.721511
0.033500 217.064865
0.033625 217.918027
0.033750 218.980879
0.033875 219.770843
0.034000 220.049120
0.034125 219.026058
0.034250 216.344051
0.034375 211.165771
0.034500 203.007528
0.034625 191.056173
0.034750 174.685190
0.034875 153.743299
0.035000 128.579945
0.035125 102.541062
0.035250 80.887395
0.035375 69.681015
0.035500 78.564475
0.035625 101.826239
0.035750 129.188520
0.035875 155.400791
0.036000 178.139432
0.036125 196.778195
0.036250 211.384072
0.036375 222.237865
0.036500 229.843801
0.036625 234.875039
0.036750 237.825791
0.036875 239.199257
0.037000 239.774750
0.037125 240.098800
0.037250 240.548544
0.037375 241.374470
0.037500 242.703665
0.037625 244.264378
0.037750 245.679302
0.037875 246.582304
0.038000 246.445420
0.038125 244.574775
0.038250 240.570286
0.038375 233.722290
0.038500 223.482154
0.038625 209.075780
0.038750 190.275806
0.038875 167.240192
0.039000 142.486209
0.039125 120.048302
0.039250 104.958260
0.039375 103.518811
0.039500 119.404350
0.039625 142.800927
0.039750 168.113802
0.039875 191.181759
0.040000 210.745384
0.040125 226.356271
0.040250 238.126845
0.040375 246.448386
0.040500 251.933880
0.040625 255.097248
0.040750 256.509750
0.040875 256.699873
0.041000 256.371822
0.041125 256.024200
0.041250 255.985639
0.041375 256.411519
0.041500 257.220716
0.041625 258.079633
0.041750 258.495565
0.041875 258.053052
0.042000 256.148273
0.042125 252.204415
0.042250 245.744721
0.042375 236.269683
0.042500 222.899294
0.042625 205.346470
0.042750 183.551091
0.042875 159.448385
0.043000 136.103961
0.043125 117.770579
0.043250 108.712073
0.043375 115.732243
0.043500 134.648005
0.043625 157.312168
0.043750 180.260219
0.043875 200.322623
0.044000 216.696174
0.044125 229.381529
0.044250 238.388994
0.044375 244.321202
0.044500 247.780931
0.044625 249.212557
0.044750 249.279363
0.044875 248.422187
0.045000 247.379861
0.045125 246.512974
0.045250 245.926463
0.045375 245.736953
0.045500 245.693646
0.045625 245.464175
0.045750 244.584896
0.045875 242.485122
0.046000 238.562363
0.046125 232.402768
0.046250 223.409768
0.046375 210.994240
0.046500 194.431206
0.046625 173.736315
0.046750 150.165675
0.046875 126.250885
0.047000 105.467883
0.047125 91.210808
0.047250 89.561627
0.047375 103.286143
0.047500 123.514837
0.047625 145.707421
0.047750 166.692807
0.047875 184.329093
0.048000 198.271096
0.048125 208.621822
0.048250 215.602705
0.048375 219.915649
0.048500 222.106868
0.048625 222.638003
0.048750 222.221016
0.048875 221.309321
0.049000 220.493797
0.049125 219.867141
0.049250 219.614870
0.049375 219.650054
0.049500 219.648637
0.049625 219.309899
0.049750 218.116691
0.049875 215.403475
0.050000 210.790695
0.050125 203.841809
0.050250 193.900287
0.050375 180.225289
0.050500 162.495259
0.050625 141.673009
0.050750 119.989635
0.050875 100.048649
0.051000 85.121775
0.051125 78.695515
0.051250 87.098020
0.051375 106.485340
0.051500 128.715188
0.051625 152.005650
0.051750 172.870309
0.051875 190.242411
0.052000 204.097990
0.052125 214.467368
0.052250 221.877844
0.052375 226.905223
0.052500 230.100971
0.052625 231.853183
0.052750 232.852689
0.052875 233.640307
0.053000 234.522728
0.053125 235.584612
0.053250 236.921207
0.053375 238.324294
0.053500 239.427714
0.053625 239.800116
0.053750 238.871531
0.053875 236.049143
0.054000 230.883902
0.054125 222.953404
0.054250 211.568785
0.054375 196.316607
0.054500 177.829742
0.054625 157.917765
0.054750 138.641702
0.054875 122.880221
0.055000 112.969913
0.055125 114.203371
0.055250 128.174295
0.055375 147.910770
0.055500 169.084690
0.055625 190.156967
0.055750 208.324687
0.055875 223.085046
0.056000 234.440186
0.056125 242.571088
0.056250 248.139553
0.056375 251.603540
0.056500 253.447551
0.056625 254.233128
0.056750 254.481188
0.056875 254.657574
0.057000 255.015192
0.057125 255.602413
0.057250 256.343373
0.057375 256.949919
0.057500 257.012038
0.057625 256.012152
0.057750 253.298531
0.057875 248.441884
0.058000 240.937574
0.058125 230.409679
0.058250 216.265509
0.058375 198.801345
0.058500 179.577320
0.058625 160.163350
0.058750 142.885840
0.058875 129.980767
0.059000 125.003849
0.059125 132.001540
0.059250 148.041458
0.059375 166.784603
0.059500 186.366825
0.059625 204.799970
0.059750 220.104074
0.059875 232.070856
0.060000 240.771337
0.060125 246.639879
0.060250 250.280305
0.060375 252.070241
0.060500 252.558453
0.060625 252.301571
0.060750 251.736494
0.060875 251.266185
0.061000 250.943336
0.061125 250.776789
0.061250 250.583072
0.061375 250.000290
0.061500 248.550481
0.061625 245.664075
0.061750 240.744988
0.061875 233.449839
0.062000 223.324602
0.062125 209.834610
0.062250 192.938418
0.062375 174.144020
