0.000000 0.000000
0.000125 59.224918
0.000250 107.577370
0.000375 144.835109
0.000500 170.039821
0.000625 184.528900
0.000750 189.986864
0.000875 188.740687
0.001000 185.733507
0.001125 181.643505
0.001250 173.218946
0.001375 164.931266
0.001500 167.512849
0.001625 186.897512
0.001750 204.394650
0.001875 213.196236
0.002000 213.359789
0.002125 209.543812
0.002250 205.977112
0.002375 206.025147
0.002500 206.759970
0.002625 206.197907
0.002750 205.291223
0.002875 207.808789
0.003000 213.305587
0.003125 216.583259
0.003250 213.629675
0.003375 202.189978
0.003500 186.228295
0.003625 175.403760
0.003750 175.770708
0.003875 181.443956
0.004000 187.084779
0.004125 192.317143
0.004250 195.847068
0.004375 196.039912
0.004500 189.251186
0.004625 173.425740
0.004750 147.323639
0.004875 112.883458
0.005000 82.390461
0.005125 78.855477
0.005250 103.185419
0.005375 134.199505
0.005500 162.769776
0.005625 184.058859
0.005750 196.699538
0.005875 201.135772
0.006000 200.821521
0.006125 197.769285
0.006250 191.527680
0.006375 184.406520
0.006500 182.809071
0.006625 191.491445
0.006750 204.642576
0.006875 214.775017
0.007000 219.872762
0.007125 220.846384
0.007250 219.456071
0.007375 217.801999
0.007500 216.911613
0.007625 215.950031
0.007750 215.161021
0.007875 216.225357
0.008000 219.774038
0.008125 222.994714
0.008250 222.789463
0.008375 217.849202
0.008500 209.698764
0.008625 201.227031
0.008750 196.929156
0.008875 197.445134
0.009000 199.330156
0.009125 201.501475
0.009250 203.219386
0.009375 203.255240
0.009500 199.066504
0.009625 188.613012
0.009750 171.427127
0.009875 151.300926
0.010000 132.607208
0.010125 121.061761
0.010250 127.690260
0.010375 144.310121
0.010500 159.773315
0.010625 175.075592
0.010750 187.709786
0.010875 196.230901
0.011000 201.302077
0.011125 202.949398
0.011250 202.017960
0.011375 199.939072
0.011500 198.725389
0.011625 201.063843
0.011750 207.904253
0.011875 215.080236
0.012000 220.080853
0.012125 223.781078
0.012250 225.567867
0.012375 225.988255
0.012500 225.925738
0.012625 226.003015
0.012750 226.317079
0.012875 227.174985
0.013000 228.998530
0.013125 230.731725
0.013250 230.696523
0.013375 228.325013
0.013500 223.846913
0.013625 218.146468
0.013750 213.142425
0.013875 211.331625
0.014000 211.319995
0.014125 210.642034
0.014250 209.334514
0.014375 207.492091
0.014500 203.565156
0.014625 196.076728
0.014750 185.771560
0.014875 174.173990
0.015000 162.100377
0.015125 151.252975
0.015250 148.493655
0.015375 157.922927
0.015500 170.565162
0.015625 180.356386
0.015750 187.196321
0.015875 193.128847
0.016000 198.186047
0.016125 200.563451
0.016250 202.577683
0.016375 205.320424
0.016500 207.788145
0.016625 210.073300
0.016750 214.267229
0.016875 220.668238
0.017000 226.033491
0.017125 229.217536
0.017250 230.856532
0.017375 231.773787
0.017500 232.910934
0.017625 234.398887
0.017750 235.901480
0.017875 236.559579
0.018000 236.881130
0.018125 237.218362
0.018250 237.178158
0.018375 236.055541
0.018500 233.483950
0.018625 229.261736
0.018750 224.288612
0.018875 220.817871
0.019000 220.246210
0.019125 220.753234
0.019250 219.467205
0.019375 215.670819
0.019500 210.557709
0.019625 204.842885
0.019750 198.193634
0.019875 190.717150
0.020000 182.430786
0.020125 173.411595
0.020250 168.167974
0.020375 169.176977
0.020500 180.130629
0.020625 191.415388
0.020750 198.854093
0.020875 202.926027
0.021000 204.000050
0.021125 205.355288
0.021250 208.664383
0.021375 211.415431
0.021500 212.789434
0.021625 213.220815
0.021750 215.269978
0.021875 220.292098
0.022000 226.786456
0.022125 231.659877
0.022250 234.150342
0.022375 234.989778
0.022500 235.422004
0.022625 236.470030
0.022750 238.216653
0.022875 239.668867
0.023000 240.030644
0.023125 239.289142
0.023250 238.407500
0.023375 237.626146
0.023500 236.062725
0.023625 233.173728
0.023750 229.142254
0.023875 225.508847
0.024000 223.031200
0.024125 222.692644
0.024250 222.000654
0.024375 220.201974
0.024500 216.825804
0.024625 211.690076
0.024750 206.858524
0.024875 201.172957
0.025000 195.280581
0.025125 188.036864
0.025250 181.622805
0.025375 179.704202
0.025500 182.526275
0.025625 193.028451
0.025750 202.769508
0.025875 208.469379
0.026000 211.106739
0.026125 211.761525
0.026250 211.053346
0.026375 211.173210
0.026500 213.561184
0.026625 215.467955
0.026750 216.507195
0.026875 218.142298
0.027000 221.390180
0.027125 226.246814
0.027250 230.182710
0.027375 232.792115
0.027500 233.938797
0.027625 234.528438
0.027750 235.204370
0.027875 236.324720
0.028000 237.160406
0.028125 237.356419
0.028250 237.247471
0.028375 237.387529
0.028500 237.077011
0.028625 235.520099
0.028750 232.491910
0.028875 229.020345
0.029000 225.407924
0.029125 222.424299
0.029250 221.807351
0.029375 221.664863
0.029500 219.539774
0.029625 216.560429
0.029750 213.621477
0.029875 210.166866
0.030000 205.224538
0.030125 198.122589
0.030250 190.695223
0.030375 187.292398
0.030500 185.898435
0.030625 190.203171
0.030750 200.401389
0.030875 209.120824
0.031000 213.584732
0.031125 215.748229
0.031250 216.322817
0.031375 215.785789
0.031500 213.353973
0.031625 211.499578
0.031750 212.336601
0.031875 215.715889
0.032000 219.232323
0.032125 223.931721
0.032250 228.030018
0.032375 229.835874
0.032500 230.174751
0.032625 230.248537
0.032750 231.054274
0.032875 231.863444
0.033000 232.309644
0.033125 233.223387
0.033250 234.879387
0.033375 236.720479
0.033500 237.984177
0.033625 237.707380
0.033750 235.182893
0.033875 230.766727
0.034000 225.937662
0.034125 221.710739
0.034250 219.393638
0.034375 218.313829
0.034500 217.646260
0.034625 217.262737
0.034750 216.422575
0.034875 214.918835
0.035000 212.139532
0.035125 206.330144
0.035250 198.211172
0.035375 191.950055
0.035500 188.613414
0.035625 187.270696
0.035750 193.381774
0.035875 203.203795
0.036000 211.211881
0.036125 216.069302
0.036250 218.553223
0.036375 218.743500
0.036500 217.559294
0.036625 215.098455
0.036750 212.135640
0.036875 211.177246
0.037000 213.483655
0.037125 218.665684
0.037250 224.570657
0.037375 229.219428
0.037500 231.385846
0.037625 230.849186
0.037750 228.751826
0.037875 226.290302
0.038000 225.227439
0.038125 226.253939
0.038250 228.438605
0.038375 230.590884
0.038500 232.681683
0.038625 234.128550
0.038750 233.162494
0.038875 230.104989
0.039000 226.436522
0.039125 221.917793
0.039250 216.479558
0.039375 213.080786
0.039500 212.757375
0.039625 214.230663
0.039750 215.003464
0.039875 214.726770
0.040000 213.269064
0.040125 209.791583
0.040250 203.645463
0.040375 197.771134
0.040500 194.099161
0.040625 190.131750
0.040750 189.065895
0.040875 195.920688
0.041000 206.044935
0.041125 214.532256
0.041250 219.573747
0.041375 221.630104
0.041500 221.054297
0.041625 218.710483
0.041750 216.728255
0.041875 215.088126
0.042000 212.947552
0.042125 211.490469
0.042250 213.591796
0.042375 219.502942
0.042500 225.502835
0.042625 228.916819
0.042750 229.244015
0.042875 227.375395
0.043000 224.875954
0.043125 223.305311
0.043250 222.995111
0.043375 223.311379
0.043500 223.616025
0.043625 223.770857
0.043750 223.907863
0.043875 223.901007
0.044000 223.499345
0.044125 220.972265
0.044250 216.005330
0.044375 211.335707
0.044500 210.619452
0.044625 212.457374
0.044750 214.268311
0.044875 215.458810
0.045000 214.898689
0.045125 212.513642
0.045250 207.726824
0.045375 203.042005
0.045500 200.284274
0.045625 197.065600
0.045750 192.595407
0.045875 192.468661
0.046000 199.789216
0.046125 208.944556
0.046250 216.284043
0.046375 220.628619
0.046500 221.851294
0.046625 221.479574
0.046750 219.147915
0.046875 217.469616
0.047000 216.440606
0.047125 214.312682
0.047250 211.602128
0.047375 211.437458
0.047500 214.403908
0.047625 219.069067
0.047750 222.933290
0.047875 224.350864
0.048000 224.150279
0.048125 223.431478
0.048250 222.751399
0.048375 222.154848
0.048500 220.742871
0.048625 218.735745
0.048750 217.272958
0.048875 216.503725
0.049000 216.066051
0.049125 215.419053
0.049250 213.500605
0.049375 210.850306
0.049500 209.923607
0.049625 211.085825
0.049750 213.077277
0.049875 214.472721
0.050000 214.133438
0.050125 212.232092
0.050250 208.601163
0.050375 204.076109
0.050500 200.908784
0.050625 199.029746
0.050750 196.084573
0.050875 193.533675
0.051000 195.703753
0.051125 202.568467
0.051250 209.601715
0.051375 215.006129
0.051500 218.210384
0.051625 218.911195
0.051750 217.980428
0.051875 216.040015
0.052000 214.597574
0.052125 214.530892
0.052250 214.189527
0.052375 213.510197
0.052500 213.339210
0.052625 213.873551
0.052750 215.402633
0.052875 217.737990
0.053000 220.221010
0.053125 221.469042
0.053250 221.675508
0.053375 221.385644
0.053500 220.674100
0.053625 219.802147
0.053750 218.247238
0.053875 215.549982
0.054000 211.991259
0.054125 208.782446
0.054250 206.176434
0.054375 204.791965
0.054500 205.007241
0.054625 206.602298
0.054750 209.245459
0.054875 211.250583
0.055000 211.486805
0.055125 210.615108
0.055250 207.760244
0.055375 203.561381
0.055500 199.951278
0.055625 197.669123
0.055750 195.576428
0.055875 192.869006
0.056000 192.048624
0.056125 196.253176
0.056250 203.240626
0.056375 209.417908
0.056500 213.949065
0.056625 216.174029
0.056750 216.130703
0.056875 215.226762
0.057000 215.051366
0.057125 214.916647
0.057250 215.206872
0.057375 215.351693
0.057500 215.773022
0.057625 216.158021
0.057750 216.044052
0.057875 215.379712
0.058000 214.794766
0.058125 214.584024
0.058250 215.524368
0.058375 216.992933
0.058500 218.656293
0.058625 219.227647
0.058750 218.301843
0.058875 215.857671
0.059000 212.594122
0.059125 209.494062
0.059250 206.325685
0.059375 203.348836
0.059500 201.202539
0.059625 200.370553
0.059750 202.064532
0.059875 205.252994
0.060000 207.498498
0.060125 208.570473
0.060250 207.694679
0.060375 204.949323
0.060500 202.576843
0.060625 201.312477
0.060750 200.207993
0.060875 197.950040
0.061000 194.794312
0.061125 194.820010
0.061250 199.931116
0.061375 207.313498
0.061500 213.131877
0.061625 216.800447
0.061750 218.115557
0.061875 217.821877
0.062000 217.196316
0.062125 217.821645
0.062250 217.956471
0.062375 217.340660
