0.000000 0.000000
0.000125 20.352871
0.000250 32.247591
0.000375 43.243329
0.000500 52.667992
0.000625 60.214579
0.000750 65.990502
0.000875 70.210883
0.001000 73.403955
0.001125 75.861708
0.001250 78.759310
0.001375 82.811428
0.001500 87.755088
0.001625 93.356400
0.001750 99.100381
0.001875 104.440944
0.002000 109.159673
0.002125 113.220848
0.002250 116.669001
0.002375 119.386543
0.002500 121.362216
0.002625 122.891968
0.002750 123.739057
0.002875 123.912232
0.003000 123.514909
0.003125 122.557495
0.003250 120.994491
0.003375 118.691088
0.003500 115.761816
0.003625 112.252168
0.003750 108.311119
0.003875 104.400143
0.004000 101.001757
0.004125 98.565496
0.004250 96.991365
0.004375 96.010229
0.004500 94.735660
0.004625 92.450968
0.004750 88.972588
0.004875 83.941384
0.005000 77.297665
0.005125 69.577866
0.005250 62.234774
0.005375 58.451605
0.005500 60.757086
0.005625 67.832988
0.005750 76.601639
0.005875 84.786676
0.006000 91.753107
0.006125 97.137106
0.006250 100.866859
0.006375 103.413826
0.006500 105.393319
0.006625 107.249557
0.006750 109.893881
0.006875 113.628134
0.007000 118.184398
0.007125 122.987521
0.007250 127.577198
0.007375 131.588279
0.007500 135.006177
0.007625 137.885422
0.007750 139.960263
0.007875 141.303225
0.008000 142.137571
0.008125 142.486534
0.008250 142.213387
0.008375 141.386625
0.008500 139.998744
0.008625 138.067729
0.008750 135.493621
0.008875 132.225806
0.009000 128.396256
0.009125 124.242400
0.009250 120.004470
0.009375 116.003918
0.009500 112.603436
0.009625 109.823327
0.009750 107.488296
0.009875 105.027552
0.010000 101.890180
0.010125 97.631667
0.010250 92.165382
0.010375 85.523905
0.010500 78.195012
0.010625 71.507943
0.010750 66.916658
0.010875 65.713613
0.011000 68.380762
0.011125 73.818277
0.011250 80.179415
0.011375 85.927605
0.011500 90.478774
0.011625 93.658126
0.011750 95.782858
0.011875 97.264875
0.012000 98.617743
0.012125 100.354176
0.012250 102.829285
0.012375 106.077125
0.012500 109.662078
0.012625 113.244759
0.012750 116.506758
0.012875 119.276546
0.013000 121.471799
0.013125 123.074304
0.013250 124.039696
0.013375 124.382775
0.013500 124.165549
0.013625 123.370209
0.013750 122.031796
0.013875 120.051785
0.014000 117.479962
0.014125 114.302750
0.014250 110.622619
0.014375 106.453383
0.014500 101.954607
0.014625 97.323998
0.014750 92.742085
0.014875 88.351887
0.015000 84.216547
0.015125 80.258779
0.015250 76.266347
0.015375 71.938482
0.015500 67.059068
0.015625 61.372834
0.015750 54.809698
0.015875 48.072503
0.016000 41.512076
0.016125 36.060354
0.016250 33.398567
0.016375 33.558640
0.016500 37.058760
0.016625 43.685437
0.016750 50.852581
0.016875 57.199171
0.017000 62.289177
0.017125 66.400814
0.017250 69.879970
0.017375 73.115054
0.017500 76.551263
0.017625 80.382536
0.017750 84.712548
0.017875 89.298189
0.018000 94.021793
0.018125 98.639075
0.018250 102.938075
0.018375 106.834207
0.018500 110.125097
0.018625 112.908422
0.018750 115.092220
0.018875 116.682047
0.019000 117.744953
0.019125 118.244793
0.019250 118.134874
0.019375 117.449035
0.019500 116.290432
0.019625 114.631378
0.019750 112.542249
0.019875 110.095423
0.020000 107.466864
0.020125 104.714377
0.020250 101.913914
0.020375 99.191396
0.020500 96.547733
0.020625 93.887372
0.020750 91.215139
0.020875 88.334976
0.021000 85.111979
0.021125 81.663658
0.021250 78.170996
0.021375 74.816392
0.021500 72.198609
0.021625 70.893886
0.021750 71.157074
0.021875 73.004262
0.022000 76.497322
0.022125 81.506381
0.022250 87.011128
0.022375 92.089776
0.022500 96.538137
0.022625 100.227753
0.022750 103.398778
0.022875 106.437135
0.023000 109.532266
0.023125 112.748683
0.023250 116.189616
0.023375 119.810923
0.023500 123.483866
0.023625 127.063606
0.023750 130.298378
0.023875 133.121141
0.024000 135.359428
0.024125 137.049398
0.024250 138.132263
0.024375 138.706345
0.024500 138.749516
0.024625 138.298329
0.024750 137.304055
0.024875 135.774107
0.025000 133.831531
0.025125 131.480499
0.025250 128.771180
0.025375 125.716516
0.025500 122.432219
0.025625 119.057707
0.025750 115.645540
0.025875 112.199879
0.026000 108.642814
0.026125 105.060767
0.026250 101.464704
0.026375 97.983899
0.026500 94.505950
0.026625 90.925305
0.026750 87.423355
0.026875 84.193069
0.027000 81.753126
0.027125 80.226787
0.027250 79.673778
0.027375 80.263313
0.027500 82.283646
0.027625 85.444892
0.027750 89.145959
0.027875 92.866896
0.028000 96.122600
0.028125 98.846650
0.028250 101.153666
0.028375 103.285935
0.028500 105.327911
0.028625 107.403065
0.028750 109.651824
0.028875 112.073315
0.029000 114.503523
0.029125 116.854725
0.029250 118.970796
0.029375 120.610834
0.029500 121.770667
0.029625 122.397733
0.029750 122.471650
0.029875 121.951504
0.030000 120.937939
0.030125 119.384590
0.030250 117.328119
0.030375 114.829237
0.030500 111.931581
0.030625 108.654137
0.030750 105.029309
0.030875 101.102425
0.031000 96.952103
0.031125 92.772605
0.031250 88.430682
0.031375 83.801420
0.031500 79.054658
0.031625 74.534163
0.031750 70.265002
0.031875 66.098597
0.032000 61.870176
0.032125 58.043661
0.032250 54.249295
0.032375 51.541705
0.032500 49.599169
0.032625 48.441365
0.032750 47.629431
0.032875 47.910355
0.033000 50.667787
0.033125 54.692278
0.033250 59.373949
0.033375 64.225873
0.033500 68.624947
0.033625 72.566760
0.033750 76.109277
0.033875 79.454940
0.034000 82.683351
0.034125 85.926445
0.034250 89.291555
0.034375 92.698911
0.034500 96.193935
0.034625 99.603578
0.034750 102.758410
0.034875 105.561922
0.035000 107.885547
0.035125 109.681237
0.035250 110.928174
0.035375 111.603989
0.035500 111.810503
0.035625 111.566522
0.035750 110.848660
0.035875 109.720862
0.036000 108.251807
0.036125 106.412070
0.036250 104.423936
0.036375 102.262418
0.036500 99.873757
0.036625 97.210799
0.036750 94.359713
0.036875 91.641982
0.037000 89.246682
0.037125 86.954164
0.037250 84.802070
0.037375 82.870660
0.037500 81.234769
0.037625 79.853493
0.037750 79.056946
0.037875 78.830229
0.038000 79.001788
0.038125 79.438209
0.038250 80.317767
0.038375 82.115751
0.038500 85.022972
0.038625 88.851652
0.038750 93.132267
0.038875 97.570990
0.039000 101.711617
0.039125 105.460735
0.039250 108.835395
0.039375 111.912539
0.039500 114.703139
0.039625 117.395337
0.039750 120.062878
0.039875 122.757038
0.040000 125.407003
0.040125 127.824207
0.040250 129.942334
0.040375 131.707509
0.040500 132.984368
0.040625 133.740644
0.040750 133.927681
0.040875 133.683711
0.041000 133.089844
0.041125 132.051851
0.041250 130.581343
0.041375 128.802756
0.041500 126.820252
0.041625 124.586455
0.041750 122.016907
0.041875 119.117342
0.042000 116.055950
0.042125 112.974941
0.042250 110.038288
0.042375 107.072230
0.042500 104.080055
0.042625 101.276254
0.042750 98.783452
0.042875 96.534681
0.043000 94.443124
0.043125 92.864247
0.043250 91.728454
0.043375 90.848015
0.043500 90.149404
0.043625 89.568138
0.043750 89.392452
0.043875 90.015890
0.044000 91.655901
0.044125 93.943156
0.044250 96.789001
0.044375 99.853733
0.044500 102.842314
0.044625 105.531120
0.044750 107.822147
0.044875 109.735920
0.045000 111.384512
0.045125 112.914807
0.045250 114.374263
0.045375 115.773602
0.045500 117.073551
0.045625 118.148793
0.045750 118.919502
0.045875 119.356175
0.046000 119.417875
0.046125 119.025258
0.046250 118.217835
0.046375 117.027187
0.046500 115.428017
0.046625 113.413552
0.046750 111.142420
0.046875 108.478250
0.047000 105.378577
0.047125 101.908285
0.047250 98.230676
0.047375 94.562554
0.047500 91.206555
0.047625 87.830352
0.047750 84.034704
0.047875 80.170446
0.048000 76.413887
0.048125 73.048673
0.048250 69.763262
0.048375 66.612042
0.048500 64.368309
0.048625 62.793510
0.048750 61.643633
0.048875 60.956933
0.049000 60.131408
0.049125 59.228993
0.049250 58.552095
0.049375 59.259396
0.049500 61.367615
0.049625 64.179176
0.049750 67.554065
0.049875 71.433698
0.050000 75.219897
0.050125 78.709806
0.050250 81.854567
0.050375 84.584917
0.050500 87.124619
0.050625 89.526839
0.050750 91.846099
0.050875 94.015245
0.051000 96.158899
0.051125 98.124135
0.051250 99.890113
0.051375 101.453259
0.051500 102.755139
0.051625 103.712826
0.051750 104.210137
0.051875 104.395914
0.052000 104.310591
0.052125 103.714502
0.052250 102.708066
0.052375 101.261947
0.052500 99.484664
0.052625 97.827656
0.052750 96.564486
0.052875 95.362027
0.053000 93.775900
0.053125 91.835921
0.053250 89.825955
0.053375 87.983553
0.053500 86.379418
0.053625 84.714698
0.053750 83.322162
0.053875 82.710516
0.054000 82.817137
0.054125 83.345182
0.054250 84.140635
0.054375 84.985607
0.054500 85.573643
0.054625 86.112548
0.054750 87.048920
0.054875 88.834593
0.055000 91.396569
0.055125 94.527949
0.055250 98.073031
0.055375 101.943861
0.055500 105.740305
0.055625 109.205362
0.055750 112.224957
0.055875 114.831144
0.056000 117.123880
0.056125 119.158476
0.056250 121.022155
0.056375 122.775294
0.056500 124.418191
0.056625 125.928271
0.056750 127.260851
0.056875 128.284436
0.057000 128.909014
0.057125 129.159325
0.057250 128.979609
0.057375 128.407793
0.057500 127.384883
0.057625 125.922990
0.057750 124.120495
0.057875 122.316693
0.058000 120.743684
0.058125 119.327087
0.058250 117.639455
0.058375 115.562737
0.058500 113.166364
0.058625 110.660428
0.058750 108.218097
0.058875 105.703328
0.059000 103.170146
0.059125 100.924505
0.059250 99.405535
0.059375 98.582331
0.059500 98.096915
0.059625 97.869133
0.059750 97.689431
0.059875 97.386414
0.060000 96.866705
0.060125 96.322925
0.060250 96.261271
0.060375 96.887109
0.060500 98.267387
0.060625 100.116466
0.060750 102.365962
0.060875 104.903879
0.061000 107.447944
0.061125 109.747971
0.061250 111.626938
0.061375 113.039321
0.061500 114.115264
0.061625 114.970688
0.061750 115.822410
0.061875 116.582175
0.062000 117.229417
0.062125 117.682287
0.062250 117.833258
0.062375 117.673631
