0.000000 0.000000
0.000125 20.347238
0.000250 30.455676
0.000375 39.813379
0.000500 47.865920
0.000625 54.551258
0.000750 60.005470
0.000875 64.479129
0.001000 67.589646
0.001125 69.114691
0.001250 70.017578
0.001375 71.631074
0.001500 74.811589
0.001625 78.691858
0.001750 82.765371
0.001875 86.843052
0.002000 90.691771
0.002125 94.231651
0.002250 97.410091
0.002375 100.080699
0.002500 101.808257
0.002625 102.869016
0.002750 103.356239
0.002875 103.399174
0.003000 102.673242
0.003125 101.165564
0.003250 99.140379
0.003375 96.771244
0.003500 94.175309
0.003625 91.444246
0.003750 88.707041
0.003875 86.363960
0.004000 84.935867
0.004125 84.529023
0.004250 84.260003
0.004375 83.188666
0.004500 80.750621
0.004625 77.090156
0.004750 72.446443
0.004875 66.593666
0.005000 59.710506
0.005125 52.405904
0.005250 46.766368
0.005375 46.019770
0.005500 51.213793
0.005625 59.100220
0.005750 67.031997
0.005875 74.169778
0.006000 80.039693
0.006125 84.634928
0.006250 88.265893
0.006375 90.577135
0.006500 91.683208
0.006625 92.635198
0.006750 94.289846
0.006875 96.856418
0.007000 100.193060
0.007125 103.715139
0.007250 107.206724
0.007375 110.352488
0.007500 113.209328
0.007625 115.640786
0.007750 117.360624
0.007875 118.174407
0.008000 118.442521
0.008125 118.162998
0.008250 117.315931
0.008375 115.798036
0.008500 113.580159
0.008625 110.885285
0.008750 107.911062
0.008875 104.752671
0.009000 101.506115
0.009125 98.488906
0.009250 95.899543
0.009375 94.014931
0.009500 92.547969
0.009625 91.065651
0.009750 88.845828
0.009875 85.461479
0.010000 80.906128
0.010125 75.356943
0.010250 68.854875
0.010375 61.916247
0.010500 55.848102
0.010625 51.770135
0.010750 51.300826
0.010875 55.111438
0.011000 61.497162
0.011125 68.207709
0.011250 74.162283
0.011375 78.997526
0.011500 82.561632
0.011625 85.103885
0.011750 86.719504
0.011875 87.540865
0.012000 88.205077
0.012125 89.421426
0.012250 91.434432
0.012375 94.033865
0.012500 96.850710
0.012625 99.571079
0.012750 101.989185
0.012875 103.898388
0.013000 105.364671
0.013125 106.221757
0.013250 106.276104
0.013375 105.637564
0.013500 104.466835
0.013625 102.661575
0.013750 100.262437
0.013875 97.395947
0.014000 94.193811
0.014125 90.716258
0.014250 87.095658
0.014375 83.560312
0.014500 80.166709
0.014625 76.930446
0.014750 74.031209
0.014875 71.379465
0.015000 68.662332
0.015125 65.291736
0.015250 60.963361
0.015375 55.516780
0.015500 49.217136
0.015625 42.949664
0.015750 37.131672
0.015875 31.820653
0.016000 28.169385
0.016125 27.987233
0.016250 31.899573
0.016375 38.758064
0.016500 45.777828
0.016625 51.835958
0.016750 57.101325
0.016875 61.509494
0.017000 64.947621
0.017125 67.609302
0.017250 69.467451
0.017375 71.293285
0.017500 73.491178
0.017625 76.400118
0.017750 79.790833
0.017875 83.402076
0.018000 86.905575
0.018125 90.073211
0.018250 93.000993
0.018375 95.406722
0.018500 97.180601
0.018625 98.239238
0.018750 98.664040
0.018875 98.512111
0.019000 97.856972
0.019125 96.815126
0.019250 95.320026
0.019375 93.495267
0.019500 91.524147
0.019625 89.564026
0.019750 87.423999
0.019875 85.257357
0.020000 83.129252
0.020125 81.155690
0.020250 79.273470
0.020375 77.284850
0.020500 74.857868
0.020625 71.696260
0.020750 68.123253
0.020875 64.561068
0.021000 60.985806
0.021125 57.503765
0.021250 54.626050
0.021375 53.315430
0.021500 54.290415
0.021625 57.795202
0.021750 63.186130
0.021875 69.323090
0.022000 75.127983
0.022125 80.253656
0.022250 84.491538
0.022375 87.902918
0.022500 90.565812
0.022625 92.718304
0.022750 94.673599
0.022875 96.805135
0.023000 99.365151
0.023125 102.283684
0.023250 105.329070
0.023375 108.253977
0.023500 110.898582
0.023625 113.089649
0.023750 114.683338
0.023875 115.678152
0.024000 116.017971
0.024125 115.783996
0.024250 115.005181
0.024375 113.834660
0.024500 112.270506
0.024625 110.452517
0.024750 108.379251
0.024875 106.040334
0.025000 103.425443
0.025125 100.575117
0.025250 97.616693
0.025375 94.701989
0.025500 91.901202
0.025625 89.037922
0.025750 86.119692
0.025875 83.113140
0.026000 80.158273
0.026125 77.137470
0.026250 73.875912
0.026375 70.387653
0.026500 66.934174
0.026625 64.104444
0.026750 62.517271
0.026875 62.652104
0.027000 64.569011
0.027125 68.135144
0.027250 72.652883
0.027375 77.340215
0.027500 81.580677
0.027625 85.136925
0.027750 87.972574
0.027875 90.105200
0.028000 91.844463
0.028125 93.318853
0.028250 94.844723
0.028375 96.578111
0.028500 98.587869
0.028625 100.675243
0.028750 102.652831
0.028875 104.358195
0.029000 105.579997
0.029125 106.294840
0.029250 106.490676
0.029375 106.102737
0.029500 105.154944
0.029625 103.749299
0.029750 101.930353
0.029875 99.880573
0.030000 97.515389
0.030125 94.821868
0.030250 91.695336
0.030375 88.237243
0.030500 84.560667
0.030625 80.716794
0.030750 76.850435
0.030875 72.907076
0.031000 69.022854
0.031125 65.489108
0.031250 62.469469
0.031375 59.565436
0.031500 56.441969
0.031625 52.956240
0.031750 49.060247
0.031875 45.295790
0.032000 42.204106
0.032125 40.515789
0.032250 40.302925
0.032375 41.809405
0.032500 44.897395
0.032625 49.516507
0.032750 54.490698
0.032875 59.122484
0.033000 63.154860
0.033125 66.386909
0.033250 68.889721
0.033375 71.199766
0.033500 73.529342
0.033625 75.742954
0.033750 78.068114
0.033875 80.475459
0.034000 83.044009
0.034125 85.494467
0.034250 87.716098
0.034375 89.548461
0.034500 91.025027
0.034625 92.078960
0.034750 92.654824
0.034875 92.843512
0.035000 92.696500
0.035125 92.253837
0.035250 91.448305
0.035375 90.253604
0.035500 88.653741
0.035625 86.622361
0.035750 84.318380
0.035875 81.775103
0.036000 79.013006
0.036125 76.273379
0.036250 73.838403
0.036375 71.916909
0.036500 70.540054
0.036625 69.342080
0.036750 68.055543
0.036875 66.604332
0.037000 64.729947
0.037125 62.699885
0.037250 60.827570
0.037375 59.477163
0.037500 59.106548
0.037625 59.931557
0.037750 62.061140
0.037875 65.395116
0.038000 69.756165
0.038125 74.736226
0.038250 79.521233
0.038375 83.844603
0.038500 87.579557
0.038625 90.732056
0.038750 93.444786
0.038875 95.834419
0.039000 98.023527
0.039125 100.151089
0.039250 102.263464
0.039375 104.397292
0.039500 106.489848
0.039625 108.329991
0.039750 109.868828
0.039875 111.049275
0.040000 111.837826
0.040125 112.170641
0.040250 112.130410
0.040375 111.636653
0.040500 110.708828
0.040625 109.358708
0.040750 107.555654
0.040875 105.364373
0.041000 102.767769
0.041125 99.861881
0.041250 96.765079
0.041375 93.754041
0.041500 91.049258
0.041625 88.835834
0.041750 86.939012
0.041875 85.123880
0.042000 83.453108
0.042125 81.796215
0.042250 79.781800
0.042375 77.514596
0.042500 75.101789
0.042625 72.943303
0.042750 71.343463
0.042875 70.528305
0.043000 70.619132
0.043125 71.753859
0.043250 73.893491
0.043375 76.949876
0.043500 80.584688
0.043625 84.279747
0.043750 87.619393
0.043875 90.538200
0.044000 92.988609
0.044125 95.021158
0.044250 96.731867
0.044375 98.176082
0.044500 99.444678
0.044625 100.668670
0.044750 101.942219
0.044875 103.110698
0.045000 104.115929
0.045125 104.884687
0.045250 105.346738
0.045375 105.457774
0.045500 105.198435
0.045625 104.504380
0.045750 103.277740
0.045875 101.519617
0.046000 99.343261
0.046125 96.721531
0.046250 93.649521
0.046375 90.140902
0.046500 86.506403
0.046625 82.930486
0.046750 79.722648
0.046875 76.932363
0.047000 74.401102
0.047125 71.896474
0.047250 69.531879
0.047375 67.357868
0.047500 64.869923
0.047625 62.090660
0.047750 59.183554
0.047875 56.241494
0.048000 53.620175
0.048125 51.683694
0.048250 50.644874
0.048375 50.212032
0.048500 50.777124
0.048625 52.302896
0.048750 54.997869
0.048875 58.481045
0.049000 62.196525
0.049125 65.593870
0.049250 68.625006
0.049375 71.227712
0.049500 73.418867
0.049625 75.249329
0.049750 76.712515
0.049875 78.005598
0.050000 79.368756
0.050125 81.025268
0.050250 82.769746
0.050375 84.350398
0.050500 85.697753
0.050625 86.890234
0.050750 87.764148
0.050875 88.180813
0.051000 88.188406
0.051125 87.630560
0.051250 86.652270
0.051375 85.283736
0.051500 83.503178
0.051625 81.421681
0.051750 79.255599
0.051875 77.251126
0.052000 75.583865
0.052125 74.245343
0.052250 73.107350
0.052375 71.972027
0.052500 71.002068
0.052625 70.064574
0.052750 68.958922
0.052875 67.614237
0.053000 66.238050
0.053125 64.893649
0.053250 63.671422
0.053375 62.860840
0.053500 62.664955
0.053625 63.085771
0.053750 63.989354
0.053875 65.686399
0.054000 68.103093
0.054125 71.192288
0.054250 74.883496
0.054375 78.853485
0.054500 82.659472
0.054625 86.112851
0.054750 89.258376
0.054875 91.935866
0.055000 94.299458
0.055125 96.326483
0.055250 98.199538
0.055375 99.938625
0.055500 101.622537
0.055625 103.264139
0.055750 104.806974
0.055875 106.193621
0.056000 107.223133
0.056125 107.915393
0.056250 108.160573
0.056375 107.877112
0.056500 107.113023
0.056625 105.903706
0.056750 104.236272
0.056875 102.247025
0.057000 100.261652
0.057125 98.382383
0.057250 96.674620
0.057375 95.070775
0.057500 93.557640
0.057625 92.058941
0.057750 90.579901
0.057875 89.147551
0.058000 87.552810
0.058125 85.770938
0.058250 83.911047
0.058375 82.138536
0.058500 80.442228
0.058625 78.985071
0.058750 77.982282
0.058875 77.402201
0.059000 77.245211
0.059125 77.483171
0.059250 78.275153
0.059375 79.611005
0.059500 81.525330
0.059625 83.868704
0.059750 86.511801
0.059875 89.173152
0.060000 91.616206
0.060125 93.859925
0.060250 95.747753
0.060375 97.338205
0.060500 98.699379
0.060625 99.894377
0.060750 100.922410
0.060875 101.839516
0.061000 102.762503
0.061125 103.551016
0.061250 104.106097
0.061375 104.293048
0.061500 104.143440
0.061625 103.558024
0.061750 102.435101
0.061875 100.846456
0.062000 98.748012
0.062125 96.534445
0.062250 94.313715
0.062375 92.179622
