0.000000 0.000000
0.000125 17.437805
0.000250 26.264616
0.000375 34.354561
0.000500 41.064600
0.000625 46.265153
0.000750 50.491418
0.000875 53.924708
0.001000 56.271185
0.001125 57.631962
0.001250 58.006763
0.001375 56.990188
0.001500 54.975344
0.001625 52.054469
0.001750 48.738958
0.001875 45.989912
0.002000 44.131214
0.002125 42.809218
0.002250 42.173016
0.002375 42.136289
0.002500 42.621948
0.002625 43.945250
0.002750 45.835697
0.002875 48.621444
0.003000 52.040810
0.003125 55.034837
0.003250 57.038050
0.003375 58.067681
0.003500 57.890703
0.003625 56.797781
0.003750 54.572327
0.003875 51.140664
0.004000 46.860037
0.004125 41.639984
0.004250 35.063444
0.004375 27.331898
0.004500 19.185933
0.004625 13.770876
0.004750 18.520497
0.004875 26.640107
0.005000 34.415790
0.005125 41.217312
0.005250 46.676256
0.005375 51.076280
0.005500 54.486356
0.005625 56.845239
0.005750 58.148436
0.005875 58.525664
0.006000 57.649682
0.006125 55.736483
0.006250 52.969734
0.006375 49.842930
0.006500 47.064363
0.006625 45.130183
0.006750 43.753854
0.006875 43.043663
0.007000 42.927901
0.007125 43.274403
0.007250 44.427572
0.007375 46.308860
0.007500 49.027081
0.007625 52.343645
0.007750 55.283271
0.007875 57.307356
0.008000 58.288439
0.008125 58.247009
0.008250 57.144857
0.008375 54.964228
0.008500 51.586412
0.008625 47.341106
0.008750 42.116286
0.008875 35.588757
0.009000 28.028052
0.009125 20.431483
0.009250 16.287759
0.009375 19.561776
0.009500 26.843371
0.009625 34.319177
0.009750 40.929212
0.009875 46.462056
0.010000 50.865905
0.010125 54.328674
0.010250 56.677827
0.010375 58.052055
0.010500 58.413081
0.010625 57.572421
0.010750 55.709032
0.010875 53.108323
0.011000 50.187549
0.011125 47.524673
0.011250 45.463150
0.011375 44.081865
0.011500 43.278769
0.011625 43.019908
0.011750 43.294200
0.011875 44.284042
0.012000 46.094418
0.012125 48.724869
0.012250 51.823306
0.012375 54.582608
0.012500 56.532056
0.012625 57.530342
0.012750 57.537572
0.012875 56.497519
0.013000 54.322224
0.013125 51.028453
0.013250 46.780313
0.013375 41.565092
0.013500 35.112296
0.013625 27.838243
0.013750 21.063744
0.013875 17.978279
0.014000 20.259102
0.014125 26.611304
0.014250 33.605659
0.014375 40.010290
0.014500 45.478152
0.014625 49.919101
0.014750 53.303234
0.014875 55.721853
0.015000 57.195364
0.015125 57.565229
0.015250 56.768747
0.015375 55.083607
0.015500 52.671148
0.015625 50.050688
0.015750 47.524301
0.015875 45.497682
0.016000 44.070493
0.016125 43.168269
0.016250 42.837710
0.016375 43.141005
0.016500 44.056774
0.016625 45.825251
0.016750 48.320561
0.016875 51.191555
0.017000 53.837799
0.017125 55.736544
0.017250 56.749347
0.017375 56.831371
0.017500 55.817481
0.017625 53.693298
0.017750 50.471383
0.017875 46.292910
0.018000 41.107785
0.018125 34.916282
0.018250 28.199852
0.018375 22.512600
0.018500 20.190782
0.018625 21.881789
0.018750 27.006398
0.018875 33.572368
0.019000 39.824581
0.019125 45.222645
0.019250 49.576022
0.019375 52.882811
0.019500 55.293876
0.019625 56.870288
0.019750 57.298044
0.019875 56.683536
0.020000 55.165745
0.020125 53.004614
0.020250 50.625044
0.020375 48.297522
0.020500 46.343927
0.020625 44.930065
0.020750 44.069194
0.020875 43.734056
0.021000 43.971235
0.021125 44.952427
0.021250 46.657770
0.021375 48.984209
0.021500 51.621238
0.021625 54.032501
0.021750 55.867783
0.021875 56.808537
0.022000 56.831192
0.022125 55.896269
0.022250 53.767201
0.022375 50.635249
0.022500 46.495750
0.022625 41.393014
0.022750 35.550787
0.022875 29.572447
0.023000 24.841586
0.023125 23.072103
0.023250 24.417308
0.023375 28.426015
0.023500 34.285481
0.023625 40.146527
0.023750 45.443574
0.023875 49.746840
0.024000 52.964473
0.024125 55.292830
0.024250 56.716648
0.024375 57.191121
0.024500 56.679993
0.024625 55.355326
0.024750 53.490630
0.024875 51.310347
0.025000 49.171890
0.025125 47.272523
0.025250 45.857951
0.025375 44.957777
0.025500 44.576372
0.025625 44.787900
0.025750 45.644949
0.025875 47.257990
0.026000 49.414367
0.026125 51.749777
0.026250 53.922377
0.026375 55.609844
0.026500 56.433005
0.026625 56.398468
0.026750 55.438676
0.026875 53.329341
0.027000 50.194002
0.027125 46.119973
0.027250 41.133951
0.027375 35.659018
0.027500 30.352585
0.027625 26.432311
0.027750 25.051781
0.027875 26.222313
0.028000 29.313426
0.028125 34.350016
0.028250 39.846887
0.028375 44.862902
0.028500 49.126821
0.028625 52.440445
0.028750 54.670521
0.028875 55.981643
0.029000 56.322580
0.029125 55.801049
0.029250 54.667434
0.029375 53.024876
0.029500 51.166558
0.029625 49.186831
0.029750 47.374195
0.029875 45.913012
0.030000 45.017050
0.030125 44.610641
0.030250 44.761451
0.030375 45.659897
0.030500 47.164309
0.030625 49.198679
0.030750 51.307082
0.030875 53.223349
0.031000 54.674863
0.031125 55.478373
0.031250 55.359011
0.031375 54.297940
0.031500 52.206990
0.031625 49.117498
0.031750 45.069309
0.031875 40.404090
0.032000 35.290332
0.032125 30.708947
0.032250 27.482505
0.032375 26.425457
0.032500 27.441120
0.032625 29.984896
0.032750 34.207343
0.032875 39.283057
0.033000 44.141492
0.033125 48.220845
0.033250 51.486254
0.033375 53.756882
0.033500 55.096498
0.033625 55.471797
0.033750 55.059202
0.033875 53.984693
0.034000 52.571590
0.034125 50.897630
0.034250 49.144972
0.034375 47.579908
0.034500 46.205554
0.034625 45.330178
0.034750 44.931828
0.034875 45.117561
0.035000 45.951467
0.035125 47.422969
0.035250 49.231606
0.035375 51.194921
0.035500 52.933145
0.035625 54.295776
0.035750 55.029097
0.035875 54.841608
0.036000 53.754212
0.036125 51.677705
0.036250 48.668837
0.036375 44.865737
0.036500 40.486187
0.036625 35.967299
0.036750 31.929611
0.036875 29.358484
0.037000 28.540283
0.037125 29.550451
0.037250 31.738415
0.037375 35.135346
0.037500 39.651643
0.037625 44.238978
0.037750 48.168774
0.037875 51.351959
0.038000 53.702705
0.038125 55.077930
0.038250 55.596784
0.038375 55.292306
0.038500 54.302864
0.038625 52.966953
0.038750 51.475202
0.038875 49.902782
0.039000 48.488577
0.039125 47.218295
0.039250 46.369553
0.039375 45.974923
0.039500 46.160365
0.039625 46.932412
0.039750 48.311291
0.039875 49.969719
0.040000 51.639161
0.040125 53.205482
0.040250 54.381985
0.040375 54.979543
0.040500 54.768813
0.040625 53.595012
0.040750 51.523103
0.040875 48.604260
0.041000 44.983031
0.041125 40.877930
0.041250 36.881104
0.041375 33.378488
0.041500 31.300915
0.041625 30.692367
0.041750 31.541536
0.041875 33.433109
0.042000 36.157772
0.042125 40.065148
0.042250 44.336101
0.042375 48.087324
0.042500 51.066877
0.042625 53.313750
0.042750 54.726036
0.042875 55.299797
0.043000 55.152433
0.043125 54.362150
0.043250 53.215614
0.043375 51.772778
0.043500 50.272372
0.043625 48.908129
0.043750 47.717931
0.043875 46.862145
0.044000 46.443169
0.044125 46.572312
0.044250 47.302334
0.044375 48.515834
0.044500 49.988091
0.044625 51.478709
0.044750 52.792708
0.044875 53.751912
0.045000 54.158362
0.045125 53.916773
0.045250 52.704668
0.045375 50.702660
0.045500 47.860207
0.045625 44.417115
0.045750 40.670548
0.045875 37.065879
0.046000 33.974364
0.046125 32.281128
0.046250 31.852861
0.046375 32.626413
0.046500 34.310746
0.046625 36.491713
0.046750 39.745324
0.046875 43.567215
0.047000 47.185015
0.047125 50.123001
0.047250 52.237811
0.047375 53.624422
0.047500 54.311698
0.047625 54.289781
0.047750 53.732566
0.047875 52.743807
0.048000 51.444016
0.048125 50.101683
0.048250 48.821517
0.048375 47.652030
0.048500 46.802627
0.048625 46.413611
0.048750 46.504829
0.048875 47.187887
0.049000 48.267518
0.049125 49.547134
0.049250 50.849286
0.049375 52.011322
0.049500 52.834292
0.049625 53.124507
0.049750 52.740645
0.049875 51.538223
0.050000 49.643210
0.050125 46.945656
0.050250 43.762496
0.050375 40.457072
0.050500 37.215999
0.050625 34.637904
0.050750 33.263139
0.050875 32.975335
0.051000 33.702340
0.051125 35.264297
0.051250 37.076784
0.051375 39.769934
0.051500 43.108729
0.051625 46.558319
0.051750 49.427575
0.051875 51.533792
0.052000 52.930146
0.052125 53.651609
0.052250 53.894327
0.052375 53.535445
0.052500 52.773427
0.052625 51.761253
0.052750 50.568787
0.052875 49.406939
0.053000 48.323689
0.053125 47.490282
0.053250 47.105608
0.053375 47.176847
0.053500 47.773429
0.053625 48.755048
0.053750 49.953620
0.053875 51.084789
0.054000 52.031472
0.054125 52.676514
0.054250 52.866265
0.054375 52.443570
0.054500 51.333956
0.054625 49.485626
0.054750 46.982465
0.054875 44.135434
0.055000 41.291144
0.055125 38.418474
0.055250 36.196826
0.055375 35.104180
0.055500 34.978869
0.055625 35.570201
0.055750 36.966000
0.055875 38.480022
0.056000 40.649428
0.056125 43.495691
0.056250 46.627668
0.056375 49.394025
0.056500 51.521272
0.056625 52.836431
0.056750 53.646954
0.056875 53.986007
0.057000 53.767532
0.057125 53.200156
0.057250 52.387763
0.057375 51.380449
0.057500 50.307937
0.057625 49.387677
0.057750 48.625883
0.057875 48.108471
0.058000 48.039800
0.058125 48.545157
0.058250 49.425458
0.058375 50.400414
0.058500 51.324474
0.058625 52.067768
0.058750 52.515687
0.058875 52.487146
0.059000 52.017302
0.059125 50.924088
0.059250 49.160432
0.059375 46.905193
0.059500 44.360212
0.059625 41.772140
0.059750 39.255364
0.059875 37.363948
0.060000 36.465985
0.060125 36.394729
0.060250 36.947102
0.060375 38.190844
0.060500 39.526683
0.060625 41.126791
0.060750 43.401053
0.060875 46.067001
0.061000 48.706092
0.061125 50.822749
0.061250 52.163608
0.061375 52.956324
0.061500 53.298064
0.061625 53.276835
0.061750 52.859523
0.061875 52.203383
0.062000 51.342843
0.062125 50.483683
0.062250 49.644120
0.062375 48.885748
