0.000000 0.000000
0.000125 18.688266
0.000250 26.314435
0.000375 33.248736
0.000500 38.934384
0.000625 43.358020
0.000750 46.958823
0.000875 49.787499
0.001000 52.128805
0.001125 53.964643
0.001250 55.054279
0.001375 55.192587
0.001500 54.256782
0.001625 52.672673
0.001750 50.719459
0.001875 48.293042
0.002000 45.291866
0.002125 42.044044
0.002250 38.943696
0.002375 36.863473
0.002500 36.351700
0.002625 37.314698
0.002750 39.922736
0.002875 43.367751
0.003000 46.804646
0.003125 49.869737
0.003250 52.358478
0.003375 54.349811
0.003500 55.899011
0.003625 56.751346
0.003750 56.591604
0.003875 55.551162
0.004000 53.889091
0.004125 51.624346
0.004250 48.757694
0.004375 45.100383
0.004500 40.511309
0.004625 34.734402
0.004750 28.098868
0.004875 21.538126
0.005000 19.453784
0.005125 24.967616
0.005250 31.702792
0.005375 38.064707
0.005500 43.452087
0.005625 47.740677
0.005750 51.257268
0.005875 54.080514
0.006000 56.226482
0.006125 57.857170
0.006250 58.847213
0.006375 58.706424
0.006500 57.720995
0.006625 56.144733
0.006750 54.163239
0.006875 51.519202
0.007000 48.389849
0.007125 45.119619
0.007250 42.243359
0.007375 40.612535
0.007500 40.338958
0.007625 41.598739
0.007750 44.236629
0.007875 47.532173
0.008000 50.716822
0.008125 53.556331
0.008250 55.776719
0.008375 57.568399
0.008500 58.843010
0.008625 59.273339
0.008750 58.715558
0.008875 57.389583
0.009000 55.465820
0.009125 53.028705
0.009250 49.913896
0.009375 45.939637
0.009500 40.944057
0.009625 35.040297
0.009750 28.456412
0.009875 22.850360
0.010000 22.948587
0.010125 28.446031
0.010250 34.797760
0.010375 40.517488
0.010500 45.149725
0.010625 48.873972
0.010750 51.978800
0.010875 54.479020
0.011000 56.414358
0.011125 57.799613
0.011250 58.395353
0.011375 57.911491
0.011500 56.666520
0.011625 54.913523
0.011750 52.651603
0.011875 49.822383
0.012000 46.560341
0.012125 43.279276
0.012250 40.555871
0.012375 39.046476
0.012500 39.000992
0.012625 40.491753
0.012750 43.228181
0.012875 46.293379
0.013000 49.196618
0.013125 51.704554
0.013250 53.699136
0.013375 55.244865
0.013500 56.176779
0.013625 56.250449
0.013750 55.458693
0.013875 53.911381
0.014000 51.785497
0.014125 49.103032
0.014250 45.734107
0.014375 41.555387
0.014500 36.359462
0.014625 30.179790
0.014750 23.647264
0.014875 19.288186
0.015000 21.020178
0.015125 27.022566
0.015250 33.266573
0.015375 38.731728
0.015500 43.092177
0.015625 46.624640
0.015750 49.449575
0.015875 51.695098
0.016000 53.416401
0.016125 54.631646
0.016250 54.995200
0.016375 54.485518
0.016500 53.206916
0.016625 51.406688
0.016750 49.139615
0.016875 46.419969
0.017000 43.288046
0.017125 40.395423
0.017250 38.100915
0.017375 37.178005
0.017500 37.542830
0.017625 39.518870
0.017750 42.427546
0.017875 45.641057
0.018000 48.599414
0.018125 51.041325
0.018250 53.073840
0.018375 54.541357
0.018500 55.359166
0.018625 55.387853
0.018750 54.537456
0.018875 53.090537
0.019000 51.031801
0.019125 48.367032
0.019250 45.031538
0.019375 40.834643
0.019500 35.603024
0.019625 29.709489
0.019750 24.122788
0.019875 22.003319
0.020000 24.834381
0.020125 30.690782
0.020250 36.803892
0.020375 42.082555
0.020500 46.298796
0.020625 49.784776
0.020750 52.608757
0.020875 54.825604
0.021000 56.465339
0.021125 57.518072
0.021250 57.617413
0.021375 56.954802
0.021500 55.672898
0.021625 53.934823
0.021750 51.667509
0.021875 49.005004
0.022000 46.080456
0.022125 43.547295
0.022250 41.812088
0.022375 41.290667
0.022500 42.107431
0.022625 44.272869
0.022750 47.181433
0.022875 50.222277
0.023000 53.035234
0.023125 55.354417
0.023250 57.148395
0.023375 58.387184
0.023500 58.914162
0.023625 58.653852
0.023750 57.684042
0.023875 56.029792
0.024000 53.759501
0.024125 50.904121
0.024250 47.352357
0.024375 42.848469
0.024500 37.513117
0.024625 31.948398
0.024750 27.720357
0.024875 27.052358
0.025000 30.094454
0.025125 35.478210
0.025250 41.075892
0.025375 45.881382
0.025500 49.782293
0.025625 52.990189
0.025750 55.554651
0.025875 57.442725
0.026000 58.777352
0.026125 59.439064
0.026250 59.225849
0.026375 58.235148
0.026500 56.639538
0.026625 54.538196
0.026750 51.968464
0.026875 49.144802
0.027000 46.273178
0.027125 43.976929
0.027250 42.412519
0.027375 42.092136
0.027500 43.052711
0.027625 45.143076
0.027750 47.914163
0.027875 50.725402
0.028000 53.220051
0.028125 55.266453
0.028250 56.762732
0.028375 57.622120
0.028500 57.859364
0.028625 57.330444
0.028750 56.061651
0.028875 54.182463
0.029000 51.651212
0.029125 48.535866
0.029250 44.462026
0.029375 39.530116
0.029500 34.060422
0.029625 28.868144
0.029750 25.581903
0.029875 25.852474
0.030000 29.083868
0.030125 34.367049
0.030250 39.678097
0.030375 44.204362
0.030500 47.910628
0.030625 50.948971
0.030750 53.246967
0.030875 54.974919
0.031000 56.078151
0.031125 56.465902
0.031250 56.048742
0.031375 54.883714
0.031500 53.130169
0.031625 50.826636
0.031750 48.191666
0.031875 45.325165
0.032000 42.516815
0.032125 40.376361
0.032250 39.191084
0.032375 39.137456
0.032500 40.435028
0.032625 42.715528
0.032750 45.450798
0.032875 48.227863
0.033000 50.706266
0.033125 52.710995
0.033250 54.149766
0.033375 54.988684
0.033500 55.169709
0.033625 54.608238
0.033750 53.329494
0.033875 51.422148
0.034000 48.826997
0.034125 45.519859
0.034250 41.387859
0.034375 36.471329
0.034500 31.353463
0.034625 27.027281
0.034750 25.065125
0.034875 26.262253
0.035000 29.748659
0.035125 34.993139
0.035250 40.228484
0.035375 44.730570
0.035500 48.415531
0.035625 51.424917
0.035750 53.824297
0.035875 55.535550
0.036000 56.641812
0.036125 57.068080
0.036250 56.654357
0.036375 55.588461
0.036500 53.873228
0.036625 51.707204
0.036750 49.238063
0.036875 46.623396
0.037000 44.247047
0.037125 42.490058
0.037250 41.678424
0.037375 42.018486
0.037500 43.552323
0.037625 45.922339
0.037750 48.774015
0.037875 51.521390
0.038000 53.984434
0.038125 55.988212
0.038250 57.404035
0.038375 58.085878
0.038500 58.182199
0.038625 57.584350
0.038750 56.238149
0.038875 54.246263
0.039000 51.466737
0.039125 47.984584
0.039250 43.780342
0.039375 39.164028
0.039500 34.594755
0.039625 31.347600
0.039750 30.362782
0.039875 31.917069
0.040000 35.374128
0.040125 40.178413
0.040250 44.979014
0.040375 49.133838
0.040500 52.556017
0.040625 55.352170
0.040750 57.517207
0.040875 59.078568
0.041000 59.866607
0.041125 60.016465
0.041250 59.448639
0.041375 58.199045
0.041500 56.353146
0.041625 54.098265
0.041750 51.550569
0.041875 49.049562
0.042000 46.809308
0.042125 45.260517
0.042250 44.623847
0.042375 45.062995
0.042500 46.468023
0.042625 48.673260
0.042750 51.182076
0.042875 53.630879
0.043000 55.806907
0.043125 57.492774
0.043250 58.593506
0.043375 59.075451
0.043500 58.862214
0.043625 58.012122
0.043750 56.343460
0.043875 54.020955
0.044000 50.881083
0.044125 47.121250
0.044250 42.765689
0.044375 38.158453
0.044500 34.042896
0.044625 31.480990
0.044750 31.114200
0.044875 32.855856
0.045000 36.105784
0.045125 40.518469
0.045250 44.906387
0.045375 48.730803
0.045500 51.873188
0.045625 54.375663
0.045750 56.276694
0.045875 57.472228
0.046000 58.045361
0.046125 57.892363
0.046250 56.995589
0.046375 55.566468
0.046500 53.517280
0.046625 51.160114
0.046750 48.655352
0.046875 46.252385
0.047000 44.203834
0.047125 42.852634
0.047250 42.354447
0.047375 42.943742
0.047500 44.358918
0.047625 46.449835
0.047750 48.823215
0.047875 51.124825
0.048000 53.029385
0.048125 54.461406
0.048250 55.362211
0.048375 55.667335
0.048500 55.281826
0.048625 54.237629
0.048750 52.468822
0.048875 49.994591
0.049000 46.676404
0.049125 42.841484
0.049250 38.567477
0.049375 34.220248
0.049500 30.824003
0.049625 28.979512
0.049750 29.339142
0.049875 31.298420
0.050000 34.561972
0.050125 39.029908
0.050250 43.373001
0.050375 47.128690
0.050500 50.206201
0.050625 52.594654
0.050750 54.465361
0.050875 55.613344
0.051000 56.069733
0.051125 55.911792
0.051250 55.074351
0.051375 53.673602
0.051500 51.760612
0.051625 49.598648
0.051750 47.326511
0.051875 45.330601
0.052000 43.720786
0.052125 42.850315
0.052250 42.814029
0.052375 43.716033
0.052500 45.396380
0.052625 47.668125
0.052750 50.137360
0.052875 52.406473
0.053000 54.293356
0.053125 55.715936
0.053250 56.495548
0.053375 56.692633
0.053500 56.237872
0.053625 55.161804
0.053750 53.405916
0.053875 50.902294
0.054000 47.706350
0.054125 44.011945
0.054250 40.107246
0.054375 36.472280
0.054500 33.913919
0.054625 32.956580
0.054750 33.903320
0.054875 36.058142
0.055000 39.303734
0.055125 43.459701
0.055250 47.518078
0.055375 51.117779
0.055500 54.102793
0.055625 56.364625
0.055750 58.031187
0.055875 59.025371
0.056000 59.322853
0.056125 59.003861
0.056250 58.060295
0.056375 56.640382
0.056500 54.699980
0.056625 52.625282
0.056750 50.613543
0.056875 48.774412
0.057000 47.399828
0.057125 46.756981
0.057250 46.913655
0.057375 47.952367
0.057500 49.622107
0.057625 51.724312
0.057750 53.927822
0.057875 56.005540
0.058000 57.623539
0.058125 58.771266
0.058250 59.285965
0.058375 59.154764
0.058500 58.361803
0.058625 56.950341
0.058750 54.801817
0.058875 52.073423
0.059000 48.791173
0.059125 45.095410
0.059250 41.404803
0.059375 38.168120
0.059500 36.174041
0.059625 35.700769
0.059750 36.738401
0.059875 38.826861
0.060000 41.852392
0.060125 45.636812
0.060250 49.309663
0.060375 52.511366
0.060500 55.128998
0.060625 57.106583
0.060750 58.435525
0.060875 59.083259
0.061000 59.069286
0.061125 58.454412
0.061250 57.273782
0.061375 55.608932
0.061500 53.636169
0.061625 51.511292
0.061750 49.481834
0.061875 47.766824
0.062000 46.515225
0.062125 45.973982
0.062250 46.188936
0.062375 47.179634
