0.000000 0.000000
0.000125 18.837685
0.000250 31.108697
0.000375 41.683001
0.000500 50.009849
0.000625 56.165811
0.000750 60.489436
0.000875 63.023299
0.001000 64.374508
0.001125 64.608411
0.001250 63.572886
0.001375 61.834691
0.001500 60.073151
0.001625 59.723139
0.001750 61.508269
0.001875 63.479892
0.002000 64.734371
0.002125 65.420325
0.002250 66.037582
0.002375 66.488499
0.002500 66.650558
0.002625 66.651094
0.002750 66.264130
0.002875 65.871008
0.003000 65.416158
0.003125 64.414131
0.003250 62.733924
0.003375 61.415371
0.003500 62.240067
0.003625 64.229377
0.003750 66.132593
0.003875 67.172379
0.004000 67.009488
0.004125 65.856307
0.004250 63.268588
0.004375 58.990524
0.004500 52.832229
0.004625 44.518231
0.004750 34.132117
0.004875 22.513349
0.005000 16.294628
0.005125 24.862368
0.005250 36.119270
0.005375 46.286442
0.005500 54.440552
0.005625 60.583531
0.005750 64.806462
0.005875 67.228977
0.006000 68.383006
0.006125 68.499818
0.006250 67.394966
0.006375 65.689313
0.006500 64.184263
0.006625 64.304430
0.006750 65.859659
0.006875 67.502002
0.007000 68.650388
0.007125 69.347784
0.007250 69.897379
0.007375 70.112554
0.007500 70.092304
0.007625 69.867594
0.007750 69.348370
0.007875 68.858727
0.008000 68.193155
0.008125 67.063670
0.008250 65.468924
0.008375 64.447924
0.008500 65.293350
0.008625 67.017252
0.008750 68.604382
0.008875 69.266791
0.009000 68.876592
0.009125 67.453746
0.009250 64.522239
0.009375 59.859208
0.009500 53.427242
0.009625 44.854960
0.009750 34.332366
0.009875 23.286032
0.010000 20.532651
0.010125 28.336222
0.010250 38.104737
0.010375 47.387369
0.010500 54.969256
0.010625 60.750342
0.010750 64.670087
0.010875 66.974166
0.011000 67.973173
0.011125 67.829103
0.011250 66.551193
0.011375 64.775091
0.011500 63.454558
0.011625 63.880603
0.011750 65.206692
0.011875 66.512253
0.012000 67.452194
0.012125 68.116124
0.012250 68.535284
0.012375 68.620454
0.012500 68.441527
0.012625 67.959050
0.012750 67.222767
0.012875 66.475988
0.013000 65.600156
0.013125 64.160442
0.013250 62.556944
0.013375 61.949612
0.013500 62.928708
0.013625 64.399178
0.013750 65.682688
0.013875 66.084888
0.014000 65.440702
0.014125 63.718344
0.014250 60.372607
0.014375 55.401307
0.014500 48.604267
0.014625 39.784642
0.014750 29.115677
0.014875 18.703874
0.015000 19.149981
0.015125 27.139115
0.015250 35.840127
0.015375 44.179979
0.015500 51.251363
0.015625 56.695445
0.015750 60.357358
0.015875 62.576191
0.016000 63.575733
0.016125 63.351554
0.016250 62.079756
0.016375 60.546664
0.016500 59.679673
0.016625 60.544491
0.016750 61.968470
0.016875 63.213409
0.017000 64.191708
0.017125 65.034409
0.017250 65.669721
0.017375 65.830227
0.017500 65.740204
0.017625 65.322852
0.017750 64.743716
0.017875 64.117461
0.018000 63.222281
0.018125 61.940728
0.018250 60.755530
0.018375 60.932431
0.018500 62.224089
0.018625 63.842335
0.018750 65.083057
0.018875 65.456969
0.019000 64.871201
0.019125 63.105949
0.019250 59.728229
0.019375 54.677443
0.019500 47.805088
0.019625 39.060098
0.019750 28.868551
0.019875 21.306646
0.020000 24.250107
0.020125 32.050497
0.020250 40.063798
0.020375 47.476272
0.020500 54.029078
0.020625 59.224690
0.020750 62.782045
0.020875 65.007908
0.021000 66.011654
0.021125 65.817339
0.021250 64.758210
0.021375 63.637448
0.021500 63.472101
0.021625 64.629166
0.021750 66.080039
0.021875 67.219878
0.022000 68.154412
0.022125 69.018345
0.022250 69.608837
0.022375 69.813746
0.022500 69.685942
0.022625 69.211143
0.022750 68.598343
0.022875 67.928024
0.023000 66.948193
0.023125 65.645520
0.023250 64.768070
0.023375 65.202419
0.023500 66.548175
0.023625 67.898480
0.023750 68.750654
0.023875 68.768093
0.024000 67.855831
0.024125 65.724461
0.024250 61.993737
0.024375 56.579476
0.024500 49.351234
0.024625 40.412725
0.024750 31.042635
0.024875 26.346770
0.025000 30.312061
0.025125 37.633199
0.025250 44.895696
0.025375 51.273812
0.025500 56.741743
0.025625 61.170191
0.025750 64.348083
0.025875 66.297297
0.026000 67.071243
0.026125 66.666683
0.026250 65.567522
0.026375 64.543768
0.026500 64.661614
0.026625 65.833943
0.026750 67.116522
0.026875 68.057551
0.027000 68.775769
0.027125 69.454833
0.027250 69.824460
0.027375 69.907549
0.027500 69.632771
0.027625 69.047340
0.027750 68.312827
0.027875 67.397096
0.028000 66.100471
0.028125 64.701554
0.028250 63.969918
0.028375 64.579835
0.028500 65.793614
0.028625 66.946276
0.028750 67.454504
0.028875 67.058443
0.029000 65.741752
0.029125 63.138443
0.029250 58.957434
0.029375 53.092583
0.029500 45.446146
0.029625 36.300492
0.029750 27.632248
0.029875 25.191869
0.030000 30.218208
0.030125 37.407190
0.030250 44.167602
0.030375 49.786452
0.030500 54.405998
0.030625 58.028063
0.030750 60.736283
0.030875 62.445805
0.031000 63.014900
0.031125 62.534086
0.031250 61.489366
0.031375 60.664468
0.031500 61.021093
0.031625 62.181859
0.031750 63.392003
0.031875 64.251262
0.032000 64.967768
0.032125 65.613734
0.032250 65.946433
0.032375 65.972398
0.032500 65.720264
0.032625 65.141034
0.032750 64.363231
0.032875 63.396604
0.033000 62.099149
0.033125 60.878344
0.033250 60.477607
0.033375 61.341352
0.033500 62.747325
0.033625 63.899951
0.033750 64.278965
0.033875 63.830914
0.034000 62.301304
0.034125 59.501353
0.034250 55.111511
0.034375 49.081878
0.034500 41.339401
0.034625 32.648698
0.034750 25.518267
0.034875 25.497677
0.035000 31.415737
0.035125 38.604364
0.035250 45.277685
0.035375 50.566659
0.035500 54.818863
0.035625 57.966648
0.035750 60.306683
0.035875 61.946905
0.036000 62.602365
0.036125 62.415671
0.036250 61.853828
0.036375 61.672232
0.036500 62.523874
0.036625 63.915031
0.036750 65.182621
0.036875 66.215413
0.037000 67.067482
0.037125 67.848337
0.037250 68.258261
0.037375 68.389606
0.037500 68.255295
0.037625 67.862446
0.037750 67.259332
0.037875 66.374123
0.038000 65.279626
0.038125 64.368340
0.038250 64.424173
0.038375 65.420765
0.038500 66.749200
0.038625 67.740180
0.038750 67.962947
0.038875 67.315621
0.039000 65.530983
0.039125 62.381614
0.039250 57.631694
0.039375 51.289552
0.039500 43.541275
0.039625 35.524668
0.039750 30.553796
0.039875 32.033341
0.040000 37.966948
0.040125 44.742433
0.040250 50.912292
0.040375 55.738635
0.040500 59.330386
0.040625 61.850816
0.040750 63.537526
0.040875 64.569983
0.041000 64.996914
0.041125 64.802509
0.041250 64.406979
0.041375 64.587032
0.041500 65.582454
0.041625 66.863500
0.041750 67.970583
0.041875 68.805909
0.042000 69.488712
0.042125 69.957126
0.042250 70.161581
0.042375 70.080029
0.042500 69.832128
0.042625 69.335773
0.042750 68.613018
0.042875 67.588507
0.043000 66.393355
0.043125 65.662433
0.043250 65.779522
0.043375 66.711780
0.043500 67.747763
0.043625 68.405627
0.043750 68.279146
0.043875 67.246172
0.044000 65.003717
0.044125 61.378795
0.044250 56.099488
0.044375 49.323760
0.044500 41.491242
0.044625 34.072133
0.044750 30.693039
0.044875 33.301080
0.045000 39.325948
0.045125 45.717325
0.045250 51.446968
0.045375 55.828979
0.045500 58.853780
0.045625 60.785796
0.045750 61.928237
0.045875 62.326847
0.046000 62.282574
0.046125 61.964823
0.046250 61.703164
0.046375 62.134537
0.046500 63.217159
0.046625 64.467033
0.046750 65.437216
0.046875 66.195727
0.047000 66.714044
0.047125 67.058387
0.047250 67.078493
0.047375 66.892766
0.047500 66.418392
0.047625 65.749688
0.047750 64.878504
0.047875 63.806157
0.048000 62.719209
0.048125 62.140523
0.048250 62.430500
0.048375 63.340267
0.048500 64.250649
0.048625 64.731710
0.048750 64.356833
0.048875 63.003946
0.049000 60.447944
0.049125 56.486428
0.049250 50.899339
0.049375 43.846296
0.049500 36.072055
0.049625 29.585478
0.049750 27.798568
0.049875 31.694141
0.050000 37.944345
0.050125 44.228095
0.050250 49.777677
0.050375 54.056792
0.050500 56.853113
0.050625 58.534367
0.050750 59.403763
0.050875 59.613911
0.051000 59.371163
0.051125 59.079646
0.051250 59.302144
0.051375 60.183168
0.051500 61.642425
0.051625 63.125944
0.051750 64.329727
0.051875 65.330904
0.052000 66.080826
0.052125 66.503411
0.052250 66.687308
0.052375 66.597457
0.052500 66.335175
0.052625 65.783324
0.052750 65.102222
0.052875 64.259059
0.053000 63.498196
0.053125 63.434269
0.053250 64.104725
0.053375 65.212378
0.053500 66.160717
0.053625 66.551835
0.053750 66.129932
0.053875 64.660591
0.054000 61.966220
0.054125 57.808898
0.054250 52.064345
0.054375 45.154513
0.054500 37.906729
0.054625 33.080936
0.054750 32.902488
0.054875 37.424392
0.055000 43.621118
0.055125 49.618237
0.055250 54.798103
0.055375 58.850228
0.055500 61.403792
0.055625 62.813814
0.055750 63.362737
0.055875 63.282818
0.056000 62.829086
0.056125 62.428862
0.056250 62.779082
0.056375 63.872923
0.056500 65.409094
0.056625 66.858877
0.056750 68.034029
0.056875 68.964570
0.057000 69.603162
0.057125 69.939132
0.057250 69.952771
0.057375 69.753429
0.057500 69.339407
0.057625 68.738987
0.057750 67.925664
0.057875 67.020657
0.058000 66.385433
0.058125 66.417566
0.058250 67.136730
0.058375 68.033858
0.058500 68.632922
0.058625 68.662397
0.058750 67.897627
0.058875 66.045356
0.059000 62.907418
0.059125 58.263223
0.059250 52.193044
0.059375 45.190598
0.059500 38.517190
0.059625 34.919579
0.059750 35.699074
0.059875 40.520377
0.060000 46.461378
0.060125 51.969203
0.060250 56.647776
0.060375 60.323122
0.060500 62.535493
0.060625 63.482222
0.060750 63.638140
0.060875 63.186991
0.061000 62.426523
0.061125 61.857008
0.061250 62.062661
0.061375 63.137669
0.061500 64.595054
0.061625 65.922226
0.061750 67.004974
0.061875 67.836811
0.062000 68.354899
0.062125 68.567293
0.062250 68.439479
0.062375 68.046622
