0.000000 0.000000
0.000125 28.386620
0.000250 50.572513
0.000375 70.235836
0.000500 86.554581
0.000625 99.062998
0.000750 108.653161
0.000875 116.299327
0.001000 122.153844
0.001125 127.082858
0.001250 132.939427
0.001375 140.584410
0.001500 148.003760
0.001625 153.894402
0.001750 157.725812
0.001875 159.157729
0.002000 158.368060
0.002125 156.100177
0.002250 153.237054
0.002375 150.509512
0.002500 149.376994
0.002625 150.621989
0.002750 153.674434
0.002875 157.182046
0.003000 160.324918
0.003125 162.080826
0.003250 161.689422
0.003375 158.967058
0.003500 154.292868
0.003625 147.847797
0.003750 141.089293
0.003875 135.433717
0.004000 130.698227
0.004125 125.605921
0.004250 118.997836
0.004375 110.681018
0.004500 99.677568
0.004625 85.093907
0.004750 67.686060
0.004875 49.518345
0.005000 37.522735
0.005125 43.367426
0.005250 60.672971
0.005375 79.208917
0.005500 95.504882
0.005625 108.475430
0.005750 118.249588
0.005875 125.850386
0.006000 131.907273
0.006125 137.260650
0.006250 143.090961
0.006375 149.780661
0.006500 156.767668
0.006625 162.717086
0.006750 166.624142
0.006875 168.238745
0.007000 167.596423
0.007125 165.236641
0.007250 162.207961
0.007375 159.341682
0.007500 157.763661
0.007625 158.246383
0.007750 160.528135
0.007875 163.741253
0.008000 166.843016
0.008125 168.671998
0.008250 168.438864
0.008375 165.974802
0.008500 161.660457
0.008625 155.678955
0.008750 149.036348
0.008875 142.929591
0.009000 137.477444
0.009125 131.962665
0.009250 125.367601
0.009375 117.212134
0.009500 106.538581
0.009625 92.610121
0.009750 75.972851
0.009875 58.851253
0.010000 46.986511
0.010125 47.848784
0.010250 60.283017
0.010375 76.966447
0.010500 92.878536
0.010625 106.033875
0.010750 116.150865
0.010875 123.871559
0.011000 130.040205
0.011125 135.256845
0.011250 140.666182
0.011375 146.854508
0.011500 153.348780
0.011625 159.113021
0.011750 163.139470
0.011875 164.891997
0.012000 164.416632
0.012125 162.275364
0.012250 159.307435
0.012375 156.342733
0.012500 154.313385
0.012625 154.037681
0.012750 155.569244
0.012875 158.158884
0.013000 160.723677
0.013125 162.214360
0.013250 161.902362
0.013375 159.550298
0.013500 155.279454
0.013625 149.363952
0.013750 142.639562
0.013875 136.144800
0.014000 130.237332
0.014125 124.327084
0.014250 117.494371
0.014375 108.898473
0.014500 97.921506
0.014625 83.776239
0.014750 66.625225
0.014875 47.891219
0.015000 33.802341
0.015125 32.036172
0.015250 42.543060
0.015375 59.315361
0.015500 75.901998
0.015625 90.123534
0.015750 101.536189
0.015875 110.407314
0.016000 117.283634
0.016125 122.928135
0.016250 128.400493
0.016375 134.594026
0.016500 141.236487
0.016625 147.259267
0.016750 151.877671
0.016875 154.458541
0.017000 154.942616
0.017125 153.819685
0.017250 151.758843
0.017375 149.466055
0.017500 147.941625
0.017625 147.811828
0.017750 149.314967
0.017875 151.978083
0.018000 154.734030
0.018125 156.660380
0.018250 157.047634
0.018375 155.635312
0.018500 152.427916
0.018625 147.681650
0.018750 142.061768
0.018875 136.352296
0.019000 130.862476
0.019125 125.368342
0.019250 119.134645
0.019375 111.283650
0.019500 101.260919
0.019625 88.568191
0.019750 73.299381
0.019875 58.001628
0.020000 47.179110
0.020125 44.830505
0.020250 51.805367
0.020375 64.781042
0.020500 79.934412
0.020625 94.124889
0.020750 106.208688
0.020875 115.982510
0.021000 123.925377
0.021125 130.664619
0.021250 136.961243
0.021375 143.391893
0.021500 149.871635
0.021625 155.830578
0.021750 160.526387
0.021875 163.491093
0.022000 164.438920
0.022125 163.776155
0.022250 162.081008
0.022375 160.170335
0.022500 158.827637
0.022625 158.493979
0.022750 159.509735
0.022875 161.522432
0.023000 163.791071
0.023125 165.516584
0.023250 165.971865
0.023375 164.800459
0.023500 161.986006
0.023625 157.830487
0.023750 152.793410
0.023875 147.292886
0.024000 141.624713
0.024125 135.776214
0.024250 129.197675
0.024375 121.337250
0.024500 111.554741
0.024625 99.708255
0.024750 86.368331
0.024875 73.756258
0.025000 64.416739
0.025125 61.095028
0.025250 64.584031
0.025375 73.266925
0.025500 84.993037
0.025625 97.331284
0.025750 108.568903
0.025875 118.051311
0.026000 126.097538
0.026125 133.082403
0.026250 139.397333
0.026375 145.489875
0.026500 151.416516
0.026625 156.780203
0.026750 161.049937
0.026875 163.769178
0.027000 164.823927
0.027125 164.338026
0.027250 162.830316
0.027375 161.051672
0.027500 159.621144
0.027625 158.973199
0.027750 159.386261
0.027875 160.624697
0.028000 162.125985
0.028125 163.176186
0.028250 163.239877
0.028375 161.890780
0.028500 159.115547
0.028625 155.038047
0.028750 150.067400
0.028875 144.506004
0.029000 138.599832
0.029125 132.219658
0.029250 125.080107
0.029375 116.634421
0.029500 106.370432
0.029625 94.076826
0.029750 80.662639
0.029875 68.047423
0.030000 58.401038
0.030125 54.060770
0.030250 55.727183
0.030375 62.530695
0.030500 72.393762
0.030625 83.974617
0.030750 95.344719
0.030875 105.261901
0.031000 113.842920
0.031125 121.407331
0.031250 128.118725
0.031375 134.337544
0.031500 140.169876
0.031625 145.310936
0.031750 149.467603
0.031875 152.378517
0.032000 153.802912
0.032125 153.803723
0.032250 152.945633
0.032375 151.634797
0.032500 150.436024
0.032625 149.832410
0.032750 150.028781
0.032875 150.895974
0.033000 151.984718
0.033125 152.747255
0.033250 152.621232
0.033375 151.508754
0.033500 149.295769
0.033625 145.909882
0.033750 141.537752
0.033875 136.578399
0.034000 131.232632
0.034125 125.346928
0.034250 118.500087
0.034375 110.406184
0.034500 100.565114
0.034625 88.873627
0.034750 76.872090
0.034875 65.797457
0.035000 57.686654
0.035125 54.172645
0.035250 55.207728
0.035375 61.412003
0.035500 70.061082
0.035625 80.560193
0.035750 91.861674
0.035875 102.473032
0.036000 112.002103
0.036125 120.555325
0.036250 128.353903
0.036375 135.470307
0.036500 141.913444
0.036625 147.552435
0.036750 152.239959
0.036875 155.725415
0.037000 157.871093
0.037125 158.862280
0.037250 158.986760
0.037375 158.571920
0.037500 158.196114
0.037625 158.189189
0.037750 158.684429
0.037875 159.629152
0.038000 160.704636
0.038125 161.456807
0.038250 161.588307
0.038375 160.820734
0.038500 159.053420
0.038625 156.318447
0.038750 152.658893
0.038875 148.222830
0.039000 143.146956
0.039125 137.390993
0.039250 130.629002
0.039375 122.651572
0.039500 113.292456
0.039625 103.059869
0.039750 92.930374
0.039875 83.813747
0.040000 76.972762
0.040125 73.428685
0.040250 73.428002
0.040375 77.236566
0.040500 83.643421
0.040625 91.520183
0.040750 100.513807
0.040875 109.821363
0.041000 118.654506
0.041125 126.883297
0.041250 134.431901
0.041375 141.301159
0.041500 147.459119
0.041625 152.732166
0.041750 157.082163
0.041875 160.257642
0.042000 162.128366
0.042125 163.140730
0.042250 163.357767
0.042375 163.067656
0.042500 162.736009
0.042625 162.580691
0.042750 162.755444
0.042875 163.189163
0.043000 163.665766
0.043125 163.845887
0.043250 163.486038
0.043375 162.408767
0.043500 160.461283
0.043625 157.691397
0.043750 154.097956
0.043875 149.628488
0.044000 144.391867
0.044125 138.330541
0.044250 131.223142
0.044375 122.955167
0.044500 113.363256
0.044625 103.298503
0.044750 93.461001
0.044875 84.422793
0.045000 77.538357
0.045125 73.585291
0.045250 72.345289
0.045375 74.578256
0.045500 79.540666
0.045625 85.848860
0.045750 93.311460
0.045875 101.674600
0.046000 110.272355
0.046125 118.407973
0.046250 126.043362
0.046375 132.877324
0.046500 138.905165
0.046625 144.107235
0.046750 148.332027
0.046875 151.467939
0.047000 153.502889
0.047125 154.704349
0.047250 155.240881
0.047375 155.251054
0.047500 155.104898
0.047625 154.966075
0.047750 154.922129
0.047875 155.010639
0.048000 155.080157
0.048125 154.765799
0.048250 153.896724
0.048375 152.454933
0.048500 150.401617
0.048625 147.558041
0.048750 143.916830
0.048875 139.577095
0.049000 134.343834
0.049125 128.158514
0.049250 120.896281
0.049375 112.370057
0.049500 102.581557
0.049625 92.875633
0.049750 83.272384
0.049875 74.359500
0.050000 67.806724
0.050125 64.577486
0.050250 63.265514
0.050375 64.782443
0.050500 69.912632
0.050625 76.059479
0.050750 82.922728
0.050875 91.107822
0.051000 100.081098
0.051125 109.085046
0.051250 117.537412
0.051375 125.239912
0.051500 131.928077
0.051625 137.785590
0.051750 142.799459
0.051875 146.707545
0.052000 149.662762
0.052125 151.775963
0.052250 153.267679
0.052375 154.266122
0.052500 155.050937
0.052625 155.716265
0.052750 156.325572
0.052875 156.862197
0.053000 157.364316
0.053125 157.467130
0.053250 157.100102
0.053375 156.211282
0.053500 154.755344
0.053625 152.628066
0.053750 149.813582
0.053875 146.283980
0.054000 141.767040
0.054125 136.242278
0.054250 129.686996
0.054375 122.087435
0.054500 113.861059
0.054625 105.648207
0.054750 97.579854
0.054875 90.419436
0.055000 85.173923
0.055125 82.112979
0.055250 80.991183
0.055375 81.938652
0.055500 85.505551
0.055625 90.601962
0.055750 96.530117
0.055875 103.203189
0.056000 110.759942
0.056125 118.737257
0.056250 126.547460
0.056375 133.778705
0.056500 140.255062
0.056625 145.795488
0.056750 150.473131
0.056875 154.274186
0.057000 157.188700
0.057125 159.276386
0.057250 160.704177
0.057375 161.791135
0.057500 162.582780
0.057625 163.180375
0.057750 163.650946
0.057875 163.950425
0.058000 164.089834
0.058125 163.907555
0.058250 163.272596
0.058375 162.121527
0.058500 160.464920
0.058625 158.183989
0.058750 155.321710
0.058875 151.799498
0.059000 147.192007
0.059125 141.517672
0.059250 134.916259
0.059375 127.481556
0.059500 119.728902
0.059625 111.832554
0.059750 104.037885
0.059875 97.137722
0.060000 91.866352
0.060125 88.513723
0.060250 86.743679
0.060375 86.553354
0.060500 88.680043
0.060625 92.546643
0.060750 97.422910
0.060875 102.943160
0.061000 109.082105
0.061125 115.878705
0.061250 123.052567
0.061375 129.881807
0.061500 136.042872
0.061625 141.380036
0.061750 145.828952
0.061875 149.440811
0.062000 152.365192
0.062125 154.460232
0.062250 155.979531
0.062375 157.046685
