0.000000 0.000000
0.000125 27.740364
0.000250 48.123786
0.000375 65.668450
0.000500 79.161493
0.000625 87.932303
0.000750 93.506165
0.000875 97.108267
0.001000 99.601261
0.001125 102.325543
0.001250 105.632740
0.001375 109.498802
0.001500 113.430339
0.001625 116.737181
0.001750 118.594199
0.001875 119.352173
0.002000 119.472367
0.002125 119.022440
0.002250 118.327619
0.002375 117.736796
0.002500 117.657078
0.002625 118.487834
0.002750 119.926498
0.002875 121.453992
0.003000 122.680337
0.003125 123.430967
0.003250 123.510866
0.003375 122.417375
0.003500 119.908051
0.003625 116.662261
0.003750 113.456579
0.003875 110.950597
0.004000 109.183687
0.004125 107.843942
0.004250 105.490705
0.004375 100.653911
0.004500 92.464550
0.004625 80.069217
0.004750 64.372545
0.004875 48.008369
0.005000 39.252336
0.005125 49.415425
0.005250 66.720355
0.005375 83.106692
0.005500 96.197772
0.005625 104.966295
0.005750 110.562740
0.005875 113.919685
0.006000 115.462276
0.006125 117.266030
0.006250 119.864642
0.006375 123.070733
0.006500 126.533419
0.006625 129.300940
0.006750 130.838281
0.006875 131.476121
0.007000 131.394771
0.007125 130.646745
0.007250 129.501189
0.007375 128.430886
0.007500 127.987413
0.007625 128.459298
0.007750 129.606421
0.007875 130.917319
0.008000 131.883413
0.008125 132.200847
0.008250 131.850514
0.008375 130.407141
0.008500 127.567262
0.008625 123.970813
0.008750 120.435115
0.008875 117.633557
0.009000 115.548776
0.009125 113.814392
0.009250 111.100815
0.009375 105.801589
0.009500 97.269293
0.009625 85.039478
0.009750 70.119391
0.009875 55.335882
0.010000 48.203451
0.010125 55.092883
0.010250 69.812956
0.010375 84.957332
0.010500 97.272013
0.010625 105.648883
0.010750 111.000899
0.010875 114.034388
0.011000 115.375574
0.011125 116.713381
0.011250 118.759722
0.011375 121.317684
0.011500 124.064003
0.011625 126.332765
0.011750 127.574435
0.011875 127.852101
0.012000 127.370213
0.012125 126.342574
0.012250 124.912879
0.012375 123.592896
0.012500 122.797372
0.012625 122.760947
0.012750 123.260408
0.012875 123.957635
0.013000 124.435955
0.013125 124.419335
0.013250 123.625349
0.013375 121.683270
0.013500 118.476781
0.013625 114.481871
0.013750 110.444178
0.013875 106.847388
0.014000 103.618707
0.014125 100.627344
0.014250 96.929258
0.014375 91.084861
0.014500 82.346371
0.014625 70.025801
0.014750 54.600870
0.014875 39.551247
0.015000 31.821842
0.015125 37.471741
0.015250 51.915090
0.015375 67.308199
0.015500 79.929733
0.015625 88.704317
0.015750 94.497853
0.015875 97.992630
0.016000 100.230453
0.016125 102.398650
0.016250 104.707553
0.016375 107.376796
0.016500 110.132472
0.016625 112.390783
0.016750 114.051130
0.016875 114.877481
0.017000 114.812841
0.017125 114.315914
0.017250 113.620904
0.017375 113.129150
0.017500 113.011086
0.017625 113.482854
0.017750 114.384828
0.017875 115.495066
0.018000 116.619210
0.018125 117.356971
0.018250 117.217267
0.018375 115.993565
0.018500 113.616161
0.018625 110.500638
0.018750 107.226308
0.018875 104.324290
0.019000 101.789744
0.019125 99.511933
0.019250 96.654339
0.019375 91.885972
0.019500 84.319967
0.019625 73.595605
0.019750 60.534443
0.019875 49.823494
0.020000 45.051042
0.020125 49.927395
0.020250 61.991067
0.020375 76.139755
0.020500 88.754772
0.020625 98.459744
0.020750 105.380309
0.020875 109.849536
0.021000 112.715058
0.021125 115.165071
0.021250 117.630380
0.021375 120.389166
0.021500 123.178219
0.021625 125.635727
0.021750 127.430333
0.021875 128.414574
0.022000 128.642145
0.022125 128.316921
0.022250 127.670552
0.022375 127.059621
0.022500 126.761268
0.022625 127.073815
0.022750 127.842022
0.022875 128.825010
0.023000 129.671285
0.023125 129.977903
0.023250 129.442953
0.023375 127.892813
0.023500 125.369276
0.023625 122.157172
0.023750 118.878406
0.023875 115.935559
0.024000 113.545900
0.024125 111.374512
0.024250 108.391175
0.024375 103.418710
0.024500 95.921131
0.024625 85.707034
0.024750 74.960883
0.024875 66.378798
0.025000 62.358148
0.025125 65.418232
0.025250 74.199523
0.025375 85.549487
0.025500 96.443985
0.025625 105.339531
0.025750 111.789043
0.025875 116.013673
0.026000 118.594711
0.026125 120.616848
0.026250 122.540713
0.026375 124.549326
0.026500 126.558089
0.026625 128.424262
0.026750 129.688494
0.026875 130.266371
0.027000 130.155900
0.027125 129.527897
0.027250 128.631249
0.027375 127.716325
0.027500 127.020290
0.027625 126.791256
0.027750 126.934469
0.027875 127.298952
0.028000 127.550831
0.028125 127.276360
0.028250 126.204273
0.028375 124.217354
0.028500 121.304447
0.028625 117.876231
0.028750 114.269152
0.028875 110.914766
0.029000 107.794821
0.029125 104.639375
0.029250 100.623001
0.029375 94.792855
0.029500 86.548174
0.029625 76.187007
0.029750 66.331003
0.029875 58.081338
0.030000 53.566239
0.030125 55.392723
0.030250 62.754205
0.030375 72.826147
0.030500 83.127281
0.030625 91.789677
0.030750 98.464729
0.030875 103.158321
0.031000 106.199301
0.031125 108.496015
0.031250 110.547322
0.031375 112.388718
0.031500 114.152565
0.031625 115.661084
0.031750 116.746574
0.031875 117.183724
0.032000 116.895663
0.032125 116.170815
0.032250 115.236882
0.032375 114.370709
0.032500 113.670421
0.032625 113.200026
0.032750 113.065354
0.032875 113.099519
0.033000 113.122911
0.033125 112.893784
0.033250 111.796251
0.033375 109.972209
0.033500 107.627931
0.033625 104.791971
0.033750 101.764287
0.033875 98.765072
0.034000 95.812231
0.034125 92.601625
0.034250 88.554264
0.034375 83.070015
0.034500 75.414665
0.034625 66.920955
0.034750 59.452878
0.034875 52.786007
0.035000 49.560816
0.035125 51.925124
0.035250 59.311001
0.035375 69.237257
0.035500 79.779291
0.035625 89.102381
0.035750 96.735568
0.035875 102.700745
0.036000 107.003668
0.036125 110.443454
0.036250 113.353393
0.036375 115.888446
0.036500 118.331208
0.036625 120.526526
0.036750 122.235914
0.036875 123.385183
0.037000 123.989935
0.037125 124.114596
0.037250 124.013603
0.037375 123.860395
0.037500 123.739863
0.037625 123.838658
0.037750 124.272828
0.037875 124.872653
0.038000 125.279010
0.038125 125.233874
0.038250 124.575937
0.038375 123.206071
0.038500 121.249167
0.038625 118.814810
0.038750 116.182239
0.038875 113.459483
0.039000 110.746655
0.039125 107.671560
0.039250 103.744011
0.039375 98.336771
0.039500 91.638737
0.039625 84.942106
0.039750 79.030961
0.039875 73.726972
0.040000 71.167611
0.040125 72.639098
0.040250 77.984132
0.040375 85.738377
0.040500 94.299068
0.040625 102.276711
0.040750 108.880956
0.040875 114.150013
0.041000 118.006645
0.041125 120.898080
0.041250 123.238973
0.041375 125.220509
0.041500 127.102679
0.041625 128.673036
0.041750 129.793862
0.041875 130.505931
0.042000 130.779922
0.042125 130.683330
0.042250 130.279339
0.042375 129.764621
0.042500 129.265548
0.042625 128.959987
0.042750 128.954262
0.042875 129.063514
0.043000 128.941286
0.043125 128.368918
0.043250 127.311960
0.043375 125.688053
0.043500 123.438994
0.043625 120.702015
0.043750 117.727697
0.043875 114.527722
0.044000 111.173287
0.044125 107.299439
0.044250 102.499200
0.044375 96.572193
0.044500 90.154842
0.044625 84.090597
0.044750 78.436873
0.044875 72.946920
0.045000 69.880390
0.045125 70.354449
0.045250 74.447059
0.045375 80.939551
0.045500 88.316059
0.045625 95.460157
0.045750 101.629071
0.045875 106.583098
0.046000 110.329854
0.046125 113.195912
0.046250 115.416153
0.046375 117.334376
0.046500 118.920436
0.046625 120.178763
0.046750 121.104569
0.046875 121.506858
0.047000 121.543120
0.047125 121.260797
0.047250 120.615779
0.047375 119.844922
0.047500 119.119335
0.047625 118.491370
0.047750 117.942337
0.047875 117.454604
0.048000 116.864317
0.048125 115.993442
0.048250 114.652489
0.048375 112.725604
0.048500 110.208534
0.048625 107.177214
0.048750 103.825779
0.048875 100.102755
0.049000 96.037940
0.049125 91.280195
0.049250 85.563547
0.049375 79.301975
0.049500 73.384389
0.049625 68.302552
0.049750 63.141128
0.049875 57.329727
0.050000 54.170936
0.050125 54.673880
0.050250 59.299979
0.050375 66.219055
0.050500 73.995476
0.050625 81.609965
0.050750 88.602247
0.050875 94.372705
0.051000 99.133406
0.051125 103.246342
0.051250 106.584645
0.051375 109.499227
0.051500 112.040802
0.051625 114.181103
0.051750 115.916734
0.051875 117.193706
0.052000 118.081176
0.052125 118.595999
0.052250 118.839698
0.052375 118.952781
0.052500 119.033887
0.052625 119.180150
0.052750 119.455183
0.052875 119.735639
0.053000 119.860160
0.053125 119.665699
0.053250 119.118967
0.053375 117.968013
0.053500 116.321024
0.053625 114.219106
0.053750 111.651408
0.053875 108.676883
0.054000 105.288474
0.054125 101.266712
0.054250 96.661945
0.054375 92.281586
0.054500 88.250373
0.054625 84.736645
0.054750 80.783120
0.054875 76.785248
0.055000 74.702277
0.055125 75.484889
0.055250 79.208803
0.055375 85.094838
0.055500 91.754306
0.055625 98.529149
0.055750 104.763372
0.055875 109.897834
0.056000 114.001396
0.056125 117.351396
0.056250 120.196041
0.056375 122.754142
0.056500 124.894334
0.056625 126.591743
0.056750 127.875045
0.056875 128.807488
0.057000 129.413470
0.057125 129.694218
0.057250 129.676926
0.057375 129.481317
0.057500 129.273887
0.057625 129.130879
0.057750 129.123521
0.057875 129.093761
0.058000 128.861395
0.058125 128.309754
0.058250 127.437669
0.058375 125.996320
0.058500 124.044846
0.058625 121.572499
0.058750 118.651447
0.058875 115.259353
0.059000 111.437832
0.059125 107.058366
0.059250 102.592430
0.059375 98.584249
0.059500 95.125762
0.059625 91.777902
0.059750 87.710464
0.059875 83.561261
0.060000 80.957522
0.060125 80.858990
0.060250 83.601091
0.060375 88.266114
0.060500 93.899991
0.060625 99.646703
0.060750 104.890622
0.060875 109.338356
0.061000 112.769642
0.061125 115.575151
0.061250 118.010480
0.061375 120.185770
0.061500 122.030874
0.061625 123.354445
0.061750 124.338080
0.061875 124.996809
0.062000 125.287028
0.062125 125.274229
0.062250 124.916262
0.062375 124.341549
