0.000000 0.000000
0.000125 24.217235
0.000250 41.884464
0.000375 57.170951
0.000500 68.865180
0.000625 76.853690
0.000750 82.627850
0.000875 86.425014
0.001000 88.426966
0.001125 90.174935
0.001250 91.945850
0.001375 93.535485
0.001500 94.316790
0.001625 94.265087
0.001750 93.969209
0.001875 93.494977
0.002000 92.710475
0.002125 91.579927
0.002250 90.449989
0.002375 89.748393
0.002500 89.748446
0.002625 90.574428
0.002750 91.927553
0.002875 93.571679
0.003000 95.182011
0.003125 96.252522
0.003250 97.001309
0.003375 97.668893
0.003500 97.732719
0.003625 96.834546
0.003750 95.443471
0.003875 93.993589
0.004000 92.653249
0.004125 90.550631
0.004250 86.503186
0.004375 80.404875
0.004500 71.497295
0.004625 59.004428
0.004750 44.058145
0.004875 29.497901
0.005000 27.682789
0.005125 42.013844
0.005250 57.652007
0.005375 71.123984
0.005500 81.060540
0.005625 87.978876
0.005750 92.952283
0.005875 95.490083
0.006000 96.922856
0.006125 98.446426
0.006250 99.947715
0.006375 101.052864
0.006500 101.298238
0.006625 100.994357
0.006750 100.554070
0.006875 99.926621
0.007000 98.861617
0.007125 97.569549
0.007250 96.458657
0.007375 95.831869
0.007500 96.025984
0.007625 96.864300
0.007750 98.154021
0.007875 99.663193
0.008000 100.815576
0.008125 101.471664
0.008250 101.895109
0.008375 102.100597
0.008500 101.470843
0.008625 100.111929
0.008750 98.419597
0.008875 96.850730
0.009000 95.143898
0.009125 92.149141
0.009250 87.206424
0.009375 79.845247
0.009500 69.500973
0.009625 56.168709
0.009750 41.671169
0.009875 32.000154
0.010000 36.542864
0.010125 50.422325
0.010250 64.679545
0.010375 76.382395
0.010500 84.752317
0.010625 90.580764
0.010750 94.378370
0.010875 96.116419
0.011000 97.334714
0.011125 98.591447
0.011250 99.586968
0.011375 100.093069
0.011500 99.858899
0.011625 99.260543
0.011750 98.486325
0.011875 97.514745
0.012000 96.193982
0.012125 94.796029
0.012250 93.660152
0.012375 93.151837
0.012500 93.326638
0.012625 94.101608
0.012750 95.268684
0.012875 96.418957
0.013000 97.151601
0.013125 97.479430
0.013250 97.571283
0.013375 97.156217
0.013500 95.907247
0.013625 94.152406
0.013750 92.203636
0.013875 90.117669
0.014000 87.226646
0.014125 82.999325
0.014250 76.910977
0.014375 68.246790
0.014500 56.442336
0.014625 41.975820
0.014750 28.616769
0.014875 24.005457
0.015000 32.338392
0.015125 47.052819
0.015250 60.681111
0.015375 71.240965
0.015500 78.806279
0.015625 83.996490
0.015750 87.176795
0.015875 89.058669
0.016000 90.457097
0.016125 91.739218
0.016250 92.537022
0.016375 92.812772
0.016500 92.535519
0.016625 91.888222
0.016750 91.142102
0.016875 90.330967
0.017000 89.266276
0.017125 88.283121
0.017250 87.653793
0.017375 87.754890
0.017500 88.482898
0.017625 89.690080
0.017750 91.175364
0.017875 92.483428
0.018000 93.397527
0.018125 94.001447
0.018250 94.155332
0.018375 93.795620
0.018500 92.711185
0.018625 91.278788
0.018750 89.630482
0.018875 87.549415
0.019000 84.648008
0.019125 80.308679
0.019250 73.855277
0.019375 64.515901
0.019500 52.555914
0.019625 40.314550
0.019750 32.307030
0.019875 33.295747
0.020000 42.973561
0.020125 56.553574
0.020250 69.058033
0.020375 78.723762
0.020500 85.722985
0.020625 90.497144
0.020750 93.502538
0.020875 95.493978
0.021000 96.967979
0.021125 98.199274
0.021250 98.981354
0.021375 99.203702
0.021500 99.032217
0.021625 98.573238
0.021750 97.943285
0.021875 97.138083
0.022000 96.282601
0.022125 95.592876
0.022250 95.350007
0.022375 95.687420
0.022500 96.553391
0.022625 97.758553
0.022750 98.977701
0.022875 99.970112
0.023000 100.603634
0.023125 100.844069
0.023250 100.624510
0.023375 99.806468
0.023500 98.500434
0.023625 96.953792
0.023750 95.203082
0.023875 92.823987
0.024000 89.394709
0.024125 84.235459
0.024250 76.636676
0.024375 66.627361
0.024500 55.757054
0.024625 46.660409
0.024750 42.776512
0.024875 46.082294
0.025000 55.154103
0.025125 66.705462
0.025250 77.374756
0.025375 85.544308
0.025500 91.422749
0.025625 95.269605
0.025750 97.664484
0.025875 99.207050
0.026000 100.235025
0.026125 100.916435
0.026250 101.190102
0.026375 101.022447
0.026500 100.497440
0.026625 99.802933
0.026750 98.939687
0.026875 97.978845
0.027000 97.013891
0.027125 96.325116
0.027250 96.097761
0.027375 96.379304
0.027500 97.026122
0.027625 97.902929
0.027750 98.743117
0.027875 99.318352
0.028000 99.531389
0.028125 99.294365
0.028250 98.560395
0.028375 97.360889
0.028500 95.840209
0.028625 93.981255
0.028750 91.554506
0.028875 88.231380
0.029000 83.612465
0.029125 77.023365
0.029250 68.131979
0.029375 57.894998
0.029500 48.058174
0.029625 41.263123
0.029750 39.847388
0.029875 44.476536
0.030000 53.476622
0.030125 64.297124
0.030250 74.032183
0.030375 81.439981
0.030500 86.636596
0.030625 90.031509
0.030750 92.208231
0.030875 93.566847
0.031000 94.354695
0.031125 94.725236
0.031250 94.667156
0.031375 94.219077
0.031500 93.458173
0.031625 92.552007
0.031750 91.580264
0.031875 90.639225
0.032000 89.801918
0.032125 89.231632
0.032250 89.130223
0.032375 89.434839
0.032500 90.040934
0.032625 90.874932
0.032750 91.626453
0.032875 92.052152
0.033000 92.074275
0.033125 91.750425
0.033250 90.961207
0.033375 89.803423
0.033500 88.322265
0.033625 86.277965
0.033750 83.474191
0.033875 79.543844
0.034000 74.058486
0.034125 66.693931
0.034250 58.022977
0.034375 48.931047
0.034500 41.475735
0.034625 37.694584
0.034750 38.915434
0.034875 44.903226
0.035000 54.160686
0.035125 64.644731
0.035250 74.091440
0.035375 81.342400
0.035500 86.563036
0.035625 90.117175
0.035750 92.542590
0.035875 94.165138
0.036000 95.221498
0.036125 95.830947
0.036250 96.051889
0.036375 95.908312
0.036500 95.556254
0.036625 95.103417
0.036750 94.575508
0.036875 94.149743
0.037000 93.892127
0.037125 93.874149
0.037250 94.231700
0.037375 94.948373
0.037500 95.882617
0.037625 96.851072
0.037750 97.619681
0.037875 98.128014
0.038000 98.260871
0.038125 98.020417
0.038250 97.292195
0.038375 96.201897
0.038500 94.595580
0.038625 92.316618
0.038750 89.122264
0.038875 84.790578
0.039000 78.908739
0.039125 71.904266
0.039250 64.170470
0.039375 57.012756
0.039500 52.094133
0.039625 50.471854
0.039750 52.990863
0.039875 58.831352
0.040000 66.880578
0.040125 75.688052
0.040250 83.714955
0.040375 89.960003
0.040500 94.390858
0.040625 97.306997
0.040750 99.180422
0.040875 100.303524
0.041000 100.842127
0.041125 100.961373
0.041250 100.840552
0.041375 100.452639
0.041500 99.958137
0.041625 99.365134
0.041750 98.769359
0.041875 98.288970
0.042000 97.978951
0.042125 97.897018
0.042250 98.113364
0.042375 98.582284
0.042500 99.201735
0.042625 99.754144
0.042750 100.203931
0.042875 100.350041
0.043000 100.102744
0.043125 99.452781
0.043250 98.350448
0.043375 96.847279
0.043500 94.687153
0.043625 91.690982
0.043750 87.609449
0.043875 82.322338
0.044000 75.982722
0.044125 68.933616
0.044250 61.806675
0.044375 56.051645
0.044500 52.478720
0.044625 52.108698
0.044750 55.091652
0.044875 60.585280
0.045000 67.890734
0.045125 75.819591
0.045250 83.073215
0.045375 88.581083
0.045500 92.434096
0.045625 94.916705
0.045750 96.445099
0.045875 97.153478
0.046000 97.342576
0.046125 97.167493
0.046250 96.725231
0.046375 96.126904
0.046500 95.427846
0.046625 94.684850
0.046750 94.051082
0.046875 93.526607
0.047000 93.088913
0.047125 92.879806
0.047250 92.902149
0.047375 93.144424
0.047500 93.536601
0.047625 93.874583
0.047750 94.032716
0.047875 93.877583
0.048000 93.265094
0.048125 92.271515
0.048250 90.788781
0.048375 88.699903
0.048500 85.804648
0.048625 81.930682
0.048750 76.919127
0.048875 71.017873
0.049000 64.362896
0.049125 57.445487
0.049250 51.416087
0.049375 47.040305
0.049500 44.775460
0.049625 45.733307
0.049750 49.235328
0.049875 54.873551
0.050000 62.271032
0.050125 70.310629
0.050250 77.463984
0.050375 82.963257
0.050500 86.821379
0.050625 89.439114
0.050750 91.080956
0.050875 92.000213
0.051000 92.443212
0.051125 92.565467
0.051250 92.421937
0.051375 92.236474
0.051500 91.950431
0.051625 91.687612
0.051750 91.555340
0.051875 91.515147
0.052000 91.593840
0.052125 91.870403
0.052250 92.369131
0.052375 93.083421
0.052500 93.843785
0.052625 94.530918
0.052750 94.988149
0.052875 95.019804
0.053000 94.687933
0.053125 93.908636
0.053250 92.509030
0.053375 90.413404
0.053500 87.434674
0.053625 83.513289
0.053750 78.897278
0.053875 73.545687
0.054000 67.746280
0.054125 62.476506
0.054250 58.412180
0.054375 55.702029
0.054500 55.192992
0.054625 57.107295
0.054750 60.920701
0.054875 66.509197
0.055000 73.279896
0.055125 80.404048
0.055250 86.735267
0.055375 91.673109
0.055500 95.089011
0.055625 97.368955
0.055750 98.696687
0.055875 99.352940
0.056000 99.555842
0.056125 99.475722
0.056250 99.269373
0.056375 99.018398
0.056500 98.745192
0.056625 98.539496
0.056750 98.391883
0.056875 98.266081
0.057000 98.285845
0.057125 98.455920
0.057250 98.828723
0.057375 99.310746
0.057500 99.793214
0.057625 100.134599
0.057750 100.158206
0.057875 99.860135
0.058000 99.175237
0.058125 97.962358
0.058250 96.049562
0.058375 93.352864
0.058500 89.848337
0.058625 85.716510
0.058750 80.895781
0.058875 75.514989
0.059000 70.292243
0.059125 66.015009
0.059250 62.780362
0.059375 60.820085
0.059500 60.931244
0.059625 62.918155
0.059750 66.430979
0.059875 71.308633
0.060000 77.388023
0.060125 83.583152
0.060250 89.121235
0.060375 93.325747
0.060500 96.171208
0.060625 97.971025
0.060750 98.859218
0.060875 99.136648
0.061000 99.022510
0.061125 98.672467
0.061250 98.264203
0.061375 97.860409
0.061500 97.455977
0.061625 97.111666
0.061750 96.769225
0.061875 96.475370
0.062000 96.270585
0.062125 96.221892
0.062250 96.375104
0.062375 96.595303
