0.000000 0.000000
0.000125 24.497094
0.000250 43.777183
0.000375 60.868938
0.000500 75.219294
0.000625 86.566198
0.000750 95.485855
0.000875 103.087200
0.001000 109.982251
0.001125 116.259605
0.001250 122.873143
0.001375 130.147089
0.001500 136.758887
0.001625 142.209869
0.001750 146.254717
0.001875 148.874314
0.002000 150.016241
0.002125 149.929848
0.002250 149.521586
0.002375 149.239958
0.002500 149.073999
0.002625 149.253941
0.002750 149.800709
0.002875 150.603712
0.003000 151.474322
0.003125 152.135790
0.003250 151.626127
0.003375 149.524012
0.003500 145.947491
0.003625 141.030123
0.003750 134.850188
0.003875 128.246477
0.004000 122.134935
0.004125 116.176774
0.004250 109.716799
0.004375 102.572062
0.004500 94.256402
0.004625 83.895788
0.004750 71.118357
0.004875 56.610293
0.005000 42.770243
0.005125 35.703985
0.005250 42.782688
0.005375 57.840907
0.005500 73.452792
0.005625 87.226589
0.005750 98.463256
0.005875 107.399336
0.006000 114.821605
0.006125 121.268533
0.006250 127.150403
0.006375 132.872301
0.006500 138.859089
0.006625 144.867581
0.006750 150.099229
0.006875 154.054750
0.007000 156.701973
0.007125 157.814694
0.007250 157.647901
0.007375 157.048279
0.007500 156.575765
0.007625 156.162871
0.007750 155.994298
0.007875 156.160772
0.008000 156.562951
0.008125 157.112559
0.008250 157.491216
0.008375 156.824656
0.008500 154.458559
0.008625 150.615476
0.008750 145.491379
0.008875 139.259640
0.009000 132.658388
0.009125 126.189119
0.009250 119.770082
0.009375 112.940333
0.009500 105.469369
0.009625 97.042475
0.009750 87.163541
0.009875 75.658250
0.010000 62.893068
0.010125 50.948070
0.010250 44.117621
0.010375 47.526451
0.010500 59.704171
0.010625 74.183978
0.010750 87.500452
0.010875 98.577763
0.011000 107.399638
0.011125 114.544275
0.011250 120.606810
0.011375 126.055588
0.011500 131.302955
0.011625 136.761312
0.011750 142.242474
0.011875 147.168651
0.012000 150.914382
0.012125 153.365266
0.012250 154.439135
0.012375 154.383448
0.012500 153.758604
0.012625 152.985151
0.012750 152.220371
0.012875 151.630768
0.013000 151.338618
0.013125 151.282117
0.013250 151.304307
0.013375 151.029981
0.013500 149.890585
0.013625 147.357361
0.013750 143.412249
0.013875 138.117167
0.014000 131.639381
0.014125 124.404704
0.014250 117.029162
0.014375 109.814616
0.014500 102.585341
0.014625 95.015133
0.014750 86.732544
0.014875 77.141823
0.015000 65.827612
0.015125 53.186159
0.015250 40.873797
0.015375 32.586462
0.015500 33.392555
0.015625 44.871060
0.015750 60.337243
0.015875 74.671980
0.016000 86.639993
0.016125 96.251152
0.016250 103.828011
0.016375 110.129726
0.016500 115.826245
0.016625 121.319826
0.016750 127.166340
0.016875 133.089358
0.017000 138.382069
0.017125 142.479153
0.017250 145.332439
0.017375 147.018412
0.017500 147.669376
0.017625 147.647157
0.017750 147.311448
0.017875 146.916324
0.018000 146.599269
0.018125 146.474016
0.018250 146.625043
0.018375 146.820788
0.018500 146.723443
0.018625 145.923507
0.018750 143.951879
0.018875 140.600935
0.019000 135.973322
0.019125 130.364384
0.019250 124.035912
0.019375 117.381201
0.019500 110.826292
0.019625 104.359257
0.019750 97.736186
0.019875 90.590941
0.020000 82.374500
0.020125 73.140506
0.020250 63.238021
0.020375 53.928247
0.020500 48.178110
0.020625 48.396655
0.020750 56.138641
0.020875 68.648372
0.021000 82.110544
0.021125 94.226557
0.021250 104.297038
0.021375 112.431909
0.021500 119.182414
0.021625 125.183174
0.021750 130.720657
0.021875 136.076246
0.022000 141.342131
0.022125 146.277381
0.022250 150.415955
0.022375 153.436181
0.022500 155.314261
0.022625 156.198676
0.022750 156.281932
0.022875 155.870278
0.023000 155.256368
0.023125 154.642257
0.023250 154.180496
0.023375 153.895827
0.023500 153.608481
0.023625 153.104160
0.023750 152.037646
0.023875 150.090610
0.024000 146.989526
0.024125 142.719450
0.024250 137.484214
0.024375 131.455565
0.024500 125.133669
0.024625 118.867498
0.024750 112.683208
0.024875 106.272590
0.025000 99.388236
0.025125 91.746903
0.025250 83.512098
0.025375 75.098386
0.025500 67.394834
0.025625 62.119177
0.025750 61.084620
0.025875 65.498863
0.026000 74.621893
0.026125 85.874407
0.026250 96.997957
0.026375 106.690801
0.026500 114.745836
0.026625 121.400297
0.026750 127.105405
0.026875 132.244357
0.027000 137.047531
0.027125 141.650998
0.027250 145.992504
0.027375 149.711174
0.027500 152.508230
0.027625 154.297568
0.027750 155.110181
0.027875 155.130598
0.028000 154.517738
0.028125 153.606182
0.028250 152.626609
0.028375 151.665046
0.028500 150.831968
0.028625 150.049733
0.028750 149.107427
0.028875 147.750849
0.029000 145.580577
0.029125 142.354301
0.029250 138.026022
0.029375 132.751640
0.029500 126.773423
0.029625 120.370328
0.029750 113.787738
0.029875 107.069371
0.030000 100.220279
0.030125 93.048573
0.030250 85.285919
0.030375 77.118873
0.030500 68.524271
0.030625 60.421425
0.030750 54.881567
0.030875 52.293756
0.031000 54.859623
0.031125 62.633704
0.031250 73.338312
0.031375 84.720006
0.031500 95.019584
0.031625 103.667771
0.031750 110.709326
0.031875 116.683900
0.032000 121.987800
0.032125 126.829662
0.032250 131.489885
0.032375 135.786197
0.032500 139.523849
0.032625 142.421519
0.032750 144.363209
0.032875 145.409629
0.033000 145.650629
0.033125 145.227905
0.033250 144.426633
0.033375 143.557019
0.033500 142.840547
0.033625 142.208941
0.033750 141.561483
0.033875 140.750932
0.034000 139.487690
0.034125 137.674835
0.034250 134.941968
0.034375 131.370081
0.034500 126.920939
0.034625 121.825764
0.034750 116.127517
0.034875 110.029076
0.035000 103.982567
0.035125 97.825175
0.035250 91.184361
0.035375 84.472786
0.035500 77.633228
0.035625 70.271987
0.035750 63.758144
0.035875 59.488404
0.036000 57.431159
0.036125 59.297242
0.036250 65.848638
0.036375 75.346178
0.036500 86.168077
0.036625 96.738073
0.036750 106.052805
0.036875 113.930433
0.037000 120.602768
0.037125 126.410552
0.037250 131.614584
0.037375 136.355957
0.037500 140.759573
0.037625 144.637531
0.037750 147.818267
0.037875 150.181307
0.038000 151.749097
0.038125 152.506699
0.038250 152.645206
0.038375 152.356219
0.038500 151.750516
0.038625 150.999125
0.038750 150.247826
0.038875 149.446025
0.039000 148.429778
0.039125 147.112855
0.039250 145.449875
0.039375 143.132249
0.039500 140.058023
0.039625 136.162932
0.039750 131.537833
0.039875 126.295244
0.040000 120.779133
0.040125 115.054661
0.040250 109.087257
0.040375 102.983314
0.040500 96.903019
0.040625 90.572325
0.040750 84.245779
0.040875 78.957779
0.041000 75.198993
0.041125 73.121979
0.041250 73.749979
0.041375 77.930078
0.041500 84.855730
0.041625 93.481099
0.041750 102.636508
0.041875 111.157400
0.042000 118.683312
0.042125 125.143176
0.042250 130.704036
0.042375 135.493264
0.042500 139.652320
0.042625 143.443274
0.042750 146.781496
0.042875 149.541374
0.043000 151.683848
0.043125 153.179847
0.043250 153.953011
0.043375 154.056847
0.043500 153.580484
0.043625 152.699475
0.043750 151.589617
0.043875 150.404429
0.044000 149.117237
0.044125 147.697936
0.044250 146.209515
0.044375 144.412002
0.044500 141.987598
0.044625 138.863581
0.044750 134.970308
0.044875 130.372940
0.045000 125.222169
0.045125 119.586884
0.045250 113.506548
0.045375 107.175607
0.045500 100.887133
0.045625 94.599326
0.045750 87.943366
0.045875 81.310722
0.046000 75.861211
0.046125 71.830536
0.046250 69.043622
0.046375 68.242179
0.046500 70.931963
0.046625 76.523538
0.046750 84.130990
0.046875 92.874079
0.047000 101.438277
0.047125 109.137802
0.047250 115.913207
0.047375 121.650296
0.047500 126.433119
0.047625 130.544059
0.047750 134.292809
0.047875 137.616372
0.048000 140.392770
0.048125 142.619069
0.048250 144.193335
0.048375 145.023395
0.048500 145.116101
0.048625 144.621192
0.048750 143.666061
0.048875 142.402597
0.049000 141.002693
0.049125 139.653354
0.049250 138.297427
0.049375 136.752140
0.049500 134.973297
0.049625 132.602931
0.049750 129.573742
0.049875 125.875583
0.050000 121.809132
0.050125 117.157770
0.050250 111.868718
0.050375 105.978499
0.050500 100.038788
0.050625 94.269336
0.050750 88.359066
0.050875 81.832479
0.051000 75.434030
0.051125 70.949342
0.051250 67.802539
0.051375 65.605848
0.051500 64.727079
0.051625 66.956595
0.051750 72.365295
0.051875 79.690568
0.052000 88.270460
0.052125 97.214543
0.052250 105.555054
0.052375 113.123103
0.052500 119.676987
0.052625 125.199778
0.052750 129.971483
0.052875 134.253728
0.053000 138.104118
0.053125 141.368189
0.053250 144.058029
0.053375 146.139851
0.053500 147.566967
0.053625 148.253885
0.053750 148.297737
0.053875 147.857875
0.054000 147.097651
0.054125 146.313492
0.054250 145.453579
0.054375 144.417309
0.054500 143.231609
0.054625 141.802120
0.054750 139.953948
0.054875 137.603268
0.055000 134.880972
0.055125 131.505292
0.055250 127.385639
0.055375 122.570035
0.055500 117.421505
0.055625 112.281554
0.055750 107.049399
0.055875 101.499868
0.056000 95.700521
0.056125 90.450152
0.056250 86.528141
0.056375 83.703533
0.056500 81.684210
0.056625 80.770906
0.056750 81.849667
0.056875 85.649145
0.057000 91.194585
0.057125 98.062426
0.057250 105.571036
0.057375 112.989248
0.057500 119.946471
0.057625 126.187703
0.057750 131.524904
0.057875 136.106915
0.058000 139.995583
0.058125 143.343138
0.058250 146.162407
0.058375 148.466549
0.058500 150.238150
0.058625 151.432863
0.058750 151.947273
0.058875 151.869826
0.059000 151.425671
0.059125 150.639212
0.059250 149.674564
0.059375 148.576657
0.059500 147.293777
0.059625 145.823301
0.059750 144.161843
0.059875 142.213291
0.060000 139.957325
0.060125 137.191802
0.060250 133.826695
0.060375 129.714976
0.060500 124.885221
0.060625 119.766846
0.060750 114.544210
0.060875 109.094529
0.061000 103.160232
0.061125 97.061085
0.061250 91.572199
0.061375 87.401956
0.061500 84.300972
0.061625 81.921268
0.061750 80.220063
0.061875 80.092158
0.062000 82.550888
0.062125 86.973351
0.062250 92.767392
0.062375 99.442877
