0.000000 0.000000
0.000125 14.719961
0.000250 23.396063
0.000375 31.451831
0.000500 38.542052
0.000625 44.730208
0.000750 49.920322
0.000875 54.091248
0.001000 57.195369
0.001125 59.244523
0.001250 60.333213
0.001375 60.561210
0.001500 60.089430
0.001625 59.073180
0.001750 57.784670
0.001875 56.449199
0.002000 55.388335
0.002125 55.118980
0.002250 55.171250
0.002375 55.217646
0.002500 55.289555
0.002625 55.369042
0.002750 55.712134
0.002875 56.562688
0.003000 57.988265
0.003125 59.390912
0.003250 60.657704
0.003375 61.467072
0.003500 61.656932
0.003625 60.965696
0.003750 59.437820
0.003875 56.878603
0.004000 53.318227
0.004125 48.734827
0.004250 43.122959
0.004375 36.522480
0.004500 29.127828
0.004625 21.208204
0.004750 14.629904
0.004875 15.923621
0.005000 23.185842
0.005125 31.165461
0.005250 38.541610
0.005375 45.094888
0.005500 50.661789
0.005625 55.219847
0.005750 58.684225
0.005875 61.124489
0.006000 62.552197
0.006125 63.078835
0.006250 62.880407
0.006375 62.040016
0.006500 60.817519
0.006625 59.451426
0.006750 58.202424
0.006875 57.548721
0.007000 57.440722
0.007125 57.464358
0.007250 57.485680
0.007375 57.549104
0.007500 57.793573
0.007625 58.480586
0.007750 59.667577
0.007875 61.051913
0.008000 62.312295
0.008125 63.203387
0.008250 63.540090
0.008375 63.124787
0.008500 61.831219
0.008625 59.561889
0.008750 56.336742
0.008875 52.064769
0.009000 46.834446
0.009125 40.572083
0.009250 33.510832
0.009375 25.994408
0.009500 19.371202
0.009625 17.390683
0.009750 22.250005
0.009875 29.517629
0.010000 36.627324
0.010125 43.218144
0.010250 49.033450
0.010375 53.869113
0.010500 57.634121
0.010625 60.368130
0.010750 62.107434
0.010875 62.945422
0.011000 62.956626
0.011125 62.269551
0.011250 61.092398
0.011375 59.717550
0.011500 58.359143
0.011625 57.367442
0.011750 56.992631
0.011875 56.864540
0.012000 56.793909
0.012125 56.821408
0.012250 56.949702
0.012375 57.377476
0.012500 58.220554
0.012625 59.393116
0.012750 60.648342
0.012875 61.612012
0.013000 62.051082
0.013125 61.785600
0.013250 60.674176
0.013375 58.658632
0.013500 55.677912
0.013625 51.707588
0.013750 46.667252
0.013875 40.663171
0.014000 33.879095
0.014125 26.697153
0.014250 19.746409
0.014375 15.632014
0.014500 17.974988
0.014625 24.700645
0.014750 31.955462
0.014875 38.622641
0.015000 44.527794
0.015125 49.579807
0.015250 53.715199
0.015375 56.917926
0.015500 59.133810
0.015625 60.427197
0.015750 60.767513
0.015875 60.402340
0.016000 59.465481
0.016125 58.250761
0.016250 56.979728
0.016375 55.927316
0.016500 55.387412
0.016625 55.263515
0.016750 55.276347
0.016875 55.303113
0.017000 55.443843
0.017125 55.856990
0.017250 56.595115
0.017375 57.695053
0.017500 58.993459
0.017625 60.149453
0.017750 60.832152
0.017875 60.892328
0.018000 60.195252
0.018125 58.607078
0.018250 56.015729
0.018375 52.519209
0.018500 47.955854
0.018625 42.478688
0.018750 36.328023
0.018875 29.699862
0.019000 23.182304
0.019125 18.326609
0.019250 18.497508
0.019375 23.375394
0.019500 30.373190
0.019625 37.324821
0.019750 43.549618
0.019875 48.890285
0.020000 53.285813
0.020125 56.708364
0.020250 59.267588
0.020375 61.003589
0.020500 61.816315
0.020625 61.886665
0.020750 61.317749
0.020875 60.355063
0.021000 59.235801
0.021125 58.225852
0.021250 57.554669
0.021375 57.319265
0.021500 57.311601
0.021625 57.410545
0.021750 57.575378
0.021875 57.928219
0.022000 58.572498
0.022125 59.577912
0.022250 60.778281
0.022375 61.967017
0.022500 62.791637
0.022625 63.033800
0.022750 62.589987
0.022875 61.304446
0.023000 59.125904
0.023125 55.963405
0.023250 51.854596
0.023375 46.916271
0.023500 41.282893
0.023625 35.170421
0.023750 29.135077
0.023875 24.202419
0.024000 22.679544
0.024125 25.277060
0.024250 30.825048
0.024375 37.386531
0.024500 43.653619
0.024625 49.182707
0.024750 53.751864
0.024875 57.328859
0.025000 59.966968
0.025125 61.705794
0.025250 62.641845
0.025375 62.931484
0.025500 62.606313
0.025625 61.796441
0.025750 60.708252
0.025875 59.611063
0.026000 58.763865
0.026125 58.288462
0.026250 58.152053
0.026375 58.122882
0.026500 58.195257
0.026625 58.392336
0.026750 58.895237
0.026875 59.662917
0.027000 60.621650
0.027125 61.650530
0.027250 62.455898
0.027375 62.777971
0.027500 62.473026
0.027625 61.393972
0.027750 59.411962
0.027875 56.472780
0.028000 52.683913
0.028125 48.051739
0.028250 42.731212
0.028375 36.879188
0.028500 30.954592
0.028625 25.561379
0.028750 22.801321
0.028875 23.759048
0.029000 27.706118
0.029125 33.685785
0.029250 39.959797
0.029375 45.679130
0.029500 50.573975
0.029625 54.466275
0.029750 57.393204
0.029875 59.384916
0.030000 60.532048
0.030125 60.893534
0.030250 60.550257
0.030375 59.843536
0.030500 58.904548
0.030625 57.854041
0.030750 56.973640
0.030875 56.413874
0.031000 56.147328
0.031125 56.103794
0.031250 56.159698
0.031375 56.262628
0.031500 56.625633
0.031625 57.234313
0.031750 58.037857
0.031875 58.926735
0.032000 59.739927
0.032125 60.207801
0.032250 60.096367
0.032375 59.241583
0.032500 57.544753
0.032625 54.942834
0.032750 51.579421
0.032875 47.441162
0.033000 42.514319
0.033125 36.990139
0.033250 31.260974
0.033375 25.738023
0.033500 22.104775
0.033625 22.027570
0.033750 24.797090
0.033875 29.768444
0.034000 35.975516
0.034125 41.978259
0.034250 47.323059
0.034375 51.734624
0.034500 55.156140
0.034625 57.618651
0.034750 59.177890
0.034875 59.963451
0.035000 60.017475
0.035125 59.511881
0.035250 58.586989
0.035375 57.632071
0.035500 56.859951
0.035625 56.349393
0.035750 56.121341
0.035875 56.147996
0.036000 56.301048
0.036125 56.553652
0.036250 56.916659
0.036375 57.566136
0.036500 58.383742
0.036625 59.311396
0.036750 60.191733
0.036875 60.810045
0.037000 60.984100
0.037125 60.437873
0.037250 59.151769
0.037375 57.058877
0.037500 54.220029
0.037625 50.650542
0.037750 46.246479
0.037875 41.302439
0.038000 36.033221
0.038125 30.874546
0.038250 27.040874
0.038375 25.921831
0.038500 27.489995
0.038625 31.144875
0.038750 36.385430
0.038875 42.191974
0.039000 47.616082
0.039125 52.331831
0.039250 56.109134
0.039375 58.932926
0.039500 60.822533
0.039625 61.910001
0.039750 62.218865
0.039875 61.921523
0.040000 61.174062
0.040125 60.210878
0.040250 59.228498
0.040375 58.455478
0.040500 58.042305
0.040625 57.901734
0.040750 57.985292
0.040875 58.196356
0.041000 58.522900
0.041125 59.059564
0.041250 59.780123
0.041375 60.584767
0.041500 61.345582
0.041625 61.947033
0.041750 62.163488
0.041875 61.766756
0.042000 60.671849
0.042125 58.932663
0.042250 56.410013
0.042375 53.109893
0.042500 49.034043
0.042625 44.421165
0.042750 39.431866
0.042875 34.377205
0.043000 30.239774
0.043125 28.230067
0.043250 28.657167
0.043375 31.145138
0.043500 35.198287
0.043625 40.375009
0.043750 45.728878
0.043875 50.520244
0.044000 54.529876
0.044125 57.629893
0.044250 59.801419
0.044375 61.135337
0.044500 61.691740
0.044625 61.604144
0.044750 61.010551
0.044875 60.096162
0.045000 59.029981
0.045125 58.066948
0.045250 57.346171
0.045375 56.896754
0.045500 56.739871
0.045625 56.798632
0.045750 57.032640
0.045875 57.421746
0.046000 57.981241
0.046125 58.667795
0.046250 59.325861
0.046375 59.846847
0.046500 60.076806
0.046625 59.779933
0.046750 58.915094
0.046875 57.396240
0.047000 55.170000
0.047125 52.071299
0.047250 48.243180
0.047375 43.891174
0.047500 39.141932
0.047625 34.062623
0.047750 29.504541
0.047875 26.836676
0.048000 26.505942
0.048125 28.162456
0.048250 31.337313
0.048375 35.824087
0.048500 41.008172
0.048625 45.986039
0.048750 50.338557
0.048875 53.837198
0.049000 56.454448
0.049125 58.202927
0.049250 59.160280
0.049375 59.399388
0.049500 59.083611
0.049625 58.386387
0.049750 57.498917
0.049875 56.574677
0.050000 55.831109
0.050125 55.319018
0.050250 55.012635
0.050375 54.926811
0.050500 55.093892
0.050625 55.458324
0.050750 56.020665
0.050875 56.773151
0.051000 57.487318
0.051125 58.137309
0.051250 58.497496
0.051375 58.514294
0.051500 58.051095
0.051625 56.921626
0.051750 55.118802
0.051875 52.462851
0.052000 49.131572
0.052125 45.243408
0.052250 40.937936
0.052375 36.256474
0.052500 31.745415
0.052625 28.814945
0.052750 27.935801
0.052875 29.037847
0.053000 31.543976
0.053125 35.246303
0.053250 39.916635
0.053375 44.888365
0.053500 49.473361
0.053625 53.373825
0.053750 56.419789
0.053875 58.610969
0.054000 59.983733
0.054125 60.668009
0.054250 60.709318
0.054375 60.294021
0.054500 59.614650
0.054625 58.868797
0.054750 58.155472
0.054875 57.650720
0.055000 57.246734
0.055125 57.055167
0.055250 57.052563
0.055375 57.272146
0.055500 57.702432
0.055625 58.349701
0.055750 59.095275
0.055875 59.756587
0.056000 60.230207
0.056125 60.409913
0.056250 60.182328
0.056375 59.371916
0.056500 57.873863
0.056625 55.583844
0.056750 52.577148
0.056875 49.096585
0.057000 45.097115
0.057125 40.713552
0.057250 36.397715
0.057375 33.181429
0.057500 31.721446
0.057625 32.012977
0.057750 33.796872
0.057875 36.669996
0.058000 40.492828
0.058125 44.915373
0.058250 49.339354
0.058375 53.321261
0.058500 56.534077
0.058625 58.950018
0.058750 60.573507
0.058875 61.472019
0.059000 61.739176
0.059125 61.526816
0.059250 60.922888
0.059375 60.198290
0.059500 59.421126
0.059625 58.790874
0.059750 58.289092
0.059875 57.907603
0.060000 57.700870
0.060125 57.700718
0.060250 57.878261
0.060375 58.250064
0.060500 58.721178
0.060625 59.263365
0.060750 59.685593
0.060875 59.932606
0.061000 59.803195
0.061125 59.157640
0.061250 57.776491
0.061375 55.711879
0.061500 52.963601
0.061625 49.669505
0.061750 45.866053
0.061875 41.609330
0.062000 37.231083
0.062125 33.671415
0.062250 31.687731
0.062375 31.297027
