0.000000 0.000000
0.000125 27.316417
0.000250 46.958927
0.000375 63.776283
0.000500 78.221621
0.000625 91.304096
0.000750 103.346795
0.000875 113.736130
0.001000 122.816121
0.001125 130.522413
0.001250 137.367319
0.001375 144.510948
0.001500 151.975223
0.001625 158.493863
0.001750 163.213530
0.001875 166.429983
0.002000 169.286270
0.002125 171.634048
0.002250 172.815751
0.002375 173.079448
0.002500 172.483704
0.002625 170.648415
0.002750 167.981729
0.002875 165.105741
0.003000 161.336369
0.003125 155.691636
0.003250 148.766306
0.003375 141.457168
0.003500 134.502464
0.003625 127.324715
0.003750 119.106685
0.003875 109.689219
0.004000 98.529764
0.004125 86.334381
0.004250 73.416669
0.004375 59.025745
0.004500 42.150267
0.004625 25.247953
0.004750 27.464983
0.004875 44.543510
0.005000 61.575445
0.005125 76.743858
0.005250 90.469131
0.005375 103.084174
0.005500 114.294201
0.005625 123.811137
0.005750 132.281730
0.005875 139.344148
0.006000 146.117671
0.006125 153.254528
0.006250 159.982002
0.006375 165.276147
0.006500 168.936947
0.006625 171.743654
0.006750 174.234575
0.006875 175.746812
0.007000 176.174758
0.007125 175.845257
0.007250 174.426160
0.007375 171.857827
0.007500 168.854851
0.007625 165.409983
0.007750 160.431720
0.007875 153.928501
0.008000 146.748968
0.008125 139.819050
0.008250 132.793248
0.008375 125.014111
0.008500 116.137593
0.008625 105.848003
0.008750 94.210326
0.008875 81.864820
0.009000 68.445323
0.009125 53.102776
0.009250 36.812018
0.009375 30.120620
0.009500 41.934623
0.009625 57.968566
0.009750 72.559161
0.009875 85.851048
0.010000 98.459571
0.010125 110.125260
0.010250 120.217183
0.010375 129.120475
0.010500 136.636747
0.010625 143.297205
0.010750 150.168616
0.010875 156.935930
0.011000 162.615222
0.011125 166.684194
0.011250 169.515492
0.011375 171.846694
0.011500 173.671229
0.011625 174.396413
0.011750 174.316718
0.011875 173.302432
0.012000 171.126007
0.012125 168.268109
0.012250 165.038096
0.012375 160.730316
0.012500 154.893331
0.012625 147.981889
0.012750 140.942517
0.012875 133.916142
0.013000 126.390531
0.013125 117.898111
0.013250 108.046223
0.013375 96.707286
0.013500 84.441366
0.013625 71.264301
0.013750 56.537633
0.013875 40.001560
0.014000 27.986102
0.014125 33.099226
0.014250 48.580229
0.014375 64.031700
0.014500 77.760728
0.014625 89.959109
0.014750 101.306621
0.014875 111.604474
0.015000 120.801335
0.015125 129.014740
0.015250 136.011966
0.015375 142.918897
0.015500 149.859294
0.015625 156.131894
0.015750 160.957653
0.015875 164.410273
0.016000 167.014974
0.016125 169.095109
0.016250 170.400596
0.016375 170.788060
0.016500 170.357137
0.016625 168.880508
0.016750 166.517420
0.016875 163.569971
0.017000 159.883071
0.017125 154.861468
0.017250 148.568458
0.017375 141.771471
0.017500 134.907811
0.017625 127.770995
0.017750 119.879262
0.017875 110.764561
0.018000 100.194002
0.018125 88.375174
0.018250 75.681909
0.018375 61.750535
0.018500 46.316577
0.018625 32.761425
0.018750 31.405831
0.018875 42.977842
0.019000 58.564755
0.019125 73.086901
0.019250 86.166112
0.019375 97.940693
0.019500 108.410299
0.019625 117.699398
0.019750 126.147846
0.019875 133.650339
0.020000 140.810827
0.020125 148.106047
0.020250 155.063601
0.020375 160.881909
0.020500 165.276963
0.020625 168.560047
0.020750 171.038663
0.020875 172.786769
0.021000 173.693543
0.021125 173.698483
0.021250 172.742815
0.021375 170.853169
0.021500 168.239110
0.021625 164.976091
0.021750 160.602368
0.021875 154.912320
0.022000 148.468577
0.022125 141.679973
0.022250 134.661060
0.022375 127.107348
0.022500 118.429895
0.022625 108.443833
0.022750 97.144793
0.022875 84.973826
0.023000 71.799056
0.023125 57.520906
0.023250 44.325380
0.023375 38.858314
0.023500 44.462572
0.023625 57.378026
0.023750 71.584808
0.023875 84.841268
0.024000 97.016624
0.024125 108.039359
0.024250 117.655921
0.024375 126.186179
0.024500 133.676003
0.024625 140.604536
0.024750 147.486285
0.024875 154.304588
0.025000 160.466093
0.025125 165.446495
0.025250 169.236797
0.025375 172.102005
0.025500 174.131964
0.025625 175.321011
0.025750 175.548370
0.025875 174.798111
0.026000 173.103150
0.026125 170.624594
0.026250 167.405117
0.026375 163.331121
0.026500 158.080472
0.026625 151.868755
0.026750 145.134726
0.026875 138.158726
0.027000 130.607448
0.027125 122.213454
0.027250 112.512390
0.027375 101.537360
0.027500 89.594302
0.027625 76.687188
0.027750 62.786516
0.027875 49.156618
0.028000 41.039221
0.028125 42.000319
0.028250 51.561676
0.028375 65.068070
0.028500 78.558896
0.028625 90.987794
0.028750 102.401554
0.028875 112.728443
0.029000 121.797530
0.029125 129.616214
0.029250 136.421956
0.029375 142.862930
0.029500 149.488618
0.029625 155.602221
0.029750 160.727895
0.029875 164.770373
0.030000 167.896639
0.030125 170.256758
0.030250 171.841817
0.030375 172.471460
0.030500 172.085361
0.030625 170.712989
0.030750 168.408064
0.030875 165.331699
0.031000 161.433934
0.031125 156.534579
0.031250 150.642308
0.031375 144.117493
0.031500 137.238533
0.031625 129.911483
0.031750 121.833551
0.031875 112.641763
0.032000 102.061018
0.032125 90.392438
0.032250 77.722137
0.032375 63.996489
0.032500 49.963408
0.032625 40.176088
0.032750 38.088453
0.032875 44.113210
0.033000 56.117102
0.033125 69.931391
0.033250 82.992918
0.033375 94.799733
0.033500 105.656663
0.033625 115.563741
0.033750 124.223970
0.033875 131.755181
0.034000 138.511278
0.034125 144.900720
0.034250 150.969141
0.034375 156.627446
0.034500 161.139875
0.034625 164.695709
0.034750 167.409837
0.034875 169.379391
0.035000 170.597253
0.035125 170.940912
0.035250 170.243126
0.035375 168.584093
0.035500 166.069954
0.035625 162.623040
0.035750 158.321040
0.035875 153.077046
0.036000 147.078210
0.036125 140.564852
0.036250 133.658709
0.036375 126.096166
0.036500 117.633478
0.036625 107.925003
0.036750 96.939815
0.036875 85.020275
0.037000 72.172723
0.037125 59.115239
0.037250 48.899689
0.037375 44.730579
0.037500 47.432323
0.037625 56.356566
0.037750 68.879572
0.037875 81.926201
0.038000 94.123921
0.038125 105.137204
0.038250 115.301932
0.038375 124.551491
0.038500 132.676866
0.038625 139.984918
0.038750 146.596147
0.038875 152.783173
0.039000 158.298149
0.039125 162.978028
0.039250 166.808411
0.039375 169.791141
0.039500 171.864787
0.039625 173.227038
0.039750 173.801645
0.039875 173.470932
0.040000 172.222145
0.040125 170.139709
0.040250 167.069479
0.040375 163.100180
0.040500 158.232637
0.040625 152.567014
0.040750 146.304608
0.040875 139.572745
0.041000 132.148344
0.041125 123.923441
0.041250 114.653369
0.041375 104.232655
0.041500 92.783390
0.041625 80.445679
0.041750 67.846163
0.041875 57.205781
0.042000 51.319500
0.042125 51.429357
0.042250 57.062095
0.042375 67.095690
0.042500 79.318781
0.042625 91.480221
0.042750 102.591582
0.042875 112.644249
0.043000 122.021264
0.043125 130.460699
0.043250 138.023564
0.043375 144.863792
0.043500 151.125651
0.043625 156.738974
0.043750 161.624073
0.043875 165.589700
0.044000 168.567925
0.044125 170.681361
0.044250 172.134722
0.044375 172.824885
0.044500 172.679470
0.044625 171.657694
0.044750 169.785060
0.044875 167.037483
0.045000 163.363581
0.045125 158.798719
0.045250 153.452924
0.045375 147.412218
0.045500 140.808976
0.045625 133.548667
0.045750 125.457139
0.045875 116.432846
0.046000 106.253573
0.046125 95.078714
0.046250 82.823062
0.046375 69.962329
0.046500 58.547381
0.046625 51.274921
0.046750 49.341398
0.046875 52.483055
0.047000 60.414616
0.047125 71.461129
0.047250 83.580584
0.047375 95.080892
0.047500 105.429923
0.047625 114.859027
0.047750 123.562422
0.047875 131.555449
0.048000 138.781169
0.048125 145.285735
0.048250 151.039464
0.048375 156.250131
0.048500 160.633210
0.048625 164.071770
0.048750 166.530279
0.048875 168.139732
0.049000 168.967491
0.049125 169.133098
0.049250 168.394616
0.049375 166.883907
0.049500 164.496664
0.049625 161.212737
0.049750 157.043469
0.049875 152.137725
0.050000 146.561988
0.050125 140.481090
0.050250 133.664705
0.050375 125.988432
0.050500 117.382930
0.050625 107.770166
0.050750 97.077167
0.050875 85.346214
0.051000 72.706263
0.051125 60.974324
0.051250 52.916732
0.051375 49.748616
0.051500 51.402227
0.051625 57.168270
0.051750 66.675897
0.051875 78.395412
0.052000 90.232124
0.052125 101.199656
0.052250 111.082646
0.052375 120.166842
0.052500 128.555290
0.052625 136.338630
0.052750 143.360331
0.052875 149.679573
0.053000 155.261276
0.053125 160.165967
0.053250 164.246596
0.053375 167.371873
0.053500 169.535882
0.053625 170.865479
0.053750 171.399347
0.053875 171.105162
0.054000 169.968882
0.054125 167.936800
0.054250 165.066410
0.054375 161.290118
0.054500 156.861018
0.054625 151.690351
0.054750 145.985882
0.054875 139.562103
0.055000 132.398034
0.055125 124.183489
0.055250 115.101170
0.055375 104.980191
0.055500 93.881670
0.055625 81.975026
0.055750 70.454705
0.055875 61.869230
0.056000 57.301082
0.056125 57.379698
0.056250 61.099910
0.056375 68.440531
0.056500 78.488809
0.056625 89.812011
0.056750 100.761637
0.056875 110.880640
0.057000 120.066161
0.057125 128.486020
0.057250 136.379739
0.057375 143.713881
0.057500 150.229999
0.057625 155.943082
0.057750 161.008231
0.057875 165.334491
0.058000 168.807981
0.058125 171.326775
0.058250 172.891519
0.058375 173.625095
0.058500 173.535661
0.058625 172.634941
0.058750 170.828589
0.058875 168.127270
0.059000 164.426407
0.059125 159.960202
0.059250 154.915438
0.059375 149.415727
0.059500 143.291079
0.059625 136.255519
0.059750 128.257834
0.059875 119.374686
0.060000 109.606466
0.060125 98.879498
0.060250 87.227986
0.060375 75.534523
0.060500 66.076087
0.060625 60.327579
0.060750 58.839813
0.060875 61.052842
0.061000 66.261181
0.061125 74.612848
0.061250 84.952558
0.061375 95.824803
0.061500 106.110666
0.061625 115.503535
0.061750 124.003418
0.061875 131.890493
0.062000 139.326019
0.062125 146.094670
0.062250 152.061479
0.062375 157.217755
