0.000000 0.000000
0.000125 28.709614
0.000250 49.190622
0.000375 68.230865
0.000500 85.015974
0.000625 99.811479
0.000750 112.691598
0.000875 123.990620
0.001000 133.695755
0.001125 141.643458
0.001250 147.803492
0.001375 152.984506
0.001500 157.083099
0.001625 158.339426
0.001750 158.292074
0.001875 157.534380
0.002000 156.134954
0.002125 154.821973
0.002250 154.314356
0.002375 154.329045
0.002500 154.843479
0.002625 156.070015
0.002750 157.612290
0.002875 158.679996
0.003000 159.072382
0.003125 158.497245
0.003250 155.491690
0.003375 150.689646
0.003500 145.033940
0.003625 137.798595
0.003750 128.814515
0.003875 118.110549
0.004000 105.841181
0.004125 91.870064
0.004250 75.955395
0.004375 58.057325
0.004500 38.807183
0.004625 22.572199
0.004750 28.344408
0.004875 47.256981
0.005000 66.376806
0.005125 83.676854
0.005250 98.936029
0.005375 112.350669
0.005500 124.206525
0.005625 134.410911
0.005750 142.914968
0.005875 149.556225
0.006000 155.057621
0.006125 159.443135
0.006250 161.266519
0.006375 161.320578
0.006500 160.742615
0.006625 159.574294
0.006750 158.105172
0.006875 157.259651
0.007000 157.116966
0.007125 157.401606
0.007250 158.347011
0.007375 159.788381
0.007500 160.941874
0.007625 161.452903
0.007750 161.128171
0.007875 158.985846
0.008000 154.594793
0.008125 149.085021
0.008250 142.287866
0.008375 133.676417
0.008500 123.369032
0.008625 111.360495
0.008750 97.824749
0.008875 82.508246
0.009000 65.303289
0.009125 46.813394
0.009250 30.070855
0.009375 28.182979
0.009500 43.609321
0.009625 62.352274
0.009750 80.018648
0.009875 95.692371
0.010000 109.478910
0.010125 121.645500
0.010250 132.204367
0.010375 141.114727
0.010500 148.203166
0.010625 153.821697
0.010750 158.460162
0.010875 160.965029
0.011000 161.265825
0.011125 160.734409
0.011250 159.618103
0.011375 158.096675
0.011500 156.910329
0.011625 156.419427
0.011750 156.483421
0.011875 157.092713
0.012000 158.291466
0.012125 159.447633
0.012250 160.044965
0.012375 159.780326
0.012500 157.948236
0.012625 153.969201
0.012750 148.652101
0.012875 142.198974
0.013000 134.026523
0.013125 124.186817
0.013250 112.591727
0.013375 99.498149
0.013500 84.578652
0.013625 67.636275
0.013750 49.098097
0.013875 30.755570
0.014000 22.793261
0.014125 34.705561
0.014250 53.505843
0.014375 71.869984
0.014500 88.268784
0.014625 102.655100
0.014750 115.209964
0.014875 126.178092
0.015000 135.541579
0.015125 143.105143
0.015250 149.209959
0.015375 154.192020
0.015500 157.654237
0.015625 158.721942
0.015750 158.469466
0.015875 157.474825
0.016000 156.154484
0.016125 154.786291
0.016250 154.182495
0.016375 154.126557
0.016500 154.605558
0.016625 155.714707
0.016750 156.877988
0.016875 157.720248
0.017000 157.731843
0.017125 156.342953
0.017250 152.888089
0.017375 148.021660
0.017500 142.081356
0.017625 134.521205
0.017750 125.330670
0.017875 114.524883
0.018000 102.032388
0.018125 87.825109
0.018250 71.689405
0.018375 53.936737
0.018500 35.730834
0.018625 24.453021
0.018750 31.071808
0.018875 48.213730
0.019000 66.745054
0.019125 83.838318
0.019250 98.985199
0.019375 112.230898
0.019500 123.771952
0.019625 133.760304
0.019750 142.031703
0.019875 148.731595
0.020000 154.167310
0.020125 158.218476
0.020250 160.134610
0.020375 160.296498
0.020500 159.689387
0.020625 158.566886
0.020750 157.360950
0.020875 156.559927
0.021000 156.389522
0.021125 156.851344
0.021250 157.827379
0.021375 159.043210
0.021500 159.986833
0.021625 160.284333
0.021750 159.435727
0.021875 156.794051
0.022000 152.455156
0.022125 146.823814
0.022250 139.852550
0.022375 131.176562
0.022500 120.785139
0.022625 108.827412
0.022750 95.220563
0.022875 79.918598
0.023000 63.119581
0.023125 46.202209
0.023250 34.210824
0.023375 35.161758
0.023500 48.026377
0.023625 64.972405
0.023750 82.074026
0.023875 97.500548
0.024000 111.240438
0.024125 123.284323
0.024250 133.632139
0.024375 142.362851
0.024500 149.479870
0.024625 155.222642
0.024750 159.500898
0.024875 161.821292
0.025000 162.351249
0.025125 161.873204
0.025250 160.810714
0.025375 159.519267
0.025500 158.525127
0.025625 158.045903
0.025750 158.200207
0.025875 158.861583
0.026000 159.869981
0.026125 160.739314
0.026250 161.122355
0.026375 160.480363
0.026500 158.284062
0.026625 154.296919
0.026750 148.994915
0.026875 142.268041
0.027000 133.978046
0.027125 124.034744
0.027250 112.407869
0.027375 99.192673
0.027500 84.350215
0.027625 67.973383
0.027750 51.162357
0.027875 37.601998
0.028000 34.538635
0.028125 43.931134
0.028250 59.416375
0.028375 76.113616
0.028500 91.929392
0.028625 106.068143
0.028750 118.472599
0.028875 129.211783
0.029000 138.353846
0.029125 145.781379
0.029250 151.902507
0.029375 156.558924
0.029500 159.480363
0.029625 160.501859
0.029750 160.230750
0.029875 159.288927
0.030000 158.015967
0.030125 156.863359
0.030250 156.072680
0.030375 155.969220
0.030500 156.440252
0.030625 157.246312
0.030750 158.106611
0.030875 158.505059
0.031000 157.999573
0.031125 155.999787
0.031250 152.310909
0.031375 147.329513
0.031500 141.037311
0.031625 133.232258
0.031750 123.788647
0.031875 112.751601
0.032000 100.033475
0.032125 85.618049
0.032250 69.607183
0.032375 52.681535
0.032500 37.638473
0.032625 31.225668
0.032750 37.776490
0.032875 51.815576
0.033000 68.447443
0.033125 84.521591
0.033250 99.294471
0.033375 112.353309
0.033500 123.644759
0.033625 133.323685
0.033750 141.383994
0.033875 148.009120
0.034000 153.236206
0.034125 156.885920
0.034250 158.663820
0.034375 158.957233
0.034500 158.402855
0.034625 157.400122
0.034750 156.321517
0.034875 155.549789
0.035000 155.399365
0.035125 155.829937
0.035250 156.659802
0.035375 157.610118
0.035500 158.303909
0.035625 158.092854
0.035750 156.655458
0.035875 153.660299
0.036000 149.135860
0.036125 143.457428
0.036250 136.282968
0.036375 127.493682
0.036500 117.085671
0.036625 105.129258
0.036750 91.417300
0.036875 76.270191
0.037000 60.136717
0.037125 45.508272
0.037250 37.487042
0.037375 40.113835
0.037500 51.769973
0.037625 66.957718
0.037750 82.597374
0.037875 97.564755
0.038000 111.135713
0.038125 123.048058
0.038250 133.270740
0.038375 141.909557
0.038500 148.975236
0.038625 154.668590
0.038750 158.711424
0.038875 160.930923
0.039000 161.672774
0.039125 161.404441
0.039250 160.514003
0.039375 159.533779
0.039500 158.668184
0.039625 158.289279
0.039750 158.469165
0.039875 159.181196
0.040000 160.042276
0.040125 160.754338
0.040250 160.774859
0.040375 159.714242
0.040500 157.205817
0.040625 153.212300
0.040750 147.786227
0.040875 141.015888
0.041000 132.642122
0.041125 122.645869
0.041250 111.067406
0.041375 97.897971
0.041500 83.380840
0.041625 67.889072
0.041750 53.356172
0.041875 44.155736
0.042000 43.453562
0.042125 52.126925
0.042250 65.290748
0.042375 80.292591
0.042500 94.857444
0.042625 108.510056
0.042750 120.778389
0.042875 131.393715
0.043000 140.403387
0.043125 147.807196
0.043250 153.818471
0.043375 158.168022
0.043500 160.850041
0.043625 161.882169
0.043750 161.804354
0.043875 161.014951
0.044000 159.982021
0.044125 159.030577
0.044250 158.372840
0.044375 158.283928
0.044500 158.663497
0.044625 159.347309
0.044750 159.977797
0.044875 160.012508
0.045000 159.013457
0.045125 156.764711
0.045250 153.003028
0.045375 147.814706
0.045500 141.420916
0.045625 133.389637
0.045750 123.790248
0.045875 112.555063
0.046000 99.763774
0.046125 85.624602
0.046250 70.248019
0.046375 55.155357
0.046500 44.339942
0.046625 40.977390
0.046750 47.040082
0.046875 59.236369
0.047000 73.528411
0.047125 88.160557
0.047250 101.784388
0.047375 114.344850
0.047500 125.416746
0.047625 134.864426
0.047750 142.726182
0.047875 149.106721
0.048000 153.970251
0.048125 157.239012
0.048250 158.795507
0.048375 159.134925
0.048500 158.650188
0.048625 157.675462
0.048750 156.783084
0.048875 156.051246
0.049000 155.810439
0.049125 156.036187
0.049250 156.661697
0.049375 157.291746
0.049500 157.482655
0.049625 156.754807
0.049750 154.772651
0.049875 151.400974
0.050000 146.586306
0.050125 140.668606
0.050250 133.293278
0.050375 124.265879
0.050500 113.579824
0.050625 101.385826
0.050750 87.812563
0.050875 72.960000
0.051000 57.884101
0.051125 46.316803
0.051250 41.194811
0.051375 44.485021
0.051500 55.562996
0.051625 68.982324
0.051750 83.451981
0.051875 97.383218
0.052000 110.107411
0.052125 121.758578
0.052250 131.878091
0.052375 140.363932
0.052500 147.411374
0.052625 152.896464
0.052750 156.731638
0.052875 158.995710
0.053000 159.833543
0.053125 159.781227
0.053250 159.183415
0.053375 158.423721
0.053500 157.793864
0.053625 157.595164
0.053750 157.761486
0.053875 158.284466
0.054000 159.008766
0.054125 159.410066
0.054250 158.978298
0.054375 157.476059
0.054500 154.716532
0.054625 150.471429
0.054750 144.943101
0.054875 138.101294
0.055000 129.627464
0.055125 119.541973
0.055250 107.934294
0.055375 94.973232
0.055500 80.855027
0.055625 66.483012
0.055750 54.741406
0.055875 48.572616
0.056000 49.309240
0.056125 57.735034
0.056250 69.873677
0.056375 83.231921
0.056500 96.904156
0.056625 109.654153
0.056750 121.289544
0.056875 131.719342
0.057000 140.649551
0.057125 148.104141
0.057250 153.871039
0.057375 158.098626
0.057500 160.697580
0.057625 161.866272
0.057750 161.991931
0.057875 161.574431
0.058000 160.848955
0.058125 160.123987
0.058250 159.726366
0.058375 159.695397
0.058500 160.031452
0.058625 160.568461
0.058750 160.972750
0.058875 160.568618
0.059000 159.276999
0.059125 156.802787
0.059250 152.894301
0.059375 147.669142
0.059500 141.121359
0.059625 132.972959
0.059750 123.262838
0.059875 111.981030
0.060000 99.481137
0.060125 85.794419
0.060250 71.634965
0.060375 59.306840
0.060500 51.765849
0.060625 50.476759
0.060750 56.301956
0.060875 67.302456
0.061000 79.712979
0.061125 92.871653
0.061250 105.634784
0.061375 117.299300
0.061500 127.755228
0.061625 136.978320
0.061750 144.792710
0.061875 150.959462
0.062000 155.540370
0.062125 158.570055
0.062250 160.171719
0.062375 160.521469
