0.000000 0.000000
0.000125 37.207539
0.000250 65.954006
0.000375 91.744276
0.000500 114.713340
0.000625 135.241966
0.000750 152.888431
0.000875 166.919948
0.001000 178.346764
0.001125 187.946963
0.001250 194.988403
0.001375 200.413699
0.001500 204.073617
0.001625 206.071618
0.001750 206.578817
0.001875 206.414424
0.002000 206.553475
0.002125 207.152791
0.002250 207.753084
0.002375 207.870841
0.002500 207.485765
0.002625 207.125250
0.002750 207.199305
0.002875 207.577204
0.003000 207.193604
0.003125 205.488369
0.003250 202.176978
0.003375 197.118382
0.003500 190.385429
0.003625 181.182589
0.003750 170.239876
0.003875 156.672881
0.004000 139.598622
0.004125 119.887930
0.004250 98.010662
0.004375 73.790574
0.004500 47.336505
0.004625 26.702575
0.004750 43.949127
0.004875 71.160814
0.005000 96.524054
0.005125 119.358208
0.005250 139.973161
0.005375 157.857198
0.005500 172.143484
0.005625 183.692958
0.005750 193.412446
0.005875 200.429401
0.006000 205.568819
0.006125 209.092999
0.006250 210.987771
0.006375 211.472388
0.006500 211.150444
0.006625 211.050896
0.006750 211.491940
0.006875 211.984203
0.007000 211.996404
0.007125 211.446180
0.007250 210.945442
0.007375 210.866120
0.007500 210.997848
0.007625 210.451922
0.007750 208.602659
0.007875 205.306822
0.008000 200.354500
0.008125 193.643455
0.008250 184.698222
0.008375 173.846247
0.008500 160.682254
0.008625 144.096827
0.008750 124.801622
0.008875 103.414755
0.009000 79.801905
0.009125 54.454942
0.009250 36.065053
0.009375 47.829195
0.009500 72.187531
0.009625 96.850596
0.009750 119.592886
0.009875 140.108240
0.010000 157.993983
0.010125 172.381843
0.010250 183.876147
0.010375 193.510707
0.010500 200.605351
0.010625 205.593304
0.010750 208.912092
0.010875 210.611216
0.011000 210.986193
0.011125 210.493097
0.011250 210.113557
0.011375 210.278309
0.011500 210.472900
0.011625 210.324767
0.011750 209.654835
0.011875 208.937651
0.012000 208.610493
0.012125 208.516584
0.012250 207.823413
0.012375 205.897037
0.012500 202.626206
0.012625 197.732470
0.012750 191.026444
0.012875 182.187799
0.013000 171.281662
0.013125 158.159622
0.013250 141.885681
0.013375 122.772153
0.013500 101.318387
0.013625 77.511749
0.013750 51.824827
0.013875 33.970154
0.014000 42.651935
0.014125 66.337506
0.014250 90.060967
0.014375 112.887570
0.014500 133.623933
0.014625 151.624719
0.014750 166.206071
0.014875 178.035759
0.015000 187.697357
0.015125 195.149451
0.015250 200.369253
0.015375 203.788317
0.015500 205.535129
0.015625 205.974719
0.015750 205.590094
0.015875 205.197117
0.016000 205.276102
0.016125 205.438829
0.016250 205.377020
0.016375 204.915963
0.016500 204.469766
0.016625 204.318829
0.016750 204.409914
0.016875 203.993589
0.017000 202.378120
0.017125 199.327316
0.017250 194.685881
0.017375 188.205549
0.017500 179.818171
0.017625 169.179796
0.017750 156.485004
0.017875 140.750251
0.018000 122.215715
0.018125 101.264332
0.018250 77.858625
0.018375 53.483214
0.018500 37.746963
0.018625 43.869991
0.018750 66.065228
0.018875 89.069900
0.019000 111.009724
0.019125 131.824574
0.019250 150.245958
0.019375 165.375466
0.019500 177.714564
0.019625 187.790440
0.019750 195.696958
0.019875 201.351919
0.020000 205.103829
0.020125 207.147972
0.020250 207.862490
0.020375 207.855952
0.020500 207.833003
0.020625 208.121526
0.020750 208.523345
0.020875 208.695961
0.021000 208.583967
0.021125 208.434853
0.021250 208.542629
0.021375 208.773881
0.021500 208.432171
0.021625 207.016414
0.021750 204.274082
0.021875 199.922183
0.022000 193.755036
0.022125 185.626006
0.022250 175.244890
0.022375 162.565580
0.022500 147.117113
0.022625 128.998994
0.022750 108.526610
0.022875 86.076090
0.023000 64.127245
0.023125 50.966657
0.023250 54.690109
0.023375 72.811942
0.023500 94.615291
0.023625 115.060125
0.023750 134.592869
0.023875 152.469018
0.024000 167.727873
0.024125 180.151752
0.024250 190.178272
0.024375 198.089139
0.024500 203.893220
0.024625 207.663431
0.024750 209.785272
0.024875 210.604748
0.025000 210.629836
0.025125 210.613426
0.025250 210.849392
0.025375 211.132704
0.025500 211.203754
0.025625 211.061812
0.025750 210.888422
0.025875 210.871366
0.026000 210.875093
0.026125 210.335949
0.026250 208.808497
0.026375 206.011636
0.026500 201.608030
0.026625 195.350409
0.026750 187.104202
0.026875 176.664673
0.027000 163.834315
0.027125 148.360874
0.027250 130.257589
0.027375 109.808358
0.027500 87.663764
0.027625 66.870868
0.027750 54.452418
0.027875 56.505539
0.028000 71.838216
0.028125 92.978140
0.028250 113.024231
0.028375 131.397180
0.028500 148.360340
0.028625 163.373208
0.028750 176.004592
0.028875 186.208242
0.029000 194.311350
0.029125 200.362467
0.029250 204.361826
0.029375 206.705719
0.029500 207.741740
0.029625 207.881830
0.029750 207.832044
0.029875 207.973478
0.030000 208.138361
0.030125 208.077792
0.030250 207.880064
0.030375 207.651710
0.030500 207.502445
0.030625 207.351097
0.030750 206.608109
0.030875 205.007173
0.031000 201.954708
0.031125 197.518319
0.031250 191.100252
0.031375 182.737090
0.031500 172.296238
0.031625 159.465582
0.031750 143.934156
0.031875 125.770916
0.032000 105.223724
0.032125 83.327829
0.032250 63.018620
0.032375 51.158602
0.032500 52.510719
0.032625 65.814909
0.032750 86.869199
0.032875 107.527608
0.033000 125.851665
0.033125 142.087544
0.033250 156.760372
0.033375 169.595142
0.033500 180.425720
0.033625 189.097936
0.033750 195.677414
0.033875 200.257519
0.034000 203.180672
0.034125 204.702806
0.034250 205.281777
0.034375 205.642243
0.034500 205.979768
0.034625 206.354931
0.034750 206.615807
0.034875 206.668486
0.035000 206.683489
0.035125 206.755934
0.035250 206.810788
0.035375 206.262566
0.035500 204.847186
0.035625 202.127211
0.035750 197.976171
0.035875 191.936910
0.036000 183.879040
0.036125 173.763236
0.036250 161.164683
0.036375 146.057607
0.036500 128.432434
0.036625 108.563220
0.036750 88.213677
0.036875 69.695726
0.037000 59.453412
0.037125 60.446064
0.037250 71.730935
0.037375 90.802500
0.037500 111.323497
0.037625 129.814274
0.037750 145.984414
0.037875 160.007808
0.038000 172.508536
0.038125 183.342013
0.038250 192.207548
0.038375 199.112061
0.038500 203.973276
0.038625 207.131756
0.038750 208.981886
0.038875 209.848785
0.039000 210.343539
0.039125 210.745100
0.039250 211.060913
0.039375 211.321948
0.039500 211.418337
0.039625 211.336462
0.039750 211.322274
0.039875 211.211875
0.040000 210.548255
0.040125 209.095918
0.040250 206.422095
0.040375 202.345731
0.040500 196.338463
0.040625 188.323856
0.040750 178.150925
0.040875 165.511082
0.041000 150.381644
0.041125 132.922510
0.041250 113.671817
0.041375 94.456558
0.041500 77.316643
0.041625 67.989867
0.041750 68.386408
0.041875 77.650223
0.042000 94.384350
0.042125 114.036317
0.042250 132.342200
0.042375 148.291000
0.042500 161.897340
0.042625 173.518309
0.042750 183.680260
0.042875 192.326616
0.043000 199.228531
0.043125 204.259483
0.043250 207.473052
0.043375 209.473363
0.043500 210.447840
0.043625 210.958229
0.043750 211.231961
0.043875 211.395939
0.044000 211.446347
0.044125 211.414932
0.044250 211.243109
0.044375 210.995272
0.044500 210.589580
0.044625 209.721482
0.044750 207.975674
0.044875 205.126747
0.045000 200.825576
0.045125 194.637818
0.045250 186.424174
0.045375 176.104485
0.045500 163.392969
0.045625 148.127275
0.045750 130.568845
0.045875 111.590309
0.046000 92.912396
0.046125 76.059971
0.046250 66.880768
0.046375 66.853365
0.046500 74.820218
0.046625 90.168839
0.046750 109.394841
0.046875 127.864415
0.047000 143.997173
0.047125 157.619257
0.047250 169.019460
0.047375 178.517913
0.047500 186.726320
0.047625 193.629241
0.047750 198.947594
0.047875 202.442950
0.048000 204.692866
0.048125 205.901637
0.048250 206.564124
0.048375 206.903149
0.048500 207.070572
0.048625 207.167401
0.048750 207.103289
0.048875 206.941448
0.049000 206.677969
0.049125 206.172601
0.049250 205.166295
0.049375 203.363352
0.049500 200.457650
0.049625 196.156901
0.049750 190.014023
0.049875 181.919669
0.050000 171.762424
0.050125 159.307230
0.050250 144.158473
0.050375 126.890745
0.050500 108.755249
0.050625 90.922394
0.050750 74.836773
0.050875 66.270236
0.051000 66.247789
0.051125 73.521027
0.051250 87.940611
0.051375 106.588491
0.051500 125.484199
0.051625 142.182891
0.051750 156.230199
0.051875 168.014447
0.052000 177.734666
0.052125 185.564615
0.052250 192.253016
0.052375 197.826312
0.052500 201.908506
0.052625 204.618133
0.052750 206.400232
0.052875 207.486026
0.053000 208.234588
0.053125 208.750060
0.053250 209.067731
0.053375 209.257137
0.053500 209.300384
0.053625 209.206461
0.053750 208.800089
0.053875 207.855099
0.054000 206.202128
0.054125 203.510402
0.054250 199.461983
0.054375 193.610879
0.054500 185.832752
0.054625 175.932485
0.054750 163.802874
0.054875 149.101681
0.055000 132.533373
0.055125 115.583294
0.055250 98.799571
0.055375 84.271481
0.055500 76.386452
0.055625 76.093023
0.055750 82.367423
0.055875 95.021438
0.056000 112.085696
0.056125 130.320312
0.056250 146.845117
0.056375 161.064174
0.056500 172.806251
0.056625 182.468687
0.056750 190.014733
0.056875 195.987772
0.057000 201.054311
0.057125 204.962181
0.057250 207.673129
0.057375 209.559387
0.057500 210.764952
0.057625 211.520403
0.057750 211.992125
0.057875 212.240648
0.058000 212.327824
0.058125 212.236486
0.058250 211.968555
0.058375 211.420132
0.058500 210.266104
0.058625 208.388889
0.058750 205.607221
0.058875 201.489079
0.059000 195.615612
0.059125 187.833851
0.059250 177.960908
0.059375 165.808207
0.059500 151.222209
0.059625 135.047660
0.059750 118.749903
0.059875 102.429684
0.060000 88.578988
0.060125 80.680874
0.060250 79.906098
0.060375 85.084861
0.060500 96.399958
0.060625 111.990448
0.060750 129.464223
0.060875 145.990238
0.061000 160.203660
0.061125 171.958891
0.061250 181.562323
0.061375 189.022959
0.061500 194.616726
0.061625 198.964051
0.061750 202.435759
0.061875 205.114392
0.062000 206.967930
0.062125 208.252449
0.062250 209.047033
0.062375 209.463776
