0.000000 0.000000
0.000125 17.005796
0.000250 25.695162
0.000375 33.732934
0.000500 40.486814
0.000625 45.900408
0.000750 49.931471
0.000875 52.703675
0.001000 54.339866
0.001125 55.001970
0.001250 55.052334
0.001375 55.445602
0.001500 56.655663
0.001625 58.363928
0.001750 60.176998
0.001875 61.786724
0.002000 63.144089
0.002125 63.956056
0.002250 64.353674
0.002375 64.218946
0.002500 63.604881
0.002625 62.858826
0.002750 62.370558
0.002875 62.582529
0.003000 63.697751
0.003125 65.680668
0.003250 68.151210
0.003375 70.635706
0.003500 72.801122
0.003625 74.489038
0.003750 75.626782
0.003875 76.380740
0.004000 76.865007
0.004125 77.116433
0.004250 77.301747
0.004375 77.679398
0.004500 78.309059
0.004625 79.150691
0.004750 79.830882
0.004875 79.888127
0.005000 78.924313
0.005125 76.893422
0.005250 73.916052
0.005375 70.221258
0.005500 66.228353
0.005625 62.513224
0.005750 59.895022
0.005875 59.650365
0.006000 62.615626
0.006125 67.837662
0.006250 73.545167
0.006375 78.627675
0.006500 82.713437
0.006625 85.745634
0.006750 87.778523
0.006875 89.107263
0.007000 89.735945
0.007125 89.814420
0.007250 89.754469
0.007375 89.920440
0.007500 90.343829
0.007625 90.831674
0.007750 91.183985
0.007875 91.304167
0.008000 91.171496
0.008125 90.694432
0.008250 89.850660
0.008375 88.700313
0.008500 87.496811
0.008625 86.466908
0.008750 85.979633
0.008875 86.071673
0.009000 86.705266
0.009125 87.629431
0.009250 88.681400
0.009375 89.583098
0.009500 90.142100
0.009625 90.220373
0.009750 89.917533
0.009875 89.328503
0.010000 88.549554
0.010125 87.580768
0.010250 86.556952
0.010375 85.504804
0.010500 84.516251
0.010625 83.461651
0.010750 82.092547
0.010875 80.181719
0.011000 77.651089
0.011125 74.596978
0.011250 71.198443
0.011375 67.618081
0.011500 64.043081
0.011625 61.207770
0.011750 59.717142
0.011875 60.161653
0.012000 62.674580
0.012125 66.361675
0.012250 69.978257
0.012375 72.904046
0.012500 74.919206
0.012625 76.016506
0.012750 76.337830
0.012875 76.029143
0.013000 75.240510
0.013125 74.178067
0.013250 73.132481
0.013375 72.250405
0.013500 71.532914
0.013625 70.803143
0.013750 69.956005
0.013875 68.810274
0.014000 67.397987
0.014125 65.743923
0.014250 63.913136
0.014375 62.029173
0.014500 60.323693
0.014625 58.942595
0.014750 57.995012
0.014875 57.545124
0.015000 57.413419
0.015125 57.370792
0.015250 57.294454
0.015375 57.003430
0.015500 56.455067
0.015625 55.545806
0.015750 54.318381
0.015875 52.898081
0.016000 51.424367
0.016125 49.937787
0.016250 48.600942
0.016375 47.408701
0.016500 46.212559
0.016625 45.471141
0.016750 45.239846
0.016875 44.570380
0.017000 43.043620
0.017125 41.014440
0.017250 38.837883
0.017375 36.757148
0.017500 35.203418
0.017625 34.979200
0.017750 35.732518
0.017875 38.332625
0.018000 42.938994
0.018125 48.365022
0.018250 53.203006
0.018375 57.196272
0.018500 60.284571
0.018625 62.592614
0.018750 64.265611
0.018875 65.408640
0.019000 66.200319
0.019125 66.864173
0.019250 67.608263
0.019375 68.468896
0.019500 69.418936
0.019625 70.299687
0.019750 71.052004
0.019875 71.561124
0.020000 71.872244
0.020125 72.059976
0.020250 72.184882
0.020375 72.378795
0.020500 72.766387
0.020625 73.378691
0.020750 74.263678
0.020875 75.378575
0.021000 76.648550
0.021125 77.918432
0.021250 79.034222
0.021375 79.944732
0.021500 80.586638
0.021625 80.983593
0.021750 81.171457
0.021875 81.179606
0.022000 81.096474
0.022125 81.147121
0.022250 81.315898
0.022375 81.547359
0.022500 81.657236
0.022625 81.502295
0.022750 80.947490
0.022875 79.989639
0.023000 78.710686
0.023125 77.363458
0.023250 76.091218
0.023375 75.213661
0.023500 74.826161
0.023625 75.006627
0.023750 75.932872
0.023875 77.889221
0.024000 80.668440
0.024125 83.699045
0.024250 86.477891
0.024375 88.692448
0.024500 90.260155
0.024625 91.308541
0.024750 91.917434
0.024875 92.178114
0.025000 92.119859
0.025125 91.926600
0.025250 91.650111
0.025375 91.404329
0.025500 91.134153
0.025625 90.800780
0.025750 90.353165
0.025875 89.774034
0.026000 89.128525
0.026125 88.412561
0.026250 87.655648
0.026375 86.925144
0.026500 86.314549
0.026625 85.877995
0.026750 85.617528
0.026875 85.499918
0.027000 85.489282
0.027125 85.490068
0.027250 85.375950
0.027375 84.967720
0.027500 84.357127
0.027625 83.636201
0.027750 82.914641
0.027875 82.209003
0.028000 81.466610
0.028125 80.514562
0.028250 79.359091
0.028375 78.059510
0.028500 76.644926
0.028625 75.113411
0.028750 73.353875
0.028875 71.403767
0.029000 69.367511
0.029125 67.258804
0.029250 65.471224
0.029375 64.068311
0.029500 62.830662
0.029625 61.926944
0.029750 61.883896
0.029875 62.695197
0.030000 64.227167
0.030125 66.069901
0.030250 67.569449
0.030375 68.566550
0.030500 68.980092
0.030625 68.906525
0.030750 68.434071
0.030875 67.544367
0.031000 66.357416
0.031125 64.997735
0.031250 63.614435
0.031375 62.226784
0.031500 60.937225
0.031625 59.644046
0.031750 58.338363
0.031875 57.073199
0.032000 55.893511
0.032125 54.798799
0.032250 53.725180
0.032375 52.727983
0.032500 51.910094
0.032625 51.217775
0.032750 50.583979
0.032875 50.020894
0.033000 49.494764
0.033125 49.116999
0.033250 49.179409
0.033375 49.658837
0.033500 50.404685
0.033625 50.968518
0.033750 51.339237
0.033875 51.477272
0.034000 51.325008
0.034125 50.980563
0.034250 50.859094
0.034375 50.894505
0.034500 50.864982
0.034625 50.916332
0.034750 51.039329
0.034875 51.129232
0.035000 51.154627
0.035125 51.486900
0.035250 52.007768
0.035375 52.309089
0.035500 52.636316
0.035625 53.523727
0.035750 55.342365
0.035875 57.902585
0.036000 61.000416
0.036125 64.366074
0.036250 67.400781
0.036375 69.920485
0.036500 71.889735
0.036625 73.300792
0.036750 74.201509
0.036875 74.739810
0.037000 75.112021
0.037125 75.423822
0.037250 75.832028
0.037375 76.325194
0.037500 76.925626
0.037625 77.557985
0.037750 78.211893
0.037875 78.864382
0.038000 79.398396
0.038125 79.796172
0.038250 80.064946
0.038375 80.195446
0.038500 80.318556
0.038625 80.638430
0.038750 81.262758
0.038875 82.216451
0.039000 83.376533
0.039125 84.523244
0.039250 85.514938
0.039375 86.219560
0.039500 86.611998
0.039625 86.674001
0.039750 86.514724
0.039875 86.200615
0.040000 85.826578
0.040125 85.488292
0.040250 85.163073
0.040375 84.908763
0.040500 84.658101
0.040625 84.361114
0.040750 83.991900
0.040875 83.688724
0.041000 83.414212
0.041125 83.146546
0.041250 82.707332
0.041375 82.241386
0.041500 82.014689
0.041625 82.269486
0.041750 83.056075
0.041875 84.296920
0.042000 85.825938
0.042125 87.399305
0.042250 88.785932
0.042375 89.749783
0.042500 90.298488
0.042625 90.455342
0.042750 90.299856
0.042875 89.934267
0.043000 89.499924
0.043125 89.006829
0.043250 88.538065
0.043375 88.087333
0.043500 87.588859
0.043625 87.057698
0.043750 86.435433
0.043875 85.683968
0.044000 84.828511
0.044125 83.956236
0.044250 83.198284
0.044375 82.565434
0.044500 82.166444
0.044625 81.943304
0.044750 81.809696
0.044875 81.660067
0.045000 81.402810
0.045125 81.005280
0.045250 80.325667
0.045375 79.487441
0.045500 78.472702
0.045625 77.356973
0.045750 76.103852
0.045875 74.764390
0.046000 73.384374
0.046125 72.064406
0.046250 70.777338
0.046375 69.491877
0.046500 68.144735
0.046625 66.752852
0.046750 65.494630
0.046875 64.510267
0.047000 63.386228
0.047125 61.956059
0.047250 60.291383
0.047375 58.648687
0.047500 57.368221
0.047625 56.733187
0.047750 56.585922
0.047875 56.762086
0.048000 57.335111
0.048125 58.160945
0.048250 58.812743
0.048375 59.058142
0.048500 58.885542
0.048625 58.411215
0.048750 57.696924
0.048875 56.805444
0.049000 55.803286
0.049125 54.727070
0.049250 53.619282
0.049375 52.545168
0.049500 51.595784
0.049625 50.678426
0.049750 49.997983
0.049875 49.659845
0.050000 49.768718
0.050125 50.343555
0.050250 50.967116
0.050375 51.544416
0.050500 52.194449
0.050625 52.847198
0.050750 53.499748
0.050875 54.096264
0.051000 54.593806
0.051125 55.116140
0.051250 55.813367
0.051375 56.691850
0.051500 57.529534
0.051625 58.221572
0.051750 58.678710
0.051875 59.033558
0.052000 59.420738
0.052125 59.790940
0.052250 60.137593
0.052375 60.440239
0.052500 60.878131
0.052625 61.731703
0.052750 62.806251
0.052875 63.730284
0.053000 64.258356
0.053125 64.461260
0.053250 64.600411
0.053375 64.864776
0.053500 65.528115
0.053625 66.679457
0.053750 68.158981
0.053875 69.957668
0.054000 72.118873
0.054125 74.527000
0.054250 76.702495
0.054375 78.482901
0.054500 79.799014
0.054625 80.645554
0.054750 81.136505
0.054875 81.406933
0.055000 81.525268
0.055125 81.581753
0.055250 81.767838
0.055375 82.199175
0.055500 82.901433
0.055625 83.843247
0.055750 84.809182
0.055875 85.612972
0.056000 86.245326
0.056125 86.650774
0.056250 86.873846
0.056375 86.985692
0.056500 87.064662
0.056625 87.113996
0.056750 87.232260
0.056875 87.482064
0.057000 87.830356
0.057125 88.191236
0.057250 88.519608
0.057375 88.674338
0.057500 88.602688
0.057625 88.347247
0.057750 87.974927
0.057875 87.499565
0.058000 87.016935
0.058125 86.541372
0.058250 86.086253
0.058375 85.854826
0.058500 85.848060
0.058625 86.045317
0.058750 86.137254
0.058875 85.896137
0.059000 85.285356
0.059125 84.482615
0.059250 83.696262
0.059375 83.115012
0.059500 82.896067
0.059625 82.924703
0.059750 83.248940
0.059875 83.853997
0.060000 84.697362
0.060125 85.620328
0.060250 86.271545
0.060375 86.503111
0.060500 86.289122
0.060625 85.756087
0.060750 85.019060
0.060875 84.322457
0.061000 83.766870
0.061125 83.337398
0.061250 83.045544
0.061375 82.887413
0.061500 82.731766
0.061625 82.490274
0.061750 82.075843
0.061875 81.396251
0.062000 80.496667
0.062125 79.455948
0.062250 78.271701
0.062375 77.025893
