0.000000 0.000000
0.000125 31.953915
0.000250 55.466152
0.000375 77.599721
0.000500 97.384534
0.000625 114.271807
0.000750 127.978045
0.000875 138.646729
0.001000 147.552623
0.001125 155.520339
0.001250 161.728135
0.001375 166.677057
0.001500 170.886583
0.001625 174.507352
0.001750 177.657819
0.001875 180.483751
0.002000 183.117252
0.002125 185.278480
0.002250 186.833158
0.002375 187.887494
0.002500 188.672942
0.002625 189.134548
0.002750 189.538620
0.002875 189.775310
0.003000 189.772510
0.003125 189.444474
0.003250 188.577260
0.003375 187.165408
0.003500 185.499988
0.003625 183.680470
0.003750 181.443818
0.003875 178.674055
0.004000 175.263406
0.004125 171.107150
0.004250 165.643430
0.004375 158.766024
0.004500 150.825139
0.004625 140.854120
0.004750 127.983423
0.004875 112.213154
0.005000 94.017902
0.005125 74.694747
0.005250 56.594212
0.005375 50.154289
0.005500 63.203640
0.005625 82.991121
0.005750 102.788109
0.005875 120.922100
0.006000 136.505875
0.006125 149.122204
0.006250 158.644148
0.006375 166.545087
0.006500 173.663878
0.006625 178.734840
0.006750 182.911636
0.006875 186.525759
0.007000 189.630161
0.007125 192.027257
0.007250 194.048137
0.007375 195.790446
0.007500 197.141129
0.007625 198.060433
0.007750 198.643847
0.007875 199.060362
0.008000 199.302653
0.008125 199.232970
0.008250 199.037619
0.008375 198.668515
0.008500 197.932563
0.008625 196.816433
0.008750 195.300292
0.008875 193.540593
0.009000 191.411216
0.009125 188.741263
0.009250 185.420759
0.009375 181.575229
0.009500 176.840406
0.009625 170.871183
0.009750 163.531849
0.009875 154.692007
0.010000 143.827994
0.010125 129.920684
0.010250 113.387136
0.010375 94.728237
0.010500 75.349225
0.010625 59.044609
0.010750 55.943311
0.010875 67.900393
0.011000 86.327801
0.011125 105.036584
0.011250 122.033565
0.011375 136.501007
0.011500 148.041866
0.011625 156.715352
0.011750 164.194485
0.011875 170.362458
0.012000 174.914712
0.012125 178.617559
0.012250 181.766055
0.012375 184.303674
0.012500 186.381438
0.012625 188.074442
0.012750 189.521135
0.012875 190.568011
0.013000 191.107926
0.013125 191.327569
0.013250 191.270418
0.013375 191.035323
0.013500 190.664128
0.013625 190.103321
0.013750 189.279927
0.013875 188.011079
0.014000 186.163051
0.014125 183.854118
0.014250 181.189323
0.014375 178.257751
0.014500 174.890027
0.014625 170.968600
0.014750 166.244846
0.014875 160.391100
0.015000 153.233899
0.015125 144.695179
0.015250 134.519474
0.015375 122.147663
0.015500 107.000590
0.015625 88.915192
0.015750 68.467818
0.015875 46.721185
0.016000 30.869891
0.016125 30.357181
0.016250 45.260648
0.016375 66.128177
0.016500 86.297161
0.016625 104.044883
0.016750 119.228007
0.016875 131.633548
0.017000 141.476365
0.017125 149.814381
0.017250 156.644092
0.017375 161.997566
0.017500 166.522285
0.017625 170.434359
0.017750 173.824020
0.017875 176.860083
0.018000 179.509281
0.018125 181.857174
0.018250 183.688255
0.018375 185.018318
0.018500 185.943323
0.018625 186.597521
0.018750 187.063590
0.018875 187.458712
0.019000 187.672593
0.019125 187.556094
0.019250 186.933773
0.019375 185.774900
0.019500 184.258971
0.019625 182.452853
0.019750 180.321380
0.019875 177.789586
0.020000 174.607374
0.020125 170.561319
0.020250 165.429443
0.020375 159.252497
0.020500 151.529358
0.020625 142.074141
0.020750 130.512657
0.020875 116.417220
0.021000 99.914709
0.021125 82.094740
0.021250 66.290083
0.021375 58.046647
0.021500 60.649920
0.021625 73.058410
0.021750 90.703073
0.021875 109.046085
0.022000 125.848995
0.022125 139.989788
0.022250 151.439824
0.022375 160.634382
0.022500 168.324113
0.022625 174.397332
0.022750 179.221902
0.022875 183.248511
0.023000 186.686314
0.023125 189.582250
0.023250 191.942039
0.023375 193.893699
0.023500 195.528022
0.023625 196.760682
0.023750 197.618579
0.023875 198.177251
0.024000 198.560517
0.024125 198.691562
0.024250 198.645472
0.024375 198.413766
0.024500 197.874080
0.024625 196.966962
0.024750 195.709422
0.024875 194.158797
0.025000 192.278012
0.025125 189.859981
0.025250 186.942337
0.025375 183.275915
0.025500 178.737325
0.025625 173.277677
0.025750 166.665066
0.025875 158.292736
0.026000 148.013765
0.026125 135.689002
0.026250 120.956535
0.026375 104.359011
0.026500 87.710257
0.026625 74.520786
0.026750 68.756299
0.026875 71.582804
0.027000 82.173887
0.027125 97.465911
0.027250 113.945738
0.027375 129.325115
0.027500 142.209227
0.027625 152.681520
0.027750 161.151004
0.027875 167.963517
0.028000 173.317887
0.028125 177.536042
0.028250 181.099998
0.028375 184.014979
0.028500 186.458474
0.028625 188.419804
0.028750 189.995097
0.028875 191.189992
0.029000 192.061008
0.029125 192.486300
0.029250 192.593130
0.029375 192.538367
0.029500 192.268032
0.029625 191.772573
0.029750 191.013135
0.029875 189.926783
0.030000 188.379772
0.030125 186.449724
0.030250 184.130499
0.030375 181.458939
0.030500 178.318734
0.030625 174.601351
0.030750 170.025954
0.030875 164.552157
0.031000 157.897631
0.031125 149.925039
0.031250 140.098085
0.031375 128.374328
0.031500 114.492740
0.031625 98.143748
0.031750 80.056184
0.031875 63.080100
0.032000 51.079978
0.032125 46.524778
0.032250 50.295446
0.032375 61.743035
0.032500 77.499716
0.032625 94.486833
0.032750 110.415954
0.032875 123.846156
0.033000 134.915271
0.033125 143.960840
0.033250 151.126187
0.033375 156.916252
0.033500 161.899258
0.033625 166.211700
0.033750 170.023257
0.033875 173.335816
0.034000 176.110593
0.034125 178.441126
0.034250 180.423871
0.034375 181.972300
0.034500 183.052835
0.034625 183.869265
0.034750 184.467772
0.034875 184.915536
0.035000 185.171300
0.035125 185.092856
0.035250 184.609794
0.035375 183.714684
0.035500 182.526707
0.035625 180.881008
0.035750 178.909131
0.035875 176.448384
0.036000 173.359767
0.036125 169.498618
0.036250 164.607225
0.036375 158.576395
0.036500 151.182258
0.036625 141.949067
0.036750 130.910347
0.036875 117.937861
0.037000 103.148762
0.037125 88.487340
0.037250 76.259088
0.037375 69.131596
0.037500 67.912160
0.037625 73.093371
0.037750 83.883599
0.037875 98.075060
0.038000 113.558710
0.038125 128.439253
0.038250 141.389647
0.038375 152.213379
0.038500 161.092498
0.038625 168.330157
0.038750 174.123263
0.038875 178.820348
0.039000 182.795531
0.039125 186.215707
0.039250 188.993210
0.039375 191.318750
0.039500 193.207550
0.039625 194.711062
0.039750 195.897010
0.039875 196.737691
0.040000 197.282663
0.040125 197.593614
0.040250 197.736634
0.040375 197.618635
0.040500 197.260020
0.040625 196.545392
0.040750 195.485392
0.040875 194.133687
0.041000 192.365383
0.041125 190.209840
0.041250 187.418233
0.041375 184.010621
0.041500 179.740496
0.041625 174.573708
0.041750 168.270015
0.041875 160.288227
0.042000 150.486697
0.042125 139.090810
0.042250 125.963463
0.042375 112.047557
0.042500 99.021098
0.042625 88.849960
0.042750 83.206868
0.042875 82.562287
0.043000 86.937143
0.043125 96.042671
0.043250 107.978676
0.043375 121.301063
0.043500 134.312733
0.043625 145.984605
0.043750 155.867102
0.043875 163.861933
0.044000 170.329915
0.044125 175.411452
0.044250 179.508811
0.044375 182.891651
0.044500 185.737426
0.044625 188.021503
0.044750 189.869547
0.044875 191.269217
0.045000 192.313147
0.045125 193.054603
0.045250 193.471907
0.045375 193.567904
0.045500 193.481818
0.045625 193.125358
0.045750 192.545697
0.045875 191.595056
0.046000 190.266904
0.046125 188.619462
0.046250 186.536331
0.046375 184.034416
0.046500 181.060131
0.046625 177.433018
0.046750 173.133422
0.046875 167.777434
0.047000 161.488217
0.047125 153.881751
0.047250 144.534163
0.047375 133.298111
0.047500 120.326681
0.047625 106.042314
0.047750 91.583356
0.047875 78.503462
0.048000 69.448866
0.048125 64.384028
0.048250 63.905741
0.048375 68.364655
0.048500 77.754310
0.048625 89.209409
0.048750 102.419027
0.048875 115.574729
0.049000 127.666592
0.049125 137.946517
0.049250 146.258714
0.049375 153.075330
0.049500 158.568566
0.049625 162.994557
0.049750 166.862812
0.049875 170.129101
0.050000 172.846179
0.050125 175.309506
0.050250 177.349870
0.050375 179.019251
0.050500 180.372974
0.050625 181.349475
0.050750 182.035263
0.050875 182.500619
0.051000 182.733327
0.051125 182.626534
0.051250 182.224813
0.051375 181.476266
0.051500 180.453805
0.051625 179.003960
0.051750 177.093236
0.051875 174.616380
0.052000 171.542412
0.052125 167.713861
0.052250 162.896903
0.052375 157.019011
0.052500 149.796371
0.052625 140.883825
0.052750 130.260725
0.052875 118.238327
0.053000 105.962271
0.053125 94.047237
0.053250 84.587012
0.053375 78.893216
0.053500 76.666989
0.053625 78.171090
0.053750 83.868572
0.053875 93.366166
0.054000 104.624291
0.054125 117.110663
0.054250 129.739717
0.054375 141.433881
0.054500 151.719249
0.054625 160.306488
0.054750 167.414696
0.054875 173.229729
0.055000 177.933948
0.055125 181.873390
0.055250 185.216223
0.055375 187.966018
0.055500 190.224160
0.055625 192.094001
0.055750 193.535929
0.055875 194.683874
0.056000 195.510540
0.056125 196.030668
0.056250 196.335621
0.056375 196.360526
0.056500 196.166357
0.056625 195.603979
0.056750 194.761836
0.056875 193.566994
0.057000 191.945864
0.057125 189.865411
0.057250 187.232389
0.057375 183.923212
0.057500 179.793097
0.057625 174.688522
0.057750 168.455284
0.057875 160.858502
0.058000 151.629743
0.058125 141.045871
0.058250 129.852247
0.058375 118.736555
0.058500 108.373566
0.058625 100.639759
0.058750 95.756438
0.058875 94.032618
0.059000 95.409022
0.059125 100.168203
0.059250 107.975064
0.059375 117.429453
0.059500 127.871942
0.059625 138.596059
0.059750 148.712586
0.059875 157.776414
0.060000 165.412202
0.060125 171.676840
0.060250 176.795116
0.060375 180.808573
0.060500 184.196688
0.060625 187.007017
0.060750 189.178027
0.060875 190.864815
0.061000 192.199931
0.061125 193.173502
0.061250 193.804498
0.061375 194.150994
0.061500 194.211060
0.061625 194.032239
0.061750 193.577760
0.061875 192.890382
0.062000 191.769376
0.062125 190.361558
0.062250 188.535405
0.062375 186.206235
