0.000000 0.000000
0.000125 26.862165
0.000250 45.935481
0.000375 63.688951
0.000500 79.618343
0.000625 93.123179
0.000750 103.878180
0.000875 112.390857
0.001000 119.188137
0.001125 124.002175
0.001250 128.062305
0.001375 132.360897
0.001500 136.927918
0.001625 141.557279
0.001750 145.943217
0.001875 150.098160
0.002000 153.794293
0.002125 156.936373
0.002250 159.375403
0.002375 161.159075
0.002500 162.364180
0.002625 163.087011
0.002750 163.476661
0.002875 163.376134
0.003000 162.900716
0.003125 161.910542
0.003250 160.378627
0.003375 158.238322
0.003500 155.458256
0.003625 152.256213
0.003750 148.775238
0.003875 145.103078
0.004000 141.355014
0.004125 137.790635
0.004250 134.377763
0.004375 130.501861
0.004500 124.978186
0.004625 117.982984
0.004750 109.863106
0.004875 99.648959
0.005000 87.253743
0.005125 73.541011
0.005250 59.941392
0.005375 49.948969
0.005500 51.165552
0.005625 62.403283
0.005750 76.274396
0.005875 90.118542
0.006000 102.710063
0.006125 113.238486
0.006250 121.891022
0.006375 129.401117
0.006500 135.090780
0.006625 139.179887
0.006750 142.929649
0.006875 146.699780
0.007000 150.555573
0.007125 154.350761
0.007250 157.936147
0.007375 161.181358
0.007500 164.020778
0.007625 166.306695
0.007750 168.049613
0.007875 169.228000
0.008000 169.937528
0.008125 170.229823
0.008250 170.159035
0.008375 169.667646
0.008500 168.689024
0.008625 167.192427
0.008750 165.229039
0.008875 162.677846
0.009000 159.715103
0.009125 156.440452
0.009250 152.826549
0.009375 149.050470
0.009500 145.336185
0.009625 141.599160
0.009750 137.529463
0.009875 132.249751
0.010000 125.281046
0.010125 117.456662
0.010250 107.861452
0.010375 96.095448
0.010500 82.845930
0.010625 69.325501
0.010750 57.912368
0.010875 54.288396
0.011000 61.081336
0.011125 72.458150
0.011250 84.852784
0.011375 96.635772
0.011500 106.814231
0.011625 115.098467
0.011750 122.162067
0.011875 128.084318
0.012000 132.548751
0.012125 136.365074
0.012250 140.084193
0.012375 143.797127
0.012500 147.545605
0.012625 151.121783
0.012750 154.436901
0.012875 157.362610
0.013000 159.759199
0.013125 161.545887
0.013250 162.848152
0.013375 163.611164
0.013500 163.918306
0.013625 163.795734
0.013750 163.291617
0.013875 162.244864
0.014000 160.641534
0.014125 158.401508
0.014250 155.586186
0.014375 152.139246
0.014500 148.332204
0.014625 144.159222
0.014750 139.852624
0.014875 135.447422
0.015000 131.112095
0.015125 126.655692
0.015250 121.456918
0.015375 114.802623
0.015500 106.505505
0.015625 96.316541
0.015750 83.773961
0.015875 69.188778
0.016000 53.683540
0.016125 38.615906
0.016250 29.885089
0.016375 36.008674
0.016500 49.204547
0.016625 63.248029
0.016750 77.281261
0.016875 89.725619
0.017000 99.915013
0.017125 108.377865
0.017250 115.085412
0.017375 120.190809
0.017500 124.438678
0.017625 128.563939
0.017750 133.024661
0.017875 137.716780
0.018000 142.290511
0.018125 146.605779
0.018250 150.504562
0.018375 153.802656
0.018500 156.509716
0.018625 158.550279
0.018750 160.104163
0.018875 161.155236
0.019000 161.756450
0.019125 161.891963
0.019250 161.556111
0.019375 160.747541
0.019500 159.352910
0.019625 157.300947
0.019750 154.766748
0.019875 151.800463
0.020000 148.539259
0.020125 145.071391
0.020250 141.495936
0.020375 137.988320
0.020500 134.341252
0.020625 130.064427
0.020750 124.511615
0.020875 117.549329
0.021000 109.366729
0.021125 99.507972
0.021250 88.218539
0.021375 76.563543
0.021500 65.744639
0.021625 58.744343
0.021750 59.854511
0.021875 68.166623
0.022000 79.315360
0.022125 90.814737
0.022250 101.854128
0.022375 111.588452
0.022500 119.771640
0.022625 126.751869
0.022750 132.313199
0.022875 136.821761
0.023000 140.667254
0.023125 144.339045
0.023250 147.931642
0.023375 151.387049
0.023500 154.724710
0.023625 157.923871
0.023750 160.816490
0.023875 163.323224
0.024000 165.400132
0.024125 166.940554
0.024250 168.063160
0.024375 168.658022
0.024500 168.844633
0.024625 168.526119
0.024750 167.753127
0.024875 166.463979
0.025000 164.710298
0.025125 162.385691
0.025250 159.672916
0.025375 156.656581
0.025500 153.367946
0.025625 149.818603
0.025750 146.131311
0.025875 142.334606
0.026000 138.039585
0.026125 132.626475
0.026250 125.890853
0.026375 118.047490
0.026500 108.929435
0.026625 98.496523
0.026750 87.391697
0.026875 76.516806
0.027000 68.203367
0.027125 65.817492
0.027250 70.551437
0.027375 79.433848
0.027500 89.556551
0.027625 99.472890
0.027750 108.564669
0.027875 116.523739
0.028000 123.471820
0.028125 128.944008
0.028250 133.193671
0.028375 136.903320
0.028500 140.397296
0.028625 143.780436
0.028750 147.079321
0.028875 150.247009
0.029000 153.144947
0.029125 155.624789
0.029250 157.724271
0.029375 159.389621
0.029500 160.677183
0.029625 161.607090
0.029750 162.231319
0.029875 162.435553
0.030000 162.196405
0.030125 161.408504
0.030250 160.046606
0.030375 157.994991
0.030500 155.359344
0.030625 152.237715
0.030750 148.691361
0.030875 144.802030
0.031000 140.656648
0.031125 136.349847
0.031250 131.934268
0.031375 127.185941
0.031500 121.679288
0.031625 114.890201
0.031750 106.499670
0.031875 96.752518
0.032000 85.690752
0.032125 73.518328
0.032250 60.797832
0.032375 49.086028
0.032500 43.789118
0.032625 47.442531
0.032750 57.030753
0.032875 68.871921
0.033000 80.547649
0.033125 91.079605
0.033250 100.111155
0.033375 108.149829
0.033500 114.959033
0.033625 120.318033
0.033750 124.821115
0.033875 128.910225
0.034000 133.039863
0.034125 137.257150
0.034250 141.304145
0.034375 145.020184
0.034500 148.369779
0.034625 151.228839
0.034750 153.611969
0.034875 155.380891
0.035000 156.734491
0.035125 157.640569
0.035250 158.090197
0.035375 158.233045
0.035500 158.048611
0.035625 157.472158
0.035750 156.342667
0.035875 154.611006
0.036000 152.371427
0.036125 149.676520
0.036250 146.561617
0.036375 143.126115
0.036500 139.557529
0.036625 135.886311
0.036750 131.938125
0.036875 127.356053
0.037000 121.708640
0.037125 115.063252
0.037250 107.474669
0.037375 98.724035
0.037500 89.261478
0.037625 79.413903
0.037750 70.501254
0.037875 65.509400
0.038000 66.746468
0.038125 73.283904
0.038250 82.721291
0.038375 92.969369
0.038500 102.702474
0.038625 111.441560
0.038750 119.078776
0.038875 125.820763
0.039000 131.476165
0.039125 136.280821
0.039250 140.453873
0.039375 144.270641
0.039500 147.837564
0.039625 151.247227
0.039750 154.533796
0.039875 157.560516
0.040000 160.187231
0.040125 162.403767
0.040250 164.142518
0.040375 165.416204
0.040500 166.284205
0.040625 166.723132
0.040750 166.719505
0.040875 166.265337
0.041000 165.439853
0.041125 164.141593
0.041250 162.462837
0.041375 160.358321
0.041500 157.916317
0.041625 155.122080
0.041750 151.967418
0.041875 148.547619
0.042000 144.929072
0.042125 141.008906
0.042250 136.468194
0.042375 131.069348
0.042500 124.871713
0.042625 117.893223
0.042750 109.919836
0.042875 100.983639
0.043000 91.561679
0.043125 82.655715
0.043250 76.366604
0.043375 74.822205
0.043500 78.332946
0.043625 85.430713
0.043750 94.216063
0.043875 103.058769
0.044000 111.130469
0.044125 118.250793
0.044250 124.488777
0.044375 129.673946
0.044500 134.190503
0.044625 138.230381
0.044750 141.816124
0.044875 145.127638
0.045000 148.255123
0.045125 151.206421
0.045250 153.939468
0.045375 156.382213
0.045500 158.462090
0.045625 160.071036
0.045750 161.305149
0.045875 162.058344
0.046000 162.411172
0.046125 162.353311
0.046250 161.804005
0.046375 160.750622
0.046500 159.221452
0.046625 157.083986
0.046750 154.387165
0.046875 151.191551
0.047000 147.618132
0.047125 143.665079
0.047250 139.522792
0.047375 135.254167
0.047500 130.730190
0.047625 125.799767
0.047750 120.232888
0.047875 113.979573
0.048000 106.609240
0.048125 98.135690
0.048250 88.543674
0.048375 77.832998
0.048500 66.825134
0.048625 57.719382
0.048750 54.292852
0.048875 56.956333
0.049000 63.942014
0.049125 73.851524
0.049250 84.175687
0.049375 93.788709
0.049500 102.153860
0.049625 109.243039
0.049750 115.102994
0.049875 119.921250
0.050000 124.419462
0.050125 128.962304
0.050250 133.281324
0.050375 137.270318
0.050500 141.055834
0.050625 144.501324
0.050750 147.623521
0.050875 150.263463
0.051000 152.415579
0.051125 154.202817
0.051250 155.602351
0.051375 156.503125
0.051500 157.007149
0.051625 157.085981
0.051750 156.809814
0.051875 155.980854
0.052000 154.605863
0.052125 152.639062
0.052250 150.121613
0.052375 147.174903
0.052500 143.787139
0.052625 140.103374
0.052750 136.265554
0.052875 132.224347
0.053000 127.916351
0.053125 123.412481
0.053250 118.421843
0.053375 112.647815
0.053500 105.995841
0.053625 98.329898
0.053750 89.821920
0.053875 81.238091
0.054000 73.761478
0.054125 70.212060
0.054250 71.566277
0.054375 76.995019
0.054500 85.009671
0.054625 94.277477
0.054750 103.442036
0.054875 111.823388
0.055000 119.209397
0.055125 125.432770
0.055250 130.623559
0.055375 135.086076
0.055500 139.265895
0.055625 143.342097
0.055750 147.168376
0.055875 150.798277
0.056000 154.078878
0.056125 157.006679
0.056250 159.557717
0.056375 161.616869
0.056500 163.242598
0.056625 164.470125
0.056750 165.304854
0.056875 165.810111
0.057000 165.864134
0.057125 165.536029
0.057250 164.821125
0.057375 163.618856
0.057500 161.926028
0.057625 159.733243
0.057750 157.101286
0.057875 154.022830
0.058000 150.606926
0.058125 146.964786
0.058250 143.184376
0.058375 139.121851
0.058500 134.670636
0.058625 129.777554
0.058750 124.315379
0.058875 118.101920
0.059000 110.909402
0.059125 102.841582
0.059250 94.590165
0.059375 87.157366
0.059500 82.253389
0.059625 81.409867
0.059750 84.326162
0.059875 90.093984
0.060000 97.609995
0.060125 105.605475
0.060250 113.160552
0.060375 120.076617
0.060500 126.061391
0.060625 130.896662
0.060750 134.936377
0.060875 138.609950
0.061000 142.042161
0.061125 145.477579
0.061250 148.824661
0.061375 151.918033
0.061500 154.701048
0.061625 157.063422
0.061750 158.954834
0.061875 160.455629
0.062000 161.526578
0.062125 162.138031
0.062250 162.427533
0.062375 162.322682
