0.000000 0.000000
0.000125 18.250386
0.000250 25.931864
0.000375 33.007854
0.000500 39.183048
0.000625 44.152537
0.000750 47.967668
0.000875 50.500031
0.001000 52.002509
0.001125 52.817305
0.001250 53.251242
0.001375 53.782507
0.001500 54.731700
0.001625 56.444571
0.001750 58.912216
0.001875 61.836928
0.002000 64.932266
0.002125 67.965053
0.002250 70.704123
0.002375 72.994065
0.002500 74.784415
0.002625 76.182811
0.002750 77.260315
0.002875 78.000489
0.003000 78.393532
0.003125 78.371287
0.003250 77.971136
0.003375 77.244845
0.003500 76.492432
0.003625 75.934677
0.003750 75.752234
0.003875 76.152085
0.004000 77.314767
0.004125 78.895729
0.004250 80.395816
0.004375 81.500207
0.004500 81.808382
0.004625 81.051498
0.004750 79.166859
0.004875 76.222151
0.005000 72.689682
0.005125 69.420377
0.005250 67.396947
0.005375 67.549726
0.005500 69.787287
0.005625 73.914931
0.005750 78.955287
0.005875 83.767797
0.006000 87.819349
0.006125 90.960144
0.006250 93.092204
0.006375 94.114488
0.006500 94.273193
0.006625 94.085969
0.006750 93.912022
0.006875 94.161107
0.007000 95.116730
0.007125 96.597102
0.007250 98.373562
0.007375 100.165936
0.007500 101.828738
0.007625 103.201007
0.007750 104.227250
0.007875 104.926953
0.008000 105.280504
0.008125 105.312173
0.008250 105.026631
0.008375 104.334970
0.008500 103.253271
0.008625 101.897151
0.008750 100.331316
0.008875 98.679592
0.009000 97.018270
0.009125 95.643846
0.009250 94.837410
0.009375 94.642481
0.009500 94.805560
0.009625 94.881557
0.009750 94.550131
0.009875 93.435283
0.010000 91.379003
0.010125 88.427319
0.010250 84.652911
0.010375 80.406181
0.010500 76.317070
0.010625 73.279699
0.010750 72.075894
0.010875 72.743403
0.011000 75.034262
0.011125 78.201932
0.011250 81.409231
0.011375 84.072608
0.011500 85.800058
0.011625 86.548225
0.011750 86.274844
0.011875 85.249727
0.012000 83.822883
0.012125 82.419278
0.012250 81.382279
0.012375 81.017397
0.012500 81.188971
0.012625 81.612732
0.012750 82.228256
0.012875 82.758413
0.013000 83.048878
0.013125 82.967489
0.013250 82.518027
0.013375 81.665917
0.013500 80.394073
0.013625 78.875479
0.013750 77.017023
0.013875 74.786970
0.014000 72.108885
0.014125 69.164315
0.014250 66.120270
0.014375 63.202287
0.014500 60.626542
0.014625 58.690764
0.014750 57.344984
0.014875 56.422033
0.015000 55.650986
0.015125 54.664652
0.015250 53.133676
0.015375 50.625730
0.015500 46.954226
0.015625 42.212729
0.015750 36.732836
0.015875 30.978890
0.016000 25.316064
0.016125 22.234591
0.016250 24.015632
0.016375 28.789681
0.016500 34.143218
0.016625 38.801664
0.016750 42.906806
0.016875 46.075388
0.017000 48.074647
0.017125 49.326907
0.017250 50.028314
0.017375 50.555542
0.017500 50.933643
0.017625 51.693398
0.017750 53.072743
0.017875 55.060088
0.018000 57.517759
0.018125 60.228191
0.018250 62.944510
0.018375 65.433405
0.018500 67.532817
0.018625 69.229333
0.018750 70.560885
0.018875 71.515994
0.019000 72.205498
0.019125 72.521613
0.019250 72.471768
0.019375 72.093596
0.019500 71.440518
0.019625 70.739444
0.019750 70.251999
0.019875 70.172983
0.020000 70.671075
0.020125 71.829753
0.020250 73.320021
0.020375 74.798735
0.020500 75.934604
0.020625 76.421636
0.020750 76.078095
0.020875 74.858441
0.021000 72.805034
0.021125 70.306848
0.021250 67.945977
0.021375 66.591458
0.021500 66.771619
0.021625 68.756126
0.021750 72.261114
0.021875 76.638486
0.022000 81.035545
0.022125 84.932996
0.022250 88.119273
0.022375 90.446342
0.022500 91.843682
0.022625 92.477285
0.022750 92.701388
0.022875 92.839312
0.023000 93.241129
0.023125 94.034656
0.023250 95.237048
0.023375 96.784653
0.023500 98.446996
0.023625 100.049446
0.023750 101.437890
0.023875 102.517210
0.024000 103.275208
0.024125 103.692380
0.024250 103.788986
0.024375 103.540867
0.024500 102.915801
0.024625 101.929659
0.024750 100.726104
0.024875 99.485128
0.025000 98.271161
0.025125 97.069602
0.025250 96.107058
0.025375 95.571811
0.025500 95.422786
0.025625 95.507478
0.025750 95.587128
0.025875 95.321686
0.026000 94.463271
0.026125 92.861222
0.026250 90.546956
0.026375 87.635857
0.026500 84.337292
0.026625 81.141678
0.026750 78.716174
0.026875 77.553884
0.027000 77.808778
0.027125 79.353817
0.027250 81.717808
0.027375 84.299405
0.027500 86.673783
0.027625 88.427091
0.027750 89.379139
0.027875 89.541221
0.028000 88.980412
0.028125 87.961389
0.028250 86.850825
0.028375 85.906496
0.028500 85.385886
0.028625 85.287842
0.028750 85.467275
0.028875 85.815347
0.029000 86.131244
0.029125 86.251532
0.029250 86.136582
0.029375 85.645989
0.029500 84.771561
0.029625 83.536346
0.029750 82.018686
0.029875 80.260925
0.030000 78.252510
0.030125 75.992324
0.030250 73.493054
0.030375 70.911599
0.030500 68.431115
0.030625 66.193179
0.030750 64.334516
0.030875 62.886538
0.031000 61.692834
0.031125 60.535219
0.031250 59.197533
0.031375 57.475302
0.031500 55.219915
0.031625 52.109040
0.031750 48.225471
0.031875 43.510641
0.032000 38.294107
0.032125 33.710974
0.032250 31.232644
0.032375 31.346012
0.032500 33.485362
0.032625 36.685824
0.032750 40.142420
0.032875 43.198044
0.033000 45.706757
0.033125 47.218302
0.033250 47.893522
0.033375 48.263950
0.033500 48.518781
0.033625 48.638121
0.033750 48.940861
0.033875 49.771170
0.034000 51.180997
0.034125 52.964878
0.034250 55.021237
0.034375 57.245748
0.034500 59.371566
0.034625 61.271827
0.034750 62.844446
0.034875 64.132706
0.035000 65.206106
0.035125 66.028743
0.035250 66.563592
0.035375 66.808365
0.035500 66.870471
0.035625 66.649506
0.035750 66.355686
0.035875 66.147678
0.036000 66.186774
0.036125 66.587414
0.036250 67.353589
0.036375 68.451718
0.036500 69.612796
0.036625 70.646486
0.036750 71.354173
0.036875 71.512460
0.037000 70.918012
0.037125 69.583104
0.037250 67.654171
0.037375 65.861266
0.037500 64.809772
0.037625 65.051468
0.037750 66.689414
0.037875 69.599469
0.038000 73.257751
0.038125 77.187797
0.038250 80.922989
0.038375 84.121796
0.038500 86.652402
0.038625 88.389139
0.038750 89.418060
0.038875 90.009635
0.039000 90.511209
0.039125 91.093442
0.039250 91.841214
0.039375 92.888305
0.039500 94.173968
0.039625 95.616742
0.039750 97.109747
0.039875 98.491340
0.040000 99.689268
0.040125 100.644132
0.040250 101.342608
0.040375 101.793077
0.040500 101.919646
0.040625 101.780802
0.040750 101.272183
0.040875 100.523777
0.041000 99.554899
0.041125 98.514645
0.041250 97.447720
0.041375 96.540206
0.041500 96.015458
0.041625 95.810902
0.041750 95.784381
0.041875 95.776831
0.042000 95.714063
0.042125 95.284165
0.042250 94.227561
0.042375 92.463419
0.042500 90.122868
0.042625 87.436745
0.042750 84.841863
0.042875 82.843663
0.043000 81.785840
0.043125 81.782360
0.043250 82.765675
0.043375 84.464146
0.043500 86.474056
0.043625 88.443757
0.043750 90.106918
0.043875 91.149687
0.044000 91.531868
0.044125 91.313180
0.044250 90.693974
0.044375 89.887821
0.044500 89.158492
0.044625 88.688292
0.044750 88.499748
0.044875 88.492105
0.045000 88.671582
0.045125 88.884825
0.045250 89.033838
0.045375 88.995450
0.045500 88.770978
0.045625 88.263029
0.045750 87.438521
0.045875 86.302610
0.046000 84.835774
0.046125 83.044139
0.046250 80.973746
0.046375 78.635387
0.046500 76.147004
0.046625 73.716690
0.046750 71.453880
0.046875 69.530762
0.047000 67.972786
0.047125 66.728839
0.047250 65.719672
0.047375 64.599375
0.047500 63.158780
0.047625 60.998513
0.047750 57.984646
0.047875 54.154676
0.048000 49.678844
0.048125 45.178204
0.048250 41.510388
0.048375 39.405595
0.048500 38.935806
0.048625 39.858575
0.048750 41.525290
0.048875 43.507936
0.049000 45.565887
0.049125 47.196856
0.049250 48.265861
0.049375 48.784744
0.049500 48.766901
0.049625 48.481207
0.049750 48.184953
0.049875 47.826947
0.050000 47.889535
0.050125 48.717094
0.050250 49.911547
0.050375 51.364281
0.050500 53.017477
0.050625 54.799773
0.050750 56.505990
0.050875 58.083477
0.051000 59.455751
0.051125 60.605692
0.051250 61.459962
0.051375 61.966519
0.051500 62.199538
0.051625 62.143007
0.051750 61.911118
0.051875 61.577350
0.052000 61.321966
0.052125 61.318452
0.052250 61.729178
0.052375 62.562561
0.052500 63.797024
0.052625 65.137674
0.052750 66.293701
0.052875 67.023636
0.053000 67.135232
0.053125 66.497269
0.053250 65.182836
0.053375 63.511017
0.053500 62.105875
0.053625 61.513238
0.053750 62.047275
0.053875 63.735769
0.054000 66.362106
0.054125 69.542579
0.054250 72.958827
0.054375 76.303273
0.054500 79.306708
0.054625 81.816306
0.054750 83.731519
0.054875 85.170630
0.055000 86.261347
0.055125 87.185571
0.055250 88.116743
0.055375 89.154629
0.055500 90.338834
0.055625 91.695326
0.055750 93.118629
0.055875 94.539293
0.056000 95.940198
0.056125 97.259548
0.056250 98.386778
0.056375 99.280221
0.056500 99.895846
0.056625 100.231475
0.056750 100.197285
0.056875 99.820264
0.057000 99.149721
0.057125 98.278362
0.057250 97.345745
0.057375 96.515211
0.057500 95.933476
0.057625 95.724186
0.057750 95.824008
0.057875 96.115424
0.058000 96.305429
0.058125 96.268673
0.058250 95.831331
0.058375 94.761115
0.058500 93.076424
0.058625 91.014286
0.058750 88.803635
0.058875 86.818259
0.059000 85.320478
0.059125 84.654063
0.059250 84.814213
0.059375 85.612381
0.059500 86.911730
0.059625 88.462850
0.059750 89.992288
0.059875 91.332446
0.060000 92.246523
0.060125 92.747024
0.060250 92.823636
0.060375 92.629558
0.060500 92.308788
0.060625 92.012408
0.060750 91.790821
0.060875 91.696704
0.061000 91.671215
0.061125 91.742770
0.061250 91.888538
0.061375 91.980737
0.061500 92.016107
0.061625 91.897257
0.061750 91.594842
0.061875 90.939696
0.062000 89.947938
0.062125 88.584399
0.062250 86.894511
0.062375 84.930767
