0.000000 0.000000
0.000125 16.456272
0.000250 25.295792
0.000375 33.154792
0.000500 40.101749
0.000625 45.803952
0.000750 50.152728
0.000875 53.048104
0.001000 54.556812
0.001125 55.146485
0.001250 55.113350
0.001375 54.863524
0.001500 54.828879
0.001625 55.310413
0.001750 57.140572
0.001875 59.649087
0.002000 62.048297
0.002125 64.279146
0.002250 66.262059
0.002375 67.862607
0.002500 69.045941
0.002625 69.869154
0.002750 70.437494
0.002875 70.746245
0.003000 70.933614
0.003125 71.080316
0.003250 71.344737
0.003375 72.190944
0.003500 73.895422
0.003625 76.190459
0.003750 78.470758
0.003875 80.380941
0.004000 81.665817
0.004125 82.055374
0.004250 81.058813
0.004375 78.676586
0.004500 75.388872
0.004625 71.526879
0.004750 67.440945
0.004875 64.222515
0.005000 63.950584
0.005125 66.958968
0.005250 72.472423
0.005375 78.382680
0.005500 83.601147
0.005625 88.006427
0.005750 91.371561
0.005875 93.309391
0.006000 93.865808
0.006125 93.688932
0.006250 93.188715
0.006375 92.645978
0.006500 92.437470
0.006625 92.879006
0.006750 93.901778
0.006875 95.149532
0.007000 96.350679
0.007125 97.397336
0.007250 98.116118
0.007375 98.483472
0.007500 98.554162
0.007625 98.481827
0.007750 98.199980
0.007875 97.750637
0.008000 97.192652
0.008125 96.581292
0.008250 96.127769
0.008375 95.948445
0.008500 96.151064
0.008625 96.797554
0.008750 97.537481
0.008875 98.047992
0.009000 98.038951
0.009125 97.198049
0.009250 95.292669
0.009375 92.240108
0.009500 88.446129
0.009625 84.230570
0.009750 79.956462
0.009875 76.544210
0.010000 75.197865
0.010125 76.383491
0.010250 79.572688
0.010375 83.506675
0.010500 87.115415
0.010625 89.919711
0.010750 91.762459
0.010875 92.430127
0.011000 91.966630
0.011125 90.750141
0.011250 89.206506
0.011375 87.608046
0.011500 86.248173
0.011625 85.361154
0.011750 85.038635
0.011875 84.959882
0.012000 84.946492
0.012125 84.794795
0.012250 84.392240
0.012375 83.658226
0.012500 82.668408
0.012625 81.453718
0.012750 80.063147
0.012875 78.458515
0.013000 76.708125
0.013125 74.965944
0.013250 73.397643
0.013375 72.196224
0.013500 71.446848
0.013625 71.042713
0.013750 70.682425
0.013875 70.027299
0.014000 68.809631
0.014125 66.718130
0.014250 63.534399
0.014375 59.190590
0.014500 53.807724
0.014625 47.883558
0.014750 41.985137
0.014875 37.178890
0.015000 34.423935
0.015125 35.024099
0.015250 38.335993
0.015375 42.527410
0.015500 46.383045
0.015625 49.251857
0.015750 50.953709
0.015875 51.515386
0.016000 51.072152
0.016125 49.837436
0.016250 48.119653
0.016375 46.457520
0.016500 45.102415
0.016625 44.094475
0.016750 44.367209
0.016875 45.635250
0.017000 46.968130
0.017125 48.579166
0.017250 50.031808
0.017375 51.189579
0.017500 52.107251
0.017625 52.829632
0.017750 53.427257
0.017875 53.930172
0.018000 54.470012
0.018125 55.232829
0.018250 56.221344
0.018375 57.538290
0.018500 59.243194
0.018625 61.094167
0.018750 62.768929
0.018875 64.182745
0.019000 65.011576
0.019125 64.970172
0.019250 64.049776
0.019375 62.295469
0.019500 59.935151
0.019625 57.368760
0.019750 55.263651
0.019875 54.208759
0.020000 54.712395
0.020125 57.240305
0.020250 61.478504
0.020375 66.555483
0.020500 71.538845
0.020625 75.849569
0.020750 79.242633
0.020875 81.682247
0.021000 83.159035
0.021125 83.909430
0.021250 84.274830
0.021375 84.536668
0.021500 84.926941
0.021625 85.558545
0.021750 86.548934
0.021875 87.764230
0.022000 89.055335
0.022125 90.289842
0.022250 91.300835
0.022375 92.087664
0.022500 92.588495
0.022625 92.904513
0.022750 93.115657
0.022875 93.240132
0.023000 93.360687
0.023125 93.483559
0.023250 93.712414
0.023375 94.053431
0.023500 94.464563
0.023625 94.967518
0.023750 95.392769
0.023875 95.585898
0.024000 95.358422
0.024125 94.641775
0.024250 93.378113
0.024375 91.463950
0.024500 89.145522
0.024625 86.865003
0.024750 84.850174
0.024875 83.405353
0.025000 82.904301
0.025125 83.548391
0.025250 85.400903
0.025375 88.081829
0.025500 90.851772
0.025625 93.333790
0.025750 95.286199
0.025875 96.601864
0.026000 97.147342
0.026125 96.982516
0.026250 96.472616
0.026375 95.807784
0.026500 95.110129
0.026625 94.511906
0.026750 94.144661
0.026875 93.987936
0.027000 93.875538
0.027125 93.719774
0.027250 93.458474
0.027375 93.023575
0.027500 92.386275
0.027625 91.578545
0.027750 90.652086
0.027875 89.615258
0.028000 88.540523
0.028125 87.488922
0.028250 86.449864
0.028375 85.420807
0.028500 84.498805
0.028625 83.627458
0.028750 82.691117
0.028875 81.556990
0.029000 80.103337
0.029125 78.213823
0.029250 75.815101
0.029375 72.789607
0.029500 69.443705
0.029625 66.077397
0.029750 62.964579
0.029875 60.179701
0.030000 58.206367
0.030125 57.464974
0.030250 58.262974
0.030375 59.935218
0.030500 61.877608
0.030625 63.688240
0.030750 65.057863
0.030875 65.801039
0.031000 65.731280
0.031125 64.888033
0.031250 63.600906
0.031375 62.092866
0.031500 60.459614
0.031625 58.821514
0.031750 57.352698
0.031875 56.118457
0.032000 55.136582
0.032125 54.298566
0.032250 53.478138
0.032375 52.610993
0.032500 51.610913
0.032625 50.456658
0.032750 49.185115
0.032875 47.939947
0.033000 46.777887
0.033125 45.863000
0.033250 44.783445
0.033375 44.286092
0.033500 44.656920
0.033625 45.084578
0.033750 45.611229
0.033875 46.199486
0.034000 46.524245
0.034125 46.437529
0.034250 45.851881
0.034375 44.864140
0.034500 43.829607
0.034625 43.169174
0.034750 42.570035
0.034875 42.098664
0.035000 42.481078
0.035125 44.210402
0.035250 47.295110
0.035375 51.349063
0.035500 55.587012
0.035625 59.526383
0.035750 63.001750
0.035875 65.890145
0.036000 68.148561
0.036125 69.796590
0.036250 70.978204
0.036375 71.927121
0.036500 72.736873
0.036625 73.594130
0.036750 74.568362
0.036875 75.734282
0.037000 77.049979
0.037125 78.400426
0.037250 79.675502
0.037375 80.829482
0.037500 81.817857
0.037625 82.654334
0.037750 83.294618
0.037875 83.873626
0.038000 84.375601
0.038125 84.791449
0.038250 85.161591
0.038375 85.613151
0.038500 86.134745
0.038625 86.692346
0.038750 87.209131
0.038875 87.595360
0.039000 87.773823
0.039125 87.607303
0.039250 87.088884
0.039375 86.360035
0.039500 85.575623
0.039625 84.826912
0.039750 84.091432
0.039875 83.513446
0.040000 83.447991
0.040125 84.078462
0.040250 85.492316
0.040375 87.427350
0.040500 89.676555
0.040625 91.856106
0.040750 93.680477
0.040875 95.151443
0.041000 96.358129
0.041125 97.114927
0.041250 97.440955
0.041375 97.497525
0.041500 97.454106
0.041625 97.415523
0.041750 97.358081
0.041875 97.340598
0.042000 97.458160
0.042125 97.598932
0.042250 97.688895
0.042375 97.665760
0.042500 97.502280
0.042625 97.229775
0.042750 96.789890
0.042875 96.256253
0.043000 95.640980
0.043125 94.983948
0.043250 94.201212
0.043375 93.457064
0.043500 92.721542
0.043625 91.980809
0.043750 91.170968
0.043875 90.277398
0.044000 89.143237
0.044125 87.720869
0.044250 86.113627
0.044375 84.415815
0.044500 82.612093
0.044625 80.753595
0.044750 78.783761
0.044875 76.947940
0.045000 75.520126
0.045125 74.738598
0.045250 74.674031
0.045375 75.250432
0.045500 76.195813
0.045625 77.140387
0.045750 77.857444
0.045875 78.266778
0.046000 78.439490
0.046125 78.237380
0.046250 77.649824
0.046375 76.722759
0.046500 75.633404
0.046625 74.516190
0.046750 73.407381
0.046875 72.328002
0.047000 71.349938
0.047125 70.425119
0.047250 69.459361
0.047375 68.376965
0.047500 67.217446
0.047625 65.968221
0.047750 64.545722
0.047875 63.030860
0.048000 61.459408
0.048125 59.860309
0.048250 58.202120
0.048375 56.576327
0.048500 55.022478
0.048625 53.459588
0.048750 51.932627
0.048875 50.261476
0.049000 48.296894
0.049125 46.077297
0.049250 43.932195
0.049375 42.249537
0.049500 40.487707
0.049625 38.449800
0.049750 36.444044
0.049875 34.405001
0.050000 32.996823
0.050125 33.367928
0.050250 34.581102
0.050375 36.758912
0.050500 40.000063
0.050625 43.034991
0.050750 45.717593
0.050875 48.116301
0.051000 50.372361
0.051125 52.433210
0.051250 54.184023
0.051375 55.723843
0.051500 57.093041
0.051625 58.345070
0.051750 59.624193
0.051875 60.881506
0.052000 62.104195
0.052125 63.417389
0.052250 64.747869
0.052375 65.957246
0.052500 66.954925
0.052625 67.914906
0.052750 68.894751
0.052875 69.814371
0.053000 70.717857
0.053125 71.599975
0.053250 72.404205
0.053375 73.149641
0.053500 73.848692
0.053625 74.473594
0.053750 75.032467
0.053875 75.484542
0.054000 75.820833
0.054125 76.104974
0.054250 76.483286
0.054375 76.855970
0.054500 77.044605
0.054625 77.032949
0.054750 76.886707
0.054875 76.879603
0.055000 77.174341
0.055125 77.883334
0.055250 79.097934
0.055375 80.857091
0.055500 82.889940
0.055625 85.098278
0.055750 87.109772
0.055875 88.817935
0.056000 90.296674
0.056125 91.595627
0.056250 92.646568
0.056375 93.409140
0.056500 94.017891
0.056625 94.585109
0.056750 95.081306
0.056875 95.516851
0.057000 95.930439
0.057125 96.256760
0.057250 96.506713
0.057375 96.693240
0.057500 96.800252
0.057625 96.947659
0.057750 97.041402
0.057875 97.137015
0.058000 97.153636
0.058125 97.038236
0.058250 96.807872
0.058375 96.402988
0.058500 95.812461
0.058625 95.235017
0.058750 94.597703
0.058875 93.935347
0.059000 93.344898
0.059125 92.850638
0.059250 92.370804
0.059375 91.822629
0.059500 91.011674
0.059625 89.925145
0.059750 88.685834
0.059875 87.487814
0.060000 86.509113
0.060125 85.847960
0.060250 85.555536
0.060375 85.760852
0.060500 86.354984
0.060625 87.134654
0.060750 87.832185
0.060875 88.298095
0.061000 88.535609
0.061125 88.503717
0.061250 88.271560
0.061375 87.834472
0.061500 87.307594
0.061625 86.695091
0.061750 85.977896
0.061875 85.188765
0.062000 84.367006
0.062125 83.511785
0.062250 82.582424
0.062375 81.644254
