0.000000 0.000000
0.000125 18.817097
0.000250 27.266887
0.000375 35.347008
0.000500 42.671104
0.000625 49.195383
0.000750 54.882478
0.000875 59.463094
0.001000 62.902236
0.001125 65.339055
0.001250 66.792221
0.001375 67.291936
0.001500 67.490815
0.001625 68.188690
0.001750 69.739372
0.001875 72.024669
0.002000 74.980488
0.002125 78.261993
0.002250 81.589695
0.002375 84.682687
0.002500 87.173372
0.002625 89.034597
0.002750 90.362577
0.002875 91.064791
0.003000 91.295234
0.003125 91.410943
0.003250 91.783482
0.003375 92.664721
0.003500 94.077370
0.003625 96.091678
0.003750 98.502410
0.003875 101.067433
0.004000 103.306609
0.004125 104.802452
0.004250 105.424444
0.004375 105.088246
0.004500 103.737694
0.004625 101.604672
0.004750 98.978186
0.004875 96.284733
0.005000 94.044358
0.005125 93.174258
0.005250 94.126550
0.005375 96.859942
0.005500 101.120089
0.005625 106.029072
0.005750 110.875264
0.005875 115.304859
0.006000 119.090181
0.006125 122.083366
0.006250 124.012792
0.006375 124.784871
0.006500 124.872405
0.006625 124.785895
0.006750 124.767714
0.006875 125.039847
0.007000 125.580963
0.007125 126.382245
0.007250 127.553294
0.007375 129.014413
0.007500 130.566315
0.007625 131.917852
0.007750 132.844566
0.007875 133.093500
0.008000 132.599930
0.008125 131.611953
0.008250 130.467844
0.008375 129.341763
0.008500 128.471096
0.008625 128.016273
0.008750 127.821396
0.008875 127.825199
0.009000 128.073746
0.009125 128.506197
0.009250 128.914185
0.009375 128.770993
0.009500 127.504357
0.009625 125.124998
0.009750 121.923925
0.009875 118.146325
0.010000 114.006894
0.010125 109.842507
0.010250 106.189117
0.010375 103.802115
0.010500 102.964019
0.010625 103.751862
0.010750 105.848086
0.010875 108.532999
0.011000 111.180314
0.011125 113.461964
0.011250 115.074215
0.011375 115.849006
0.011500 115.590093
0.011625 114.484055
0.011750 112.709104
0.011875 110.701765
0.012000 108.669392
0.012125 106.894540
0.012250 105.517636
0.012375 104.614199
0.012500 104.216732
0.012625 104.065922
0.012750 103.878668
0.012875 103.354931
0.013000 102.258913
0.013125 100.596445
0.013250 98.354216
0.013375 95.648631
0.013500 92.601945
0.013625 89.583360
0.013750 86.869887
0.013875 84.605322
0.014000 82.914885
0.014125 81.775821
0.014250 80.963063
0.014375 80.100258
0.014500 78.655552
0.014625 76.371364
0.014750 73.045080
0.014875 68.691900
0.015000 63.290200
0.015125 56.922351
0.015250 49.715434
0.015375 41.932891
0.015500 34.479934
0.015625 29.498888
0.015750 28.873555
0.015875 32.313836
0.016000 37.259531
0.016125 42.048027
0.016250 46.260794
0.016375 49.792998
0.016500 52.205496
0.016625 53.900511
0.016750 55.208392
0.016875 55.867433
0.017000 55.851183
0.017125 55.500471
0.017250 55.520661
0.017375 56.439758
0.017500 58.267877
0.017625 60.792105
0.017750 63.843656
0.017875 66.938002
0.018000 69.845085
0.018125 72.311707
0.018250 74.309235
0.018375 75.783794
0.018500 76.750421
0.018625 77.274645
0.018750 77.571078
0.018875 77.937707
0.019000 78.712311
0.019125 80.038036
0.019250 81.945435
0.019375 84.405443
0.019500 86.942680
0.019625 89.305281
0.019750 91.081821
0.019875 92.047039
0.020000 92.055877
0.020125 91.212536
0.020250 89.531968
0.020375 87.316769
0.020500 84.962500
0.020625 83.047872
0.020750 82.236146
0.020875 83.124323
0.021000 85.915881
0.021125 90.092895
0.021250 95.115464
0.021375 100.265593
0.021500 105.165317
0.021625 109.407785
0.021750 112.838136
0.021875 115.356032
0.022000 116.968315
0.022125 117.841789
0.022250 118.269112
0.022375 118.588752
0.022500 119.042110
0.022625 119.780596
0.022750 120.895420
0.022875 122.338388
0.023000 124.055491
0.023125 125.875498
0.023250 127.542063
0.023375 128.828590
0.023500 129.599117
0.023625 129.812389
0.023750 129.526308
0.023875 128.929677
0.024000 128.270266
0.024125 127.752569
0.024250 127.488480
0.024375 127.516519
0.024500 127.876802
0.024625 128.378341
0.024750 128.973174
0.024875 129.507905
0.025000 129.594516
0.025125 128.894452
0.025250 127.367900
0.025375 125.117222
0.025500 122.250333
0.025625 119.004993
0.025750 115.801746
0.025875 113.075431
0.026000 111.200536
0.026125 110.583703
0.026250 111.171434
0.026375 112.735141
0.026500 114.994063
0.026625 117.511554
0.026750 119.791901
0.026875 121.545229
0.027000 122.589239
0.027125 122.812499
0.027250 122.314988
0.027375 121.231485
0.027500 119.840634
0.027625 118.359056
0.027750 116.997358
0.027875 115.881666
0.028000 115.106056
0.028125 114.730691
0.028250 114.555558
0.028375 114.363487
0.028500 113.965866
0.028625 113.156314
0.028750 111.919036
0.028875 110.142025
0.029000 107.966532
0.029125 105.562980
0.029250 103.148561
0.029375 100.842756
0.029500 98.854254
0.029625 97.228681
0.029750 95.916298
0.029875 94.827522
0.030000 93.677816
0.030125 92.180448
0.030250 90.131726
0.030375 87.193451
0.030500 83.331702
0.030625 78.521185
0.030750 72.903994
0.030875 66.778639
0.031000 60.656289
0.031125 55.313714
0.031250 51.394689
0.031375 49.416227
0.031500 49.482003
0.031625 51.319355
0.031750 54.154211
0.031875 57.061947
0.032000 59.503184
0.032125 61.109549
0.032250 61.808929
0.032375 61.552995
0.032500 60.458779
0.032625 58.731841
0.032750 56.681100
0.032875 54.872443
0.033000 53.502366
0.033125 52.839990
0.033250 52.811377
0.033375 53.712586
0.033500 55.453488
0.033625 57.333367
0.033750 59.040622
0.033875 60.525309
0.034000 61.754488
0.034125 62.606418
0.034250 63.204555
0.034375 63.662479
0.034500 64.211987
0.034625 65.033689
0.034750 66.324416
0.034875 68.025909
0.035000 70.165655
0.035125 72.408667
0.035250 74.491766
0.035375 76.201418
0.035500 77.218191
0.035625 77.427435
0.035750 76.750781
0.035875 75.312995
0.036000 73.413916
0.036125 71.441986
0.036250 70.008058
0.036375 69.583664
0.036500 70.585019
0.036625 72.981478
0.036750 76.732988
0.036875 81.439098
0.037000 86.546201
0.037125 91.612645
0.037250 96.241903
0.037375 100.190263
0.037500 103.323272
0.037625 105.660328
0.037750 107.367885
0.037875 108.614392
0.038000 109.553812
0.038125 110.463812
0.038250 111.520112
0.038375 112.848633
0.038500 114.407660
0.038625 116.161610
0.038750 117.996146
0.038875 119.727881
0.039000 121.220220
0.039125 122.387659
0.039250 123.156293
0.039375 123.567517
0.039500 123.739540
0.039625 123.875921
0.039750 123.980892
0.039875 124.212682
0.040000 124.647752
0.040125 125.277986
0.040250 126.083753
0.040375 126.835804
0.040500 127.308253
0.040625 127.413227
0.040750 127.037426
0.040875 126.085711
0.041000 124.547114
0.041125 122.551139
0.041250 120.282930
0.041375 118.003729
0.041500 116.114856
0.041625 114.936946
0.041750 114.521820
0.041875 115.001839
0.042000 116.298586
0.042125 118.229902
0.042250 120.440571
0.042375 122.629310
0.042500 124.544841
0.042625 125.938074
0.042750 126.775060
0.042875 127.000718
0.043000 126.688506
0.043125 126.079682
0.043250 125.240789
0.043375 124.412232
0.043500 123.695698
0.043625 123.134197
0.043750 122.780091
0.043875 122.549705
0.044000 122.353222
0.044125 122.034427
0.044250 121.465548
0.044375 120.584046
0.044500 119.426544
0.044625 117.962270
0.044750 116.329242
0.044875 114.614372
0.045000 112.943907
0.045125 111.373086
0.045250 109.976710
0.045375 108.678602
0.045500 107.438472
0.045625 106.057281
0.045750 104.441092
0.045875 102.398699
0.046000 99.756623
0.046125 96.449074
0.046250 92.489299
0.046375 88.000202
0.046500 83.329237
0.046625 78.825907
0.046750 74.892079
0.046875 71.762765
0.047000 69.658028
0.047125 68.608612
0.047250 68.653898
0.047375 69.548953
0.047500 70.940691
0.047625 72.352834
0.047750 73.438130
0.047875 73.877419
0.048000 73.651817
0.048125 72.792159
0.048250 71.415486
0.048375 69.728843
0.048500 67.904075
0.048625 66.132323
0.048750 64.456732
0.048875 63.106141
0.049000 62.079074
0.049125 61.286849
0.049250 60.641094
0.049375 59.932005
0.049500 59.086303
0.049625 58.063281
0.049750 56.964596
0.049875 55.669642
0.050000 54.716379
0.050125 54.568031
0.050250 54.819173
0.050375 55.307400
0.050500 56.192444
0.050625 57.439897
0.050750 58.823767
0.050875 60.113451
0.051000 61.216010
0.051125 61.837694
0.051250 61.861551
0.051375 61.196472
0.051500 59.887311
0.051625 58.319092
0.051750 56.944058
0.051875 56.215903
0.052000 56.413159
0.052125 57.480408
0.052250 59.514289
0.052375 62.605264
0.052500 66.501791
0.052625 71.094603
0.052750 75.896870
0.052875 80.472764
0.053000 84.674558
0.053125 88.293309
0.053250 91.269159
0.053375 93.684838
0.053500 95.727580
0.053625 97.439223
0.053750 99.001299
0.053875 100.611663
0.054000 102.255733
0.054125 104.030034
0.054250 105.857838
0.054375 107.727480
0.054500 109.553574
0.054625 111.215168
0.054750 112.648337
0.054875 113.863431
0.055000 114.872613
0.055125 115.750583
0.055250 116.467692
0.055375 117.117174
0.055500 117.781659
0.055625 118.534940
0.055750 119.395892
0.055875 120.249284
0.056000 120.929020
0.056125 121.448834
0.056250 121.695748
0.056375 121.580401
0.056500 121.122574
0.056625 120.274827
0.056750 119.167508
0.056875 117.893483
0.057000 116.729818
0.057125 115.806140
0.057250 115.335045
0.057375 115.360475
0.057500 115.882372
0.057625 116.970271
0.057750 118.526297
0.057875 120.349628
0.058000 122.279383
0.058125 124.080346
0.058250 125.716874
0.058375 127.000227
0.058500 127.856478
0.058625 128.376863
0.058750 128.626010
0.058875 128.620250
0.059000 128.516507
0.059125 128.408054
0.059250 128.341284
0.059375 128.206676
0.059500 128.100828
0.059625 127.963500
0.059750 127.717601
0.059875 127.334276
0.060000 126.807245
0.060125 126.087960
0.060250 125.214306
0.060375 124.209954
0.060500 123.100813
0.060625 121.999596
0.060750 120.877121
0.060875 119.746172
0.061000 118.598041
0.061125 117.363022
0.061250 115.995279
0.061375 114.372777
0.061500 112.423250
0.061625 110.115960
0.061750 107.438055
0.061875 104.438364
0.062000 101.136428
0.062125 97.814349
0.062250 94.660544
0.062375 91.765310
