0.000000 0.000000
0.000125 15.338996
0.000250 21.255846
0.000375 26.940369
0.000500 32.243219
0.000625 37.153842
0.000750 41.658549
0.000875 45.636613
0.001000 49.011744
0.001125 51.779551
0.001250 54.192685
0.001375 56.399403
0.001500 58.584745
0.001625 60.845879
0.001750 63.192833
0.001875 65.536282
0.002000 67.790135
0.002125 69.956157
0.002250 72.082154
0.002375 74.133164
0.002500 75.919902
0.002625 77.409178
0.002750 78.529151
0.002875 79.373524
0.003000 79.973847
0.003125 80.458794
0.003250 80.848790
0.003375 81.202415
0.003500 81.538227
0.003625 81.888882
0.003750 82.331765
0.003875 82.894627
0.004000 83.647356
0.004125 84.234647
0.004250 84.480320
0.004375 84.231352
0.004500 83.439240
0.004625 82.238412
0.004750 80.756966
0.004875 79.180404
0.005000 77.731693
0.005125 76.793621
0.005250 76.939474
0.005375 78.164221
0.005500 80.444079
0.005625 83.468010
0.005750 86.879757
0.005875 90.302562
0.006000 93.578344
0.006125 96.596277
0.006250 99.247929
0.006375 101.376718
0.006500 102.907341
0.006625 103.983241
0.006750 104.848047
0.006875 105.589241
0.007000 106.323449
0.007125 107.071975
0.007250 107.860041
0.007375 108.744498
0.007500 109.720465
0.007625 110.651182
0.007750 111.455529
0.007875 112.011790
0.008000 112.241933
0.008125 112.145872
0.008250 111.726295
0.008375 111.044511
0.008500 110.207478
0.008625 109.313218
0.008750 108.436087
0.008875 107.632215
0.009000 106.940418
0.009125 106.317842
0.009250 105.649016
0.009375 104.841226
0.009500 103.744280
0.009625 102.281868
0.009750 100.367415
0.009875 98.072836
0.010000 95.423647
0.010125 92.604491
0.010250 89.879088
0.010375 87.382961
0.010500 85.433426
0.010625 84.242688
0.010750 83.910655
0.010875 84.370647
0.011000 85.446887
0.011125 86.876992
0.011250 88.408754
0.011375 89.792072
0.011500 90.910234
0.011625 91.650992
0.011750 91.877625
0.011875 91.582830
0.012000 90.998442
0.012125 90.235803
0.012250 89.530611
0.012375 88.878409
0.012500 88.346238
0.012625 87.884649
0.012750 87.424216
0.012875 86.920673
0.013000 86.358955
0.013125 85.667672
0.013250 84.727338
0.013375 83.483135
0.013500 81.948707
0.013625 80.146845
0.013750 78.103028
0.013875 75.945703
0.014000 73.661110
0.014125 71.284646
0.014250 68.901126
0.014375 66.438043
0.014500 64.058673
0.014625 61.647331
0.014750 59.172718
0.014875 56.490194
0.015000 53.510391
0.015125 50.147973
0.015250 46.412411
0.015375 42.362207
0.015500 38.215980
0.015625 33.989320
0.015750 29.812362
0.015875 26.358670
0.016000 24.209294
0.016125 24.010455
0.016250 26.015381
0.016375 29.277146
0.016500 32.890623
0.016625 36.364854
0.016750 39.697861
0.016875 42.769211
0.017000 45.427677
0.017125 47.640594
0.017250 49.619213
0.017375 51.438816
0.017500 53.243107
0.017625 55.110659
0.017750 57.048248
0.017875 59.042329
0.018000 61.043725
0.018125 63.034198
0.018250 64.953421
0.018375 66.761862
0.018500 68.384078
0.018625 69.742261
0.018750 70.810470
0.018875 71.620093
0.019000 72.233591
0.019125 72.645060
0.019250 72.917228
0.019375 73.093269
0.019500 73.285529
0.019625 73.528101
0.019750 73.884641
0.019875 74.289739
0.020000 74.716518
0.020125 75.089039
0.020250 75.368004
0.020375 75.437213
0.020500 75.300744
0.020625 74.992621
0.020750 74.541486
0.020875 74.059062
0.021000 73.771165
0.021125 73.898694
0.021250 74.575735
0.021375 75.964156
0.021500 78.017589
0.021625 80.638231
0.021750 83.631073
0.021875 86.756296
0.022000 89.819448
0.022125 92.688695
0.022250 95.228927
0.022375 97.398210
0.022500 99.173180
0.022625 100.556527
0.022750 101.714918
0.022875 102.687880
0.023000 103.637842
0.023125 104.553247
0.023250 105.458478
0.023375 106.380406
0.023500 107.290775
0.023625 108.158398
0.023750 108.927515
0.023875 109.511450
0.024000 109.867715
0.024125 109.945546
0.024250 109.764173
0.024375 109.393410
0.024500 108.829791
0.024625 108.170551
0.024750 107.448549
0.024875 106.735961
0.025000 106.092076
0.025125 105.475921
0.025250 104.870642
0.025375 104.196335
0.025500 103.428785
0.025625 102.478574
0.025750 101.356536
0.025875 100.081720
0.026000 98.589281
0.026125 96.976051
0.026250 95.384767
0.026375 93.950779
0.026500 92.819530
0.026625 92.028253
0.026750 91.682890
0.026875 91.792025
0.027000 92.332667
0.027125 93.104953
0.027250 94.026946
0.027375 94.970701
0.027500 95.795962
0.027625 96.378103
0.027750 96.648274
0.027875 96.613798
0.028000 96.318295
0.028125 95.836095
0.028250 95.221302
0.028375 94.554420
0.028500 93.880640
0.028625 93.236547
0.028750 92.608820
0.028875 91.958907
0.029000 91.234153
0.029125 90.386892
0.029250 89.358574
0.029375 88.147367
0.029500 86.650968
0.029625 84.936633
0.029750 83.037271
0.029875 80.933875
0.030000 78.709853
0.030125 76.412362
0.030250 74.112221
0.030375 71.881561
0.030500 69.662082
0.030625 67.461486
0.030750 65.256858
0.030875 63.042120
0.031000 60.693149
0.031125 58.144096
0.031250 55.293733
0.031375 52.226393
0.031500 49.085668
0.031625 45.973822
0.031750 42.938985
0.031875 40.266440
0.032000 38.149609
0.032125 36.748077
0.032250 36.242171
0.032375 36.796441
0.032500 38.014135
0.032625 39.541265
0.032750 41.177638
0.032875 42.857137
0.033000 44.400436
0.033125 45.725042
0.033250 46.857875
0.033375 47.935866
0.033500 49.168374
0.033625 50.402890
0.033750 51.704293
0.033875 53.026448
0.034000 54.522307
0.034125 56.007478
0.034250 57.487953
0.034375 58.871555
0.034500 60.101959
0.034625 61.208377
0.034750 62.130350
0.034875 62.806939
0.035000 63.337114
0.035125 63.718151
0.035250 64.033653
0.035375 64.328704
0.035500 64.673847
0.035625 65.039509
0.035750 65.484299
0.035875 66.072813
0.036000 66.783901
0.036125 67.515380
0.036250 68.182284
0.036375 68.737808
0.036500 69.158025
0.036625 69.422831
0.036750 69.665546
0.036875 69.915545
0.037000 70.242589
0.037125 70.771801
0.037250 71.613081
0.037375 72.876025
0.037500 74.588112
0.037625 76.663237
0.037750 79.052400
0.037875 81.607906
0.038000 84.249603
0.038125 86.836748
0.038250 89.298612
0.038375 91.578845
0.038500 93.561195
0.038625 95.270878
0.038750 96.719521
0.038875 97.964445
0.039000 99.122610
0.039125 100.184528
0.039250 101.158560
0.039375 102.110372
0.039500 103.018918
0.039625 103.885582
0.039750 104.625265
0.039875 105.270396
0.040000 105.756531
0.040125 106.064442
0.040250 106.200257
0.040375 106.179412
0.040500 106.027788
0.040625 105.805669
0.040750 105.533369
0.040875 105.230352
0.041000 104.988940
0.041125 104.791021
0.041250 104.625460
0.041375 104.363257
0.041500 104.009915
0.041625 103.554279
0.041750 102.957040
0.041875 102.260485
0.042000 101.447577
0.042125 100.573583
0.042250 99.649007
0.042375 98.771163
0.042500 98.047738
0.042625 97.550442
0.042750 97.285468
0.042875 97.223821
0.043000 97.420230
0.043125 97.788723
0.043250 98.274885
0.043375 98.802011
0.043500 99.302034
0.043625 99.722912
0.043750 99.943863
0.043875 100.014995
0.044000 99.893974
0.044125 99.618219
0.044250 99.204295
0.044375 98.680209
0.044500 98.064130
0.044625 97.369803
0.044750 96.627747
0.044875 95.827123
0.045000 94.990536
0.045125 94.062521
0.045250 93.012804
0.045375 91.843094
0.045500 90.538717
0.045625 89.099036
0.045750 87.553010
0.045875 85.893387
0.046000 84.165612
0.046125 82.429677
0.046250 80.702017
0.046375 78.963057
0.046500 77.216718
0.046625 75.423976
0.046750 73.486185
0.046875 71.460188
0.047000 69.296203
0.047125 67.005319
0.047250 64.702491
0.047375 62.364322
0.047500 59.912026
0.047625 57.441617
0.047750 55.080917
0.047875 52.919397
0.048000 50.907874
0.048125 49.203530
0.048250 47.847877
0.048375 46.976211
0.048500 46.712362
0.048625 46.807466
0.048750 47.051626
0.048875 47.364768
0.049000 47.757470
0.049125 48.155162
0.049250 48.532705
0.049375 48.857202
0.049500 49.134919
0.049625 49.373797
0.049750 49.542175
0.049875 49.738914
0.050000 50.052780
0.050125 50.670025
0.050250 51.374540
0.050375 52.052038
0.050500 52.773825
0.050625 53.482769
0.050750 54.144532
0.050875 54.777285
0.051000 55.338440
0.051125 55.835689
0.051250 56.400681
0.051375 57.050076
0.051500 57.736576
0.051625 58.451505
0.051750 59.139957
0.051875 59.821388
0.052000 60.443539
0.052125 61.013229
0.052250 61.582139
0.052375 62.223935
0.052500 62.885484
0.052625 63.489097
0.052750 64.077288
0.052875 64.686443
0.053000 65.427099
0.053125 66.306300
0.053250 67.325892
0.053375 68.532636
0.053500 69.958906
0.053625 71.612782
0.053750 73.538761
0.053875 75.681189
0.054000 77.873950
0.054125 80.154812
0.054250 82.369305
0.054375 84.485159
0.054500 86.500719
0.054625 88.399922
0.054750 90.123158
0.054875 91.618145
0.055000 92.973054
0.055125 94.192673
0.055250 95.375902
0.055375 96.450238
0.055500 97.443053
0.055625 98.383738
0.055750 99.250934
0.055875 100.044409
0.056000 100.746385
0.056125 101.367129
0.056250 101.938708
0.056375 102.478293
0.056500 102.946617
0.056625 103.367059
0.056750 103.656758
0.056875 103.871440
0.057000 104.023343
0.057125 104.091139
0.057250 104.053412
0.057375 103.918941
0.057500 103.758562
0.057625 103.545685
0.057750 103.295515
0.057875 103.030866
0.058000 102.734977
0.058125 102.370534
0.058250 101.927086
0.058375 101.496788
0.058500 101.169266
0.058625 100.941823
0.058750 100.774344
0.058875 100.650702
0.059000 100.630859
0.059125 100.737547
0.059250 100.951827
0.059375 101.242683
0.059500 101.512659
0.059625 101.755392
0.059750 101.982810
0.059875 102.114349
0.060000 102.103799
0.060125 101.990837
0.060250 101.755503
0.060375 101.397440
0.060500 100.956062
0.060625 100.404910
0.060750 99.774399
0.060875 99.090075
0.061000 98.338504
0.061125 97.537269
0.061250 96.667874
0.061375 95.737752
0.061500 94.829635
0.061625 93.893041
0.061750 92.887788
0.061875 91.797210
0.062000 90.576249
0.062125 89.239140
0.062250 87.795473
0.062375 86.229741
