0.000000 0.000000
0.000125 14.899816
0.000250 19.784826
0.000375 24.665966
0.000500 28.995774
0.000625 32.705653
0.000750 35.752659
0.000875 38.049237
0.001000 39.451353
0.001125 40.071775
0.001250 40.187864
0.001375 40.061341
0.001500 39.798265
0.001625 39.551887
0.001750 39.232635
0.001875 38.770085
0.002000 38.243183
0.002125 37.631612
0.002250 37.256016
0.002375 36.999980
0.002500 37.036446
0.002625 37.240903
0.002750 37.676078
0.002875 38.284555
0.003000 39.156658
0.003125 40.101435
0.003250 41.114682
0.003375 42.000120
0.003500 42.791848
0.003625 43.444329
0.003750 44.072066
0.003875 44.501463
0.004000 44.667315
0.004125 44.255712
0.004250 43.066219
0.004375 41.124283
0.004500 38.440703
0.004625 35.258478
0.004750 31.620132
0.004875 27.871698
0.005000 24.683798
0.005125 23.745049
0.005250 25.813178
0.005375 29.752095
0.005500 34.011025
0.005625 37.908989
0.005750 41.281078
0.005875 43.933483
0.006000 45.948698
0.006125 47.227586
0.006250 47.802422
0.006375 47.879105
0.006500 47.708403
0.006625 47.401977
0.006750 47.016221
0.006875 46.556923
0.007000 45.898623
0.007125 45.178276
0.007250 44.529366
0.007375 43.969240
0.007500 43.585374
0.007625 43.419929
0.007750 43.476668
0.007875 43.770144
0.008000 44.228898
0.008125 44.851837
0.008250 45.593045
0.008375 46.400405
0.008500 47.083231
0.008625 47.651364
0.008750 48.008945
0.008875 48.252176
0.009000 48.421907
0.009125 48.216804
0.009250 47.499007
0.009375 46.075159
0.009500 43.979399
0.009625 41.294231
0.009750 38.041684
0.009875 34.398215
0.010000 30.640655
0.010125 27.600746
0.010250 26.545890
0.010375 28.135357
0.010500 31.334056
0.010625 35.003050
0.010750 38.477519
0.010875 41.375707
0.011000 43.734054
0.011125 45.373074
0.011250 46.351231
0.011375 46.703539
0.011500 46.485764
0.011625 46.069749
0.011750 45.494211
0.011875 44.798411
0.012000 44.016395
0.012125 43.133127
0.012250 42.198551
0.012375 41.330805
0.012500 40.589777
0.012625 39.959942
0.012750 39.578742
0.012875 39.376229
0.013000 39.347255
0.013125 39.563644
0.013250 39.937820
0.013375 40.378507
0.013500 40.854860
0.013625 41.167021
0.013750 41.405669
0.013875 41.520575
0.014000 41.631411
0.014125 41.550566
0.014250 41.178280
0.014375 40.330991
0.014500 38.714271
0.014625 36.360234
0.014750 33.268093
0.014875 29.611403
0.015000 25.519786
0.015125 21.247872
0.015250 17.601783
0.015375 16.545557
0.015500 18.557273
0.015625 22.314172
0.015750 26.371423
0.015875 30.128790
0.016000 33.334290
0.016125 35.879096
0.016250 37.734693
0.016375 38.871702
0.016500 39.288110
0.016625 39.252771
0.016750 39.034381
0.016875 38.767783
0.017000 38.316249
0.017125 37.882973
0.017250 37.318933
0.017375 36.746375
0.017500 36.195867
0.017625 35.707942
0.017750 35.465624
0.017875 35.319608
0.018000 35.497841
0.018125 35.778443
0.018250 36.310427
0.018375 36.993532
0.018500 37.736546
0.018625 38.620329
0.018750 39.380743
0.018875 40.129013
0.019000 40.741306
0.019125 41.300305
0.019250 41.733501
0.019375 41.705850
0.019500 41.186065
0.019625 39.911597
0.019750 38.040506
0.019875 35.505686
0.020000 32.487552
0.020125 29.105871
0.020250 25.808045
0.020375 23.681811
0.020500 23.590656
0.020625 25.489350
0.020750 28.833330
0.020875 32.627788
0.021000 36.297522
0.021125 39.519775
0.021250 42.078458
0.021375 43.992544
0.021500 45.225154
0.021625 45.896857
0.021750 46.073138
0.021875 46.056779
0.022000 45.875043
0.022125 45.532823
0.022250 45.112018
0.022375 44.593407
0.022500 44.096967
0.022625 43.593793
0.022750 43.213621
0.022875 42.956017
0.023000 42.820505
0.023125 42.852324
0.023250 43.137105
0.023375 43.588617
0.023500 44.240285
0.023625 44.946884
0.023750 45.728985
0.023875 46.428807
0.024000 47.068058
0.024125 47.558630
0.024250 47.944828
0.024375 48.102063
0.024500 47.845032
0.024625 47.084453
0.024750 45.736724
0.024875 43.819083
0.025000 41.301655
0.025125 38.339205
0.025250 35.086693
0.025375 32.187809
0.025500 30.401609
0.025625 30.166137
0.025750 31.479677
0.025875 33.961426
0.026000 36.879709
0.026125 39.875302
0.026250 42.519419
0.026375 44.637073
0.026500 46.124987
0.026625 47.060443
0.026750 47.452338
0.026875 47.490506
0.027000 47.183473
0.027125 46.731332
0.027250 46.135181
0.027375 45.371294
0.027500 44.632119
0.027625 43.849079
0.027750 43.111513
0.027875 42.442281
0.028000 41.960326
0.028125 41.626770
0.028250 41.452749
0.028375 41.499276
0.028500 41.686123
0.028625 42.057022
0.028750 42.461176
0.028875 42.895569
0.029000 43.256977
0.029125 43.509639
0.029250 43.765228
0.029375 43.833883
0.029500 43.632041
0.029625 43.071963
0.029750 41.975629
0.029875 40.308251
0.030000 38.002979
0.030125 35.135787
0.030250 31.681748
0.030375 28.076380
0.030500 24.915890
0.030625 23.004106
0.030750 22.664755
0.030875 23.897850
0.031000 26.192488
0.031125 29.095612
0.031250 32.019827
0.031375 34.656246
0.031500 36.749421
0.031625 38.255536
0.031750 39.170206
0.031875 39.569835
0.032000 39.607090
0.032125 39.382509
0.032250 38.918685
0.032375 38.387880
0.032500 37.736335
0.032625 37.112165
0.032750 36.429098
0.032875 35.847441
0.033000 35.434451
0.033125 35.057426
0.033250 34.803153
0.033375 34.847952
0.033500 35.073740
0.033625 35.489932
0.033750 35.959363
0.033875 36.543336
0.034000 37.210363
0.034125 37.788384
0.034250 38.296788
0.034375 38.763503
0.034500 39.156063
0.034625 39.285205
0.034750 38.999114
0.034875 38.266626
0.035000 36.901106
0.035125 34.951257
0.035250 32.433420
0.035375 29.475063
0.035500 26.553731
0.035625 24.309987
0.035750 23.314002
0.035875 23.659502
0.036000 25.307407
0.036125 27.819359
0.036250 30.840408
0.036375 33.939985
0.036500 36.723271
0.036625 39.064792
0.036750 40.877204
0.036875 42.157856
0.037000 42.897608
0.037125 43.337444
0.037250 43.456388
0.037375 43.414205
0.037500 43.232848
0.037625 43.003929
0.037750 42.653394
0.037875 42.345706
0.038000 42.085421
0.038125 41.907585
0.038250 41.832296
0.038375 41.819294
0.038500 41.954314
0.038625 42.291153
0.038750 42.777122
0.038875 43.343383
0.039000 43.989882
0.039125 44.673634
0.039250 45.371279
0.039375 45.963095
0.039500 46.469675
0.039625 46.804805
0.039750 46.851545
0.039875 46.567164
0.040000 45.671652
0.040125 44.398202
0.040250 42.516056
0.040375 40.190279
0.040500 37.572221
0.040625 35.158757
0.040750 33.415943
0.040875 32.552054
0.041000 32.759783
0.041125 33.912157
0.041250 35.791246
0.041375 38.053772
0.041500 40.374861
0.041625 42.519659
0.041750 44.305474
0.041875 45.668871
0.042000 46.604864
0.042125 47.170995
0.042250 47.391402
0.042375 47.325086
0.042500 47.077316
0.042625 46.687545
0.042750 46.170488
0.042875 45.614145
0.043000 45.038318
0.043125 44.520228
0.043250 44.085332
0.043375 43.748598
0.043500 43.540832
0.043625 43.434833
0.043750 43.476512
0.043875 43.659042
0.044000 43.944712
0.044125 44.265935
0.044250 44.614826
0.044375 44.937810
0.044500 45.244044
0.044625 45.402586
0.044750 45.383773
0.044875 45.131067
0.045000 44.437229
0.045125 43.302554
0.045250 41.589182
0.045375 39.369830
0.045500 36.730737
0.045625 33.851424
0.045750 31.356496
0.045875 29.454441
0.046000 28.474143
0.046125 28.373043
0.046250 29.198450
0.046375 30.717099
0.046500 32.621668
0.046625 34.633909
0.046750 36.483685
0.046875 38.105562
0.047000 39.304865
0.047125 40.147481
0.047250 40.637929
0.047375 40.799778
0.047500 40.656825
0.047625 40.260999
0.047750 39.756756
0.047875 39.171235
0.048000 38.526713
0.048125 37.943929
0.048250 37.346224
0.048375 36.845909
0.048500 36.470802
0.048625 36.236435
0.048750 36.136882
0.048875 36.152570
0.049000 36.297939
0.049125 36.489482
0.049250 36.797133
0.049375 37.098599
0.049500 37.462157
0.049625 37.765949
0.049750 37.959581
0.049875 38.015748
0.050000 37.764259
0.050125 37.202068
0.050250 36.155309
0.050375 34.530933
0.050500 32.377991
0.050625 29.854737
0.050750 27.324395
0.050875 25.223941
0.051000 24.068213
0.051125 23.618639
0.051250 24.008704
0.051375 25.296236
0.051500 27.193772
0.051625 29.458619
0.051750 31.778108
0.051875 33.954175
0.052000 35.899441
0.052125 37.472794
0.052250 38.803700
0.052375 39.728095
0.052500 40.381628
0.052625 40.705300
0.052750 40.754217
0.052875 40.754878
0.053000 40.588951
0.053125 40.452145
0.053250 40.224835
0.053375 40.091511
0.053500 40.022464
0.053625 40.084970
0.053750 40.182832
0.053875 40.459130
0.054000 40.835889
0.054125 41.261617
0.054250 41.788039
0.054375 42.355740
0.054500 42.973976
0.054625 43.589853
0.054750 44.147704
0.054875 44.599475
0.055000 44.846168
0.055125 44.718982
0.055250 44.223594
0.055375 43.302550
0.055500 41.888168
0.055625 40.140470
0.055750 38.117394
0.055875 36.244129
0.056000 34.820759
0.056125 33.939875
0.056250 33.744296
0.056375 34.145944
0.056500 35.171433
0.056625 36.650659
0.056750 38.428499
0.056875 40.204188
0.057000 41.875993
0.057125 43.343528
0.057250 44.595177
0.057375 45.577340
0.057500 46.227112
0.057625 46.627476
0.057750 46.801949
0.057875 46.732847
0.058000 46.517255
0.058125 46.233887
0.058250 45.848008
0.058375 45.477518
0.058500 45.152140
0.058625 44.899575
0.058750 44.668857
0.058875 44.616584
0.059000 44.636229
0.059125 44.754853
0.059250 44.973875
0.059375 45.194120
0.059500 45.489010
0.059625 45.834567
0.059750 46.148834
0.059875 46.347462
0.060000 46.454670
0.060125 46.266725
0.060250 45.809796
0.060375 45.001173
0.060500 43.760967
0.060625 42.102500
0.060750 40.084056
0.060875 37.981332
0.061000 36.068789
0.061125 34.513714
0.061250 33.563644
0.061375 33.109248
0.061500 33.220887
0.061625 33.839813
0.061750 34.917467
0.061875 36.257515
0.062000 37.595048
0.062125 38.892256
0.062250 39.990714
0.062375 40.824095
