0.000000 0.000000
0.000125 48.774986
0.000250 90.770257
0.000375 128.108844
0.000500 159.393410
0.000625 184.138288
0.000750 203.051946
0.000875 219.233161
0.001000 232.981730
0.001125 243.155854
0.001250 251.882166
0.001375 261.081500
0.001500 267.615342
0.001625 273.026996
0.001750 276.851843
0.001875 278.187263
0.002000 277.670770
0.002125 276.438552
0.002250 275.359599
0.002375 274.584316
0.002500 274.243818
0.002625 274.446441
0.002750 275.098810
0.002875 276.562254
0.003000 277.900769
0.003125 278.192294
0.003250 276.307785
0.003375 272.078268
0.003500 266.694539
0.003625 259.472851
0.003750 250.761652
0.003875 241.549955
0.004000 230.291565
0.004125 215.640250
0.004250 198.961219
0.004375 178.804085
0.004500 152.615886
0.004625 120.471118
0.004750 83.425032
0.004875 46.213196
0.005000 36.411464
0.005125 70.280301
0.005250 109.004797
0.005375 143.940774
0.005500 172.938978
0.005625 196.026715
0.005750 214.167133
0.005875 229.563618
0.006000 242.040008
0.006125 251.485329
0.006250 260.403079
0.006375 268.595906
0.006500 274.714379
0.006625 279.570432
0.006750 282.453993
0.006875 283.018921
0.007000 282.269777
0.007125 281.153039
0.007250 280.235989
0.007375 279.523344
0.007500 278.908865
0.007625 278.589308
0.007750 278.795130
0.007875 279.503799
0.008000 280.039547
0.008125 279.368817
0.008250 276.689164
0.008375 272.180587
0.008500 266.115168
0.008625 258.345274
0.008750 249.170691
0.008875 238.800456
0.009000 226.148972
0.009125 210.714310
0.009250 192.684725
0.009375 170.701437
0.009500 143.208389
0.009625 110.856220
0.009750 77.174851
0.009875 53.708204
0.010000 56.670871
0.010125 87.437932
0.010250 122.185623
0.010375 153.717495
0.010500 180.620330
0.010625 202.295002
0.010750 219.523003
0.010875 233.821155
0.011000 245.246707
0.011125 254.391904
0.011250 262.763474
0.011375 270.194738
0.011500 275.796750
0.011625 279.922037
0.011750 282.008920
0.011875 282.082705
0.012000 281.144428
0.012125 280.069122
0.012250 278.947232
0.012375 278.077599
0.012500 277.329356
0.012625 276.688581
0.012750 276.298530
0.012875 276.333299
0.013000 275.949123
0.013125 274.397447
0.013250 271.169174
0.013375 266.021861
0.013500 259.032827
0.013625 250.327176
0.013750 240.227903
0.013875 228.636650
0.014000 215.016883
0.014125 198.659182
0.014250 179.381344
0.014375 156.046675
0.014500 127.955849
0.014625 97.961349
0.014750 72.810132
0.014875 58.552737
0.015000 67.449182
0.015125 96.681340
0.015250 129.076069
0.015375 157.911850
0.015500 182.226249
0.015625 202.474630
0.015750 219.001973
0.015875 232.536587
0.016000 243.627055
0.016125 252.526447
0.016250 260.604113
0.016375 267.620370
0.016500 273.048122
0.016625 276.666874
0.016750 278.475643
0.016875 278.600374
0.017000 277.803850
0.017125 276.715305
0.017250 275.616503
0.017375 274.934310
0.017500 274.380026
0.017625 273.799868
0.017750 273.351307
0.017875 272.870853
0.018000 271.882347
0.018125 269.912614
0.018250 266.168577
0.018375 260.581469
0.018500 253.175309
0.018625 244.125572
0.018750 233.492050
0.018875 221.331289
0.019000 207.154374
0.019125 190.165604
0.019250 170.210824
0.019375 147.266614
0.019500 121.812862
0.019625 99.017152
0.019750 81.130531
0.019875 74.753413
0.020000 86.181550
0.020125 112.790754
0.020250 141.988321
0.020375 168.884002
0.020500 191.212803
0.020625 209.549633
0.020750 224.797165
0.020875 238.065754
0.021000 248.988977
0.021125 257.990086
0.021250 265.985926
0.021375 272.574152
0.021500 277.593621
0.021625 280.779053
0.021750 282.192906
0.021875 282.298107
0.022000 281.630145
0.022125 280.735333
0.022250 279.939526
0.022375 279.281850
0.022500 278.619204
0.022625 277.855285
0.022750 277.106294
0.022875 275.982763
0.023000 274.327125
0.023125 271.285967
0.023250 266.609032
0.023375 260.371592
0.023500 252.375976
0.023625 242.863466
0.023750 231.815936
0.023875 218.897003
0.024000 203.750633
0.024125 185.951984
0.024250 166.498699
0.024375 144.934078
0.024500 124.614934
0.024625 107.237856
0.024750 94.254068
0.024875 92.928482
0.025000 105.031474
0.025125 128.597134
0.025250 154.689988
0.025375 179.122198
0.025500 199.663069
0.025625 216.350722
0.025750 230.112318
0.025875 241.933461
0.026000 252.190357
0.026125 260.924743
0.026250 268.432430
0.026375 274.495591
0.026500 278.930776
0.026625 281.612172
0.026750 282.670555
0.026875 282.485383
0.027000 281.794000
0.027125 280.918958
0.027250 280.009966
0.027375 279.130912
0.027500 278.087683
0.027625 276.933532
0.027750 275.696614
0.027875 274.114885
0.028000 271.481193
0.028125 267.372742
0.028250 261.803689
0.028375 254.586454
0.028500 245.878843
0.028625 235.756044
0.028750 223.780005
0.028875 209.888731
0.029000 194.181727
0.029125 177.077752
0.029250 158.046382
0.029375 139.947363
0.029500 123.836072
0.029625 109.204031
0.029750 99.821085
0.029875 101.416985
0.030000 113.663377
0.030125 135.437795
0.030250 159.561877
0.030375 181.792834
0.030500 201.051159
0.030625 216.776241
0.030750 229.537694
0.030875 240.161766
0.031000 249.298099
0.031125 257.491275
0.031250 264.610526
0.031375 270.419245
0.031500 274.546428
0.031625 276.959046
0.031750 277.819664
0.031875 277.676483
0.032000 277.089809
0.032125 276.328129
0.032250 275.426510
0.032375 274.383059
0.032500 273.038877
0.032625 271.601509
0.032750 270.191306
0.032875 268.041838
0.033000 264.801968
0.033125 260.165867
0.033250 254.009391
0.033375 246.156661
0.033500 236.907127
0.033625 226.146480
0.033750 213.500504
0.033875 199.708064
0.034000 184.949383
0.034125 168.297558
0.034250 152.098180
0.034375 138.313339
0.034500 124.344630
0.034625 112.597982
0.034750 107.258742
0.034875 110.658118
0.035000 123.227442
0.035125 143.298093
0.035250 165.926396
0.035375 186.278625
0.035500 204.794974
0.035625 219.991960
0.035750 232.295917
0.035875 242.348277
0.036000 250.896098
0.036125 258.354532
0.036250 265.134716
0.036375 270.869526
0.036500 274.895527
0.036625 277.305911
0.036750 278.451833
0.036875 278.780482
0.037000 278.641656
0.037125 278.129109
0.037250 277.422995
0.037375 276.391114
0.037500 275.034370
0.037625 273.622475
0.037750 271.797179
0.037875 269.165076
0.038000 265.519103
0.038125 260.464266
0.038250 253.822995
0.038375 245.528875
0.038500 235.801317
0.038625 224.312561
0.038750 212.213920
0.038875 198.949383
0.039000 184.445288
0.039125 170.123746
0.039250 157.957426
0.039375 145.496307
0.039500 134.080311
0.039625 124.569338
0.039750 122.297188
0.039875 126.751655
0.040000 138.749381
0.040125 156.737385
0.040250 177.278167
0.040375 195.787586
0.040500 212.677796
0.040625 226.868395
0.040750 238.507511
0.040875 247.912722
0.041000 255.766252
0.041125 262.319123
0.041250 267.950082
0.041375 272.975946
0.041500 276.657277
0.041625 279.003730
0.041750 280.256947
0.041875 280.709225
0.042000 280.523204
0.042125 279.937936
0.042250 278.905262
0.042375 277.568380
0.042500 276.041706
0.042625 274.224578
0.042750 271.770497
0.042875 268.431087
0.043000 263.994908
0.043125 258.085903
0.043250 250.609152
0.043375 241.646774
0.043500 231.333322
0.043625 220.250593
0.043750 208.080546
0.043875 194.586095
0.044000 181.549904
0.044125 170.554110
0.044250 159.492098
0.044375 148.207906
0.044500 138.199539
0.044625 130.774075
0.044750 129.858125
0.044875 134.816317
0.045000 146.357958
0.045125 162.797774
0.045250 181.722387
0.045375 198.884135
0.045500 214.174502
0.045625 227.622260
0.045750 238.569055
0.045875 247.288098
0.046000 254.496806
0.046125 260.390743
0.046250 265.106015
0.046375 269.164979
0.046500 272.679281
0.046625 274.950635
0.046750 276.236532
0.046875 276.815062
0.047000 276.684019
0.047125 275.936697
0.047250 274.679772
0.047375 273.172708
0.047500 271.384363
0.047625 269.033385
0.047750 265.989733
0.047875 261.999336
0.048000 256.703489
0.048125 250.068664
0.048250 241.953617
0.048375 232.873454
0.048500 223.020783
0.048625 211.866914
0.048750 199.366193
0.048875 186.827115
0.049000 176.762271
0.049125 167.226174
0.049250 156.597352
0.049375 147.060338
0.049500 137.789805
0.049625 132.728581
0.049750 132.830707
0.049875 138.332413
0.050000 149.676870
0.050125 164.956353
0.050250 183.178228
0.050375 199.422695
0.050500 213.632160
0.050625 226.593807
0.050750 237.227255
0.050875 245.721531
0.051000 252.627984
0.051125 258.251992
0.051250 262.729192
0.051375 266.392086
0.051500 269.606013
0.051625 272.184694
0.051750 273.887389
0.051875 274.897105
0.052000 275.034859
0.052125 274.471259
0.052250 273.415049
0.052375 271.943528
0.052500 269.950764
0.052625 267.422052
0.052750 264.043119
0.052875 259.571449
0.053000 253.837408
0.053125 246.988493
0.053250 239.414991
0.053375 231.046450
0.053500 221.374025
0.053625 210.226179
0.053750 198.682233
0.053875 189.182012
0.054000 180.650236
0.054125 171.650854
0.054250 162.467341
0.054375 153.999125
0.054500 146.411742
0.054625 143.479146
0.054750 144.502152
0.054875 150.359262
0.055000 161.051300
0.055125 175.378919
0.055250 192.107122
0.055375 207.467663
0.055500 220.860428
0.055625 232.592223
0.055750 242.687375
0.055875 250.805985
0.056000 257.351395
0.056125 262.627310
0.056250 266.761998
0.056375 270.079360
0.056500 272.721127
0.056625 275.022336
0.056750 276.838392
0.056875 277.913066
0.057000 277.965722
0.057125 277.343873
0.057250 276.165902
0.057375 274.276455
0.057500 271.779844
0.057625 268.672713
0.057750 264.575101
0.057875 259.336065
0.058000 253.215214
0.058125 246.704714
0.058250 239.380512
0.058375 230.790298
0.058500 220.656205
0.058625 209.819322
0.058750 200.768417
0.058875 192.566209
0.059000 184.261937
0.059125 175.281180
0.059250 167.297586
0.059375 159.269988
0.059500 153.342595
0.059625 151.219692
0.059750 152.505449
0.059875 158.409139
0.060000 168.470021
0.060125 181.675077
0.060250 197.203224
0.060375 211.646036
0.060500 224.078155
0.060625 234.454087
0.060750 243.782097
0.060875 251.414616
0.061000 257.605174
0.061125 262.605020
0.061250 266.229116
0.061375 269.136367
0.061500 271.422577
0.061625 273.259115
0.061750 274.981594
0.061875 275.780240
0.062000 275.703271
0.062125 274.862833
0.062250 273.240612
0.062375 270.933305
