0.000000 0.000000
0.000125 30.359175
0.000250 51.600317
0.000375 71.192349
0.000500 88.429062
0.000625 103.325260
0.000750 116.443220
0.000875 127.630534
0.001000 136.585522
0.001125 144.646243
0.001250 152.265521
0.001375 158.801537
0.001500 164.346052
0.001625 169.185558
0.001750 173.923997
0.001875 178.832327
0.002000 183.181091
0.002125 186.572946
0.002250 188.905493
0.002375 190.222306
0.002500 190.353692
0.002625 189.206504
0.002750 186.913922
0.002875 183.705950
0.003000 179.449553
0.003125 174.598479
0.003250 169.750453
0.003375 164.914330
0.003500 159.533992
0.003625 153.086445
0.003750 145.611689
0.003875 137.648185
0.004000 128.817807
0.004125 118.038027
0.004250 105.210185
0.004375 90.723422
0.004500 73.975828
0.004625 55.018275
0.004750 34.790402
0.004875 19.191202
0.005000 30.609524
0.005125 51.305373
0.005250 71.086677
0.005375 88.561023
0.005500 103.669036
0.005625 116.882284
0.005750 128.311490
0.005875 137.534307
0.006000 145.525273
0.006125 153.136402
0.006250 159.791621
0.006375 165.323342
0.006500 170.174640
0.006625 174.787209
0.006750 179.545767
0.006875 183.847300
0.007000 187.333716
0.007125 189.775830
0.007250 191.122814
0.007375 191.422028
0.007500 190.414260
0.007625 188.285610
0.007750 185.193587
0.007875 181.016367
0.008000 176.211088
0.008125 171.189283
0.008250 166.291666
0.008375 160.925080
0.008500 154.511145
0.008625 147.126241
0.008750 139.133438
0.008875 130.281144
0.009000 119.677476
0.009125 107.110673
0.009250 92.672082
0.009375 76.403733
0.009500 58.075914
0.009625 39.206787
0.009750 24.974847
0.009875 30.540608
0.010000 49.811263
0.010125 69.568163
0.010250 87.291721
0.010375 102.705957
0.010500 116.026845
0.010625 127.543596
0.010750 137.043993
0.010875 145.176749
0.011000 152.665832
0.011125 159.339557
0.011250 164.914113
0.011375 169.702967
0.011500 174.227150
0.011625 178.757365
0.011750 182.989631
0.011875 186.515043
0.012000 188.954954
0.012125 190.422509
0.012250 190.767688
0.012375 189.855924
0.012500 187.811789
0.012625 184.723437
0.012750 180.667696
0.012875 175.841889
0.013000 170.807725
0.013125 165.678255
0.013250 160.130303
0.013375 153.767102
0.013500 146.521151
0.013625 138.413453
0.013750 129.591735
0.013875 119.191927
0.014000 106.897669
0.014125 92.865900
0.014250 77.091753
0.014375 59.825214
0.014500 42.032750
0.014625 28.838065
0.014750 30.554783
0.014875 46.757671
0.015000 66.297192
0.015125 84.300058
0.015250 100.064464
0.015375 113.621206
0.015500 125.339951
0.015625 135.136764
0.015750 143.558613
0.015875 151.067101
0.016000 157.728793
0.016125 163.403207
0.016250 168.259359
0.016375 172.811793
0.016500 177.263629
0.016625 181.326255
0.016750 184.919985
0.016875 187.646294
0.017000 189.249285
0.017125 189.615582
0.017250 188.937979
0.017375 187.104958
0.017500 184.197912
0.017625 180.317308
0.017750 175.684230
0.017875 170.712397
0.018000 165.554541
0.018125 160.006370
0.018250 153.689801
0.018375 146.533815
0.018500 138.596570
0.018625 129.740601
0.018750 119.560125
0.018875 107.716652
0.019000 94.135630
0.019125 79.296353
0.019250 63.059451
0.019375 46.514560
0.019500 34.451587
0.019625 33.798467
0.019750 46.159672
0.019875 64.557118
0.020000 82.614959
0.020125 98.736984
0.020250 112.693876
0.020375 124.695270
0.020500 134.816489
0.020625 143.540911
0.020750 151.200234
0.020875 157.917840
0.021000 163.759095
0.021125 168.824891
0.021250 173.365563
0.021375 177.647010
0.021500 181.811757
0.021625 185.372795
0.021750 188.098514
0.021875 189.756782
0.022000 190.371523
0.022125 189.805781
0.022250 188.132861
0.022375 185.363416
0.022500 181.590344
0.022625 177.107642
0.022750 172.184353
0.022875 166.958279
0.023000 161.258837
0.023125 154.972283
0.023250 147.892849
0.023375 140.062377
0.023500 131.240003
0.023625 121.202233
0.023750 109.728755
0.023875 96.951645
0.024000 82.934313
0.024125 67.405001
0.024250 52.287805
0.024375 41.165189
0.024500 38.953041
0.024625 47.971147
0.024750 63.956677
0.024875 81.539665
0.025000 97.829420
0.025125 112.032097
0.025250 124.160509
0.025375 134.594789
0.025500 143.519793
0.025625 151.165621
0.025750 157.980552
0.025875 163.828956
0.026000 168.899889
0.026125 173.401226
0.026250 177.599435
0.026375 181.549525
0.026500 185.024805
0.026625 187.732410
0.026750 189.477066
0.026875 190.073416
0.027000 189.559644
0.027125 188.018553
0.027250 185.398268
0.027375 181.747793
0.027500 177.361615
0.027625 172.434211
0.027750 167.111792
0.027875 161.340697
0.028000 154.960649
0.028125 147.893849
0.028250 139.997050
0.028375 131.251914
0.028500 121.361403
0.028625 110.469872
0.028750 98.338927
0.028875 84.850169
0.029000 69.878769
0.029125 55.871192
0.029250 45.263983
0.029375 41.966688
0.029500 48.460106
0.029625 61.832489
0.029750 78.443280
0.029875 94.611455
0.030000 109.067657
0.030125 121.571739
0.030250 132.220664
0.030375 141.321586
0.030500 149.235282
0.030625 156.158623
0.030750 162.101907
0.030875 167.281657
0.031000 171.868870
0.031125 176.068675
0.031250 179.874202
0.031375 183.292293
0.031500 185.977351
0.031625 187.760822
0.031750 188.493793
0.031875 188.104082
0.032000 186.626431
0.032125 184.177001
0.032250 180.761949
0.032375 176.514215
0.032500 171.663812
0.032625 166.302424
0.032750 160.446831
0.032875 154.077614
0.033000 147.032956
0.033125 139.235197
0.033250 130.563977
0.033375 121.141987
0.033500 110.895115
0.033625 99.289807
0.033750 86.225484
0.033875 72.137915
0.034000 59.269617
0.034125 49.256010
0.034250 45.300894
0.034375 50.027644
0.034500 60.990283
0.034625 76.171442
0.034750 91.987622
0.034875 106.661877
0.035000 119.515991
0.035125 130.500168
0.035250 139.896236
0.035375 148.012191
0.035500 155.091179
0.035625 161.315543
0.035750 166.657806
0.035875 171.314425
0.036000 175.549951
0.036125 179.335889
0.036250 182.690521
0.036375 185.409708
0.036500 187.349695
0.036625 188.149648
0.036750 187.977436
0.036875 186.720993
0.037000 184.455572
0.037125 181.272293
0.037250 177.230750
0.037375 172.577610
0.037500 167.281090
0.037625 161.523552
0.037750 155.161620
0.037875 148.207032
0.038000 140.568890
0.038125 132.387888
0.038250 123.572728
0.038375 113.677585
0.038500 102.363434
0.038625 89.728980
0.038750 76.630326
0.038875 64.684265
0.039000 55.181439
0.039125 50.813548
0.039250 53.892394
0.039375 62.883064
0.039500 76.158901
0.039625 91.192085
0.039750 105.508122
0.039875 118.661133
0.040000 129.983566
0.040125 139.623973
0.040250 147.917909
0.040375 155.189950
0.040500 161.488501
0.040625 166.974906
0.040750 171.725529
0.040875 175.920856
0.041000 179.654779
0.041125 182.872295
0.041250 185.576392
0.041375 187.486979
0.041500 188.369593
0.041625 188.320829
0.041750 187.156654
0.041875 184.943321
0.042000 181.931892
0.042125 178.027680
0.042250 173.370520
0.042375 168.152456
0.042500 162.341764
0.042625 155.998008
0.042750 149.095611
0.042875 141.725997
0.043000 133.885426
0.043125 125.371497
0.043250 115.687326
0.043375 104.569130
0.043500 92.265327
0.043625 79.976907
0.043750 68.819822
0.043875 59.673092
0.044000 55.014767
0.044125 56.815993
0.044250 64.128107
0.044375 75.413824
0.044500 89.314502
0.044625 103.270328
0.044750 116.356809
0.044875 127.814879
0.045000 137.699927
0.045125 146.142770
0.045250 153.609404
0.045375 160.053040
0.045500 165.627326
0.045625 170.429228
0.045750 174.586332
0.045875 178.174430
0.046000 181.338376
0.046125 183.899803
0.046250 185.750855
0.046375 186.715701
0.046500 186.659413
0.046625 185.576912
0.046750 183.553755
0.046875 180.666695
0.047000 176.914542
0.047125 172.382115
0.047250 167.242911
0.047375 161.538765
0.047500 155.256165
0.047625 148.596319
0.047750 141.582373
0.047875 134.050271
0.048000 125.683928
0.048125 116.196495
0.048250 105.270283
0.048375 93.435451
0.048500 81.884607
0.048625 71.366676
0.048750 62.554235
0.048875 57.663413
0.049000 58.441228
0.049125 64.577280
0.049250 74.166866
0.049375 86.809322
0.049500 100.216843
0.049625 113.008734
0.049750 124.804502
0.049875 134.895750
0.050000 143.569953
0.050125 151.370024
0.050250 158.058165
0.050375 163.786296
0.050500 168.754289
0.050625 172.993217
0.050750 176.672988
0.050875 179.815616
0.051000 182.366235
0.051125 184.319976
0.051250 185.326389
0.051375 185.456672
0.051500 184.563271
0.051625 182.755734
0.051750 180.009431
0.051875 176.531569
0.052000 172.146695
0.052125 167.208998
0.052250 161.676896
0.052375 155.709616
0.052500 149.510262
0.052625 142.883371
0.052750 135.518938
0.052875 127.307529
0.053000 117.953824
0.053125 107.247437
0.053250 96.053951
0.053375 85.316862
0.053500 75.427611
0.053625 67.077107
0.053750 62.214287
0.053875 62.191558
0.054000 67.223142
0.054125 75.702240
0.054250 86.844445
0.054375 99.516621
0.054500 112.020005
0.054625 123.651593
0.054750 134.080337
0.054875 143.148426
0.055000 151.041210
0.055125 157.941283
0.055250 163.872770
0.055375 168.952755
0.055500 173.267397
0.055625 176.878625
0.055750 180.007713
0.055875 182.495082
0.056000 184.324527
0.056125 185.423764
0.056250 185.613894
0.056375 184.815950
0.056500 183.214912
0.056625 180.615110
0.056750 177.256837
0.056875 173.044755
0.057000 168.287771
0.057125 163.090103
0.057250 157.580297
0.057375 151.634613
0.057500 145.195732
0.057625 137.916512
0.057750 129.805521
0.057875 120.567302
0.058000 110.078909
0.058125 99.476934
0.058250 89.284930
0.058375 79.923945
0.058500 71.839140
0.058625 66.915847
0.058750 66.272989
0.058875 70.217059
0.059000 77.518138
0.059125 87.172990
0.059250 98.752623
0.059375 110.738612
0.059500 122.081726
0.059625 132.552452
0.059750 141.845521
0.059875 149.918984
0.060000 157.012451
0.060125 162.967840
0.060250 168.104348
0.060375 172.466682
0.060500 176.123115
0.060625 179.165881
0.060750 181.618166
0.060875 183.388068
0.061000 184.446599
0.061125 184.629859
0.061250 183.894267
0.061375 182.299133
0.061500 179.842615
0.061625 176.563915
0.061750 172.535314
0.061875 168.033705
0.062000 163.244882
0.062125 158.003282
0.062250 152.307446
0.062375 145.804591
