0.000000 0.000000
0.000125 23.116565
0.000250 39.180993
0.000375 54.000368
0.000500 66.893227
0.000625 77.559769
0.000750 86.199481
0.000875 93.075355
0.001000 98.344398
0.001125 102.304064
0.001250 105.063956
0.001375 107.417235
0.001500 110.018034
0.001625 113.168742
0.001750 116.853748
0.001875 120.934877
0.002000 124.855659
0.002125 128.103113
0.002250 130.352199
0.002375 131.440657
0.002500 131.367301
0.002625 130.237306
0.002750 128.146476
0.002875 125.483933
0.003000 122.743464
0.003125 120.392081
0.003250 118.757237
0.003375 117.743173
0.003500 116.784923
0.003625 114.950947
0.003750 111.893232
0.003875 107.666476
0.004000 102.279259
0.004125 95.254920
0.004250 86.061515
0.004375 75.062364
0.004500 63.180940
0.004625 53.033026
0.004750 50.366022
0.004875 56.318644
0.005000 68.527084
0.005125 81.408268
0.005250 93.088508
0.005375 102.817617
0.005500 110.291449
0.005625 116.137101
0.005750 121.050248
0.005875 124.905843
0.006000 127.632528
0.006125 129.528572
0.006250 131.424282
0.006375 133.933285
0.006500 137.064725
0.006625 140.384983
0.006750 143.403886
0.006875 145.666697
0.007000 146.901845
0.007125 147.254775
0.007250 146.905824
0.007375 145.525056
0.007500 143.235024
0.007625 140.383177
0.007750 137.486125
0.007875 134.955286
0.008000 133.039091
0.008125 131.620372
0.008250 129.939536
0.008375 127.213922
0.008500 123.331022
0.008625 118.644114
0.008750 112.933004
0.008875 105.344484
0.009000 95.763928
0.009125 84.665204
0.009250 73.197241
0.009375 64.564937
0.009500 62.188303
0.009625 66.891203
0.009750 76.949907
0.009875 88.167583
0.010000 98.461885
0.010125 107.002693
0.010250 113.422411
0.010375 118.440624
0.010500 122.515338
0.010625 125.551428
0.010750 127.494807
0.010875 128.754639
0.011000 130.099393
0.011125 132.060120
0.011250 134.589075
0.011375 137.237999
0.011500 139.590444
0.011625 141.199247
0.011750 141.862480
0.011875 141.587377
0.012000 140.312098
0.012125 138.040941
0.012250 134.873817
0.012375 131.161888
0.012500 127.436463
0.012625 124.182504
0.012750 121.602122
0.012875 119.434495
0.013000 116.989870
0.013125 113.614869
0.013250 109.077928
0.013375 103.296217
0.013500 96.034195
0.013625 86.930446
0.013750 75.854928
0.013875 62.989721
0.014000 49.308868
0.014125 37.903569
0.014250 35.267962
0.014375 42.562733
0.014500 54.193094
0.014625 66.363880
0.014750 77.069178
0.014875 85.704548
0.015000 92.589678
0.015125 97.810230
0.015250 101.483876
0.015375 103.816942
0.015500 105.305780
0.015625 106.764989
0.015750 108.586956
0.015875 110.835684
0.016000 113.547066
0.016125 116.385726
0.016250 119.006074
0.016375 120.997969
0.016500 121.976590
0.016625 121.893158
0.016750 120.856766
0.016875 118.837783
0.017000 116.035210
0.017125 112.920532
0.017250 109.962629
0.017375 107.591270
0.017500 105.813948
0.017625 104.562098
0.017750 103.136737
0.017875 100.875522
0.018000 97.403099
0.018125 92.557025
0.018250 86.058577
0.018375 77.891948
0.018500 67.937672
0.018625 56.500905
0.018750 44.663878
0.018875 36.531286
0.019000 37.633854
0.019125 46.710291
0.019250 58.988069
0.019375 71.754959
0.019500 83.322325
0.019625 92.957370
0.019750 100.750808
0.019875 107.031198
0.020000 111.921957
0.020125 115.578247
0.020250 118.374157
0.020375 120.928899
0.020500 123.683613
0.020625 126.856758
0.020750 130.395577
0.020875 133.930224
0.021000 136.974561
0.021125 139.247524
0.021250 140.555822
0.021375 140.887947
0.021500 140.269173
0.021625 138.748984
0.021750 136.478798
0.021875 133.917834
0.022000 131.477116
0.022125 129.511899
0.022250 128.048985
0.022375 126.672216
0.022500 124.773676
0.022625 121.967440
0.022750 118.172041
0.022875 113.441457
0.023000 107.358066
0.023125 99.590516
0.023250 90.369648
0.023375 80.351709
0.023500 71.579072
0.023625 66.831374
0.023750 67.663666
0.023875 73.781078
0.024000 82.898549
0.024125 92.854743
0.024250 102.261926
0.024375 110.252726
0.024500 116.698933
0.024625 121.959815
0.024750 126.134753
0.024875 129.184720
0.025000 131.384273
0.025125 133.303479
0.025250 135.396266
0.025375 137.828373
0.025500 140.504649
0.025625 143.051542
0.025750 145.070936
0.025875 146.368053
0.026000 146.852096
0.026125 146.535664
0.026250 145.324144
0.026375 143.200958
0.026500 140.440436
0.026625 137.392371
0.026750 134.495165
0.026875 131.980751
0.027000 129.836005
0.027125 127.648928
0.027250 124.838680
0.027375 121.200692
0.027500 116.665810
0.027625 111.047563
0.027750 103.968951
0.027875 95.223268
0.028000 84.976865
0.028125 74.160786
0.028250 64.874054
0.028375 59.971796
0.028500 60.888716
0.028625 66.696105
0.028750 75.134796
0.028875 84.191803
0.029000 92.723407
0.029125 100.110314
0.029250 106.185006
0.029375 110.923162
0.029500 114.376686
0.029625 116.741121
0.029750 118.395549
0.029875 120.002257
0.030000 121.831123
0.030125 124.034908
0.030250 126.389807
0.030375 128.574185
0.030500 130.256156
0.030625 131.194165
0.030750 131.219293
0.030875 130.184792
0.031000 128.178616
0.031125 125.270204
0.031250 121.760671
0.031375 117.986548
0.031500 114.390101
0.031625 111.248575
0.031750 108.463520
0.031875 105.742904
0.032000 102.545123
0.032125 98.553553
0.032250 93.367679
0.032375 86.793997
0.032500 78.748802
0.032625 68.958491
0.032750 57.550162
0.032875 45.072454
0.033000 34.640646
0.033125 30.268415
0.033250 34.019396
0.033375 42.600148
0.033500 52.838420
0.033625 63.142260
0.033750 73.035501
0.033875 81.864917
0.034000 89.298973
0.034125 95.124371
0.034250 99.581067
0.034375 103.076543
0.034500 106.214102
0.034625 109.343077
0.034750 112.715322
0.034875 116.277278
0.035000 119.891331
0.035125 123.239947
0.035250 126.035342
0.035375 128.027456
0.035500 129.056764
0.035625 129.125435
0.035750 128.235434
0.035875 126.551879
0.036000 124.324205
0.036125 121.960154
0.036250 119.847835
0.036375 118.093656
0.036500 116.686696
0.036625 115.114417
0.036750 113.035442
0.036875 110.149939
0.037000 106.234681
0.037125 101.109944
0.037250 94.546529
0.037375 86.493278
0.037500 77.368298
0.037625 68.776132
0.037750 62.781776
0.037875 61.604549
0.038000 65.257219
0.038125 72.404967
0.038250 81.084514
0.038375 89.950343
0.038500 98.309304
0.038625 105.792195
0.038750 112.275715
0.038875 117.678639
0.039000 121.993387
0.039125 125.297607
0.039250 128.119019
0.039375 130.798877
0.039500 133.609400
0.039625 136.577084
0.039750 139.450305
0.039875 141.972674
0.040000 143.873539
0.040125 145.058452
0.040250 145.457712
0.040375 145.080557
0.040500 143.886647
0.040625 142.003261
0.040750 139.691501
0.040875 137.302242
0.041000 135.093109
0.041125 133.132949
0.041250 131.222636
0.041375 129.002205
0.041500 126.209061
0.041625 122.681232
0.041750 118.245112
0.041875 112.673196
0.042000 105.750134
0.042125 97.467309
0.042250 88.616802
0.042375 80.693743
0.042500 75.566451
0.042625 74.405682
0.042750 77.216810
0.042875 82.939634
0.043000 89.981947
0.043125 97.169002
0.043250 103.945006
0.043375 109.994643
0.043500 115.286623
0.043625 119.773838
0.043750 123.290248
0.043875 125.992344
0.044000 128.180981
0.044125 130.330139
0.044250 132.589085
0.044375 134.924493
0.044500 137.158951
0.044625 138.954486
0.044750 140.150726
0.044875 140.611146
0.045000 140.278621
0.045125 139.063724
0.045250 137.083452
0.045375 134.412319
0.045500 131.325144
0.045625 128.226878
0.045750 125.325546
0.045875 122.609531
0.046000 119.945020
0.046125 116.941144
0.046250 113.404491
0.046375 109.017561
0.046500 103.523245
0.046625 96.701339
0.046750 88.369916
0.046875 78.592096
0.047000 68.228167
0.047125 59.190319
0.047250 53.398487
0.047375 52.235320
0.047500 55.853534
0.047625 62.235477
0.047750 69.418770
0.047875 76.530252
0.048000 83.106171
0.048125 89.132253
0.048250 94.269722
0.048375 98.451827
0.048500 101.673524
0.048625 104.272353
0.048750 106.622609
0.048875 109.020833
0.049000 111.533494
0.049125 114.047065
0.049250 116.448825
0.049375 118.372732
0.049500 119.649468
0.049625 120.147291
0.049750 119.854357
0.049875 118.718747
0.050000 116.863814
0.050125 114.548260
0.050250 111.989721
0.050375 109.483301
0.050500 107.258104
0.050625 105.410822
0.050750 103.578353
0.050875 101.590388
0.051000 99.073689
0.051125 95.648270
0.051250 91.017722
0.051375 84.929778
0.051500 77.412007
0.051625 68.655798
0.051750 59.875267
0.051875 53.119335
0.052000 49.861120
0.052125 51.442279
0.052250 57.212996
0.052375 65.078362
0.052500 73.386566
0.052625 81.445857
0.052750 88.825039
0.052875 95.593069
0.053000 101.621239
0.053125 106.803813
0.053250 111.213844
0.053375 115.073250
0.053500 118.596354
0.053625 122.039968
0.053750 125.554737
0.053875 128.994561
0.054000 132.076525
0.054125 134.638887
0.054250 136.471418
0.054375 137.498979
0.054500 137.754795
0.054625 137.226680
0.054750 136.013740
0.054875 134.330759
0.055000 132.452235
0.055125 130.609589
0.055250 128.967078
0.055375 127.417889
0.055500 125.682877
0.055625 123.561409
0.055750 120.777219
0.055875 117.136490
0.056000 112.434214
0.056125 106.590143
0.056250 99.665237
0.056375 92.146733
0.056500 85.228786
0.056625 80.134834
0.056750 78.033245
0.056875 79.252907
0.057000 83.420683
0.057125 89.337964
0.057250 95.783967
0.057375 102.093949
0.057500 107.930382
0.057625 113.176406
0.057750 117.841070
0.057875 122.006650
0.058000 125.564969
0.058125 128.681621
0.058250 131.576248
0.058375 134.316422
0.058500 137.003938
0.058625 139.570985
0.058750 141.765861
0.058875 143.455951
0.059000 144.454491
0.059125 144.676111
0.059250 144.207309
0.059375 143.066051
0.059500 141.291057
0.059625 139.124749
0.059750 136.855070
0.059875 134.577223
0.060000 132.389858
0.060125 130.213078
0.060250 127.766626
0.060375 124.884175
0.060500 121.281382
0.060625 116.738311
0.060750 111.095241
0.060875 104.307749
0.061000 96.502816
0.061125 88.349855
0.061250 80.958890
0.061375 75.552745
0.061500 73.165710
0.061625 74.101981
0.061750 77.852815
0.061875 83.151221
0.062000 88.892121
0.062125 94.363439
0.062250 99.268871
0.062375 103.608182
