0.000000 0.000000
0.000125 31.056549
0.000250 58.226792
0.000375 83.635354
0.000500 106.855542
0.000625 128.243005
0.000750 148.702195
0.000875 168.433892
0.001000 187.240974
0.001125 204.986888
0.001250 221.559474
0.001375 236.807491
0.001500 250.376209
0.001625 262.302430
0.001750 272.793241
0.001875 281.930138
0.002000 289.173217
0.002125 294.525962
0.002250 298.843000
0.002375 301.958243
0.002500 303.374696
0.002625 303.844832
0.002750 304.010046
0.002875 303.885849
0.003000 302.850756
0.003125 300.207972
0.003250 296.241738
0.003375 291.247432
0.003500 284.480550
0.003625 275.792973
0.003750 265.615200
0.003875 254.138112
0.004000 241.000675
0.004125 226.171108
0.004250 210.018153
0.004375 192.718923
0.004500 174.404003
0.004625 155.207532
0.004750 135.321190
0.004875 114.463322
0.005000 91.975971
0.005125 67.666366
0.005250 42.634817
0.005375 26.359848
0.005500 41.227806
0.005625 66.604745
0.005750 91.408221
0.005875 114.497544
0.006000 135.806936
0.006125 156.118551
0.006250 175.680042
0.006375 194.383511
0.006500 212.037076
0.006625 228.471747
0.006750 243.632107
0.006875 257.106425
0.007000 268.935935
0.007125 279.283661
0.007250 288.345441
0.007375 295.521213
0.007500 300.758339
0.007625 304.874171
0.007750 307.883178
0.007875 309.187451
0.008000 309.458440
0.008125 309.350569
0.008250 308.902296
0.008375 307.655458
0.008500 304.846608
0.008625 300.700500
0.008750 295.469822
0.008875 288.639721
0.009000 279.828326
0.009125 269.433783
0.009250 257.815702
0.009375 244.620274
0.009500 229.741791
0.009625 213.553154
0.009750 196.208915
0.009875 177.847700
0.010000 158.599013
0.010125 138.563033
0.010250 117.499293
0.010375 94.876941
0.010500 70.593551
0.010625 46.407789
0.010750 32.762041
0.010875 42.708236
0.011000 66.342416
0.011125 90.713100
0.011250 113.547278
0.011375 134.717289
0.011500 154.795410
0.011625 174.143287
0.011750 192.636375
0.011875 210.092025
0.012000 226.366345
0.012125 241.331045
0.012250 254.642534
0.012375 266.306181
0.012500 276.468717
0.012625 285.293467
0.012750 292.280234
0.012875 297.417920
0.013000 301.317546
0.013125 304.030763
0.013250 305.202414
0.013375 305.294733
0.013500 304.908709
0.013625 304.228027
0.013750 302.725316
0.013875 299.870988
0.014000 295.640361
0.014125 290.214907
0.014250 283.334850
0.014375 274.599278
0.014500 264.186876
0.014625 252.451169
0.014750 239.230304
0.014875 224.335848
0.015000 208.103307
0.015125 190.685563
0.015250 172.236125
0.015375 152.884570
0.015500 132.656367
0.015625 111.382392
0.015750 88.545796
0.015875 64.043182
0.016000 40.318071
0.016125 27.796116
0.016250 35.207333
0.016375 57.708096
0.016500 82.631211
0.016625 105.862132
0.016750 127.399360
0.016875 147.872421
0.017000 167.568795
0.017125 186.385911
0.017250 204.177834
0.017375 220.757168
0.017500 236.008881
0.017625 249.647715
0.017750 261.666086
0.017875 272.209501
0.018000 281.342092
0.018125 288.706022
0.018250 294.359582
0.018375 298.641949
0.018500 301.626105
0.018625 303.235743
0.018750 303.760457
0.018875 303.751364
0.019000 303.317879
0.019125 302.098084
0.019250 299.634060
0.019375 295.861023
0.019500 290.765003
0.019625 284.285741
0.019750 276.013172
0.019875 266.034203
0.020000 254.675195
0.020125 241.891005
0.020250 227.482959
0.020375 211.735462
0.020500 194.758972
0.020625 176.765801
0.020750 157.854302
0.020875 138.055387
0.021000 117.139835
0.021125 94.855073
0.021250 71.942127
0.021375 52.265608
0.021500 42.905777
0.021625 47.864010
0.021750 65.474314
0.021875 88.763988
0.022000 111.907986
0.022125 133.641585
0.022250 154.146822
0.022375 173.776284
0.022500 192.535809
0.022625 210.279826
0.022750 226.803798
0.022875 242.015232
0.023000 255.604315
0.023125 267.671354
0.023250 278.228757
0.023375 287.263190
0.023500 294.612310
0.023625 300.331999
0.023750 304.605683
0.023875 307.504743
0.024000 309.072662
0.024125 309.605084
0.024250 309.473051
0.024375 308.788222
0.024500 307.293711
0.024625 304.665339
0.024750 300.766997
0.024875 295.519754
0.025000 288.867528
0.025125 280.479649
0.025250 270.410802
0.025375 258.909578
0.025500 246.034502
0.025625 231.584305
0.025750 215.776591
0.025875 198.744794
0.026000 180.690772
0.026125 161.666838
0.026250 141.691006
0.026375 120.580454
0.026500 98.537332
0.026625 76.860652
0.026750 59.733336
0.026875 51.431371
0.027000 54.484563
0.027125 68.459860
0.027250 89.208755
0.027375 111.719463
0.027500 133.259013
0.027625 153.615950
0.027750 173.006595
0.027875 191.536755
0.028000 209.051137
0.028125 225.378143
0.028250 240.346675
0.028375 253.788145
0.028500 265.720726
0.028625 276.124784
0.028750 284.961247
0.028875 292.159475
0.029000 297.802569
0.029125 301.928818
0.029250 304.625814
0.029375 306.009268
0.029500 306.404122
0.029625 306.076921
0.029750 305.106476
0.029875 303.309466
0.030000 300.487720
0.030125 296.400341
0.030250 290.957271
0.030375 284.120442
0.030500 275.652354
0.030625 265.554283
0.030750 253.944174
0.030875 240.962713
0.031000 226.474604
0.031125 210.607980
0.031250 193.550866
0.031375 175.395531
0.031500 156.220434
0.031625 136.044754
0.031750 114.760336
0.031875 92.979997
0.032000 71.966962
0.032125 56.350082
0.032250 48.382676
0.032375 50.378942
0.032500 62.310833
0.032625 81.591928
0.032750 103.746520
0.032875 125.611342
0.033000 146.297288
0.033125 165.968354
0.033250 184.698341
0.033375 202.390561
0.033500 218.941516
0.033625 234.142654
0.033750 247.835606
0.033875 260.065829
0.034000 270.719383
0.034125 279.837570
0.034250 287.352590
0.034375 293.359529
0.034500 297.817404
0.034625 300.834183
0.034750 302.546700
0.034875 303.327512
0.035000 303.350083
0.035125 302.622182
0.035250 301.089684
0.035375 298.531411
0.035500 294.724950
0.035625 289.625463
0.035750 283.129868
0.035875 275.026291
0.036000 265.392150
0.036125 254.216137
0.036250 241.686362
0.036375 227.659816
0.036500 212.291822
0.036625 195.702802
0.036750 178.005926
0.036875 159.304926
0.037000 139.555894
0.037125 119.091132
0.037250 98.497994
0.037375 79.919523
0.037500 66.718954
0.037625 60.114804
0.037750 61.631505
0.037875 71.466189
0.038000 88.225958
0.038125 108.730614
0.038250 130.379494
0.038375 151.255732
0.038500 171.056494
0.038625 189.851013
0.038750 207.589335
0.038875 224.135842
0.039000 239.383019
0.039125 253.110695
0.039250 265.365786
0.039375 276.086946
0.039500 285.260657
0.039625 292.836044
0.039750 298.862389
0.039875 303.357363
0.040000 306.428577
0.040125 308.191885
0.040250 308.984828
0.040375 308.925372
0.040500 308.048731
0.040625 306.394857
0.040750 303.652282
0.040875 299.728166
0.041000 294.515864
0.041125 287.908911
0.041250 279.676673
0.041375 269.985278
0.041500 258.797673
0.041625 246.201693
0.041750 232.198629
0.041875 216.857008
0.042000 200.288503
0.042125 182.582990
0.042250 163.822793
0.042375 144.187508
0.042500 124.131454
0.042625 104.374722
0.042750 87.541819
0.042875 75.593236
0.043000 69.315058
0.043125 69.911394
0.043250 77.724105
0.043375 92.094336
0.043500 110.741066
0.043625 131.098336
0.043750 151.601417
0.043875 171.178202
0.044000 189.730765
0.044125 207.185461
0.044250 223.486249
0.044375 238.497775
0.044500 252.015677
0.044625 264.080573
0.044750 274.645090
0.044875 283.642280
0.045000 291.077364
0.045125 296.958258
0.045250 301.303884
0.045375 304.245251
0.045500 305.901160
0.045625 306.518751
0.045750 306.233603
0.045875 305.149907
0.046000 303.259000
0.046125 300.256532
0.046250 296.109630
0.046375 290.667539
0.046500 283.860464
0.046625 275.485224
0.046750 265.710405
0.046875 254.441284
0.047000 241.726881
0.047125 227.649382
0.047250 212.268472
0.047375 195.645121
0.047500 177.823959
0.047625 158.961353
0.047750 139.461342
0.047875 119.611597
0.048000 100.360625
0.048125 84.660373
0.048250 73.321515
0.048375 67.122923
0.048500 67.209569
0.048625 73.648099
0.048750 86.477024
0.048875 104.172247
0.049000 123.642264
0.049125 144.191139
0.049250 163.997134
0.049375 182.700590
0.049500 200.262551
0.049625 216.651258
0.049750 231.789233
0.049875 245.398449
0.050000 257.624719
0.050125 268.370793
0.050250 277.615466
0.050375 285.309275
0.050500 291.417132
0.050625 296.034727
0.050750 299.290446
0.050875 301.284306
0.051000 302.157025
0.051125 302.134095
0.051250 301.339741
0.051375 299.652209
0.051500 296.887677
0.051625 292.982365
0.051750 287.870738
0.051875 281.325853
0.052000 273.304635
0.052125 263.914893
0.052250 253.057303
0.052375 240.791019
0.052500 227.151123
0.052625 212.259757
0.052750 196.120805
0.052875 178.763028
0.053000 160.497700
0.053125 141.875743
0.053250 122.915269
0.053375 105.354590
0.053500 91.558831
0.053625 81.575699
0.053750 76.094291
0.053875 76.186853
0.054000 81.874672
0.054125 93.198395
0.054250 109.383633
0.054375 128.103689
0.054500 147.854357
0.054625 167.720780
0.054750 186.546916
0.054875 204.218746
0.055000 220.742390
0.055125 235.975359
0.055250 249.715179
0.055375 262.102757
0.055500 273.008070
0.055625 282.382915
0.055750 290.140678
0.055875 296.375356
0.056000 301.117526
0.056125 304.478740
0.056250 306.547031
0.056375 307.491785
0.056500 307.456869
0.056625 306.632297
0.056750 304.849968
0.056875 301.985261
0.057000 297.984497
0.057125 292.807969
0.057250 286.157187
0.057375 278.087741
0.057500 268.671222
0.057625 257.839665
0.057750 245.560690
0.057875 231.985960
0.058000 217.190738
0.058125 201.135014
0.058250 183.927484
0.058375 166.054078
0.058500 147.731297
0.058625 129.474540
0.058750 113.179383
0.058875 100.510655
0.059000 91.193206
0.059125 85.752189
0.059250 85.304380
0.059375 89.839081
0.059500 99.404411
0.059625 113.796179
0.059750 131.092154
0.059875 149.533169
0.060000 168.690605
0.060125 187.203817
0.060250 204.601508
0.060375 220.899058
0.060500 235.839671
0.060625 249.351648
0.060750 261.535622
0.060875 272.269469
0.061000 281.481419
0.061125 289.061932
0.061250 295.142686
0.061375 299.781163
0.061500 303.024068
0.061625 304.926680
0.061750 305.746710
0.061875 305.560493
0.062000 304.523873
0.062125 302.499380
0.062250 299.407033
0.062375 295.185648
