0.000000 0.000000
0.000125 37.772466
0.000250 69.197692
0.000375 97.715198
0.000500 122.248758
0.000625 142.782535
0.000750 159.848192
0.000875 174.999168
0.001000 190.930844
0.001125 207.202266
0.001250 223.156872
0.001375 238.546233
0.001500 253.128474
0.001625 266.540436
0.001750 278.397766
0.001875 288.511143
0.002000 296.979190
0.002125 303.039689
0.002250 306.071323
0.002375 307.597266
0.002500 308.310417
0.002625 308.335643
0.002750 308.384611
0.002875 308.421819
0.003000 308.498885
0.003125 308.730286
0.003250 308.162982
0.003375 306.611254
0.003500 304.001021
0.003625 298.210218
0.003750 289.798426
0.003875 279.864476
0.004000 268.243949
0.004125 255.190818
0.004250 241.018080
0.004375 226.117296
0.004500 210.597297
0.004625 194.465879
0.004750 178.485048
0.004875 162.942958
0.005000 146.040895
0.005125 126.039929
0.005250 102.273949
0.005375 74.726581
0.005500 45.175718
0.005625 23.047538
0.005750 36.881433
0.005875 66.854098
0.006000 95.407401
0.006125 120.256450
0.006250 141.088532
0.006375 158.438854
0.006500 173.786695
0.006625 189.441995
0.006750 205.834583
0.006875 222.103946
0.007000 237.748690
0.007125 252.477446
0.007250 266.009543
0.007375 277.865907
0.007500 288.017501
0.007625 296.551592
0.007750 302.795080
0.007875 306.376674
0.008000 308.166752
0.008125 309.014923
0.008250 309.357183
0.008375 309.393923
0.008500 309.567318
0.008625 309.746934
0.008750 309.859225
0.008875 309.251492
0.009000 307.743579
0.009125 304.940647
0.009250 299.513030
0.009375 291.505218
0.009500 281.766763
0.009625 270.526493
0.009750 257.869846
0.009875 244.141401
0.010000 229.561503
0.010125 214.163519
0.010250 198.095279
0.010375 181.964411
0.010500 165.708417
0.010625 148.390159
0.010750 128.609992
0.010875 105.499220
0.011000 79.613979
0.011125 52.422433
0.011250 34.850190
0.011375 38.614459
0.011500 63.258442
0.011625 91.104025
0.011750 115.996394
0.011875 137.198375
0.012000 155.133446
0.012125 171.114370
0.012250 186.792863
0.012375 203.156951
0.012500 219.588745
0.012625 235.326112
0.012750 250.103835
0.012875 263.611536
0.013000 275.471348
0.013125 285.721334
0.013250 294.237679
0.013375 300.621696
0.013500 304.908207
0.013625 307.244589
0.013750 308.383961
0.013875 308.966080
0.014000 309.130408
0.014125 309.430621
0.014250 309.667097
0.014375 309.683889
0.014500 308.959398
0.014625 307.345261
0.014750 304.242037
0.014875 299.124536
0.015000 291.730834
0.015125 282.336008
0.015250 271.453965
0.015375 259.203964
0.015500 245.837099
0.015625 231.418453
0.015750 216.082896
0.015875 200.061594
0.016000 183.750869
0.016125 167.090282
0.016250 149.366068
0.016375 130.102516
0.016500 108.348444
0.016625 83.639155
0.016750 59.386634
0.016875 45.310193
0.017000 44.331861
0.017125 60.647899
0.017250 86.041785
0.017375 110.784336
0.017500 132.324487
0.017625 151.056957
0.017750 167.993022
0.017875 184.041009
0.018000 200.347533
0.018125 216.800334
0.018250 232.628897
0.018375 247.466694
0.018500 261.023876
0.018625 273.065350
0.018750 283.479748
0.018875 292.170242
0.019000 298.926129
0.019125 303.743801
0.019250 306.818451
0.019375 308.522532
0.019500 309.260424
0.019625 309.547143
0.019750 309.872719
0.019875 310.204000
0.020000 310.113432
0.020125 309.254583
0.020250 307.542472
0.020375 304.282552
0.020500 299.436848
0.020625 292.644775
0.020750 283.796393
0.020875 273.285441
0.021000 261.467955
0.021125 248.376186
0.021250 234.109203
0.021375 218.950952
0.021500 203.031603
0.021625 186.879409
0.021750 170.218618
0.021875 152.781161
0.022000 133.890052
0.022125 112.760140
0.022250 89.836538
0.022375 68.859620
0.022500 56.960596
0.022625 53.767720
0.022750 63.508887
0.022875 83.741274
0.023000 107.236749
0.023125 129.044130
0.023250 148.439427
0.023375 166.006717
0.023500 182.602768
0.023625 198.880409
0.023750 215.059595
0.023875 230.829709
0.024000 245.660192
0.024125 259.163501
0.024250 271.281656
0.024375 281.919945
0.024500 290.844365
0.024625 297.905127
0.024750 303.250789
0.024875 306.874521
0.025000 309.056346
0.025125 309.979113
0.025250 310.280178
0.025375 310.595023
0.025500 310.919440
0.025625 310.709435
0.025750 309.802650
0.025875 307.931822
0.026000 304.618181
0.026125 299.902100
0.026250 293.443653
0.026375 284.983183
0.026500 274.783803
0.026625 263.163751
0.026750 250.258618
0.026875 236.195805
0.027000 221.117815
0.027125 205.521004
0.027250 189.706958
0.027375 173.370403
0.027500 155.922915
0.027625 137.016632
0.027750 116.357122
0.027875 95.100367
0.028000 76.837496
0.028125 66.473617
0.028250 62.294726
0.028375 67.761788
0.028500 82.598747
0.028625 103.328184
0.028750 124.804494
0.028875 144.721331
0.029000 162.894315
0.029125 179.776874
0.029250 196.049321
0.029375 212.084355
0.029500 227.646363
0.029625 242.414019
0.029750 255.976850
0.029875 268.241369
0.030000 279.041873
0.030125 288.193511
0.030250 295.563339
0.030375 301.317691
0.030500 305.365466
0.030625 307.966254
0.030750 309.149685
0.030875 309.522156
0.031000 309.804588
0.031125 310.122946
0.031250 309.929446
0.031375 308.960628
0.031500 307.076773
0.031625 303.843666
0.031750 299.161744
0.031875 292.858467
0.032000 284.731602
0.032125 274.902405
0.032250 263.578475
0.032375 250.892967
0.032500 237.132903
0.032625 222.492080
0.032750 207.495986
0.032875 192.078337
0.033000 175.820561
0.033125 158.341209
0.033250 139.346841
0.033375 119.465234
0.033500 99.585444
0.033625 83.936277
0.033750 74.496201
0.033875 70.129346
0.034000 72.624875
0.034125 83.251163
0.034250 100.561420
0.034375 120.684739
0.034500 140.736946
0.034625 159.464062
0.034750 176.767327
0.034875 193.224106
0.035000 209.126322
0.035125 224.607394
0.035250 239.390588
0.035375 253.017066
0.035500 265.414438
0.035625 276.470383
0.035750 285.829380
0.035875 293.566892
0.036000 299.698937
0.036125 304.152213
0.036250 307.138745
0.036375 308.693637
0.036500 309.258488
0.036625 309.688237
0.036750 310.067879
0.036875 309.903387
0.037000 309.074998
0.037125 307.206466
0.037250 303.975243
0.037375 299.319417
0.037500 293.125389
0.037625 285.289750
0.037750 275.814179
0.037875 264.861125
0.038000 252.666712
0.038125 239.513829
0.038250 225.555871
0.038375 211.016401
0.038500 195.890795
0.038625 179.651916
0.038750 162.075378
0.038875 143.372002
0.039000 124.289132
0.039125 106.005089
0.039250 92.481634
0.039375 83.754047
0.039500 79.511816
0.039625 79.901435
0.039750 87.539565
0.039875 100.931263
0.040000 118.831741
0.040125 138.120587
0.040250 156.927359
0.040375 174.684058
0.040500 191.333739
0.040625 207.255036
0.040750 222.612846
0.040875 237.241538
0.041000 250.875762
0.041125 263.400942
0.041250 274.593549
0.041375 284.122055
0.041500 292.105349
0.041625 298.530495
0.041750 303.364272
0.041875 306.630329
0.042000 308.494380
0.042125 309.378332
0.042250 309.917468
0.042375 310.299231
0.042500 310.130374
0.042625 309.255445
0.042750 307.318028
0.042875 303.990898
0.043000 299.320402
0.043125 293.148922
0.043250 285.505053
0.043375 276.319913
0.043500 265.831477
0.043625 254.332367
0.043750 241.672718
0.043875 228.112041
0.044000 213.827368
0.044125 198.819152
0.044250 182.434247
0.044375 164.866051
0.044500 146.682150
0.044625 128.316070
0.044750 111.708420
0.044875 99.720960
0.045000 91.789739
0.045125 87.488752
0.045250 86.153652
0.045375 91.299317
0.045500 101.496137
0.045625 116.915375
0.045750 134.781627
0.045875 153.189997
0.046000 171.175879
0.046125 188.134244
0.046250 204.184672
0.046375 219.447541
0.046500 233.992436
0.046625 247.541427
0.046750 260.093675
0.046875 271.325931
0.047000 280.994062
0.047125 289.129393
0.047250 295.762168
0.047375 300.927599
0.047500 304.518480
0.047625 306.707588
0.047750 308.002224
0.047875 308.834029
0.048000 309.195211
0.048125 309.006319
0.048250 308.023975
0.048375 306.022783
0.048500 302.726898
0.048625 298.026798
0.048750 291.952315
0.048875 284.518065
0.049000 275.872074
0.049125 266.077474
0.049250 255.072213
0.049375 242.920433
0.049500 229.695532
0.049625 215.620998
0.049750 200.575300
0.049875 184.249281
0.050000 166.928779
0.050125 149.276074
0.050250 131.839723
0.050375 116.913849
0.050500 106.222804
0.050625 98.995468
0.050750 94.719546
0.050875 92.140678
0.051000 95.145214
0.051125 103.431258
0.051250 115.830271
0.051375 132.121234
0.051500 149.817370
0.051625 167.736674
0.051750 184.996037
0.051875 201.230036
0.052000 216.542955
0.052125 231.050733
0.052250 244.584842
0.052375 257.091074
0.052500 268.346608
0.052625 278.171924
0.052750 286.461273
0.052875 293.422599
0.053000 298.974126
0.053125 302.962180
0.053250 305.613071
0.053375 307.376052
0.053500 308.482907
0.053625 308.874932
0.053750 308.646184
0.053875 307.623961
0.054000 305.596714
0.054125 302.340810
0.054250 297.783016
0.054375 291.943974
0.054500 284.936232
0.054625 276.829142
0.054750 267.540237
0.054875 257.039356
0.055000 245.276801
0.055125 232.412266
0.055250 218.544180
0.055375 203.556174
0.055500 187.479749
0.055625 170.560198
0.055750 153.435142
0.055875 137.189758
0.056000 123.829661
0.056125 114.117746
0.056250 107.499905
0.056375 102.975738
0.056500 99.720147
0.056625 100.768911
0.056750 107.345651
0.056875 117.411336
0.057000 131.606016
0.057125 148.134674
0.057250 165.534091
0.057375 182.825344
0.057500 199.250944
0.057625 214.585199
0.057750 228.988721
0.057875 242.445426
0.058000 254.879162
0.058125 266.073576
0.058250 275.976924
0.058375 284.394944
0.058500 291.545652
0.058625 297.446069
0.058750 301.761628
0.058875 304.833877
0.059000 306.964388
0.059125 308.268079
0.059250 308.733953
0.059375 308.339106
0.059500 307.192844
0.059625 305.049891
0.059750 301.814378
0.059875 297.362391
0.060000 291.827447
0.060125 285.206221
0.060250 277.497050
0.060375 268.584951
0.060500 258.357246
0.060625 246.889889
0.060750 234.259036
0.060875 220.565869
0.061000 205.685795
0.061125 189.887837
0.061250 173.435010
0.061375 156.812354
0.061500 141.805658
0.061625 129.874388
0.061750 120.801676
0.061875 114.537376
0.062000 109.829466
0.062125 106.021627
0.062250 105.388340
0.062375 110.392921
