0.000000 0.000000
0.000125 40.854362
0.000250 71.634124
0.000375 100.994185
0.000500 127.909581
0.000625 151.892608
0.000750 172.685077
0.000875 190.236510
0.001000 204.932610
0.001125 217.184280
0.001250 227.410553
0.001375 236.003869
0.001500 243.644842
0.001625 250.898303
0.001750 258.372426
0.001875 266.602976
0.002000 274.516988
0.002125 281.297783
0.002250 287.450056
0.002375 292.621786
0.002500 295.914089
0.002625 297.795566
0.002750 297.980500
0.002875 296.632010
0.003000 293.770956
0.003125 289.210747
0.003250 283.044248
0.003375 276.339210
0.003500 268.712149
0.003625 260.469109
0.003750 252.689783
0.003875 245.612906
0.004000 238.243975
0.004125 229.920105
0.004250 220.227478
0.004375 208.606624
0.004500 194.697255
0.004625 178.062069
0.004750 158.273336
0.004875 135.265749
0.005000 109.628157
0.005125 82.577138
0.005250 57.278884
0.005375 35.803947
0.005500 38.823903
0.005625 67.320900
0.005750 96.347465
0.005875 123.468795
0.006000 147.892967
0.006125 169.430117
0.006250 187.841141
0.006375 203.247214
0.006500 216.292621
0.006625 227.252199
0.006750 236.544816
0.006875 244.548278
0.007000 251.836594
0.007125 258.970687
0.007250 266.452230
0.007375 274.200730
0.007500 281.039262
0.007625 286.994002
0.007750 292.287571
0.007875 296.088978
0.008000 298.201655
0.008125 298.737877
0.008250 297.740620
0.008375 295.348473
0.008500 291.296938
0.008625 285.541571
0.008750 278.879309
0.008875 271.888306
0.009000 264.012425
0.009125 256.044375
0.009250 248.476212
0.009375 240.823091
0.009500 232.488437
0.009625 222.833783
0.009750 211.301888
0.009875 197.680752
0.010000 181.911134
0.010125 163.752275
0.010250 143.021605
0.010375 121.480520
0.010500 99.758609
0.010625 77.299715
0.010750 55.733763
0.010875 43.536463
0.011000 59.130949
0.011125 86.944878
0.011250 114.080409
0.011375 139.064679
0.011500 161.431030
0.011625 180.837894
0.011750 197.373296
0.011875 211.398494
0.012000 223.221152
0.012125 233.175755
0.012250 241.623465
0.012375 249.020488
0.012500 255.946164
0.012625 262.852497
0.012750 270.020915
0.012875 277.010183
0.013000 283.032400
0.013125 288.192954
0.013250 292.315135
0.013375 294.970200
0.013500 295.949005
0.013625 295.394230
0.013750 293.400470
0.013875 289.944022
0.014000 284.953430
0.014125 278.668293
0.014250 271.681599
0.014375 264.050878
0.014500 255.754411
0.014625 247.386951
0.014750 239.039394
0.014875 230.460079
0.015000 221.114334
0.015125 210.508861
0.015250 197.997297
0.015375 183.602528
0.015500 168.121855
0.015625 152.231376
0.015750 134.392745
0.015875 114.417614
0.016000 93.313331
0.016125 71.817369
0.016250 53.623338
0.016375 53.371263
0.016500 74.361158
0.016625 101.418678
0.016750 127.087609
0.016875 150.646828
0.017000 171.448106
0.017125 189.495393
0.017250 204.851208
0.017375 217.709621
0.017500 228.542083
0.017625 237.619929
0.017750 245.431369
0.017875 252.499374
0.018000 259.175537
0.018125 265.963484
0.018250 272.748766
0.018375 278.888519
0.018500 284.236894
0.018625 288.630824
0.018750 291.724645
0.018875 293.318897
0.019000 293.388317
0.019125 292.096167
0.019250 289.353090
0.019375 285.199183
0.019500 279.540171
0.019625 272.687819
0.019750 265.216360
0.019875 257.084933
0.020000 248.876982
0.020125 240.482712
0.020250 232.047882
0.020375 222.875019
0.020500 212.777644
0.020625 202.146612
0.020750 191.620843
0.020875 179.833183
0.021000 166.062574
0.021125 149.868008
0.021250 131.635215
0.021375 111.760814
0.021500 90.978873
0.021625 71.277143
0.021750 62.131933
0.021875 70.281267
0.022000 92.508735
0.022125 118.418212
0.022250 142.757639
0.022375 164.807565
0.022500 184.198556
0.022625 200.746691
0.022750 214.817302
0.022875 226.482151
0.023000 236.232044
0.023125 244.498571
0.023250 251.586983
0.023375 258.093115
0.023500 264.384631
0.023625 270.710811
0.023750 276.736905
0.023875 282.124919
0.024000 286.531105
0.024125 289.955893
0.024250 292.078362
0.024375 292.807839
0.024500 292.066153
0.024625 289.914961
0.024750 286.224226
0.024875 281.290440
0.025000 275.203647
0.025125 268.118028
0.025250 260.210454
0.025375 251.638651
0.025500 242.879756
0.025625 234.105899
0.025750 225.618281
0.025875 217.907641
0.026000 210.346444
0.026125 201.586544
0.026250 191.068234
0.026375 178.283854
0.026500 163.447355
0.026625 146.668364
0.026750 127.897313
0.026875 107.770912
0.027000 87.355446
0.027125 73.292603
0.027250 71.877732
0.027375 84.615572
0.027500 107.360550
0.027625 132.050688
0.027750 154.957768
0.027875 175.407704
0.028000 193.149038
0.028125 208.168691
0.028250 220.745050
0.028375 231.182729
0.028500 239.792220
0.028625 247.110104
0.028750 253.639836
0.028875 259.717785
0.029000 265.545242
0.029125 271.102535
0.029250 276.411782
0.029375 281.013530
0.029500 284.668424
0.029625 287.251607
0.029750 288.661378
0.029875 288.748406
0.030000 287.370196
0.030125 284.541675
0.030250 280.191911
0.030375 274.372860
0.030500 267.342916
0.030625 259.333911
0.030750 250.743968
0.030875 242.152112
0.031000 235.033446
0.031125 228.879394
0.031250 222.684203
0.031375 215.859927
0.031500 207.764496
0.031625 197.961301
0.031750 186.177327
0.031875 172.828595
0.032000 157.133235
0.032125 139.605611
0.032250 120.285747
0.032375 99.747024
0.032500 82.851757
0.032625 75.401186
0.032750 79.908744
0.032875 95.654132
0.033000 118.539551
0.033125 142.191117
0.033250 163.658352
0.033375 182.520675
0.033500 198.816380
0.033625 212.529997
0.033750 223.819134
0.033875 233.296317
0.034000 241.139896
0.034125 247.749523
0.034250 253.866906
0.034375 259.650786
0.034500 265.085006
0.034625 270.419615
0.034750 275.521623
0.034875 279.913555
0.035000 283.239012
0.035125 285.464541
0.035250 286.174864
0.035375 285.414551
0.035500 283.189826
0.035625 279.257741
0.035750 273.998919
0.035875 267.346403
0.036000 259.916828
0.036125 253.060275
0.036250 247.038182
0.036375 241.564225
0.036500 235.886504
0.036625 229.870161
0.036750 223.279570
0.036875 215.641360
0.037000 206.500239
0.037125 195.943936
0.037250 183.777725
0.037375 169.451224
0.037500 153.441757
0.037625 135.306598
0.037750 115.611601
0.037875 97.792457
0.038000 86.671226
0.038125 84.611421
0.038250 92.904494
0.038375 109.951315
0.038500 132.355061
0.038625 154.439694
0.038750 174.455348
0.038875 191.875459
0.039000 206.763638
0.039125 219.090568
0.039250 229.339848
0.039375 237.790684
0.039500 244.890812
0.039625 251.106751
0.039750 257.042837
0.039875 262.709413
0.040000 268.209494
0.040125 273.472706
0.040250 278.110337
0.040375 281.751547
0.040500 284.180432
0.040625 285.229999
0.040750 284.937480
0.040875 282.965456
0.041000 279.504189
0.041125 274.717140
0.041250 269.875676
0.041375 265.122012
0.041500 260.177424
0.041625 254.925617
0.041750 249.437731
0.041875 243.730183
0.042000 237.598259
0.042125 230.765955
0.042250 223.172669
0.042375 214.691272
0.042500 205.160169
0.042625 193.866606
0.042750 180.737082
0.042875 165.911175
0.043000 148.914093
0.043125 130.087596
0.043250 111.687895
0.043375 97.887303
0.043500 91.248055
0.043625 93.309007
0.043750 104.033859
0.043875 121.483510
0.044000 142.906976
0.044125 163.564804
0.044250 181.964299
0.044375 197.823481
0.044500 211.218597
0.044625 222.401551
0.044750 231.531210
0.044875 239.299365
0.045000 246.127842
0.045125 252.365884
0.045250 258.139332
0.045375 263.459582
0.045500 268.578081
0.045625 273.027098
0.045750 276.673735
0.045875 279.147131
0.046000 280.339856
0.046125 280.258236
0.046250 278.879279
0.046375 276.902650
0.046500 274.809350
0.046625 272.232620
0.046750 268.678178
0.046875 264.259005
0.047000 259.168980
0.047125 253.524310
0.047250 247.611009
0.047375 241.317000
0.047500 234.458847
0.047625 226.983120
0.047750 219.228112
0.047875 210.370345
0.048000 199.948600
0.048125 188.109000
0.048250 174.432635
0.048375 158.473089
0.048500 140.405216
0.048625 121.982235
0.048750 106.319205
0.048875 96.739706
0.049000 93.629193
0.049125 98.959577
0.049250 111.125961
0.049375 128.957735
0.049500 149.587494
0.049625 168.941047
0.049750 186.020819
0.049875 200.653501
0.050000 213.085927
0.050125 223.521653
0.050250 232.305286
0.050375 239.767532
0.050500 246.320754
0.050625 252.249723
0.050750 257.752338
0.050875 262.522765
0.051000 266.909795
0.051125 270.502496
0.051250 273.173108
0.051375 274.830190
0.051500 275.809611
0.051625 277.053177
0.051750 277.758466
0.051875 277.294644
0.052000 275.697809
0.052125 272.851069
0.052250 268.845316
0.052375 264.000605
0.052500 258.598870
0.052625 252.677419
0.052750 246.465184
0.052875 239.850315
0.053000 232.902822
0.053125 225.582905
0.053250 217.393800
0.053375 207.964158
0.053500 197.223055
0.053625 184.587100
0.053750 169.825089
0.053875 152.806846
0.054000 134.904745
0.054125 118.724924
0.054250 106.846767
0.054375 100.429159
0.054500 100.789263
0.054625 108.339943
0.054750 121.432673
0.054875 139.256497
0.055000 158.765448
0.055125 177.069792
0.055250 193.076758
0.055375 207.021448
0.055500 218.628252
0.055625 228.280711
0.055750 236.400888
0.055875 243.249180
0.056000 249.273716
0.056125 254.556279
0.056250 259.227217
0.056375 263.257635
0.056500 266.818152
0.056625 270.094397
0.056750 273.804967
0.056875 277.435736
0.057000 280.045738
0.057125 281.639666
0.057250 281.902562
0.057375 280.771015
0.057500 278.409966
0.057625 274.757220
0.057750 270.157280
0.057875 264.785307
0.058000 259.039764
0.058125 252.842254
0.058250 246.587573
0.058375 240.045751
0.058500 232.887969
0.058625 225.053126
0.058750 216.227180
0.058875 206.119716
0.059000 194.314209
0.059125 180.489924
0.059250 164.457158
0.059375 147.021617
0.059500 130.466854
0.059625 117.013739
0.059750 108.194166
0.059875 104.376774
0.060000 107.332306
0.060125 116.258891
0.060250 129.898058
0.060375 147.548017
0.060500 166.351588
0.060625 183.543195
0.060750 198.396873
0.060875 211.058127
0.061000 221.432335
0.061125 229.980775
0.061250 237.220398
0.061375 243.236951
0.061500 248.443672
0.061625 252.905078
0.061750 257.259481
0.061875 262.178913
0.062000 267.617935
0.062125 272.629220
0.062250 276.942792
0.062375 280.040380
