0.000000 0.000000
0.000125 25.619077
0.000250 44.612774
0.000375 62.530556
0.000500 79.072253
0.000625 94.249947
0.000750 108.000063
0.000875 120.312171
0.001000 131.263343
0.001125 140.806602
0.001250 148.912999
0.001375 155.787777
0.001500 161.593992
0.001625 166.553973
0.001750 170.594635
0.001875 173.629738
0.002000 176.005044
0.002125 178.208362
0.002250 180.278008
0.002375 182.025674
0.002500 183.307492
0.002625 184.091343
0.002750 184.393058
0.002875 184.312724
0.003000 183.754700
0.003125 182.646721
0.003250 181.113172
0.003375 179.268602
0.003500 177.309505
0.003625 175.039884
0.003750 172.182618
0.003875 168.413861
0.004000 163.701536
0.004125 158.051470
0.004250 151.380955
0.004375 143.583207
0.004500 134.375882
0.004625 123.709098
0.004750 111.645045
0.004875 98.120609
0.005000 83.252215
0.005125 66.996109
0.005250 49.555305
0.005375 31.917620
0.005500 19.400485
0.005625 30.795757
0.005750 49.276976
0.005875 67.108457
0.006000 83.594047
0.006125 98.703644
0.006250 112.444025
0.006375 124.785825
0.006500 135.743014
0.006625 145.299999
0.006750 153.463342
0.006875 160.275777
0.007000 166.075841
0.007125 171.003151
0.007250 175.021393
0.007375 178.040514
0.007500 180.380565
0.007625 182.477583
0.007750 184.397625
0.007875 186.016799
0.008000 187.177561
0.008125 187.848227
0.008250 188.024961
0.008375 187.782228
0.008500 187.049597
0.008625 185.805603
0.008750 184.118157
0.008875 182.167895
0.009000 180.012281
0.009125 177.545965
0.009250 174.505161
0.009375 170.635914
0.009500 165.795251
0.009625 159.970138
0.009750 153.161405
0.009875 145.249024
0.010000 135.959287
0.010125 125.162968
0.010250 112.947594
0.010375 99.320092
0.010500 84.367694
0.010625 68.359359
0.010750 51.956232
0.010875 35.847192
0.011000 24.883160
0.011125 31.582899
0.011250 48.731236
0.011375 66.184265
0.011500 82.417205
0.011625 97.336310
0.011750 110.918132
0.011875 123.151680
0.012000 133.988721
0.012125 143.468102
0.012250 151.537055
0.012375 158.270867
0.012500 163.953335
0.012625 168.742052
0.012750 172.670511
0.012875 175.598214
0.013000 177.812991
0.013125 179.731135
0.013250 181.431750
0.013375 182.879062
0.013500 183.881586
0.013625 184.387508
0.013750 184.438719
0.013875 184.050202
0.014000 183.227719
0.014125 181.917572
0.014250 180.187246
0.014375 178.130322
0.014500 175.815564
0.014625 173.210672
0.014750 170.069781
0.014875 166.149967
0.015000 161.284609
0.015125 155.393283
0.015250 148.508996
0.015375 140.542350
0.015500 131.264795
0.015625 120.437633
0.015750 108.236241
0.015875 94.834764
0.016000 80.599671
0.016125 65.674571
0.016250 50.265996
0.016375 35.277259
0.016500 25.254392
0.016625 29.057579
0.016750 44.088079
0.016875 61.375470
0.017000 77.707769
0.017125 92.817740
0.017250 106.573543
0.017375 119.068580
0.017500 130.185434
0.017625 139.899697
0.017750 148.284599
0.017875 155.334297
0.018000 161.209876
0.018125 166.310036
0.018250 170.443844
0.018375 173.696140
0.018500 176.189437
0.018625 178.303113
0.018750 180.159012
0.018875 181.786511
0.019000 182.942344
0.019125 183.683472
0.019250 183.912163
0.019375 183.765734
0.019500 183.177779
0.019625 182.088230
0.019750 180.567566
0.019875 178.714460
0.020000 176.587542
0.020125 174.084137
0.020250 171.078669
0.020375 167.348788
0.020500 162.688344
0.020625 156.968408
0.020750 150.295861
0.020875 142.497215
0.021000 133.409784
0.021125 122.945814
0.021250 111.449623
0.021375 99.082890
0.021500 85.854510
0.021625 71.802482
0.021750 57.423871
0.021875 43.868775
0.022000 35.262202
0.022125 37.159380
0.022250 49.045994
0.022375 65.082534
0.022500 81.234603
0.022625 96.253530
0.022750 110.052145
0.022875 122.569806
0.023000 133.727121
0.023125 143.515913
0.023250 151.964476
0.023375 159.130239
0.023500 165.169161
0.023625 170.227789
0.023750 174.400013
0.023875 177.675826
0.024000 180.233255
0.024125 182.241219
0.024250 183.983022
0.024375 185.431252
0.024500 186.526951
0.024625 187.148567
0.024750 187.288661
0.024875 187.016312
0.025000 186.309382
0.025125 185.118339
0.025250 183.450571
0.025375 181.425145
0.025500 179.078459
0.025625 176.352267
0.025750 173.130736
0.025875 169.188282
0.026000 164.325275
0.026125 158.492107
0.026250 151.640730
0.026375 143.737594
0.026500 134.814272
0.026625 124.866372
0.026750 113.938513
0.026875 101.976955
0.027000 89.047727
0.027125 75.453587
0.027250 61.654808
0.027375 48.904291
0.027500 40.726154
0.027625 41.221943
0.027750 50.355764
0.027875 64.472404
0.028000 79.896560
0.028125 94.629037
0.028250 108.224272
0.028375 120.551527
0.028500 131.621965
0.028625 141.355947
0.028750 149.738161
0.028875 156.877150
0.029000 162.875550
0.029125 167.859607
0.029250 171.945392
0.029375 175.091513
0.029500 177.572602
0.029625 179.488292
0.029750 181.033886
0.029875 182.303582
0.030000 183.162036
0.030125 183.647359
0.030250 183.618639
0.030375 183.239093
0.030500 182.420381
0.030625 181.076499
0.030750 179.329357
0.030875 177.173414
0.031000 174.673832
0.031125 171.783856
0.031250 168.356292
0.031375 164.284876
0.031500 159.329847
0.031625 153.480914
0.031750 146.734130
0.031875 139.208772
0.032000 130.851373
0.032125 121.430229
0.032250 110.885327
0.032375 99.270380
0.032500 86.818112
0.032625 73.748644
0.032750 60.483310
0.032875 48.537730
0.033000 40.759421
0.033125 40.600315
0.033250 47.635265
0.033375 60.219969
0.033500 74.960197
0.033625 89.650923
0.033750 103.347784
0.033875 115.859339
0.034000 127.154473
0.034125 137.144454
0.034250 145.866547
0.034375 153.287657
0.034500 159.598623
0.034625 164.867876
0.034750 169.136721
0.034875 172.571427
0.035000 175.296853
0.035125 177.493094
0.035250 179.232601
0.035375 180.621791
0.035500 181.708509
0.035625 182.368763
0.035750 182.551873
0.035875 182.351170
0.036000 181.697703
0.036125 180.618841
0.036250 179.029967
0.036375 177.079956
0.036500 174.706301
0.036625 171.957075
0.036750 168.651833
0.036875 164.717963
0.037000 160.023598
0.037125 154.685089
0.037250 148.692729
0.037375 141.771190
0.037500 134.049276
0.037625 125.161430
0.037750 115.134722
0.037875 104.132029
0.038000 92.234932
0.038125 80.005932
0.038250 67.549154
0.038375 56.577308
0.038500 49.505491
0.038625 48.944321
0.038750 54.240957
0.038875 65.275935
0.039000 78.681201
0.039125 92.858609
0.039250 106.431583
0.039375 118.925222
0.039500 130.187672
0.039625 140.285378
0.039750 149.088938
0.039875 156.606341
0.040000 163.054579
0.040125 168.392208
0.040250 172.750025
0.040375 176.230025
0.040500 178.977704
0.040625 181.155332
0.040750 182.877860
0.040875 184.186639
0.041000 185.113766
0.041125 185.650181
0.041250 185.733157
0.041375 185.397800
0.041500 184.643440
0.041625 183.392620
0.041750 181.723040
0.041875 179.574249
0.042000 177.013644
0.042125 174.035289
0.042250 170.568236
0.042375 166.574442
0.042500 162.159531
0.042625 157.120538
0.042750 151.297513
0.042875 144.571623
0.043000 136.899441
0.043125 128.161948
0.043250 118.325714
0.043375 107.478939
0.043500 95.881644
0.043625 83.917000
0.043750 71.882447
0.043875 61.392281
0.044000 54.473815
0.044125 53.318346
0.044250 57.127275
0.044375 66.360620
0.044500 78.265443
0.044625 91.518871
0.044750 104.702994
0.044875 116.930284
0.045000 128.019030
0.045125 137.970233
0.045250 146.711284
0.045375 154.150012
0.045500 160.511847
0.045625 165.804903
0.045750 170.106725
0.045875 173.516189
0.046000 176.207860
0.046125 178.275658
0.046250 179.883968
0.046375 181.012024
0.046500 181.793378
0.046625 182.145972
0.046750 182.061763
0.046875 181.539409
0.047000 180.611957
0.047125 179.221673
0.047250 177.413351
0.047375 175.095713
0.047500 172.420686
0.047625 169.356982
0.047750 166.021329
0.047875 162.387371
0.048000 158.192635
0.048125 153.387015
0.048250 147.747504
0.048375 141.194811
0.048500 133.650879
0.048625 125.133004
0.048750 115.517121
0.048875 104.876184
0.049000 93.806286
0.049125 82.160684
0.049250 70.593386
0.049375 60.592725
0.049500 53.808911
0.049625 52.525588
0.049750 55.410896
0.049875 63.215430
0.050000 74.218447
0.050125 86.685471
0.050250 99.586662
0.050375 111.927093
0.050500 123.177011
0.050625 133.299515
0.050750 142.232775
0.050875 149.971136
0.051000 156.601599
0.051125 162.170237
0.051250 166.732951
0.051375 170.481923
0.051500 173.384713
0.051625 175.742828
0.051750 177.563143
0.051875 178.904521
0.052000 179.828158
0.052125 180.375203
0.052250 180.503960
0.052375 180.186553
0.052500 179.383907
0.052625 178.191023
0.052750 176.508677
0.052875 174.457793
0.053000 172.061070
0.053125 169.563196
0.053250 166.814464
0.053375 163.578863
0.053500 159.805416
0.053625 155.346666
0.053750 150.116171
0.053875 143.949571
0.054000 136.774919
0.054125 128.649318
0.054250 119.404334
0.054375 109.428534
0.054500 98.937079
0.054625 87.913300
0.054750 77.064298
0.054875 67.685017
0.055000 61.438703
0.055125 60.067176
0.055250 62.444694
0.055375 68.834181
0.055500 79.000378
0.055625 90.355794
0.055750 102.639559
0.055875 114.720551
0.056000 125.930723
0.056125 136.067196
0.056250 145.042241
0.056375 152.884442
0.056500 159.621401
0.056625 165.338607
0.056750 169.996190
0.056875 173.767258
0.057000 176.736594
0.057125 179.118860
0.057250 180.897757
0.057375 182.214205
0.057500 183.077552
0.057625 183.490366
0.057750 183.479066
0.057875 183.025074
0.058000 182.115552
0.058125 180.774585
0.058250 179.045896
0.058375 177.104312
0.058500 174.987002
0.058625 172.621736
0.058750 169.830262
0.058875 166.656747
0.059000 162.888513
0.059125 158.404596
0.059250 153.127152
0.059375 146.987556
0.059500 139.786720
0.059625 131.716507
0.059750 122.578340
0.059875 112.880943
0.060000 102.549615
0.060125 91.735236
0.060250 81.161546
0.060375 72.091181
0.060500 65.888521
0.060625 64.232957
0.060750 65.846549
0.060875 70.809310
0.061000 79.739138
0.061125 90.090317
0.061250 101.386039
0.061375 112.839546
0.061500 123.790717
0.061625 133.766591
0.061750 142.601659
0.061875 150.338345
0.062000 157.024327
0.062125 162.673639
0.062250 167.270451
0.062375 170.971986
