0.000000 0.000000
0.000125 38.235846
0.000250 71.752833
0.000375 103.887950
0.000500 133.891029
0.000625 161.145065
0.000750 185.313239
0.000875 206.150582
0.001000 223.644723
0.001125 238.030516
0.001250 249.346192
0.001375 258.127923
0.001500 266.134784
0.001625 273.321269
0.001750 278.959330
0.001875 284.181932
0.002000 288.598103
0.002125 291.930478
0.002250 293.800480
0.002375 294.132091
0.002500 292.852581
0.002625 290.109244
0.002750 286.217276
0.002875 281.439148
0.003000 276.065135
0.003125 269.436519
0.003250 261.694429
0.003375 253.498994
0.003500 243.192205
0.003625 229.919451
0.003750 213.481744
0.003875 193.798767
0.004000 170.750604
0.004125 144.526846
0.004250 115.555858
0.004375 84.485384
0.004500 52.378895
0.004625 25.424567
0.004750 37.753678
0.004875 69.164985
0.005000 101.199753
0.005125 131.512719
0.005250 159.355830
0.005375 184.201369
0.005500 205.835294
0.005625 224.129535
0.005750 239.332765
0.005875 251.411088
0.006000 260.773498
0.006125 268.896904
0.006250 276.274910
0.006375 281.925832
0.006500 287.046017
0.006625 291.633446
0.006750 295.116215
0.006875 297.272450
0.007000 297.849152
0.007125 296.807121
0.007250 294.283092
0.007375 290.592191
0.007500 285.980169
0.007625 280.668192
0.007750 274.140768
0.007875 266.438005
0.008000 258.185825
0.008125 248.316801
0.008250 235.723752
0.008375 220.073003
0.008500 201.144531
0.008625 178.887246
0.008750 153.470322
0.008875 125.219315
0.009000 94.854761
0.009125 63.408356
0.009250 36.874998
0.009375 38.768010
0.009500 64.286779
0.009625 95.050808
0.009750 125.385257
0.009875 153.540210
0.010000 178.897502
0.010125 201.163117
0.010250 220.176188
0.010375 236.067178
0.010500 248.841729
0.010625 258.795246
0.010750 267.156685
0.010875 274.631880
0.011000 280.441852
0.011125 285.436696
0.011250 289.928723
0.011375 293.541452
0.011500 295.873874
0.011625 296.685215
0.011750 295.865897
0.011875 293.560777
0.012000 290.055241
0.012125 285.573769
0.012250 280.315282
0.012375 273.898688
0.012500 266.255891
0.012625 257.845388
0.012750 248.098881
0.012875 235.996979
0.013000 221.013479
0.013125 202.783877
0.013250 181.277970
0.013375 156.551759
0.013500 128.891267
0.013625 98.818765
0.013750 67.119715
0.013875 38.750008
0.014000 33.989881
0.014125 55.037065
0.014250 83.808550
0.014375 113.673943
0.014500 142.336522
0.014625 168.377120
0.014750 191.372805
0.014875 211.172493
0.015000 227.887461
0.015125 241.467739
0.015250 252.184993
0.015375 261.090630
0.015500 268.823871
0.015625 275.080983
0.015750 280.188124
0.015875 284.732381
0.016000 288.451984
0.016125 291.094895
0.016250 292.298809
0.016375 291.898197
0.016500 290.014736
0.016625 286.876210
0.016750 282.816774
0.016875 277.888750
0.017000 271.832318
0.017125 264.654914
0.017250 256.504087
0.017375 247.017403
0.017500 235.542614
0.017625 221.458547
0.017750 204.268578
0.017875 183.875557
0.018000 160.275168
0.018125 133.694715
0.018250 104.593402
0.018375 73.673173
0.018500 46.190808
0.018625 37.772119
0.018750 52.388666
0.018875 78.991078
0.019000 107.302687
0.019125 135.443392
0.019250 162.200189
0.019375 186.116910
0.019500 206.959919
0.019625 224.699889
0.019750 239.343936
0.019875 251.115536
0.020000 260.908665
0.020125 269.274008
0.020250 276.157642
0.020375 281.799457
0.020500 286.610075
0.020625 290.604721
0.020750 293.538795
0.020875 295.186332
0.021000 295.337034
0.021125 293.926762
0.021250 291.246785
0.021375 287.579467
0.021500 282.991546
0.021625 277.269201
0.021750 270.487668
0.021875 262.618980
0.022000 253.366572
0.022125 242.199353
0.022250 228.656017
0.022375 212.235358
0.022500 192.742264
0.022625 170.094260
0.022750 144.489585
0.022875 116.395135
0.023000 86.827032
0.023125 61.674434
0.023250 51.422392
0.023375 59.359303
0.023500 80.799278
0.023625 107.145873
0.023750 133.582589
0.023875 159.179411
0.024000 183.306104
0.024125 204.629814
0.024250 222.966725
0.024375 238.249406
0.024500 250.712125
0.024625 261.089893
0.024750 269.821398
0.024875 277.019990
0.025000 282.892227
0.025125 287.786890
0.025250 291.819695
0.025375 294.726390
0.025500 296.446948
0.025625 296.738890
0.025750 295.593575
0.025875 293.117676
0.026000 289.648691
0.026125 285.186329
0.026250 279.634088
0.026375 273.005401
0.026500 265.276204
0.026625 256.215462
0.026750 245.216734
0.026875 231.958400
0.027000 215.991426
0.027125 197.071212
0.027250 175.120642
0.027375 150.224073
0.027500 122.764078
0.027625 93.745721
0.027750 69.192096
0.027875 57.218491
0.028000 60.513660
0.028125 77.657332
0.028250 101.913709
0.028375 127.612930
0.028500 152.160969
0.028625 175.350046
0.028750 197.014760
0.028875 215.925566
0.029000 231.895588
0.029125 245.011245
0.029250 255.978209
0.029375 265.134101
0.029500 272.711596
0.029625 278.873104
0.029750 283.991814
0.029875 288.115328
0.030000 291.122605
0.030125 292.893929
0.030250 293.274825
0.030375 292.296950
0.030500 290.086463
0.030625 286.850625
0.030750 282.567478
0.030875 277.201647
0.031000 270.769977
0.031125 263.186971
0.031250 254.295681
0.031375 243.588312
0.031500 230.671116
0.031625 215.129664
0.031750 196.724649
0.031875 175.368818
0.032000 151.128775
0.032125 124.216984
0.032250 95.537046
0.032375 71.192683
0.032500 58.008531
0.032625 57.774731
0.032750 71.564109
0.032875 93.641310
0.033000 118.799599
0.033125 143.306760
0.033250 166.027029
0.033375 187.020305
0.033500 206.600459
0.033625 223.412949
0.033750 237.489733
0.033875 249.346849
0.034000 259.276165
0.034125 267.592040
0.034250 274.413096
0.034375 280.043383
0.034500 284.703005
0.034625 288.206680
0.034750 290.400762
0.034875 291.228364
0.035000 290.731324
0.035125 289.054772
0.035250 286.393296
0.035375 282.687107
0.035500 277.853120
0.035625 272.045443
0.035750 265.018927
0.035875 256.610141
0.036000 246.565537
0.036125 234.321768
0.036250 219.538662
0.036375 201.936749
0.036500 181.461891
0.036625 158.211084
0.036750 132.432746
0.036875 105.261216
0.037000 82.672624
0.037125 69.593819
0.037250 67.329114
0.037375 77.159444
0.037500 95.925319
0.037625 119.125220
0.037750 143.073054
0.037875 165.594105
0.038000 186.274582
0.038125 205.122214
0.038250 222.271821
0.038375 237.078910
0.038500 249.670295
0.038625 260.253731
0.038750 269.147708
0.038875 276.469138
0.039000 282.462123
0.039125 287.384647
0.039250 291.170303
0.039375 293.614249
0.039500 294.699699
0.039625 294.418747
0.039750 292.871665
0.039875 290.394511
0.040000 286.932172
0.040125 282.373827
0.040250 276.841604
0.040375 270.006014
0.040500 261.800968
0.040625 251.998696
0.040750 240.058349
0.040875 225.667943
0.041000 208.624859
0.041125 188.683515
0.041250 166.024890
0.041375 141.003733
0.041500 115.100116
0.041625 93.716649
0.041750 80.546596
0.041875 76.420924
0.042000 82.594327
0.042125 97.957469
0.042250 118.565117
0.042375 141.230462
0.042500 163.305603
0.042625 183.592485
0.042750 202.089111
0.042875 218.456780
0.043000 233.325171
0.043125 246.442269
0.043250 257.505649
0.043375 266.818437
0.043500 274.540867
0.043625 280.851024
0.043750 285.925144
0.043875 289.923675
0.044000 292.588351
0.044125 293.860145
0.044250 293.746539
0.044375 292.352607
0.044500 289.978345
0.044625 286.607495
0.044750 282.198963
0.044875 276.855924
0.045000 270.181276
0.045125 262.100930
0.045250 252.415565
0.045375 240.797352
0.045500 226.684199
0.045625 210.038408
0.045750 190.566468
0.045875 168.297730
0.046000 143.599123
0.046125 118.104172
0.046250 97.059255
0.046375 83.616180
0.046500 77.831770
0.046625 81.131386
0.046750 93.885201
0.046875 112.527844
0.047000 133.927967
0.047125 155.794369
0.047250 176.084498
0.047375 194.487341
0.047500 210.859643
0.047625 225.170914
0.047750 238.323105
0.047875 249.903700
0.048000 259.746790
0.048125 267.952069
0.048250 274.670316
0.048375 280.098395
0.048500 284.341556
0.048625 287.340028
0.048750 288.926710
0.048875 289.138669
0.049000 288.108519
0.049125 285.955799
0.049250 282.789548
0.049375 278.648109
0.049500 273.660259
0.049625 267.350924
0.049750 259.562864
0.049875 250.233086
0.050000 239.036292
0.050125 225.551909
0.050250 209.518693
0.050375 190.695225
0.050500 169.227377
0.050625 145.214619
0.050750 120.489645
0.050875 100.228025
0.051000 87.145203
0.051125 80.440348
0.051250 81.975959
0.051375 92.416941
0.051500 109.175439
0.051625 129.496817
0.051750 150.811873
0.051875 171.371005
0.052000 189.995723
0.052125 206.766812
0.052250 221.570377
0.052375 234.476494
0.052500 246.243679
0.052625 256.896164
0.052750 265.894595
0.052875 273.351823
0.053000 279.389849
0.053125 284.190789
0.053250 287.795282
0.053375 289.948477
0.053500 290.744910
0.053625 290.286766
0.053750 288.706078
0.053875 285.971216
0.054000 282.224510
0.054125 277.591676
0.054250 271.733603
0.054375 264.456046
0.054500 255.540077
0.054625 244.801058
0.054750 231.870565
0.054875 216.418340
0.055000 198.288124
0.055125 177.623726
0.055250 154.617025
0.055375 131.222395
0.055500 112.118572
0.055625 99.248514
0.055750 92.028023
0.055875 92.039472
0.056000 99.669492
0.056125 113.836932
0.056250 132.174046
0.056375 151.997191
0.056500 171.919336
0.056625 190.405027
0.056750 206.995509
0.056875 221.925522
0.057000 234.976725
0.057125 246.220355
0.057250 256.534342
0.057375 265.873575
0.057500 273.722350
0.057625 280.093515
0.057750 285.114801
0.057875 288.922686
0.058000 291.360031
0.058125 292.412686
0.058250 292.211860
0.058375 290.898879
0.058500 288.392678
0.058625 284.790433
0.058750 280.214373
0.058875 274.472652
0.059000 267.302407
0.059125 258.587815
0.059250 248.028739
0.059375 235.368755
0.059500 220.295629
0.059625 202.623489
0.059750 182.449047
0.059875 160.084703
0.060000 137.555073
0.060125 118.970245
0.060250 106.142747
0.060375 98.095935
0.060500 96.552838
0.060625 101.890483
0.060750 113.689550
0.060875 130.042243
0.061000 148.696044
0.061125 167.775935
0.061250 186.160073
0.061375 202.700539
0.061500 217.609636
0.061625 230.855789
0.061750 242.241228
0.061875 252.085477
0.062000 261.011375
0.062125 269.155041
0.062250 275.832552
0.062375 281.138292
