0.000000 0.000000
0.000125 47.977175
0.000250 91.990586
0.000375 134.259403
0.000500 173.882331
0.000625 210.223613
0.000750 242.969309
0.000875 271.874787
0.001000 296.671145
0.001125 317.613029
0.001250 335.038362
0.001375 349.798095
0.001500 362.608219
0.001625 373.100935
0.001750 380.875729
0.001875 387.180468
0.002000 392.629378
0.002125 396.883783
0.002250 399.635611
0.002375 400.529542
0.002500 399.388878
0.002625 396.436435
0.002750 392.167122
0.002875 386.799113
0.003000 380.462534
0.003125 372.340669
0.003250 361.586879
0.003375 348.938896
0.003500 334.187119
0.003625 316.513681
0.003750 295.371326
0.003875 270.418717
0.004000 241.519769
0.004125 208.895742
0.004250 172.999519
0.004375 134.569377
0.004500 95.540536
0.004625 61.716075
0.004750 53.894682
0.004875 81.156385
0.005000 120.001049
0.005125 159.557909
0.005250 197.178454
0.005375 231.753771
0.005500 262.822697
0.005625 290.011893
0.005750 313.353396
0.005875 333.002165
0.006000 349.360933
0.006125 362.801863
0.006250 374.545600
0.006375 384.309682
0.006500 391.119476
0.006625 396.780110
0.006750 401.712471
0.006875 405.145441
0.007000 406.985392
0.007125 406.894354
0.007250 404.863910
0.007375 401.163496
0.007500 396.387294
0.007625 390.536436
0.007750 383.324585
0.007875 374.160295
0.008000 362.786816
0.008125 349.748556
0.008250 334.347864
0.008375 315.754539
0.008500 293.629853
0.008625 267.653447
0.008750 237.825484
0.008875 204.494531
0.009000 168.384070
0.009125 130.914530
0.009250 95.508477
0.009375 71.701925
0.009500 73.834825
0.009625 100.005316
0.009750 136.276478
0.009875 173.946178
0.010000 209.859972
0.010125 242.749541
0.010250 272.221889
0.010375 297.974246
0.010500 319.914750
0.010625 338.425361
0.010750 353.752817
0.010875 366.535363
0.011000 377.536096
0.011125 386.140581
0.011250 392.228931
0.011375 397.255832
0.011500 401.417941
0.011625 403.968944
0.011750 404.751045
0.011875 403.561436
0.012000 400.605529
0.012125 396.237174
0.012250 390.909449
0.012375 384.344372
0.012500 376.116187
0.012625 366.103997
0.012750 353.805092
0.012875 339.256753
0.013000 322.119984
0.013125 301.832531
0.013250 277.994505
0.013375 250.423048
0.013500 218.942247
0.013625 183.930970
0.013750 146.263623
0.013875 107.210645
0.014000 71.886760
0.014125 54.786937
0.014250 65.212805
0.014375 96.815218
0.014500 135.347785
0.014625 173.278379
0.014750 208.937920
0.014875 241.376998
0.015000 270.263265
0.015125 295.404520
0.015250 316.661236
0.015375 334.492861
0.015500 349.477716
0.015625 362.165747
0.015750 372.480562
0.015875 380.320601
0.016000 386.127297
0.016125 390.685343
0.016250 394.100975
0.016375 396.012726
0.016500 396.067027
0.016625 394.305660
0.016750 390.943681
0.016875 386.521227
0.017000 381.063966
0.017125 374.154311
0.017250 365.645125
0.017375 355.170311
0.017500 342.477643
0.017625 327.122470
0.017750 309.018973
0.017875 287.893125
0.018000 263.295129
0.018125 235.130587
0.018250 203.272486
0.018375 168.567553
0.018500 131.675855
0.018625 95.048295
0.018750 68.632190
0.018875 63.594097
0.019000 79.776412
0.019125 111.317562
0.019250 148.989525
0.019375 186.033969
0.019500 220.708826
0.019625 252.417945
0.019750 280.667763
0.019875 305.225836
0.020000 326.118027
0.020125 343.761704
0.020250 358.563378
0.020375 370.872912
0.020500 380.858223
0.020625 388.519925
0.020750 394.265065
0.020875 398.715485
0.021000 401.850977
0.021125 403.308269
0.021250 402.881421
0.021375 400.663941
0.021500 397.036656
0.021625 392.453170
0.021750 386.565127
0.021875 378.970774
0.022000 369.765200
0.022125 358.604697
0.022250 345.214156
0.022375 329.316121
0.022500 310.680342
0.022625 288.944851
0.022750 263.939543
0.022875 235.627845
0.023000 204.383851
0.023125 171.014539
0.023250 138.026623
0.023375 110.706127
0.023500 95.723863
0.023625 96.428853
0.023750 112.149731
0.023875 139.337501
0.024000 172.530191
0.024125 206.487980
0.024250 238.655436
0.024375 268.135249
0.024500 294.522626
0.024625 317.528736
0.024750 337.122996
0.024875 353.673979
0.025000 367.424855
0.025125 378.735061
0.025250 387.634140
0.025375 394.297968
0.025500 399.426055
0.025625 403.181966
0.025750 405.437592
0.025875 405.830774
0.026000 404.420563
0.026125 401.424522
0.026250 397.319078
0.026375 392.035547
0.026500 385.232067
0.026625 376.702120
0.026750 366.534441
0.026875 354.355431
0.027000 339.748974
0.027125 322.581636
0.027250 302.636711
0.027375 279.704275
0.027500 253.591221
0.027625 224.457313
0.027750 192.634791
0.027875 159.500527
0.028000 129.263932
0.028125 107.061106
0.028250 97.917448
0.028375 102.395606
0.028500 119.808372
0.028625 146.534617
0.028750 178.683284
0.028875 211.465974
0.029000 242.464141
0.029125 270.676392
0.029250 295.870980
0.029375 317.870274
0.029500 336.593339
0.029625 352.288004
0.029750 365.412321
0.029875 375.986563
0.030000 384.166978
0.030125 390.283638
0.030250 394.874558
0.030375 397.828159
0.030500 399.073209
0.030625 398.633948
0.030750 396.492764
0.030875 393.013330
0.031000 388.321585
0.031125 382.204190
0.031250 374.545756
0.031375 365.195085
0.031500 353.998155
0.031625 340.521941
0.031750 324.432716
0.031875 305.572194
0.032000 283.895056
0.032125 259.535143
0.032250 232.273859
0.032375 201.965207
0.032500 168.656211
0.032625 135.727528
0.032750 107.172594
0.032875 89.670731
0.033000 88.107906
0.033125 97.595848
0.033250 117.601595
0.033375 145.594600
0.033500 178.219940
0.033625 211.206631
0.033750 242.199670
0.033875 270.074878
0.034000 294.757608
0.034125 316.368255
0.034250 334.755004
0.034375 350.339288
0.034500 363.311103
0.034625 373.804078
0.034750 381.930560
0.034875 388.086824
0.035000 392.671091
0.035125 395.498703
0.035250 396.530075
0.035375 395.903235
0.035500 393.820444
0.035625 390.423297
0.035750 385.686301
0.035875 379.488153
0.036000 371.602831
0.036125 361.975822
0.036250 350.374657
0.036375 336.465094
0.036500 320.090673
0.036625 301.232854
0.036750 279.784683
0.036875 255.695142
0.037000 228.700279
0.037125 199.229841
0.037250 169.373623
0.037375 142.780328
0.037500 122.902781
0.037625 113.965460
0.037750 115.442649
0.037875 126.436898
0.038000 145.854071
0.038125 171.548571
0.038250 200.805493
0.038375 231.169730
0.038500 259.983970
0.038625 286.275552
0.038750 309.558681
0.038875 329.882878
0.039000 347.290766
0.039125 362.030920
0.039250 374.077214
0.039375 383.634572
0.039500 390.942466
0.039625 396.393859
0.039750 400.252887
0.039875 402.369947
0.040000 402.660970
0.040125 401.327908
0.040250 398.627059
0.040375 394.615569
0.040500 389.282616
0.040625 382.275319
0.040750 373.480125
0.040875 362.969290
0.041000 350.540995
0.041125 335.869082
0.041250 319.039842
0.041375 299.787169
0.041500 277.972719
0.041625 253.508250
0.041750 226.518690
0.041875 198.538900
0.042000 172.554622
0.042125 150.714157
0.042250 136.297335
0.042375 131.390111
0.042500 134.636000
0.042625 145.805937
0.042750 164.409062
0.042875 187.948660
0.043000 214.710922
0.043125 242.652509
0.043250 269.538326
0.043375 294.229015
0.043500 316.199815
0.043625 335.199291
0.043750 351.501442
0.043875 365.233768
0.044000 376.250985
0.044125 384.833091
0.044250 391.380797
0.044375 396.096654
0.044500 399.123467
0.044625 400.269459
0.044750 399.664385
0.044875 397.656826
0.045000 394.257193
0.045125 389.502642
0.045250 383.230368
0.045375 375.257166
0.045500 365.464036
0.045625 353.951189
0.045750 340.361985
0.045875 324.555176
0.046000 306.396944
0.046125 285.766448
0.046250 262.359331
0.046375 236.332607
0.046500 208.425847
0.046625 181.326081
0.046750 156.698025
0.046875 137.327219
0.047000 127.020326
0.047125 126.248194
0.047250 131.748893
0.047375 144.952936
0.047500 163.925074
0.047625 187.411814
0.047750 213.384336
0.047875 241.103520
0.048000 267.402656
0.048125 291.511410
0.048250 312.771647
0.048375 331.051368
0.048500 346.418508
0.048625 359.295246
0.048750 369.848948
0.048875 377.958805
0.049000 384.005001
0.049125 388.212901
0.049250 390.606111
0.049375 391.126592
0.049500 390.016700
0.049625 387.581343
0.049750 383.718378
0.049875 378.394879
0.050000 371.597598
0.050125 363.075952
0.050250 352.734218
0.050375 340.792803
0.050500 326.801966
0.050625 310.301058
0.050750 291.490073
0.050875 270.111287
0.051000 246.006964
0.051125 219.533211
0.051250 193.410292
0.051375 168.910059
0.051500 147.480550
0.051625 133.299700
0.051750 129.373565
0.051875 132.593410
0.052000 140.562631
0.052125 155.256899
0.052250 174.568365
0.052375 197.831768
0.052500 222.907881
0.052625 249.731373
0.052750 275.325772
0.052875 298.797540
0.053000 319.612619
0.053125 337.575816
0.053250 352.680593
0.053375 365.247872
0.053500 375.482836
0.053625 383.458021
0.053750 389.373388
0.053875 393.350972
0.054000 395.480718
0.054125 395.898902
0.054250 394.675950
0.054375 391.998765
0.054500 387.951223
0.054625 382.414131
0.054750 375.272234
0.054875 366.314824
0.055000 355.730180
0.055125 343.294460
0.055250 328.710099
0.055375 311.888404
0.055500 292.752696
0.055625 271.298985
0.055750 247.744767
0.055875 223.886894
0.056000 201.214019
0.056125 180.899594
0.056250 165.016301
0.056375 156.055146
0.056500 154.396157
0.056625 157.751103
0.056750 166.117249
0.056875 179.739775
0.057000 197.522072
0.057125 218.499228
0.057250 241.288989
0.057375 265.288995
0.057500 288.825681
0.057625 310.484842
0.057750 329.971538
0.057875 346.830855
0.058000 360.997639
0.058125 372.519086
0.058250 381.772502
0.058375 388.865793
0.058500 393.973454
0.058625 397.136177
0.058750 398.321814
0.058875 397.948096
0.059000 396.020656
0.059125 392.677083
0.059250 387.904284
0.059375 381.607857
0.059500 373.553268
0.059625 363.859561
0.059750 352.465094
0.059875 339.056659
0.060000 323.497539
0.060125 305.702256
0.060250 285.543562
0.060375 263.361949
0.060500 240.147944
0.060625 217.688190
0.060750 196.710082
0.060875 178.637997
0.061000 165.743471
0.061125 159.976201
0.061250 160.359885
0.061375 164.531505
0.061500 173.161394
0.061625 186.647399
0.061750 203.711907
0.061875 223.666637
0.062000 245.173088
0.062125 267.848039
0.062250 290.237154
0.062375 310.952126
