0.000000 0.000000
0.000125 31.544559
0.000250 57.751035
0.000375 82.279765
0.000500 103.935217
0.000625 121.751273
0.000750 135.453180
0.000875 146.429520
0.001000 154.814101
0.001125 160.396983
0.001250 164.800139
0.001375 168.520873
0.001500 171.600398
0.001625 174.777793
0.001750 178.097799
0.001875 180.914140
0.002000 182.962901
0.002125 184.213155
0.002250 184.945032
0.002375 185.528167
0.002500 185.880662
0.002625 186.049139
0.002750 186.044603
0.002875 185.991505
0.003000 185.524780
0.003125 184.430602
0.003250 182.480659
0.003375 179.858118
0.003500 177.015209
0.003625 174.543754
0.003750 171.846209
0.003875 168.247905
0.004000 163.985090
0.004125 157.881205
0.004250 148.909935
0.004375 137.818731
0.004500 123.434370
0.004625 105.060966
0.004750 83.710955
0.004875 61.180452
0.005000 41.398518
0.005125 38.638778
0.005250 56.697219
0.005375 79.634084
0.005500 101.723883
0.005625 121.135364
0.005750 136.788300
0.005875 148.942285
0.006000 158.267573
0.006125 164.767996
0.006250 169.681459
0.006375 173.889239
0.006500 177.268918
0.006625 180.210183
0.006750 183.319775
0.006875 186.233658
0.007000 188.393060
0.007125 189.813751
0.007250 190.551996
0.007375 190.788653
0.007500 190.884119
0.007625 190.973149
0.007750 191.141834
0.007875 191.335225
0.008000 191.136883
0.008125 190.407020
0.008250 188.936560
0.008375 186.601117
0.008500 183.705749
0.008625 180.926267
0.008750 178.567304
0.008875 175.294619
0.009000 171.274674
0.009125 166.350204
0.009250 158.784733
0.009375 148.747370
0.009500 136.417391
0.009625 120.261379
0.009750 100.675505
0.009875 78.973787
0.010000 57.892293
0.010125 44.818283
0.010250 49.448161
0.010375 67.732279
0.010500 89.489905
0.010625 109.977422
0.010750 127.434873
0.010875 141.413487
0.011000 152.174096
0.011125 159.938242
0.011250 165.391144
0.011375 169.832197
0.011500 173.536921
0.011625 176.600853
0.011750 179.520368
0.011875 182.353072
0.012000 184.735236
0.012125 186.419124
0.012250 187.378232
0.012375 187.862403
0.012500 188.095977
0.012625 188.227159
0.012750 188.153561
0.012875 188.016071
0.013000 187.707869
0.013125 186.994968
0.013250 185.648577
0.013375 183.451436
0.013500 180.592574
0.013625 177.510321
0.013750 174.635115
0.013875 171.690704
0.014000 168.080393
0.014125 163.435586
0.014250 156.773005
0.014375 147.487590
0.014500 135.913661
0.014625 121.284611
0.014750 102.906883
0.014875 81.276574
0.015000 57.879411
0.015125 37.280554
0.015250 30.340788
0.015375 41.781402
0.015500 63.066889
0.015625 85.908538
0.015750 106.145943
0.015875 122.961970
0.016000 136.195373
0.016125 146.224406
0.016250 153.516371
0.016375 158.780178
0.016500 163.100527
0.016625 167.005129
0.016750 170.519180
0.016875 173.829357
0.017000 176.740375
0.017125 179.129224
0.017250 180.838002
0.017375 181.978763
0.017500 182.937565
0.017625 183.741900
0.017750 184.171483
0.017875 184.329349
0.018000 184.393515
0.018125 184.253807
0.018250 183.604378
0.018375 182.269233
0.018500 180.178030
0.018625 177.654518
0.018750 175.079768
0.018875 172.657496
0.019000 169.863813
0.019125 166.325548
0.019250 161.243180
0.019375 153.839122
0.019500 143.991641
0.019625 131.690304
0.019750 116.220656
0.019875 97.562137
0.020000 76.975990
0.020125 57.853985
0.020250 45.856257
0.020375 47.251939
0.020500 60.197464
0.020625 79.602020
0.020750 100.239694
0.020875 118.817734
0.021000 134.211510
0.021125 146.272761
0.021250 155.226478
0.021375 161.805686
0.021500 167.042994
0.021625 171.544737
0.021750 175.426006
0.021875 179.012079
0.022000 182.187345
0.022125 184.841781
0.022250 186.874509
0.022375 188.266784
0.022500 189.191126
0.022625 189.776879
0.022750 190.245081
0.022875 190.627085
0.023000 190.979043
0.023125 191.080646
0.023250 190.741909
0.023375 189.828733
0.023500 188.250436
0.023625 186.100335
0.023750 183.649773
0.023875 181.192034
0.024000 178.482792
0.024125 175.238613
0.024250 170.962213
0.024375 164.928352
0.024500 156.629692
0.024625 145.909617
0.024750 132.554373
0.024875 116.342537
0.025000 98.159303
0.025125 80.250232
0.025250 65.984683
0.025375 60.118544
0.025500 64.656796
0.025625 77.020432
0.025750 93.934866
0.025875 111.827421
0.026000 128.103540
0.026125 141.561349
0.026250 151.990585
0.026375 159.711164
0.026500 165.551531
0.026625 170.348507
0.026750 174.453465
0.026875 178.002023
0.027000 181.210979
0.027125 183.921154
0.027250 185.997000
0.027375 187.524345
0.027500 188.517893
0.027625 189.154683
0.027750 189.582541
0.027875 189.910097
0.028000 190.115835
0.028125 190.109488
0.028250 189.752924
0.028375 188.859668
0.028500 187.412285
0.028625 185.357336
0.028750 182.912455
0.028875 180.178769
0.029000 177.320517
0.029125 174.034216
0.029250 169.889326
0.029375 164.403210
0.029500 156.917025
0.029625 146.960082
0.029750 134.449136
0.029875 119.132601
0.030000 101.442201
0.030125 83.060162
0.030250 66.393109
0.030375 55.093644
0.030500 53.567576
0.030625 61.044137
0.030750 74.146234
0.030875 91.097352
0.031000 108.320846
0.031125 123.849358
0.031250 136.444817
0.031375 146.213501
0.031500 153.508715
0.031625 159.149283
0.031750 163.909451
0.031875 168.035932
0.032000 171.694687
0.032125 174.793055
0.032250 177.334629
0.032375 179.236745
0.032500 180.646619
0.032625 181.672773
0.032750 182.572656
0.032875 183.251478
0.033000 183.613277
0.033125 183.752211
0.033250 183.546032
0.033375 182.895084
0.033500 181.858393
0.033625 180.381134
0.033750 178.354557
0.033875 175.960097
0.034000 173.421274
0.034125 170.509802
0.034250 167.059882
0.034375 162.573970
0.034500 156.346341
0.034625 147.868795
0.034750 136.881691
0.034875 123.422321
0.035000 107.565374
0.035125 90.759617
0.035250 74.634748
0.035375 61.771715
0.035500 55.835588
0.035625 59.023428
0.035750 68.632968
0.035875 81.965276
0.036000 98.316929
0.036125 114.369573
0.036250 128.825271
0.036375 140.721014
0.036500 150.135024
0.036625 157.435619
0.036750 163.344506
0.036875 168.362893
0.037000 172.721773
0.037125 176.581905
0.037250 179.858923
0.037375 182.423776
0.037500 184.461945
0.037625 185.997810
0.037750 187.161545
0.037875 188.111178
0.038000 188.889541
0.038125 189.486719
0.038250 189.770661
0.038375 189.730253
0.038500 189.202391
0.038625 188.203887
0.038750 186.730770
0.038875 184.816237
0.039000 182.600331
0.039125 180.019249
0.039250 176.883363
0.039375 172.852925
0.039500 167.609150
0.039625 160.611075
0.039750 151.432400
0.039875 140.020953
0.040000 126.689803
0.040125 112.153179
0.040250 97.781647
0.040375 85.081115
0.040500 76.414512
0.040625 74.432564
0.040750 78.914800
0.040875 87.706303
0.041000 99.504371
0.041125 113.205311
0.041250 126.754890
0.041375 138.876603
0.041500 149.245681
0.041625 157.596941
0.041750 164.224243
0.041875 169.592399
0.042000 174.188090
0.042125 178.084756
0.042250 181.420267
0.042375 184.155552
0.042500 186.242905
0.042625 187.806361
0.042750 188.947625
0.042875 189.813138
0.043000 190.459318
0.043125 190.962966
0.043250 191.291938
0.043375 191.302906
0.043500 190.854514
0.043625 189.970310
0.043750 188.573341
0.043875 186.715329
0.044000 184.518951
0.044125 181.875816
0.044250 178.729444
0.044375 174.818358
0.044500 169.806340
0.044625 163.381357
0.044750 155.003383
0.044875 144.422269
0.045000 131.974968
0.045125 118.122924
0.045250 103.911019
0.045375 90.486725
0.045500 79.486433
0.045625 73.399977
0.045750 73.923073
0.045875 79.748472
0.046000 88.473365
0.046125 99.459492
0.046250 112.176922
0.046375 124.638680
0.046500 135.746576
0.046625 145.465673
0.046750 153.332781
0.046875 159.667748
0.047000 164.881467
0.047125 169.353319
0.047250 173.172988
0.047375 176.330042
0.047500 178.809989
0.047625 180.751050
0.047750 182.146862
0.047875 183.218991
0.048000 184.090054
0.048125 184.724113
0.048250 185.065291
0.048375 185.093095
0.048500 184.722226
0.048625 183.896536
0.048750 182.651990
0.048875 180.914881
0.049000 178.751523
0.049125 176.134619
0.049250 173.089048
0.049375 169.345599
0.049500 164.674776
0.049625 158.785211
0.049750 151.141476
0.049875 141.353500
0.050000 129.607192
0.050125 116.855315
0.050250 103.217080
0.050375 89.830741
0.050500 77.940403
0.050625 69.307146
0.050750 66.791471
0.050875 70.735649
0.051000 78.746830
0.051125 87.749743
0.051250 98.705197
0.051375 111.324310
0.051500 123.631654
0.051625 134.462534
0.051750 144.087945
0.051875 152.102640
0.052000 158.740125
0.052125 164.259344
0.052250 169.113439
0.052375 173.266318
0.052500 176.642355
0.052625 179.415125
0.052750 181.560288
0.052875 183.265478
0.053000 184.662064
0.053125 185.803318
0.053250 186.711208
0.053375 187.322048
0.053500 187.623642
0.053625 187.482802
0.053750 186.950064
0.053875 185.933963
0.054000 184.477742
0.054125 182.558165
0.054250 180.110374
0.054375 177.066230
0.054500 173.177335
0.054625 168.219267
0.054750 161.903849
0.054875 153.943954
0.055000 144.400187
0.055125 133.731372
0.055250 122.201505
0.055375 110.509209
0.055500 99.523340
0.055625 90.581253
0.055750 85.504406
0.055875 85.572724
0.056000 90.133670
0.056125 97.154736
0.056250 105.239018
0.056375 114.827255
0.056500 125.496318
0.056625 135.920953
0.056750 145.346263
0.056875 153.649334
0.057000 160.923543
0.057125 167.016578
0.057250 172.154067
0.057375 176.443273
0.057500 180.059394
0.057625 183.017351
0.057750 185.369174
0.057875 187.146532
0.058000 188.508360
0.058125 189.602152
0.058250 190.434154
0.058375 191.027340
0.058500 191.406015
0.058625 191.414445
0.058750 191.074635
0.058875 190.240562
0.059000 188.920216
0.059125 187.085095
0.059250 184.760380
0.059375 181.833637
0.059500 178.157384
0.059625 173.509427
0.059750 167.650876
0.059875 160.366350
0.060000 151.816961
0.060125 142.121608
0.060250 131.347308
0.060375 120.232114
0.060500 109.114036
0.060625 99.243472
0.060750 91.986382
0.060875 88.888366
0.061000 90.417296
0.061125 95.346242
0.061250 101.822253
0.061375 109.018674
0.061500 117.424520
0.061625 126.961106
0.061750 136.455688
0.061875 144.998760
0.062000 152.500948
0.062125 159.242511
0.062250 165.001006
0.062375 169.779806
