0.000000 0.000000
0.000125 47.305062
0.000250 86.529545
0.000375 121.882697
0.000500 152.537073
0.000625 177.758451
0.000750 197.183339
0.000875 210.866884
0.001000 219.804613
0.001125 226.286890
0.001250 231.570447
0.001375 235.906516
0.001500 240.000836
0.001625 244.838117
0.001750 250.286768
0.001875 255.647911
0.002000 260.316874
0.002125 263.971535
0.002250 266.403826
0.002375 267.451653
0.002500 266.993791
0.002625 265.203787
0.002750 262.221361
0.002875 258.334999
0.003000 253.978268
0.003125 249.712855
0.003250 246.089618
0.003375 242.797485
0.003500 239.270209
0.003625 234.846869
0.003750 228.621061
0.003875 219.532174
0.004000 205.472153
0.004125 186.043803
0.004250 161.206026
0.004375 131.913470
0.004500 99.318423
0.004625 67.891199
0.004750 56.290245
0.004875 81.746553
0.005000 116.084073
0.005125 148.550793
0.005250 176.960682
0.005375 200.353033
0.005500 218.339934
0.005625 230.887589
0.005750 239.154202
0.005875 245.204300
0.006000 249.641531
0.006125 253.740637
0.006250 258.004428
0.006375 262.494712
0.006500 267.113287
0.006625 271.497532
0.006750 275.386124
0.006875 278.446217
0.007000 280.269450
0.007125 280.563613
0.007250 279.377851
0.007375 276.795910
0.007500 273.297107
0.007625 269.333363
0.007750 265.127129
0.007875 260.933095
0.008000 257.025057
0.008125 253.099348
0.008250 248.952683
0.008375 243.506876
0.008500 235.999625
0.008625 225.312748
0.008750 209.809261
0.008875 189.197884
0.009000 163.899337
0.009125 134.909033
0.009250 104.272996
0.009375 78.107834
0.009500 73.761644
0.009625 97.174345
0.009750 128.791636
0.009875 159.006062
0.010000 185.362426
0.010125 206.840961
0.010250 223.127185
0.010375 234.195379
0.010500 241.480698
0.010625 246.608563
0.010750 250.376519
0.010875 254.034264
0.011000 257.782991
0.011125 261.707885
0.011250 265.756191
0.011375 269.510915
0.011500 272.688483
0.011625 274.899996
0.011750 275.780890
0.011875 275.186698
0.012000 273.203396
0.012125 270.015724
0.012250 265.902874
0.012375 261.159367
0.012500 256.223550
0.012625 251.472519
0.012750 246.901387
0.012875 242.290330
0.013000 237.095088
0.013125 230.514624
0.013250 221.935304
0.013375 209.755592
0.013500 192.902279
0.013625 171.025082
0.013750 144.078158
0.013875 113.588617
0.014000 81.565620
0.014125 55.368646
0.014250 55.967326
0.014375 83.072298
0.014500 116.141555
0.014625 146.895993
0.014750 172.968736
0.014875 193.594766
0.015000 208.656230
0.015125 218.772683
0.015250 225.477901
0.015375 230.450064
0.015500 234.540504
0.015625 237.968664
0.015750 241.576807
0.015875 245.656552
0.016000 249.897932
0.016125 253.781316
0.016250 256.824656
0.016375 258.763540
0.016500 259.505131
0.016625 258.863026
0.016750 257.162624
0.016875 254.429171
0.017000 250.742876
0.017125 246.464418
0.017250 241.968148
0.017375 237.889939
0.017500 234.108585
0.017625 230.151987
0.017750 225.277048
0.017875 218.985474
0.018000 210.653730
0.018125 198.739491
0.018250 182.132023
0.018375 160.563275
0.018500 134.746076
0.018625 105.991058
0.018750 76.723985
0.018875 57.976706
0.019000 64.910177
0.019125 92.205286
0.019250 124.111953
0.019375 154.428123
0.019500 180.188672
0.019625 200.770449
0.019750 215.979440
0.019875 226.669825
0.020000 234.288664
0.020125 240.041144
0.020250 244.828971
0.020375 249.361655
0.020500 253.897984
0.020625 258.546647
0.020750 263.111320
0.020875 267.232032
0.021000 270.484019
0.021125 272.759344
0.021250 273.813943
0.021375 273.519704
0.021500 271.977910
0.021625 269.385504
0.021750 266.076943
0.021875 262.396943
0.022000 258.433182
0.022125 254.451706
0.022250 250.414599
0.022375 246.082033
0.022500 240.814520
0.022625 234.066792
0.022750 224.865397
0.022875 211.992289
0.023000 194.857768
0.023125 173.920320
0.023250 149.727610
0.023375 123.722301
0.023500 100.502597
0.023625 89.542606
0.023750 97.184659
0.023875 119.455116
0.024000 146.796305
0.024125 173.353165
0.024250 196.611112
0.024375 215.261725
0.024500 229.302442
0.024625 239.189970
0.024750 246.268594
0.024875 251.570244
0.025000 255.858690
0.025125 259.802697
0.025250 263.759212
0.025375 267.594257
0.025500 271.228176
0.025625 274.447763
0.025750 276.975616
0.025875 278.484834
0.026000 278.812217
0.026125 277.847365
0.026250 275.708806
0.026375 272.664205
0.026500 268.966017
0.026625 264.798886
0.026750 260.391912
0.026875 255.764781
0.027000 251.029165
0.027125 245.850831
0.027250 239.591358
0.027375 231.741254
0.027500 221.137348
0.027625 206.947125
0.027750 189.126429
0.027875 167.646579
0.028000 142.902492
0.028125 116.988765
0.028250 95.729271
0.028375 87.697992
0.028500 96.565523
0.028625 118.164425
0.028750 144.175864
0.028875 169.100332
0.029000 191.013935
0.029125 208.533799
0.029250 221.538456
0.029375 230.745786
0.029500 237.280102
0.029625 242.104438
0.029750 246.024843
0.029875 249.627472
0.030000 253.226477
0.030125 256.759867
0.030250 260.113011
0.030375 262.881433
0.030500 264.848840
0.030625 265.796995
0.030750 265.632327
0.030875 264.298159
0.031000 261.792003
0.031125 258.217361
0.031250 253.872320
0.031375 249.049790
0.031500 243.915378
0.031625 238.823936
0.031750 233.582867
0.031875 227.698424
0.032000 220.744207
0.032125 211.952151
0.032250 200.414625
0.032375 185.816254
0.032500 167.384476
0.032625 145.000465
0.032750 118.907479
0.032875 92.273784
0.033000 72.429666
0.033125 67.482823
0.033250 79.546829
0.033375 103.580599
0.033500 130.976313
0.033625 156.132826
0.033750 178.047043
0.033875 195.926743
0.034000 209.472714
0.034125 219.428113
0.034250 226.772024
0.034375 232.562968
0.034500 237.593269
0.034625 242.177221
0.034750 246.728074
0.034875 251.200013
0.035000 255.363832
0.035125 258.883304
0.035250 261.630860
0.035375 263.354422
0.035500 263.985185
0.035625 263.475861
0.035750 261.802813
0.035875 259.157550
0.036000 255.706730
0.036125 251.725350
0.036250 247.564528
0.036375 243.288682
0.036500 238.794148
0.036625 233.528130
0.036750 227.051033
0.036875 218.797103
0.037000 208.123823
0.037125 194.295654
0.037250 176.862216
0.037375 155.934296
0.037500 132.775260
0.037625 111.652481
0.037750 98.636855
0.037875 97.949289
0.038000 109.902652
0.038125 130.956797
0.038250 155.145320
0.038375 177.981367
0.038500 197.968050
0.038625 214.591487
0.038750 227.503335
0.038875 237.156127
0.039000 244.332469
0.039125 250.000665
0.039250 254.791522
0.039375 259.187719
0.039500 263.418460
0.039625 267.414613
0.039750 270.954103
0.039875 273.862661
0.040000 276.007092
0.040125 277.204898
0.040250 277.271748
0.040375 276.199610
0.040500 274.110712
0.040625 271.175016
0.040750 267.486468
0.040875 263.289445
0.041000 258.777248
0.041125 254.118904
0.041250 249.040921
0.041375 243.106008
0.041500 235.971580
0.041625 227.266449
0.041750 215.893653
0.041875 201.414158
0.042000 183.631615
0.042125 162.708607
0.042250 141.096446
0.042375 122.783402
0.042500 112.645728
0.042625 113.122572
0.042750 124.357569
0.042875 143.292053
0.043000 165.063308
0.043125 185.827346
0.043250 203.723672
0.043375 218.638400
0.043500 230.484244
0.043625 239.354364
0.043750 245.890377
0.043875 251.024817
0.044000 255.354588
0.044125 259.298749
0.044250 262.975425
0.044375 266.329393
0.044500 269.264478
0.044625 271.526173
0.044750 272.962070
0.044875 273.434386
0.045000 272.807524
0.045125 271.111247
0.045250 268.342244
0.045375 264.607170
0.045500 260.098432
0.045625 255.117202
0.045750 249.863716
0.045875 244.385011
0.046000 238.469017
0.046125 231.813809
0.046250 224.195558
0.046375 214.662281
0.046500 202.316027
0.046625 186.733114
0.046750 167.378747
0.046875 145.072516
0.047000 122.758660
0.047125 105.208637
0.047250 96.323791
0.047375 98.405819
0.047500 110.512683
0.047625 129.973990
0.047750 151.941277
0.047875 172.215101
0.048000 189.431365
0.048125 203.443293
0.048250 214.872223
0.048375 223.404159
0.048500 229.768672
0.048625 234.924221
0.048750 239.387028
0.048875 243.528324
0.049000 247.241959
0.049125 250.571590
0.049250 253.346172
0.049375 255.511055
0.049500 256.877034
0.049625 257.359759
0.049750 256.883933
0.049875 255.135429
0.050000 252.404409
0.050125 248.809991
0.050250 244.633895
0.050375 239.897420
0.050500 235.060994
0.050625 229.953859
0.050750 224.756922
0.050875 219.208509
0.051000 212.323918
0.051125 203.330787
0.051250 191.481868
0.051375 176.001799
0.051500 156.665016
0.051625 135.496758
0.051750 115.667311
0.051875 101.881246
0.052000 96.774103
0.052125 101.723170
0.052250 115.447127
0.052375 135.547155
0.052500 157.643988
0.052625 177.932763
0.052750 195.103223
0.052875 209.254476
0.053000 220.823022
0.053125 229.992758
0.053250 237.331956
0.053375 243.375683
0.053500 248.756115
0.053625 253.688505
0.053750 258.216991
0.053875 262.254610
0.054000 265.635273
0.054125 268.292681
0.054250 270.088942
0.054375 270.866018
0.054500 270.526075
0.054625 269.072594
0.054750 266.588627
0.054875 263.285054
0.055000 259.284905
0.055125 254.869844
0.055250 250.335763
0.055375 245.723721
0.055500 240.868591
0.055625 235.283559
0.055750 228.199756
0.055875 218.894053
0.056000 206.458960
0.056125 190.705503
0.056250 172.325621
0.056375 153.255057
0.056500 136.710640
0.056625 126.165800
0.056750 123.133216
0.056875 128.210310
0.057000 140.397088
0.057125 158.103170
0.057250 177.449592
0.057375 195.566160
0.057500 211.006469
0.057625 223.718942
0.057750 234.001556
0.057875 242.272400
0.058000 248.941526
0.058125 254.468205
0.058250 259.319155
0.058375 263.632721
0.058500 267.511974
0.058625 270.928556
0.058750 273.694625
0.058875 275.611141
0.059000 276.660322
0.059125 276.617928
0.059250 275.466275
0.059375 273.246631
0.059500 270.078194
0.059625 266.201517
0.059750 261.662723
0.059875 256.880855
0.060000 251.976980
0.060125 247.136722
0.060250 241.987300
0.060375 235.781552
0.060500 227.935650
0.060625 217.319201
0.060750 203.639551
0.060875 186.659875
0.061000 167.703335
0.061125 148.873376
0.061250 133.308380
0.061375 123.935172
0.061500 121.854680
0.061625 127.031926
0.061750 138.957572
0.061875 155.846660
0.062000 174.196329
0.062125 191.236227
0.062250 205.533743
0.062375 217.138267
