0.000000 0.000000
0.000125 29.992538
0.000250 55.587886
0.000375 79.589872
0.000500 101.319933
0.000625 120.232204
0.000750 136.072867
0.000875 148.717251
0.001000 158.252538
0.001125 166.155875
0.001250 173.042362
0.001375 177.979166
0.001500 180.992409
0.001625 182.771951
0.001750 183.787440
0.001875 184.318278
0.002000 184.740273
0.002125 185.486627
0.002250 186.678869
0.002375 187.880008
0.002500 188.510968
0.002625 188.430168
0.002750 187.755502
0.002875 186.954627
0.003000 186.549957
0.003125 186.526767
0.003250 186.475199
0.003375 186.023786
0.003500 184.825517
0.003625 182.419820
0.003750 178.152916
0.003875 171.995279
0.004000 164.618621
0.004125 155.669192
0.004250 143.881073
0.004375 128.938495
0.004500 111.043938
0.004625 90.438346
0.004750 67.920667
0.004875 44.922825
0.005000 28.165993
0.005125 39.464568
0.005250 62.957411
0.005375 86.410044
0.005500 108.047971
0.005625 127.064426
0.005750 143.068326
0.005875 155.974833
0.006000 165.796259
0.006125 173.574407
0.006250 180.430909
0.006375 185.489072
0.006500 188.504585
0.006625 190.190836
0.006750 191.026086
0.006875 191.342676
0.007000 191.556650
0.007125 192.090583
0.007250 193.030445
0.007375 194.082824
0.007500 194.601124
0.007625 194.409484
0.007750 193.605559
0.007875 192.595005
0.008000 191.855796
0.008125 191.514410
0.008250 191.254838
0.008375 190.666386
0.008500 189.405471
0.008625 186.960137
0.008750 182.717493
0.008875 176.643234
0.009000 169.166181
0.009125 160.133332
0.009250 148.588056
0.009375 134.027817
0.009500 116.708305
0.009625 96.736741
0.009750 74.814204
0.009875 52.646918
0.010000 36.689017
0.010125 41.003828
0.010250 61.646239
0.010375 84.421279
0.010500 105.817572
0.010625 124.876731
0.010750 141.076839
0.010875 154.210188
0.011000 164.322001
0.011125 172.150901
0.011250 178.833434
0.011375 183.924308
0.011500 186.977321
0.011625 188.600040
0.011750 189.310935
0.011875 189.455721
0.012000 189.412128
0.012125 189.614905
0.012250 190.239580
0.012375 190.944634
0.012500 191.294480
0.012625 190.992653
0.012750 190.080709
0.012875 188.884569
0.013000 187.858420
0.013125 187.178540
0.013250 186.607787
0.013375 185.687452
0.013500 184.116248
0.013625 181.464909
0.013750 177.245203
0.013875 171.259410
0.014000 163.806997
0.014125 154.825685
0.014250 143.654920
0.014375 129.649690
0.014500 112.736168
0.014625 92.970182
0.014750 71.035739
0.014875 48.984935
0.015000 31.980022
0.015125 31.252566
0.015250 49.696475
0.015375 72.723285
0.015500 94.558169
0.015625 113.936872
0.015750 130.503492
0.015875 143.988965
0.016000 154.568731
0.016125 162.722302
0.016250 169.468461
0.016375 174.899010
0.016500 178.409173
0.016625 180.434700
0.016750 181.626946
0.016875 182.295384
0.017000 182.605133
0.017125 183.146817
0.017250 183.988156
0.017375 184.924169
0.017500 185.635192
0.017625 185.834378
0.017750 185.448890
0.017875 184.695607
0.018000 184.016411
0.018125 183.589794
0.018250 183.289300
0.018375 182.734074
0.018500 181.578200
0.018625 179.459455
0.018750 175.963672
0.018875 170.831634
0.019000 164.110748
0.019125 155.857358
0.019250 145.469309
0.019375 132.396031
0.019500 116.420761
0.019625 97.825563
0.019750 77.377969
0.019875 57.876729
0.020000 42.655692
0.020125 39.249211
0.020250 53.005393
0.020375 74.006603
0.020500 95.827650
0.020625 115.734335
0.020750 133.060827
0.020875 147.394449
0.021000 158.946343
0.021125 167.983637
0.021250 175.229146
0.021375 181.154797
0.021500 185.286081
0.021625 187.854847
0.021750 189.300310
0.021875 190.027135
0.022000 190.474599
0.022125 190.988423
0.022250 191.683449
0.022375 192.502624
0.022500 193.138218
0.022625 193.285156
0.022750 192.897172
0.022875 192.114757
0.023000 191.282566
0.023125 190.620449
0.023250 190.126984
0.023375 189.492825
0.023500 188.316426
0.023625 186.271893
0.023750 182.988310
0.023875 178.057277
0.024000 171.405660
0.024125 163.187362
0.024250 152.898122
0.024375 140.066145
0.024500 124.564963
0.024625 106.746458
0.024750 87.770516
0.024875 70.073511
0.025000 55.863898
0.025125 50.365382
0.025250 59.147782
0.025375 76.410790
0.025500 96.587129
0.025625 116.098649
0.025750 133.422451
0.025875 147.975548
0.026000 159.847558
0.026125 169.118024
0.026250 176.449432
0.026375 182.312172
0.026500 186.476546
0.026625 189.087097
0.026750 190.475958
0.026875 191.142511
0.027000 191.413385
0.027125 191.701711
0.027250 192.121881
0.027375 192.601245
0.027500 192.990213
0.027625 193.013092
0.027750 192.529573
0.027875 191.592714
0.028000 190.532457
0.028125 189.578173
0.028250 188.752934
0.028375 187.780843
0.028500 186.333444
0.028625 184.060383
0.028750 180.616683
0.028875 175.641047
0.029000 168.930210
0.029125 160.579544
0.029250 150.310192
0.029375 137.602028
0.029500 122.399045
0.029625 105.070201
0.029750 86.957607
0.029875 69.809100
0.030000 55.181279
0.030125 47.260838
0.030250 52.737541
0.030375 67.891546
0.030500 86.799989
0.030625 106.205820
0.030750 123.776082
0.030875 138.754859
0.031000 151.066320
0.031125 160.710611
0.031250 168.250317
0.031375 174.260408
0.031500 178.684323
0.031625 181.526971
0.031750 183.204274
0.031875 184.107063
0.032000 184.504327
0.032125 184.748861
0.032250 185.011447
0.032375 185.322664
0.032500 185.538652
0.032625 185.524495
0.032750 185.092192
0.032875 184.258444
0.033000 183.253744
0.033125 182.340231
0.033250 181.473491
0.033375 180.538281
0.033500 179.286659
0.033625 177.246527
0.033750 174.184246
0.033875 169.700368
0.034000 163.459906
0.034125 155.636230
0.034250 146.006176
0.034375 134.085910
0.034500 119.929565
0.034625 103.813856
0.034750 87.556385
0.034875 71.802728
0.035000 57.926729
0.035125 49.222610
0.035250 52.196437
0.035375 65.434078
0.035500 82.945162
0.035625 102.051566
0.035750 120.117548
0.035875 135.952954
0.036000 149.190980
0.036125 159.773239
0.036250 168.150190
0.036375 174.928719
0.036500 180.089191
0.036625 183.713503
0.036750 186.087999
0.036875 187.576067
0.037000 188.507272
0.037125 189.132668
0.037250 189.725024
0.037375 190.336141
0.037500 190.868318
0.037625 191.210316
0.037750 191.208058
0.037875 190.778863
0.038000 190.133659
0.038125 189.430337
0.038250 188.729269
0.038375 187.926656
0.038500 186.680191
0.038625 184.796219
0.038750 181.904673
0.038875 177.577819
0.039000 171.560669
0.039125 163.838140
0.039250 154.419059
0.039375 142.969282
0.039500 129.456948
0.039625 114.724358
0.039750 99.819841
0.039875 85.183603
0.040000 72.235003
0.040125 63.497664
0.040250 63.751357
0.040375 73.629365
0.040500 88.644682
0.040625 105.740029
0.040750 123.082016
0.040875 138.860176
0.041000 152.274391
0.041125 163.175854
0.041250 171.839396
0.041375 178.752953
0.041500 184.056027
0.041625 187.753330
0.041750 190.173478
0.041875 191.635889
0.042000 192.450363
0.042125 192.889721
0.042250 193.187697
0.042375 193.521898
0.042500 193.854622
0.042625 194.021108
0.042750 193.805959
0.042875 193.242298
0.043000 192.383680
0.043125 191.421801
0.043250 190.410914
0.043375 189.231770
0.043500 187.688385
0.043625 185.573713
0.043750 182.455044
0.043875 178.032579
0.044000 171.968267
0.044125 164.243153
0.044250 154.878826
0.044375 143.710783
0.044500 130.656107
0.044625 116.850250
0.044750 102.635219
0.044875 88.429826
0.045000 75.432890
0.045125 65.719993
0.045250 63.625361
0.045375 71.012813
0.045500 84.161828
0.045625 99.776935
0.045750 116.293952
0.045875 131.943900
0.046000 145.555153
0.046125 156.729286
0.046250 165.631511
0.046375 172.686448
0.046500 178.139645
0.046625 182.036459
0.046750 184.626623
0.046875 186.257890
0.047000 187.124427
0.047125 187.526959
0.047250 187.726829
0.047375 187.884590
0.047500 188.030294
0.047625 188.051308
0.047750 187.753237
0.047875 187.105879
0.048000 186.161795
0.048125 185.065824
0.048250 183.848918
0.048375 182.476351
0.048500 180.773120
0.048625 178.437799
0.048750 175.215726
0.048875 170.728145
0.049000 164.692590
0.049125 157.074068
0.049250 147.899313
0.049375 137.005858
0.049500 124.683209
0.049625 111.951477
0.049750 98.587624
0.049875 85.063078
0.050000 72.306184
0.050125 62.090862
0.050250 58.230273
0.050375 64.277571
0.050500 76.343350
0.050625 91.431517
0.050750 107.459456
0.050875 123.457420
0.051000 137.735854
0.051125 149.743883
0.051250 159.470546
0.051375 167.332615
0.051500 173.609796
0.051625 178.287591
0.051750 181.657693
0.051875 183.989330
0.052000 185.500986
0.052125 186.407397
0.052250 187.057277
0.052375 187.603314
0.052500 188.138571
0.052625 188.569738
0.052750 188.699257
0.052875 188.486822
0.053000 187.973275
0.053125 187.284171
0.053250 186.450521
0.053375 185.387935
0.053500 184.014008
0.053625 182.066818
0.053750 179.288456
0.053875 175.318673
0.054000 169.789360
0.054125 162.743585
0.054250 154.272402
0.054375 144.330236
0.054500 133.476984
0.054625 122.066348
0.054750 109.879136
0.054875 97.507061
0.055000 85.784997
0.055125 76.068916
0.055250 71.593448
0.055375 75.188927
0.055500 85.033741
0.055625 98.411682
0.055750 113.086236
0.055875 128.012889
0.056000 142.061125
0.056125 154.248894
0.056250 164.291088
0.056375 172.445030
0.056500 178.992181
0.056625 183.947481
0.056750 187.499290
0.056875 189.895235
0.057000 191.399797
0.057125 192.300181
0.057250 192.846412
0.057375 193.287540
0.057500 193.686579
0.057625 193.974622
0.057750 193.979804
0.057875 193.660888
0.058000 193.017707
0.058125 192.109709
0.058250 191.060906
0.058375 189.771185
0.058500 188.147640
0.058625 185.992898
0.058750 182.995001
0.058875 178.878878
0.059000 173.322825
0.059125 166.311227
0.059250 157.928035
0.059375 148.355274
0.059500 138.347034
0.059625 127.511457
0.059750 115.816117
0.059875 103.826409
0.060000 92.266932
0.060125 82.245129
0.060250 76.523441
0.060375 77.925219
0.060500 85.850250
0.060625 97.629419
0.060750 111.086318
0.060875 124.943499
0.061000 138.511155
0.061125 150.662404
0.061250 160.869720
0.061375 169.191696
0.061500 175.880234
0.061625 180.987673
0.061750 184.669939
0.061875 187.134241
0.062000 188.612457
0.062125 189.472556
0.062250 189.950944
0.062375 190.218541
