0.000000 0.000000
0.000125 52.630535
0.000250 98.183774
0.000375 138.157073
0.000500 171.249043
0.000625 197.200048
0.000750 214.858789
0.000875 224.434648
0.001000 228.647045
0.001125 228.831726
0.001250 228.739744
0.001375 228.901077
0.001500 228.224344
0.001625 228.443226
0.001750 229.834541
0.001875 232.344941
0.002000 235.507105
0.002125 238.161317
0.002250 239.092232
0.002375 239.181938
0.002500 239.721106
0.002625 239.513736
0.002750 239.740411
0.002875 239.368883
0.003000 237.446144
0.003125 234.713331
0.003250 232.457802
0.003375 231.135239
0.003500 230.998788
0.003625 231.865945
0.003750 232.267596
0.003875 232.348457
0.004000 232.784776
0.004125 229.767418
0.004250 221.744131
0.004375 206.411001
0.004500 182.557960
0.004625 151.581754
0.004750 114.110666
0.004875 71.477213
0.005000 33.108399
0.005125 52.894585
0.005250 96.615881
0.005375 137.157079
0.005500 171.330635
0.005625 198.782638
0.005750 218.310651
0.005875 229.359616
0.006000 234.631826
0.006125 235.794502
0.006250 235.229182
0.006375 235.300792
0.006500 234.640258
0.006625 234.584315
0.006750 235.765213
0.006875 238.056025
0.007000 241.061633
0.007125 243.702589
0.007250 244.627958
0.007375 244.357913
0.007500 244.421053
0.007625 244.348922
0.007750 244.352956
0.007875 244.218053
0.008000 242.631785
0.008125 239.849926
0.008250 237.270056
0.008375 235.566368
0.008500 234.986748
0.008625 235.526310
0.008750 236.008012
0.008875 235.845013
0.009000 236.035754
0.009125 233.745344
0.009250 226.601343
0.009375 212.783515
0.009500 190.780261
0.009625 161.236615
0.009750 125.170757
0.009875 83.838943
0.010000 45.730447
0.010125 48.624242
0.010250 88.273182
0.010375 129.226985
0.010500 164.527672
0.010625 193.304090
0.010750 214.472218
0.010875 227.269009
0.011000 233.576569
0.011125 235.644692
0.011250 234.941615
0.011375 234.625850
0.011500 233.819356
0.011625 233.416782
0.011750 234.126812
0.011875 235.900485
0.012000 238.508829
0.012125 241.131695
0.012250 242.365561
0.012375 242.131528
0.012500 241.916705
0.012625 241.747660
0.012750 241.456389
0.012875 240.959476
0.013000 239.344176
0.013125 236.560745
0.013250 233.884945
0.013375 231.894261
0.013500 230.969030
0.013625 231.068986
0.013750 231.404278
0.013875 231.087043
0.014000 230.867438
0.014125 229.048335
0.014250 222.874629
0.014375 210.428859
0.014500 190.180868
0.014625 162.121001
0.014750 127.025926
0.014875 86.116237
0.015000 46.316179
0.015125 36.825572
0.015250 71.169922
0.015375 113.294780
0.015500 150.470786
0.015625 180.847238
0.015750 203.810724
0.015875 218.431855
0.016000 226.089612
0.016125 228.950325
0.016250 228.921919
0.016375 228.521640
0.016500 228.094824
0.016625 227.679656
0.016750 228.320633
0.016875 230.051568
0.017000 232.747707
0.017125 235.699623
0.017250 237.661621
0.017375 238.012232
0.017500 238.079290
0.017625 238.133122
0.017750 238.058321
0.017875 237.694508
0.018000 236.515042
0.018125 234.328605
0.018250 232.026267
0.018375 230.367533
0.018500 229.599553
0.018625 229.779002
0.018750 230.379423
0.018875 230.632847
0.019000 230.550079
0.019125 229.289895
0.019250 224.310945
0.019375 213.519178
0.019500 195.387911
0.019625 169.504100
0.019750 136.488707
0.019875 98.146496
0.020000 61.316995
0.020125 46.120769
0.020250 68.193504
0.020375 107.689255
0.020500 145.808506
0.020625 177.791338
0.020750 202.597400
0.020875 219.415607
0.021000 228.974545
0.021125 233.361111
0.021250 234.430001
0.021375 234.230891
0.021500 233.985307
0.021625 233.792039
0.021750 234.360564
0.021875 236.013348
0.022000 238.560111
0.022125 241.392147
0.022250 243.520045
0.022375 244.193445
0.022500 244.051900
0.022625 243.976578
0.022750 243.944993
0.022875 243.711761
0.023000 242.909172
0.023125 241.094738
0.023250 238.776089
0.023375 236.955799
0.023500 235.976705
0.023625 235.878832
0.023750 236.258125
0.023875 236.453233
0.024000 236.135528
0.024125 234.693851
0.024250 230.218999
0.024375 220.257090
0.024500 203.643324
0.024625 179.403435
0.024750 148.268442
0.024875 112.597220
0.025000 78.397186
0.025125 59.873740
0.025250 71.112125
0.025375 104.076684
0.025500 140.754696
0.025625 173.419425
0.025750 199.499207
0.025875 218.043504
0.026000 229.304598
0.026125 234.859079
0.026250 236.626838
0.026375 236.533711
0.026500 236.025002
0.026625 235.645994
0.026750 235.822592
0.026875 236.995156
0.027000 239.104382
0.027125 241.605666
0.027250 243.638548
0.027375 244.436715
0.027500 244.305221
0.027625 244.009429
0.027750 243.677124
0.027875 243.230848
0.028000 242.309875
0.028125 240.514232
0.028250 238.185972
0.028375 236.061449
0.028500 234.693357
0.028625 234.186832
0.028750 234.191399
0.028875 234.104655
0.029000 233.547841
0.029125 231.913900
0.029250 227.714397
0.029375 218.623788
0.029500 203.207181
0.029625 180.516191
0.029750 150.736128
0.029875 116.582265
0.030000 82.616597
0.030125 60.659081
0.030250 64.531463
0.030375 90.991197
0.030500 126.957070
0.030625 160.216090
0.030750 187.785231
0.030875 207.954045
0.031000 220.889220
0.031125 227.754065
0.031250 230.481337
0.031375 230.868516
0.031500 230.459769
0.031625 230.072050
0.031750 230.134580
0.031875 230.932948
0.032000 232.766638
0.032125 235.205166
0.032250 237.344872
0.032375 238.473146
0.032500 238.736046
0.032625 238.631600
0.032750 238.264575
0.032875 237.760036
0.033000 236.758856
0.033125 235.197156
0.033250 233.250353
0.033375 231.185203
0.033500 229.784889
0.033625 229.250565
0.033750 229.279954
0.033875 229.248358
0.034000 228.809470
0.034125 227.452171
0.034250 223.754932
0.034375 215.861161
0.034500 201.996106
0.034625 181.278409
0.034750 153.812251
0.034875 121.852491
0.035000 89.569993
0.035125 66.817047
0.035250 65.170840
0.035375 84.756429
0.035500 118.123464
0.035625 151.542860
0.035750 180.455997
0.035875 202.664505
0.036000 217.772916
0.036125 226.604243
0.036250 230.894188
0.036375 232.364267
0.036500 232.639141
0.036625 232.621899
0.036750 233.027483
0.036875 234.038190
0.037000 235.863861
0.037125 238.428055
0.037250 240.854824
0.037375 242.365528
0.037500 243.041590
0.037625 243.223905
0.037750 243.047859
0.037875 242.727310
0.038000 242.129437
0.038125 241.000522
0.038250 239.499293
0.038375 237.709612
0.038500 236.287325
0.038625 235.684589
0.038750 235.670824
0.038875 235.765379
0.039000 235.204759
0.039125 233.779802
0.039250 230.277327
0.039375 222.928441
0.039500 210.112446
0.039625 190.862231
0.039750 165.748057
0.039875 136.256978
0.040000 106.565329
0.040125 84.445371
0.040250 78.210443
0.040375 91.530941
0.040500 118.353751
0.040625 150.107613
0.040750 178.512532
0.040875 201.837137
0.041000 218.564273
0.041125 228.914503
0.041250 234.379821
0.041375 236.524805
0.041500 237.155433
0.041625 237.131871
0.041750 237.351976
0.041875 238.035523
0.042000 239.413173
0.042125 241.537114
0.042250 243.732787
0.042375 245.129035
0.042500 245.681021
0.042625 245.785484
0.042750 245.512514
0.042875 244.999760
0.043000 244.274589
0.043125 243.072957
0.043250 241.552360
0.043375 239.780925
0.043500 238.043637
0.043625 236.973987
0.043750 236.573041
0.043875 236.340516
0.044000 235.429854
0.044125 233.719692
0.044250 230.119447
0.044375 223.066392
0.044500 211.000283
0.044625 193.047154
0.044750 169.696455
0.044875 141.893724
0.045000 113.363965
0.045125 90.863864
0.045250 80.782139
0.045375 89.082443
0.045500 110.366111
0.045625 140.090249
0.045750 168.573284
0.045875 192.325465
0.046000 210.485016
0.046125 222.413775
0.046250 229.104667
0.046375 232.189699
0.046500 233.210040
0.046625 233.307198
0.046750 233.356033
0.046875 233.897284
0.047000 234.915157
0.047125 236.715317
0.047250 238.677247
0.047375 240.113669
0.047500 240.760056
0.047625 240.951404
0.047750 240.746048
0.047875 240.108621
0.048000 239.204666
0.048125 237.894928
0.048250 236.349127
0.048375 234.666325
0.048500 232.855302
0.048625 231.476712
0.048750 230.679605
0.048875 230.292446
0.049000 229.298275
0.049125 227.472283
0.049250 224.029462
0.049375 217.405068
0.049500 206.371143
0.049625 189.827772
0.049750 168.287606
0.049875 141.918473
0.050000 114.715632
0.050125 92.576775
0.050250 79.734247
0.050375 84.003315
0.050500 101.386563
0.050625 128.045589
0.050750 157.039504
0.050875 181.535688
0.051000 201.096529
0.051125 215.006545
0.051250 223.474509
0.051375 228.077621
0.051500 230.171106
0.051625 231.128502
0.051750 231.552809
0.051875 232.444408
0.052000 233.737198
0.052125 235.527906
0.052250 237.756519
0.052375 239.688785
0.052500 240.787340
0.052625 241.361046
0.052750 241.605778
0.052875 241.457862
0.053000 240.886132
0.053125 239.988761
0.053250 238.820309
0.053375 237.649011
0.053500 236.375788
0.053625 235.207158
0.053750 234.534844
0.053875 234.234122
0.054000 233.544798
0.054125 231.826829
0.054250 228.682047
0.054375 222.647924
0.054500 212.458778
0.054625 197.526565
0.054750 177.897863
0.054875 153.931565
0.055000 129.247244
0.055125 108.201755
0.055250 94.524527
0.055375 95.096974
0.055500 108.580941
0.055625 130.248013
0.055750 157.181145
0.055875 181.827235
0.056000 201.760551
0.056125 216.919978
0.056250 226.855455
0.056375 232.590550
0.056500 235.479726
0.056625 236.907852
0.056750 237.580980
0.056875 238.356662
0.057000 239.438560
0.057125 240.882206
0.057250 242.689415
0.057375 244.487552
0.057500 245.559370
0.057625 245.980366
0.057750 246.118178
0.057875 245.965404
0.058000 245.415049
0.058125 244.401887
0.058250 243.156172
0.058375 241.926368
0.058500 240.690876
0.058625 239.384993
0.058750 238.333843
0.058875 237.666674
0.059000 236.724163
0.059125 234.735997
0.059250 231.378372
0.059375 225.394591
0.059500 215.597951
0.059625 201.740518
0.059750 183.438618
0.059875 161.074219
0.060000 138.050449
0.060125 117.705056
0.060250 102.803876
0.060375 99.735852
0.060500 109.668742
0.060625 127.312232
0.060750 151.195485
0.060875 175.669376
0.061000 195.961190
0.061125 211.649148
0.061250 222.792238
0.061375 229.656410
0.061500 233.328758
0.061625 235.174622
0.061750 235.985619
0.061875 236.578070
0.062000 237.504120
0.062125 238.660190
0.062250 240.108019
0.062375 241.696962
