0.000000 0.000000
0.000125 40.248857
0.000250 73.430121
0.000375 104.538975
0.000500 132.289581
0.000625 156.394927
0.000750 176.450134
0.000875 192.541532
0.001000 204.932463
0.001125 213.904090
0.001250 221.452841
0.001375 229.247008
0.001500 237.824172
0.001625 246.052149
0.001750 253.583969
0.001875 260.354104
0.002000 266.277493
0.002125 271.350346
0.002250 275.312694
0.002375 278.052609
0.002500 279.357821
0.002625 279.168848
0.002750 277.576034
0.002875 274.764351
0.003000 270.794483
0.003125 265.757794
0.003250 260.011545
0.003375 253.526869
0.003500 246.378302
0.003625 238.817575
0.003750 231.927235
0.003875 225.105491
0.004000 217.306904
0.004125 207.185638
0.004250 193.693319
0.004375 176.555798
0.004500 155.940901
0.004625 132.311815
0.004750 106.359057
0.004875 79.797568
0.005000 59.012002
0.005125 73.308016
0.005250 101.101557
0.005375 129.212035
0.005500 155.119687
0.005625 178.048520
0.005750 197.323494
0.005875 213.053074
0.006000 225.312864
0.006125 234.620262
0.006250 242.551921
0.006375 250.259224
0.006500 258.256223
0.006625 266.001597
0.006750 273.132205
0.006875 279.476279
0.007000 284.942813
0.007125 289.506070
0.007250 293.104076
0.007375 295.556499
0.007500 296.782198
0.007625 296.692193
0.007750 295.387032
0.007875 292.925787
0.008000 289.559130
0.008125 285.442453
0.008250 280.601955
0.008375 275.032730
0.008500 268.741990
0.008625 262.034463
0.008750 255.538445
0.008875 249.084376
0.009000 241.602530
0.009125 231.941322
0.009250 219.354447
0.009375 203.502291
0.009500 184.616606
0.009625 163.091449
0.009750 139.657663
0.009875 116.204273
0.010000 99.654847
0.010125 105.390878
0.010250 127.331983
0.010375 152.065194
0.010500 176.162231
0.010625 198.051663
0.010750 216.814766
0.010875 232.445297
0.011000 244.850169
0.011125 254.543408
0.011250 262.692142
0.011375 270.270799
0.011500 277.770686
0.011625 284.941024
0.011750 291.478533
0.011875 297.209051
0.012000 302.073319
0.012125 306.034728
0.012250 309.120632
0.012375 311.224186
0.012500 312.275582
0.012625 312.234567
0.012750 311.182354
0.012875 309.327931
0.013000 306.644017
0.013125 303.257518
0.013250 299.310629
0.013375 294.569235
0.013500 289.082140
0.013625 282.899008
0.013750 276.551577
0.013875 270.094758
0.014000 262.591254
0.014125 253.162569
0.014250 241.390502
0.014375 226.631060
0.014500 209.156982
0.014625 189.563040
0.014750 168.367556
0.014875 147.565203
0.015000 134.145692
0.015125 135.968797
0.015250 151.661875
0.015375 172.839521
0.015500 194.626970
0.015625 215.266057
0.015750 233.357793
0.015875 248.648573
0.016000 261.115847
0.016125 271.165706
0.016250 279.766266
0.016375 287.672704
0.016500 295.094678
0.016625 302.112261
0.016750 308.418937
0.016875 313.897738
0.017000 318.552333
0.017125 322.263020
0.017250 325.166280
0.017375 327.266023
0.017500 328.446914
0.017625 328.699621
0.017750 328.257211
0.017875 327.044618
0.018000 325.191445
0.018125 322.675544
0.018250 319.471485
0.018375 315.545637
0.018500 310.731325
0.018625 305.120289
0.018750 299.055969
0.018875 292.515401
0.019000 284.985533
0.019125 275.736814
0.019250 264.452153
0.019375 250.689072
0.019500 234.702197
0.019625 216.875174
0.019750 198.038442
0.019875 180.743766
0.020000 170.313079
0.020125 169.936752
0.020250 179.272193
0.020375 195.869653
0.020500 214.417830
0.020625 232.872076
0.020750 249.709567
0.020875 264.337891
0.021000 276.473497
0.021125 286.574557
0.021250 295.236948
0.021375 302.992843
0.021500 310.097957
0.021625 316.524463
0.021750 322.288251
0.021875 327.247075
0.022000 331.376860
0.022125 334.597356
0.022250 337.023799
0.022375 338.686896
0.022500 339.460587
0.022625 339.446816
0.022750 338.740884
0.022875 337.388016
0.023000 335.484973
0.023125 333.047873
0.023250 329.980952
0.023375 326.196313
0.023500 321.561116
0.023625 316.053917
0.023750 309.984663
0.023875 303.406562
0.024000 295.701670
0.024125 286.029099
0.024250 274.409080
0.024375 260.577040
0.024500 244.620641
0.024625 226.844682
0.024750 208.149657
0.024875 191.657892
0.025000 180.990085
0.025125 179.439651
0.025250 185.971241
0.025375 199.582723
0.025500 216.680539
0.025625 234.374211
0.025750 250.884767
0.025875 265.703021
0.026000 278.284958
0.026125 288.855539
0.026250 298.015051
0.026375 305.964899
0.026500 313.128084
0.026625 319.569351
0.026750 325.224260
0.026875 330.134993
0.027000 334.247854
0.027125 337.489465
0.027250 339.934223
0.027375 341.507888
0.027500 342.310292
0.027625 342.309258
0.027750 341.596684
0.027875 340.219581
0.028000 338.179980
0.028125 335.464966
0.028250 332.063946
0.028375 327.901364
0.028500 322.981813
0.028625 317.233578
0.028750 310.834809
0.028875 303.736372
0.029000 295.556694
0.029125 285.799379
0.029250 274.264398
0.029375 260.605746
0.029500 244.928680
0.029625 227.497994
0.029750 209.301212
0.029875 193.659746
0.030000 183.115285
0.030125 180.715646
0.030250 185.451157
0.030375 196.481217
0.030500 212.409815
0.030625 229.533822
0.030750 246.102994
0.030875 261.214316
0.031000 274.222082
0.031125 285.296885
0.031250 294.876308
0.031375 303.155623
0.031500 310.380383
0.031625 316.886388
0.031750 322.612451
0.031875 327.596087
0.032000 331.704291
0.032125 335.059904
0.032250 337.563613
0.032375 339.289978
0.032500 340.153867
0.032625 340.265339
0.032750 339.581689
0.032875 338.236414
0.033000 336.212700
0.033125 333.546075
0.033250 330.201226
0.033375 326.115957
0.033500 321.161905
0.033625 315.477857
0.033750 309.121991
0.033875 302.032908
0.034000 293.937154
0.034125 284.276858
0.034250 272.962751
0.034375 259.644181
0.034500 244.454139
0.034625 227.613417
0.034750 210.233349
0.034875 195.299882
0.035000 184.955326
0.035125 181.942093
0.035250 185.365984
0.035375 194.368002
0.035500 208.610532
0.035625 225.104173
0.035750 241.575607
0.035875 257.098714
0.036000 270.584559
0.036125 282.090254
0.036250 291.963967
0.036375 300.443926
0.036500 307.760268
0.036625 314.168417
0.036750 319.840099
0.036875 324.745485
0.037000 328.950216
0.037125 332.446972
0.037250 335.218227
0.037375 337.142505
0.037500 338.142777
0.037625 338.325812
0.037750 337.687847
0.037875 336.264512
0.038000 334.233699
0.038125 331.413004
0.038250 327.916030
0.038375 323.723479
0.038500 318.724812
0.038625 313.077865
0.038750 306.738065
0.038875 299.542808
0.039000 291.400590
0.039125 281.758337
0.039250 270.539528
0.039375 257.222267
0.039500 242.045602
0.039625 225.272520
0.039750 208.431540
0.039875 193.816719
0.040000 183.108990
0.040125 178.788610
0.040250 180.938195
0.040375 188.030917
0.040500 199.952484
0.040625 215.267564
0.040750 231.274892
0.040875 246.748673
0.041000 260.544155
0.041125 272.447356
0.041250 282.625580
0.041375 291.418307
0.041500 298.792973
0.041625 305.127427
0.041750 310.766435
0.041875 315.641006
0.042000 319.818862
0.042125 323.351127
0.042250 326.076424
0.042375 327.951687
0.042500 328.945114
0.042625 329.121204
0.042750 328.373977
0.042875 326.696598
0.043000 324.290452
0.043125 321.128676
0.043250 317.264254
0.043375 312.631339
0.043500 307.287075
0.043625 301.314586
0.043750 294.650737
0.043875 287.211158
0.044000 278.802415
0.044125 268.945631
0.044250 257.419612
0.044375 243.828538
0.044500 228.278119
0.044625 211.292244
0.044750 194.279154
0.044875 179.235761
0.045000 167.468100
0.045125 161.494524
0.045250 162.477815
0.045375 168.146186
0.045500 178.605535
0.045625 192.848652
0.045750 208.919358
0.045875 224.499758
0.046000 238.909823
0.046125 251.397176
0.046250 262.051682
0.046375 271.203243
0.046500 278.916875
0.046625 285.509129
0.046750 291.326236
0.046875 296.507250
0.047000 300.978116
0.047125 304.829162
0.047250 307.903998
0.047375 310.194210
0.047500 311.554529
0.047625 311.955661
0.047750 311.395918
0.047875 309.825455
0.048000 307.397551
0.048125 304.072357
0.048250 299.975531
0.048375 295.081923
0.048500 289.550163
0.048625 283.359165
0.048750 276.519891
0.048875 268.821335
0.049000 260.174130
0.049125 250.218703
0.049250 238.563496
0.049375 224.854441
0.049500 209.051638
0.049625 191.947152
0.049750 174.935651
0.049875 159.881187
0.050000 147.635543
0.050125 140.492154
0.050250 140.581674
0.050375 145.186059
0.050500 154.649719
0.050625 167.731350
0.050750 183.710166
0.050875 199.955684
0.051000 214.731705
0.051125 228.155020
0.051250 239.645040
0.051375 249.471779
0.051500 257.916302
0.051625 265.039942
0.051750 271.346666
0.051875 277.029810
0.052000 282.020698
0.052125 286.426909
0.052250 290.060217
0.052375 292.838620
0.052500 294.706804
0.052625 295.572696
0.052750 295.398575
0.052875 294.119159
0.053000 291.819993
0.053125 288.626129
0.053250 284.552822
0.053375 279.712934
0.053500 274.365000
0.053625 268.265946
0.053750 261.530320
0.053875 253.874200
0.054000 245.248541
0.054125 235.267239
0.054250 223.574214
0.054375 209.896859
0.054500 194.029666
0.054625 177.194809
0.054750 160.662014
0.054875 146.250847
0.055000 134.298383
0.055125 126.838256
0.055250 126.062192
0.055375 129.961478
0.055500 138.454470
0.055625 150.407726
0.055750 165.247236
0.055875 181.465429
0.056000 196.656165
0.056125 210.580661
0.056250 223.154034
0.056375 234.003014
0.056500 243.241060
0.056625 251.183053
0.056750 258.062374
0.056875 264.388381
0.057000 269.893114
0.057125 274.597174
0.057250 278.550580
0.057375 281.663599
0.057500 283.941518
0.057625 285.169528
0.057750 285.311829
0.057875 284.324595
0.058000 282.337469
0.058125 279.332526
0.058250 275.422627
0.058375 270.732355
0.058500 265.430913
0.058625 259.401368
0.058750 252.769914
0.058875 245.282668
0.059000 236.727258
0.059125 226.807694
0.059250 215.203188
0.059375 201.671854
0.059500 186.391777
0.059625 170.217878
0.059750 154.614529
0.059875 141.303059
0.060000 130.228748
0.060125 123.230046
0.060250 122.270230
0.060375 125.782948
0.060500 133.480058
0.060625 144.843450
0.060750 158.573779
0.060875 174.006464
0.061000 189.460099
0.061125 203.619910
0.061250 216.528133
0.061375 228.159646
0.061500 238.267340
0.061625 247.002020
0.061750 254.569862
0.061875 261.250795
0.062000 267.213841
0.062125 272.351967
0.062250 276.707077
0.062375 280.160650
