0.000000 0.000000
0.000125 76.959663
0.000250 147.253192
0.000375 212.157557
0.000500 269.798886
0.000625 319.082155
0.000750 359.384179
0.000875 391.395138
0.001000 415.386288
0.001125 431.853100
0.001250 442.728147
0.001375 448.548380
0.001500 450.059386
0.001625 447.350621
0.001750 441.639489
0.001875 434.056874
0.002000 425.058883
0.002125 416.563464
0.002250 411.093270
0.002375 408.643458
0.002500 408.358185
0.002625 410.011918
0.002750 414.603605
0.002875 422.724249
0.003000 431.927257
0.003125 439.934755
0.003250 446.151841
0.003375 449.669336
0.003500 449.155492
0.003625 444.538198
0.003750 434.860947
0.003875 420.034289
0.004000 398.206381
0.004125 368.573296
0.004250 330.920433
0.004375 284.555216
0.004500 229.779906
0.004625 167.595729
0.004750 100.043619
0.004875 35.921521
0.005000 69.574020
0.005125 138.758655
0.005250 204.331868
0.005375 263.291923
0.005500 314.176434
0.005625 356.130078
0.005750 389.769396
0.005875 415.391408
0.006000 433.356980
0.006125 445.096403
0.006250 451.747394
0.006375 453.988180
0.006500 451.923102
0.006625 446.509971
0.006750 439.230949
0.006875 430.411113
0.007000 421.616003
0.007125 415.236195
0.007250 411.651047
0.007375 410.563509
0.007500 411.537868
0.007625 415.128123
0.007750 422.475348
0.007875 431.690654
0.008000 440.097568
0.008125 446.811079
0.008250 451.066577
0.008375 451.596074
0.008500 448.105569
0.008625 439.697576
0.008750 426.134268
0.008875 406.122660
0.009000 378.351927
0.009125 342.630551
0.009250 298.290101
0.009375 245.439441
0.009500 185.026794
0.009625 118.801067
0.009750 56.231124
0.009875 61.638807
0.010000 125.644967
0.010125 191.405982
0.010250 251.484321
0.010375 303.914051
0.010500 347.676074
0.010625 382.989859
0.010750 410.079410
0.010875 429.595267
0.011000 442.340890
0.011125 450.222741
0.011250 453.161305
0.011375 452.058251
0.011500 447.246478
0.011625 440.394843
0.011750 431.970778
0.011875 423.268422
0.012000 416.471542
0.012125 412.068565
0.012250 410.179642
0.012375 410.565053
0.012500 413.227476
0.012625 419.577322
0.012750 428.466679
0.012875 437.106286
0.013000 444.184234
0.013125 448.882569
0.013250 450.071480
0.013375 447.281473
0.013500 439.664403
0.013625 427.133308
0.013750 408.352098
0.013875 382.250309
0.014000 348.329566
0.014125 305.937178
0.014250 255.049427
0.014375 196.396955
0.014500 131.398926
0.014625 69.475754
0.014750 57.556078
0.014875 108.151657
0.015000 173.824602
0.015125 235.136493
0.015250 289.310723
0.015375 334.938020
0.015500 372.203910
0.015625 401.174616
0.015750 422.443131
0.015875 436.734893
0.016000 445.587060
0.016125 449.547862
0.016250 449.482904
0.016375 445.605103
0.016500 439.299149
0.016625 431.468303
0.016750 423.143041
0.016875 416.397330
0.017000 411.704527
0.017125 409.214942
0.017250 409.173173
0.017375 411.243190
0.017500 416.509497
0.017625 424.951505
0.017750 433.723367
0.017875 441.251518
0.018000 446.490502
0.018125 448.505885
0.018250 446.686094
0.018375 440.242946
0.018500 428.861581
0.018625 411.488041
0.018750 387.205181
0.018875 355.403951
0.019000 315.288102
0.019125 266.783595
0.019250 210.360900
0.019375 147.875128
0.019500 88.838328
0.019625 67.509246
0.019750 100.170846
0.019875 161.544971
0.020000 223.274993
0.020125 278.849220
0.020250 326.376327
0.020375 365.595005
0.020500 396.502325
0.020625 419.784627
0.020750 435.768033
0.020875 445.891649
0.021000 451.044471
0.021125 451.965530
0.021250 449.088919
0.021375 443.538559
0.021500 436.253032
0.021625 428.428714
0.021750 421.649555
0.021875 416.581079
0.022000 413.456555
0.022125 412.747176
0.022250 414.324422
0.022375 418.735329
0.022500 426.328824
0.022625 435.013179
0.022750 442.766427
0.022875 448.426381
0.023000 451.033946
0.023125 449.940392
0.023250 444.398628
0.023375 433.886749
0.023500 417.687999
0.023625 394.837781
0.023750 364.730785
0.023875 326.509631
0.024000 280.152735
0.024125 225.867305
0.024250 166.184734
0.024375 110.089490
0.024500 82.665815
0.024625 101.844527
0.024750 151.913301
0.024875 212.491362
0.025000 268.701515
0.025125 317.648547
0.025250 358.476493
0.025375 391.097233
0.025500 415.990096
0.025625 433.610749
0.025750 444.964365
0.025875 451.081391
0.026000 452.752456
0.026125 450.690245
0.026250 445.701273
0.026375 438.865464
0.026500 431.374788
0.026625 424.622214
0.026750 419.297090
0.026875 415.631939
0.027000 414.126908
0.027125 415.030288
0.027250 418.534798
0.027375 425.138307
0.027500 433.401605
0.027625 441.198842
0.027750 447.067692
0.027875 450.056169
0.028000 449.500364
0.028125 444.609705
0.028250 434.966043
0.028375 419.750148
0.028500 398.019767
0.028625 369.430383
0.028750 333.054833
0.028875 288.541961
0.029000 236.248458
0.029125 179.151611
0.029250 124.803701
0.029375 92.392016
0.029500 102.527057
0.029625 140.630509
0.029750 197.311182
0.029875 254.088088
0.030000 304.335201
0.030125 346.758836
0.030250 381.113419
0.030375 407.667008
0.030500 426.850257
0.030625 439.654192
0.030750 446.868894
0.030875 449.524573
0.031000 448.236036
0.031125 443.976665
0.031250 437.678532
0.031375 430.565158
0.031500 423.972998
0.031625 418.592352
0.031750 414.641469
0.031875 412.629170
0.032000 412.874114
0.032125 415.558376
0.032250 421.177964
0.032375 428.920436
0.032500 436.743780
0.032625 442.979730
0.032750 446.565487
0.032875 446.637447
0.033000 442.557673
0.033125 433.808928
0.033250 419.685915
0.033375 399.226452
0.033500 372.162430
0.033625 337.644748
0.033750 295.134561
0.033875 244.988703
0.034000 190.968778
0.034125 138.469208
0.034250 102.568959
0.034375 106.501240
0.034500 134.776244
0.034625 183.598722
0.034750 239.805571
0.034875 291.447009
0.035000 335.620749
0.035125 371.845604
0.035250 400.298147
0.035375 421.339905
0.035500 435.829841
0.035625 444.507903
0.035750 448.332030
0.035875 448.114042
0.036000 444.799342
0.036125 439.324612
0.036250 432.845863
0.036375 426.665606
0.036500 421.563139
0.036625 417.599493
0.036750 415.373594
0.036875 415.225220
0.037000 417.452826
0.037125 422.438566
0.037250 429.611176
0.037375 437.320625
0.037500 443.887294
0.037625 448.071587
0.037750 448.828544
0.037875 445.569863
0.038000 437.681437
0.038125 424.605516
0.038250 405.467980
0.038375 379.758865
0.038500 347.003104
0.038625 306.460002
0.038750 258.592454
0.038875 207.835466
0.039000 157.813652
0.039125 120.328547
0.039250 118.599968
0.039375 139.742833
0.039500 178.723336
0.039625 230.782016
0.039750 282.437816
0.039875 327.885805
0.040000 365.701439
0.040125 395.761312
0.040250 418.433084
0.040375 434.438172
0.040500 444.427950
0.040625 449.267361
0.040750 449.997381
0.040875 447.445888
0.041000 442.692761
0.041125 436.679277
0.041250 430.678054
0.041375 425.663624
0.041500 421.579222
0.041625 419.036972
0.041750 418.295271
0.041875 419.714849
0.042000 423.861472
0.042125 430.187905
0.042250 437.373335
0.042375 443.919642
0.042500 448.334378
0.042625 449.565208
0.042750 446.914665
0.042875 439.626695
0.043000 427.397925
0.043125 409.223390
0.043250 384.695151
0.043375 353.366942
0.043500 314.479534
0.043625 268.802686
0.043750 220.907001
0.043875 172.822129
0.044000 133.706477
0.044125 127.274265
0.044250 142.889994
0.044375 173.944009
0.044500 219.076341
0.044625 269.845152
0.044750 316.087047
0.044875 355.466056
0.045000 387.155104
0.045125 411.528486
0.045250 429.010081
0.045375 440.368344
0.045500 446.335514
0.045625 447.981106
0.045750 446.177808
0.045875 442.134806
0.046000 436.535696
0.046125 430.741755
0.046250 425.833446
0.046375 421.772803
0.046500 419.000973
0.046625 417.736050
0.046750 418.447860
0.046875 421.735251
0.047000 427.228390
0.047125 433.775146
0.047250 440.169510
0.047375 444.828430
0.047500 446.487115
0.047625 444.414170
0.047750 437.810839
0.047875 426.365461
0.048000 409.147686
0.048125 385.709379
0.048250 355.610439
0.048375 318.310515
0.048500 274.914370
0.048625 229.583496
0.048750 183.050229
0.048875 142.711388
0.049000 132.501853
0.049125 144.258277
0.049250 169.354668
0.049375 206.839041
0.049500 254.725335
0.049625 301.452224
0.049750 342.327652
0.049875 375.784563
0.050000 402.037959
0.050125 421.256845
0.050250 434.195703
0.050375 441.650333
0.050500 444.457045
0.050625 443.664899
0.050750 440.535110
0.050875 435.762272
0.051000 430.426948
0.051125 425.831998
0.051250 422.123542
0.051375 419.392693
0.051500 418.064521
0.051625 418.409738
0.051750 421.165345
0.051875 426.015184
0.052000 432.120666
0.052125 438.396627
0.052250 443.304902
0.052375 445.576525
0.052500 444.245716
0.052625 438.520899
0.052750 428.026043
0.052875 411.997563
0.053000 389.809893
0.053125 361.271686
0.053250 325.688913
0.053375 285.164970
0.053500 242.536377
0.053625 198.148624
0.053750 158.220546
0.053875 144.727241
0.054000 153.007257
0.054125 173.724518
0.054250 205.038346
0.054375 246.520094
0.054500 292.587705
0.054625 334.339752
0.054750 369.394984
0.054875 397.352635
0.055000 418.236938
0.055125 432.788380
0.055250 441.709526
0.055375 445.678883
0.055500 445.934502
0.055625 443.640237
0.055750 439.641880
0.055875 434.720485
0.056000 430.341370
0.056125 426.799550
0.056250 424.074124
0.056375 422.540585
0.056500 422.482999
0.056625 424.501653
0.056750 428.567562
0.056875 434.051753
0.057000 439.864598
0.057125 444.699680
0.057250 447.200011
0.057375 446.315403
0.057500 441.254031
0.057625 431.457344
0.057750 416.316540
0.057875 395.129438
0.058000 367.854731
0.058125 333.736882
0.058250 295.784957
0.058375 255.520979
0.058500 213.014285
0.058625 173.575111
0.058750 156.857147
0.058875 161.802548
0.059000 179.146277
0.059125 205.134217
0.059250 240.024968
0.059375 282.824540
0.059500 324.592002
0.059625 360.759272
0.059750 390.193775
0.059875 412.691313
0.060000 428.781080
0.060125 439.025000
0.060250 444.273164
0.060375 445.488692
0.060500 443.990048
0.060625 440.607278
0.060750 436.132502
0.060875 431.912242
0.061000 428.481518
0.061125 425.717482
0.061250 423.990128
0.061375 423.501329
0.061500 424.858391
0.061625 428.139498
0.061750 432.843410
0.061875 438.081240
0.062000 442.641747
0.062125 445.245877
0.062250 444.702900
0.062375 440.123216
