0.000000 0.000000
0.000125 63.927582
0.000250 120.245126
0.000375 172.828467
0.000500 219.604154
0.000625 259.923020
0.000750 293.171941
0.000875 319.605061
0.001000 339.331536
0.001125 352.768682
0.001250 360.882193
0.001375 364.193184
0.001500 363.403976
0.001625 358.500778
0.001750 350.237682
0.001875 339.557950
0.002000 327.624020
0.002125 315.868183
0.002250 306.122382
0.002375 300.212468
0.002500 298.758759
0.002625 301.546297
0.002750 308.805105
0.002875 320.098257
0.003000 333.537801
0.003125 347.165185
0.003250 359.617491
0.003375 369.606355
0.003500 376.279528
0.003625 379.033598
0.003750 377.691839
0.003875 371.601690
0.004000 360.417501
0.004125 343.043838
0.004250 319.100082
0.004375 288.434791
0.004500 250.785260
0.004625 207.117297
0.004750 158.695116
0.004875 109.837088
0.005000 76.687582
0.005125 102.612101
0.005250 153.231957
0.005375 203.823455
0.005500 250.028440
0.005625 289.919238
0.005750 322.997435
0.005875 349.030228
0.006000 368.250546
0.006125 381.011495
0.006250 388.403564
0.006375 391.128368
0.006500 389.813050
0.006625 384.356179
0.006750 375.669694
0.006875 364.569015
0.007000 352.238309
0.007125 340.166255
0.007250 329.978584
0.007375 323.093915
0.007500 320.248931
0.007625 321.886032
0.007750 327.868299
0.007875 337.600422
0.008000 349.737841
0.008125 362.457712
0.008250 374.101796
0.008375 383.427814
0.008500 389.553399
0.008625 391.967650
0.008750 390.278972
0.008875 383.969036
0.009000 372.704993
0.009125 355.454627
0.009250 331.700990
0.009375 301.251910
0.009500 264.117764
0.009625 221.326553
0.009750 174.767181
0.009875 127.753545
0.010000 94.713903
0.010125 109.030057
0.010250 154.629727
0.010375 203.631013
0.010500 248.918075
0.010625 288.266294
0.010750 320.856945
0.010875 346.561167
0.011000 365.381534
0.011125 377.924989
0.011250 384.806069
0.011375 387.111504
0.011500 385.324783
0.011625 379.543546
0.011750 370.450073
0.011875 358.985148
0.012000 346.258705
0.012125 333.680892
0.012250 322.824126
0.012375 314.895820
0.012500 310.729123
0.012625 310.854013
0.012750 315.275718
0.012875 323.733957
0.013000 334.895525
0.013125 346.677990
0.013250 357.433191
0.013375 365.978754
0.013500 371.351359
0.013625 373.065795
0.013750 370.578323
0.013875 363.517976
0.014000 351.511176
0.014125 333.633085
0.014250 309.447600
0.014375 278.873702
0.014500 242.216418
0.014625 199.964748
0.014750 152.530544
0.014875 102.280640
0.015000 62.144156
0.015125 69.585464
0.015250 116.270458
0.015375 167.099167
0.015500 213.365451
0.015625 253.379785
0.015750 286.578917
0.015875 312.856091
0.016000 332.403631
0.016125 345.809845
0.016250 353.515290
0.016375 356.537602
0.016500 355.443890
0.016625 350.623202
0.016750 342.733172
0.016875 332.694839
0.017000 321.364297
0.017125 310.160323
0.017250 300.369945
0.017375 293.498915
0.017500 290.131497
0.017625 290.786429
0.017750 295.898723
0.017875 305.210191
0.018000 317.443135
0.018125 330.532968
0.018250 342.749196
0.018375 352.899360
0.018500 360.077113
0.018625 363.651013
0.018750 363.286003
0.018875 358.409404
0.019000 348.572693
0.019125 333.285276
0.019250 312.362423
0.019375 285.624453
0.019500 252.741742
0.019625 213.904329
0.019750 170.106982
0.019875 124.562203
0.020000 91.295006
0.020125 94.164909
0.020250 131.466764
0.020375 180.588160
0.020500 227.796123
0.020625 269.477112
0.020750 304.484395
0.020875 332.607762
0.021000 353.976958
0.021125 368.899794
0.021250 378.086363
0.021375 382.519425
0.021500 382.886648
0.021625 379.440371
0.021750 372.570705
0.021875 363.349408
0.022000 352.642110
0.022125 341.743772
0.022250 332.146601
0.022375 324.882881
0.022500 320.758005
0.022625 320.382095
0.022750 324.309511
0.022875 332.128995
0.023000 342.752633
0.023125 354.628276
0.023250 366.059453
0.023375 375.592773
0.023500 382.348656
0.023625 385.632001
0.023750 385.054257
0.023875 380.292456
0.024000 371.062527
0.024125 356.865722
0.024250 337.264599
0.024375 311.490874
0.024500 279.411756
0.024625 241.492855
0.024750 199.202866
0.024875 156.577855
0.025000 126.288790
0.025125 123.712271
0.025250 149.889194
0.025375 192.253935
0.025500 236.834670
0.025625 277.382461
0.025750 311.737170
0.025875 339.429965
0.026000 360.531359
0.026125 375.403663
0.026250 384.503402
0.026375 388.722413
0.026500 388.984105
0.026625 385.302318
0.026750 378.304935
0.026875 368.841974
0.027000 357.809816
0.027125 346.430505
0.027250 336.143015
0.027375 327.933152
0.027500 322.462591
0.027625 320.534197
0.027750 322.693399
0.027875 328.862404
0.028000 337.936462
0.028125 348.519655
0.028250 358.846974
0.028375 367.536318
0.028500 373.579052
0.028625 376.361226
0.028750 375.510953
0.028875 370.694433
0.029000 361.559000
0.029125 347.391836
0.029250 327.610102
0.029375 301.681558
0.029500 269.417085
0.029625 231.079456
0.029750 187.946208
0.029875 143.774818
0.030000 111.471806
0.030125 104.874752
0.030250 124.777494
0.030375 164.505111
0.030500 208.436772
0.030625 249.203067
0.030750 283.964032
0.030875 312.117901
0.031000 333.709191
0.031125 349.016631
0.031250 358.750815
0.031375 363.508697
0.031500 364.032673
0.031625 360.555219
0.031750 353.723959
0.031875 344.211117
0.032000 333.023634
0.032125 321.358939
0.032250 310.481792
0.032375 301.654973
0.032500 295.448027
0.032625 292.369191
0.032750 293.276026
0.032875 298.564234
0.033000 307.111796
0.033125 317.270891
0.033250 327.574416
0.033375 336.599515
0.033500 343.639574
0.033625 347.722106
0.033750 348.611780
0.033875 345.647491
0.034000 338.260127
0.034125 325.793314
0.034250 307.831893
0.034375 284.006717
0.034500 253.930999
0.034625 217.826311
0.034750 176.724252
0.034875 134.719343
0.035000 104.818763
0.035125 98.677366
0.035250 115.359377
0.035375 152.553991
0.035500 196.856690
0.035625 239.564509
0.035750 276.918943
0.035875 307.746612
0.036000 332.065581
0.036125 350.176840
0.036250 362.531198
0.036375 369.829376
0.036500 372.729256
0.036625 371.632282
0.036750 367.058679
0.036875 359.691578
0.037000 350.588890
0.037125 340.894586
0.037250 331.775958
0.037375 324.317743
0.037500 319.241003
0.037625 317.143834
0.037750 318.719850
0.037875 324.141032
0.038000 332.716593
0.038125 343.057259
0.038250 353.719465
0.038375 363.404514
0.038500 371.143280
0.038625 376.208718
0.038750 377.845277
0.038875 375.564770
0.039000 368.865856
0.039125 357.203273
0.039250 340.111272
0.039375 317.162357
0.039500 288.117025
0.039625 253.339317
0.039750 214.749690
0.039875 176.714602
0.040000 149.752870
0.040125 141.451948
0.040250 152.157910
0.040375 180.269682
0.040500 218.513551
0.040625 258.008996
0.040750 294.171311
0.040875 324.513351
0.041000 348.761676
0.041125 366.740946
0.041250 378.990411
0.041375 386.037956
0.041500 388.653671
0.041625 387.287843
0.041750 382.471546
0.041875 374.899687
0.042000 365.644837
0.042125 355.553359
0.042250 345.937298
0.042375 337.712411
0.042500 331.666170
0.042625 328.459400
0.042750 328.695275
0.042875 332.599450
0.043000 339.496704
0.043125 348.402343
0.043250 357.915945
0.043375 366.887970
0.043500 374.147765
0.043625 378.842620
0.043750 380.087138
0.043875 377.407911
0.044000 370.302280
0.044125 358.257797
0.044250 340.818583
0.044375 317.629687
0.044500 288.445332
0.044625 253.635712
0.044750 214.969669
0.044875 177.203050
0.045000 149.909998
0.045125 139.525841
0.045250 145.981211
0.045375 168.443996
0.045500 203.243764
0.045625 240.956285
0.045750 276.739272
0.045875 307.272795
0.046000 331.817292
0.046125 350.190587
0.046250 362.786756
0.046375 370.296024
0.046500 373.050431
0.046625 371.720960
0.046750 366.866251
0.046875 359.199805
0.047000 349.664755
0.047125 339.209257
0.047250 329.036136
0.047375 320.078257
0.047500 313.015143
0.047625 308.500975
0.047750 307.386069
0.047875 309.688382
0.048000 315.241371
0.048125 323.223382
0.048250 332.018778
0.048375 340.360519
0.048500 347.045589
0.048625 351.261398
0.048750 352.077815
0.048875 349.001759
0.049000 341.370250
0.049125 329.033009
0.049250 311.380993
0.049375 287.940424
0.049500 258.736119
0.049625 224.133406
0.049750 185.498173
0.049875 147.264278
0.050000 120.332339
0.050125 110.402544
0.050250 115.859121
0.050375 135.767034
0.050500 169.943168
0.050625 208.850486
0.050750 246.284515
0.050875 279.393389
0.051000 306.564823
0.051125 327.630204
0.051250 342.890035
0.051375 352.959460
0.051500 358.193652
0.051625 359.213878
0.051750 356.723975
0.051875 351.387307
0.052000 344.043031
0.052125 335.796705
0.052250 327.510725
0.052375 320.379741
0.052500 314.845985
0.052625 311.836471
0.052750 312.139383
0.052875 315.699472
0.053000 322.340777
0.053125 331.414651
0.053250 341.510784
0.053375 351.127646
0.053500 359.350659
0.053625 365.271645
0.053750 367.927312
0.053875 366.797397
0.054000 361.135696
0.054125 351.047562
0.054250 335.636037
0.054375 314.649657
0.054500 288.218222
0.054625 256.858912
0.054750 222.106005
0.054875 189.027181
0.055000 165.569572
0.055125 155.903005
0.055250 159.330960
0.055375 175.332517
0.055500 203.120642
0.055625 237.716632
0.055750 272.517967
0.055875 304.654210
0.056000 331.588057
0.056125 352.607003
0.056250 367.836859
0.056375 377.839249
0.056500 382.877922
0.056625 383.629471
0.056750 381.007084
0.056875 375.508865
0.057000 368.067496
0.057125 359.529680
0.057250 350.869789
0.057375 343.088775
0.057500 336.933341
0.057625 333.261815
0.057750 332.653076
0.057875 335.097208
0.058000 340.432388
0.058125 347.947985
0.058250 356.579872
0.058375 365.065634
0.058500 372.338709
0.058625 377.594997
0.058750 379.742372
0.058875 378.286248
0.059000 372.543738
0.059125 362.233585
0.059250 346.874902
0.059375 326.160116
0.059500 300.103994
0.059625 269.314152
0.059750 235.603701
0.059875 203.730221
0.060000 180.785770
0.060125 169.804751
0.060250 170.576524
0.060375 182.477547
0.060500 205.113742
0.060625 235.795348
0.060750 268.303382
0.060875 298.775511
0.061000 325.446573
0.061125 346.384273
0.061250 361.669579
0.061375 371.629278
0.061500 376.661404
0.061625 377.430214
0.061750 374.627992
0.061875 368.966849
0.062000 361.324499
0.062125 352.509773
0.062250 343.504149
0.062375 335.207734
