0.000000 0.000000
0.000125 105.863631
0.000250 205.115203
0.000375 296.911131
0.000500 377.389771
0.000625 444.581657
0.000750 499.216948
0.000875 542.441061
0.001000 575.231846
0.001125 598.735389
0.001250 612.743773
0.001375 620.677230
0.001500 622.739250
0.001625 619.370974
0.001750 610.303744
0.001875 596.716132
0.002000 579.740899
0.002125 562.002684
0.002250 547.292176
0.002375 541.395137
0.002500 545.622671
0.002625 559.488547
0.002750 577.272096
0.002875 594.626327
0.003000 608.908051
0.003125 618.691517
0.003250 622.794022
0.003375 621.270533
0.003500 614.126340
0.003625 600.934532
0.003750 578.558061
0.003875 547.219422
0.004000 505.812911
0.004125 453.302287
0.004250 388.621731
0.004375 311.122976
0.004500 223.265648
0.004625 129.737489
0.004750 53.418757
0.004875 112.966245
0.005000 209.624948
0.005125 301.252646
0.005250 382.126534
0.005375 450.018301
0.005500 505.464024
0.005625 549.415135
0.005750 582.790141
0.005875 606.626865
0.006000 620.851984
0.006125 628.773357
0.006250 630.803593
0.006375 627.636067
0.006500 618.659259
0.006625 605.170195
0.006750 588.343759
0.006875 570.574376
0.007000 555.417096
0.007125 547.762118
0.007250 550.072212
0.007375 561.867035
0.007500 578.830955
0.007625 596.138781
0.007750 610.589302
0.007875 620.701751
0.008000 625.313658
0.008125 624.343715
0.008250 617.875933
0.008375 605.166680
0.008500 583.831705
0.008625 553.572327
0.008750 513.519873
0.008875 462.661936
0.009000 399.988336
0.009125 324.869606
0.009250 239.722327
0.009375 148.999821
0.009500 80.223361
0.009625 115.961800
0.009750 205.444789
0.009875 296.568280
0.010000 377.709016
0.010125 446.039437
0.010250 502.176445
0.010375 546.730261
0.010500 580.612375
0.010625 604.804910
0.010750 619.557808
0.010875 627.490742
0.011000 629.619652
0.011125 626.365781
0.011250 617.505764
0.011375 604.095556
0.011500 587.460305
0.011625 569.758761
0.011750 554.498377
0.011875 546.080927
0.012000 546.891491
0.012125 556.809503
0.012250 572.851001
0.012375 590.222747
0.012500 605.033159
0.012625 615.592647
0.012750 620.756249
0.012875 620.441725
0.013000 614.379952
0.013125 601.985421
0.013250 581.415062
0.013375 552.103434
0.013500 513.116124
0.013625 463.640666
0.013750 402.522359
0.013875 328.945142
0.014000 245.112309
0.014125 154.684004
0.014250 90.098229
0.014375 112.025579
0.014500 190.875849
0.014625 280.249900
0.014750 362.052575
0.014875 431.216121
0.015000 488.327237
0.015125 533.903809
0.015250 568.730828
0.015375 593.806117
0.015500 609.519237
0.015625 618.230872
0.015750 621.079104
0.015875 618.475531
0.016000 610.511149
0.016125 597.996094
0.016250 582.234482
0.016375 565.287733
0.016500 550.559056
0.016625 542.001375
0.016750 541.999661
0.016875 550.455877
0.017000 565.375172
0.017125 582.436743
0.017250 597.706428
0.017375 608.886754
0.017500 614.879238
0.017625 615.475923
0.017750 610.315860
0.017875 598.788559
0.018000 579.408081
0.018125 551.637438
0.018250 514.303506
0.018375 466.590519
0.018500 407.329253
0.018625 335.942449
0.018750 254.201005
0.018875 167.425442
0.019000 110.440880
0.019125 123.696192
0.019250 188.052832
0.019375 272.156067
0.019500 353.447435
0.019625 423.975875
0.019750 482.684358
0.019875 529.990629
0.020000 566.703627
0.020125 593.507039
0.020250 610.911707
0.020375 621.072283
0.020500 625.017328
0.020625 623.235284
0.020750 616.219973
0.020875 604.631017
0.021000 589.884535
0.021125 574.115527
0.021250 560.380312
0.021375 552.194926
0.021500 551.372310
0.021625 558.424511
0.021750 571.446459
0.021875 587.272388
0.022000 602.183158
0.022125 613.493418
0.022250 619.980154
0.022375 621.177604
0.022500 616.700197
0.022625 605.678768
0.022750 587.117273
0.022875 560.240016
0.023000 523.877456
0.023125 477.248624
0.023250 419.286592
0.023375 349.766468
0.023500 270.504100
0.023625 189.734020
0.023750 140.501387
0.023875 147.191253
0.024000 197.912671
0.024125 272.810036
0.024250 350.391349
0.024375 420.597031
0.024500 480.063571
0.024625 528.405878
0.024750 566.181024
0.024875 593.902502
0.025000 612.417037
0.025125 623.387991
0.025250 627.863703
0.025375 626.430712
0.025500 619.671177
0.025625 608.515028
0.025750 594.357375
0.025875 579.079272
0.026000 565.746413
0.026125 557.361249
0.026250 555.690158
0.026375 561.056984
0.026500 572.073871
0.026625 586.250559
0.026750 600.204555
0.026875 611.364326
0.027000 618.208595
0.027125 619.893524
0.027250 616.014073
0.027375 605.594922
0.027500 587.714970
0.027625 561.607083
0.027750 526.102713
0.027875 480.384608
0.028000 423.316776
0.028125 355.050631
0.028250 277.482041
0.028375 200.850198
0.028500 155.940541
0.028625 158.673469
0.028750 200.195935
0.028875 266.002895
0.029000 339.292207
0.029125 408.034345
0.029250 467.978554
0.029375 517.286174
0.029500 556.142161
0.029625 585.016715
0.029750 604.662586
0.029875 616.567161
0.030000 621.649512
0.030125 620.747444
0.030250 614.416788
0.030375 603.787138
0.030500 589.986579
0.030625 575.208337
0.030750 562.335790
0.030875 553.998742
0.031000 551.846120
0.031125 556.017238
0.031250 565.523680
0.031375 578.306041
0.031500 591.436348
0.031625 602.531123
0.031750 609.790367
0.031875 612.204343
0.032000 609.027968
0.032125 599.341518
0.032250 582.145080
0.032375 556.743038
0.032500 522.117276
0.032625 477.263945
0.032750 421.217978
0.032875 354.189371
0.033000 278.811705
0.033125 206.163783
0.033250 165.522249
0.033375 165.922092
0.033500 201.005615
0.033625 258.261989
0.033750 327.035709
0.033875 394.114844
0.034000 454.036630
0.034125 504.566327
0.034250 544.914207
0.034375 575.198329
0.034500 596.485121
0.034625 609.867316
0.034750 616.246687
0.034875 616.430088
0.035000 611.235704
0.035125 601.660657
0.035250 589.044253
0.035375 575.632660
0.035500 564.042016
0.035625 556.669065
0.035750 554.868511
0.035875 558.791608
0.036000 567.497431
0.036125 579.239045
0.036250 591.831018
0.036375 602.903422
0.036500 610.685172
0.036625 613.956897
0.036750 611.731822
0.036875 602.974089
0.037000 586.708379
0.037125 562.285169
0.037250 528.656643
0.037375 484.834566
0.037500 430.086398
0.037625 364.784152
0.037750 293.145208
0.037875 227.354749
0.038000 191.352936
0.038125 190.030975
0.038250 218.678525
0.038375 267.782526
0.038500 329.544826
0.038625 393.051456
0.038750 451.677459
0.038875 502.441042
0.039000 543.643347
0.039125 575.202620
0.039250 597.845537
0.039375 612.596264
0.039500 620.100006
0.039625 621.233139
0.039750 616.864606
0.039875 607.927291
0.040000 596.192867
0.040125 583.683489
0.040250 572.874097
0.040375 565.823345
0.040500 563.781972
0.040625 566.929083
0.040750 574.384200
0.040875 584.652203
0.041000 595.924897
0.041125 606.173756
0.041250 613.623892
0.041375 616.987696
0.041500 615.003801
0.041625 606.535714
0.041750 590.652434
0.041875 566.685061
0.042000 533.439042
0.042125 490.149412
0.042250 436.262651
0.042375 372.529355
0.042500 303.899726
0.042625 243.694089
0.042750 210.949751
0.042875 208.210766
0.043000 231.805980
0.043125 274.367635
0.043250 328.906598
0.043375 388.085098
0.043500 444.824177
0.043625 495.027160
0.043750 536.494686
0.043875 569.076918
0.044000 592.825464
0.044125 608.609588
0.044250 616.989631
0.044375 618.877877
0.044500 615.054447
0.044625 606.676195
0.044750 595.574397
0.044875 583.696120
0.045000 573.437151
0.045125 566.707499
0.045250 564.453885
0.045375 566.960881
0.045500 573.410679
0.045625 582.332286
0.045750 592.250746
0.045875 601.593821
0.046000 608.568706
0.046125 611.655835
0.046250 609.719320
0.046375 601.467903
0.046500 585.938848
0.046625 562.251422
0.046750 529.371273
0.046875 486.521947
0.047000 433.346557
0.047125 370.981737
0.047250 304.750095
0.047375 248.591721
0.047500 218.571185
0.047625 214.804514
0.047750 235.184054
0.047875 273.076788
0.048000 321.654970
0.048125 377.104711
0.048250 431.296713
0.048375 480.862036
0.048500 522.818107
0.048625 556.088454
0.048750 581.022815
0.048875 598.002063
0.049000 607.520242
0.049125 610.345032
0.049250 607.465995
0.049375 600.139529
0.049500 589.872108
0.049625 578.957989
0.049750 569.676971
0.049875 563.621048
0.050000 561.675836
0.050125 564.126863
0.050250 570.025806
0.050375 578.238169
0.050500 587.217376
0.050625 595.983690
0.050750 602.703609
0.050875 606.053841
0.051000 604.551989
0.051125 596.865341
0.051250 582.171974
0.051375 559.357220
0.051500 527.413419
0.051625 485.593928
0.051750 433.704944
0.051875 373.718285
0.052000 311.119446
0.052125 260.246413
0.052250 233.264936
0.052375 229.718924
0.052500 247.215381
0.052625 281.214784
0.052750 324.699284
0.052875 375.708599
0.053000 426.933011
0.053125 475.332064
0.053250 517.551005
0.053375 551.699455
0.053500 577.851037
0.053625 596.230194
0.053750 607.133793
0.053875 611.330881
0.054000 609.640665
0.054125 603.543484
0.054250 594.547746
0.054375 584.990537
0.054500 576.828438
0.054625 571.591447
0.054750 570.058586
0.054875 572.355436
0.055000 577.745895
0.055125 585.160451
0.055250 593.364480
0.055375 601.227371
0.055500 607.398564
0.055625 610.639729
0.055750 609.116390
0.055875 601.703024
0.056000 587.408423
0.056125 565.039788
0.056250 533.703387
0.056375 492.590670
0.056500 441.992599
0.056625 384.524549
0.056750 325.934756
0.056875 279.959525
0.057000 255.103275
0.057125 251.372754
0.057250 265.725043
0.057375 295.758013
0.057500 334.238842
0.057625 379.829495
0.057750 427.605023
0.057875 473.286479
0.058000 514.363277
0.058125 548.714853
0.058250 575.307040
0.058375 594.495707
0.058500 606.324145
0.058625 611.400329
0.058750 610.652609
0.058875 605.393423
0.059000 597.341165
0.059125 588.803973
0.059250 581.294047
0.059375 576.511557
0.059500 575.107671
0.059625 576.940926
0.059750 581.656707
0.059875 588.150540
0.060000 595.261734
0.060125 601.958280
0.060250 607.222793
0.060375 609.827172
0.060500 608.061852
0.060625 600.525267
0.060750 586.236418
0.060875 564.024144
0.061000 533.005278
0.061125 492.113520
0.061250 442.491560
0.061375 386.878186
0.061500 331.205937
0.061625 288.835066
0.061750 265.489111
0.061875 261.487675
0.062000 273.554188
0.062125 300.365304
0.062250 335.073070
0.062375 375.817341
