0.000000 0.000000
0.000125 71.530550
0.000250 135.674437
0.000375 196.577563
0.000500 252.514754
0.000625 302.073456
0.000750 344.513753
0.000875 379.099984
0.001000 405.981164
0.001125 424.945374
0.001250 435.428224
0.001375 438.952080
0.001500 437.171988
0.001625 432.945308
0.001750 429.999161
0.001875 428.139620
0.002000 426.901368
0.002125 427.050626
0.002250 427.867449
0.002375 427.777032
0.002500 426.976537
0.002625 427.024364
0.002750 427.973508
0.002875 429.781371
0.003000 433.781612
0.003125 438.404542
0.003250 439.127110
0.003375 434.526679
0.003500 422.343925
0.003625 401.923132
0.003750 373.534384
0.003875 337.494557
0.004000 293.795940
0.004125 243.202304
0.004250 186.590944
0.004375 125.809883
0.004500 63.635679
0.004625 38.992592
0.004750 94.580392
0.004875 157.284942
0.005000 216.715870
0.005125 270.958886
0.005250 318.642470
0.005375 359.009783
0.005500 391.660527
0.005625 416.591281
0.005750 433.543339
0.005875 442.211900
0.006000 444.758090
0.006125 442.047098
0.006250 438.577607
0.006375 436.007860
0.006500 433.928275
0.006625 432.453144
0.006750 432.333279
0.006875 432.573245
0.007000 432.055047
0.007125 431.223100
0.007250 431.155547
0.007375 431.626418
0.007500 433.376661
0.007625 437.656621
0.007750 441.442151
0.007875 440.814463
0.008000 434.310948
0.008125 420.011507
0.008250 397.744528
0.008375 367.499713
0.008500 329.588550
0.008625 284.197580
0.008750 232.277178
0.008875 174.952246
0.009000 114.329347
0.009125 57.808691
0.009250 61.806516
0.009375 114.416691
0.009500 174.276659
0.009625 232.126423
0.009750 284.524198
0.009875 330.204215
0.010000 368.510353
0.010125 399.150786
0.010250 421.980993
0.010375 436.785507
0.010500 443.684111
0.010625 445.118312
0.010750 442.022799
0.010875 439.092323
0.011000 436.750271
0.011125 434.504179
0.011250 432.762860
0.011375 432.083439
0.011500 431.590130
0.011625 430.618475
0.011750 429.744074
0.011875 429.479943
0.012000 429.475015
0.012125 431.174418
0.012250 435.130207
0.012375 437.530037
0.012500 435.357935
0.012625 426.640583
0.012750 410.267053
0.012875 386.019815
0.013000 353.960861
0.013125 314.288156
0.013250 267.444763
0.013375 214.491557
0.013500 156.496772
0.013625 96.119088
0.013750 53.685931
0.013875 76.551994
0.014000 128.858197
0.014125 185.177775
0.014250 241.032588
0.014375 291.625415
0.014500 335.374285
0.014625 371.693019
0.014750 400.368623
0.014875 421.145267
0.015000 434.030153
0.015125 439.578530
0.015250 439.979501
0.015375 437.219343
0.015500 434.866854
0.015625 432.778126
0.015750 430.632752
0.015875 428.827627
0.016000 427.788691
0.016125 426.750082
0.016250 425.655315
0.016375 424.984356
0.016500 424.903840
0.016625 425.027618
0.016750 427.134014
0.016875 430.562374
0.017000 431.820644
0.017125 428.092889
0.017250 417.578896
0.017375 399.470840
0.017500 373.713319
0.017625 340.326880
0.017750 299.531079
0.017875 251.774743
0.018000 198.167737
0.018125 140.343909
0.018250 85.098956
0.018375 63.035625
0.018500 96.167361
0.018625 147.464722
0.018750 200.924213
0.018875 253.368031
0.019000 302.121080
0.019125 344.210330
0.019250 378.830239
0.019375 405.770851
0.019500 424.908490
0.019625 436.293571
0.019750 441.077194
0.019875 441.090756
0.020000 439.334886
0.020125 437.755539
0.020250 436.181893
0.020375 434.465943
0.020500 432.930572
0.020625 431.608474
0.020750 430.218675
0.020875 429.048504
0.021000 428.562899
0.021125 428.590180
0.021250 429.303847
0.021375 431.495014
0.021500 433.910533
0.021625 433.526266
0.021750 427.914469
0.021875 415.552083
0.022000 395.816249
0.022125 368.576034
0.022250 333.813081
0.022375 291.776731
0.022500 243.128374
0.022625 189.358201
0.022750 133.240626
0.022875 89.811481
0.023000 85.735104
0.023125 122.766667
0.023250 171.978448
0.023375 222.293752
0.023500 271.090133
0.023625 316.338492
0.023750 356.058729
0.023875 388.511249
0.024000 413.328537
0.024125 430.476905
0.024250 440.114204
0.024375 443.877931
0.024500 443.838818
0.024625 442.555494
0.024750 441.250785
0.024875 439.777481
0.025000 438.116292
0.025125 436.412266
0.025250 434.559658
0.025375 432.670486
0.025500 431.201762
0.025625 430.478090
0.025750 430.508019
0.025875 431.454331
0.026000 433.340041
0.026125 434.303967
0.026250 431.961659
0.026375 424.106132
0.026500 409.680262
0.026625 388.094923
0.026750 359.016800
0.026875 322.581659
0.027000 279.186141
0.027125 229.629765
0.027250 175.516031
0.027375 124.702050
0.027500 93.753579
0.027625 102.138505
0.027750 141.926668
0.027875 189.948112
0.028000 237.523264
0.028125 282.965489
0.028250 324.565850
0.028375 361.173466
0.028500 391.366107
0.028625 414.013867
0.028750 429.057668
0.028875 437.245264
0.029000 440.274341
0.029125 440.331073
0.029250 439.480450
0.029375 438.462893
0.029500 437.180320
0.029625 435.612271
0.029750 433.714036
0.029875 431.502281
0.030000 429.315442
0.030125 427.606773
0.030250 426.703635
0.030375 426.796309
0.030500 427.706788
0.030625 428.997986
0.030750 428.533899
0.030875 424.257614
0.031000 414.252132
0.031125 397.624322
0.031250 374.115178
0.031375 343.221441
0.031500 305.277886
0.031625 260.724287
0.031750 210.360691
0.031875 157.801973
0.032000 114.140866
0.032125 95.853930
0.032250 113.776656
0.032375 155.886239
0.032500 203.163676
0.032625 248.590659
0.032750 291.104167
0.032875 329.658197
0.033000 363.015049
0.033125 390.772677
0.033250 411.459364
0.033375 424.950060
0.033500 432.196640
0.033625 435.065672
0.033750 435.580775
0.033875 435.390488
0.034000 435.009952
0.034125 434.287095
0.034250 433.080237
0.034375 431.394489
0.034500 429.351539
0.034625 427.335486
0.034750 425.861887
0.034875 425.306133
0.035000 425.761275
0.035125 426.896347
0.035250 427.807005
0.035375 426.156534
0.035500 420.182946
0.035625 408.232579
0.035750 389.763714
0.035875 364.531100
0.036000 332.251270
0.036125 293.264316
0.036250 248.028427
0.036375 198.016415
0.036500 151.167486
0.036625 116.718012
0.036750 110.563638
0.036875 135.301810
0.037000 177.803411
0.037125 223.767075
0.037250 267.097825
0.037375 306.905732
0.037500 342.456249
0.037625 372.812690
0.037750 397.478407
0.037875 416.211596
0.038000 428.317298
0.038125 434.870123
0.038250 437.736373
0.038375 438.625252
0.038500 438.987942
0.038625 439.057844
0.038750 438.605453
0.038875 437.659649
0.039000 436.114811
0.039125 434.083347
0.039250 432.191435
0.039375 430.859271
0.039500 430.523658
0.039625 430.987548
0.039750 431.994772
0.039875 431.816120
0.040000 428.391088
0.040125 420.229191
0.040250 405.998497
0.040375 385.395908
0.040500 358.123814
0.040625 324.280568
0.040750 283.860989
0.040875 237.875252
0.041000 190.510303
0.041125 149.736804
0.041250 125.510077
0.041375 128.363631
0.041500 157.274329
0.041625 199.191036
0.041750 243.391489
0.041875 284.419724
0.042000 321.308880
0.042125 353.577685
0.042250 380.890996
0.042375 402.502121
0.042500 418.293751
0.042625 428.983898
0.042750 434.707329
0.042875 437.391005
0.043000 438.453368
0.043125 439.096993
0.043250 439.312506
0.043375 438.949462
0.043500 438.087382
0.043625 436.553423
0.043750 434.563196
0.043875 432.728303
0.044000 431.509155
0.044125 431.199703
0.044250 431.371280
0.044375 431.595819
0.044500 429.913119
0.044625 424.595740
0.044750 414.102334
0.044875 397.600544
0.045000 374.733835
0.045125 345.429033
0.045250 309.721010
0.045375 267.898315
0.045500 222.041305
0.045625 178.787618
0.045750 143.624075
0.045875 128.746240
0.046000 138.989637
0.046125 171.130068
0.046250 212.873102
0.046375 255.738245
0.046500 294.755692
0.046625 328.893060
0.046750 358.256846
0.046875 382.514980
0.047000 401.370686
0.047125 414.553392
0.047250 423.532322
0.047375 428.655216
0.047500 431.272890
0.047625 432.642280
0.047750 433.648703
0.047875 434.138473
0.048000 434.017869
0.048125 433.368219
0.048250 432.103630
0.048375 430.407127
0.048500 428.781747
0.048625 427.866127
0.048750 427.462702
0.048875 427.471823
0.049000 426.702286
0.049125 423.582784
0.049250 416.461545
0.049375 403.991012
0.049500 385.429240
0.049625 360.635091
0.049750 329.542293
0.049875 292.268338
0.050000 249.455747
0.050125 206.182913
0.050250 167.428015
0.050375 139.458682
0.050500 132.996268
0.050625 149.866371
0.050750 184.473886
0.050875 226.024022
0.051000 267.695837
0.051125 305.173478
0.051250 336.967502
0.051375 363.941560
0.051500 385.582002
0.051625 402.189206
0.051750 413.691448
0.051875 421.089420
0.052000 425.942214
0.052125 428.863389
0.052250 430.927383
0.052375 432.514561
0.052500 433.638837
0.052625 434.133013
0.052750 434.033269
0.052875 433.380162
0.053000 432.220664
0.053125 431.265965
0.053250 430.677964
0.053375 430.471781
0.053500 430.243126
0.053625 428.690342
0.053750 424.231707
0.053875 415.358460
0.054000 400.959132
0.054125 380.603647
0.054250 354.033422
0.054375 321.304188
0.054500 282.810642
0.054625 240.947161
0.054750 201.392102
0.054875 167.424029
0.055000 147.927185
0.055125 148.221711
0.055250 170.077791
0.055375 205.803186
0.055500 246.199212
0.055625 286.162773
0.055750 321.681937
0.055875 351.204383
0.056000 375.543141
0.056125 394.506686
0.056250 408.733031
0.056375 418.545445
0.056500 424.511403
0.056625 428.358685
0.056750 431.229634
0.056875 433.554530
0.057000 435.451485
0.057125 436.835370
0.057250 437.561335
0.057375 437.638236
0.057500 437.103561
0.057625 436.288436
0.057750 435.563941
0.057875 434.982845
0.058000 434.481637
0.058125 433.460095
0.058250 430.691963
0.058375 424.406127
0.058500 413.488511
0.058625 396.831448
0.058750 374.303747
0.058875 345.697712
0.059000 311.171804
0.059125 271.776491
0.059250 231.979187
0.059375 195.794157
0.059500 166.983151
0.059625 154.861877
0.059750 160.601132
0.059875 185.855346
0.060000 222.146804
0.060125 261.330415
0.060250 299.481940
0.060375 332.971728
0.060500 360.201855
0.060625 381.804461
0.060750 398.287656
0.060875 410.278202
0.061000 418.260652
0.061125 423.065268
0.061250 425.881690
0.061375 428.428327
0.061500 430.897982
0.061625 432.971102
0.061750 434.459482
0.061875 435.318633
0.062000 435.491706
0.062125 435.089407
0.062250 434.571198
0.062375 433.936330
