-130
-37
132
276
371
419
419
419
414
403
351
311
261
211
145
129
36
29
25
19
-5
-38
-39
-176
-255
-342
-413
-454
-478
-476
-459
-431
-365
-286
-219
-120
-44
126
319
409
451
468
479
462
419
385
335
295
241
169
131
120
68
51
43
33
-12
-33
-141
-229
-328
-394
-442
-459
-466
-449
-421
-362
-298
-216
-106
-45
116
318
414
466
470
469
462
419
394
345
307
247
187
120
116
51
51
51
19
-18
-44
-157
-237
-348
-426
-469
-492
-495
-476
-447
-409
-341
-261
-147
-44
120
283
387
445
466
459
446
419
383
347
303
247
177
131
107
51
31
20
1
-27
-44
-159
-239
-332
-428
-479
-509
-495
-492
-456
-412
-349
-279
-173
-57
91
249
367
419
419
458
451
419
399
363
315
281
206
149
135
71
58
51
33
2
-36
-70
-204
-287
-393
-441
-475
-480
-471
-455
-412
-350
-268
-182
-73
71
148
351
419
467
482
469
457
419
391
354
308
245
175
125
129
79
74
58
27
-17
-108
-95
-266
-365
-427
-444
-462
-472
-482
-457
-396
-307
-230
-131
-50
123
313
405
419
419
449
419
414
370
337
297
241
168
126
69
51
41
21
-7
-33
-45
-175
-277
-374
-449
-488
-509
-523
-524
-492
-442
-361
-279
-184
-53
103
245
355
407
407
419
411
389
347
315
274
224
161
133
50
35
20
3
-9
-28
-42
-168
-257
-350
-445
-471
-505
-524
-519
-492
-454
-394
-321
-217
-97
-27
131
338
405
419
419
419
419
407
379
340
290
214
151
126
74
62
45
33
2
-41
-49
-201
-284
-365
-433
-464
-493
-492
-488
-441
-396
-310
-219
-125
-44
126
329
419
466
482
487
478
457
419
391
339
267
212
143
122
101
63
56
31
-12
-42
-159
-240
-333
-426
-453
-494
-497
-492
-465
-405
-346
-283
-175
-45
119
283
387
419
454
459
447
419
378
351
309
253
185
126
119
64
43
27
12
-12
-44
-153
-250
-346
-433
-482
-528
-535
-537
-516
-458
-402
-332
-243
-124
-41
131
319
391
409
419
419
408
377
355
323
274
200
130
123
51
41
49
17
-12
-39
-124
-207
-294
-396
-476
-503
-533
-538
-522
-496
-435
-373
-297
-191
-53
107
276
386
419
451
457
451
419
411
387
346
299
223
145
131
81
80
69
35
7
-29
-59
-206
-299
-397
-447
-476
-491
-487
-480
-443
-396
-311
-204
-85
-31
130
361
419
475
491
495
482
462
418
385
329
258
180
134
122
71
80
61
31
-12
-41
-172
-258
-357
-442
-482
-511
-525
-519
-491
-435
-371
-284
-183
-46
111
281
374
414
419
447
451
419
403
363
321
267
201
136
123
59
49
37
5
-27
-39
-157
-241
-332
-437
-492
-524
-553
-550
-538
-490
-445
-363
-273
-172
-49
126
278
363
407
419
419
419
407
391
355
307
240
163
129
74
54
53
42
20
-21
-47
-171
-268
-360
-434
-477
-496
-524
-524
-502
-462
-390
-310
-209
-77
72
214
357
411
453
467
471
467
419
404
362
307
229
150
118
117
78
71
51
21
-15
-54
-161
-263
-353
-428
-465
-497
-502
-492
-459
-409
-345
-265
-166
-43
126
302
392
419
450
455
451
447
419
391
343
299
306
148
130
82
45
58
36
-1
-28
-126
-215
-307
-406
-479
-505
-518
-526
-526
-494
-442
-361
-282
-165
-44
114
283
373
404
419
419
419
411
373
343
307
243
178
131
54
31
33
34
9
-18
-41
-170
-263
-364
-451
-505
-524
-543
-551
-541
-502
-444
-378
-284
-172
-33
119
287
371
399
414
419
419
409
391
365
314
253
180
134
86
62
70
51
20
-24
-35
-143
-233
-325
-428
-473
-495
-525
-525
-513
-459
-397
-329
-236
-138
-44
139
323
404
451
471
475
475
401
383
419
337
258
201
139
120
82
84
69
39
7
-34
-131
-229
-329
-401
-466
-502
-511
-517
-503
-461
-396
-319
-223
-79
-21
129
343
419
451
453
462
459
419
403
358
301
243
162
131
63
57
39
30
4
-30
-43
-193
-278
-377
-460
-495
-526
-539
-536
-519
-475
-411
-330
-227
-101
-29
132
325
379
393
405
406
414
394
375
334
276
196
133
97
17
35
18
11
-25
-50
-155
-248
-326
-412
-476
-502
-521
-521
-524
-503
-459
-397
-303
-184
-35
118
291
379
419
419
454
419
419
411
383
337
271
184
135
83
59
51
42
20
-21
-44
-153
-236
-335
-406
-462
-492
-506
-499
-487
-459
-398
-302
-213
-94
63
250
370
457
471
482
481
468
451
419
368
313
244
165
126
69
61
63
61
31
-18
-47
-185
-274
-365
-445
-476
-490
-504
-515
-482
-438
-374
-286
-175
-44
120
283
374
419
419
451
451
419
414
383
318
259
179
134
58
42
38
33
20
-24
-38
-156
-236
-330
-423
-488
-520
-538
-534
-524
-502
-459
-396
-293
-172
-44
120
283
359
401
411
404
406
391
381
343
291
226
148
134
51
37
42
39
11
-22
-42
-174
-262
-361
-441
-482
-512
-531
-530
-515
-464
-415
-332
-224
-107
-28
134
373
449
455
459
453
461
419
399
355
305
229
155
130
63
54
65
61
30
-7
-44
-159
-256
-351
-428
-462
-476
-482
-492
-477
-415
-357
-275
-174
-44
120
306
404
453
462
461
468
462
419
402
351
295
213
138
125
65
70
78
57
27
-19
-34
-183
-279
-370
-458
-482
-506
-507
-510
-495
-457
-396
-318
-193
-47
120
278
367
414
419
419
419
419
394
375
322
269
180
131
57
42
39
27
19
-18
-37
-147
-241
-337
-433
-491
-518
-534
-540
-528
-512
-459
-381
-288
-171
-44
114
287
370
409
410
419
443
414
399
356
307
247
177
123
47
47
53
42
25
-18
-42
-140
-234
-330
-428
-481
-497
-512
-509
-505
-469
-414
-348
-251
-128
-39
139
357
419
465
459
475
468
443
411
389
331
244
163
130
83
82
87
82
51
5
-35
-125
-223
-316
-391
-445
-471
-479
-488
-478
-444
-386
-300
-196
-79
42
158
351
419
459
468
483
470
450
419
373
318
246
150
129
67
62
67
51
33
-11
-42
-195
-279
-365
-445
-479
-513
-519
-524
-510
-446
-401
-325
-206
-77
79
201
347
416
419
419
419
418
407
370
329
251
174
137
51
27
31
24
16
-16
-37
-136
-221
-301
-396
-474
-513
-525
-547
-557
-535
-443
-408
-318
-205
-77
84
257
371
419
419
459
459
457
419
404
351
291
215
143
126
54
57
63
62
20
-17
-45
-174
-283
-366
-443
-490
-502
-505
-502
-482
-447
-373
-288
-175
-43
126
294
387
449
470
482
489
483
462
419
385
309
249
165
133
141
95
84
63
35
-12
-49
-169
-251
-347
-431
-476
-498
-522
-509
-492
-430
-374
-298
-205
-61
111
262
385
419
468
475
481
467
453
419
371
297
212
141
130
78
53
51
39
10
-25
-47
-202
-282
-375
-459
-501
-524
-535
-536
-531
-492
-429
-348
-223
-99
-31
141
341
404
419
457
449
457
419
404
355
287
198
147
131
45
27
39
20
-5
-27
-47
-198
-277
-369
-459
-502
-522
-542
-540
-505
-480
-425
-337
-251
-113
-44
123
323
404
447
467
481
482
467
419
392
330
247
184
130
116
74
67
56
27
-17
-44
-144
-229
-325
-401
-460
-501
-512
-505
-496
-473
-405
-316
-221
-106
-43
134
355
451
493
502
513
519
514
468
409
361
289
210
149
137
83
74
62
41
1
-44
-147
-236
-316
-421
-477
-498
-524
-527
-524
-473
-423
-350
-255
-125
-34
126
339
419
462
479
505
483
466
419
391
319
229
158
130
69
53
35
23
-5
-29
-41
-179
-268
-342
-443
-505
-540
-554
-569
-554
-514
-459
-375
-268
-158
-48
117
305
381
419
460
457
455
451
414
386
319
267
171
123
63
43
43
47
25
-12
-44
-155
-237
-317
-405
-466
-498
-524
-535
-518
-482
-444
-381
-281
-161
-41
117
299
391
419
469
495
501
495
482
419
370
293
214
147
137
122
88
84
57
21
-19
-44
-174
-271
-360
-426
-466
-492
-492
-493
-470
-429
-369
-284
-191
-54
101
275
381
419
455
478
483
482
479
453
394
331
249
173
135
111
78
67
51
33
-12
-43
-172
-266
-350
-433
-493
-524
-540
-537
-523
-482
-434
-362
-250
-133
-47
130
326
394
419
419
461
471
458
419
379
313
245
155
137
50
51
51
38
3
-45
-38
-173
-262
-352
-434
-492
-528
-545
-555
-539
-509
-458
-393
-291
-179
-38
116
287
371
414
419
453
462
460
419
389
341
275
182
125
134
74
79
64
35
10
-33
-53
-204
-285
-365
-451
-491
-513
-524
-511
-477
-431
-382
-306
-194
20
114
289
401
477
499
505
505
500
475
454
397
335
239
171
122
116
99
95
70
48
11
-41
-157
-233
-335
-416
-466
-492
-522
-524
-509
-459
-396
-322
-218
-86
-21
126
347
419
460
481
489
486
471
419
387
329
247
163
119
66
62
56
40
20
-5
-51
-157
-252
-343
-426
-489
-522
-541
-543
-539
-501
-438
-375
-284
-157
-44
130
318
394
419
455
451
459
443
411
370
311
227
150
126
49
51
35
33
11
-23
-45
-154
-236
-327
-406
-480
-512
-540
-540
-528
-509
-454
-386
-293
-173
-46
116
295
401
465
482
486
486
479
457
411
360
287
211
137
141
74
74
71
53
19
-27
-45
-183
-266
-350
-427
-478
-513
-509
-507
-487
-432
-365
-291
-203
-92
37
251
392
471
495
501
502
500
479
451
419
355
278
180
129
114
85
70
65
37
1
-43
-149
-229
-307
-407
-461
-497
-519
-524
-505
-481
-428
-350
-265
-149
-44
131
319
407
447
465
471
475
465
419
394
338
262
180
120
54
51
47
42
11
-23
-54
-166
-246
-323
-410
-486
-538
-547
-557
-540
-521
-470
-398
-315
-218
-62
103
270
359
418
419
449
453
447
419
391
345
277
195
128
70
47
45
46
27
-5
-43
-135
-206
-299
-382
-458
-505
-513
-525
-524
-505
-459
-396
-303
-210
-69
97
265
379
447
475
489
498
493
471
419
383
319
235
158
137
75
82
84
69
35
1
-41
-138
-236
-332
-418
-480
-493
-506
-505
-484
-438
-384
-305
-221
-95
81
263
387
469
486
481
482
475
459
419
397
331
247
170
131
75
77
74
63
23
-5
-44
-154
-241
-331
-414
-478
-507
-538
-540
-523
-496
-437
-366
-269
-155
-41
119
322
403
451
469
469
469
455
418
363
315
241
163
119
34
31
34
35
11
-22
-43
-158
-239
-332
-412
-483
-527
-540
-540
-546
-525
-484
-407
-302
-204
-69
90
243
361
419
451
455
468
459
448
393
351
283
211
139
131
51
58
54
51
25
-23
-43
-167
-267
-347
-426
-473
-493
-522
-511
-494
-462
-407
-320
-204
-71
53
211
374
451
483
503
498
497
481
446
397
331
265
175
132
126
82
94
81
43
1
-27
-133
-223
-314
-403
-459
-489
-495
-519
-507
-470
-413
-335
-249
-128
-39
137
358
419
469
482
491
479
457
419
379
325
247
167
133
57
51
59
51
31
-7
-38
-145
-236
-318
-403
-477
-510
-536
-549
-546
-507
-459
-391
-305
-190
-54
116
282
378
419
448
454
419
419
406
363
314
241
159
131
36
21
29
34
14
-12
-44
-129
-207
-289
-373
-459
-506
-538
-557
-551
-524
-474
-405
-315
-210
-69
103
276
387
455
482
482
482
468
419
403
363
293
209
142
116
51
59
59
54
20
-9
-51
-156
-245
-321
-403
-464
-490
-507
-518
-484
-459
-390
-325
-229
-107
-25
180
371
450
493
500
505
491
491
419
411
338
255
168
119
91
70
82
66
50
16
-29
-109
-215
-297
-380
-444
-492
-513
-524
-513
-484
-437
-373
-274
-156
-44
123
307
403
455
467
475
482
468
419
378
335
251
165
133
43
43
50
45
31
7
-35
-135
-223
-305
-390
-459
-510
-554
-570
-559
-538
-506
-416
-332
-225
-77
34
222
363
419
454
451
455
451
419
379
334
265
201
134
51
39
45
39
30
-5
-31
-43
-175
-268
-354
-435
-495
-523
-535
-527
-506
-459
-407
-322
-219
-92
79
255
379
419
470
482
493
491
467
413
371
311
227
159
126
71
81
82
69
43
7
-31
-97
-214
-300
-376
-453
-490
-520
-509
-492
-459
-402
-321
-237
-77
-30
171
383
459
495
499
479
479
457
419
373
322
241
151
126
67
47
62
71
53
-5
-37
-122
-213
-311
-383
-467
-498
-524
-537
-524
-492
-444
-389
-303
-181
-47
126
315
405
419
451
451
467
445
419
367
302
223
147
131
31
27
50
43
22
-12
-34
-119
-207
-299
-389
-462
-526
-541
-563
-550
-525
-474
-431
-349
-228
-83
54
243
357
419
462
457
451
419
419
391
359
289
202
142
113
42
54
59
47
27
1
-27
-145
-236
-339
-413
-481
-492
-514
-517
-510
-476
-419
-346
-245
-111
-37
137
378
462
482
494
498
502
482
451
399
341
261
175
126
77
84
94
101
84
27
-17
-43
-204
-298
-386
-453
-482
-507
-514
-514
-476
-429
-364
-268
-140
-45
129
356
443
475
482
479
470
469
419
387
331
270
180
134
68
57
58
59
42
7
-29
-47
-205
-283
-385
-461
-524
-536
-553
-524
-497
-450
-405
-332
-230
-85
89
274
383
451
467
454
419
419
414
383
339
265
173
138
39
19
31
41
36
8
-28
-50
-183
-264
-342
-425
-498
-521
-538
-530
-529
-492
-428
-362
-265
-133
-41
130
352
419
467
471
481
475
468
419
399
335
263
163
119
54
61
74
66
42
19
-29
-46
-198
-289
-375
-453
-481
-492
-504
-497
-459
-421
-359
-267
-145
-49
131
357
459
503
517
505
503
486
471
419
362
281
191
133
116
74
77
74
51
20
-12
-49
-188
-277
-357
-445
-481
-506
-522
-512
-487
-442
-391
-306
-189
-44
116
303
409
468
468
459
465
458
419
389
339
263
169
130
33
19
37
43
31
1
-34
-77
-201
-296
-382
-464
-537
-540
-566
-570
-540
-505
-449
-378
-264
-117
-28
142
363
418
419
419
419
419
407
371
323
259
179
130
37
9
31
41
35
21
-27
-43
-177
-261
-349
-422
-492
-522
-545
-546
-530
-491
-439
-370
-267
-120
-37
137
365
419
462
474
481
483
462
419
375
326
243
159
123
46
51
74
80
57
25
-28
-44
-207
-293
-367
-448
-492
-513
-517
-503
-486
-428
-369
-273
-149
-38
131
370
459
499
511
494
481
462
449
399
340
263
167
119
47
49
59
74
49
29
-22
-39
-189
-272
-369
-453
-428
-539
-544
-540
-519
-462
-407
-333
-207
-71
66
281
404
450
462
461
467
451
419
373
329
273
179
130
37
15
23
36
30
-2
-33
-44
-178
-270
-364
-458
-524
-538
-556
-569
-547
-503
-454
-376
-284
-145
-43
122
370
451
460
462
451
447
419
393
345
291
212
134
83
18
38
65
70
51
7
-28
-117
-217
-306
-396
-472
-506
-524
-523
-522
-492
-441
-381
-275
-157
-39
141
382
481
506
505
511
505
482
455
404
351
267
174
131
33
35
81
97
89
59
7
-33
-170
-259
-345
-433
-476
-497
-509
-505
-497
-455
-386
-300
-174
-21
203
368
419
501
505
495
487
468
461
404
346
257
180
131
29
20
36
51
51
35
-7
-46
-172
-262
-357
-428
-489
-524
-540
-538
-518
-475
-422
-354
-249
-111
-18
238
394
467
481
465
451
451
413
389
341
273
187
135
19
-12
7
35
46
22
-12
-44
-157
-251
-325
-406
-487
-524
-524
-530
-522
-498
-449
-377
-280
-150
-45
126
391
468
484
475
479
467
467
411
363
313
244
143
126
19
20
53
67
51
20
-21
-51
-187
-285
-377
-445
-487
-499
-509
-502
-476
-423
-369
-284
-157
-39
130
387
473
509
513
500
500
491
447
410
355
266
161
126
25
37
54
71
57
31
-25
-42
-175
-268
-353
-437
-489
-506
-524
-528
-514
-476
-405
-325
-215
-57
116
311
419
470
470
460
458
451
419
371
311
244
151
131
5
-11
17
34
31
-2
-25
-39
-191
-282
-369
-454
-524
-543
-562
-569
-569
-524
-467
-380
-269
-109
-28
198
371
419
443
419
419
414
399
353
303
233
147
128
-1
-19
-9
20
23
15
-22
-45
-173
-265
-348
-434
-492
-524
-551
-555
-539
-501
-446
-378
-283
-135
-45
211
390
459
481
483
473
468
419
405
362
294
195
131
27
-3
15
38
51
43
20
-28
-49
-204
-283
-367
-442
-491
-517
-528
-519
-478
-435
-383
-301
-177
-42
126
360
451
499
499
497
482
459
414
379
323
243
153
125
7
3
25
35
31
3
-25
-47
-181
-270
-361
-455
-513
-540
-549
-556
-533
-500
-448
-363
-236
-85
100
290
411
468
483
468
467
387
443
367
311
232
138
102
-12
-34
-29
-2
7
-9
-31
-44
-190
-278
-364
-451
-517
-554
-572
-577
-562
-517
-470
-399
-300
-163
-45
131
377
468
484
471
467
454
419
379
335
269
180
135
15
-15
-5
10
27
21
-7
-30
-120
-207
-289
-377
-475
-520
-529
-528
-524
-496
-445
-392
-309
-173
-47
116
363
475
515
530
509
501
479
447
385
340
255
157
133
20
-7
39
48
53
35
-7
-41
-150
-237
-326
-414
-475
-495
-515
-513
-499
-454
-396
-329
-234
-75
106
309
419
487
499
498
494
468
451
392
334
259
165
131
14
-17
3
31
36
11
-14
-49
-155
-236
-330
-399
-474
-524
-538
-554
-531
-500
-452
-375
-293
-169
-53
135
361
455
475
471
469
451
419
363
323
253
167
123
-7
-25
-38
3
4
-10
-14
-41
-135
-233
-313
-396
-466
-521
-532
-539
-539
-518
-459
-394
-315
-193
-49
132
358
452
491
494
484
475
460
419
370
294
225
133
58
-7
-1
38
37
47
20
-22
-47
-175
-256
-343
-412
-474
-489
-518
-477
-477
-444
-373
-303
-185
-45
130
341
457
511
519
532
505
491
457
399
338
259
163
132
27
9
45
53
58
31
-15
-37
-151
-237
-327
-407
-472
-494
-509
-515
-501
-467
-412
-334
-218
-69
114
293
414
475
491
497
482
459
419
374
325
239
157
131
2
-19
-11
18
19
15
-23
-41
-156
-240
-332
-411
-492
-523
-527
-540
-529
-512
-469
-401
-289
-156
-37
129
351
419
459
470
460
450
419
382
321
251
174
131
20
-25
-5
25
27
21
-7
-37
-139
-215
-300
-379
-462
-509
-531
-539
-517
-497
-452
-390
-286
-167
-38
131
362
419
487
491
483
473
419
405
352
297
212
138
117
14
20
43
54
66
41
-1
-37
-151
-236
-327
-401
-465
-478
-492
-492
-475
-429
-377
-290
-178
-37
116
340
462
505
515
513
506
483
419
387
311
234
149
136
14
-9
20
53
51
31
-7
-33
-149
-226
-310
-394
-461
-492
-507
-517
-521
-481
-435
-358
-263
-120
-39
126
377
419
477
473
475
457
419
387
333
251
167
139
5
-29
-24
2
22
19
-18
-45
-135
-223
-317
-387
-467
-524
-538
-542
-538
-511
-457
-400
-301
-207
-51
122
315
419
462
473
467
457
419
394
341
281
212
138
79
-11
-12
11
35
37
11
-14
-50
-159
-238
-327
-409
-465
-491
-501
-503
-488
-439
-393
-313
-205
-49
131
317
455
497
505
491
491
484
419
390
326
249
175
130
27
17
36
57
70
62
20
-28
-44
-193
-278
-363
-435
-471
-479
-490
-476
-460
-421
-347
-256
-119
-41
148
385
475
498
501
503
478
447
392
345
276
184
143
31
2
7
36
103
41
-15
-24
-40
-187
-273
-357
-438
-493
-509
-524
-520
-496
-451
-387
-301
-182
-44
126
320
408
455
466
455
419
413
371
315
251
178
133
5
-19
-29
15
19
18
-10
-29
-45
-190
-283
-369
-447
-492
-511
-528
-523
-494
-458
-397
-329
-221
-65
116
309
411
471
497
479
475
453
416
361
309
235
148
120
3
-17
10
38
41
32
5
-30
-122
-217
-293
-381
-451
-476
-490
-492
-476
-432
-391
-322
-218
-77
103
291
414
487
518
503
499
482
451
403
350
275
190
129
34
7
20
53
57
51
31
-27
-39
-183
-268
-359
-427
-469
-493
-499
-493
-475
-429
-355
-266
-133
-38
130
371
419
478
482
468
459
419
389
338
270
189
139
23
-9
-9
22
36
32
6
-33
-54
-196
-289
-367
-459
-509
-527
-531
-527
-519
-470
-409
-319
-204
-43
123
313
403
419
449
449
419
407
375
335
270
191
134
16
-22
-15
18
32
30
14
-28
-50
-173
-257
-341
-414
-473
-494
-503
-509
-489
-455
-393
-319
-214
-69
97
298
409
467
487
486
484
467
419
391
319
258
167
133
21
1
12
38
51
51
15
-28
-44
-203
-272
-345
-418
-457
-470
-482
-477
-450
-401
-337
-252
-131
-44
131
387
468
505
501
506
499
457
405
357
291
209
126
37
-9
2
35
51
49
20
-14
-49
-173
-269
-345
-425
-482
-505
-524
-510
-499
-451
-402
-318
-195
-44
120
308
410
462
471
465
451
419
394
337
277
203
129
25
-29
-33
-9
20
24
-7
-29
-29
-173
-265
-358
-429
-500
-519
-526
-529
-513
-487
-431
-365
-257
-101
-14
245
387
419
472
467
461
419
405
356
313
229
146
125
-7
-25
-12
34
46
37
10
-28
-113
-218
-287
-361
-446
-491
-502
-515
-493
-469
-428
-363
-268
-138
-37
134
373
465
491
502
500
495
468
419
359
289
210
130
116
21
23
50
67
63
47
-8
-44
-162
-238
-313
-383
-447
-469
-494
-472
-459
-443
-393
-313
-204
-54
118
299
416
470
498
487
484
460
419
383
315
235
148
131
6
-25
-5
23
42
27
7
-33
-140
-227
-305
-393
-459
-497
-501
-513
-499
-475
-418
-375
-285
-138
-37
130
346
419
454
461
451
419
401
367
308
243
154
126
-15
-37
-41
-29
15
15
-17
-33
-109
-193
-283
-369
-422
-464
-490
-505
-511
-492
-456
-399
-329
-218
-58
107
281
399
451
469
469
467
446
401
359
305
223
146
133
3
-12
7
47
54
51
12
-33
-73
-209
-283
-369
-434
-471
-466
-482
-473
-457
-396
-333
-240
-106
-22
245
392
482
495
499
489
482
446
409
357
281
196
122
43
-72
12
37
70
69
45
-28
-43
-156
-249
-313
-402
-453
-459
-482
-484
-460
-428
-364
-294
-196
-44
120
301
404
458
467
465
450
419
392
351
291
214
135
116
-11
-27
-12
23
29
20
3
-37
-138
-236
-317
-392
-461
-497
-492
-511
-505
-489
-442
-380
-299
-163
-37
131
321
403
419
447
419
419
414
377
319
261
167
118
9
-15
-12
3
25
27
9
-31
-49
-177
-265
-333
-407
-453
-484
-495
-492
-479
-444
-396
-334
-221
-77
91
279
387
462
478
482
475
469
419
394
334
276
167
125
15
-7
12
45
63
66
27
-9
-50
-172
-245
-321
-390
-434
-448
-461
-460
-435
-394
-345
-266
-158
-44
122
341
419
477
491
497
482
461
419
371
319
233
143
129
10
1
21
58
45
35
-7
-39
-141
-229
-310
-387
-451
-478
-492
-502
-488
-461
-411
-353
-250
-128
-41
129
355
419
459
459
457
419
419
379
327
250
163
133
-1
-23
-31
-6
35
5
-12
-28
-108
-207
-289
-364
-430
-481
-501
-513
-517
-487
-464
-401
-333
-243
-74
96
271
369
419
457
466
459
451
411
359
310
235
150
132
10
-22
9
23
41
29
-7
-29
-119
-209
-286
-355
-414
-459
-477
-492
-475
-455
-403
-357
-271
-157
-43
126
339
419
471
493
494
483
471
419
384
331
255
158
120
29
21
47
71
77
59
22
-38
-137
-213
-285
-364
-431
-445
-459
-473
-459
-434
-385
-309
-218
-81
75
259
379
447
475
481
478
471
419
392
335
263
178
122
20
-6
3
20
36
21
9
-25
-67
-211
-293
-364
-415
-466
-492
-492
-492
-467
-434
-379
-307
-211
-69
107
259
367
419
419
451
447
419
411
359
289
226
133
81
-10
-29
-33
15
23
7
-15
-53
-154
-236
-305
-369
-435
-475
-489
-503
-492
-476
-428
-364
-279
-153
-42
131
339
414
466
469
462
471
457
409
361
281
195
122
38
2
-7
31
54
51
35
-9
-33
-145
-243
-321
-367
-428
-455
-459
-475
-450
-419
-364
-299
-195
-47
120
293
404
460
489
490
497
479
451
393
344
265
174
134
35
15
27
47
51
41
20
-27
-40
-201
-270
-346
-405
-447
-459
-476
-475
-451
-405
-339
-264
-139
-45
131
329
402
449
451
461
419
419
377
329
264
184
128
20
-23
-15
6
35
30
8
-40
-51
-196
-281
-341
-419
-471
-492
-503
-511
-492
-459
-405
-332
-221
-76
89
238
369
416
419
419
419
419
386
340
276
203
129
113
-2
-27
-19
23
39
27
-11
-29
-142
-234
-305
-370
-433
-461
-469
-476
-459
-457
-403
-343
-241
-129
-34
131
331
419
462
468
466
459
419
401
350
278
203
131
67
3
7
37
73
63
39
3
-37
-140
-229
-303
-373
-428
-443
-444
-435
-432
-392
-352
-283
-168
-34
123
307
419
462
487
475
461
451
418
369
313
239
150
133
20
-3
6
41
51
45
6
-37
-139
-223
-298
-370
-445
-469
-467
-466
-465
-435
-398
-346
-241
-113
-45
131
342
407
419
419
419
414
392
355
297
217
147
129
-11
-35
-37
-18
27
20
-5
-34
-137
-223
-299
-369
-437
-506
-488
-494
-492
-476
-444
-389
-294
-168
-45
126
313
401
419
447
419
419
401
370
323
260
191
129
33
-5
-14
16
51
47
31
-6
-54
-157
-239
-316
-384
-431
-456
-459
-462
-459
-428
-382
-298
-205
-53
107
281
393
455
481
474
475
451
419
387
330
263
180
126
30
10
34
70
73
66
25
-19
-41
-189
-277
-341
-393
-426
-445
-464
-455
-449
-405
-343
-257
-126
-45
130
355
419
465
469
467
456
419
385
337
265
187
126
27
-6
-8
23
51
50
20
-25
-44
-182
-266
-345
-409
-457
-470
-482
-471
-459
-429
-392
-296
-202
-57
120
291
375
418
449
411
419
419
387
347
279
205
131
58
-3
-22
6
31
51
25
-9
-30
-142
-219
-295
-367
-430
-456
-471
-469
-459
-445
-399
-333
-234
-102
-25
129
357
419
465
475
482
468
445
403
349
277
184
120
49
7
22
48
54
56
39
-9
-44
-175
-256
-332
-396
-427
-437
-449
-437
-423
-394
-343
-266
-146
-33
137
329
419
479
491
494
484
462
419
392
322
236
147
129
35
21
39
51
61
47
2
-37
-153
-221
-298
-381
-445
-465
-473
-481
-460
-438
-387
-322
-233
-77
-12
161
357
419
419
459
453
449
404
371
318
238
149
131
7
-27
-9
34
22
19
-12
-34
-155
-238
-325
-392
-453
-497
-505
-515
-503
-474
-437
-391
-301
-178
-35
116
283
358
411
419
419
419
416
386
338
283
189
133
41
-5
-11
9
25
23
5
-22
-44
-191
-265
-361
-414
-459
-456
-477
-477
-460
-426
-389
-315
-214
-81
54
146
339
401
419
460
457
458
448
391
350
277
190
126
51
39
56
58
64
53
20
-25
-46
-194
-270
-341
-403
-429
-449
-450
-448
-428
-390
-324
-241
-140
-43
123
295
403
457
468
473
468
459
419
387
331
239
164
120
38
20
51
51
54
35
-6
-47
-174
-252
-326
-396
-453
-474
-490
-479
-470
-444
-392
-317
-226
-101
-40
135
335
404
419
419
419
449
403
361
307
243
161
131
20
-7
5
7
17
-1
-25
-34
-161
-246
-321
-399
-450
-494
-496
-512
-493
-459
-414
-367
-281
-160
-44
126
299
392
419
455
449
449
419
403
354
283
201
130
92
7
17
37
42
73
19
-25
-42
-184
-263
-337
-403
-446
-462
-469
-471
-459
-424
-355
-285
-183
-48
116
277
393
468
491
497
495
479
467
414
367
282
195
126
54
39
51
67
73
51
7
-29
-129
-221
-303
-364
-425
-450
-473
-466
-462
-439
-381
-327
-225
-107
-34
133
349
419
471
482
484
482
461
409
358
290
207
134
107
3
21
37
45
35
2
-37
-58
-204
-295
-361
-438
-476
-492
-479
-484
-473
-445
-403
-321
-223
-75
87
227
351
398
418
419
445
443
415
355
297
218
145
112
-9
-14
9
22
27
8
-30
-43
-175
-259
-338
-409
-466
-487
-503
-505
-492
-469
-412
-338
-247
-119
-43
135
331
403
419
457
468
473
457
409
354
286
212
119
75
21
36
59
51
49
18
-25
-95
-202
-289
-364
-414
-443
-459
-459
-461
-443
-396
-335
-259
-146
-33
123
310
407
465
482
486
484
474
449
392
331
252
161
133
30
31
33
39
33
17
-21
-44
-169
-252
-327
-401
-453
-470
-482
-480
-458
-419
-367
-304
-218
-83
-14
135
349
414
451
469
457
454
414
375
319
241
160
133
20
-5
3
20
23
7
-23
-49
-167
-252
-321
-398
-455
-486
-500
-521
-505
-492
-433
-379
-290
-173
-44
122
279
356
403
419
419
419
404
373
331
271
198
126
35
-2
10
10
20
19
-7
-33
-120
-210
-281
-354
-426
-460
-477
-486
-469
-451
-418
-360
-300
-195
-54
113
271
373
419
466
469
475
468
419
374
319
241
159
134
35
24
41
57
51
37
11
-33
-129
-218
-305
-379
-429
-434
-448
-449
-432
-424
-369
-318
-221
-109
-33
131
330
419
459
465
478
469
451
409
361
289
202
130
74
20
22
40
51
31
15
-37
-97
-204
-297
-364
-428
-472
-474
-490
-477
-465
-430
-367
-300
-194
-57
111
267
359
411
419
419
419
419
386
339
271
199
133
35
-12
-14
-12
18
20
7
-28
-44
-184
-268
-347
-423
-470
-491
-511
-506
-492
-460
-416
-334
-241
-113
-38
137
342
397
419
419
445
419
411
365
310
247
167
139
23
4
20
46
43
41
9
-30
-44
-199
-293
-364
-416
-442
-459
-455
-451
-435
-392
-341
-257
-157
-44
134
319
399
459
477
475
475
449
419
370
308
229
146
134
37
34
51
83
68
59
9
-32
-153
-235
-306
-381
-427
-454
-467
-471
-460
-428
-376
-302
-202
-69
63
180
355
419
451
462
464
419
419
375
323
245
155
133
20
-3
20
30
41
33
15
-28
-133
-225
-305
-375
-444
-469
-482
-486
-491
-462
-430
-391
-317
-204
-54
100
244
342
393
416
419
419
411
386
335
271
196
126
35
-12
-12
17
33
20
15
-25
-39
-166
-247
-326
-405
-459
-473
-493
-489
-492
-447
-401
-337
-240
-108
-41
135
354
419
447
467
464
451
419
390
337
255
179
123
35
17
31
51
61
51
23
-28
-40
-194
-277
-335
-396
-434
-451
-449
-450
-422
-378
-332
-257
-147
-39
135
315
414
468
484
489
483
467
419
371
319
235
148
117
25
20
33
50
50
31
5
-35
-153
-233
-305
-391
-442
-457
-475
-466
-455
-428
-378
-327
-251
-135
-45
132
335
404
419
451
467
419
418
373
330
262
180
141
22
-12
7
33
31
21
-12
-47
-142
-230
-300
-379
-441
-482
-495
-507
-494
-473
-433
-390
-309
-194
-44
118
278
366
414
419
419
419
414
387
346
267
191
139
41
2
3
17
31
25
20
-27
-38
-188
-268
-333
-415
-464
-473
-475
-459
-447
-405
-366
-293
-200
-44
114
289
394
446
474
467
467
451
413
371
313
244
162
129
31
21
51
74
73
63
25
-27
-125
-214
-300
-373
-425
-434
-443
-450
-432
-414
-362
-302
-213
-76
63
241
373
419
458
455
462
454
419
403
327
262
181
129
35
20
29
50
51
43
7
-28
-126
-221
-301
-378
-446
-470
-482
-479
-476
-441
-402
-354
-274
-149
-39
131
319
398
419
419
419
414
385
357
306
230
162
134
7
-22
-12
12
35
25
1
-29
-138
-218
-300
-377
-435
-464
-482
-489
-493
-469
-428
-361
-295
-172
-42
134
285
367
411
419
419
419
413
384
342
281
195
137
46
10
12
38
50
49
31
-14
-41
-167
-246
-311
-380
-421
-444
-459
-453
-431
-401
-351
-297
-206
-65
90
259
371
419
462
461
465
475
419
394
339
267
180
129
51
43
49
69
78
65
19
-17
-43
-201
-285
-350
-422
-443
-458
-450
-443
-414
-373
-312
-229
-108
-37
131
354
419
447
451
419
419
407
371
310
239
163
133
27
17
17
37
49
37
7
-31
-120
-210
-288
-364
-434
-461
-476
-481
-471
-446
-410
-354
-284
-170
-43
118
291
371
416
416
414
399
392
356
306
244
161
137
16
-25
-10
19
46
30
12
-27
-44
-196
-262
-341
-407
-460
-459
-482
-484
-466
-428
-369
-302
-198
-59
102
265
373
419
458
459
450
419
401
363
294
229
154
123
31
25
47
58
73
51
11
-29
-120
-221
-295
-365
-426
-431
-433
-437
-429
-403
-361
-292
-205
-78
22
223
371
447
477
475
479
468
447
389
342
271
195
126
43
20
30
57
67
57
35
-28
-45
-196
-284
-349
-428
-437
-456
-460
-458
-438
-405
-334
-252
-140
-37
144
314
404
419
449
446
419
414
379
333
267
181
126
30
-5
6
33
48
43
7
-29
-125
-225
-295
-369
-432
-478
-476
-492
-491
-465
-428
-378
-302
-202
-43
117
287
375
418
419
419
419
405
375
335
265
195
138
35
-7
-2
20
35
39
19
-16
-45
-189
-284
-358
-425
-455
-465
-469
-470
-450
-414
-350
-270
-165
-37
118
307
410
455
459
467
457
447
404
349
302
216
148
126
31
34
54
81
82
57
5
-25
-154
-247
-326
-381
-424
-437
-437
-439
-426
-398
-345
-229
-182
15
114
308
413
464
468
468
455
445
419
378
311
235
148
131
27
23
42
54
59
47
-12
-43
-170
-252
-341
-409
-458
-475
-465
-476
-448
-421
-386
-310
-233
-102
-33
123
339
411
447
443
419
419
387
351
309
227
149
133
7
-25
9
27
22
20
-17
-38
-175
-267
-351
-413
-447
-492
-504
-513
-489
-451
-410
-340
-246
-137
-45
131
335
407
419
419
419
419
401
367
319
249
173
137
31
3
20
41
51
42
6
-25
-49
-211
-297
-376
-437
-459
-455
-458
-438
-408
-367
-316
-239
-125
-45
126
365
455
478
486
487
459
419
407
366
295
215
148
116
36
43
73
91
70
42
-15
-41
-199
-285
-350
-416
-443
-454
-472
-459
-431
-389
-331
-263
-149
-49
131
339
419
469
471
470
467
419
391
342
291
212
145
42
-1
8
24
47
46
10
-30
-42
-199
-290
-364
-433
-465
-479
-497
-492
-471
-429
-373
-298
-200
-54
116
287
379
411
419
419
419
397
371
325
267
183
126
27
-18
-12
20
33
35
11
-32
-54
-204
-291
-364
-432
-477
-488
-503
-490
-478
-435
-389
-318
-196
-53
122
277
391
419
467
462
457
419
418
373
319
227
149
129
27
25
49
59
57
47
-1
-44
-161
-247
-327
-412
-459
-459
-462
-459
-441
-410
-366
-290
-183
-44
116
307
419
482
499
494
491
468
419
392
340
266
180
133
37
35
51
70
75
51
-7
-43
-155
-249
-333
-405
-459
-465
-476
-469
-443
-411
-378
-314
-209
-66
105
267
374
419
462
458
462
419
404
369
308
229
143
126
6
7
17
35
30
10
-29
-32
-184
-285
-351
-428
-471
-492
-517
-519
-492
-456
-407
-332
-247
-94
27
212
358
418
450
451
419
419
392
355
283
218
144
123
11
5
20
31
27
11
-24
-44
-179
-272
-354
-431
-474
-484
-492
-488
-471
-433
-396
-316
-227
-79
35
250
378
451
475
487
482
459
419
387
334
265
195
133
43
25
51
74
86
75
25
-21
-81
-216
-311
-390
-434
-455
-459
-465
-453
-427
-364
-308
-211
-81
-24
163
379
462
479
483
475
467
419
389
342
277
196
126
67
20
41
54
70
63
15
-25
-123
-227
-316
-392
-462
-484
-490
-506
-494
-458
-414
-363
-272
-152
-43
129
331
403
455
451
446
419
392
352
317
251
180
131
25
-7
5
25
34
31
5
-33
-149
-241
-332
-428
-492
-509
-517
-519
-501
-461
-428
-365
-284
-165
-50
125
340
413
454
447
419
407
387
356
307
252
170
131
25
-5
15
49
54
51
25
-24
-47
-221
-300
-378
-430
-459
-460
-474
-465
-446
-397
-336
-249
-122
-32
131
356
419
462
466
468
465
419
387
343
293
214
139
122
38
58
81
85
75
42
-11
-39
-191
-269
-349
-418
-444
-460
-471
-443
-418
-373
-343
-269
-153
-43
131
343
419
477
470
467
419
410
379
343
274
195
126
42
-1
9
38
54
47
29
-17
-44
-204
-279
-369
-445
-479
-492
-494
-498
-469
-442
-393
-303
-198
-44
117
285
375
414
419
419
403
383
355
303
247
165
131
20
-10
-3
21
41
40
11
-29
-46
-199
-284
-367
-429
-470
-487
-489
-494
-488
-447
-394
-316
-207
-51
114
287
385
419
419
419
419
411
379
338
279
203
123
84
3
18
50
67
71
54
11
-42
-154
-239
-313
-396
-448
-454
-461
-459
-431
-407
-364
-295
-204
-63
114
289
403
460
478
475
462
419
416
375
313
244
163
123
31
27
62
84
84
82
37
-22
-49
-219
-302
-383
-431
-446
-465
-469
-457
-425
-385
-322
-226
-95
2
187
362
413
447
447
419
414
373
345
295
227
155
133
11
-9
27
51
51
49
-1
-27
-137
-217
-312
-398
-482
-478
-491
-492
-492
-473
-437
-379
-305
-175
-35
123
303
387
411
416
414
406
393
349
303
239
160
119
11
-12
2
39
61
67
51
-2
-50
-191
-296
-366
-443
-467
-476
-482
-489
-471
-438
-380
-295
-170
-43
125
317
407
460
471
447
419
419
394
342
291
206
126
126
30
25
59
84
90
69
34
-35
-139
-229
-301
-378
-429
-447
-446
-450
-426
-401
-352
-289
-196
-44
106
293
399
467
484
481
482
453
416
367
307
235
148
129
31
31
51
75
85
66
38
-28
-46
-218
-301
-381
-447
-476
-477
-482
-472
-455
-418
-353
-259
-129
-45
131
345
419
443
419
419
409
373
341
297
229
147
133
-1
-7
7
37
50
36
3
-28
-122
-226
-314
-406
-461
-505
-523
-514
-497
-473
-446
-389
-298
-182
-37
131
319
407
446
450
447
416
387
349
309
238
159
139
18
-12
1
39
70
80
48
-17
-33
-174
-271
-359
-427
-465
-469
-486
-482
-465
-419
-365
-284
-166
-37
129
340
419
467
470
461
454
419
393
362
293
212
138
118
35
46
73
95
102
83
23
-29
-145
-237
-327
-403
-450
-455
-469
-459
-445
-399
-369
-297
-188
-46
119
306
419
457
491
447
455
416
385
339
291
223
138
116
19
11
39
66
72
59
20
-28
-162
-257
-349
-425
-479
-493
-507
-503
-476
-445
-399
-339
-237
-94
39
253
366
409
419
419
408
385
351
318
259
200
129
42
-17
-21
9
49
39
30
-9
-47
-157
-251
-334
-420
-476
-491
-489
-490
-484
-458
-414
-348
-272
-129
-32
146
361
419
459
450
419
404
373
340
297
218
145
126
20
6
39
67
84
85
53
-10
-41
-205
-300
-378
-444
-476
-474
-475
-454
-442
-402
-335
-245
-102
-15
234
392
468
474
486
468
455
414
385
339
266
183
139
45
25
47
85
103
95
61
15
-47
-184
-279
-364
-426
-469
-476
-482
-459
-434
-411
-362
-282
-162
-44
138
339
416
454
466
419
419
407
361
318
257
185
131
37
-1
3
47
83
70
53
-10
-50
-185
-279
-359
-438
-484
-492
-505
-507
-491
-459
-411
-345
-245
-76
114
282
373
414
419
419
375
387
319
315
266
187
122
34
-12
-2
39
65
73
46
1
-33
-152
-253
-341
-409
-466
-492
-490
-488
-459
-437
-391
-332
-241
-103
62
272
387
457
469
468
443
419
391
353
314
244
163
133
23
11
45
84
99
84
56
3
-41
-201
-282
-361
-422
-437
-447
-459
-459
-421
-381
-319
-227
-95
-18
238
389
459
488
481
470
457
419
379
325
262
187
130
38
27
48
83
95
87
50
-1
-41
-188
-283
-366
-432
-474
-484
-487
-482
-454
-419
-362
-284
-158
-41
135
334
419
467
471
451
419
403
357
305
244
171
139
20
-11
5
39
61
51
45
-19
-39
-204
-295
-390
-458
-504
-513
-515
-501
-492
-455
-409
-335
-230
-63
111
285
394
419
443
419
419
403
356
325
275
196
138
27
-12
5
38
66
71
58
15
-28
-156
-252
-334
-415
-471
-480
-491
-484
-476
-433
-394
-339
-227
-76
92
275
391
457
466
467
447
419
399
357
308
235
163
135
31
36
47
90
91
87
53
-10
-49
-204
-295
-369
-439
-460
-465
-474
-466
-447
-398
-350
-266
-126
-44
134
367
446
465
467
447
419
391
351
309
244
154
130
18
-9
20
59
83
74
49
-22
-39
-218
-302
-391
-456
-482
-492
-505
-505
-493
-460
-412
-314
-185
-44
126
315
390
419
414
405
405
385
338
291
227
149
126
6
-33
-12
35
51
54
30
-22
-41
-199
-283
-376
-459
-505
-521
-520
-505
-495
-459
-428
-359
-252
-117
-25
238
367
419
419
419
419
415
387
342
280
222
134
118
9
15
51
100
107
83
36
-21
-44
-218
-300
-385
-441
-470
-484
-488
-478
-450
-411
-362
-268
-138
-39
132
369
457
479
489
481
466
419
385
346
279
209
131
84
31
51
95
122
126
87
27
-29
-173
-278
-349
-428
-461
-477
-482
-480
-459
-418
-365
-294
-190
-45
131
315
411
460
465
453
419
414
379
327
276
191
134
53
-1
19
43
82
91
71
20
-27
-158
-257
-349
-413
-476
-506
-509
-514
-497
-476
-433
-364
-268
-123
-44
130
341
411
419
419
419
414
387
345
298
218
146
126
11
-6
35
77
94
71
37
-18
-42
-217
-311
-396
-459
-503
-505
-513
-494
-459
-425
-386
-307
-161
-37
129
354
419
477
497
475
453
419
392
355
293
207
126
71
20
49
78
116
109
84
38
-29
-66
-235
-318
-399
-444
-458
-459
-455
-427
-405
-377
-309
-214
-46
119
314
419
489
500
498
482
469
419
393
335
250
160
133
35
31
69
101
116
99
71
2
-43
-202
-300
-367
-449
-486
-493
-497
-490
-459
-428
-361
-291
-170
-43
131
340
419
462
467
451
419
398
355
311
249
163
131
18
-12
1
36
69
75
54
2
-50
-199
-300
-385
-454
-505
-517
-544
-519
-515
-469
-432
-352
-238
-108
98
277
369
410
419
419
419
394
366
334
275
193
125
38
-12
-5
31
65
70
51
12
-29
-139
-239
-327
-401
-466
-490
-492
-498
-487
-459
-426
-358
-281
-141
-38
133
355
419
462
469
465
419
404
363
315
271
180
129
20
11
33
78
101
101
75
30
-31
-158
-245
-341
-411
-466
-476
-495
-478
-458
-434
-385
-332
-227
-53
123
295
391
443
467
453
419
404
378
334
271
193
129
27
-6
-10
21
62
69
62
19
-33
-143
-246
-332
-411
-473
-513
-517
-519
-505
-489
-455
-394
-300
-177
-46
125
314
387
405
406
401
383
355
311
265
199
126
82
-17
-29
-30
22
45
35
-5
-27
-45
-205
-301
-390
-459
-511
-525
-519
-524
-492
-458
-412
-364
-252
-99
87
276
370
414
419
419
419
392
362
323
272
192
126
27
-12
-5
34
67
84
74
35
-28
-105
-227
-300
-373
-454
-489
-503
-496
-481
-453
-414
-361
-282
-141
-48
133
359
419
477
475
482
457
409
369
319
267
178
131
27
17
34
81
94
84
67
20
-34
-163
-261
-341
-416
-466
-481
-498
-487
-462
-447
-386
-327
-236
-77
99
276
391
451
470
453
451
411
357
319
275
196
130
35
-23
-15
22
48
53
39
20
-25
-135
-236
-322
-412
-482
-516
-524
-523
-505
-473
-432
-396
-307
-175
-42
137
335
410
419
419
419
399
371
320
274
214
146
119
-12
-15
7
47
67
53
33
-12
-34
-188
-289
-362
-429
-492
-498
-510
-494
-474
-437
-396
-342
-236
-72
116
294
414
467
482
479
468
447
387
419
292
217
144
83
1
7
41
77
103
99
67
8
-39
-204
-297
-364
-433
-459
-467
-460
-461
-438
-412
-366
-284
-156
-42
139
370
458
499
511
497
479
419
377
325
263
178
126
22
8
35
70
90
99
74
27
-34
-165
-261
-345
-424
-482
-499
-505
-494
-475
-448
-396
-338
-223
-60
111
294
391
457
475
486
419
404
361
308
276
180
131
22
-18
-18
20
54
71
54
16
-41
-150
-249
-342
-425
-492
-523
-526
-537
-511
-489
-437
-379
-297
-150
-25
126
355
419
482
484
458
419
379
340
282
206
134
95
-15
-19
7
51
77
75
51
-10
-53
-181
-268
-351
-428
-476
-484
-501
-479
-458
-421
-375
-317
-202
-60
116
313
419
484
506
490
468
446
403
353
295
222
139
131
34
35
63
100
84
95
54
-6
-44
-204
-300
-383
-448
-476
-482
-476
-459
-432
-412
-349
-267
-134
-39
126
381
471
502
499
482
468
407
359
307
239
148
126
-5
-9
31
51
75
79
38
-12
-37
-191
-294
-375
-445
-492
-517
-521
-521
-478
-430
-379
-305
-214
-50
123
311
399
457
469
461
419
383
331
278
221
151
135
2
-23
-30
16
46
61
37
5
-41
-173
-274
-364
-428
-490
-509
-523
-515
-492
-466
-422
-364
-265
-113
2
261
399
455
479
475
457
419
383
339
277
207
141
112
12
17
48
82
85
79
53
-7
-41
-204
-297
-386
-456
-491
-486
-486
-462
-428
-378
-332
-255
-134
-29
134
381
471
511
505
495
479
414
377
323
260
182
126
36
22
43
88
114
112
83
21
-41
-175
-263
-336
-416
-459
-478
-494
-482
-462
-424
-381
-305
-187
-39
123
323
419
470
480
479
449
404
346
297
246
180
123
22
-18
-5
45
69
70
62
17
-39
-156
-255
-349
-431
-492
-511
-525
-524
-500
-473
-431
-364
-262
-105
38
255
383
419
459
450
419
399
351
305
247
179
136
22
-11
-12
25
84
81
77
30
-21
-45
-229
-315
-398
-474
-495
-484
-511
-486
-462
-421
-369
-285
-156
-42
131
367
454
495
487
482
454
405
369
310
248
165
129
29
15
39
83
99
99
87
39
-25
-142
-245
-332
-410
-458
-460
-477
-464
-428
-401
-357
-297
-194
-44
122
315
419
482
502
486
481
419
389
331
279
210
134
109
11
18
63
95
102
99
61
-12
-45
-218
-317
-394
-459
-484
-492
-497
-481
-462
-427
-365
-268
-122
-41
135
367
419
467
470
453
419
377
335
281
202
130
49
-12
-12
16
53
73
63
41
-25
-47
-209
-307
-392
-459
-518
-522
-527
-518
-495
-453
-403
-332
-207
-44
122
309
414
467
487
457
419
392
362
297
238
151
129
9
-7
19
39
87
94
73
35
-32
-135
-237
-321
-394
-459
-479
-494
-495
-470
-444
-410
-337
-238
-103
5
247
398
468
505
495
484
455
411
351
308
226
162
133
33
33
57
106
116
113
75
10
-41
-175
-269
-352
-428
-459
-476
-478
-461
-435
-405
-362
-272
-154
-45
134
354
458
501
505
484
462
411
356
307
230
154
131
15
-16
18
56
84
100
78
27
-31
-171
-281
-367
-446
-490
-494
-492
-493
-484
-458
-422
-354
-237
-81
95
273
371
419
459
451
419
401
351
311
243
168
134
16
-16
-17
25
43
51
41
7
-29
-141
-238
-333
-425
-482
-509
-504
-504
-499
-472
-430
-370
-272
-138
-43
129
374
453
471
486
459
419
375
326
269
209
134
116
20
4
42
84
103
107
74
-3
-43
-187
-290
-376
-455
-480
-481
-494
-469
-444
-394
-337
-256
-133
-43
126
382
469
500
517
497
462
403
363
306
244
165
123
36
32
45
84
114
107
91
31
-33
-166
-258
-344
-412
-459
-474
-489
-489
-460
-428
-378
-315
-206
-50
117
303
409
468
486
483
458
418
359
303
244
169
129
19
-15
2
38
78
91
65
27
-23
-140
-250
-347
-414
-492
-513
-521
-518
-501
-474
-431
-380
-286
-149
-43
131
361
419
453
462
419
411
354
313
250
185
131
21
-25
-27
20
66
75
79
41
-10
-43
-204
-305
-388
-459
-493
-498
-510
-477
-459
-430
-383
-303
-171
-42
126
347
419
487
484
473
453
403
355
308
244
159
138
14
2
35
73
99
114
92
53
-30
-76
-265
-325
-392
-451
-469
-476
-459
-430
-405
-359
-285
-190
-47
120
319
419
491
505
499
482
419
369
313
249
180
126
37
10
18
54
84
101
87
54
-9
-45
-213
-300
-389
-451
-486
-492
-484
-472
-454
-416
-364
-280
-149
-42
126
356
419
466
473
455
414
370
319
267
195
126
37
-15
-14
-10
41
62
54
39
-12
-47
-193
-306
-386
-466
-509
-505
-523
-498
-475
-458
-399
-344
-219
-56
118
307
406
468
478
465
419
393
340
289
235
151
130
3
-29
-12
36
79
99
79
42
-28
-44
-229
-321
-378
-441
-482
-481
-478
-459
-446
-393
-337
-264
-126
-44
133
379
462
499
494
491
471
414
351
291
227
148
131
20
7
54
89
113
111
90
37
-21
-143
-245
-330
-405
-457
-456
-470
-456
-423
-386
-349
-291
-204
-44
117
330
419
468
483
484
468
409
360
305
247
182
130
27
-14
10
51
83
79
54
25
-28
-51
-227
-321
-397
-465
-506
-492
-503
-471
-435
-398
-354
-271
-145
-44
139
351
419
457
453
419
403
343
291
246
179
123
24
-28
-33
-5
47
54
49
34
-12
-45
-204
-293
-377
-437
-476
-492
-492
-481
-449
-414
-379
-321
-221
-47
116
295
401
473
483
482
450
404
337
295
259
170
130
21
-9
5
38
82
87
87
54
0
-45
-215
-305
-381
-442
-469
-469
-450
-449
-413
-381
-332
-249
-126
-34
191
379
468
506
499
483
453
407
358
296
230
150
129
72
94
54
83
109
91
74
17
-37
-159
-252
-335
-407
-448
-459
-459
-448
-428
-387
-364
-290
-187
-44
148
325
414
467
482
471
419
394
341
289
222
163
137
11
-22
-11
36
67
67
51
3
-37
-135
-248
-337
-411
-471
-497
-492
-492
-466
-442
-407
-357
-284
-156
-44
126
339
406
451
455
449
407
347
297
244
179
123
23
-16
-17
9
35
65
78
59
11
-37
-189
-285
-369
-437
-480
-482
-491
-477
-458
-414
-382
-304
-188
-43
118
337
419
474
499
480
457
405
369
243
239
163
126
27
7
37
74
94
106
95
51
-12
-49
-205
-300
-374
-434
-454
-458
-450
-425
-394
-348
-301
-218
-71
109
291
406
481
500
499
469
419
359
308
262
201
126
49
-1
9
45
86
103
86
69
10
-45
-193
-284
-365
-436
-476
-482
-487
-467
-438
-406
-359
-284
-163
-43
130
340
419
469
470
449
419
369
319
262
205
126
43
-12
-25
-15
30
71
66
51
1
-40
-172
-278
-364
-435
-494
-511
-507
-498
-484
-445
-397
-333
-230
-76
113
299
383
447
467
445
419
371
325
275
223
155
119
19
-17
-2
36
71
84
82
58
1
-71
-205
-294
-363
-446
-477
-473
-467
-458
-427
-392
-334
-263
-111
-37
227
392
468
500
484
473
419
394
335
273
213
143
126
18
14
53
88
114
116
82
41
-27
-129
-245
-319
-405
-447
-461
-464
-433
-405
-386
-347
-300
-203
-44
129
335
419
482
501
482
450
399
344
298
229
165
129
3
-12
-7
27
65
84
79
51
-12
-44
-223
-320
-401
-462
-491
-482
-479
-466
-428
-414
-358
-279
-139
-46
145
353
416
453
451
416
373
331
291
234
163
131
10
-32
-31
-1
34
53
53
31
-11
-44
-207
-305
-369
-437
-489
-492
-488
-471
-429
-411
-374
-311
-189
-41
120
323
419
465
482
458
419
373
311
276
212
131
119
-8
-14
11
57
88
91
76
36
-33
-130
-238
-317
-396
-443
-472
-473
-459
-418
-393
-349
-291
-193
-51
120
329
419
493
500
495
468
419
366
311
251
183
130
42
-1
22
63
94
106
85
42
-9
-37
-221
-303
-385
-446
-474
-473
-465
-451
-409
-381
-327
-245
-106
-12
267
402
469
482
479
419
389
354
291
229
171
120
23
-30
-27
7
43
83
85
51
-1
-45
-201
-299
-382
-441
-493
-498
-489
-480
-459
-428
-401
-335
-235
-65
116
295
383
419
453
419
403
355
318
250
195
135
118
-9
-22
-25
27
53
67
48
24
-28
-133
-239
-325
-399
-455
-491
-492
-482
-449
-410
-383
-331
-259
-125
-33
146
387
466
497
487
475
413
371
321
274
212
135
118
-2
6
42
97
122
128
99
51
-21
-146
-239
-322
-378
-439
-444
-445
-425
-394
-346
-305
-253
-151
-53
130
355
471
503
519
505
467
409
354
299
234
171
129
31
-1
27
73
103
125
92
67
-9
-44
-225
-314
-390
-447
-474
-471
-478
-450
-413
-383
-332
-249
-113
54
257
391
459
489
482
453
390
337
278
227
163
133
-7
-31
-42
-5
49
70
81
49
-12
-46
-218
-312
-397
-461
-498
-514
-519
-510
-460
-423
-385
-318
-205
-41
126
323
419
468
482
407
419
361
377
251
198
131
107
-5
-22
-5
41
83
109
83
46
-28
-92
-249
-332
-416
-473
-492
-487
-471
-441
-413
-367
-318
-227
-62
137
305
419
481
503
495
459
407
351
298
260
180
120
27
-6
4
51
94
116
126
91
24
-38
-189
-281
-373
-428
-459
-455
-459
-459
-437
-405
-346
-268
-123
-33
138
379
468
491
484
455
403
355
287
229
165
134
21
-21
-30
-7
54
74
82
64
5
-46
-177
-282
-364
-437
-492
-499
-494
-482
-471
-421
-389
-332
-235
-73
117
279
390
451
461
419
391
343
293
239
171
129
21
-28
-44
-39
-28
51
84
65
21
-28
-97
-241
-330
-403
-459
-499
-497
-492
-459
-437
-397
-345
-321
-169
-77
174
449
447
478
482
454
414
351
297
239
182
133
36
-15
-19
17
53
90
117
107
71
-11
-45
-240
-339
-401
-451
-465
-450
-433
-411
-385
-364
-319
-222
-58
120
323
455
505
519
500
461
414
350
288
247
191
134
23
-10
4
67
111
118
105
82
20
-39
-179
-273
-363
-482
-457
-469
-444
-429
-407
-369
-349
-301
-176
-44
133
340
419
469
482
462
408
351
299
250
195
134
51
-18
-29
-12
37
83
89
84
39
-17
-113
-249
-332
-412
-469
-490
-497
-492
-459
-435
-405
-355
-278
-139
-31
126
371
419
467
457
419
367
314
251
196
147
126
7
-21
-37
15
54
99
95
73
10
-43
-196
-289
-365
-433
-476
-493
-473
-450
-425
-399
-361
-291
-181
-39
130
327
446
484
495
471
419
377
319
266
211
139
116
-1
-12
18
74
109
119
123
59
-12
-44
-213
-286
-373
-425
-460
-454
-437
-418
-386
-343
-307
-237
-94
71
279
407
481
510
499
459
399
340
283
227
166
135
15
-15
-9
38
82
113
111
81
19
-30
-178
-283
-353
-429
-477
-493
-482
-458
-429
-388
-377
-318
-204
-37
119
323
419
459
469
419
381
329
266
212
159
131
8
-25
-35
-40
11
66
86
82
35
-31
-156
-268
-362
-437
-492
-514
-493
-482
-457
-428
-396
-351
-262
-77
102
277
399
453
467
419
399
343
291
230
177
126
75
-15
-37
-27
36
83
114
109
77
20
-45
-201
-299
-370
-445
-477
-478
-473
-441
-406
-380
-327
-261
-117
-37
193
389
460
487
490
450
394
340
278
230
175
137
20
-11
2
51
102
119
126
114
54
-27
-44
-236
-323
-394
-450
-459
-459
-446
-412
-370
-351
-295
-189
-46
126
331
419
484
481
462
402
339
277
226
170
126
21
-21
-35
-15
25
67
90
97
64
-7
-45
-219
-322
-399
-461
-492
-492
-476
-461
-428
-413
-364
-281
-135
-41
123
367
419
446
419
387
327
274
223
163
120
35
-37
-44
-44
-36
51
83
146
59
-12
-46
-201
-286
-364
-427
-479
-498
-487
-467
-429
-403
-361
-314
-203
-49
114
295
419
468
475
459
404
340
281
213
171
134
21
-24
-27
6
59
101
118
117
79
20
-44
-192
-283
-364
-433
-464
-460
-441
-421
-392
-359
-318
-241
-112
-37
155
385
481
499
501
473
404
327
283
229
163
126
21
-6
-1
47
79
99
117
116
71
-2
-42
-223
-322
-397
-445
-473
-462
-438
-421
-397
-368
-332
-236
-76
99
275
387
451
470
467
407
355
289
228
169
120
43
-10
-31
-31
30
81
84
98
58
-7
-41
-201
-296
-374
-453
-490
-509
-482
-455
-423
-405
-369
-332
-218
-50
130
297
399
449
468
419
375
308
243
187
139
131
9
-25
-38
-12
35
69
109
100
65
-11
-40
-229
-326
-405
-459
-497
-480
-462
-426
-397
-368
-319
-252
-107
-6
273
400
484
501
495
447
382
311
258
196
142
131
-2
-28
-11
51
100
126
131
134
77
-12
-62
-236
-330
-399
-457
-459
-451
-416
-389
-364
-326
-284
-177
-44
130
350
447
491
499
473
419
351
287
241
182
131
51
-9
-18
19
61
97
117
117
79
11
-31
-219
-300
-380
-453
-480
-473
-459
-428
-397
-387
-346
-293
-159
-46
133
357
419
482
471
419
371
301
229
180
131
65
-10
-44
-47
-41
47
91
106
83
37
-29
-171
-274
-357
-439
-491
-492
-482
-459
-429
-406
-390
-334
-235
-69
107
281
390
419
471
419
392
333
285
225
159
135
30
-12
-34
-14
49
85
120
119
117
50
-28
-184
-281
-365
-433
-471
-459
-437
-419
-391
-367
-335
-257
-133
-37
129
385
473
515
503
453
406
343
279
223
163
131
25
-5
7
51
106
118
128
133
125
2
-47
-210
-300
-369
-427
-459
-459
-435
-407
-369
-332
-300
-223
-65
113
294
404
471
489
473
419
355
291
230
166
130
23
-27
-37
-28
35
91
114
114
84
29
-37
-190
-287
-367
-430
-478
-489
-473
-446
-409
-396
-369
-311
-191
-43
122
319
414
451
459
419
363
307
233
180
135
98
-15
-41
-49
-46
54
84
102
86
43
-25
-53
-239
-332
-397
-466
-492
-480
-464
-427
-397
-375
-332
-238
-92
94
277
401
469
491
477
419
356
303
237
185
130
54
-7
-17
-5
51
97
116
129
145
61
-21
-161
-262
-338
-403
-444
-437
-432
-410
-374
-346
-317
-268
-154
-39
134
371
468
499
503
455
403
337
271
210
162
131
35
-9
-12
31
78
117
131
120
123
8
-42
-213
-303
-381
-442
-466
-459
-437
-412
-384
-359
-321
-236
-92
71
258
379
462
479
458
402
339
273
217
153
126
20
-25
-33
-22
33
63
97
114
86
47
-31
-189
-296
-387
-434
-489
-490
-492
-457
-422
-401
-374
-333
-218
-45
120
308
414
459
455
411
357
303
241
190
148
129
2
-30
-34
-12
70
113
116
107
57
-11
-47
-214
-311
-379
-437
-459
-459
-445
-397
-357
-341
-315
-247
-92
42
259
399
475
498
482
419
369
291
234
184
133
120
10
-18
16
51
111
131
129
145
130
-12
-45
-241
-332
-403
-427
-427
-419
-393
-363
-350
-331
-274
-141
-42
131
370
488
405
523
419
404
247
255
207
149
130
7
-28
-16
27
84
116
131
131
86
-12
-49
-223
-321
-409
-459
-460
-462
-433
-411
-382
-359
-315
-225
-71
113
294
403
462
462
419
375
305
227
175
145
131
-11
-37
-44
-31
10
89
108
99
63
7
-37
-218
-314
-386
-449
-493
-490
-475
-437
-393
-357
-331
-269
-141
-41
151
362
419
467
453
411
338
262
201
155
131
42
-12
-29
-31
35
86
122
131
135
101
-11
-44
-246
-337
-407
-454
-459
-451
-426
-384
-359
-332
-293
-171
-45
129
369
462
500
482
419
318
289
263
206
153
128
21
-12
-9
33
106
116
123
148
126
25
-44
-201
-289
-354
-425
-459
-441
-424
-382
-348
-326
-300
-214
-54
116
315
419
470
482
471
401
315
251
195
137
129
18
-30
-44
-28
54
81
118
116
123
58
-12
-167
-281
-379
-423
-475
-472
-482
-438
-399
-396
-390
-331
-205
-44
122
331
414
448
419
392
330
265
193
146
133
37
-25
-42
-44
-41
63
105
117
103
66
-5
-41
-239
-316
-392
-438
-478
-465
-431
-403
-383
-350
-332
-252
-96
91
276
394
461
482
462
403
323
246
190
146
125
36
-23
-41
15
71
114
125
139
130
56
-29
-153
-246
-327
-396
-437
-430
-414
-385
-339
-319
-297
-250
-118
-29
135
377
482
499
486
419
361
289
227
182
137
126
2
-28
-25
33
84
122
135
107
122
-6
-44
-229
-325
-389
-434
-459
-432
-403
-370
-357
-345
-309
-217
-57
123
291
382
475
470
419
367
303
235
180
135
122
-12
-39
-41
-41
42
85
103
98
63
8
-48
-207
-325
-390
-450
-486
-476
-457
-426
-382
-379
-351
-295
-171
-41
125
345
419
455
419
399
319
257
199
135
129
25
-25
-44
-46
-30
62
114
128
126
71
-18
-76
-255
-345
-400
-451
-446
-428
-410
-373
-363
-330
-299
-215
-49
118
307
419
481
481
458
401
330
261
203
147
131
20
-27
-31
27
67
114
131
179
139
101
-22
-157
-264
-342
-397
-434
-423
-401
-369
-349
-330
-305
-235
-112
-24
227
455
469
495
467
414
345
286
218
181
155
68
6
-28
-28
42
51
114
120
109
113
-21
-141
-253
-332
-400
-451
-452
-445
-419
-380
-345
-333
-307
-229
-76
100
286
407
459
479
419
371
287
218
160
126
68
-12
-44
-44
-46
-21
75
111
107
155
7
-44
-218
-332
-403
-459
-482
-467
-453
-418
-291
-347
-343
-283
-156
-37
131
356
419
474
457
411
340
263
199
151
130
27
-30
-35
-38
31
75
118
133
135
131
17
-48
-235
-337
-394
-437
-459
-426
-390
-367
-345
-341
-305
-215
-53
123
327
455
419
547
475
419
282
262
271
153
123
33
-19
-24
27
87
116
139
159
135
126
-28
-165
-267
-359
-425
-457
-449
-421
-390
-350
-332
-307
-250
-109
-29
259
404
475
487
466
407
327
250
180
135
126
12
-27
-47
-49
23
79
117
120
131
90
-12
-44
-264
-358
-431
-472
-453
-431
-426
-399
-381
-363
-327
-236
-74
114
303
414
459
461
399
340
266
180
134
125
27
-12
-44
-57
-44
53
91
154
120
83
11
-38
-219
-325
-409
-457
-474
-450
-438
-393
-354
-331
-306
-239
-82
92
282
409
479
484
454
399
311
225
180
131
129
15
-22
-46
-41
49
107
126
165
147
129
-14
-140
-250
-332
-396
-421
-423
-407
-369
-347
-332
-303
-252
-137
-42
120
385
479
515
495
453
370
293
212
163
122
10
-15
-41
-30
35
99
117
130
159
126
20
-51
-229
-306
-390
-437
-448
-457
-399
-375
-343
-329
-306
-216
-61
113
307
419
482
482
419
353
278
209
154
131
39
-25
-45
-39
-46
38
92
116
119
95
-12
-42
-173
-363
-402
-459
-473
-460
-437
-410
-389
-375
-331
-269
-140
-47
135
363
451
478
419
373
309
226
171
126
84
-3
-25
-43
-41
-30
84
120
109
135
79
-25
-149
-261
-364
-418
-446
-428
-418
-393
-361
-347
-322
-268
-145
-44
129
371
469
487
471
405
339
271
194
151
131
42
-98
-24
-9
84
106
131
179
165
129
116
-41
-218
-313
-379
-415
-429
-405
-373
-345
-321
-309
-268
-161
-41
125
405
450
495
489
419
361
281
212
164
207
51
-12
-34
-44
-12
15
120
139
212
119
23
-47
-218
-322
-351
-457
-469
-472
-414
-367
-359
-343
-301
-225
-67
114
309
414
467
451
402
338
258
184
136
133
30
-27
-44
-76
-46
29
90
112
111
67
3
-39
-227
-331
-402
-449
-469
-470
-447
-401
-330
-335
-309
-248
-118
-23
241
383
467
468
419
377
305
225
153
120
71
14
-47
-44
-22
51
101
125
126
147
138
-18
-146
-272
-359
-437
-457
-451
-414
-383
-349
-325
-302
-241
-117
-25
263
402
489
511
513
419
346
343
194
159
138
43
-10
-17
-7
54
120
125
171
161
125
3
-47
-234
-325
-407
-437
-454
-413
-378
-341
-333
-288
-285
-179
-43
135
361
459
495
482
419
363
277
201
148
132
23
-28
-38
-50
-44
51
117
131
120
126
27
-44
-182
-330
-402
-464
-482
-454
-381
-380
-368
-361
-323
-237
-95
75
267
377
419
461
399
343
259
191
126
135
20
-23
-43
-76
-44
-25
88
119
123
122
41
-29
-235
-288
-384
-454
-469
-464
-429
-363
-359
-332
-311
-265
-140
-38
131
365
467
497
481
414
339
245
179
145
137
25
-10
-44
-41
25
91
126
133
158
126
17
-49
-236
-313
-393
-429
-427
-411
-374
-332
-322
-306
-268
-161
-44
123
355
487
506
501
419
368
270
198
154
137
47
-9
-29
-43
-25
83
123
148
159
89
84
-125
-199
-307
-385
-429
-450
-431
-362
-350
-337
-319
-297
-223
-83
90
281
404
475
478
449
367
286
211
139
123
33
-11
-44
-85
-41
-38
85
114
119
123
65
-25
-182
-299
-383
-459
-482
-478
-446
-415
-401
-382
-373
-299
-206
-53
131
343
451
470
462
387
307
239
163
126
65
1
-42
-47
-73
-38
74
114
125
131
119
18
-41
-221
-313
-408
-432
-449
-430
-396
-364
-335
-321
-299
-229
-81
102
294
419
491
503
467
392
313
218
158
131
50
3
-25
-41
-28
69
117
133
191
151
137
-12
-44
-252
-332
-397
-429
-426
-391
-346
-318
-305
-311
-241
-140
-44
135
371
466
499
482
414
326
255
180
185
126
15
-22
-42
-45
-42
84
116
123
143
123
6
-44
-230
-327
-428
-448
-444
-418
-394
-396
-343
-323
-302
-225
-75
105
287
410
460
458
413
343
244
165
133
102
12
-37
-45
-97
-57
-43
75
106
117
114
36
-25
-204
-305
-391
-441
-479
-459
-428
-394
-352
-332
-321
-275
-153
-50
133
351
419
468
451
381
293
217
149
192
51
-62
-33
-44
-43
-44
83
131
131
135
126
5
-44
-236
-314
-383
-344
-449
-412
-383
-336
-309
-288
-266
-194
-42
118
323
419
487
480
459
387
298
215
146
131
51
-12
-24
-42
-7
70
116
131
167
138
120
-20
-149
-267
-351
-412
-430
-410
-389
-347
-309
-287
-269
-236
-120
-29
128
370
467
488
467
393
319
239
149
155
41
-15
-29
-92
-49
-47
79
113
125
123
66
-12
-47
-236
-330
-408
-456
-458
-426
-412
-364
-342
-333
-296
-235
-106
23
270
398
468
462
413
346
247
167
126
46
-1
-35
-75
-125
-79
-44
79
118
131
130
129
-44
-181
-303
-385
-438
-464
-446
-427
-377
-345
-329
-310
-263
-152
-42
131
371
469
491
469
404
318
229
150
133
50
-12
-23
-41
-69
-6
107
147
139
151
131
123
-33
-201
-307
-379
-434
-431
-399
-362
-320
-297
-284
-273
-193
-47
123
340
456
502
514
468
382
291
202
145
135
31
-21
-43
-71
-49
53
125
138
179
146
143
-21
-111
-257
-345
-397
-437
-429
-409
-377
-325
-309
-304
-262
-160
-46
129
350
419
473
462
419
313
222
159
155
35
-28
-40
-86
-59
-33
54
109
131
116
84
0
-45
-233
-346
-399
-435
-459
-455
-422
-363
-351
-332
-296
-234
-81
114
294
406
460
454
404
335
241
165
126
49
-7
-38
-53
-97
-38
-12
111
131
136
135
107
-33
-187
-294
-373
-429
-443
-412
-396
-361
-327
-300
-274
-216
-74
75
279
405
487
490
461
387
295
215
151
129
43
-9
-37
-43
-39
43
112
130
180
165
130
25
-74
-209
-318
-396
-418
-418
-386
-347
-306
-287
-271
-236
-140
-32
126
362
467
500
491
419
337
235
171
144
63
-1
-92
-53
-50
-94
23
51
185
173
120
-42
-45
-218
-304
-385
-438
-461
-418
-397
-353
-303
-300
-282
-230
-31
54
276
402
466
470
410
340
246
162
133
45
-11
-38
-103
-126
-51
39
122
119
137
126
57
-22
-175
-279
-377
-431
-467
-456
-428
-374
-333
-318
-303
-265
-172
-50
122
338
419
473
446
392
313
228
151
134
41
-11
-34
-44
-61
-44
75
116
133
154
148
128
-25
-184
-294
-378
-431
-432
-410
-364
-330
-300
-278
-263
-204
-103
190
323
419
500
511
465
387
294
209
135
126
36
-12
-44
-45
-38
73
113
123
177
154
126
-7
-44
-241
-337
-402
-414
-424
-389
-359
-318
-284
-265
-225
-92
-130
149
405
419
451
457
390
299
223
137
131
17
-21
-44
-79
-65
-53
83
125
131
129
139
-6
-45
-229
-332
-407
-445
-459
-427
-397
-341
-322
-293
-284
-199
-54
120
309
419
466
449
404
309
225
137
133
21
-14
-45
-107
-103
-45
-39
103
119
143
131
126
-32
-126
-299
-442
-455
-381
-349
-416
-267
-263
-305
-282
-229
-103
-6
263
403
474
494
462
375
289
185
147
178
-37
-12
-44
-44
-45
33
114
59
196
163
123
6
-53
-234
-339
-377
-412
-400
-364
-338
-297
-274
-267
-225
-120
-47
134
371
475
515
491
419
359
259
174
130
123
15
-11
-42
-43
-44
67
116
120
175
143
135
-35
-183
-293
-378
-428
-433
-396
-369
-331
-301
-284
-262
-196
-45
123
321
419
469
467
411
330
241
149
139
47
5
-30
-53
-82
-61
20
162
111
131
131
46
-34
-196
-313
-392
-459
-477
-515
-397
-364
-331
-311
-282
-305
-118
-28
137
385
461
468
419
365
276
195
139
111
-5
-31
-92
-113
-58
-61
84
94
130
151
142
-17
-53
-236
-342
-402
-446
-429
-396
-345
-303
-294
-268
-237
-143
-44
137
355
460
499
475
419
337
257
175
129
129
20
-21
-33
-29
-41
74
116
131
161
131
131
-28
-175
-269
-357
-413
-428
-402
-379
-325
-277
-268
-280
-183
-54
116
309
419
491
489
419
367
276
190
131
123
22
-21
-41
-82
-46
-34
92
118
131
122
116
-12
-155
-283
-359
-435
-455
-364
-383
-365
-332
-309
-343
-259
-157
-27
126
339
450
479
449
373
295
209
133
116
7
-30
-44
-123
-105
-54
3
98
114
116
77
-14
-46
-241
-348
-418
-469
-471
-450
-389
-343
-300
-262
-265
-204
-69
102
291
411
471
451
419
341
259
168
134
65
12
-35
-45
-83
-43
-12
102
126
133
131
122
-17
-147
-268
-333
-432
-443
-432
-403
-382
-301
-299
-217
-172
-155
27
274
411
500
519
491
403
327
233
148
95
62
39
-39
-62
-46
33
106
179
158
184
143
84
-65
-204
-327
-397
-491
-386
-399
-363
-266
-273
-245
-219
-149
-49
92
339
453
515
474
419
339
255
157
125
39
-1
-33
-50
-105
-27
59
111
123
106
131
37
-32
-196
-314
-399
-454
-460
-447
-391
-357
-323
-295
-268
-218
-92
79
277
399
468
462
419
339
257
162
126
35
-12
-29
-53
-96
-54
-37
91
117
136
123
119
-21
-172
-277
-367
-438
-477
-446
-428
-366
-316
-275
-252
-122
-126
35
241
354
491
505
483
397
308
213
135
133
34
-5
-12
-47
-49
15
101
170
114
178
129
116
-35
-201
-301
-392
-422
-415
-380
-334
-295
-282
-236
-210
-139
-49
132
361
484
531
522
462
386
279
207
119
130
37
9
-37
-35
-49
59
120
129
181
162
131
-23
-143
-279
-357
-433
-449
-433
-391
-338
-301
-274
-252
-214
-92
43
277
409
484
500
465
375
279
193
135
79
19
-21
-49
-105
-67
-41
59
111
117
149
123
16
20
-183
-343
-443
-472
-447
-444
-429
-409
-318
-241
-249
-177
-37
119
324
419
459
453
404
321
223
146
135
36
-12
-37
-92
-96
-25
-44
100
84
126
203
137
-33
-175
-289
-382
-429
-460
-430
-407
-353
-317
-281
-252
-202
-72
101
291
419
499
503
458
382
283
195
126
131
51
-12
-29
-53
-45
34
107
126
239
165
125
20
-51
-210
-320
-392
-430
-428
-396
-370
-325
-283
-251
-229
-170
-35
155
351
452
497
478
419
343
243
163
130
50
-12
-30
-41
-105
-6
31
103
166
123
135
116
-25
-187
-219
-360
-459
-439
-458
-428
-314
-362
-351
-229
-289
-113
41
143
365
419
449
419
340
257
177
133
22
-12
-53
-101
-112
-92
-51
50
102
101
114
65
-6
-53
-240
-349
-438
-459
-492
-436
-421
-443
-236
-303
-285
-213
-94
19
243
373
459
474
419
345
262
181
131
66
3
-29
-46
-73
-41
-29
84
123
129
153
126
3
-44
-245
-337
-412
-449
-441
-396
-367
-370
-332
-229
-235
-92
-44
126
355
469
500
499
419
356
267
177
117
136
31
-34
-54
-29
-11
70
130
131
165
155
119
-17
-165
-251
-282
-421
-459
-355
-407
-349
-301
-284
-262
-237
-48
2
255
379
468
475
419
359
281
185
133
67
20
-42
-33
-74
-34
-45
71
126
118
123
82
-10
-53
-233
-333
-411
-459
-469
-446
-412
-353
-332
-309
-268
-205
-71
91
282
404
459
466
409
335
247
148
126
39
-12
-37
-74
-98
-44
-30
99
126
126
126
137
-21
-147
-319
-354
-408
-470
-475
-428
-370
-338
-300
-279
-237
-145
-44
122
357
474
500
483
419
339
234
152
133
43
33
-53
-45
-28
-29
-3
129
167
181
182
116
-21
-140
-278
-357
-412
-441
-426
-369
-321
-275
-241
-205
-161
-61
107
279
414
497
509
477
405
314
213
139
128
33
-12
-39
-44
-118
20
91
147
136
244
139
43
-44
-206
-300
-383
-429
-446
-418
-377
-269
-361
-300
-223
-191
-85
-2
194
387
471
482
419
369
278
180
128
51
-9
-41
-41
-107
-70
-41
63
116
120
131
78
-7
-50
-230
-342
-412
-473
-476
-447
-398
-364
-330
-311
-295
-168
-44
116
302
419
471
489
419
327
228
149
120
23
-15
-44
-61
-92
-54
-7
95
120
120
151
139
-10
-50
-253
-339
-421
-442
-421
-419
-348
-294
-277
-233
-183
-95
-38
133
386
487
513
495
414
330
235
169
39
22
-61
-31
-34
-59
20
86
137
141
180
148
132
-12
-175
-266
-351
-419
-435
-418
-377
-330
-283
-252
-235
-176
-46
113
291
416
491
499
462
383
290
184
131
84
17
-30
-49
-77
-45
-38
83
117
41
71
117
-63
-135
-221
-323
-404
-458
-459
-458
-412
-387
-301
-282
-255
-194
-62
114
297
404
467
475
403
410
163
135
99
25
-27
-45
-111
-120
-118
1
42
99
135
116
50
-30
-169
-268
-351
-426
-462
-459
-423
-385
-323
-301
-268
-221
-123
-39
122
373
468
484
467
391
292
207
143
89
15
-19
-39
-43
-58
-39
82
131
144
163
131
116
-33
-187
-288
-385
-453
-459
-426
-382
-313
-278
-241
-211
-129
-34
126
363
478
515
503
466
359
247
163
133
39
17
-23
-10
18
-25
135
125
131
165
148
123
-10
-45
-247
-351
-418
-445
-444
-419
-364
-315
-272
-238
-201
-81
27
257
389
468
483
460
378
281
179
126
54
19
-25
-126
-97
-53
-42
53
94
112
117
126
15
-47
-236
-342
-409
-484
-499
-465
-428
-369
-329
-289
-252
-172
-38
126
328
419
478
450
391
297
202
126
47
7
-22
-62
-82
-76
-43
48
107
119
136
133
120
-30
-172
-280
-366
-439
-481
-467
-439
-410
-318
-280
-241
-196
-92
-16
251
399
484
506
475
399
296
195
129
114
29
-5
-37
-45
-53
49
107
134
171
175
148
116
-28
-170
-299
-364
-419
-428
-412
-381
-300
-262
-229
-204
-92
-43
113
373
475
519
513
447
340
240
153
129
51
9
-12
-53
-49
-41
70
116
130
201
153
131
-25
-172
-275
-377
-454
-476
-456
-433
-364
-321
-280
-230
-174
-54
113
323
419
490
479
419
371
235
139
130
21
-11
-28
-37
-95
-53
-39
82
116
125
126
67
-19
-172
-339
-394
-449
-484
-495
-462
-397
-344
-355
-273
-207
-122
-58
148
389
469
486
448
375
287
181
129
45
5
-19
-39
-92
-59
-45
83
120
130
158
131
38
-39
-196
-303
-396
-454
-459
-445
-394
-341
-278
-241
-201
-125
-39
131
386
478
527
517
443
355
248
163
131
51
23
-25
-39
-44
11
73
125
129
200
180
131
-9
-44
-253
-357
-427
-454
-428
-385
-335
-301
-264
-230
-170
-45
114
315
447
517
515
470
379
280
181
123
47
7
-32
-41
-77
-42
-33
85
126
134
149
126
-3
-43
-236
-343
-428
-478
-475
-435
-399
-344
-309
-268
-218
-120
27
130
371
471
477
457
363
269
174
133
38
-22
-31
-44
-33
-54
-35
58
126
53
92
123
20
-33
-217
-329
-409
-466
-476
-460
-459
-364
-321
-269
-222
-117
-49
138
370
473
509
475
387
296
193
126
98
31
-7
-39
-22
-54
-43
81
123
138
166
146
126
-27
-177
-284
-367
-422
-458
-431
-379
-318
-268
-225
-199
-126
-37
126
355
475
515
506
451
354
263
169
131
57
20
-28
-41
-45
-30
63
126
131
181
163
123
-7
35
-269
-354
-422
-441
-438
-392
-365
-298
-281
-223
-174
-47
123
331
468
509
494
419
339
238
142
116
24
-15
-38
-92
-85
-43
3
11
107
116
143
63
-18
-120
-270
-365
-449
-489
-471
-441
-382
-315
-285
-245
-204
-77
69
276
408
477
473
419
342
247
148
120
25
-18
-29
-46
-92
-54
-30
75
126
129
126
129
-3
-33
-239
-343
-413
-467
-476
-429
-381
-309
-278
-236
-179
-73
90
276
407
484
497
462
383
287
199
134
103
34
-10
-12
-42
-62
3
89
159
135
175
170
117
-22
-175
-277
-375
-427
-443
-397
-361
-306
-263
-229
-185
-101
-46
131
387
482
514
506
446
341
230
143
126
36
5
-28
-49
-46
-39
34
101
119
170
150
145
3
-157
-268
-366
-426
-459
-443
-402
-355
-306
-268
-248
-183
-44
123
318
419
487
489
419
347
244
147
126
23
-14
-41
-122
-108
-54
-31
77
113
118
126
72
-21
-140
-270
-363
-437
-480
-479
-443
-381
-329
-275
-247
-227
-98
-27
126
363
471
479
455
377
273
163
134
39
8
-25
-46
-76
-53
-42
65
116
122
133
134
116
-41
-213
-312
-394
-448
-454
-414
-370
-347
-279
-218
-213
-131
-30
126
371
471
521
490
419
351
245
155
126
37
11
-25
-44
-45
-3
100
103
161
191
180
116
-10
-54
-240
-342
-423
-424
-430
-390
-325
-275
-239
-206
-157
-39
126
323
459
506
501
467
371
273
172
126
47
3
-28
-44
-75
-53
-24
84
123
133
159
130
5
-40
-248
-341
-428
-473
-469
-416
-375
-318
-293
-255
-229
-134
-41
137
342
419
467
449
379
291
194
126
30
-1
-32
-39
-114
-107
-40
36
97
88
139
92
19
-47
-196
-305
-396
-445
-474
-459
-405
-332
-283
-241
-205
-157
-53
114
301
419
469
480
419
342
244
153
145
34
-1
-32
-40
-42
-45
48
97
116
129
123
135
-12
-38
-250
-332
-400
-438
-428
-391
-347
-272
-239
-201
-157
-57
111
299
419
506
523
481
398
308
215
137
114
35
-14
-34
-44
-38
39
96
119
131
146
126
20
-50
-206
-287
-405
-455
-426
-402
-354
-311
-261
-229
-205
-133
-39
132
353
458
514
475
411
315
249
134
120
23
-18
-50
-97
-82
-46
37
117
130
118
114
34
-28
-181
-314
-412
-471
-478
-451
-408
-364
-332
-283
-234
-182
-46
116
291
403
475
470
402
323
227
135
118
7
-28
-44
-101
-85
-43
-33
78
116
129
126
109
-25
-154
-274
-365
-459
-490
-459
-386
-342
-295
-245
-228
-176
-70
87
263
390
482
482
457
387
289
193
120
126
25
-21
-44
-44
-45
25
97
123
129
162
120
37
-37
-203
-275
-387
-427
-425
-418
-345
-287
-248
-198
-158
-97
54
201
371
481
519
500
419
323
234
126
123
23
-14
-25
-32
-39
-48
66
113
123
147
130
120
-21
-204
-284
-396
-450
-459
-459
-363
-364
-296
-255
-222
-141
-44
126
339
411
451
447
401
286
224
129
123
3
-21
-44
-105
-92
-50
-37
87
116
117
120
47
-40
-177
-293
-363
-459
-481
-479
-434
-379
-317
-285
-235
-177
-58
107
276
407
482
470
419
338
243
139
126
17
-29
-33
-48
-79
-44
-37
79
113
131
146
149
-12
-46
-248
-332
-424
-457
-435
-383
-343
-308
-251
-210
-171
-66
103
275
398
473
491
462
386
291
195
133
116
12
-14
-38
-41
-42
23
97
123
142
184
156
116
-32
-182
-279
-363
-412
-428
-394
-362
-291
-268
-233
-193
-119
-41
157
343
451
491
474
419
337
230
136
118
30
-5
-35
-41
-76
-44
35
96
116
143
133
139
-17
-140
-268
-369
-428
-467
-447
-416
-362
-321
-287
-265
-204
-92
61
246
402
473
468
419
343
246
139
118
18
-12
-44
-113
-119
-76
-39
57
135
122
120
122
-6
-45
-255
-337
-412
-444
-458
-418
-369
-348
-291
-263
-207
-140
-41
119
341
419
482
455
413
325
210
109
116
27
-12
-41
-50
-71
-47
57
114
139
182
177
133
-28
-162
-241
-352
-409
-431
-424
-382
-321
-268
-235
-205
-151
-37
116
310
419
494
511
505
367
277
193
126
95
19
-29
-44
-44
-43
45
101
139
181
165
130
20
-46
-230
-326
-393
-437
-437
-406
-379
-302
-257
-235
-178
-75
-31
133
363
458
471
455
387
289
193
126
51
11
-28
-59
-92
-61
-58
54
109
116
120
109
37
-28
-211
-328
-383
-464
-474
-446
-391
-359
-302
-282
-261
-174
-57
107
287
407
419
445
381
294
209
128
68
8
-27
-48
-108
-92
-53
-14
82
137
139
120
123
-17
-106
-268
-335
-438
-435
-446
-398
-341
-301
-271
-238
-188
-70
99
277
404
487
500
462
379
291
193
126
75
16
-28
-41
-46
-49
36
101
123
196
202
159
135
-24
-177
-291
-357
-424
-412
-377
-329
-270
-235
-201
-157
-73
-21
134
370
466
500
499
419
337
229
139
119
35
-11
-41
-39
-53
-45
71
117
130
169
163
148
-14
-168
-256
-337
-437
-457
-426
-373
-332
-287
-250
-223
-175
-46
103
281
405
465
469
418
337
235
149
120
18
-27
-45
-108
-108
-71
-43
74
103
119
128
114
-12
-46
-266
-363
-432
-462
-462
-412
-366
-316
-285
-239
-196
-95
-33
132
367
460
465
419
355
269
165
131
36
1
-31
-57
-85
-58
-44
83
112
139
147
119
29
-53
-184
-271
-396
-430
-419
-410
-373
-312
-247
-229
-181
-103
-21
137
367
462
511
461
398
329
217
138
123
27
-3
-42
-43
-45
-44
73
116
131
173
161
123
-7
-60
-230
-344
-396
-433
-409
-378
-310
-274
-266
-204
-149
-44
134
311
419
468
511
419
343
240
155
126
18
-18
-46
-109
-102
-51
-40
69
119
123
119
91
-12
-44
-261
-353
-428
-459
-486
-427
-361
-306
-268
-236
-198
-119
-42
126
330
419
451
409
340
244
150
131
21
-15
-49
-108
-122
-95
-42
6
63
99
114
113
11
-73
-209
-303
-375
-459
-454
-420
-387
-331
-294
-251
-217
-144
-44
135
303
411
455
465
407
326
230
134
122
36
-7
-39
-41
-66
-45
51
102
120
148
138
129
-27
-66
-214
-332
-377
-432
-421
-394
-310
-238
-210
-184
-156
-46
98
263
403
484
498
473
413
309
213
139
131
39
-2
-31
-53
-33
25
92
122
131
171
139
119
-29
-183
-284
-366
-414
-428
-396
-353
-296
-256
-221
-190
-101
-45
128
334
449
489
482
382
314
213
135
120
18
-23
-45
-82
-76
-45
-7
92
118
123
126
51
-28
-177
-271
-364
-433
-459
-431
-406
-359
-305
-274
-259
-203
-92
-25
143
358
419
455
413
339
274
150
116
15
2
-45
-48
-97
-61
-43
59
117
126
134
135
4
-42
-209
-317
-396
-454
-437
-413
-358
-295
-257
-227
-181
-106
-43
133
359
462
483
469
399
305
214
139
120
25
-6
-29
-54
-49
-51
67
120
130
180
143
130
-25
-135
-250
-346
-406
-421
-394
-360
-291
-240
-196
-140
-141
-25
116
321
419
498
486
419
355
253
163
129
29
2
-33
-47
-75
-41
10
83
116
137
163
130
34
-46
-223
-325
-393
-448
-414
-396
-349
-318
-258
-229
-196
-85
-19
145
373
419
462
418
355
259
162
131
19
-15
-47
-107
-126
-95
-45
51
97
120
119
95
16
-44
-222
-316
-408
-468
-476
-438
-393
-332
-294
-250
-203
-133
-49
126
331
419
419
419
361
290
180
131
31
-9
-28
-40
-103
-79
-35
34
97
119
134
129
122
-19
-159
-253
-348
-425
-462
-409
-387
-342
-269
-234
-217
-144
-38
135
340
419
487
484
416
334
235
152
134
30
-9
-15
-69
-66
-43
56
107
129
180
161
136
21
-44
-202
-287
-391
-414
-428
-369
-331
-273
-245
-204
-163
-59
99
281
407
491
482
419
363
255
154
129
33
-7
-39
-44
-107
-57
-46
62
114
126
135
133
36
-41
-204
-306
-396
-437
-455
-426
-379
-330
-277
-252
-196
-108
-47
136
351
419
455
419
355
251
153
120
2
-28
-44
-118
-133
-108
-42
-21
84
111
126
126
53
-37
-191
-297
-364
-435
-465
-438
-411
-331
-299
-251
-249
-151
-44
113
301
419
451
461
401
299
215
130
59
10
-30
-44
-92
-92
-44
-21
89
126
133
165
129
31
-35
-214
-300
-354
-402
-399
-378
-338
-274
-246
-213
-175
-92
-30
129
397
473
499
482
414
314
218
130
99
14
-27
-37
-77
-63
-37
83
119
126
181
170
128
-5
-44
-218
-346
-401
-437
-414
-347
-313
-267
-253
-229
-182
-75
43
241
385
462
482
419
346
246
162
130
14
-29
-44
-120
-113
-76
-29
78
91
128
117
130
35
-28
-205
-301
-367
-442
-445
-412
-407
-305
-267
-237
-195
-140
-44
129
275
341
419
419
370
287
193
137
25
-25
-44
-101
-114
-105
-49
-37
82
132
135
135
126
11
-48
-218
-332
-405
-438
-411
-368
-298
-252
-196
-194
-159
-63
-25
126
342
419
387
402
350
281
184
134
36
-4
-37
-45
-96
-63
-44
75
123
138
195
168
134
-10
-41
-236
-326
-392
-430
-367
-314
-253
-218
-192
-158
-97
-30
131
311
398
419
419
355
291
249
165
119
25
-11
-37
-42
-76
-45
-29
95
113
131
175
138
126
-39
-199
-299
-369
-424
-410
-363
-310
-268
-221
-203
-169
-117
-12
133
299
355
409
367
319
227
129
137
15
-27
-38
-76
-114
-111
-57
-44
67
99
117
122
71
-14
-123
-239
-327
-383
-409
-397
-343
-302
-253
-238
-204
-163
-54
90
195
347
404
401
357
283
191
131
23
-12
-29
-44
-95
-98
-60
-37
67
106
119
131
133
46
-34
-172
-252
-325
-371
-379
-351
-305
-263
-223
-204
-166
-114
-37
126
303
387
419
419
356
293
187
126
49
17
11
-28
-44
-48
-44
63
119
126
137
167
119
58
-34
-185
-268
-327
-364
-351
-330
-293
-224
-206
-165
-165
-97
-41
131
315
397
419
405
340
283
162
134
31
-10
-27
-44
-92
-76
-53
12
98
116
133
113
114
-15
-62
-236
-326
-375
-407
-392
-342
-305
-267
-235
-204
-202
-85
-23
120
328
392
370
339
276
199
125
25
-17
-62
-73
-54
-111
-76
-35
29
109
114
125
126
46
-19
-157
-266
-333
-396
-406
-380
-332
-283
-249
-235
-209
-150
-44
116
275
383
419
419
361
280
180
131
62
6
-31
-43
-108
-79
-44
-19
97
126
133
159
129
31
-39
-158
-268
-332
-362
-374
-344
-286
-222
-190
-145
-150
-57
-27
131
340
419
455
419
363
275
181
123
41
3
-21
-43
-46
-51
-38
61
101
113
130
131
133
32
-33
-189
-286
-349
-383
-384
-335
-277
-221
-207
-196
-157
-71
11
139
345
411
419
383
291
207
126
37
-12
-21
-50
-103
-113
-79
-45
47
89
118
131
129
36
-39
-184
-287
-351
-411
-426
-396
-347
-273
-247
-250
-191
-156
-44
120
297
383
405
390
344
239
158
128
2
-28
-45
-95
-113
-86
-40
-44
71
113
135
138
134
35
-49
-203
-303
-367
-406
-401
-348
-285
-243
-217
-199
-173
-95
-28
131
346
419
453
411
325
238
143
129
20
-11
-31
-49
-81
-47
-48
75
114
133
202
177
130
20
-47
-209
-277
-348
-373
-333
-303
-252
-211
-184
-183
-135
-54
100
275
378
458
447
404
318
212
133
71
-7
-17
-43
-76
-76
-54
-43
82
123
151
145
138
131
-28
-147
-241
-321
-396
-398
-375
-325
-268
-221
-213
-218
-154
-41
117
271
374
416
410
357
251
148
126
-9
-29
-38
-113
-138
-133
-69
-42
59
105
133
145
135
25
-41
-215
-288
-379
-414
-414
-381
-343
-293
-235
-230
-205
-140
-41
132
306
393
419
403
337
234
148
119
-12
-29
-39
-108
-108
-92
-44
62
114
131
183
171
142
7
-44
-202
-291
-350
-383
-366
-319
-280
-235
-202
-191
-159
-61
54
247
375
451
459
450
341
239
141
133
10
-23
-38
-54
-92
-43
-37
103
120
181
183
146
133
3
-54
-219
-309
-365
-389
-367
-310
-259
-216
-198
-191
-146
-58
113
277
401
456
446
387
287
185
132
11
-18
-43
-101
-126
-105
-62
-45
89
125
118
165
144
114
-42
-194
-287
-365
-413
-413
-373
-327
-269
-241
-226
-229
-126
-54
116
297
390
419
394
339
235
129
40
-12
-43
-74
-133
-143
-114
-25
-28
85
126
139
163
133
1
-44
-229
-317
-383
-423
-394
-349
-297
-246
-221
-189
-167
-107
-37
130
369
419
461
414
329
229
109
42
-12
-33
-54
-105
-98
-59
-49
83
116
134
170
157
131
8
-44
-205
-294
-347
-381
-357
-306
-240
-196
-161
-154
-109
-50
120
315
407
467
455
403
307
191
126
27
-12
-25
-53
-109
-101
-37
-25
105
131
168
201
163
129
-29
-177
-275
-341
-382
-387
-364
-303
-263
-222
-213
-190
-113
-44
131
353
419
419
401
331
207
135
33
-12
-38
-63
-134
-136
-107
-42
20
109
126
135
138
134
-18
-158
-273
-341
-401
-427
-401
-357
-303
-262
-246
-219
-174
-69
94
263
370
419
414
355
266
169
131
7
-47
-44
-113
-141
-113
-70
-39
84
120
133
190
147
135
-37
-184
-286
-357
-396
-401
-362
-309
-275
-246
-213
-214
-95
-45
138
357
447
471
445
365
257
155
126
15
-17
-40
-43
-98
-62
-37
79
123
122
193
180
133
21
-42
-192
-275
-333
-367
-363
-317
-271
-223
-204
-204
-167
-57
99
257
383
459
475
419
347
235
126
54
-19
-41
-43
-114
-120
-53
-43
75
116
123
191
165
134
-27
-172
-278
-347
-398
-413
-398
-341
-305
-249
-211
-196
-140
-45
97
283
373
419
419
343
253
155
123
-7
-43
-44
-119
-139
-117
-77
-37
67
117
138
130
131
20
-44
-215
-304
-367
-409
-432
-369
-316
-267
-247
-239
-201
-125
-35
122
310
406
419
405
342
255
142
114
-21
-31
-43
-123
-123
-92
-44
59
116
132
191
179
134
10
-29
-236
-314
-370
-407
-364
-322
-259
-230
-213
-187
-126
-43
109
294
414
475
467
419
320
221
135
99
3
-28
-37
-94
-81
-54
-25
109
126
199
211
176
131
-15
-118
-261
-332
-380
-398
-357
-298
-247
-218
-214
-178
-128
-38
130
313
419
468
419
363
269
163
133
3
-25
-49
-109
-131
-111
-57
-33
85
107
147
166
130
14
-49
-193
-322
-389
-441
-428
-383
-332
-273
-247
-237
-198
-103
-41
133
346
405
419
379
294
184
130
6
-41
-46
-123
-149
-139
-109
-43
25
106
126
132
155
123
-21
-76
-251
-346
-386
-437
-402
-342
-283
-239
-235
-218
-163
-59
114
285
386
419
450
397
298
191
126
20
-9
-49
-71
-108
-107
-41
-30
106
130
202
187
155
138
-23
-173
-261
-333
-363
-367
-341
-284
-229
-193
-157
-150
-62
48
191
387
454
469
419
354
250
149
133
-2
-28
-44
-105
-109
-79
-43
62
119
129
203
182
134
3
-47
-237
-325
-382
-422
-379
-330
-283
-227
-219
-207
-155
-46
111
308
397
447
446
375
287
151
123
-21
-45
-95
-129
-154
-140
-71
-42
81
122
126
155
141
27
-46
-236
-325
-391
-428
-430
-383
-343
-272
-252
-218
-190
-105
-49
141
351
419
419
393
319
205
137
5
-17
-54
-118
-143
-155
-98
-41
54
114
129
179
164
139
-11
-113
-256
-338
-385
-381
-396
-348
-279
-196
-191
-173
-98
-35
148
357
451
466
419
371
262
151
130
-6
-33
-41
-98
-105
-76
-44
67
119
126
205
206
150
126
-34
-188
-295
-349
-386
-375
-327
-269
-214
-185
-166
-143
-43
114
279
404
467
467
389
312
199
137
11
-27
-44
-108
-129
-119
-67
-39
83
120
135
159
138
130
-39
-158
-268
-339
-384
-405
-366
-329
-268
-227
-214
-201
-137
-46
123
313
405
419
403
334
229
116
-12
-41
-70
-123
-114
-154
-136
-66
-49
82
123
134
139
125
-12
-45
-259
-341
-396
-419
-394
-343
-299
-257
-211
-189
-152
-49
116
290
393
447
453
342
270
160
126
-21
-67
-49
-108
-124
-117
-68
-38
92
116
179
178
137
135
-30
-191
-281
-342
-385
-381
-332
-284
-229
-173
-149
-135
-31
119
279
404
470
467
402
321
211
126
25
-22
-44
-39
-81
-117
-49
-40
99
118
131
173
154
135
-12
-151
-265
-330
-369
-367
-339
-265
-226
-184
-156
-134
-78
-34
131
361
419
470
401
320
211
159
6
-44
-44
-78
-125
-129
-108
-48
23
101
105
129
117
138
-25
-156
-273
-355
-401
-409
-391
-349
-296
-230
-204
-169
-108
-44
122
353
416
413
366
299
183
131
-23
-38
-97
-109
-137
-145
-120
-49
-25
92
124
133
133
119
-21
-140
-270
-344
-401
-412
-375
-332
-270
-219
-165
-167
-97
-39
134
361
419
458
411
323
225
126
17
-24
-37
-47
-102
-113
-79
-39
54
113
126
181
163
147
17
-38
-218
-293
-349
-364
-341
-305
-243
-185
-172
-129
-51
101
258
374
474
483
462
338
217
123
24
-50
-22
-31
-108
-101
-54
-46
51
99
126
177
163
129
1
-39
-237
-319
-374
-394
-364
-325
-268
-223
-184
-153
-92
-40
126
367
419
449
392
308
207
137
-5
-28
-41
-109
-134
-140
-109
-47
-30
68
122
123
137
143
-17
-146
-265
-352
-410
-370
-409
-343
-293
-241
-219
-187
-109
-44
126
340
410
419
371
308
196
105
7
-35
-44
-109
-139
-133
-107
-42
-25
85
122
125
128
125
-22
-58
-229
-325
-375
-390
-363
-318
-251
-204
-172
-130
-65
67
237
375
459
455
397
299
215
131
12
-25
-33
-37
-80
-97
-66
-43
67
117
126
178
165
139
9
-43
-217
-295
-348
-367
-345
-288
-223
-181
-158
-122
-43
116
297
414
450
419
394
303
183
126
-5
-25
-47
-62
-109
-122
-70
-22
61
116
119
126
129
126
-25
-159
-268
-333
-381
-396
-364
-319
-262
-213
-184
-157
-69
94
281
379
451
419
370
262
148
114
-28
-44
-106
-133
-155
-151
-103
-42
36
84
122
116
98
33
-41
-195
-291
-364
-398
-396
-365
-319
-268
-207
-182
-140
-44
114
263
370
407
404
354
255
148
113
1
-18
-81
-122
-112
-114
-70
-39
56
105
123
141
130
123
-35
-169
-268
-325
-369
-359
-335
-279
-219
-188
-160
-125
-43
119
310
416
467
451
385
291
183
131
2
-5
-42
-47
-103
-92
-45
-23
91
119
131
181
149
137
-15
-108
-241
-315
-357
-364
-323
-285
-219
-189
-169
-129
-47
119
304
394
419
419
371
277
167
134
-28
-54
-58
-114
-140
-124
-79
-53
65
98
122
123
119
41
-7
-196
-269
-334
-369
-392
-355
-307
-261
-221
-200
-164
-80
-12
129
341
407
402
357
271
162
129
-25
-45
-109
-137
-157
-146
-95
-42
11
99
126
126
118
61
-31
-167
-257
-332
-379
-392
-364
-306
-247
-200
-181
-140
-47
116
265
369
419
416
369
276
175
135
-10
-31
-44
-95
-117
-107
-62
-44
67
105
133
130
145
131
-21
-57
-237
-301
-348
-363
-319
-268
-218
-171
-149
-123
-50
106
288
403
469
465
411
325
207
131
19
-25
-30
-43
-126
-95
-62
-46
69
138
123
151
151
126
-7
-46
-229
-298
-361
-367
-353
-290
-230
-193
-175
-150
-92
-33
131
327
401
409
383
313
199
126
5
-31
-37
-114
-131
-137
-108
-44
-29
83
114
114
126
71
-16
-79
-253
-329
-386
-413
-385
-340
-268
-226
-210
-187
-128
-41
131
319
400
399
327
289
184
125
-21
-41
-78
-108
-135
-138
-109
-45
-30
71
107
120
135
114
-12
-43
-237
-326
-361
-386
-344
-301
-241
-199
-153
-139
-60
10
138
355
419
419
387
313
207
131
17
-21
-44
-44
-105
-107
-76
-44
67
114
129
125
152
134
21
-43
-203
-271
-328
-342
-323
-275
-218
-177
-151
-120
-69
-28
123
355
419
450
405
339
233
131
41
-25
-34
-43
-98
-108
-85
-42
25
90
126
130
129
133
21
-50
-216
-305
-353
-386
-385
-320
-269
-218
-182
-149
-101
-44
126
326
392
409
373
308
202
131
4
-43
-61
-109
-133
-140
-108
-54
-45
66
99
118
106
57
-11
-76
-243
-318
-375
-401
-379
-327
-265
-223
-182
-167
-94
-41
126
321
387
404
373
306
211
134
9
-33
-73
-97
-123
-126
-94
-49
-25
79
119
131
130
126
15
-37
-207
-284
-337
-373
-337
-300
-238
-183
-171
-141
-85
-44
138
358
419
462
419
353
244
144
74
-7
-25
-42
-73
-85
-73
-43
67
116
131
169
163
120
37
-34
-195
-283
-329
-337
-342
-293
-224
-183
-153
-138
-82
-42
135
338
419
443
411
353
251
137
49
-12
-41
-74
-108
-125
-105
-53
-38
67
113
120
131
131
20
-44
-219
-303
-351
-392
-373
-331
-279
-229
-187
-168
-119
-41
125
297
387
411
377
308
212
135
18
-33
-38
-114
-139
-153
-140
-76
-45
54
97
119
117
94
1
-39
-205
-299
-349
-381
-365
-319
-274
-237
-202
-177
-139
-44
131
302
392
447
407
340
243
139
65
-23
-34
-47
-103
-129
-108
-47
-35
84
118
129
159
170
97
-23
-172
-266
-326
-353
-347
-302
-236
-189
-157
-129
-85
-44
119
331
418
451
443
370
277
179
130
2
-27
-44
-47
-97
-79
-41
-25
97
122
142
130
138
123
-39
-155
-247
-321
-358
-355
-305
-255
-203
-158
-150
-122
-53
106
276
373
419
405
342
265
165
132
-17
-51
-46
-103
-130
-129
-92
-31
51
95
116
122
109
27
-33
-194
-279
-344
-374
-374
-351
-301
-252
-209
-184
-140
-63
39
130
337
390
385
343
251
151
126
-21
-54
-106
-113
-133
-128
-87
-50
51
84
113
114
111
33
-23
-170
-258
-327
-358
-358
-326
-277
-223
-184
-145
-111
-43
91
259
366
419
419
375
295
194
122
2
-33
-31
-39
-97
-107
-76
-33
66
114
132
135
161
130
-5
-37
-217
-289
-335
-337
-309
-258
-198
-139
-126
-117
-49
81
221
361
419
453
405
330
223
126
21
-22
-30
-47
-86
-111
-67
-44
62
113
123
145
131
130
-18
-37
-218
-293
-338
-364
-347
-297
-247
-191
-159
-135
-67
-29
129
318
391
416
383
311
196
139
5
-32
-44
-118
-134
-130
-103
-44
-39
59
97
111
99
54
-28
-149
-236
-321
-379
-397
-370
-326
-267
-209
-172
-149
-108
-41
120
281
383
401
392
315
221
131
27
-33
-32
-92
-108
-126
-108
-53
-28
87
120
119
125
126
9
-44
-194
-266
-319
-341
-334
-294
-247
-190
-163
-134
-92
-46
119
290
377
419
411
369
277
177
133
14
-30
-33
-41
-95
-61
-37
9
87
123
131
164
148
126
-23
-101
-227
-300
-338
-333
-297
-238
-182
-149
-140
-129
-69
3
135
347
418
419
404
315
221
130
31
-28
-37
-39
-102
-111
-92
-44
46
90
113
119
120
69
-12
-60
-236
-295
-358
-358
-340
-295
-251
-204
-173
-156
-107
-33
125
289
362
387
373
299
226
128
18
-33
-46
-120
-139
-142
-122
-77
-39
57
84
111
118
75
2
-41
-211
-300
-351
-381
-383
-332
-275
-219
-178
-196
-153
-61
85
244
370
414
414
363
278
171
135
-9
-31
-44
-105
-119
-109
-62
-43
70
100
122
130
126
58
-25
-166
-252
-317
-359
-342
-311
-259
-207
-159
-147
-117
-59
33
126
355
411
419
394
323
227
131
78
-9
-27
-49
-98
-92
-49
-45
74
116
131
132
123
120
-15
-44
-211
-299
-339
-357
-339
-281
-222
-187
-155
-140
-105
-45
135
307
387
411
385
315
223
126
21
-25
-42
-92
-114
-129
-120
-69
-45
51
87
117
114
74
-11
-45
-238
-314
-370
-387
-367
-319
-272
-219
-201
-176
-137
-43
119
269
351
383
362
307
214
131
20
-32
-44
-109
-138
-145
-120
-56
-40
59
91
106
114
81
17
-34
-199
-284
-342
-374
-374
-325
-263
-204
-170
-159
-126
-53
95
259
358
407
416
373
287
180
126
9
-29
-44
-49
-105
-92
-63
-40
71
101
118
134
135
128
-3
-35
-211
-277
-335
-348
-305
-246
-192
-149
-118
-106
-54
-23
136
341
408
450
419
357
255
149
116
-10
-29
-49
-103
-101
-62
-43
51
103
119
135
133
125
-1
-47
-203
-276
-334
-376
-351
-301
-241
-184
-169
-142
-108
-44
119
282
373
407
394
345
233
139
111
-21
-44
-53
-117
-134
-98
-57
-35
61
91
112
103
86
3
-54
-203
-287
-359
-392
-385
-343
-279
-224
-187
-167
-125
-45
101
203
347
409
399
346
267
165
129
-7
-29
-45
-101
-107
-102
-78
-43
71
101
125
120
113
54
-22
-118
-230
-295
-351
-349
-316
-275
-217
-170
-145
-133
-70
-21
137
339
407
447
411
334
238
146
119
-5
-35
-45
-99
-77
-63
-37
66
119
131
131
148
129
18
-43
-173
-255
-314
-333
-327
-279
-218
-172
-142
-137
-92
-43
131
298
383
419
411
357
271
153
129
-5
-25
-54
-85
-108
-103
-53
-28
71
109
125
124
105
18
-38
-171
-268
-332
-366
-365
-332
-279
-218
-193
-184
-162
-66
-22
131
327
387
394
369
286
166
134
-25
-41
-98
-129
-150
-150
-109
-44
-28
77
103
105
103
39
-25
-176
-271
-343
-378
-379
-351
-290
-249
-205
-172
-143
-69
-25
137
331
387
403
359
287
179
131
2
-27
-41
-81
-97
-98
-62
-44
50
86
114
123
122
68
-12
-56
-225
-291
-349
-354
-332
-292
-227
-179
-150
-102
-44
79
131
353
411
419
385
311
227
139
51
-7
-27
-41
-41
-82
-51
-45
51
102
114
120
131
109
-14
-43
-225
-285
-329
-353
-332
-282
-235
-189
-161
-150
-79
-54
131
294
373
403
378
311
215
138
20
-31
-44
-92
-125
-129
-112
-60
-49
51
94
109
111
53
-27
-45
-230
-310
-370
-397
-371
-332
-270
-222
-205
-184
-143
-46
114
252
339
373
351
303
211
139
18
-28
-43
-103
-126
-140
-125
-69
-54
53
89
103
118
83
-5
-47
-213
-293
-364
-410
-354
-318
-267
-226
-181
-153
-107
-34
123
287
370
411
392
340
251
148
116
6
-16
-43
-49
-95
-81
-47
-21
79
113
125
131
117
23
-29
-172
-249
-332
-348
-341
-289
-241
-193
-149
-128
-80
-30
118
294
387
419
414
365
282
189
129
23
-17
-44
-44
-92
-92
-44
-30
84
118
133
126
118
38
-38
-159
-251
-319
-361
-356
-318
-273
-217
-179
-166
-142
-66
-21
131
329
391
403
371
291
195
126
10
-27
-54
-108
-126
-123
-92
-44
-38
66
97
107
89
36
-40
-168
-261
-332
-383
-390
-364
-313
-252
-216
-202
-159
-95
-35
125
295
360
391
371
307
222
126
32
-28
-46
-76
-108
-126
-79
-40
-28
69
113
114
112
70
-15
-51
-205
-285
-341
-349
-339
-285
-236
-184
-156
-140
-92
-30
126
296
383
419
419
358
269
180
130
25
-12
-33
-43
-82
-75
-33
41
94
119
130
129
131
43
-28
-153
-227
-291
-322
-317
-283
-241
-188
-165
-135
-117
-43
98
245
369
419
419
389
315
217
130
34
-12
-31
-44
-103
-99
-66
-45
60
98
116
118
120
49
-27
-151
-241
-322
-364
-369
-335
-289
-233
-201
-172
-157
-94
-43
123
291
365
397
369
306
210
120
14
-29
-44
-108
-126
-126
-94
-47
-47
47
100
99
84
33
-19
-140
-235
-318
-367
-387
-334
-300
-245
-198
-181
-156
-118
-51
119
276
363
399
383
320
244
153
118
-12
-34
-42
-92
-95
-85
-50
-30
89
111
116
131
123
15
-43
-190
-268
-332
-363
-333
-295
-247
-185
-150
-129
-64
-44
123
283
382
419
419
371
295
182
129
30
-25
-25
-44
-39
-58
-37
33
85
116
126
131
126
95
-29
-158
-241
-313
-355
-339
-299
-251
-201
-161
-138
-118
-42
97
222
347
406
405
355
292
185
123
-5
-27
-38
-96
-109
-97
-59
-34
51
84
119
116
94
24
-31
-168
-255
-335
-378
-386
-352
-300
-241
-214
-172
-152
-81
-42
130
293
359
379
347
275
177
131
-12
-28
-53
-103
-119
-125
-102
-40
-39
71
97
120
107
57
-25
-143
-234
-301
-359
-370
-349
-300
-250
-204
-177
-149
-75
-33
134
305
391
419
403
326
230
133
65
-12
-31
-54
-77
-92
-70
-44
51
91
126
126
129
124
11
-44
-171
-255
-311
-335
-311
-272
-223
-189
-158
-123
-78
-44
129
299
393
447
416
365
276
175
120
18
-22
-31
-46
-108
-92
-42
-29
85
118
133
126
133
42
-28
-159
-255
-312
-365
-349
-313
-267
-207
-172
-161
-146
-43
109
262
355
394
404
353
260
149
119
-12
-44
-46
-109
-124
-114
-61
-37
46
81
112
113
83
23
-39
-172
-275
-342
-391
-391
-353
-300
-253
-207
-184
-161
-92
-36
139
311
373
383
359
291
181
131
1
-35
-46
-107
-126
-125
-85
-51
39
79
118
123
119
71
-12
-50
-223
-273
-332
-345
-329
-284
-235
-187
-153
-129
-72
-41
132
315
394
419
399
338
235
139
105
2
-23
-41
-51
-98
-54
-41
62
113
129
129
148
125
49
-27
-156
-241
-309
-340
-332
-294
-240
-203
-166
-140
-92
-38
122
305
373
419
407
349
256
148
126
-16
-33
-41
-101
-105
-75
-44
30
89
114
130
137
119
20
-28
-183
-262
-327
-364
-366
-333
-291
-230
-177
-172
-142
-38
102
228
340
391
383
340
251
139
120
-19
-33
-92
-117
-140
-133
-81
-43
29
81
88
95
91
21
-42
-174
-262
-331
-373
-379
-353
-284
-235
-194
-166
-145
-71
-38
135
321
378
402
359
291
195
126
-1
-23
-48
-31
-103
-92
-60
-45
54
98
119
118
123
86
-12
-44
-219
-281
-339
-358
-319
-284
-221
-181
-156
-129
-57
-12
126
331
410
419
409
339
239
149
126
-6
-28
-43
-42
-75
-54
-42
75
106
116
126
122
135
20
-29
-198
-271
-333
-357
-338
-299
-249
-191
-153
-136
-106
-43
116
291
376
419
403
343
245
142
117
-12
-41
-49
-109
-109
-101
-56
-44
65
101
112
107
85
20
-48
-189
-274
-338
-389
-386
-351
-285
-236
-202
-174
-141
-45
101
180
335
391
383
326
243
143
74
-29
-50
-96
-131
-125
-108
-81
-44
43
99
111
116
99
37
-37
-172
-263
-331
-380
-393
-353
-293
-239
-187
-157
-135
-75
-21
126
343
404
419
391
325
209
138
17
-29
-37
-29
-107
-105
-64
-37
65
107
123
122
135
131
7
-47
-194
-266
-334
-363
-329
-280
-223
-170
-141
-114
-57
-25
145
341
418
419
419
347
245
145
120
0
-21
-40
-45
-103
-75
-44
49
97
114
134
131
124
23
-46
-189
-271
-333
-357
-355
-316
-273
-216
-182
-167
-120
-38
114
276
361
411
405
351
260
155
122
-11
-41
-44
-112
-122
-108
-73
-45
51
83
101
102
100
30
-43
-187
-281
-337
-389
-393
-365
-321
-317
-191
-170
-151
-45
3
132
341
383
394
351
286
180
130
-12
-35
-42
-98
-111
-112
-72
-42
51
87
113
118
123
58
-14
-107
-237
-315
-357
-375
-330
-289
-225
-184
-153
-120
-47
83
180
355
451
419
399
321
212
134
31
-17
-28
-37
-39
-76
-44
-46
81
119
116
133
148
133
3
-44
-193
-266
-319
-363
-326
-284
-229
-172
-145
-101
-43
-31
130
318
407
419
404
347
241
137
123
-7
-37
-42
-42
-92
-71
-45
18
84
109
116
117
77
8
-44
-211
-271
-341
-381
-363
-331
-284
-217
-178
-137
-76
-39
133
315
382
407
373
311
206
137
11
-28
-43
-98
-117
-125
-105
-61
-41
51
85
103
98
61
-10
-44
-219
-305
-359
-396
-386
-346
-282
-225
-192
-154
-97
-33
119
282
382
410
390
323
230
137
59
-31
-44
-39
-103
-117
-86
-43
-21
84
113
126
128
130
31
-33
-170
-265
-319
-359
-342
-316
-261
-204
-163
-140
-85
-39
120
295
397
419
419
375
305
194
130
20
-15
-23
-51
-50
-53
-35
9
98
117
130
145
147
133
-29
-125
-236
-314
-358
-366
-331
-278
-214
-175
-133
-92
-44
116
265
368
411
414
362
282
182
122
9
-41
-44
-69
-106
-94
-53
-41
58
92
114
114
106
51
-29
-156
-245
-325
-368
-390
-367
-317
-262
-222
-177
-143
-92
-41
134
308
375
403
347
291
187
131
-7
-34
-47
-95
-114
-130
-94
-47
-34
67
91
116
118
79
-17
-45
-218
-306
-356
-397
-369
-332
-271
-222
-173
-145
-98
-46
120
313
391
409
407
339
247
147
119
-18
-41
-45
-30
-96
-76
-42
30
98
109
122
130
131
22
-37
-167
-245
-318
-352
-342
-309
-250
-166
-141
-126
-92
-32
135
303
403
462
452
387
307
194
135
19
-25
-33
-46
-56
-94
-43
-34
80
116
133
129
131
117
-25
-57
-234
-303
-358
-380
-358
-302
-229
-181
-151
-133
-59
2
123
347
416
419
370
291
205
133
-3
-29
-51
-92
-117
-108
-76
-50
27
85
97
102
106
51
-28
-149
-245
-327
-385
-401
-364
-330
-289
-230
-207
-151
-95
-34
147
308
390
403
363
303
198
136
21
-21
-44
-79
-108
-114
-92
-53
-7
79
109
120
114
97
1
-39
-204
-299
-339
-378
-362
-320
-265
-207
-169
-141
-98
-38
126
315
407
447
419
365
273
179
131
-12
-28
-37
-44
-92
-70
-41
38
99
116
131
163
147
142
-22
-106
-234
-307
-348
-361
-312
-273
-204
-162
-134
-106
-37
116
290
387
419
419
383
305
205
128
5
-31
-37
-58
-82
-83
-48
-44
75
107
120
135
131
50
-17
-155
-257
-327
-357
-377
-364
-313
-268
-198
-153
-117
-44
64
117
347
394
394
356
276
174
135
-25
-45
-41
-94
-109
-129
-97
-42
-29
65
91
100
86
51
-28
-145
-250
-329
-380
-396
-378
-342
-278
-213
-171
-137
-75
-30
126
328
391
414
362
308
206
130
4
-17
-47
-71
-97
-106
-66
-40
41
91
117
137
145
120
11
-44
-205
-282
-357
-377
-359
-314
-261
-201
-153
-126
-77
-33
120
355
419
467
419
359
255
151
126
-9
-33
-41
-44
-45
-50
-41
57
103
123
131
130
141
75
-28
-157
-249
-318
-357
-365
-332
-262
-207
-162
-126
-95
-37
131
313
403
419
419
355
262
161
120
-29
-41
-44
-92
-109
-103
-47
-44
61
91
109
118
103
30
-31
-173
-269
-345
-389
-396
-364
-320
-257
-219
-184
-140
-71
17
134
340
403
394
351
270
162
120
-25
-50
-98
-118
-137
-135
-82
-44
1
82
97
103
105
68
-19
-49
-236
-316
-366
-391
-381
-329
-265
-202
-167
-158
-113
-48
128
313
391
419
411
357
264
147
117
-29
-44
-41
-100
-108
-83
-49
-12
79
118
130
126
150
42
-41
-183
-266
-319
-351
-348
-327
-263
-199
-149
-126
-69
-44
134
334
419
477
447
375
282
179
134
-18
-34
-47
-45
-77
-82
-45
-39
78
105
117
136
143
84
-29
-139
-235
-311
-361
-373
-339
-297
-229
-188
-156
-131
-65
-25
123
354
419
419
386
311
199
139
-1
-24
-33
-92
-108
-122
-73
-50
37
87
107
119
116
69
-15
-43
-232
-315
-370
-402
-389
-328
-266
-213
-170
-139
-79
-39
135
310
391
419
402
325
227
130
1
-29
-38
-51
-102
-119
-109
-50
-29
67
102
118
126
113
22
-44
-174
-266
-326
-373
-368
-330
-274
-203
-165
-130
-109
-43
114
273
374
419
419
387
314
191
126
10
-37
-46
-31
-97
-78
-47
-35
84
117
130
173
159
126
-10
-47
-209
-277
-333
-351
-330
-286
-223
-169
-140
-103
-44
94
263
390
447
449
406
335
230
143
25
-21
-42
-44
-80
-83
-75
-46
51
99
117
123
123
99
-1
-38
-207
-289
-361
-375
-363
-333
-277
-223
-163
-140
-103
-43
131
305
386
419
394
336
229
131
15
-35
-44
-95
-125
-135
-119
-70
-46
41
92
100
109
80
2
-44
-204
-295
-353
-407
-401
-341
-313
-257
-209
-174
-128
-65
109
263
358
401
403
349
263
154
114
-28
-32
-85
-102
-109
-120
-76
-42
53
87
120
129
116
54
-24
-143
-236
-321
-373
-386
-353
-300
-236
-182
-155
-108
-44
84
214
375
419
447
390
319
210
131
12
-41
-37
-34
-77
-92
-46
-31
71
101
116
126
125
125
7
-44
-203
-270
-333
-378
-353
-317
-253
-199
-156
-133
-76
-37
135
318
405
419
419
347
259
147
54
-27
-29
-44
-101
-118
-109
-61
-33
71
99
114
116
111
31
-30
-189
-280
-342
-382
-385
-359
-306
-248
-199
-177
-143
-48
97
241
355
407
409
355
271
163
111
-25
-33
-92
-119
-133
-132
-86
-49
35
87
107
113
114
54
-27
-145
-250
-312
-363
-396
-364
-315
-245
-202
-157
-138
-71
-33
129
334
405
419
394
338
229
139
23
-25
-43
-44
-97
-106
-78
-44
53
89
119
120
126
122
23
-43
-175
-258
-306
-353
-339
-315
-240
-173
-140
-107
-73
-31
123
346
445
475
419
371
278
153
125
-10
-29
-37
-34
-81
-79
-44
-29
84
118
122
128
129
45
-37
-165
-241
-318
-354
-361
-332
-272
-217
-170
-140
-108
-44
105
257
351
416
414
362
277
165
126
-7
-30
-46
-105
-133
-125
-95
-36
-12
68
91
83
95
41
-31
-159
-249
-338
-394
-409
-367
-332
-274
-207
-172
-145
-62
-7
123
340
405
392
357
278
163
123
-25
-41
-44
-92
-117
-111
-101
-45
-44
54
87
102
87
51
-22
-113
-236
-301
-363
-390
-359
-313
-255
-191
-167
-126
-44
20
126
357
419
453
404
314
213
131
20
-29
-44
-31
-85
-92
-61
-37
58
95
113
123
123
131
20
-32
-182
-262
-330
-357
-342
-299
-237
-172
-138
-114
-65
-28
131
340
419
419
415
349
246
134
58
-25
-37
-42
-92
-108
-103
-44
-44
47
95
105
126
99
6
-46
-182
-266
-335
-381
-370
-335
-281
-221
-177
-152
-109
-42
116
275
366
409
389
329
244
139
33
-31
-46
-86
-119
-133
-130
-85
-57
-14
57
84
79
73
0
-39
-189
-268
-343
-396
-407
-367
-311
-251
-205
-170
-113
-39
131
275
374
419
411
354
251
150
57
-34
-43
-81
-109
-129
-111
-68
-34
49
84
114
116
114
51
-29
-153
-248
-319
-361
-373
-344
-283
-229
-172
-149
-99
-24
116
261
378
457
451
404
305
195
129
19
-29
-34
-40
-85
-83
-57
-38
67
92
117
125
133
117
-9
-44
-203
-283
-341
-363
-343
-300
-237
-179
-157
-123
-61
35
129
355
419
447
407
327
217
128
1
-31
-37
-92
-119
-123
-108
-44
-30
59
94
111
114
67
-18
-51
-225
-310
-364
-398
-373
-344
-273
-205
-176
-149
-101
-40
129
313
381
394
361
301
198
135
-12
-44
-95
-111
-137
-150
-123
-75
-46
36
65
84
99
59
-12
-57
-207
-273
-347
-396
-385
-347
-285
-217
-172
-140
-76
-38
120
314
403
419
401
343
240
130
51
-22
-45
-36
-98
-119
-108
-47
-37
67
94
111
116
120
39
-37
-171
-241
-313
-363
-357
-312
-250
-195
-141
-103
-57
-42
123
327
419
451
419
371
291
179
129
1
-25
-41
-44
-77
-78
-51
-44
-18
87
106
116
120
51
-30
-146
-229
-300
-355
-368
-333
-281
-221
-179
-135
-99
-43
126
291
379
419
419
351
266
154
123
-23
-54
-76
-107
-125
-120
-77
-59
7
66
80
99
87
20
-39
-178
-258
-337
-392
-401
-362
-302
-255
-203
-165
-131
-59
51
139
337
383
394
363
270
166
131
-12
-53
-71
-92
-114
-119
-101
-44
-39
56
81
90
97
53
-23
-117
-221
-287
-366
-380
-343
-300
-236
-177
-147
-108
-54
79
137
355
419
447
398
319
223
117
17
-24
-44
-44
-97
-85
-59
-56
51
94
118
119
131
117
3
-44
-201
-268
-327
-346
-332
-188
-218
-173
-125
-79
-37
96
229
365
419
449
394
315
215
133
20
-35
-28
-33
-76
-97
-72
-31
-11
72
97
116
116
74
-1
-49
-214
-293
-347
-380
-364
-319
-258
-193
-156
-118
-83
-45
117
296
375
411
383
313
228
123
22
-15
-25
-98
-120
-126
-122
-67
-45
22
51
84
81
51
-15
-45
-213
-289
-351
-384
-373
-347
-290
-227
-189
-142
-105
-39
114
282
370
405
378
321
230
137
53
-25
-39
-79
-102
-113
-108
-67
-46
43
84
91
116
85
27
-42
-157
-263
-326
-353
-347
-310
-258
-200
-157
-126
-65
-43
116
301
399
451
419
382
283
181
135
-7
-21
-42
-45
-49
-74
-46
-32
51
92
122
131
132
43
-34
-101
-223
-299
-338
-345
-314
-252
-207
-152
-113
-61
-29
114
276
371
419
419
367
275
179
133
-7
-39
-43
-49
-106
-107
-76
-44
-12
51
83
99
99
25
-27
-158
-245
-321
-367
-379
-344
-294
-240
-188
-147
-117
-39
98
228
354
404
399
339
253
151
109
-12
-44
-108
-109
-126
-129
-101
-47
-45
35
68
83
66
5
-46
-183
-257
-326
-362
-364
-348
-300
-241
-191
-149
-101
-34
114
255
375
419
407
347
265
163
141
-5
-43
-57
-69
-92
-85
-67
-54
35
67
99
120
111
43
-31
-39
-219
-294
-333
-349
-314
-261
-207
-151
-109
-78
-44
111
261
375
446
419
391
322
223
134
47
-14
-27
-38
-43
-81
-54
-31
54
92
103
116
102
59
-7
-44
-209
-288
-337
-355
-325
-283
-195
-173
-135
-85
-44
97
227
351
414
419
363
281
175
126
-7
-29
-42
-92
-105
-109
-85
-43
-41
50
75
87
91
39
-25
-149
-236
-319
-373
-386
-365
-311
-260
-221
-184
-141
-64
-38
131
319
377
403
359
287
180
133
-1
-37
-45
-107
-129
-118
-107
-49
-49
46
82
99
89
43
-21
-66
-221
-303
-350
-366
-346
-295
-230
-178
-140
-105
-47
50
126
329
394
405
379
307
223
139
37
-14
-22
-44
-61
-83
-61
-43
-12
71
101
117
122
90
17
-44
-167
-247
-317
-341
-315
-272
-229
-170
-126
-77
-54
86
131
389
419
419
379
314
217
136
47
-25
-44
-43
-79
-83
-65
-44
-9
57
102
107
103
66
-8
-53
-196
-273
-337
-363
-338
-294
-235
-201
-149
-113
-50
-21
129
313
377
392
369
295
202
137
17
-37
-44
-77
-113
-120
-111
-59
-54
20
51
70
81
41
-28
-44
-229
-297
-362
-392
-375
-330
-271
-229
-177
-143
-76
-31
135
319
385
407
373
308
206
126
11
-37
-39
-94
-102
-119
-101
-51
-44
43
73
99
99
67
-8
-42
-187
-265
-323
-351
-345
-300
-247
-179
-134
-82
-37
59
130
331
403
419
397
331
234
135
95
-19
-29
-44
-41
-74
-53
-44
46
87
98
106
129
99
17
-28
-171
-245
-310
-330
-322
-274
-229
-165
-134
-95
-46
65
136
330
401
419
394
330
241
129
95
-12
-42
-44
-85
-83
-76
-45
-44
43
69
99
97
59
-15
-49
-196
-269
-341
-364
-359
-305
-258
-210
-170
-137
-70
-45
126
306
371
399
359
295
211
130
6
-37
-47
-111
-119
-131
-114
-75
-43
-28
50
71
84
49
-15
-42
-205
-281
-357
-389
-369
-313
-257
-204
-172
-134
-76
-41
119
286
370
406
390
331
238
134
51
-18
-33
-49
-96
-97
-81
-43
-31
48
74
114
119
79
25
-30
-189
-253
-307
-352
-335
-295
-247
-184
-140
-98
-47
-23
137
311
403
450
419
362
263
157
131
-2
-25
-29
-44
-58
-73
-31
-27
62
88
114
116
111
27
-25
-167
-252
-313
-349
-336
-283
-236
-194
-143
-109
-59
-34
123
287
381
411
399
340
247
147
117
-17
-37
-53
-103
-114
-109
-76
-44
2
57
84
95
63
-2
-44
-191
-279
-335
-383
-373
-323
-268
-215
-175
-137
-76
-36
111
267
359
391
371
303
212
126
14
-41
-57
-108
-111
-120
-120
-85
-44
-22
54
82
99
66
1
-35
-182
-262
-331
-368
-362
-330
-263
-206
-159
-113
-92
-45
99
241
359
409
411
369
281
179
131
3
-22
-39
-54
-92
-92
-65
-57
49
85
111
116
123
51
-23
-45
-204
-289
-320
-332
-300
-236
-191
-145
-107
-54
-49
116
290
385
419
419
383
295
194
119
14
-17
-25
-45
-92
-92
-60
-54
35
79
95
120
123
51
-23
-51
-210
-292
-342
-349
-320
-263
-214
-171
-139
-96
-42
75
139
334
392
406
363
282
171
123
0
-29
-54
-108
-122
-125
-101
-53
-44
32
53
86
41
21
-33
-157
-249
-319
-364
-389
-354
-307
-249
-190
-155
-120
-76
-47
137
305
383
375
351
286
189
128
3
-29
-48
-94
-107
-117
-108
-54
-49
39
63
89
101
59
-14
-44
-204
-269
-331
-358
-332
-284
-222
-168
-133
-85
-50
75
139
326
419
411
401
321
217
131
37
-15
-37
-47
-53
-76
-65
-39
35
74
105
117
123
89
6
-53
-175
-246
-316
-337
-309
-261
-203
-156
-117
-71
-60
73
133
307
390
411
383
330
235
148
118
-7
-29
-49
-81
-97
-79
-42
-23
43
70
98
99
73
-2
-43
-191
-261
-332
-364
-341
-301
-240
-196
-158
-109
-62
-29
118
287
373
402
379
325
207
129
14
-25
-45
-101
-126
-126
-109
-79
-37
-17
49
67
75
43
-23
-44
-205
-285
-344
-374
-364
-314
-252
-196
-153
-125
-65
-38
120
259
355
404
379
326
235
135
116
-17
-44
-46
-98
-105
-85
-59
-39
47
85
102
116
84
22
-29
-157
-247
-311
-346
-332
-274
-222
-169
-138
-97
-59
-30
116
276
373
416
406
367
279
250
134
23
-12
-37
-41
-42
-74
-46
-44
54
96
114
123
126
51
-12
-44
-203
-284
-333
-353
-307
-247
-189
-142
-109
-61
-48
83
130
323
387
399
363
303
211
135
25
-28
-53
-73
-113
-112
-85
-49
-45
51
79
97
91
51
-25
-44
-221
-287
-337
-369
-343
-301
-233
-202
-157
-126
-74
-46
123
265
339
363
342
289
184
119
7
-33
-40
-101
-133
-126
-122
-67
-44
19
58
90
102
82
-6
-34
-198
-279
-332
-364
-346
-298
-247
-181
-156
-120
-65
-43
116
262
351
387
391
327
241
149
134
-14
-42
-45
-92
-96
-78
-46
-33
53
92
114
112
123
32
-25
-136
-218
-284
-315
-326
-279
-217
-160
-119
-97
-51
-44
129
262
359
414
411
370
290
187
130
20
-12
-31
-39
-86
-92
-51
-44
43
83
113
117
119
62
-24
-42
-196
-279
-318
-337
-309
-247
-198
-154
-113
-92
-51
-17
126
272
352
371
351
283
193
126
19
-17
-37
-61
-111
-108
-105
-54
-44
39
66
78
79
51
-21
-40
-207
-287
-330
-357
-334
-291
-251
-207
-174
-140
-76
-44
91
131
303
347
343
303
207
137
105
-12
-42
-44
-109
-109
-103
-70
-35
-1
59
97
103
54
11
-34
-155
-227
-287
-320
-321
-282
-222
-177
-139
-112
-113
-43
85
120
295
362
370
340
286
201
138
42
-6
-31
-50
-53
-69
-53
-43
29
73
113
120
131
81
-1
-44
-173
-237
-284
-300
-269
-224
-177
-134
-105
-5
-40
69
135
283
350
370
357
313
218
133
120
3
-28
-44
-53
-92
-81
-45
-44
51
82
101
107
71
2
-53
-181
-241
-300
-325
-315
-268
-222
-185
-152
-131
-76
-44
89
129
289
337
343
287
229
135
117
-16
-31
-45
-120
-131
-129
-102
-46
-44
37
66
89
54
1
-39
-166
-243
-292
-332
-337
-304
-262
-202
-171
-129
-101
-43
-27
120
241
306
325
299
255
178
135
35
-10
-33
-43
-101
-101
-94
-49
-44
51
82
106
99
69
-2
-45
-172
-221
-284
-294
-270
-230
-191
-158
-129
-97
-51
-49
112
171
308
347
354
326
259
191
131
54
1
-38
-44
-44
-69
-41
-22
51
85
105
119
114
51
-28
-44
-181
-250
-290
-295
-257
-209
-166
-137
-103
-76
-44
-35
114
237
298
351
328
286
215
150
117
-12
-38
-41
-108
-106
-95
-71
-44
21
63
83
89
47
-9
-43
-173
-236
-289
-316
-306
-261
-229
-190
-156
-129
-85
-46
-23
125
227
282
299
265
212
139
119
-3
-29
-47
-103
-118
-114
-105
-53
-39
22
59
75
74
31
-32
-142
-207
-265
-300
-289
-268
-218
-175
-153
-130
-119
-76
-46
84
51
249
303
311
287
229
163
131
34
-9
-29
-38
-86
-76
-50
-47
42
69
99
107
82
27
-29
-31
-172
-229
-268
-241
-218
-188
-153
-126
-81
-76
-45
50
118
217
292
313
308
278
223
143
119
37
-6
-28
-44
-44
-63
-49
-33
51
83
100
89
51
-10
-47
-154
