257.812500 218.750000 242.187500 230.468750 
238.281250 226.562500 226.562500 214.843750 
226.562500 222.656250 222.656250 218.750000 
218.750000 207.031250 210.937500 210.937500 
207.031250 222.656250 210.937500 218.750000 
207.031250 199.218750 199.218750 199.218750 
207.031250 203.125000 214.843750 203.125000 
195.312500 214.843750 183.593750 210.937500 
218.750000 226.562500 238.281250 253.906250 
171.875000 171.875000 167.968750 171.875000 
210.937500 250.000000 312.500000 281.250000 
222.656250 222.656250 230.468750 226.562500 
304.687500 273.437500 273.437500 269.531250 
183.593750 203.125000 195.312500 199.218750 
210.937500 218.750000 242.187500 234.375000 
179.687500 230.468750 242.187500 242.187500 
218.750000 203.125000 199.218750 214.843750 
183.593750 183.593750 203.125000 187.500000 
207.031250 226.562500 210.937500 171.875000 
199.218750 203.125000 210.937500 199.218750 
253.906250 238.281250 261.718750 261.718750 
183.593750 203.125000 187.500000 195.312500 
238.281250 214.843750 203.125000 203.125000 
199.218750 199.218750 199.218750 191.406250 
210.937500 214.843750 214.843750 214.843750 
167.968750 187.500000 187.500000 187.500000 
187.500000 97.656250 187.500000 199.218750 
199.218750 207.031250 195.312500 210.937500 
179.687500 183.593750 175.781250 183.593750 
214.843750 214.843750 199.218750 199.218750 
199.218750 199.218750 199.218750 210.937500 
210.937500 218.750000 199.218750 203.125000 
