258.361816
219.848633
242.187500
230.957031
239.013672
228.027344
226.196289
213.867188
227.478027
224.426270
221.557617
219.848633
219.177246
209.960938
211.120605
214.477539
205.505371
222.167969
211.669922
219.909668
206.665039
197.143555
198.486328
198.242188
207.641602
202.026367
215.026855
203.613281
196.289062
213.134766
182.250977
213.745117
220.947266
227.661133
240.112305
255.371094
171.508789
173.095703
166.381836
167.968750
210.815430
251.586914
312.133789
280.883789
220.703125
223.266602
228.881836
227.905273
300.903320
274.291992
273.437500
269.287109
184.936523
201.416016
197.204590
196.655273
213.378906
218.017578
241.699219
236.694336
232.849121
228.942871
240.478516
244.323730
218.688965
201.782227
206.420898
213.500977
185.302734
183.349609
201.599121
187.927246
202.026367
227.661133
208.251953
169.067383
199.584961
203.125000
208.618164
199.707031
254.577637
238.037109
260.253906
261.169434
182.373047
197.753906
185.607910
197.082520
236.938477
215.148926
201.171875
201.782227
201.660156
199.707031
198.486328
194.580078
208.740234
213.989258
214.599609
215.820312
167.785645
184.326172
185.791016
185.913086
186.401367
191.467285
185.668945
201.843262
201.660156
203.979492
194.580078
211.669922
181.640625
186.035156
176.025391
183.593750
214.721680
213.012695
196.777344
199.707031
199.218750
198.608398
198.486328
211.181641
209.716797
218.261719
199.462891
204.345703
